255.0,
255.0,
255.0,
255.0,
255.0,
255.0,
255.0,
255.0,
255.0,
254.0,
254.0,
255.0,
252.0,
255.0,
255.0,
255.0,
255.0,
255.0,
254.0,
255.0,
253.0,
255.0,
254.0,
255.0,
255.0,
255.0,
255.0,
255.0,
255.0,
255.0,
255.0,
255.0,
255.0,
255.0,
255.0,
255.0,
254.0,
255.0,
255.0,
254.0,
255.0,
255.0,
252.0,
252.0,
255.0,
255.0,
254.0,
255.0,
255.0,
253.0,
255.0,
254.0,
255.0,
255.0,
255.0,
255.0,
255.0,
255.0,
255.0,
255.0,
255.0,
255.0,
255.0,
255.0,
255.0,
254.0,
254.0,
254.0,
255.0,
252.0,
255.0,
0.0,
254.0,
255.0,
252.0,
252.0,
255.0,
253.0,
253.0,
255.0,
255.0,
255.0,
255.0,
255.0,
255.0,
255.0,
255.0,
255.0,
255.0,
255.0,
255.0,
255.0,
255.0,
255.0,
255.0,
255.0,
253.0,
255.0,
255.0,
1.0,
254.0,
253.0,
255.0,
255.0,
252.0,
255.0,
255.0,
253.0,
255.0,
255.0,
255.0,
255.0,
255.0,
255.0,
255.0,
255.0,
255.0,
255.0,
255.0,
255.0,
253.0,
255.0,
255.0,
252.0,
255.0,
255.0,
255.0,
0.0,
221.0,
255.0,
253.0,
255.0,
255.0,
255.0,
254.0,
255.0,
255.0,
255.0,
255.0,
255.0,
255.0,
255.0,
255.0,
255.0,
255.0,
255.0,
255.0,
255.0,
254.0,
254.0,
255.0,
255.0,
254.0,
255.0,
253.0,
31.0,
91.0,
253.0,
255.0,
252.0,
255.0,
255.0,
255.0,
255.0,
255.0,
255.0,
255.0,
255.0,
255.0,
255.0,
255.0,
255.0,
255.0,
255.0,
255.0,
255.0,
255.0,
253.0,
255.0,
248.0,
255.0,
255.0,
218.0,
253.0,
50.0,
255.0,
252.0,
255.0,
255.0,
253.0,
255.0,
255.0,
255.0,
255.0,
255.0,
255.0,
255.0,
255.0,
255.0,
255.0,
255.0,
255.0,
255.0,
255.0,
253.0,
255.0,
254.0,
255.0,
255.0,
254.0,
5.0,
251.0,
0.0,
255.0,
255.0,
254.0,
252.0,
255.0,
255.0,
255.0,
255.0,
255.0,
255.0,
255.0,
255.0,
255.0,
255.0,
255.0,
255.0,
255.0,
255.0,
255.0,
255.0,
255.0,
255.0,
254.0,
253.0,
255.0,
179.0,
255.0,
1.0,
255.0,
254.0,
255.0,
255.0,
255.0,
255.0,
254.0,
255.0,
255.0,
255.0,
255.0,
255.0,
255.0,
255.0,
255.0,
255.0,
255.0,
255.0,
255.0,
254.0,
254.0,
255.0,
254.0,
255.0,
0.0,
255.0,
253.0,
0.0,
255.0,
255.0,
252.0,
255.0,
255.0,
252.0,
255.0,
255.0,
255.0,
255.0,
255.0,
255.0,
255.0,
255.0,
255.0,
255.0,
255.0,
255.0,
255.0,
255.0,
254.0,
253.0,
255.0,
253.0,
189.0,
255.0,
255.0,
0.0,
255.0,
255.0,
253.0,
255.0,
255.0,
255.0,
255.0,
255.0,
255.0,
255.0,
255.0,
255.0,
255.0,
255.0,
255.0,
255.0,
255.0,
255.0,
255.0,
253.0,
255.0,
252.0,
251.0,
3.0,
255.0,
254.0,
255.0,
4.0,
252.0,
255.0,
255.0,
250.0,
255.0,
253.0,
252.0,
255.0,
255.0,
255.0,
255.0,
255.0,
255.0,
255.0,
255.0,
255.0,
255.0,
255.0,
255.0,
254.0,
255.0,
255.0,
186.0,
232.0,
255.0,
253.0,
255.0,
80.0,
253.0,
255.0,
254.0,
255.0,
254.0,
255.0,
255.0,
255.0,
255.0,
255.0,
255.0,
255.0,
255.0,
255.0,
255.0,
255.0,
255.0,
255.0,
255.0,
254.0,
255.0,
253.0,
2.0,
255.0,
253.0,
255.0,
255.0,
183.0,
255.0,
254.0,
255.0,
255.0,
255.0,
254.0,
251.0,
255.0,
255.0,
255.0,
255.0,
255.0,
255.0,
255.0,
255.0,
255.0,
255.0,
255.0,
255.0,
255.0,
254.0,
56.0,
255.0,
252.0,
255.0,
255.0,
254.0,
139.0,
0.0,
130.0,
254.0,
255.0,
252.0,
251.0,
255.0,
255.0,
255.0,
255.0,
255.0,
255.0,
255.0,
255.0,
255.0,
255.0,
255.0,
255.0,
255.0,
254.0,
255.0,
10.0,
255.0,
253.0,
44.0,
3.0,
49.0,
253.0,
3.0,
252.0,
255.0,
255.0,
255.0,
255.0,
253.0,
255.0,
255.0,
255.0,
255.0,
254.0,
255.0,
253.0,
255.0,
255.0,
253.0,
255.0,
253.0,
254.0,
1.0,
3.0,
3.0,
195.0,
253.0,
255.0,
253.0,
255.0,
1.0,
253.0,
255.0,
252.0,
255.0,
255.0,
255.0,
255.0,
255.0,
255.0,
255.0,
255.0,
255.0,
255.0,
254.0,
250.0,
46.0,
6.0,
0.0,
163.0,
162.0,
251.0,
254.0,
255.0,
255.0,
255.0,
255.0,
254.0,
1.0,
255.0,
250.0,
255.0,
253.0,
253.0,
254.0,
255.0,
255.0,
255.0,
255.0,
255.0,
251.0,
255.0,
255.0,
254.0,
253.0,
251.0,
255.0,
0.0,
255.0,
255.0,
255.0,
253.0,
253.0,
255.0,
252.0,
254.0,
33.0,
250.0,
253.0,
255.0,
254.0,
255.0,
255.0,
255.0,
255.0,
255.0,
255.0,
255.0,
255.0,
254.0,
255.0,
252.0,
255.0,
255.0,
10.0,
255.0,
255.0,
252.0,
252.0,
255.0,
255.0,
255.0,
255.0,
255.0,
94.0,
255.0,
255.0,
255.0,
254.0,
253.0,
255.0,
255.0,
255.0,
255.0,
255.0,
255.0,
255.0,
252.0,
255.0,
255.0,
253.0,
254.0,
120.0,
253.0,
253.0,
255.0,
255.0,
255.0,
255.0,
254.0,
255.0,
255.0,
190.0,
249.0,
255.0,
255.0,
253.0,
255.0,
254.0,
255.0,
255.0,
255.0,
255.0,
255.0,
255.0,
255.0,
253.0,
255.0,
254.0,
2.0,
249.0,
255.0,
255.0,
254.0,
255.0,
254.0,
255.0,
255.0,
255.0,
254.0,
255.0,
105.0,
255.0,
255.0,
255.0,
255.0,
255.0,
255.0,
255.0,
255.0,
255.0,
252.0,
255.0,
255.0,
255.0,
251.0,
0.0,
255.0,
255.0,
255.0,
254.0,
255.0,
252.0,
254.0,
254.0,
255.0,
254.0,
255.0,
254.0,
0.0,
252.0,
255.0,
255.0,
255.0,
255.0,
255.0,
255.0,
255.0,
255.0,
255.0,
255.0,
253.0,
254.0,
229.0,
171.0,
253.0,
255.0,
252.0,
255.0,
254.0,
254.0,
255.0,
255.0,
253.0,
255.0,
255.0,
255.0,
86.0,
254.0,
255.0,
254.0,
255.0,
255.0,
255.0,
255.0,
255.0,
255.0,
254.0,
255.0,
255.0,
254.0,
0.0,
253.0,
255.0,
253.0,
255.0,
255.0,
255.0,
255.0,
255.0,
255.0,
255.0,
255.0,
254.0,
255.0,
254.0,
0.0,
255.0,
252.0,
255.0,
255.0,
255.0,
255.0,
255.0,
255.0,
255.0,
254.0,
255.0,
254.0,
149.0,
253.0,
253.0,
255.0,
255.0,
255.0,
255.0,
255.0,
255.0,
255.0,
255.0,
255.0,
255.0,
252.0,
255.0,
67.0,
255.0,
254.0,
255.0,
254.0,
255.0,
255.0,
255.0,
255.0,
255.0,
254.0,
255.0,
255.0,
252.0,
254.0,
255.0,
255.0,
255.0,
255.0,
255.0,
255.0,
255.0,
255.0,
255.0,
255.0,
254.0,
255.0,
255.0,
252.0,
255.0,
253.0,
255.0,
254.0,
255.0,
255.0,
255.0,
255.0,
254.0,
255.0,
255.0,
255.0,
255.0,
255.0,
255.0,
254.0,
255.0,
255.0,
255.0,
255.0,
255.0,
255.0,
255.0,
255.0,
255.0,
252.0,
255.0,
255.0,
254.0,
255.0,
254.0,
254.0,
255.0,
255.0,
255.0,
255.0,
