255.0,
255.0,
255.0,
255.0,
255.0,
255.0,
255.0,
255.0,
253.0,
255.0,
253.0,
255.0,
255.0,
253.0,
3.0,
3.0,
254.0,
255.0,
255.0,
255.0,
251.0,
255.0,
253.0,
255.0,
255.0,
255.0,
255.0,
255.0,
255.0,
255.0,
255.0,
255.0,
255.0,
255.0,
255.0,
255.0,
255.0,
254.0,
254.0,
255.0,
255.0,
252.0,
6.0,
207.0,
253.0,
255.0,
253.0,
255.0,
255.0,
255.0,
255.0,
255.0,
255.0,
255.0,
255.0,
255.0,
255.0,
255.0,
255.0,
255.0,
255.0,
255.0,
255.0,
255.0,
253.0,
254.0,
255.0,
253.0,
252.0,
255.0,
252.0,
255.0,
178.0,
255.0,
255.0,
253.0,
252.0,
255.0,
252.0,
255.0,
255.0,
255.0,
255.0,
255.0,
255.0,
255.0,
255.0,
255.0,
255.0,
255.0,
255.0,
255.0,
255.0,
253.0,
255.0,
253.0,
255.0,
21.0,
254.0,
252.0,
9.0,
252.0,
255.0,
255.0,
255.0,
253.0,
252.0,
255.0,
255.0,
255.0,
255.0,
255.0,
255.0,
255.0,
255.0,
255.0,
255.0,
255.0,
255.0,
255.0,
253.0,
255.0,
254.0,
255.0,
252.0,
2.0,
254.0,
255.0,
2.0,
255.0,
254.0,
253.0,
255.0,
255.0,
255.0,
254.0,
255.0,
255.0,
255.0,
255.0,
255.0,
255.0,
255.0,
255.0,
255.0,
255.0,
255.0,
255.0,
255.0,
254.0,
255.0,
254.0,
251.0,
228.0,
253.0,
255.0,
1.0,
252.0,
255.0,
255.0,
251.0,
255.0,
255.0,
255.0,
255.0,
255.0,
255.0,
255.0,
255.0,
255.0,
255.0,
255.0,
255.0,
255.0,
255.0,
255.0,
255.0,
252.0,
255.0,
255.0,
0.0,
254.0,
255.0,
251.0,
29.0,
255.0,
252.0,
254.0,
255.0,
255.0,
255.0,
255.0,
255.0,
255.0,
255.0,
255.0,
255.0,
255.0,
255.0,
255.0,
255.0,
255.0,
255.0,
255.0,
254.0,
255.0,
253.0,
251.0,
130.0,
255.0,
252.0,
255.0,
175.0,
251.0,
255.0,
255.0,
253.0,
255.0,
253.0,
255.0,
255.0,
255.0,
255.0,
255.0,
254.0,
255.0,
254.0,
255.0,
255.0,
255.0,
252.0,
255.0,
255.0,
254.0,
253.0,
0.0,
255.0,
255.0,
253.0,
255.0,
254.0,
236.0,
255.0,
255.0,
254.0,
254.0,
255.0,
255.0,
255.0,
255.0,
255.0,
255.0,
255.0,
250.0,
255.0,
252.0,
255.0,
255.0,
253.0,
255.0,
254.0,
254.0,
254.0,
133.0,
255.0,
251.0,
255.0,
255.0,
252.0,
120.0,
255.0,
253.0,
254.0,
255.0,
255.0,
252.0,
255.0,
255.0,
255.0,
255.0,
253.0,
255.0,
254.0,
255.0,
255.0,
254.0,
254.0,
253.0,
255.0,
255.0,
0.0,
255.0,
252.0,
254.0,
255.0,
252.0,
255.0,
7.0,
254.0,
253.0,
255.0,
253.0,
252.0,
255.0,
255.0,
255.0,
255.0,
255.0,
253.0,
255.0,
255.0,
255.0,
253.0,
255.0,
255.0,
255.0,
253.0,
226.0,
214.0,
254.0,
255.0,
255.0,
252.0,
255.0,
255.0,
0.0,
255.0,
255.0,
255.0,
253.0,
255.0,
254.0,
255.0,
255.0,
255.0,
255.0,
255.0,
255.0,
255.0,
254.0,
255.0,
253.0,
254.0,
254.0,
255.0,
1.0,
155.0,
156.0,
155.0,
150.0,
158.0,
156.0,
159.0,
0.0,
255.0,
253.0,
251.0,
255.0,
254.0,
255.0,
255.0,
255.0,
255.0,
255.0,
255.0,
253.0,
255.0,
255.0,
251.0,
255.0,
255.0,
255.0,
115.0,
252.0,
254.0,
255.0,
255.0,
255.0,
255.0,
255.0,
254.0,
3.0,
252.0,
255.0,
255.0,
255.0,
255.0,
254.0,
255.0,
255.0,
255.0,
255.0,
255.0,
252.0,
254.0,
255.0,
255.0,
255.0,
254.0,
254.0,
1.0,
255.0,
255.0,
254.0,
255.0,
255.0,
254.0,
254.0,
255.0,
41.0,
253.0,
254.0,
253.0,
252.0,
255.0,
255.0,
255.0,
255.0,
255.0,
255.0,
254.0,
255.0,
255.0,
253.0,
255.0,
255.0,
254.0,
0.0,
251.0,
255.0,
254.0,
255.0,
254.0,
255.0,
254.0,
255.0,
255.0,
155.0,
255.0,
255.0,
255.0,
255.0,
255.0,
253.0,
255.0,
255.0,
255.0,
255.0,
253.0,
255.0,
255.0,
254.0,
255.0,
254.0,
253.0,
50.0,
255.0,
255.0,
255.0,
255.0,
255.0,
255.0,
255.0,
255.0,
255.0,
253.0,
234.0,
254.0,
255.0,
254.0,
255.0,
254.0,
255.0,
255.0,
255.0,
255.0,
255.0,
254.0,
255.0,
255.0,
253.0,
254.0,
4.0,
250.0,
255.0,
255.0,
255.0,
255.0,
255.0,
255.0,
255.0,
255.0,
255.0,
255.0,
144.0,
253.0,
255.0,
255.0,
253.0,
255.0,
255.0,
255.0,
255.0,
255.0,
254.0,
255.0,
254.0,
255.0,
254.0,
197.0,
231.0,
255.0,
255.0,
255.0,
255.0,
255.0,
255.0,
255.0,
255.0,
255.0,
255.0,
251.0,
15.0,
255.0,
255.0,
255.0,
254.0,
255.0,
255.0,
255.0,
255.0,
255.0,
255.0,
253.0,
251.0,
255.0,
255.0,
0.0,
254.0,
254.0,
255.0,
255.0,
255.0,
255.0,
255.0,
255.0,
255.0,
255.0,
255.0,
253.0,
4.0,
254.0,
252.0,
255.0,
255.0,
254.0,
255.0,
255.0,
255.0,
255.0,
252.0,
255.0,
255.0,
254.0,
20.0,
255.0,
255.0,
255.0,
255.0,
255.0,
255.0,
255.0,
255.0,
255.0,
255.0,
255.0,
254.0,
253.0,
0.0,
255.0,
255.0,
255.0,
255.0,
255.0,
255.0,
255.0,
255.0,
255.0,
255.0,
255.0,
254.0,
253.0,
68.0,
255.0,
252.0,
253.0,
255.0,
255.0,
255.0,
255.0,
255.0,
255.0,
255.0,
255.0,
253.0,
255.0,
6.0,
250.0,
255.0,
254.0,
255.0,
255.0,
255.0,
255.0,
255.0,
255.0,
254.0,
255.0,
251.0,
1.0,
255.0,
252.0,
255.0,
255.0,
255.0,
255.0,
255.0,
255.0,
255.0,
255.0,
255.0,
255.0,
252.0,
255.0,
30.0,
253.0,
255.0,
254.0,
255.0,
255.0,
255.0,
255.0,
255.0,
255.0,
255.0,
253.0,
78.0,
254.0,
253.0,
255.0,
250.0,
255.0,
255.0,
255.0,
255.0,
255.0,
255.0,
255.0,
255.0,
255.0,
255.0,
255.0,
136.0,
255.0,
254.0,
255.0,
254.0,
255.0,
255.0,
255.0,
255.0,
255.0,
255.0,
252.0,
37.0,
255.0,
252.0,
254.0,
255.0,
253.0,
255.0,
255.0,
255.0,
255.0,
255.0,
255.0,
255.0,
255.0,
255.0,
250.0,
255.0,
255.0,
255.0,
254.0,
254.0,
255.0,
255.0,
255.0,
255.0,
255.0,
251.0,
2.0,
252.0,
255.0,
255.0,
254.0,
253.0,
255.0,
255.0,
255.0,
255.0,
255.0,
255.0,
255.0,
255.0,
255.0,
253.0,
255.0,
249.0,
197.0,
255.0,
253.0,
255.0,
254.0,
255.0,
255.0,
255.0,
255.0,
0.0,
255.0,
253.0,
253.0,
254.0,
255.0,
252.0,
255.0,
255.0,
255.0,
255.0,
255.0,
255.0,
255.0,
255.0,
255.0,
255.0,
254.0,
255.0,
9.0,
255.0,
255.0,
253.0,
255.0,
255.0,
255.0,
255.0,
255.0,
249.0,
255.0,
255.0,
255.0,
255.0,
255.0,
254.0,
255.0,
255.0,
255.0,
255.0,
255.0,
255.0,
255.0,
255.0,
255.0,
254.0,
255.0,
254.0,
0.0,
255.0,
253.0,
255.0,
255.0,
255.0,
255.0,
255.0,
255.0,
