255.0,
255.0,
255.0,
255.0,
255.0,
255.0,
255.0,
255.0,
255.0,
255.0,
255.0,
254.0,
255.0,
255.0,
254.0,
255.0,
255.0,
255.0,
255.0,
255.0,
255.0,
255.0,
255.0,
255.0,
255.0,
255.0,
255.0,
255.0,
255.0,
255.0,
255.0,
255.0,
255.0,
255.0,
255.0,
255.0,
255.0,
252.0,
255.0,
255.0,
255.0,
255.0,
255.0,
254.0,
255.0,
255.0,
255.0,
255.0,
255.0,
255.0,
255.0,
255.0,
255.0,
255.0,
255.0,
255.0,
255.0,
255.0,
255.0,
255.0,
255.0,
255.0,
255.0,
255.0,
255.0,
255.0,
253.0,
252.0,
255.0,
254.0,
252.0,
255.0,
255.0,
255.0,
255.0,
255.0,
255.0,
255.0,
255.0,
255.0,
255.0,
255.0,
255.0,
255.0,
255.0,
255.0,
255.0,
255.0,
255.0,
255.0,
255.0,
255.0,
251.0,
255.0,
255.0,
253.0,
255.0,
255.0,
255.0,
255.0,
255.0,
255.0,
255.0,
255.0,
255.0,
255.0,
255.0,
255.0,
255.0,
255.0,
255.0,
255.0,
255.0,
255.0,
255.0,
255.0,
255.0,
255.0,
255.0,
255.0,
255.0,
255.0,
254.0,
255.0,
254.0,
253.0,
255.0,
252.0,
255.0,
255.0,
255.0,
255.0,
255.0,
255.0,
255.0,
255.0,
255.0,
255.0,
255.0,
255.0,
255.0,
255.0,
255.0,
255.0,
255.0,
255.0,
255.0,
255.0,
255.0,
255.0,
255.0,
253.0,
255.0,
255.0,
56.0,
255.0,
254.0,
255.0,
255.0,
255.0,
255.0,
255.0,
255.0,
255.0,
255.0,
255.0,
255.0,
255.0,
255.0,
255.0,
255.0,
255.0,
255.0,
255.0,
255.0,
255.0,
255.0,
251.0,
255.0,
253.0,
255.0,
215.0,
251.0,
64.0,
253.0,
254.0,
255.0,
255.0,
255.0,
255.0,
255.0,
255.0,
255.0,
255.0,
255.0,
255.0,
255.0,
255.0,
255.0,
255.0,
255.0,
255.0,
255.0,
255.0,
255.0,
255.0,
252.0,
255.0,
253.0,
2.0,
252.0,
60.0,
252.0,
254.0,
255.0,
255.0,
255.0,
255.0,
255.0,
255.0,
255.0,
255.0,
255.0,
255.0,
255.0,
255.0,
255.0,
255.0,
255.0,
255.0,
255.0,
255.0,
255.0,
255.0,
255.0,
254.0,
250.0,
141.0,
252.0,
255.0,
1.0,
254.0,
253.0,
255.0,
255.0,
255.0,
255.0,
254.0,
255.0,
255.0,
255.0,
255.0,
255.0,
255.0,
255.0,
255.0,
255.0,
255.0,
255.0,
255.0,
255.0,
255.0,
254.0,
250.0,
1.0,
255.0,
255.0,
255.0,
241.0,
127.0,
254.0,
255.0,
254.0,
255.0,
252.0,
255.0,
255.0,
255.0,
255.0,
255.0,
255.0,
255.0,
255.0,
255.0,
255.0,
255.0,
255.0,
255.0,
254.0,
254.0,
255.0,
195.0,
194.0,
253.0,
255.0,
254.0,
253.0,
1.0,
251.0,
255.0,
253.0,
255.0,
255.0,
253.0,
255.0,
255.0,
255.0,
255.0,
255.0,
255.0,
255.0,
255.0,
255.0,
255.0,
255.0,
255.0,
255.0,
255.0,
254.0,
2.0,
255.0,
255.0,
253.0,
255.0,
255.0,
249.0,
114.0,
253.0,
255.0,
253.0,
254.0,
255.0,
255.0,
255.0,
255.0,
255.0,
255.0,
255.0,
255.0,
255.0,
255.0,
255.0,
255.0,
255.0,
253.0,
251.0,
13.0,
250.0,
253.0,
255.0,
254.0,
253.0,
255.0,
253.0,
1.0,
252.0,
255.0,
251.0,
255.0,
255.0,
255.0,
255.0,
255.0,
255.0,
255.0,
255.0,
255.0,
255.0,
255.0,
255.0,
255.0,
255.0,
241.0,
3.0,
0.0,
7.0,
0.0,
0.0,
3.0,
0.0,
2.0,
0.0,
2.0,
1.0,
0.0,
251.0,
255.0,
253.0,
255.0,
255.0,
255.0,
255.0,
255.0,
255.0,
255.0,
255.0,
255.0,
255.0,
255.0,
255.0,
243.0,
37.0,
254.0,
255.0,
253.0,
255.0,
253.0,
255.0,
251.0,
255.0,
254.0,
0.0,
255.0,
254.0,
251.0,
255.0,
255.0,
255.0,
255.0,
255.0,
255.0,
255.0,
255.0,
255.0,
255.0,
255.0,
255.0,
255.0,
2.0,
251.0,
255.0,
255.0,
255.0,
255.0,
254.0,
255.0,
255.0,
254.0,
251.0,
8.0,
255.0,
255.0,
255.0,
254.0,
255.0,
255.0,
255.0,
255.0,
255.0,
254.0,
255.0,
255.0,
255.0,
253.0,
255.0,
0.0,
255.0,
255.0,
255.0,
255.0,
255.0,
255.0,
255.0,
255.0,
254.0,
255.0,
255.0,
40.0,
255.0,
254.0,
254.0,
255.0,
255.0,
255.0,
255.0,
255.0,
255.0,
255.0,
253.0,
255.0,
255.0,
253.0,
4.0,
253.0,
255.0,
255.0,
255.0,
255.0,
255.0,
255.0,
255.0,
255.0,
255.0,
255.0,
255.0,
133.0,
253.0,
255.0,
255.0,
254.0,
255.0,
255.0,
255.0,
255.0,
253.0,
254.0,
255.0,
255.0,
251.0,
4.0,
254.0,
254.0,
255.0,
255.0,
255.0,
255.0,
255.0,
255.0,
255.0,
255.0,
255.0,
253.0,
255.0,
190.0,
255.0,
254.0,
254.0,
255.0,
255.0,
255.0,
255.0,
255.0,
255.0,
255.0,
250.0,
254.0,
76.0,
233.0,
254.0,
255.0,
255.0,
255.0,
255.0,
255.0,
255.0,
255.0,
255.0,
255.0,
254.0,
255.0,
255.0,
224.0,
246.0,
254.0,
255.0,
255.0,
255.0,
255.0,
255.0,
255.0,
255.0,
253.0,
255.0,
254.0,
74.0,
253.0,
255.0,
253.0,
255.0,
255.0,
255.0,
255.0,
255.0,
255.0,
255.0,
255.0,
254.0,
254.0,
253.0,
247.0,
249.0,
253.0,
255.0,
252.0,
255.0,
255.0,
255.0,
255.0,
255.0,
254.0,
253.0,
253.0,
224.0,
255.0,
253.0,
255.0,
255.0,
255.0,
255.0,
255.0,
255.0,
255.0,
255.0,
255.0,
255.0,
253.0,
255.0,
254.0,
191.0,
255.0,
255.0,
255.0,
255.0,
255.0,
255.0,
255.0,
251.0,
255.0,
255.0,
255.0,
255.0,
254.0,
254.0,
252.0,
255.0,
255.0,
255.0,
255.0,
255.0,
255.0,
255.0,
255.0,
252.0,
255.0,
254.0,
254.0,
138.0,
255.0,
251.0,
254.0,
255.0,
255.0,
255.0,
255.0,
255.0,
255.0,
255.0,
254.0,
254.0,
255.0,
255.0,
255.0,
255.0,
255.0,
255.0,
255.0,
255.0,
255.0,
255.0,
255.0,
255.0,
251.0,
254.0,
255.0,
252.0,
255.0,
255.0,
255.0,
255.0,
255.0,
255.0,
255.0,
255.0,
255.0,
255.0,
255.0,
255.0,
255.0,
255.0,
255.0,
255.0,
255.0,
255.0,
255.0,
255.0,
255.0,
255.0,
255.0,
255.0,
255.0,
255.0,
255.0,
255.0,
255.0,
255.0,
255.0,
255.0,
255.0,
255.0,
255.0,
255.0,
255.0,
255.0,
255.0,
255.0,
255.0,
255.0,
255.0,
255.0,
255.0,
255.0,
255.0,
255.0,
255.0,
255.0,
255.0,
255.0,
255.0,
255.0,
255.0,
255.0,
255.0,
255.0,
255.0,
255.0,
255.0,
255.0,
255.0,
255.0,
255.0,
255.0,
255.0,
255.0,
255.0,
255.0,
255.0,
255.0,
255.0,
255.0,
255.0,
255.0,
255.0,
255.0,
255.0,
255.0,
255.0,
255.0,
255.0,
255.0,
255.0,
255.0,
255.0,
255.0,
255.0,
255.0,
255.0,
255.0,
255.0,
255.0,
255.0,
255.0,
255.0,
255.0,
255.0,
255.0,
255.0,
255.0,
255.0,
255.0,
255.0,
255.0,
255.0,
255.0,
255.0,
255.0,
255.0,
255.0,
255.0,
255.0,
255.0,
255.0,
255.0,
255.0,
255.0,
