255.0,
255.0,
255.0,
255.0,
255.0,
255.0,
255.0,
255.0,
253.0,
254.0,
246.0,
219.0,
220.0,
243.0,
255.0,
254.0,
255.0,
255.0,
255.0,
254.0,
255.0,
255.0,
253.0,
255.0,
255.0,
255.0,
255.0,
255.0,
255.0,
255.0,
255.0,
255.0,
255.0,
255.0,
255.0,
255.0,
255.0,
248.0,
186.0,
110.0,
109.0,
170.0,
238.0,
254.0,
255.0,
255.0,
255.0,
255.0,
255.0,
255.0,
254.0,
255.0,
255.0,
255.0,
255.0,
255.0,
255.0,
255.0,
255.0,
255.0,
255.0,
255.0,
255.0,
255.0,
252.0,
228.0,
125.0,
30.0,
22.0,
83.0,
190.0,
245.0,
254.0,
255.0,
255.0,
255.0,
255.0,
254.0,
255.0,
255.0,
255.0,
255.0,
255.0,
255.0,
255.0,
255.0,
255.0,
255.0,
255.0,
255.0,
255.0,
255.0,
254.0,
212.0,
89.0,
11.0,
0.0,
28.0,
129.0,
231.0,
253.0,
255.0,
255.0,
255.0,
254.0,
254.0,
255.0,
255.0,
255.0,
255.0,
255.0,
255.0,
255.0,
255.0,
255.0,
255.0,
255.0,
255.0,
255.0,
255.0,
253.0,
206.0,
75.0,
9.0,
0.0,
9.0,
78.0,
202.0,
250.0,
255.0,
255.0,
254.0,
254.0,
254.0,
255.0,
254.0,
255.0,
255.0,
255.0,
255.0,
255.0,
255.0,
255.0,
255.0,
255.0,
255.0,
255.0,
255.0,
248.0,
200.0,
67.0,
5.0,
0.0,
3.0,
43.0,
168.0,
243.0,
255.0,
255.0,
254.0,
255.0,
255.0,
255.0,
254.0,
255.0,
255.0,
255.0,
255.0,
255.0,
255.0,
255.0,
255.0,
255.0,
255.0,
255.0,
255.0,
250.0,
188.0,
57.0,
4.0,
5.0,
5.0,
23.0,
132.0,
230.0,
254.0,
255.0,
254.0,
255.0,
255.0,
255.0,
254.0,
255.0,
255.0,
255.0,
255.0,
255.0,
255.0,
255.0,
255.0,
255.0,
255.0,
255.0,
255.0,
248.0,
176.0,
50.0,
11.0,
25.0,
18.0,
13.0,
95.0,
219.0,
250.0,
255.0,
253.0,
255.0,
254.0,
255.0,
255.0,
255.0,
255.0,
255.0,
255.0,
254.0,
255.0,
254.0,
254.0,
255.0,
254.0,
255.0,
255.0,
240.0,
155.0,
34.0,
18.0,
68.0,
49.0,
10.0,
70.0,
199.0,
250.0,
255.0,
255.0,
254.0,
255.0,
253.0,
255.0,
255.0,
255.0,
255.0,
255.0,
255.0,
253.0,
254.0,
255.0,
255.0,
255.0,
255.0,
254.0,
234.0,
125.0,
17.0,
29.0,
111.0,
81.0,
14.0,
50.0,
178.0,
245.0,
255.0,
255.0,
255.0,
255.0,
253.0,
254.0,
255.0,
255.0,
255.0,
255.0,
255.0,
255.0,
255.0,
254.0,
252.0,
254.0,
255.0,
251.0,
215.0,
97.0,
18.0,
49.0,
150.0,
111.0,
20.0,
34.0,
159.0,
243.0,
255.0,
255.0,
254.0,
255.0,
255.0,
255.0,
255.0,
255.0,
255.0,
255.0,
252.0,
255.0,
255.0,
254.0,
255.0,
255.0,
255.0,
253.0,
193.0,
64.0,
12.0,
74.0,
183.0,
134.0,
26.0,
32.0,
142.0,
240.0,
255.0,
254.0,
254.0,
254.0,
255.0,
255.0,
255.0,
255.0,
255.0,
255.0,
255.0,
254.0,
255.0,
255.0,
255.0,
253.0,
251.0,
242.0,
161.0,
40.0,
17.0,
108.0,
209.0,
157.0,
33.0,
22.0,
124.0,
233.0,
253.0,
255.0,
255.0,
255.0,
254.0,
255.0,
255.0,
255.0,
255.0,
255.0,
255.0,
253.0,
255.0,
255.0,
251.0,
255.0,
255.0,
229.0,
121.0,
24.0,
33.0,
145.0,
227.0,
173.0,
45.0,
18.0,
111.0,
226.0,
253.0,
255.0,
255.0,
255.0,
254.0,
255.0,
255.0,
255.0,
255.0,
255.0,
254.0,
255.0,
255.0,
255.0,
254.0,
244.0,
213.0,
169.0,
65.0,
9.0,
54.0,
175.0,
231.0,
175.0,
55.0,
14.0,
92.0,
216.0,
253.0,
255.0,
255.0,
255.0,
255.0,
255.0,
255.0,
255.0,
255.0,
255.0,
255.0,
255.0,
253.0,
255.0,
248.0,
189.0,
105.0,
52.0,
15.0,
7.0,
54.0,
120.0,
140.0,
120.0,
46.0,
8.0,
69.0,
202.0,
251.0,
255.0,
254.0,
255.0,
255.0,
255.0,
255.0,
255.0,
255.0,
255.0,
254.0,
255.0,
253.0,
255.0,
240.0,
149.0,
37.0,
6.0,
0.0,
2.0,
13.0,
24.0,
31.0,
28.0,
15.0,
4.0,
48.0,
184.0,
250.0,
255.0,
251.0,
255.0,
255.0,
255.0,
255.0,
255.0,
255.0,
255.0,
255.0,
252.0,
255.0,
255.0,
247.0,
178.0,
67.0,
12.0,
4.0,
14.0,
26.0,
30.0,
23.0,
21.0,
16.0,
8.0,
34.0,
161.0,
242.0,
255.0,
255.0,
255.0,
255.0,
254.0,
255.0,
255.0,
255.0,
255.0,
255.0,
255.0,
255.0,
252.0,
247.0,
207.0,
88.0,
14.0,
22.0,
92.0,
136.0,
144.0,
135.0,
123.0,
78.0,
18.0,
24.0,
132.0,
233.0,
251.0,
255.0,
254.0,
254.0,
255.0,
255.0,
255.0,
255.0,
255.0,
254.0,
255.0,
255.0,
255.0,
240.0,
166.0,
52.0,
14.0,
70.0,
186.0,
236.0,
239.0,
238.0,
230.0,
159.0,
47.0,
13.0,
95.0,
215.0,
254.0,
255.0,
254.0,
255.0,
255.0,
255.0,
255.0,
255.0,
255.0,
255.0,
252.0,
255.0,
248.0,
208.0,
94.0,
17.0,
32.0,
135.0,
232.0,
255.0,
253.0,
252.0,
253.0,
204.0,
83.0,
14.0,
58.0,
180.0,
248.0,
255.0,
255.0,
255.0,
254.0,
255.0,
255.0,
255.0,
255.0,
255.0,
255.0,
253.0,
230.0,
142.0,
41.0,
17.0,
80.0,
196.0,
246.0,
254.0,
255.0,
253.0,
254.0,
229.0,
119.0,
24.0,
29.0,
133.0,
228.0,
254.0,
255.0,
254.0,
254.0,
255.0,
255.0,
255.0,
255.0,
253.0,
255.0,
245.0,
191.0,
73.0,
12.0,
45.0,
151.0,
237.0,
254.0,
253.0,
255.0,
255.0,
255.0,
247.0,
170.0,
51.0,
12.0,
78.0,
189.0,
251.0,
255.0,
255.0,
255.0,
255.0,
255.0,
255.0,
255.0,
255.0,
253.0,
227.0,
122.0,
32.0,
22.0,
103.0,
213.0,
249.0,
255.0,
255.0,
253.0,
255.0,
252.0,
252.0,
215.0,
102.0,
18.0,
33.0,
142.0,
236.0,
253.0,
254.0,
255.0,
255.0,
255.0,
255.0,
255.0,
255.0,
247.0,
199.0,
71.0,
15.0,
56.0,
175.0,
242.0,
255.0,
254.0,
255.0,
255.0,
254.0,
255.0,
253.0,
240.0,
148.0,
32.0,
18.0,
96.0,
217.0,
252.0,
255.0,
255.0,
255.0,
255.0,
255.0,
255.0,
253.0,
249.0,
189.0,
63.0,
30.0,
112.0,
219.0,
253.0,
255.0,
254.0,
255.0,
255.0,
254.0,
255.0,
254.0,
245.0,
172.0,
52.0,
9.0,
77.0,
204.0,
251.0,
255.0,
255.0,
255.0,
255.0,
255.0,
255.0,
255.0,
254.0,
212.0,
133.0,
115.0,
182.0,
244.0,
254.0,
255.0,
254.0,
255.0,
255.0,
254.0,
255.0,
255.0,
251.0,
213.0,
117.0,
62.0,
108.0,
214.0,
254.0,
254.0,
253.0,
255.0,
255.0,
255.0,
255.0,
255.0,
255.0,
251.0,
232.0,
221.0,
240.0,
254.0,
255.0,
255.0,
254.0,
255.0,
255.0,
254.0,
255.0,
255.0,
254.0,
247.0,
211.0,
182.0,
202.0,
246.0,
254.0,
253.0,
255.0,
255.0,
255.0,
255.0,
255.0,
