255.0,
255.0,
255.0,
252.0,
255.0,
253.0,
254.0,
255.0,
255.0,
255.0,
255.0,
255.0,
255.0,
255.0,
255.0,
255.0,
255.0,
255.0,
255.0,
253.0,
255.0,
254.0,
254.0,
255.0,
255.0,
255.0,
255.0,
255.0,
254.0,
255.0,
255.0,
255.0,
255.0,
255.0,
255.0,
254.0,
254.0,
254.0,
254.0,
254.0,
254.0,
254.0,
254.0,
254.0,
255.0,
255.0,
253.0,
255.0,
255.0,
253.0,
255.0,
252.0,
255.0,
255.0,
255.0,
255.0,
254.0,
253.0,
254.0,
255.0,
252.0,
252.0,
255.0,
255.0,
255.0,
255.0,
255.0,
255.0,
255.0,
255.0,
255.0,
255.0,
253.0,
254.0,
255.0,
255.0,
254.0,
254.0,
255.0,
255.0,
255.0,
255.0,
255.0,
255.0,
255.0,
255.0,
255.0,
252.0,
255.0,
255.0,
251.0,
254.0,
255.0,
255.0,
255.0,
255.0,
255.0,
255.0,
255.0,
255.0,
255.0,
255.0,
255.0,
253.0,
254.0,
255.0,
255.0,
253.0,
255.0,
255.0,
255.0,
255.0,
253.0,
255.0,
255.0,
252.0,
255.0,
247.0,
255.0,
255.0,
254.0,
254.0,
254.0,
254.0,
254.0,
254.0,
254.0,
254.0,
254.0,
255.0,
250.0,
255.0,
252.0,
254.0,
255.0,
255.0,
255.0,
255.0,
255.0,
255.0,
255.0,
254.0,
252.0,
255.0,
253.0,
249.0,
34.0,
1.0,
1.0,
1.0,
1.0,
1.0,
0.0,
0.0,
0.0,
0.0,
0.0,
0.0,
4.0,
0.0,
230.0,
255.0,
254.0,
255.0,
255.0,
255.0,
255.0,
255.0,
254.0,
255.0,
255.0,
253.0,
255.0,
1.0,
241.0,
0.0,
0.0,
0.0,
0.0,
0.0,
0.0,
0.0,
0.0,
0.0,
1.0,
0.0,
0.0,
2.0,
2.0,
1.0,
255.0,
255.0,
255.0,
255.0,
255.0,
255.0,
255.0,
252.0,
255.0,
255.0,
254.0,
0.0,
2.0,
238.0,
0.0,
0.0,
1.0,
1.0,
2.0,
3.0,
3.0,
3.0,
2.0,
4.0,
3.0,
4.0,
0.0,
2.0,
0.0,
255.0,
255.0,
255.0,
255.0,
255.0,
254.0,
255.0,
255.0,
255.0,
252.0,
0.0,
2.0,
255.0,
255.0,
253.0,
255.0,
254.0,
255.0,
255.0,
254.0,
255.0,
253.0,
234.0,
130.0,
2.0,
3.0,
0.0,
3.0,
254.0,
254.0,
255.0,
250.0,
255.0,
255.0,
252.0,
254.0,
255.0,
255.0,
3.0,
0.0,
254.0,
250.0,
156.0,
12.0,
30.0,
0.0,
1.0,
3.0,
0.0,
2.0,
1.0,
0.0,
1.0,
0.0,
3.0,
2.0,
254.0,
255.0,
253.0,
255.0,
255.0,
254.0,
255.0,
255.0,
255.0,
253.0,
1.0,
3.0,
229.0,
254.0,
5.0,
2.0,
0.0,
0.0,
0.0,
0.0,
2.0,
0.0,
0.0,
3.0,
3.0,
0.0,
0.0,
254.0,
254.0,
253.0,
255.0,
252.0,
254.0,
253.0,
255.0,
253.0,
255.0,
255.0,
0.0,
0.0,
151.0,
255.0,
250.0,
0.0,
2.0,
0.0,
0.0,
0.0,
2.0,
2.0,
1.0,
0.0,
1.0,
1.0,
0.0,
210.0,
252.0,
254.0,
255.0,
254.0,
254.0,
255.0,
253.0,
255.0,
255.0,
251.0,
5.0,
1.0,
31.0,
255.0,
255.0,
255.0,
209.0,
210.0,
206.0,
213.0,
192.0,
206.0,
209.0,
202.0,
126.0,
49.0,
0.0,
1.0,
129.0,
252.0,
255.0,
255.0,
255.0,
255.0,
254.0,
255.0,
254.0,
255.0,
0.0,
2.0,
54.0,
255.0,
253.0,
252.0,
255.0,
255.0,
255.0,
254.0,
255.0,
255.0,
254.0,
255.0,
252.0,
255.0,
255.0,
251.0,
3.0,
139.0,
251.0,
254.0,
255.0,
255.0,
254.0,
254.0,
253.0,
255.0,
1.0,
0.0,
56.0,
254.0,
255.0,
255.0,
254.0,
254.0,
253.0,
255.0,
253.0,
255.0,
255.0,
255.0,
255.0,
254.0,
255.0,
255.0,
0.0,
0.0,
149.0,
255.0,
255.0,
255.0,
255.0,
255.0,
255.0,
254.0,
0.0,
1.0,
56.0,
255.0,
255.0,
253.0,
255.0,
255.0,
253.0,
255.0,
255.0,
255.0,
255.0,
252.0,
255.0,
255.0,
254.0,
2.0,
0.0,
2.0,
0.0,
253.0,
255.0,
255.0,
255.0,
254.0,
255.0,
253.0,
2.0,
2.0,
51.0,
254.0,
255.0,
252.0,
255.0,
254.0,
253.0,
255.0,
254.0,
255.0,
255.0,
255.0,
255.0,
173.0,
3.0,
0.0,
0.0,
0.0,
2.0,
253.0,
253.0,
255.0,
255.0,
255.0,
254.0,
255.0,
0.0,
0.0,
58.0,
255.0,
251.0,
255.0,
254.0,
255.0,
254.0,
255.0,
255.0,
255.0,
254.0,
0.0,
0.0,
3.0,
8.0,
0.0,
0.0,
0.0,
255.0,
255.0,
255.0,
253.0,
255.0,
253.0,
255.0,
254.0,
0.0,
1.0,
53.0,
255.0,
255.0,
255.0,
255.0,
251.0,
255.0,
253.0,
253.0,
1.0,
3.0,
4.0,
1.0,
0.0,
3.0,
9.0,
0.0,
252.0,
255.0,
254.0,
253.0,
255.0,
254.0,
255.0,
254.0,
253.0,
5.0,
0.0,
58.0,
255.0,
252.0,
252.0,
253.0,
231.0,
20.0,
1.0,
2.0,
4.0,
0.0,
0.0,
2.0,
0.0,
82.0,
255.0,
253.0,
255.0,
255.0,
255.0,
255.0,
254.0,
254.0,
253.0,
254.0,
252.0,
3.0,
0.0,
30.0,
11.0,
5.0,
2.0,
0.0,
3.0,
0.0,
0.0,
0.0,
0.0,
0.0,
8.0,
100.0,
255.0,
253.0,
255.0,
254.0,
254.0,
255.0,
252.0,
254.0,
255.0,
202.0,
36.0,
2.0,
1.0,
0.0,
0.0,
0.0,
2.0,
0.0,
0.0,
0.0,
0.0,
0.0,
2.0,
0.0,
1.0,
233.0,
252.0,
255.0,
255.0,
253.0,
255.0,
252.0,
255.0,
252.0,
255.0,
255.0,
252.0,
253.0,
183.0,
0.0,
3.0,
0.0,
0.0,
2.0,
0.0,
1.0,
3.0,
3.0,
0.0,
170.0,
255.0,
255.0,
255.0,
254.0,
255.0,
253.0,
254.0,
255.0,
255.0,
255.0,
252.0,
255.0,
255.0,
253.0,
255.0,
255.0,
251.0,
177.0,
0.0,
0.0,
3.0,
49.0,
255.0,
255.0,
253.0,
254.0,
255.0,
253.0,
255.0,
252.0,
255.0,
255.0,
255.0,
253.0,
255.0,
255.0,
252.0,
255.0,
255.0,
254.0,
253.0,
255.0,
255.0,
252.0,
255.0,
255.0,
252.0,
255.0,
255.0,
37.0,
255.0,
255.0,
255.0,
255.0,
255.0,
255.0,
255.0,
255.0,
255.0,
255.0,
255.0,
255.0,
255.0,
255.0,
255.0,
255.0,
255.0,
255.0,
255.0,
255.0,
255.0,
255.0,
255.0,
253.0,
255.0,
254.0,
253.0,
254.0,
255.0,
255.0,
255.0,
255.0,
255.0,
255.0,
255.0,
255.0,
255.0,
255.0,
255.0,
255.0,
255.0,
255.0,
255.0,
255.0,
255.0,
255.0,
255.0,
255.0,
255.0,
255.0,
252.0,
255.0,
254.0,
255.0,
255.0,
255.0,
255.0,
255.0,
255.0,
255.0,
255.0,
255.0,
255.0,
255.0,
255.0,
255.0,
255.0,
255.0,
255.0,
255.0,
255.0,
255.0,
255.0,
255.0,
255.0,
255.0,
253.0,
255.0,
255.0,
253.0,
255.0,
254.0,
254.0,
255.0,
255.0,
255.0,
255.0,
255.0,
255.0,
255.0,
255.0,
255.0,
255.0,
255.0,
255.0,
255.0,
255.0,
255.0,
255.0,
255.0,
255.0,
255.0,
255.0,
255.0,
