255.0,
254.0,
255.0,
255.0,
255.0,
255.0,
254.0,
254.0,
255.0,
255.0,
255.0,
253.0,
255.0,
254.0,
255.0,
255.0,
255.0,
255.0,
252.0,
255.0,
254.0,
255.0,
254.0,
255.0,
255.0,
252.0,
255.0,
255.0,
255.0,
251.0,
255.0,
254.0,
254.0,
255.0,
255.0,
255.0,
255.0,
255.0,
255.0,
255.0,
255.0,
255.0,
253.0,
253.0,
255.0,
254.0,
255.0,
253.0,
255.0,
255.0,
255.0,
253.0,
255.0,
254.0,
255.0,
254.0,
254.0,
255.0,
255.0,
252.0,
254.0,
252.0,
251.0,
255.0,
202.0,
176.0,
178.0,
179.0,
176.0,
186.0,
196.0,
238.0,
250.0,
253.0,
255.0,
254.0,
254.0,
254.0,
253.0,
255.0,
254.0,
255.0,
254.0,
255.0,
255.0,
250.0,
254.0,
67.0,
1.0,
1.0,
0.0,
7.0,
2.0,
1.0,
1.0,
0.0,
0.0,
2.0,
0.0,
0.0,
2.0,
0.0,
3.0,
0.0,
23.0,
254.0,
255.0,
254.0,
255.0,
255.0,
255.0,
254.0,
255.0,
255.0,
255.0,
249.0,
57.0,
2.0,
2.0,
0.0,
7.0,
0.0,
4.0,
0.0,
1.0,
3.0,
0.0,
1.0,
0.0,
2.0,
0.0,
0.0,
4.0,
1.0,
252.0,
255.0,
255.0,
254.0,
253.0,
255.0,
252.0,
255.0,
253.0,
255.0,
65.0,
42.0,
0.0,
76.0,
241.0,
251.0,
254.0,
255.0,
255.0,
249.0,
255.0,
253.0,
253.0,
253.0,
255.0,
255.0,
218.0,
0.0,
0.0,
253.0,
254.0,
255.0,
255.0,
250.0,
254.0,
254.0,
254.0,
253.0,
170.0,
1.0,
253.0,
255.0,
254.0,
254.0,
254.0,
254.0,
255.0,
255.0,
255.0,
253.0,
254.0,
255.0,
254.0,
253.0,
253.0,
253.0,
255.0,
0.0,
252.0,
254.0,
255.0,
255.0,
255.0,
254.0,
255.0,
255.0,
250.0,
2.0,
0.0,
251.0,
255.0,
255.0,
253.0,
255.0,
254.0,
255.0,
255.0,
255.0,
255.0,
253.0,
255.0,
254.0,
255.0,
255.0,
252.0,
1.0,
2.0,
252.0,
254.0,
255.0,
255.0,
253.0,
255.0,
255.0,
255.0,
0.0,
0.0,
253.0,
254.0,
255.0,
255.0,
255.0,
255.0,
255.0,
254.0,
255.0,
255.0,
255.0,
255.0,
255.0,
252.0,
255.0,
254.0,
1.0,
0.0,
42.0,
255.0,
255.0,
255.0,
255.0,
251.0,
255.0,
254.0,
0.0,
0.0,
255.0,
255.0,
255.0,
254.0,
253.0,
254.0,
254.0,
254.0,
255.0,
253.0,
255.0,
251.0,
255.0,
255.0,
255.0,
250.0,
8.0,
2.0,
2.0,
252.0,
255.0,
255.0,
255.0,
255.0,
251.0,
255.0,
0.0,
1.0,
250.0,
253.0,
255.0,
255.0,
255.0,
255.0,
255.0,
254.0,
254.0,
255.0,
255.0,
255.0,
255.0,
254.0,
249.0,
7.0,
0.0,
6.0,
0.0,
255.0,
255.0,
255.0,
250.0,
255.0,
255.0,
252.0,
0.0,
1.0,
255.0,
254.0,
255.0,
254.0,
252.0,
253.0,
254.0,
254.0,
255.0,
254.0,
250.0,
252.0,
255.0,
90.0,
4.0,
0.0,
0.0,
1.0,
85.0,
252.0,
255.0,
255.0,
255.0,
255.0,
254.0,
254.0,
3.0,
0.0,
0.0,
0.0,
2.0,
1.0,
0.0,
0.0,
0.0,
0.0,
0.0,
4.0,
0.0,
4.0,
0.0,
0.0,
0.0,
1.0,
3.0,
0.0,
254.0,
255.0,
252.0,
255.0,
252.0,
255.0,
255.0,
252.0,
1.0,
0.0,
3.0,
0.0,
0.0,
0.0,
0.0,
1.0,
0.0,
0.0,
2.0,
0.0,
3.0,
0.0,
1.0,
4.0,
0.0,
3.0,
0.0,
255.0,
255.0,
255.0,
255.0,
255.0,
255.0,
249.0,
255.0,
255.0,
0.0,
3.0,
19.0,
21.0,
24.0,
28.0,
31.0,
28.0,
15.0,
2.0,
0.0,
1.0,
2.0,
9.0,
21.0,
115.0,
253.0,
254.0,
254.0,
250.0,
254.0,
255.0,
253.0,
254.0,
255.0,
255.0,
253.0,
255.0,
2.0,
0.0,
255.0,
255.0,
254.0,
252.0,
255.0,
255.0,
254.0,
253.0,
255.0,
254.0,
27.0,
0.0,
3.0,
255.0,
255.0,
253.0,
255.0,
255.0,
255.0,
254.0,
255.0,
255.0,
254.0,
255.0,
255.0,
252.0,
0.0,
2.0,
253.0,
255.0,
255.0,
255.0,
255.0,
255.0,
255.0,
255.0,
255.0,
255.0,
255.0,
254.0,
254.0,
2.0,
254.0,
255.0,
255.0,
255.0,
255.0,
255.0,
255.0,
254.0,
255.0,
253.0,
255.0,
255.0,
2.0,
1.0,
255.0,
255.0,
255.0,
255.0,
255.0,
255.0,
255.0,
255.0,
255.0,
255.0,
251.0,
255.0,
255.0,
168.0,
2.0,
253.0,
253.0,
255.0,
255.0,
255.0,
255.0,
255.0,
254.0,
255.0,
248.0,
255.0,
0.0,
0.0,
253.0,
255.0,
255.0,
255.0,
255.0,
255.0,
255.0,
255.0,
255.0,
255.0,
255.0,
254.0,
254.0,
251.0,
1.0,
0.0,
255.0,
255.0,
255.0,
255.0,
255.0,
255.0,
254.0,
255.0,
255.0,
252.0,
1.0,
1.0,
255.0,
255.0,
255.0,
255.0,
255.0,
255.0,
255.0,
255.0,
255.0,
255.0,
253.0,
255.0,
255.0,
255.0,
0.0,
1.0,
253.0,
255.0,
255.0,
255.0,
255.0,
254.0,
254.0,
255.0,
254.0,
255.0,
2.0,
0.0,
251.0,
255.0,
255.0,
255.0,
255.0,
255.0,
255.0,
255.0,
255.0,
255.0,
254.0,
255.0,
252.0,
254.0,
4.0,
0.0,
255.0,
255.0,
255.0,
255.0,
255.0,
255.0,
254.0,
255.0,
254.0,
255.0,
0.0,
0.0,
255.0,
255.0,
255.0,
255.0,
255.0,
255.0,
255.0,
255.0,
255.0,
255.0,
255.0,
255.0,
255.0,
255.0,
0.0,
4.0,
253.0,
255.0,
255.0,
255.0,
255.0,
255.0,
254.0,
255.0,
253.0,
0.0,
0.0,
4.0,
249.0,
255.0,
255.0,
255.0,
255.0,
255.0,
255.0,
255.0,
255.0,
255.0,
253.0,
255.0,
253.0,
9.0,
2.0,
3.0,
255.0,
255.0,
255.0,
255.0,
255.0,
254.0,
255.0,
254.0,
254.0,
22.0,
2.0,
0.0,
255.0,
255.0,
255.0,
255.0,
255.0,
255.0,
255.0,
255.0,
255.0,
254.0,
255.0,
255.0,
0.0,
3.0,
2.0,
0.0,
254.0,
255.0,
255.0,
255.0,
255.0,
255.0,
255.0,
255.0,
254.0,
253.0,
1.0,
0.0,
149.0,
147.0,
147.0,
147.0,
147.0,
126.0,
127.0,
1.0,
0.0,
1.0,
2.0,
1.0,
0.0,
1.0,
2.0,
0.0,
255.0,
255.0,
255.0,
255.0,
255.0,
253.0,
255.0,
255.0,
252.0,
255.0,
255.0,
0.0,
0.0,
1.0,
0.0,
0.0,
0.0,
0.0,
0.0,
3.0,
0.0,
0.0,
2.0,
1.0,
3.0,
0.0,
2.0,
145.0,
252.0,
255.0,
255.0,
255.0,
255.0,
255.0,
251.0,
254.0,
255.0,
252.0,
255.0,
255.0,
188.0,
1.0,
0.0,
0.0,
3.0,
0.0,
2.0,
1.0,
0.0,
0.0,
1.0,
4.0,
120.0,
240.0,
255.0,
254.0,
255.0,
255.0,
255.0,
255.0,
255.0,
254.0,
254.0,
254.0,
255.0,
255.0,
253.0,
255.0,
255.0,
253.0,
255.0,
253.0,
251.0,
255.0,
255.0,
253.0,
255.0,
255.0,
252.0,
255.0,
255.0,
255.0,
255.0,
255.0,
255.0,
255.0,
255.0,
255.0,
255.0,
