255.0,
255.0,
253.0,
255.0,
255.0,
253.0,
255.0,
255.0,
255.0,
255.0,
255.0,
254.0,
254.0,
255.0,
255.0,
254.0,
255.0,
255.0,
254.0,
254.0,
255.0,
255.0,
255.0,
255.0,
255.0,
255.0,
255.0,
255.0,
251.0,
255.0,
255.0,
255.0,
255.0,
255.0,
255.0,
254.0,
254.0,
254.0,
255.0,
255.0,
255.0,
254.0,
255.0,
255.0,
255.0,
255.0,
255.0,
255.0,
255.0,
255.0,
255.0,
253.0,
255.0,
255.0,
255.0,
255.0,
254.0,
255.0,
255.0,
253.0,
254.0,
255.0,
255.0,
254.0,
255.0,
255.0,
255.0,
255.0,
255.0,
253.0,
253.0,
255.0,
253.0,
253.0,
255.0,
255.0,
253.0,
254.0,
255.0,
255.0,
255.0,
255.0,
255.0,
255.0,
255.0,
255.0,
253.0,
254.0,
255.0,
252.0,
249.0,
247.0,
246.0,
244.0,
243.0,
243.0,
244.0,
246.0,
250.0,
253.0,
255.0,
255.0,
255.0,
254.0,
255.0,
255.0,
255.0,
252.0,
255.0,
255.0,
255.0,
255.0,
254.0,
252.0,
255.0,
253.0,
236.0,
211.0,
191.0,
182.0,
174.0,
171.0,
170.0,
171.0,
174.0,
181.0,
195.0,
208.0,
225.0,
242.0,
251.0,
253.0,
255.0,
255.0,
254.0,
255.0,
255.0,
255.0,
255.0,
255.0,
255.0,
253.0,
252.0,
222.0,
162.0,
107.0,
75.0,
62.0,
58.0,
54.0,
54.0,
57.0,
58.0,
63.0,
79.0,
98.0,
129.0,
167.0,
205.0,
231.0,
249.0,
253.0,
252.0,
255.0,
255.0,
255.0,
255.0,
255.0,
255.0,
254.0,
240.0,
171.0,
74.0,
21.0,
15.0,
23.0,
24.0,
23.0,
24.0,
24.0,
21.0,
19.0,
20.0,
22.0,
33.0,
57.0,
97.0,
145.0,
195.0,
235.0,
253.0,
254.0,
255.0,
255.0,
255.0,
255.0,
255.0,
255.0,
233.0,
142.0,
37.0,
11.0,
51.0,
88.0,
105.0,
110.0,
111.0,
107.0,
103.0,
95.0,
76.0,
56.0,
33.0,
21.0,
22.0,
45.0,
95.0,
169.0,
230.0,
252.0,
255.0,
255.0,
255.0,
255.0,
253.0,
255.0,
235.0,
151.0,
43.0,
21.0,
99.0,
189.0,
216.0,
217.0,
219.0,
220.0,
216.0,
210.0,
194.0,
169.0,
133.0,
87.0,
48.0,
24.0,
25.0,
79.0,
171.0,
241.0,
253.0,
255.0,
255.0,
255.0,
255.0,
255.0,
241.0,
166.0,
50.0,
23.0,
107.0,
214.0,
250.0,
252.0,
252.0,
252.0,
251.0,
251.0,
249.0,
240.0,
226.0,
195.0,
148.0,
83.0,
24.0,
32.0,
119.0,
220.0,
253.0,
255.0,
255.0,
255.0,
255.0,
253.0,
248.0,
187.0,
65.0,
21.0,
93.0,
207.0,
249.0,
254.0,
255.0,
255.0,
255.0,
255.0,
255.0,
255.0,
253.0,
249.0,
229.0,
160.0,
56.0,
20.0,
91.0,
206.0,
251.0,
255.0,
255.0,
255.0,
255.0,
254.0,
250.0,
200.0,
80.0,
21.0,
75.0,
193.0,
249.0,
255.0,
253.0,
253.0,
255.0,
255.0,
255.0,
255.0,
255.0,
253.0,
248.0,
187.0,
67.0,
20.0,
88.0,
204.0,
251.0,
254.0,
255.0,
255.0,
255.0,
255.0,
251.0,
211.0,
97.0,
21.0,
61.0,
181.0,
247.0,
255.0,
254.0,
253.0,
255.0,
255.0,
254.0,
255.0,
255.0,
253.0,
244.0,
180.0,
62.0,
20.0,
91.0,
207.0,
251.0,
254.0,
255.0,
255.0,
254.0,
255.0,
252.0,
222.0,
114.0,
23.0,
48.0,
157.0,
229.0,
239.0,
239.0,
238.0,
241.0,
242.0,
245.0,
248.0,
246.0,
252.0,
222.0,
142.0,
45.0,
24.0,
105.0,
218.0,
252.0,
255.0,
255.0,
255.0,
255.0,
255.0,
252.0,
228.0,
129.0,
30.0,
34.0,
106.0,
156.0,
159.0,
155.0,
154.0,
158.0,
165.0,
176.0,
186.0,
199.0,
196.0,
145.0,
67.0,
18.0,
48.0,
145.0,
234.0,
253.0,
255.0,
255.0,
254.0,
255.0,
254.0,
255.0,
236.0,
141.0,
35.0,
9.0,
35.0,
48.0,
45.0,
39.0,
41.0,
45.0,
48.0,
57.0,
65.0,
78.0,
80.0,
53.0,
21.0,
33.0,
107.0,
201.0,
245.0,
254.0,
255.0,
255.0,
254.0,
255.0,
255.0,
253.0,
238.0,
159.0,
40.0,
7.0,
4.0,
2.0,
4.0,
6.0,
2.0,
5.0,
3.0,
9.0,
6.0,
12.0,
11.0,
9.0,
16.0,
79.0,
181.0,
238.0,
253.0,
255.0,
255.0,
255.0,
255.0,
254.0,
255.0,
255.0,
243.0,
171.0,
49.0,
4.0,
4.0,
10.0,
11.0,
7.0,
6.0,
10.0,
7.0,
9.0,
10.0,
15.0,
17.0,
6.0,
19.0,
97.0,
209.0,
254.0,
253.0,
255.0,
255.0,
255.0,
255.0,
255.0,
255.0,
255.0,
245.0,
183.0,
62.0,
10.0,
29.0,
57.0,
71.0,
67.0,
68.0,
70.0,
70.0,
75.0,
82.0,
94.0,
88.0,
39.0,
17.0,
79.0,
194.0,
248.0,
254.0,
255.0,
255.0,
255.0,
255.0,
254.0,
255.0,
255.0,
246.0,
191.0,
71.0,
19.0,
62.0,
154.0,
190.0,
191.0,
190.0,
188.0,
189.0,
192.0,
199.0,
205.0,
179.0,
83.0,
22.0,
66.0,
183.0,
244.0,
255.0,
255.0,
255.0,
255.0,
255.0,
254.0,
255.0,
255.0,
250.0,
199.0,
78.0,
19.0,
74.0,
190.0,
242.0,
248.0,
249.0,
248.0,
250.0,
250.0,
251.0,
250.0,
210.0,
93.0,
17.0,
59.0,
182.0,
247.0,
255.0,
255.0,
255.0,
255.0,
255.0,
255.0,
255.0,
255.0,
251.0,
206.0,
86.0,
18.0,
70.0,
190.0,
248.0,
255.0,
255.0,
254.0,
253.0,
255.0,
254.0,
249.0,
202.0,
92.0,
22.0,
66.0,
185.0,
245.0,
252.0,
255.0,
255.0,
255.0,
255.0,
255.0,
255.0,
254.0,
251.0,
210.0,
96.0,
22.0,
63.0,
181.0,
245.0,
255.0,
255.0,
255.0,
254.0,
253.0,
240.0,
212.0,
148.0,
55.0,
16.0,
78.0,
192.0,
248.0,
255.0,
255.0,
255.0,
255.0,
255.0,
253.0,
255.0,
255.0,
253.0,
213.0,
102.0,
25.0,
57.0,
176.0,
242.0,
250.0,
245.0,
241.0,
231.0,
210.0,
173.0,
116.0,
61.0,
18.0,
34.0,
117.0,
214.0,
252.0,
255.0,
255.0,
255.0,
255.0,
255.0,
255.0,
255.0,
254.0,
252.0,
215.0,
99.0,
24.0,
50.0,
150.0,
203.0,
201.0,
185.0,
165.0,
136.0,
103.0,
60.0,
30.0,
23.0,
40.0,
100.0,
184.0,
241.0,
255.0,
254.0,
255.0,
255.0,
255.0,
255.0,
255.0,
255.0,
255.0,
252.0,
216.0,
103.0,
18.0,
25.0,
76.0,
97.0,
83.0,
66.0,
49.0,
34.0,
25.0,
21.0,
34.0,
72.0,
132.0,
194.0,
238.0,
253.0,
253.0,
255.0,
255.0,
255.0,
255.0,
255.0,
254.0,
255.0,
254.0,
247.0,
216.0,
115.0,
23.0,
9.0,
16.0,
19.0,
18.0,
20.0,
23.0,
33.0,
51.0,
82.0,
129.0,
176.0,
222.0,
244.0,
252.0,
255.0,
254.0,
253.0,
255.0,
255.0,
255.0,
255.0,
254.0,
255.0,
255.0,
255.0,
237.0,
156.0,
71.0,
47.0,
51.0,
57.0,
74.0,
92.0,
108.0,
133.0,
160.0,
196.0,
223.0,
242.0,
253.0,
255.0,
255.0,
255.0,
255.0,
255.0,
255.0,
255.0,
255.0,
255.0,
