254.0,
255.0,
255.0,
254.0,
255.0,
255.0,
254.0,
255.0,
255.0,
253.0,
255.0,
255.0,
253.0,
255.0,
254.0,
255.0,
255.0,
255.0,
255.0,
252.0,
255.0,
252.0,
255.0,
254.0,
255.0,
255.0,
255.0,
255.0,
255.0,
253.0,
255.0,
255.0,
251.0,
255.0,
255.0,
254.0,
255.0,
255.0,
255.0,
249.0,
255.0,
253.0,
254.0,
255.0,
254.0,
255.0,
255.0,
255.0,
255.0,
255.0,
254.0,
255.0,
255.0,
255.0,
255.0,
255.0,
254.0,
255.0,
255.0,
255.0,
255.0,
254.0,
251.0,
255.0,
252.0,
255.0,
255.0,
255.0,
255.0,
254.0,
255.0,
253.0,
255.0,
254.0,
252.0,
249.0,
253.0,
255.0,
253.0,
255.0,
255.0,
255.0,
255.0,
255.0,
255.0,
253.0,
255.0,
255.0,
255.0,
255.0,
255.0,
252.0,
255.0,
254.0,
254.0,
255.0,
254.0,
245.0,
18.0,
0.0,
0.0,
3.0,
1.0,
3.0,
2.0,
249.0,
252.0,
255.0,
255.0,
255.0,
255.0,
255.0,
252.0,
255.0,
255.0,
254.0,
255.0,
255.0,
254.0,
255.0,
254.0,
255.0,
253.0,
0.0,
1.0,
0.0,
0.0,
4.0,
2.0,
0.0,
0.0,
5.0,
0.0,
2.0,
188.0,
254.0,
255.0,
255.0,
255.0,
255.0,
255.0,
255.0,
255.0,
251.0,
254.0,
253.0,
253.0,
255.0,
251.0,
0.0,
1.0,
1.0,
0.0,
6.0,
200.0,
255.0,
253.0,
255.0,
255.0,
253.0,
254.0,
255.0,
251.0,
255.0,
255.0,
255.0,
255.0,
255.0,
255.0,
253.0,
254.0,
255.0,
255.0,
254.0,
255.0,
7.0,
0.0,
4.0,
1.0,
255.0,
255.0,
250.0,
255.0,
251.0,
255.0,
255.0,
253.0,
255.0,
254.0,
255.0,
254.0,
255.0,
255.0,
255.0,
255.0,
255.0,
254.0,
255.0,
254.0,
254.0,
254.0,
255.0,
1.0,
3.0,
35.0,
253.0,
255.0,
255.0,
255.0,
253.0,
255.0,
255.0,
255.0,
254.0,
255.0,
254.0,
255.0,
253.0,
255.0,
255.0,
255.0,
255.0,
255.0,
255.0,
255.0,
252.0,
255.0,
255.0,
255.0,
1.0,
3.0,
111.0,
251.0,
253.0,
255.0,
255.0,
255.0,
255.0,
255.0,
255.0,
255.0,
255.0,
255.0,
255.0,
255.0,
255.0,
255.0,
255.0,
255.0,
255.0,
255.0,
255.0,
253.0,
255.0,
252.0,
254.0,
102.0,
2.0,
22.0,
252.0,
254.0,
255.0,
255.0,
255.0,
255.0,
254.0,
255.0,
255.0,
255.0,
255.0,
255.0,
255.0,
255.0,
255.0,
255.0,
255.0,
255.0,
255.0,
255.0,
255.0,
255.0,
253.0,
255.0,
251.0,
1.0,
0.0,
255.0,
255.0,
255.0,
255.0,
255.0,
255.0,
255.0,
255.0,
255.0,
255.0,
255.0,
255.0,
255.0,
255.0,
255.0,
255.0,
255.0,
255.0,
255.0,
255.0,
255.0,
255.0,
255.0,
255.0,
253.0,
2.0,
1.0,
255.0,
254.0,
253.0,
255.0,
255.0,
255.0,
255.0,
255.0,
255.0,
255.0,
255.0,
255.0,
255.0,
255.0,
255.0,
255.0,
255.0,
255.0,
255.0,
255.0,
255.0,
255.0,
255.0,
252.0,
254.0,
239.0,
1.0,
5.0,
255.0,
255.0,
255.0,
255.0,
255.0,
254.0,
255.0,
255.0,
255.0,
255.0,
255.0,
255.0,
255.0,
255.0,
255.0,
255.0,
255.0,
255.0,
255.0,
255.0,
255.0,
255.0,
255.0,
255.0,
255.0,
0.0,
0.0,
255.0,
255.0,
254.0,
253.0,
255.0,
255.0,
255.0,
255.0,
255.0,
255.0,
255.0,
254.0,
255.0,
255.0,
255.0,
255.0,
255.0,
255.0,
255.0,
255.0,
255.0,
255.0,
255.0,
255.0,
251.0,
255.0,
0.0,
4.0,
252.0,
253.0,
255.0,
255.0,
255.0,
255.0,
255.0,
255.0,
255.0,
255.0,
255.0,
254.0,
255.0,
255.0,
255.0,
255.0,
255.0,
255.0,
255.0,
255.0,
255.0,
255.0,
255.0,
255.0,
255.0,
253.0,
0.0,
158.0,
255.0,
255.0,
251.0,
255.0,
255.0,
255.0,
255.0,
255.0,
255.0,
255.0,
255.0,
255.0,
255.0,
255.0,
255.0,
255.0,
255.0,
255.0,
255.0,
255.0,
255.0,
255.0,
255.0,
255.0,
255.0,
253.0,
0.0,
253.0,
254.0,
254.0,
254.0,
255.0,
255.0,
253.0,
255.0,
255.0,
254.0,
254.0,
255.0,
255.0,
255.0,
255.0,
254.0,
255.0,
254.0,
255.0,
254.0,
254.0,
255.0,
255.0,
255.0,
255.0,
254.0,
254.0,
4.0,
254.0,
255.0,
255.0,
254.0,
253.0,
255.0,
255.0,
253.0,
255.0,
255.0,
255.0,
254.0,
254.0,
255.0,
255.0,
255.0,
254.0,
255.0,
252.0,
255.0,
255.0,
255.0,
255.0,
255.0,
255.0,
251.0,
252.0,
0.0,
255.0,
253.0,
253.0,
255.0,
255.0,
253.0,
255.0,
254.0,
255.0,
255.0,
255.0,
253.0,
255.0,
255.0,
252.0,
254.0,
255.0,
250.0,
255.0,
255.0,
254.0,
255.0,
255.0,
255.0,
255.0,
255.0,
253.0,
1.0,
253.0,
255.0,
255.0,
255.0,
253.0,
255.0,
255.0,
253.0,
254.0,
255.0,
255.0,
254.0,
254.0,
255.0,
254.0,
255.0,
252.0,
255.0,
255.0,
251.0,
255.0,
255.0,
255.0,
255.0,
255.0,
253.0,
253.0,
0.0,
4.0,
253.0,
254.0,
254.0,
254.0,
255.0,
252.0,
255.0,
255.0,
255.0,
253.0,
255.0,
255.0,
254.0,
255.0,
253.0,
254.0,
255.0,
252.0,
254.0,
255.0,
255.0,
255.0,
255.0,
255.0,
254.0,
255.0,
251.0,
0.0,
1.0,
254.0,
251.0,
255.0,
255.0,
254.0,
255.0,
255.0,
254.0,
254.0,
255.0,
254.0,
255.0,
254.0,
255.0,
252.0,
255.0,
255.0,
255.0,
254.0,
255.0,
255.0,
255.0,
255.0,
255.0,
251.0,
255.0,
87.0,
0.0,
1.0,
5.0,
247.0,
254.0,
255.0,
251.0,
255.0,
255.0,
255.0,
252.0,
255.0,
254.0,
255.0,
255.0,
255.0,
255.0,
252.0,
255.0,
255.0,
255.0,
255.0,
255.0,
255.0,
255.0,
255.0,
253.0,
255.0,
176.0,
0.0,
0.0,
3.0,
0.0,
0.0,
2.0,
79.0,
177.0,
252.0,
254.0,
254.0,
254.0,
250.0,
252.0,
158.0,
76.0,
255.0,
255.0,
252.0,
255.0,
255.0,
255.0,
255.0,
255.0,
253.0,
255.0,
253.0,
252.0,
253.0,
155.0,
0.0,
0.0,
0.0,
0.0,
1.0,
0.0,
0.0,
3.0,
0.0,
2.0,
0.0,
87.0,
254.0,
255.0,
255.0,
255.0,
255.0,
255.0,
255.0,
255.0,
255.0,
254.0,
255.0,
255.0,
255.0,
255.0,
255.0,
255.0,
254.0,
254.0,
252.0,
255.0,
251.0,
234.0,
234.0,
251.0,
253.0,
253.0,
255.0,
251.0,
255.0,
255.0,
253.0,
255.0,
252.0,
255.0,
255.0,
255.0,
255.0,
255.0,
255.0,
253.0,
254.0,
255.0,
253.0,
252.0,
255.0,
255.0,
255.0,
255.0,
255.0,
253.0,
253.0,
255.0,
255.0,
255.0,
255.0,
255.0,
253.0,
255.0,
252.0,
255.0,
255.0,
255.0,
255.0,
255.0,
255.0,
255.0,
255.0,
255.0,
255.0,
253.0,
255.0,
255.0,
252.0,
254.0,
255.0,
253.0,
254.0,
255.0,
255.0,
255.0,
255.0,
253.0,
255.0,
255.0,
254.0,
254.0,
255.0,
254.0,
254.0,
255.0,
255.0,
255.0,
255.0,
