255.0,
255.0,
255.0,
255.0,
255.0,
255.0,
255.0,
255.0,
255.0,
252.0,
255.0,
255.0,
255.0,
255.0,
253.0,
255.0,
253.0,
255.0,
254.0,
255.0,
253.0,
254.0,
255.0,
254.0,
255.0,
255.0,
255.0,
255.0,
255.0,
255.0,
255.0,
255.0,
255.0,
255.0,
255.0,
255.0,
255.0,
255.0,
255.0,
253.0,
255.0,
251.0,
255.0,
253.0,
253.0,
247.0,
207.0,
148.0,
143.0,
218.0,
253.0,
254.0,
255.0,
255.0,
255.0,
255.0,
255.0,
255.0,
255.0,
255.0,
255.0,
255.0,
255.0,
255.0,
255.0,
252.0,
255.0,
254.0,
254.0,
255.0,
255.0,
163.0,
88.0,
40.0,
2.0,
27.0,
2.0,
64.0,
160.0,
255.0,
255.0,
255.0,
255.0,
255.0,
255.0,
255.0,
255.0,
255.0,
255.0,
255.0,
255.0,
255.0,
253.0,
255.0,
250.0,
255.0,
255.0,
214.0,
124.0,
16.0,
5.0,
1.0,
3.0,
5.0,
0.0,
6.0,
72.0,
213.0,
255.0,
255.0,
255.0,
255.0,
255.0,
255.0,
255.0,
255.0,
255.0,
255.0,
255.0,
255.0,
254.0,
255.0,
255.0,
255.0,
96.0,
20.0,
0.0,
1.0,
8.0,
55.0,
130.0,
141.0,
170.0,
95.0,
188.0,
255.0,
255.0,
255.0,
255.0,
255.0,
255.0,
255.0,
255.0,
255.0,
255.0,
255.0,
255.0,
255.0,
255.0,
255.0,
255.0,
145.0,
5.0,
6.0,
34.0,
31.0,
177.0,
255.0,
253.0,
255.0,
254.0,
253.0,
251.0,
255.0,
255.0,
255.0,
255.0,
255.0,
255.0,
255.0,
255.0,
255.0,
255.0,
255.0,
255.0,
255.0,
255.0,
140.0,
51.0,
5.0,
34.0,
30.0,
176.0,
254.0,
255.0,
251.0,
255.0,
253.0,
254.0,
255.0,
255.0,
253.0,
255.0,
255.0,
255.0,
255.0,
255.0,
255.0,
255.0,
255.0,
255.0,
255.0,
255.0,
255.0,
146.0,
9.0,
2.0,
1.0,
83.0,
238.0,
255.0,
255.0,
254.0,
254.0,
255.0,
255.0,
255.0,
255.0,
255.0,
255.0,
255.0,
255.0,
255.0,
255.0,
255.0,
255.0,
254.0,
255.0,
254.0,
255.0,
255.0,
224.0,
7.0,
2.0,
31.0,
146.0,
254.0,
253.0,
255.0,
255.0,
255.0,
255.0,
255.0,
255.0,
255.0,
255.0,
255.0,
255.0,
255.0,
255.0,
255.0,
255.0,
253.0,
255.0,
254.0,
255.0,
254.0,
255.0,
142.0,
37.0,
2.0,
0.0,
129.0,
253.0,
255.0,
252.0,
253.0,
255.0,
255.0,
255.0,
255.0,
255.0,
255.0,
255.0,
255.0,
255.0,
255.0,
255.0,
255.0,
255.0,
255.0,
255.0,
255.0,
255.0,
255.0,
149.0,
42.0,
9.0,
5.0,
110.0,
255.0,
253.0,
253.0,
255.0,
255.0,
255.0,
255.0,
255.0,
255.0,
255.0,
255.0,
255.0,
255.0,
255.0,
255.0,
255.0,
255.0,
255.0,
254.0,
253.0,
255.0,
255.0,
253.0,
97.0,
10.0,
0.0,
89.0,
254.0,
253.0,
255.0,
253.0,
251.0,
255.0,
254.0,
255.0,
255.0,
255.0,
255.0,
255.0,
255.0,
255.0,
255.0,
255.0,
255.0,
255.0,
255.0,
255.0,
255.0,
251.0,
254.0,
255.0,
40.0,
0.0,
27.0,
254.0,
255.0,
255.0,
254.0,
255.0,
255.0,
255.0,
253.0,
255.0,
255.0,
255.0,
255.0,
255.0,
255.0,
255.0,
255.0,
255.0,
255.0,
255.0,
255.0,
255.0,
253.0,
255.0,
254.0,
201.0,
3.0,
0.0,
131.0,
253.0,
254.0,
254.0,
255.0,
253.0,
255.0,
251.0,
255.0,
255.0,
255.0,
255.0,
255.0,
255.0,
255.0,
255.0,
255.0,
255.0,
255.0,
255.0,
255.0,
255.0,
255.0,
255.0,
254.0,
172.0,
14.0,
11.0,
184.0,
255.0,
255.0,
255.0,
253.0,
255.0,
254.0,
255.0,
253.0,
255.0,
255.0,
255.0,
255.0,
255.0,
255.0,
255.0,
255.0,
255.0,
255.0,
255.0,
255.0,
255.0,
254.0,
255.0,
253.0,
80.0,
1.0,
4.0,
196.0,
255.0,
253.0,
254.0,
255.0,
253.0,
255.0,
255.0,
255.0,
255.0,
255.0,
255.0,
255.0,
255.0,
255.0,
255.0,
255.0,
255.0,
255.0,
255.0,
255.0,
255.0,
255.0,
255.0,
255.0,
125.0,
2.0,
7.0,
239.0,
255.0,
255.0,
253.0,
255.0,
255.0,
254.0,
255.0,
255.0,
255.0,
253.0,
255.0,
255.0,
253.0,
255.0,
255.0,
255.0,
255.0,
255.0,
255.0,
255.0,
255.0,
255.0,
251.0,
255.0,
125.0,
3.0,
89.0,
255.0,
255.0,
253.0,
255.0,
255.0,
255.0,
255.0,
255.0,
253.0,
254.0,
255.0,
252.0,
253.0,
255.0,
253.0,
253.0,
253.0,
255.0,
255.0,
255.0,
255.0,
254.0,
255.0,
255.0,
254.0,
112.0,
5.0,
105.0,
247.0,
253.0,
255.0,
253.0,
254.0,
255.0,
254.0,
252.0,
255.0,
255.0,
254.0,
255.0,
255.0,
254.0,
255.0,
254.0,
255.0,
255.0,
255.0,
255.0,
255.0,
255.0,
255.0,
253.0,
251.0,
117.0,
2.0,
1.0,
249.0,
255.0,
255.0,
255.0,
252.0,
255.0,
255.0,
255.0,
253.0,
255.0,
255.0,
254.0,
254.0,
250.0,
252.0,
255.0,
249.0,
255.0,
255.0,
255.0,
255.0,
254.0,
255.0,
255.0,
255.0,
138.0,
18.0,
65.0,
251.0,
253.0,
254.0,
253.0,
255.0,
255.0,
251.0,
254.0,
255.0,
252.0,
255.0,
253.0,
80.0,
9.0,
68.0,
255.0,
255.0,
255.0,
255.0,
255.0,
255.0,
255.0,
254.0,
255.0,
250.0,
73.0,
3.0,
113.0,
59.0,
255.0,
255.0,
253.0,
251.0,
252.0,
255.0,
253.0,
254.0,
255.0,
255.0,
226.0,
12.0,
0.0,
19.0,
255.0,
255.0,
255.0,
255.0,
255.0,
255.0,
253.0,
255.0,
251.0,
254.0,
174.0,
31.0,
0.0,
2.0,
81.0,
85.0,
133.0,
107.0,
195.0,
126.0,
98.0,
106.0,
75.0,
77.0,
44.0,
7.0,
3.0,
63.0,
255.0,
255.0,
255.0,
255.0,
255.0,
255.0,
255.0,
254.0,
255.0,
254.0,
252.0,
192.0,
47.0,
0.0,
3.0,
0.0,
41.0,
0.0,
12.0,
4.0,
0.0,
12.0,
2.0,
0.0,
0.0,
6.0,
86.0,
175.0,
255.0,
255.0,
255.0,
255.0,
255.0,
255.0,
255.0,
255.0,
255.0,
254.0,
254.0,
252.0,
236.0,
80.0,
18.0,
11.0,
13.0,
25.0,
1.0,
34.0,
27.0,
4.0,
31.0,
52.0,
44.0,
141.0,
251.0,
255.0,
254.0,
255.0,
255.0,
255.0,
255.0,
255.0,
255.0,
255.0,
255.0,
254.0,
255.0,
254.0,
255.0,
253.0,
248.0,
214.0,
152.0,
139.0,
208.0,
166.0,
191.0,
135.0,
181.0,
234.0,
253.0,
254.0,
255.0,
254.0,
255.0,
254.0,
255.0,
255.0,
255.0,
255.0,
254.0,
252.0,
254.0,
255.0,
254.0,
255.0,
252.0,
255.0,
255.0,
254.0,
252.0,
255.0,
255.0,
255.0,
255.0,
254.0,
255.0,
255.0,
255.0,
254.0,
253.0,
255.0,
254.0,
255.0,
255.0,
255.0,
255.0,
255.0,
252.0,
255.0,
255.0,
254.0,
255.0,
253.0,
255.0,
254.0,
255.0,
254.0,
255.0,
253.0,
253.0,
255.0,
255.0,
252.0,
252.0,
254.0,
255.0,
254.0,
255.0,
255.0,
255.0,
254.0,
255.0,
255.0,
255.0,
255.0,
