255.0,
255.0,
254.0,
255.0,
255.0,
255.0,
252.0,
255.0,
255.0,
255.0,
255.0,
254.0,
253.0,
255.0,
255.0,
254.0,
255.0,
252.0,
255.0,
255.0,
254.0,
255.0,
255.0,
255.0,
255.0,
255.0,
255.0,
255.0,
253.0,
255.0,
255.0,
255.0,
254.0,
253.0,
255.0,
253.0,
255.0,
250.0,
253.0,
255.0,
254.0,
253.0,
255.0,
255.0,
254.0,
255.0,
255.0,
255.0,
255.0,
252.0,
255.0,
255.0,
255.0,
255.0,
255.0,
255.0,
255.0,
255.0,
254.0,
254.0,
255.0,
255.0,
254.0,
255.0,
253.0,
255.0,
255.0,
255.0,
254.0,
255.0,
254.0,
253.0,
255.0,
254.0,
253.0,
254.0,
255.0,
255.0,
250.0,
255.0,
255.0,
255.0,
255.0,
255.0,
255.0,
255.0,
255.0,
253.0,
254.0,
254.0,
254.0,
255.0,
254.0,
255.0,
255.0,
255.0,
255.0,
255.0,
253.0,
255.0,
254.0,
255.0,
255.0,
255.0,
253.0,
255.0,
255.0,
254.0,
255.0,
255.0,
255.0,
255.0,
251.0,
255.0,
255.0,
253.0,
255.0,
255.0,
148.0,
16.0,
0.0,
1.0,
0.0,
25.0,
105.0,
240.0,
254.0,
255.0,
255.0,
255.0,
251.0,
255.0,
254.0,
255.0,
253.0,
255.0,
255.0,
255.0,
255.0,
255.0,
255.0,
253.0,
255.0,
255.0,
255.0,
0.0,
1.0,
1.0,
27.0,
54.0,
32.0,
1.0,
0.0,
1.0,
2.0,
0.0,
181.0,
255.0,
255.0,
255.0,
255.0,
252.0,
255.0,
255.0,
255.0,
255.0,
255.0,
255.0,
253.0,
255.0,
255.0,
255.0,
255.0,
0.0,
255.0,
254.0,
255.0,
251.0,
255.0,
253.0,
255.0,
255.0,
242.0,
16.0,
0.0,
0.0,
211.0,
255.0,
252.0,
255.0,
253.0,
255.0,
255.0,
255.0,
255.0,
255.0,
255.0,
254.0,
255.0,
254.0,
255.0,
1.0,
255.0,
254.0,
255.0,
255.0,
251.0,
255.0,
254.0,
255.0,
254.0,
255.0,
255.0,
28.0,
2.0,
26.0,
254.0,
253.0,
255.0,
255.0,
255.0,
255.0,
255.0,
255.0,
255.0,
253.0,
253.0,
255.0,
253.0,
1.0,
255.0,
255.0,
255.0,
255.0,
255.0,
255.0,
255.0,
255.0,
255.0,
255.0,
255.0,
255.0,
230.0,
0.0,
3.0,
254.0,
254.0,
255.0,
255.0,
255.0,
255.0,
255.0,
254.0,
255.0,
255.0,
253.0,
255.0,
0.0,
253.0,
255.0,
255.0,
255.0,
255.0,
255.0,
255.0,
255.0,
255.0,
255.0,
255.0,
255.0,
253.0,
255.0,
0.0,
3.0,
255.0,
252.0,
255.0,
252.0,
255.0,
255.0,
255.0,
255.0,
255.0,
254.0,
255.0,
0.0,
251.0,
255.0,
255.0,
255.0,
255.0,
255.0,
255.0,
255.0,
255.0,
255.0,
255.0,
253.0,
255.0,
252.0,
255.0,
1.0,
9.0,
255.0,
254.0,
255.0,
255.0,
254.0,
255.0,
254.0,
255.0,
255.0,
255.0,
1.0,
244.0,
255.0,
255.0,
255.0,
255.0,
255.0,
255.0,
255.0,
255.0,
255.0,
255.0,
253.0,
254.0,
255.0,
255.0,
250.0,
2.0,
110.0,
255.0,
251.0,
255.0,
255.0,
253.0,
255.0,
254.0,
252.0,
255.0,
0.0,
241.0,
254.0,
255.0,
255.0,
255.0,
255.0,
255.0,
255.0,
255.0,
255.0,
253.0,
255.0,
255.0,
252.0,
255.0,
252.0,
125.0,
1.0,
251.0,
255.0,
255.0,
255.0,
254.0,
255.0,
255.0,
254.0,
255.0,
0.0,
241.0,
255.0,
255.0,
255.0,
255.0,
255.0,
255.0,
255.0,
255.0,
255.0,
255.0,
255.0,
253.0,
255.0,
254.0,
254.0,
255.0,
0.0,
30.0,
255.0,
253.0,
255.0,
255.0,
251.0,
255.0,
255.0,
254.0,
0.0,
207.0,
255.0,
255.0,
255.0,
255.0,
255.0,
255.0,
255.0,
255.0,
255.0,
255.0,
252.0,
253.0,
255.0,
255.0,
255.0,
255.0,
62.0,
1.0,
255.0,
252.0,
253.0,
254.0,
255.0,
255.0,
251.0,
255.0,
1.0,
152.0,
255.0,
255.0,
255.0,
255.0,
255.0,
255.0,
255.0,
255.0,
255.0,
253.0,
255.0,
255.0,
254.0,
252.0,
255.0,
251.0,
255.0,
0.0,
252.0,
255.0,
253.0,
255.0,
255.0,
254.0,
255.0,
254.0,
4.0,
93.0,
255.0,
255.0,
255.0,
255.0,
255.0,
255.0,
255.0,
255.0,
255.0,
255.0,
255.0,
255.0,
254.0,
255.0,
255.0,
252.0,
255.0,
2.0,
254.0,
253.0,
254.0,
254.0,
255.0,
255.0,
254.0,
255.0,
1.0,
41.0,
255.0,
255.0,
255.0,
255.0,
255.0,
255.0,
255.0,
255.0,
255.0,
255.0,
254.0,
255.0,
255.0,
254.0,
252.0,
255.0,
255.0,
0.0,
255.0,
255.0,
255.0,
254.0,
255.0,
255.0,
254.0,
255.0,
1.0,
0.0,
254.0,
255.0,
255.0,
255.0,
255.0,
255.0,
255.0,
255.0,
255.0,
255.0,
253.0,
255.0,
255.0,
255.0,
255.0,
255.0,
255.0,
5.0,
252.0,
254.0,
255.0,
255.0,
255.0,
253.0,
255.0,
254.0,
2.0,
0.0,
254.0,
255.0,
255.0,
255.0,
255.0,
255.0,
255.0,
255.0,
255.0,
253.0,
255.0,
253.0,
252.0,
253.0,
253.0,
255.0,
231.0,
0.0,
254.0,
254.0,
255.0,
255.0,
255.0,
253.0,
255.0,
253.0,
0.0,
4.0,
254.0,
255.0,
255.0,
255.0,
255.0,
255.0,
255.0,
255.0,
255.0,
255.0,
255.0,
253.0,
255.0,
255.0,
255.0,
254.0,
2.0,
5.0,
255.0,
255.0,
255.0,
255.0,
254.0,
255.0,
254.0,
255.0,
0.0,
0.0,
255.0,
255.0,
255.0,
255.0,
255.0,
255.0,
255.0,
255.0,
255.0,
254.0,
253.0,
255.0,
255.0,
255.0,
253.0,
255.0,
2.0,
128.0,
252.0,
255.0,
251.0,
255.0,
255.0,
255.0,
255.0,
255.0,
3.0,
0.0,
255.0,
255.0,
255.0,
255.0,
255.0,
255.0,
255.0,
255.0,
255.0,
255.0,
255.0,
255.0,
252.0,
255.0,
224.0,
0.0,
0.0,
253.0,
255.0,
255.0,
255.0,
255.0,
255.0,
252.0,
255.0,
255.0,
10.0,
3.0,
253.0,
255.0,
255.0,
255.0,
255.0,
255.0,
255.0,
255.0,
255.0,
255.0,
254.0,
251.0,
95.0,
0.0,
0.0,
32.0,
254.0,
253.0,
255.0,
254.0,
255.0,
255.0,
255.0,
254.0,
254.0,
255.0,
25.0,
0.0,
255.0,
255.0,
255.0,
252.0,
255.0,
254.0,
254.0,
255.0,
194.0,
8.0,
2.0,
2.0,
0.0,
70.0,
255.0,
249.0,
255.0,
255.0,
255.0,
255.0,
255.0,
254.0,
255.0,
253.0,
255.0,
253.0,
40.0,
3.0,
252.0,
255.0,
255.0,
254.0,
159.0,
4.0,
0.0,
0.0,
1.0,
0.0,
131.0,
255.0,
254.0,
255.0,
255.0,
255.0,
254.0,
255.0,
255.0,
255.0,
255.0,
255.0,
253.0,
254.0,
255.0,
250.0,
53.0,
0.0,
3.0,
0.0,
0.0,
6.0,
0.0,
2.0,
117.0,
255.0,
253.0,
253.0,
255.0,
253.0,
255.0,
255.0,
253.0,
254.0,
255.0,
255.0,
255.0,
255.0,
255.0,
252.0,
255.0,
255.0,
255.0,
255.0,
243.0,
0.0,
7.0,
85.0,
239.0,
252.0,
255.0,
252.0,
255.0,
255.0,
255.0,
255.0,
254.0,
255.0,
254.0,
255.0,
255.0,
255.0,
253.0,
255.0,
255.0,
255.0,
255.0,
