254.0,
255.0,
255.0,
255.0,
252.0,
255.0,
255.0,
255.0,
255.0,
253.0,
255.0,
254.0,
253.0,
255.0,
255.0,
255.0,
255.0,
254.0,
253.0,
255.0,
255.0,
255.0,
255.0,
252.0,
255.0,
255.0,
255.0,
255.0,
255.0,
253.0,
253.0,
255.0,
255.0,
255.0,
255.0,
252.0,
255.0,
255.0,
255.0,
255.0,
255.0,
254.0,
249.0,
255.0,
255.0,
255.0,
255.0,
254.0,
254.0,
255.0,
255.0,
255.0,
255.0,
255.0,
255.0,
255.0,
254.0,
255.0,
254.0,
255.0,
253.0,
254.0,
254.0,
255.0,
254.0,
255.0,
251.0,
253.0,
253.0,
253.0,
255.0,
255.0,
253.0,
253.0,
253.0,
255.0,
255.0,
255.0,
252.0,
255.0,
255.0,
255.0,
255.0,
255.0,
255.0,
255.0,
255.0,
248.0,
255.0,
255.0,
254.0,
255.0,
254.0,
254.0,
255.0,
253.0,
255.0,
255.0,
250.0,
255.0,
255.0,
255.0,
255.0,
255.0,
255.0,
255.0,
253.0,
255.0,
255.0,
255.0,
255.0,
255.0,
254.0,
254.0,
254.0,
255.0,
255.0,
249.0,
255.0,
251.0,
255.0,
255.0,
251.0,
255.0,
251.0,
255.0,
255.0,
255.0,
253.0,
254.0,
255.0,
255.0,
252.0,
255.0,
255.0,
254.0,
255.0,
255.0,
255.0,
255.0,
255.0,
255.0,
255.0,
253.0,
252.0,
255.0,
255.0,
255.0,
254.0,
255.0,
253.0,
255.0,
255.0,
251.0,
255.0,
253.0,
255.0,
254.0,
253.0,
255.0,
255.0,
255.0,
255.0,
252.0,
255.0,
255.0,
255.0,
255.0,
253.0,
255.0,
255.0,
255.0,
254.0,
255.0,
252.0,
254.0,
248.0,
163.0,
41.0,
16.0,
106.0,
253.0,
254.0,
255.0,
253.0,
255.0,
253.0,
254.0,
255.0,
252.0,
255.0,
255.0,
255.0,
255.0,
255.0,
255.0,
255.0,
255.0,
255.0,
254.0,
255.0,
223.0,
3.0,
26.0,
22.0,
14.0,
20.0,
5.0,
0.0,
0.0,
6.0,
0.0,
209.0,
252.0,
255.0,
253.0,
255.0,
254.0,
255.0,
253.0,
255.0,
255.0,
255.0,
255.0,
254.0,
255.0,
255.0,
253.0,
254.0,
255.0,
0.0,
255.0,
255.0,
255.0,
255.0,
254.0,
254.0,
254.0,
255.0,
14.0,
0.0,
1.0,
234.0,
255.0,
254.0,
255.0,
255.0,
254.0,
255.0,
255.0,
255.0,
255.0,
255.0,
255.0,
255.0,
255.0,
254.0,
255.0,
1.0,
253.0,
255.0,
254.0,
255.0,
255.0,
254.0,
252.0,
254.0,
255.0,
255.0,
29.0,
0.0,
19.0,
252.0,
253.0,
255.0,
254.0,
255.0,
255.0,
255.0,
255.0,
255.0,
255.0,
253.0,
255.0,
255.0,
253.0,
0.0,
253.0,
253.0,
255.0,
255.0,
255.0,
250.0,
255.0,
255.0,
254.0,
254.0,
255.0,
240.0,
7.0,
2.0,
254.0,
252.0,
255.0,
255.0,
255.0,
255.0,
255.0,
253.0,
255.0,
255.0,
255.0,
249.0,
210.0,
0.0,
254.0,
255.0,
255.0,
253.0,
255.0,
255.0,
252.0,
255.0,
255.0,
255.0,
254.0,
255.0,
251.0,
1.0,
2.0,
253.0,
255.0,
255.0,
255.0,
255.0,
255.0,
255.0,
255.0,
251.0,
255.0,
255.0,
252.0,
0.0,
254.0,
255.0,
254.0,
255.0,
255.0,
254.0,
255.0,
254.0,
255.0,
255.0,
255.0,
255.0,
254.0,
255.0,
0.0,
45.0,
255.0,
255.0,
255.0,
255.0,
255.0,
253.0,
255.0,
254.0,
255.0,
255.0,
252.0,
4.0,
126.0,
254.0,
255.0,
255.0,
255.0,
255.0,
255.0,
252.0,
254.0,
254.0,
255.0,
251.0,
255.0,
255.0,
254.0,
1.0,
253.0,
255.0,
255.0,
255.0,
255.0,
255.0,
255.0,
254.0,
254.0,
255.0,
255.0,
0.0,
16.0,
255.0,
251.0,
255.0,
252.0,
254.0,
255.0,
254.0,
255.0,
255.0,
252.0,
255.0,
255.0,
255.0,
251.0,
33.0,
8.0,
255.0,
255.0,
255.0,
255.0,
255.0,
254.0,
255.0,
255.0,
254.0,
252.0,
4.0,
11.0,
253.0,
255.0,
253.0,
255.0,
255.0,
255.0,
254.0,
255.0,
254.0,
255.0,
254.0,
253.0,
255.0,
255.0,
254.0,
2.0,
255.0,
255.0,
255.0,
255.0,
255.0,
252.0,
254.0,
255.0,
253.0,
255.0,
0.0,
13.0,
253.0,
255.0,
254.0,
255.0,
255.0,
255.0,
255.0,
255.0,
255.0,
253.0,
255.0,
255.0,
255.0,
255.0,
252.0,
2.0,
255.0,
255.0,
255.0,
255.0,
255.0,
255.0,
255.0,
254.0,
255.0,
254.0,
1.0,
13.0,
255.0,
255.0,
255.0,
253.0,
255.0,
255.0,
252.0,
255.0,
254.0,
255.0,
254.0,
255.0,
252.0,
255.0,
254.0,
0.0,
252.0,
254.0,
255.0,
255.0,
252.0,
255.0,
254.0,
253.0,
255.0,
255.0,
0.0,
18.0,
255.0,
254.0,
254.0,
255.0,
249.0,
255.0,
255.0,
253.0,
255.0,
253.0,
255.0,
254.0,
255.0,
253.0,
255.0,
0.0,
250.0,
253.0,
255.0,
255.0,
255.0,
251.0,
255.0,
254.0,
253.0,
253.0,
4.0,
54.0,
255.0,
255.0,
253.0,
255.0,
255.0,
252.0,
255.0,
255.0,
255.0,
255.0,
255.0,
255.0,
255.0,
254.0,
255.0,
0.0,
252.0,
254.0,
255.0,
255.0,
254.0,
254.0,
255.0,
255.0,
254.0,
255.0,
2.0,
150.0,
252.0,
255.0,
255.0,
255.0,
254.0,
255.0,
253.0,
253.0,
255.0,
254.0,
255.0,
251.0,
255.0,
255.0,
252.0,
3.0,
254.0,
255.0,
255.0,
255.0,
254.0,
255.0,
255.0,
253.0,
246.0,
255.0,
1.0,
252.0,
255.0,
253.0,
255.0,
255.0,
253.0,
255.0,
252.0,
255.0,
253.0,
255.0,
255.0,
255.0,
254.0,
255.0,
108.0,
92.0,
255.0,
255.0,
254.0,
254.0,
255.0,
252.0,
255.0,
255.0,
194.0,
0.0,
5.0,
203.0,
254.0,
253.0,
252.0,
253.0,
255.0,
255.0,
255.0,
253.0,
255.0,
255.0,
253.0,
255.0,
250.0,
255.0,
4.0,
254.0,
254.0,
255.0,
254.0,
254.0,
255.0,
255.0,
254.0,
253.0,
255.0,
255.0,
2.0,
0.0,
0.0,
1.0,
76.0,
253.0,
252.0,
253.0,
255.0,
254.0,
255.0,
253.0,
255.0,
254.0,
238.0,
0.0,
254.0,
255.0,
255.0,
255.0,
255.0,
255.0,
255.0,
255.0,
252.0,
255.0,
255.0,
255.0,
46.0,
255.0,
233.0,
4.0,
2.0,
1.0,
3.0,
0.0,
4.0,
103.0,
218.0,
254.0,
202.0,
1.0,
10.0,
255.0,
255.0,
254.0,
255.0,
255.0,
255.0,
255.0,
255.0,
253.0,
255.0,
255.0,
254.0,
253.0,
255.0,
255.0,
255.0,
254.0,
252.0,
251.0,
182.0,
86.0,
4.0,
0.0,
3.0,
1.0,
167.0,
254.0,
252.0,
255.0,
252.0,
255.0,
255.0,
255.0,
255.0,
255.0,
255.0,
254.0,
255.0,
252.0,
254.0,
255.0,
253.0,
255.0,
255.0,
251.0,
255.0,
255.0,
255.0,
255.0,
253.0,
255.0,
252.0,
252.0,
255.0,
255.0,
255.0,
255.0,
255.0,
255.0,
255.0,
255.0,
255.0,
255.0,
253.0,
254.0,
255.0,
255.0,
255.0,
253.0,
255.0,
253.0,
253.0,
255.0,
253.0,
252.0,
255.0,
253.0,
253.0,
255.0,
255.0,
255.0,
254.0,
254.0,
255.0,
255.0,
254.0,
253.0,
255.0,
255.0,
255.0,
255.0,
