255.0,
255.0,
254.0,
254.0,
255.0,
255.0,
255.0,
253.0,
255.0,
255.0,
254.0,
252.0,
255.0,
255.0,
253.0,
255.0,
254.0,
255.0,
254.0,
255.0,
255.0,
254.0,
255.0,
255.0,
255.0,
255.0,
255.0,
255.0,
254.0,
251.0,
255.0,
255.0,
255.0,
252.0,
255.0,
255.0,
255.0,
255.0,
254.0,
255.0,
255.0,
252.0,
255.0,
253.0,
255.0,
255.0,
252.0,
255.0,
254.0,
255.0,
255.0,
253.0,
255.0,
255.0,
255.0,
255.0,
255.0,
255.0,
253.0,
255.0,
253.0,
255.0,
251.0,
255.0,
255.0,
254.0,
255.0,
254.0,
253.0,
254.0,
254.0,
255.0,
253.0,
253.0,
254.0,
255.0,
255.0,
253.0,
252.0,
255.0,
255.0,
255.0,
255.0,
255.0,
255.0,
255.0,
254.0,
254.0,
253.0,
255.0,
255.0,
253.0,
255.0,
253.0,
255.0,
254.0,
255.0,
255.0,
250.0,
255.0,
255.0,
255.0,
255.0,
253.0,
255.0,
255.0,
255.0,
253.0,
255.0,
255.0,
255.0,
255.0,
255.0,
253.0,
255.0,
247.0,
14.0,
255.0,
205.0,
119.0,
76.0,
34.0,
0.0,
0.0,
0.0,
0.0,
2.0,
0.0,
1.0,
0.0,
255.0,
254.0,
252.0,
253.0,
255.0,
255.0,
255.0,
255.0,
255.0,
255.0,
255.0,
255.0,
254.0,
255.0,
2.0,
3.0,
0.0,
3.0,
0.0,
0.0,
3.0,
0.0,
0.0,
0.0,
0.0,
1.0,
0.0,
4.0,
0.0,
255.0,
255.0,
255.0,
250.0,
255.0,
255.0,
255.0,
255.0,
255.0,
255.0,
254.0,
255.0,
255.0,
0.0,
0.0,
0.0,
2.0,
2.0,
0.0,
3.0,
0.0,
1.0,
1.0,
4.0,
44.0,
152.0,
238.0,
237.0,
230.0,
255.0,
253.0,
255.0,
253.0,
255.0,
255.0,
255.0,
255.0,
255.0,
255.0,
255.0,
255.0,
0.0,
2.0,
1.0,
254.0,
253.0,
255.0,
255.0,
253.0,
255.0,
255.0,
252.0,
255.0,
254.0,
255.0,
255.0,
254.0,
253.0,
255.0,
253.0,
255.0,
255.0,
255.0,
255.0,
255.0,
255.0,
252.0,
254.0,
255.0,
0.0,
0.0,
1.0,
252.0,
255.0,
255.0,
253.0,
255.0,
255.0,
254.0,
254.0,
255.0,
254.0,
254.0,
255.0,
254.0,
255.0,
255.0,
253.0,
255.0,
255.0,
255.0,
255.0,
255.0,
254.0,
255.0,
251.0,
249.0,
2.0,
0.0,
5.0,
254.0,
254.0,
254.0,
255.0,
254.0,
255.0,
255.0,
253.0,
254.0,
255.0,
255.0,
252.0,
255.0,
254.0,
254.0,
255.0,
251.0,
255.0,
255.0,
255.0,
255.0,
254.0,
255.0,
255.0,
255.0,
1.0,
1.0,
0.0,
255.0,
255.0,
252.0,
255.0,
255.0,
251.0,
249.0,
255.0,
233.0,
255.0,
254.0,
255.0,
253.0,
254.0,
255.0,
255.0,
255.0,
255.0,
255.0,
255.0,
255.0,
255.0,
254.0,
255.0,
253.0,
0.0,
2.0,
6.0,
253.0,
254.0,
255.0,
100.0,
0.0,
0.0,
4.0,
0.0,
1.0,
0.0,
253.0,
255.0,
255.0,
255.0,
253.0,
255.0,
252.0,
255.0,
255.0,
255.0,
255.0,
254.0,
255.0,
254.0,
255.0,
0.0,
0.0,
6.0,
0.0,
0.0,
0.0,
0.0,
3.0,
1.0,
0.0,
0.0,
2.0,
0.0,
2.0,
251.0,
255.0,
254.0,
255.0,
255.0,
255.0,
255.0,
255.0,
255.0,
255.0,
254.0,
255.0,
253.0,
173.0,
1.0,
2.0,
3.0,
0.0,
2.0,
1.0,
0.0,
1.0,
0.0,
1.0,
1.0,
210.0,
254.0,
253.0,
254.0,
255.0,
255.0,
253.0,
255.0,
253.0,
255.0,
255.0,
255.0,
255.0,
255.0,
255.0,
255.0,
64.0,
0.0,
0.0,
38.0,
0.0,
0.0,
0.0,
13.0,
254.0,
254.0,
255.0,
253.0,
255.0,
254.0,
255.0,
255.0,
255.0,
251.0,
255.0,
255.0,
253.0,
255.0,
255.0,
255.0,
255.0,
255.0,
255.0,
253.0,
1.0,
0.0,
2.0,
253.0,
254.0,
255.0,
255.0,
252.0,
255.0,
255.0,
251.0,
255.0,
254.0,
255.0,
255.0,
253.0,
253.0,
255.0,
255.0,
252.0,
255.0,
255.0,
255.0,
255.0,
255.0,
255.0,
253.0,
255.0,
0.0,
0.0,
0.0,
252.0,
254.0,
255.0,
255.0,
255.0,
255.0,
255.0,
255.0,
255.0,
255.0,
255.0,
255.0,
253.0,
255.0,
254.0,
255.0,
254.0,
255.0,
255.0,
255.0,
255.0,
255.0,
254.0,
255.0,
254.0,
1.0,
2.0,
0.0,
254.0,
254.0,
255.0,
255.0,
254.0,
255.0,
255.0,
255.0,
254.0,
253.0,
251.0,
253.0,
255.0,
255.0,
255.0,
250.0,
255.0,
253.0,
255.0,
255.0,
255.0,
255.0,
255.0,
255.0,
255.0,
0.0,
1.0,
0.0,
254.0,
255.0,
254.0,
255.0,
255.0,
255.0,
254.0,
254.0,
255.0,
255.0,
255.0,
255.0,
255.0,
253.0,
252.0,
255.0,
254.0,
255.0,
255.0,
255.0,
255.0,
255.0,
254.0,
254.0,
255.0,
0.0,
1.0,
3.0,
250.0,
255.0,
255.0,
255.0,
254.0,
254.0,
255.0,
255.0,
255.0,
254.0,
255.0,
252.0,
254.0,
255.0,
255.0,
255.0,
254.0,
255.0,
255.0,
255.0,
255.0,
255.0,
255.0,
255.0,
254.0,
0.0,
1.0,
37.0,
255.0,
251.0,
254.0,
255.0,
255.0,
255.0,
255.0,
255.0,
255.0,
253.0,
252.0,
255.0,
255.0,
254.0,
255.0,
255.0,
254.0,
255.0,
255.0,
255.0,
255.0,
255.0,
253.0,
255.0,
251.0,
3.0,
3.0,
170.0,
252.0,
255.0,
255.0,
255.0,
253.0,
252.0,
253.0,
255.0,
255.0,
255.0,
255.0,
254.0,
254.0,
252.0,
255.0,
254.0,
252.0,
255.0,
255.0,
255.0,
255.0,
255.0,
255.0,
254.0,
255.0,
0.0,
0.0,
245.0,
255.0,
254.0,
255.0,
254.0,
254.0,
255.0,
255.0,
248.0,
227.0,
208.0,
196.0,
255.0,
255.0,
255.0,
251.0,
253.0,
255.0,
254.0,
255.0,
255.0,
255.0,
255.0,
255.0,
255.0,
255.0,
0.0,
4.0,
233.0,
22.0,
3.0,
0.0,
2.0,
2.0,
0.0,
0.0,
1.0,
1.0,
0.0,
0.0,
1.0,
253.0,
254.0,
254.0,
255.0,
253.0,
255.0,
255.0,
255.0,
255.0,
255.0,
255.0,
252.0,
253.0,
2.0,
1.0,
1.0,
2.0,
0.0,
0.0,
1.0,
0.0,
1.0,
0.0,
0.0,
2.0,
0.0,
0.0,
2.0,
0.0,
255.0,
255.0,
255.0,
253.0,
255.0,
255.0,
255.0,
255.0,
255.0,
252.0,
255.0,
253.0,
203.0,
0.0,
0.0,
3.0,
1.0,
0.0,
3.0,
9.0,
161.0,
238.0,
253.0,
255.0,
248.0,
255.0,
254.0,
255.0,
253.0,
253.0,
255.0,
255.0,
253.0,
255.0,
255.0,
255.0,
255.0,
255.0,
253.0,
255.0,
255.0,
217.0,
2.0,
0.0,
251.0,
254.0,
253.0,
254.0,
254.0,
255.0,
255.0,
255.0,
255.0,
255.0,
253.0,
255.0,
255.0,
255.0,
255.0,
251.0,
255.0,
255.0,
255.0,
255.0,
255.0,
255.0,
255.0,
254.0,
254.0,
255.0,
253.0,
255.0,
255.0,
255.0,
255.0,
255.0,
252.0,
255.0,
253.0,
255.0,
254.0,
255.0,
252.0,
255.0,
255.0,
254.0,
255.0,
255.0,
253.0,
255.0,
255.0,
255.0,
255.0,
