254.0,
255.0,
255.0,
255.0,
253.0,
255.0,
254.0,
255.0,
255.0,
255.0,
255.0,
255.0,
254.0,
255.0,
255.0,
255.0,
255.0,
255.0,
255.0,
254.0,
255.0,
255.0,
252.0,
255.0,
255.0,
255.0,
255.0,
255.0,
255.0,
252.0,
255.0,
255.0,
255.0,
255.0,
254.0,
255.0,
254.0,
254.0,
255.0,
255.0,
255.0,
255.0,
254.0,
252.0,
253.0,
255.0,
255.0,
255.0,
255.0,
254.0,
255.0,
254.0,
255.0,
255.0,
255.0,
255.0,
255.0,
254.0,
255.0,
253.0,
254.0,
255.0,
255.0,
253.0,
255.0,
255.0,
255.0,
254.0,
255.0,
255.0,
255.0,
255.0,
254.0,
253.0,
255.0,
254.0,
254.0,
255.0,
255.0,
254.0,
255.0,
255.0,
255.0,
255.0,
252.0,
255.0,
251.0,
255.0,
255.0,
254.0,
255.0,
255.0,
254.0,
255.0,
255.0,
255.0,
255.0,
254.0,
253.0,
253.0,
255.0,
255.0,
255.0,
255.0,
254.0,
255.0,
255.0,
254.0,
255.0,
255.0,
255.0,
255.0,
255.0,
255.0,
255.0,
254.0,
254.0,
254.0,
253.0,
255.0,
255.0,
255.0,
255.0,
254.0,
255.0,
255.0,
254.0,
255.0,
252.0,
255.0,
253.0,
255.0,
255.0,
250.0,
255.0,
255.0,
255.0,
255.0,
255.0,
255.0,
253.0,
251.0,
255.0,
255.0,
254.0,
3.0,
2.0,
0.0,
0.0,
1.0,
0.0,
0.0,
2.0,
0.0,
0.0,
1.0,
0.0,
2.0,
1.0,
0.0,
2.0,
3.0,
4.0,
252.0,
255.0,
255.0,
255.0,
255.0,
255.0,
255.0,
255.0,
254.0,
255.0,
3.0,
0.0,
2.0,
1.0,
1.0,
2.0,
20.0,
59.0,
106.0,
152.0,
187.0,
235.0,
234.0,
243.0,
248.0,
247.0,
252.0,
255.0,
255.0,
255.0,
255.0,
255.0,
255.0,
255.0,
251.0,
255.0,
255.0,
251.0,
1.0,
16.0,
254.0,
255.0,
255.0,
253.0,
254.0,
255.0,
255.0,
252.0,
255.0,
253.0,
255.0,
255.0,
254.0,
255.0,
253.0,
255.0,
255.0,
255.0,
255.0,
255.0,
255.0,
255.0,
255.0,
255.0,
255.0,
255.0,
0.0,
31.0,
254.0,
254.0,
255.0,
254.0,
255.0,
255.0,
255.0,
254.0,
255.0,
255.0,
255.0,
255.0,
255.0,
255.0,
255.0,
255.0,
255.0,
255.0,
255.0,
255.0,
255.0,
253.0,
253.0,
255.0,
255.0,
254.0,
3.0,
89.0,
255.0,
254.0,
255.0,
251.0,
254.0,
255.0,
255.0,
254.0,
254.0,
255.0,
255.0,
255.0,
255.0,
255.0,
255.0,
255.0,
255.0,
255.0,
255.0,
255.0,
255.0,
254.0,
255.0,
252.0,
254.0,
255.0,
0.0,
157.0,
255.0,
255.0,
255.0,
255.0,
255.0,
255.0,
255.0,
255.0,
255.0,
255.0,
255.0,
255.0,
255.0,
255.0,
255.0,
255.0,
255.0,
255.0,
255.0,
255.0,
255.0,
254.0,
255.0,
255.0,
255.0,
253.0,
3.0,
236.0,
252.0,
255.0,
255.0,
252.0,
255.0,
253.0,
255.0,
252.0,
255.0,
255.0,
255.0,
255.0,
255.0,
255.0,
255.0,
255.0,
255.0,
255.0,
255.0,
255.0,
255.0,
255.0,
253.0,
255.0,
254.0,
253.0,
0.0,
253.0,
255.0,
255.0,
255.0,
255.0,
254.0,
253.0,
255.0,
255.0,
255.0,
255.0,
255.0,
255.0,
255.0,
255.0,
255.0,
255.0,
255.0,
255.0,
255.0,
255.0,
255.0,
253.0,
254.0,
255.0,
253.0,
255.0,
0.0,
252.0,
255.0,
253.0,
255.0,
255.0,
254.0,
255.0,
251.0,
253.0,
255.0,
255.0,
255.0,
255.0,
255.0,
255.0,
255.0,
255.0,
255.0,
255.0,
255.0,
255.0,
255.0,
255.0,
255.0,
255.0,
254.0,
0.0,
4.0,
0.0,
3.0,
4.0,
1.0,
0.0,
0.0,
0.0,
255.0,
255.0,
253.0,
255.0,
255.0,
255.0,
255.0,
255.0,
255.0,
255.0,
255.0,
255.0,
255.0,
255.0,
255.0,
254.0,
255.0,
255.0,
254.0,
30.0,
0.0,
255.0,
254.0,
251.0,
211.0,
160.0,
106.0,
58.0,
255.0,
250.0,
255.0,
255.0,
255.0,
255.0,
255.0,
255.0,
255.0,
255.0,
255.0,
255.0,
255.0,
255.0,
255.0,
255.0,
254.0,
254.0,
255.0,
6.0,
0.0,
255.0,
255.0,
255.0,
255.0,
255.0,
255.0,
255.0,
255.0,
255.0,
255.0,
255.0,
255.0,
255.0,
255.0,
255.0,
255.0,
255.0,
255.0,
255.0,
255.0,
255.0,
255.0,
252.0,
255.0,
254.0,
255.0,
0.0,
19.0,
253.0,
255.0,
255.0,
255.0,
255.0,
255.0,
255.0,
255.0,
255.0,
255.0,
255.0,
255.0,
255.0,
255.0,
255.0,
255.0,
255.0,
255.0,
255.0,
255.0,
255.0,
255.0,
255.0,
255.0,
255.0,
255.0,
0.0,
48.0,
255.0,
255.0,
255.0,
255.0,
255.0,
255.0,
255.0,
255.0,
255.0,
255.0,
255.0,
255.0,
255.0,
255.0,
255.0,
255.0,
255.0,
255.0,
255.0,
255.0,
255.0,
255.0,
255.0,
255.0,
254.0,
255.0,
2.0,
98.0,
254.0,
253.0,
255.0,
255.0,
255.0,
255.0,
255.0,
255.0,
255.0,
255.0,
255.0,
255.0,
255.0,
255.0,
255.0,
255.0,
255.0,
255.0,
255.0,
255.0,
255.0,
255.0,
254.0,
255.0,
255.0,
249.0,
1.0,
150.0,
254.0,
255.0,
255.0,
255.0,
255.0,
255.0,
255.0,
255.0,
255.0,
255.0,
255.0,
255.0,
255.0,
255.0,
255.0,
255.0,
255.0,
255.0,
255.0,
255.0,
255.0,
255.0,
255.0,
252.0,
255.0,
255.0,
0.0,
202.0,
255.0,
255.0,
255.0,
255.0,
255.0,
255.0,
255.0,
255.0,
255.0,
255.0,
255.0,
255.0,
255.0,
255.0,
255.0,
255.0,
255.0,
255.0,
255.0,
255.0,
255.0,
255.0,
255.0,
253.0,
255.0,
254.0,
0.0,
249.0,
254.0,
254.0,
255.0,
255.0,
255.0,
255.0,
255.0,
255.0,
255.0,
255.0,
255.0,
255.0,
255.0,
255.0,
255.0,
255.0,
255.0,
255.0,
255.0,
255.0,
255.0,
255.0,
255.0,
255.0,
254.0,
191.0,
0.0,
254.0,
255.0,
254.0,
255.0,
255.0,
255.0,
255.0,
255.0,
255.0,
255.0,
255.0,
255.0,
255.0,
255.0,
255.0,
255.0,
255.0,
255.0,
255.0,
255.0,
255.0,
255.0,
255.0,
255.0,
255.0,
255.0,
17.0,
0.0,
255.0,
255.0,
254.0,
220.0,
180.0,
138.0,
85.0,
48.0,
3.0,
0.0,
1.0,
0.0,
4.0,
0.0,
90.0,
255.0,
253.0,
255.0,
254.0,
255.0,
255.0,
255.0,
255.0,
255.0,
252.0,
255.0,
147.0,
3.0,
0.0,
0.0,
0.0,
3.0,
0.0,
1.0,
0.0,
0.0,
0.0,
1.0,
3.0,
0.0,
53.0,
130.0,
255.0,
255.0,
255.0,
255.0,
255.0,
255.0,
255.0,
255.0,
255.0,
252.0,
255.0,
253.0,
255.0,
249.0,
253.0,
255.0,
254.0,
252.0,
255.0,
254.0,
255.0,
254.0,
255.0,
255.0,
254.0,
255.0,
255.0,
252.0,
255.0,
254.0,
255.0,
255.0,
254.0,
255.0,
255.0,
255.0,
255.0,
255.0,
255.0,
253.0,
255.0,
255.0,
255.0,
255.0,
254.0,
255.0,
255.0,
253.0,
255.0,
251.0,
255.0,
253.0,
254.0,
255.0,
253.0,
255.0,
253.0,
253.0,
255.0,
253.0,
255.0,
255.0,
255.0,
255.0,
255.0,
