254.0,
255.0,
254.0,
254.0,
254.0,
253.0,
252.0,
255.0,
255.0,
255.0,
255.0,
254.0,
254.0,
253.0,
254.0,
254.0,
254.0,
254.0,
250.0,
255.0,
252.0,
255.0,
255.0,
254.0,
255.0,
255.0,
255.0,
255.0,
255.0,
254.0,
253.0,
253.0,
244.0,
240.0,
237.0,
234.0,
234.0,
233.0,
233.0,
232.0,
231.0,
227.0,
221.0,
217.0,
210.0,
203.0,
198.0,
217.0,
249.0,
254.0,
253.0,
255.0,
255.0,
255.0,
255.0,
255.0,
254.0,
254.0,
253.0,
226.0,
166.0,
136.0,
131.0,
130.0,
129.0,
127.0,
124.0,
121.0,
117.0,
109.0,
100.0,
93.0,
86.0,
76.0,
72.0,
118.0,
214.0,
250.0,
254.0,
255.0,
255.0,
255.0,
255.0,
255.0,
254.0,
255.0,
247.0,
179.0,
71.0,
25.0,
23.0,
22.0,
21.0,
21.0,
20.0,
20.0,
20.0,
18.0,
16.0,
14.0,
13.0,
12.0,
20.0,
82.0,
200.0,
251.0,
255.0,
254.0,
255.0,
255.0,
255.0,
255.0,
254.0,
255.0,
247.0,
175.0,
60.0,
18.0,
24.0,
33.0,
34.0,
36.0,
38.0,
39.0,
42.0,
45.0,
51.0,
55.0,
64.0,
77.0,
99.0,
151.0,
225.0,
250.0,
253.0,
255.0,
255.0,
255.0,
255.0,
255.0,
255.0,
254.0,
253.0,
198.0,
80.0,
32.0,
68.0,
132.0,
152.0,
156.0,
160.0,
163.0,
166.0,
171.0,
179.0,
184.0,
194.0,
207.0,
218.0,
235.0,
253.0,
255.0,
255.0,
255.0,
255.0,
255.0,
255.0,
255.0,
255.0,
253.0,
252.0,
202.0,
73.0,
12.0,
77.0,
198.0,
242.0,
244.0,
246.0,
247.0,
245.0,
245.0,
247.0,
250.0,
249.0,
254.0,
252.0,
251.0,
253.0,
255.0,
255.0,
253.0,
255.0,
255.0,
255.0,
255.0,
254.0,
255.0,
255.0,
204.0,
75.0,
13.0,
74.0,
200.0,
252.0,
253.0,
255.0,
255.0,
255.0,
255.0,
255.0,
255.0,
255.0,
254.0,
255.0,
255.0,
255.0,
253.0,
255.0,
255.0,
255.0,
255.0,
255.0,
255.0,
255.0,
255.0,
253.0,
206.0,
80.0,
13.0,
68.0,
198.0,
251.0,
255.0,
255.0,
253.0,
255.0,
255.0,
253.0,
255.0,
255.0,
252.0,
255.0,
254.0,
255.0,
255.0,
252.0,
255.0,
255.0,
255.0,
255.0,
255.0,
255.0,
253.0,
254.0,
212.0,
84.0,
13.0,
65.0,
196.0,
250.0,
254.0,
255.0,
255.0,
255.0,
255.0,
255.0,
255.0,
255.0,
255.0,
255.0,
255.0,
255.0,
255.0,
254.0,
255.0,
255.0,
255.0,
255.0,
255.0,
255.0,
254.0,
255.0,
213.0,
88.0,
15.0,
62.0,
192.0,
253.0,
255.0,
255.0,
255.0,
254.0,
253.0,
255.0,
255.0,
255.0,
254.0,
253.0,
255.0,
255.0,
253.0,
255.0,
255.0,
255.0,
255.0,
255.0,
255.0,
255.0,
255.0,
253.0,
213.0,
94.0,
14.0,
59.0,
182.0,
241.0,
248.0,
248.0,
251.0,
251.0,
252.0,
255.0,
243.0,
244.0,
250.0,
255.0,
255.0,
253.0,
255.0,
255.0,
255.0,
255.0,
255.0,
255.0,
255.0,
254.0,
255.0,
250.0,
217.0,
97.0,
11.0,
44.0,
124.0,
168.0,
182.0,
187.0,
195.0,
200.0,
204.0,
203.0,
183.0,
172.0,
208.0,
249.0,
255.0,
253.0,
255.0,
255.0,
254.0,
255.0,
255.0,
255.0,
255.0,
255.0,
255.0,
253.0,
220.0,
95.0,
10.0,
17.0,
30.0,
40.0,
50.0,
55.0,
61.0,
67.0,
72.0,
70.0,
55.0,
51.0,
136.0,
229.0,
255.0,
255.0,
255.0,
253.0,
255.0,
255.0,
255.0,
255.0,
255.0,
255.0,
255.0,
255.0,
223.0,
98.0,
11.0,
12.0,
16.0,
18.0,
17.0,
13.0,
12.0,
13.0,
13.0,
13.0,
13.0,
35.0,
133.0,
228.0,
255.0,
255.0,
255.0,
253.0,
255.0,
255.0,
255.0,
255.0,
255.0,
255.0,
253.0,
254.0,
227.0,
106.0,
12.0,
32.0,
84.0,
107.0,
98.0,
89.0,
84.0,
79.0,
71.0,
70.0,
82.0,
127.0,
199.0,
249.0,
255.0,
254.0,
255.0,
255.0,
254.0,
255.0,
255.0,
255.0,
255.0,
255.0,
255.0,
255.0,
228.0,
112.0,
16.0,
43.0,
155.0,
217.0,
222.0,
214.0,
210.0,
205.0,
204.0,
204.0,
207.0,
228.0,
244.0,
255.0,
255.0,
255.0,
255.0,
255.0,
254.0,
255.0,
255.0,
255.0,
255.0,
254.0,
255.0,
255.0,
229.0,
118.0,
19.0,
43.0,
167.0,
245.0,
254.0,
253.0,
255.0,
253.0,
253.0,
252.0,
254.0,
255.0,
255.0,
255.0,
254.0,
255.0,
255.0,
254.0,
254.0,
255.0,
255.0,
255.0,
255.0,
255.0,
254.0,
255.0,
230.0,
121.0,
19.0,
38.0,
164.0,
245.0,
255.0,
255.0,
255.0,
255.0,
255.0,
254.0,
255.0,
253.0,
255.0,
255.0,
254.0,
255.0,
255.0,
255.0,
254.0,
255.0,
255.0,
255.0,
255.0,
255.0,
252.0,
255.0,
233.0,
124.0,
23.0,
38.0,
156.0,
244.0,
254.0,
254.0,
255.0,
254.0,
255.0,
254.0,
255.0,
254.0,
255.0,
254.0,
253.0,
255.0,
255.0,
255.0,
255.0,
255.0,
255.0,
255.0,
255.0,
255.0,
254.0,
254.0,
234.0,
130.0,
24.0,
33.0,
152.0,
242.0,
254.0,
255.0,
255.0,
255.0,
255.0,
255.0,
255.0,
255.0,
255.0,
252.0,
255.0,
255.0,
254.0,
252.0,
255.0,
255.0,
255.0,
255.0,
255.0,
254.0,
255.0,
253.0,
236.0,
139.0,
25.0,
29.0,
150.0,
242.0,
255.0,
255.0,
255.0,
253.0,
255.0,
255.0,
254.0,
251.0,
255.0,
255.0,
255.0,
255.0,
255.0,
255.0,
255.0,
255.0,
255.0,
255.0,
255.0,
253.0,
255.0,
254.0,
239.0,
137.0,
26.0,
29.0,
128.0,
230.0,
245.0,
246.0,
246.0,
245.0,
249.0,
248.0,
247.0,
242.0,
235.0,
233.0,
241.0,
252.0,
255.0,
254.0,
254.0,
255.0,
255.0,
255.0,
255.0,
255.0,
253.0,
253.0,
236.0,
121.0,
14.0,
16.0,
84.0,
153.0,
170.0,
175.0,
177.0,
175.0,
176.0,
171.0,
167.0,
150.0,
123.0,
127.0,
184.0,
241.0,
255.0,
254.0,
255.0,
255.0,
255.0,
255.0,
255.0,
255.0,
255.0,
252.0,
228.0,
85.0,
4.0,
5.0,
17.0,
38.0,
45.0,
47.0,
46.0,
47.0,
48.0,
46.0,
44.0,
34.0,
21.0,
33.0,
114.0,
223.0,
253.0,
255.0,
255.0,
255.0,
255.0,
255.0,
255.0,
255.0,
255.0,
253.0,
226.0,
99.0,
11.0,
3.0,
12.0,
15.0,
18.0,
18.0,
15.0,
16.0,
17.0,
17.0,
18.0,
23.0,
30.0,
59.0,
137.0,
228.0,
255.0,
255.0,
253.0,
255.0,
255.0,
255.0,
255.0,
254.0,
254.0,
255.0,
249.0,
165.0,
60.0,
39.0,
81.0,
110.0,
110.0,
108.0,
106.0,
106.0,
107.0,
108.0,
111.0,
125.0,
149.0,
178.0,
218.0,
251.0,
254.0,
254.0,
255.0,
255.0,
255.0,
255.0,
255.0,
255.0,
255.0,
252.0,
248.0,
235.0,
187.0,
173.0,
208.0,
226.0,
226.0,
224.0,
224.0,
225.0,
224.0,
225.0,
228.0,
231.0,
243.0,
246.0,
253.0,
254.0,
253.0,
254.0,
255.0,
255.0,
255.0,
255.0,
255.0,
