255.0,
255.0,
252.0,
250.0,
254.0,
253.0,
254.0,
255.0,
255.0,
255.0,
255.0,
255.0,
255.0,
255.0,
255.0,
255.0,
255.0,
255.0,
255.0,
255.0,
254.0,
255.0,
254.0,
255.0,
255.0,
255.0,
255.0,
255.0,
255.0,
250.0,
223.0,
192.0,
208.0,
242.0,
249.0,
248.0,
249.0,
249.0,
249.0,
249.0,
248.0,
247.0,
246.0,
245.0,
245.0,
244.0,
241.0,
238.0,
239.0,
242.0,
250.0,
254.0,
255.0,
255.0,
255.0,
255.0,
255.0,
235.0,
149.0,
73.0,
94.0,
156.0,
184.0,
188.0,
185.0,
185.0,
184.0,
182.0,
179.0,
176.0,
172.0,
170.0,
161.0,
155.0,
148.0,
141.0,
141.0,
154.0,
206.0,
248.0,
255.0,
255.0,
255.0,
255.0,
253.0,
228.0,
105.0,
11.0,
16.0,
42.0,
56.0,
54.0,
57.0,
57.0,
56.0,
53.0,
50.0,
46.0,
43.0,
41.0,
43.0,
36.0,
31.0,
26.0,
24.0,
46.0,
146.0,
236.0,
255.0,
255.0,
255.0,
255.0,
255.0,
233.0,
111.0,
12.0,
6.0,
7.0,
14.0,
15.0,
14.0,
14.0,
14.0,
15.0,
16.0,
16.0,
17.0,
17.0,
18.0,
19.0,
24.0,
27.0,
32.0,
57.0,
154.0,
237.0,
255.0,
255.0,
255.0,
255.0,
254.0,
241.0,
144.0,
24.0,
11.0,
44.0,
83.0,
95.0,
95.0,
96.0,
97.0,
100.0,
104.0,
107.0,
111.0,
113.0,
121.0,
128.0,
136.0,
140.0,
151.0,
171.0,
218.0,
250.0,
255.0,
255.0,
255.0,
255.0,
255.0,
250.0,
179.0,
45.0,
13.0,
82.0,
183.0,
215.0,
217.0,
218.0,
219.0,
220.0,
222.0,
225.0,
227.0,
228.0,
230.0,
233.0,
235.0,
235.0,
240.0,
248.0,
254.0,
254.0,
255.0,
255.0,
255.0,
255.0,
255.0,
250.0,
198.0,
73.0,
14.0,
68.0,
204.0,
249.0,
255.0,
255.0,
255.0,
255.0,
255.0,
255.0,
255.0,
255.0,
255.0,
254.0,
255.0,
255.0,
255.0,
255.0,
254.0,
255.0,
255.0,
255.0,
255.0,
255.0,
255.0,
252.0,
218.0,
93.0,
15.0,
50.0,
179.0,
246.0,
255.0,
255.0,
255.0,
254.0,
254.0,
255.0,
255.0,
255.0,
255.0,
254.0,
254.0,
255.0,
255.0,
254.0,
255.0,
255.0,
255.0,
255.0,
255.0,
255.0,
255.0,
255.0,
233.0,
122.0,
23.0,
33.0,
154.0,
243.0,
254.0,
254.0,
255.0,
255.0,
255.0,
255.0,
253.0,
253.0,
255.0,
255.0,
255.0,
254.0,
253.0,
255.0,
255.0,
252.0,
255.0,
255.0,
255.0,
255.0,
254.0,
253.0,
239.0,
147.0,
33.0,
23.0,
127.0,
235.0,
255.0,
255.0,
254.0,
254.0,
254.0,
253.0,
255.0,
255.0,
255.0,
254.0,
255.0,
255.0,
255.0,
255.0,
255.0,
255.0,
255.0,
255.0,
255.0,
255.0,
255.0,
255.0,
248.0,
170.0,
44.0,
18.0,
104.0,
223.0,
252.0,
254.0,
254.0,
255.0,
255.0,
254.0,
255.0,
254.0,
255.0,
254.0,
255.0,
255.0,
255.0,
252.0,
253.0,
255.0,
255.0,
255.0,
255.0,
255.0,
255.0,
255.0,
249.0,
192.0,
62.0,
15.0,
82.0,
208.0,
251.0,
255.0,
255.0,
255.0,
255.0,
255.0,
255.0,
253.0,
252.0,
250.0,
246.0,
237.0,
237.0,
241.0,
255.0,
255.0,
255.0,
255.0,
255.0,
255.0,
253.0,
251.0,
253.0,
215.0,
85.0,
11.0,
62.0,
192.0,
248.0,
254.0,
250.0,
249.0,
247.0,
243.0,
240.0,
230.0,
215.0,
196.0,
170.0,
145.0,
134.0,
154.0,
217.0,
251.0,
255.0,
255.0,
255.0,
255.0,
255.0,
252.0,
248.0,
215.0,
99.0,
15.0,
47.0,
154.0,
214.0,
214.0,
203.0,
193.0,
178.0,
159.0,
143.0,
125.0,
94.0,
70.0,
44.0,
29.0,
24.0,
62.0,
176.0,
244.0,
255.0,
255.0,
255.0,
255.0,
240.0,
212.0,
182.0,
155.0,
79.0,
13.0,
15.0,
73.0,
96.0,
90.0,
72.0,
61.0,
50.0,
37.0,
30.0,
18.0,
14.0,
11.0,
16.0,
30.0,
38.0,
77.0,
188.0,
246.0,
255.0,
255.0,
255.0,
255.0,
206.0,
104.0,
60.0,
40.0,
20.0,
6.0,
0.0,
13.0,
13.0,
15.0,
12.0,
13.0,
17.0,
19.0,
23.0,
38.0,
52.0,
75.0,
105.0,
132.0,
159.0,
193.0,
230.0,
254.0,
255.0,
255.0,
255.0,
255.0,
185.0,
64.0,
16.0,
18.0,
12.0,
4.0,
4.0,
19.0,
44.0,
61.0,
70.0,
83.0,
101.0,
121.0,
138.0,
157.0,
180.0,
199.0,
221.0,
236.0,
243.0,
248.0,
254.0,
255.0,
255.0,
255.0,
255.0,
255.0,
214.0,
138.0,
106.0,
108.0,
84.0,
25.0,
12.0,
61.0,
155.0,
188.0,
202.0,
210.0,
221.0,
232.0,
236.0,
243.0,
248.0,
252.0,
255.0,
254.0,
253.0,
253.0,
254.0,
254.0,
255.0,
255.0,
255.0,
255.0,
251.0,
234.0,
222.0,
218.0,
176.0,
58.0,
11.0,
83.0,
207.0,
247.0,
254.0,
253.0,
253.0,
255.0,
253.0,
253.0,
254.0,
255.0,
255.0,
255.0,
255.0,
255.0,
255.0,
254.0,
255.0,
255.0,
255.0,
255.0,
255.0,
255.0,
253.0,
252.0,
206.0,
74.0,
12.0,
73.0,
204.0,
251.0,
254.0,
253.0,
253.0,
255.0,
255.0,
255.0,
255.0,
255.0,
254.0,
253.0,
253.0,
254.0,
255.0,
255.0,
255.0,
255.0,
255.0,
255.0,
253.0,
255.0,
255.0,
254.0,
209.0,
82.0,
15.0,
65.0,
197.0,
252.0,
255.0,
255.0,
255.0,
255.0,
252.0,
253.0,
254.0,
255.0,
255.0,
255.0,
255.0,
255.0,
255.0,
255.0,
255.0,
255.0,
255.0,
255.0,
254.0,
255.0,
255.0,
251.0,
217.0,
93.0,
13.0,
57.0,
189.0,
250.0,
253.0,
255.0,
255.0,
255.0,
255.0,
255.0,
255.0,
255.0,
254.0,
254.0,
254.0,
254.0,
255.0,
255.0,
255.0,
255.0,
255.0,
255.0,
255.0,
255.0,
255.0,
252.0,
218.0,
96.0,
13.0,
53.0,
182.0,
249.0,
254.0,
255.0,
255.0,
255.0,
254.0,
254.0,
255.0,
255.0,
255.0,
255.0,
255.0,
255.0,
255.0,
255.0,
255.0,
255.0,
255.0,
255.0,
255.0,
255.0,
254.0,
254.0,
216.0,
96.0,
15.0,
51.0,
177.0,
250.0,
255.0,
253.0,
255.0,
254.0,
255.0,
255.0,
255.0,
255.0,
255.0,
255.0,
255.0,
255.0,
255.0,
255.0,
255.0,
255.0,
255.0,
255.0,
253.0,
253.0,
253.0,
255.0,
230.0,
120.0,
34.0,
70.0,
193.0,
249.0,
253.0,
255.0,
255.0,
255.0,
254.0,
254.0,
255.0,
255.0,
255.0,
255.0,
255.0,
255.0,
255.0,
255.0,
255.0,
255.0,
255.0,
255.0,
255.0,
255.0,
255.0,
253.0,
245.0,
185.0,
126.0,
151.0,
225.0,
253.0,
253.0,
255.0,
255.0,
255.0,
254.0,
255.0,
255.0,
255.0,
255.0,
255.0,
255.0,
255.0,
255.0,
255.0,
255.0,
255.0,
255.0,
255.0,
254.0,
253.0,
255.0,
253.0,
254.0,
245.0,
225.0,
235.0,
249.0,
255.0,
255.0,
255.0,
253.0,
255.0,
255.0,
255.0,
255.0,
255.0,
255.0,
255.0,
255.0,
255.0,
255.0,
255.0,
255.0,
255.0,
255.0,
255.0,
