254.0,
255.0,
255.0,
251.0,
255.0,
254.0,
254.0,
255.0,
255.0,
251.0,
253.0,
255.0,
252.0,
255.0,
255.0,
254.0,
255.0,
255.0,
253.0,
255.0,
252.0,
255.0,
255.0,
255.0,
255.0,
255.0,
255.0,
255.0,
254.0,
255.0,
252.0,
255.0,
254.0,
253.0,
255.0,
255.0,
255.0,
255.0,
255.0,
253.0,
252.0,
255.0,
248.0,
255.0,
252.0,
254.0,
255.0,
255.0,
255.0,
251.0,
254.0,
255.0,
255.0,
255.0,
255.0,
255.0,
255.0,
253.0,
255.0,
250.0,
247.0,
255.0,
255.0,
252.0,
254.0,
240.0,
215.0,
150.0,
124.0,
117.0,
47.0,
67.0,
77.0,
114.0,
7.0,
154.0,
255.0,
255.0,
254.0,
255.0,
255.0,
255.0,
255.0,
255.0,
255.0,
254.0,
253.0,
147.0,
0.0,
36.0,
90.0,
21.0,
17.0,
2.0,
2.0,
0.0,
3.0,
2.0,
4.0,
0.0,
0.0,
0.0,
2.0,
83.0,
255.0,
255.0,
254.0,
255.0,
255.0,
255.0,
255.0,
255.0,
251.0,
255.0,
254.0,
111.0,
2.0,
0.0,
3.0,
45.0,
2.0,
50.0,
43.0,
61.0,
177.0,
163.0,
167.0,
141.0,
204.0,
228.0,
239.0,
255.0,
255.0,
255.0,
254.0,
254.0,
255.0,
255.0,
255.0,
255.0,
255.0,
252.0,
255.0,
255.0,
31.0,
3.0,
146.0,
248.0,
253.0,
255.0,
251.0,
255.0,
252.0,
255.0,
255.0,
255.0,
252.0,
254.0,
254.0,
255.0,
253.0,
253.0,
255.0,
255.0,
255.0,
255.0,
255.0,
255.0,
254.0,
255.0,
255.0,
252.0,
254.0,
0.0,
55.0,
255.0,
254.0,
253.0,
255.0,
255.0,
255.0,
255.0,
253.0,
253.0,
255.0,
255.0,
253.0,
255.0,
255.0,
254.0,
255.0,
253.0,
255.0,
255.0,
255.0,
255.0,
255.0,
253.0,
255.0,
253.0,
255.0,
7.0,
4.0,
254.0,
255.0,
254.0,
255.0,
254.0,
254.0,
253.0,
255.0,
255.0,
255.0,
255.0,
255.0,
255.0,
254.0,
255.0,
254.0,
255.0,
255.0,
255.0,
255.0,
255.0,
255.0,
253.0,
255.0,
254.0,
252.0,
39.0,
1.0,
244.0,
255.0,
252.0,
255.0,
253.0,
255.0,
254.0,
255.0,
254.0,
254.0,
255.0,
255.0,
253.0,
255.0,
255.0,
252.0,
255.0,
255.0,
255.0,
255.0,
255.0,
254.0,
255.0,
254.0,
254.0,
254.0,
74.0,
0.0,
143.0,
250.0,
255.0,
254.0,
255.0,
255.0,
254.0,
252.0,
145.0,
255.0,
254.0,
255.0,
255.0,
255.0,
254.0,
255.0,
255.0,
255.0,
255.0,
255.0,
255.0,
255.0,
252.0,
255.0,
253.0,
255.0,
192.0,
1.0,
64.0,
255.0,
255.0,
254.0,
253.0,
252.0,
58.0,
5.0,
4.0,
109.0,
254.0,
251.0,
255.0,
253.0,
255.0,
253.0,
253.0,
255.0,
255.0,
255.0,
255.0,
255.0,
255.0,
252.0,
255.0,
254.0,
205.0,
8.0,
31.0,
253.0,
219.0,
166.0,
58.0,
10.0,
5.0,
35.0,
51.0,
244.0,
255.0,
255.0,
251.0,
255.0,
254.0,
255.0,
255.0,
255.0,
255.0,
255.0,
255.0,
255.0,
255.0,
253.0,
254.0,
255.0,
255.0,
5.0,
1.0,
36.0,
8.0,
4.0,
6.0,
8.0,
121.0,
252.0,
255.0,
249.0,
255.0,
254.0,
255.0,
255.0,
255.0,
253.0,
254.0,
255.0,
255.0,
255.0,
255.0,
252.0,
252.0,
255.0,
255.0,
252.0,
253.0,
1.0,
0.0,
2.0,
33.0,
117.0,
142.0,
255.0,
255.0,
252.0,
255.0,
255.0,
253.0,
254.0,
255.0,
253.0,
253.0,
255.0,
255.0,
255.0,
255.0,
255.0,
255.0,
255.0,
255.0,
253.0,
253.0,
255.0,
255.0,
157.0,
3.0,
187.0,
255.0,
250.0,
255.0,
252.0,
252.0,
255.0,
253.0,
255.0,
255.0,
255.0,
250.0,
255.0,
255.0,
254.0,
255.0,
255.0,
255.0,
255.0,
255.0,
253.0,
255.0,
253.0,
254.0,
255.0,
253.0,
129.0,
0.0,
125.0,
252.0,
255.0,
254.0,
254.0,
255.0,
254.0,
255.0,
255.0,
252.0,
255.0,
255.0,
255.0,
251.0,
255.0,
253.0,
255.0,
255.0,
255.0,
255.0,
252.0,
254.0,
255.0,
254.0,
255.0,
255.0,
67.0,
0.0,
154.0,
255.0,
254.0,
255.0,
255.0,
254.0,
255.0,
255.0,
255.0,
255.0,
255.0,
255.0,
255.0,
255.0,
255.0,
255.0,
255.0,
255.0,
255.0,
255.0,
255.0,
255.0,
254.0,
255.0,
255.0,
252.0,
80.0,
0.0,
134.0,
255.0,
255.0,
255.0,
255.0,
255.0,
255.0,
254.0,
255.0,
255.0,
255.0,
255.0,
255.0,
255.0,
255.0,
255.0,
255.0,
255.0,
255.0,
255.0,
254.0,
254.0,
254.0,
255.0,
255.0,
255.0,
64.0,
1.0,
107.0,
255.0,
255.0,
251.0,
255.0,
255.0,
254.0,
255.0,
255.0,
255.0,
255.0,
255.0,
255.0,
255.0,
255.0,
255.0,
255.0,
255.0,
255.0,
255.0,
255.0,
255.0,
255.0,
255.0,
253.0,
251.0,
140.0,
0.0,
123.0,
255.0,
253.0,
255.0,
255.0,
253.0,
255.0,
255.0,
255.0,
255.0,
255.0,
255.0,
255.0,
255.0,
255.0,
255.0,
255.0,
255.0,
255.0,
255.0,
254.0,
253.0,
255.0,
251.0,
255.0,
255.0,
125.0,
0.0,
108.0,
253.0,
255.0,
254.0,
255.0,
255.0,
253.0,
255.0,
255.0,
255.0,
255.0,
255.0,
255.0,
255.0,
255.0,
255.0,
255.0,
255.0,
255.0,
255.0,
255.0,
255.0,
254.0,
255.0,
255.0,
251.0,
101.0,
3.0,
121.0,
251.0,
255.0,
251.0,
254.0,
255.0,
254.0,
255.0,
255.0,
255.0,
255.0,
255.0,
255.0,
255.0,
255.0,
255.0,
255.0,
255.0,
255.0,
255.0,
253.0,
254.0,
254.0,
255.0,
255.0,
255.0,
39.0,
4.0,
201.0,
254.0,
255.0,
255.0,
252.0,
253.0,
255.0,
254.0,
255.0,
255.0,
255.0,
255.0,
255.0,
255.0,
255.0,
255.0,
255.0,
255.0,
255.0,
255.0,
255.0,
255.0,
255.0,
253.0,
255.0,
255.0,
87.0,
0.0,
210.0,
255.0,
254.0,
254.0,
255.0,
255.0,
253.0,
255.0,
255.0,
255.0,
255.0,
255.0,
255.0,
255.0,
255.0,
255.0,
255.0,
255.0,
255.0,
255.0,
255.0,
255.0,
255.0,
255.0,
255.0,
255.0,
21.0,
8.0,
254.0,
254.0,
254.0,
255.0,
255.0,
255.0,
255.0,
255.0,
255.0,
255.0,
255.0,
255.0,
255.0,
255.0,
255.0,
255.0,
255.0,
255.0,
255.0,
255.0,
255.0,
254.0,
255.0,
251.0,
255.0,
255.0,
8.0,
6.0,
254.0,
254.0,
255.0,
255.0,
255.0,
255.0,
255.0,
255.0,
255.0,
255.0,
255.0,
255.0,
255.0,
255.0,
255.0,
255.0,
255.0,
255.0,
255.0,
255.0,
254.0,
254.0,
254.0,
255.0,
255.0,
255.0,
138.0,
101.0,
254.0,
255.0,
255.0,
255.0,
255.0,
255.0,
255.0,
255.0,
255.0,
255.0,
255.0,
255.0,
255.0,
255.0,
255.0,
255.0,
255.0,
255.0,
255.0,
255.0,
255.0,
253.0,
255.0,
254.0,
253.0,
255.0,
255.0,
252.0,
255.0,
255.0,
255.0,
255.0,
255.0,
255.0,
255.0,
255.0,
255.0,
255.0,
255.0,
255.0,
255.0,
255.0,
255.0,
255.0,
255.0,
255.0,
255.0,
255.0,
