255.0,
255.0,
255.0,
251.0,
255.0,
255.0,
251.0,
255.0,
254.0,
254.0,
255.0,
255.0,
255.0,
255.0,
255.0,
255.0,
254.0,
254.0,
255.0,
254.0,
255.0,
252.0,
255.0,
255.0,
255.0,
255.0,
255.0,
255.0,
254.0,
253.0,
255.0,
255.0,
254.0,
252.0,
255.0,
255.0,
255.0,
255.0,
255.0,
255.0,
255.0,
255.0,
255.0,
255.0,
255.0,
252.0,
253.0,
254.0,
255.0,
255.0,
255.0,
255.0,
255.0,
255.0,
255.0,
255.0,
255.0,
254.0,
254.0,
255.0,
252.0,
255.0,
254.0,
253.0,
254.0,
255.0,
255.0,
255.0,
255.0,
255.0,
255.0,
255.0,
255.0,
255.0,
255.0,
255.0,
255.0,
253.0,
253.0,
255.0,
255.0,
255.0,
255.0,
255.0,
255.0,
254.0,
255.0,
251.0,
254.0,
255.0,
255.0,
255.0,
255.0,
255.0,
255.0,
255.0,
255.0,
255.0,
255.0,
255.0,
254.0,
255.0,
254.0,
254.0,
255.0,
255.0,
255.0,
255.0,
255.0,
255.0,
255.0,
255.0,
254.0,
252.0,
252.0,
255.0,
254.0,
253.0,
252.0,
254.0,
255.0,
255.0,
255.0,
255.0,
255.0,
254.0,
254.0,
254.0,
255.0,
255.0,
255.0,
255.0,
253.0,
255.0,
254.0,
254.0,
255.0,
255.0,
255.0,
255.0,
255.0,
255.0,
255.0,
255.0,
255.0,
0.0,
2.0,
1.0,
0.0,
0.0,
0.0,
0.0,
0.0,
1.0,
1.0,
1.0,
0.0,
0.0,
3.0,
0.0,
2.0,
2.0,
1.0,
255.0,
255.0,
255.0,
255.0,
255.0,
255.0,
254.0,
255.0,
254.0,
253.0,
0.0,
2.0,
0.0,
1.0,
0.0,
0.0,
0.0,
0.0,
0.0,
0.0,
0.0,
1.0,
0.0,
0.0,
0.0,
5.0,
0.0,
0.0,
96.0,
255.0,
255.0,
255.0,
255.0,
255.0,
253.0,
255.0,
255.0,
255.0,
253.0,
20.0,
15.0,
13.0,
11.0,
9.0,
7.0,
4.0,
2.0,
0.0,
0.0,
0.0,
3.0,
0.0,
1.0,
0.0,
0.0,
4.0,
253.0,
255.0,
255.0,
255.0,
255.0,
255.0,
255.0,
255.0,
255.0,
255.0,
255.0,
255.0,
255.0,
255.0,
255.0,
254.0,
255.0,
255.0,
0.0,
0.0,
0.0,
255.0,
255.0,
255.0,
255.0,
255.0,
255.0,
255.0,
255.0,
255.0,
255.0,
255.0,
255.0,
255.0,
255.0,
255.0,
255.0,
255.0,
255.0,
255.0,
255.0,
255.0,
255.0,
254.0,
255.0,
255.0,
0.0,
0.0,
0.0,
255.0,
255.0,
255.0,
255.0,
255.0,
255.0,
255.0,
255.0,
255.0,
255.0,
255.0,
255.0,
255.0,
255.0,
255.0,
255.0,
255.0,
255.0,
255.0,
255.0,
255.0,
255.0,
254.0,
255.0,
255.0,
0.0,
0.0,
0.0,
255.0,
255.0,
255.0,
255.0,
255.0,
255.0,
255.0,
255.0,
255.0,
255.0,
255.0,
255.0,
255.0,
255.0,
255.0,
255.0,
255.0,
255.0,
255.0,
255.0,
255.0,
255.0,
254.0,
255.0,
255.0,
0.0,
0.0,
0.0,
255.0,
255.0,
255.0,
255.0,
255.0,
255.0,
255.0,
255.0,
255.0,
255.0,
255.0,
255.0,
255.0,
255.0,
255.0,
255.0,
255.0,
255.0,
255.0,
255.0,
255.0,
255.0,
254.0,
255.0,
255.0,
0.0,
0.0,
0.0,
255.0,
255.0,
255.0,
255.0,
255.0,
255.0,
255.0,
255.0,
255.0,
255.0,
255.0,
255.0,
255.0,
255.0,
255.0,
255.0,
255.0,
255.0,
255.0,
255.0,
255.0,
255.0,
254.0,
255.0,
255.0,
0.0,
0.0,
0.0,
255.0,
255.0,
255.0,
255.0,
255.0,
255.0,
255.0,
255.0,
255.0,
255.0,
255.0,
255.0,
255.0,
255.0,
255.0,
255.0,
255.0,
255.0,
255.0,
255.0,
255.0,
255.0,
254.0,
255.0,
255.0,
0.0,
0.0,
0.0,
255.0,
255.0,
255.0,
255.0,
255.0,
255.0,
255.0,
255.0,
255.0,
255.0,
255.0,
255.0,
255.0,
255.0,
255.0,
255.0,
255.0,
255.0,
255.0,
255.0,
255.0,
255.0,
254.0,
255.0,
255.0,
0.0,
0.0,
0.0,
255.0,
255.0,
255.0,
255.0,
255.0,
255.0,
255.0,
255.0,
255.0,
255.0,
255.0,
255.0,
255.0,
255.0,
255.0,
255.0,
255.0,
255.0,
255.0,
255.0,
255.0,
254.0,
255.0,
255.0,
255.0,
0.0,
0.0,
0.0,
255.0,
255.0,
255.0,
255.0,
255.0,
255.0,
255.0,
255.0,
255.0,
255.0,
255.0,
255.0,
255.0,
255.0,
255.0,
255.0,
255.0,
255.0,
255.0,
255.0,
255.0,
254.0,
255.0,
254.0,
255.0,
0.0,
0.0,
0.0,
255.0,
255.0,
255.0,
255.0,
255.0,
255.0,
255.0,
255.0,
255.0,
255.0,
255.0,
255.0,
255.0,
255.0,
255.0,
255.0,
255.0,
255.0,
255.0,
255.0,
255.0,
254.0,
255.0,
255.0,
254.0,
0.0,
1.0,
2.0,
255.0,
255.0,
255.0,
255.0,
255.0,
255.0,
255.0,
255.0,
255.0,
255.0,
255.0,
255.0,
255.0,
255.0,
255.0,
255.0,
255.0,
255.0,
255.0,
255.0,
255.0,
253.0,
255.0,
255.0,
254.0,
0.0,
1.0,
5.0,
255.0,
255.0,
255.0,
255.0,
255.0,
255.0,
255.0,
255.0,
255.0,
255.0,
255.0,
255.0,
255.0,
255.0,
255.0,
255.0,
255.0,
255.0,
255.0,
255.0,
255.0,
254.0,
255.0,
255.0,
255.0,
1.0,
0.0,
9.0,
255.0,
255.0,
255.0,
255.0,
255.0,
255.0,
255.0,
255.0,
255.0,
255.0,
255.0,
255.0,
255.0,
255.0,
255.0,
255.0,
255.0,
255.0,
255.0,
255.0,
255.0,
255.0,
255.0,
255.0,
255.0,
0.0,
0.0,
17.0,
255.0,
255.0,
255.0,
255.0,
255.0,
255.0,
255.0,
255.0,
255.0,
255.0,
255.0,
255.0,
255.0,
255.0,
255.0,
255.0,
255.0,
255.0,
255.0,
255.0,
255.0,
255.0,
255.0,
254.0,
255.0,
0.0,
0.0,
30.0,
255.0,
255.0,
255.0,
255.0,
255.0,
255.0,
255.0,
255.0,
255.0,
255.0,
255.0,
255.0,
255.0,
255.0,
255.0,
255.0,
255.0,
255.0,
255.0,
255.0,
254.0,
255.0,
255.0,
254.0,
255.0,
0.0,
2.0,
40.0,
255.0,
255.0,
255.0,
255.0,
255.0,
255.0,
255.0,
255.0,
255.0,
255.0,
255.0,
255.0,
255.0,
255.0,
255.0,
255.0,
255.0,
255.0,
255.0,
255.0,
255.0,
253.0,
255.0,
255.0,
254.0,
1.0,
0.0,
60.0,
255.0,
255.0,
255.0,
255.0,
255.0,
255.0,
255.0,
255.0,
255.0,
255.0,
255.0,
255.0,
255.0,
255.0,
255.0,
255.0,
255.0,
255.0,
255.0,
255.0,
254.0,
255.0,
255.0,
252.0,
254.0,
5.0,
0.0,
251.0,
255.0,
255.0,
255.0,
255.0,
255.0,
255.0,
255.0,
255.0,
255.0,
255.0,
255.0,
255.0,
255.0,
255.0,
255.0,
255.0,
255.0,
255.0,
255.0,
255.0,
255.0,
255.0,
255.0,
255.0,
255.0,
252.0,
251.0,
254.0,
255.0,
255.0,
255.0,
255.0,
255.0,
255.0,
255.0,
255.0,
255.0,
255.0,
255.0,
255.0,
255.0,
255.0,
255.0,
255.0,
255.0,
255.0,
255.0,
255.0,
255.0,
251.0,
253.0,
254.0,
253.0,
255.0,
255.0,
251.0,
255.0,
255.0,
255.0,
255.0,
255.0,
255.0,
255.0,
255.0,
255.0,
255.0,
255.0,
255.0,
