0.0,
0.0,
0.0,
0.0,
0.0,
0.0,
0.0,
0.0,
0.0,
0.0,
0.0,
0.0,
2.0,
3.0,
3.0,
0.0,
0.0,
9.0,
0.0,
2.0,
0.0,
4.0,
0.0,
4.0,
0.0,
0.0,
0.0,
0.0,
0.0,
0.0,
0.0,
0.0,
0.0,
0.0,
0.0,
0.0,
2.0,
0.0,
0.0,
8.0,
0.0,
0.0,
1.0,
10.0,
0.0,
0.0,
0.0,
1.0,
2.0,
8.0,
0.0,
0.0,
0.0,
0.0,
0.0,
0.0,
0.0,
0.0,
0.0,
0.0,
0.0,
0.0,
0.0,
0.0,
5.0,
0.0,
1.0,
6.0,
0.0,
0.0,
0.0,
3.0,
8.0,
0.0,
3.0,
0.0,
0.0,
0.0,
1.0,
0.0,
0.0,
0.0,
0.0,
0.0,
0.0,
0.0,
0.0,
0.0,
0.0,
0.0,
0.0,
0.0,
1.0,
0.0,
4.0,
0.0,
0.0,
10.0,
0.0,
0.0,
10.0,
0.0,
6.0,
2.0,
0.0,
0.0,
3.0,
6.0,
0.0,
0.0,
0.0,
0.0,
0.0,
0.0,
0.0,
0.0,
0.0,
0.0,
0.0,
0.0,
0.0,
0.0,
4.0,
0.0,
0.0,
6.0,
2.0,
26.0,
0.0,
0.0,
0.0,
6.0,
15.0,
6.0,
3.0,
0.0,
0.0,
0.0,
0.0,
0.0,
0.0,
0.0,
0.0,
0.0,
0.0,
0.0,
0.0,
0.0,
2.0,
0.0,
2.0,
1.0,
2.0,
0.0,
14.0,
134.0,
250.0,
175.0,
16.0,
0.0,
0.0,
0.0,
8.0,
5.0,
0.0,
0.0,
0.0,
0.0,
0.0,
0.0,
0.0,
0.0,
0.0,
0.0,
0.0,
0.0,
4.0,
0.0,
0.0,
0.0,
7.0,
0.0,
36.0,
225.0,
255.0,
204.0,
0.0,
2.0,
5.0,
0.0,
2.0,
0.0,
0.0,
0.0,
0.0,
0.0,
0.0,
0.0,
0.0,
0.0,
0.0,
0.0,
0.0,
0.0,
2.0,
3.0,
0.0,
0.0,
12.0,
3.0,
55.0,
255.0,
245.0,
213.0,
0.0,
5.0,
3.0,
0.0,
4.0,
2.0,
0.0,
0.0,
0.0,
0.0,
0.0,
0.0,
0.0,
0.0,
0.0,
0.0,
0.0,
0.0,
5.0,
0.0,
4.0,
0.0,
4.0,
0.0,
174.0,
242.0,
249.0,
151.0,
4.0,
0.0,
1.0,
0.0,
0.0,
1.0,
0.0,
0.0,
0.0,
0.0,
0.0,
0.0,
0.0,
0.0,
0.0,
0.0,
0.0,
0.0,
0.0,
0.0,
3.0,
2.0,
17.0,
4.0,
243.0,
255.0,
255.0,
124.0,
0.0,
2.0,
6.0,
0.0,
0.0,
2.0,
0.0,
0.0,
0.0,
0.0,
0.0,
0.0,
0.0,
0.0,
0.0,
0.0,
0.0,
0.0,
2.0,
1.0,
6.0,
0.0,
0.0,
3.0,
255.0,
242.0,
244.0,
63.0,
0.0,
0.0,
3.0,
0.0,
2.0,
5.0,
0.0,
0.0,
0.0,
0.0,
0.0,
0.0,
0.0,
0.0,
0.0,
0.0,
0.0,
0.0,
0.0,
0.0,
4.0,
0.0,
0.0,
103.0,
255.0,
251.0,
243.0,
51.0,
12.0,
13.0,
6.0,
0.0,
0.0,
0.0,
0.0,
0.0,
0.0,
0.0,
0.0,
0.0,
0.0,
0.0,
0.0,
0.0,
0.0,
0.0,
3.0,
0.0,
0.0,
3.0,
34.0,
232.0,
242.0,
252.0,
128.0,
0.0,
0.0,
0.0,
0.0,
2.0,
10.0,
1.0,
0.0,
0.0,
0.0,
0.0,
0.0,
0.0,
0.0,
0.0,
0.0,
0.0,
0.0,
0.0,
5.0,
2.0,
0.0,
0.0,
45.0,
255.0,
226.0,
255.0,
91.0,
5.0,
17.0,
7.0,
0.0,
6.0,
1.0,
0.0,
0.0,
0.0,
0.0,
0.0,
0.0,
0.0,
0.0,
0.0,
0.0,
0.0,
0.0,
0.0,
0.0,
1.0,
5.0,
0.0,
99.0,
255.0,
255.0,
255.0,
22.0,
0.0,
0.0,
0.0,
0.0,
7.0,
0.0,
3.0,
0.0,
0.0,
0.0,
0.0,
0.0,
0.0,
0.0,
0.0,
0.0,
0.0,
0.0,
0.0,
0.0,
0.0,
0.0,
10.0,
168.0,
242.0,
255.0,
157.0,
1.0,
1.0,
0.0,
3.0,
0.0,
8.0,
0.0,
8.0,
0.0,
0.0,
0.0,
0.0,
0.0,
0.0,
0.0,
0.0,
0.0,
0.0,
0.0,
0.0,
2.0,
0.0,
8.0,
35.0,
255.0,
254.0,
255.0,
53.0,
0.0,
0.0,
0.0,
0.0,
0.0,
0.0,
0.0,
0.0,
0.0,
0.0,
0.0,
0.0,
0.0,
0.0,
0.0,
0.0,
0.0,
0.0,
0.0,
0.0,
0.0,
12.0,
0.0,
104.0,
255.0,
240.0,
255.0,
39.0,
0.0,
0.0,
0.0,
0.0,
0.0,
0.0,
0.0,
0.0,
0.0,
0.0,
0.0,
0.0,
0.0,
0.0,
0.0,
0.0,
0.0,
0.0,
0.0,
0.0,
0.0,
5.0,
0.0,
179.0,
255.0,
255.0,
211.0,
18.0,
0.0,
0.0,
0.0,
0.0,
0.0,
0.0,
0.0,
0.0,
0.0,
0.0,
0.0,
0.0,
0.0,
0.0,
0.0,
0.0,
0.0,
0.0,
0.0,
0.0,
5.0,
0.0,
46.0,
234.0,
249.0,
255.0,
102.0,
7.0,
0.0,
0.0,
0.0,
0.0,
0.0,
0.0,
0.0,
0.0,
0.0,
0.0,
0.0,
0.0,
0.0,
0.0,
0.0,
0.0,
0.0,
0.0,
0.0,
0.0,
0.0,
0.0,
117.0,
255.0,
245.0,
227.0,
9.0,
2.0,
0.0,
0.0,
0.0,
0.0,
0.0,
0.0,
0.0,
0.0,
0.0,
0.0,
0.0,
0.0,
0.0,
0.0,
0.0,
0.0,
0.0,
0.0,
0.0,
0.0,
0.0,
9.0,
144.0,
255.0,
255.0,
172.0,
0.0,
0.0,
0.0,
0.0,
0.0,
0.0,
0.0,
0.0,
0.0,
0.0,
0.0,
0.0,
0.0,
0.0,
0.0,
0.0,
0.0,
0.0,
0.0,
0.0,
0.0,
0.0,
0.0,
4.0,
184.0,
251.0,
255.0,
102.0,
8.0,
0.0,
0.0,
0.0,
0.0,
0.0,
0.0,
0.0,
0.0,
0.0,
0.0,
0.0,
0.0,
0.0,
0.0,
0.0,
0.0,
0.0,
0.0,
0.0,
0.0,
0.0,
1.0,
2.0,
255.0,
254.0,
217.0,
26.0,
0.0,
8.0,
0.0,
0.0,
0.0,
0.0,
0.0,
0.0,
0.0,
0.0,
0.0,
0.0,
0.0,
0.0,
0.0,
0.0,
0.0,
0.0,
0.0,
0.0,
0.0,
0.0,
0.0,
22.0,
160.0,
211.0,
85.0,
0.0,
0.0,
0.0,
0.0,
0.0,
0.0,
0.0,
0.0,
0.0,
0.0,
0.0,
0.0,
0.0,
0.0,
0.0,
0.0,
0.0,
0.0,
0.0,
0.0,
0.0,
0.0,
0.0,
21.0,
0.0,
0.0,
14.0,
1.0,
0.0,
4.0,
0.0,
0.0,
0.0,
0.0,
0.0,
0.0,
0.0,
0.0,
0.0,
0.0,
0.0,
0.0,
0.0,
0.0,
0.0,
0.0,
0.0,
0.0,
0.0,
0.0,
0.0,
0.0,
1.0,
0.0,
0.0,
0.0,
1.0,
0.0,
2.0,
0.0,
0.0,
0.0,
0.0,
0.0,
0.0,
0.0,
0.0,
0.0,
0.0,
0.0,
0.0,
0.0,
0.0,
0.0,
0.0,
0.0,
0.0,
0.0,
0.0,
0.0,
15.0,
10.0,
0.0,
8.0,
5.0,
0.0,
0.0,
0.0,
0.0,
0.0,
0.0,
0.0,
0.0,
0.0,
0.0,
0.0,
0.0,
0.0,
0.0,
