0.0,
0.0,
0.0,
0.0,
0.0,
0.0,
0.0,
0.0,
8.0,
0.0,
5.0,
8.0,
0.0,
0.0,
0.0,
7.0,
1.0,
2.0,
0.0,
8.0,
5.0,
0.0,
9.0,
0.0,
0.0,
0.0,
0.0,
0.0,
0.0,
0.0,
0.0,
0.0,
0.0,
0.0,
0.0,
0.0,
0.0,
0.0,
1.0,
0.0,
3.0,
9.0,
1.0,
1.0,
3.0,
2.0,
2.0,
0.0,
0.0,
0.0,
8.0,
9.0,
0.0,
0.0,
0.0,
0.0,
0.0,
0.0,
0.0,
0.0,
0.0,
0.0,
0.0,
0.0,
0.0,
12.0,
0.0,
0.0,
6.0,
2.0,
0.0,
0.0,
3.0,
0.0,
12.0,
7.0,
3.0,
11.0,
0.0,
0.0,
0.0,
0.0,
0.0,
0.0,
0.0,
0.0,
0.0,
0.0,
0.0,
0.0,
0.0,
0.0,
1.0,
5.0,
0.0,
4.0,
3.0,
0.0,
0.0,
6.0,
0.0,
0.0,
0.0,
4.0,
0.0,
0.0,
5.0,
10.0,
0.0,
0.0,
0.0,
0.0,
0.0,
0.0,
0.0,
0.0,
0.0,
0.0,
0.0,
0.0,
2.0,
0.0,
0.0,
10.0,
0.0,
0.0,
11.0,
0.0,
230.0,
255.0,
253.0,
254.0,
149.0,
14.0,
1.0,
0.0,
0.0,
0.0,
0.0,
0.0,
0.0,
0.0,
0.0,
0.0,
0.0,
0.0,
0.0,
0.0,
3.0,
0.0,
6.0,
0.0,
0.0,
9.0,
4.0,
0.0,
223.0,
255.0,
241.0,
255.0,
149.0,
0.0,
7.0,
7.0,
0.0,
0.0,
0.0,
0.0,
0.0,
0.0,
0.0,
0.0,
0.0,
0.0,
0.0,
0.0,
4.0,
0.0,
10.0,
0.0,
0.0,
1.0,
0.0,
72.0,
231.0,
253.0,
245.0,
255.0,
154.0,
7.0,
0.0,
0.0,
0.0,
0.0,
0.0,
0.0,
0.0,
0.0,
0.0,
0.0,
0.0,
0.0,
0.0,
0.0,
1.0,
0.0,
9.0,
0.0,
11.0,
0.0,
3.0,
195.0,
246.0,
255.0,
247.0,
221.0,
108.0,
0.0,
0.0,
13.0,
0.0,
0.0,
0.0,
0.0,
0.0,
0.0,
0.0,
0.0,
0.0,
0.0,
0.0,
0.0,
0.0,
11.0,
0.0,
0.0,
1.0,
0.0,
2.0,
210.0,
247.0,
249.0,
247.0,
192.0,
0.0,
0.0,
16.0,
0.0,
0.0,
0.0,
0.0,
0.0,
0.0,
0.0,
0.0,
0.0,
0.0,
0.0,
0.0,
0.0,
1.0,
0.0,
0.0,
0.0,
0.0,
13.0,
95.0,
232.0,
249.0,
255.0,
247.0,
179.0,
0.0,
4.0,
0.0,
3.0,
0.0,
0.0,
0.0,
0.0,
0.0,
0.0,
0.0,
0.0,
0.0,
0.0,
0.0,
0.0,
3.0,
8.0,
0.0,
1.0,
0.0,
106.0,
225.0,
246.0,
255.0,
232.0,
233.0,
58.0,
11.0,
0.0,
9.0,
1.0,
0.0,
0.0,
0.0,
0.0,
0.0,
0.0,
0.0,
0.0,
0.0,
0.0,
0.0,
0.0,
0.0,
3.0,
0.0,
16.0,
0.0,
166.0,
251.0,
240.0,
252.0,
240.0,
201.0,
4.0,
0.0,
9.0,
0.0,
4.0,
0.0,
0.0,
0.0,
0.0,
0.0,
0.0,
0.0,
0.0,
0.0,
0.0,
0.0,
0.0,
15.0,
5.0,
0.0,
0.0,
0.0,
170.0,
235.0,
255.0,
241.0,
255.0,
218.0,
12.0,
0.0,
2.0,
0.0,
1.0,
0.0,
0.0,
0.0,
0.0,
0.0,
0.0,
0.0,
0.0,
0.0,
0.0,
0.0,
0.0,
0.0,
0.0,
17.0,
6.0,
112.0,
239.0,
244.0,
236.0,
252.0,
255.0,
168.0,
0.0,
13.0,
0.0,
7.0,
0.0,
0.0,
0.0,
0.0,
0.0,
0.0,
0.0,
0.0,
0.0,
0.0,
0.0,
0.0,
0.0,
5.0,
1.0,
0.0,
3.0,
161.0,
255.0,
255.0,
249.0,
252.0,
231.0,
29.0,
0.0,
0.0,
11.0,
4.0,
0.0,
0.0,
0.0,
0.0,
0.0,
0.0,
0.0,
0.0,
0.0,
0.0,
0.0,
0.0,
0.0,
0.0,
1.0,
21.0,
132.0,
251.0,
253.0,
236.0,
255.0,
242.0,
195.0,
0.0,
2.0,
3.0,
0.0,
10.0,
0.0,
0.0,
0.0,
0.0,
0.0,
0.0,
0.0,
1.0,
0.0,
0.0,
0.0,
0.0,
0.0,
0.0,
4.0,
84.0,
255.0,
247.0,
248.0,
255.0,
248.0,
173.0,
19.0,
0.0,
0.0,
0.0,
5.0,
0.0,
0.0,
7.0,
0.0,
14.0,
0.0,
0.0,
0.0,
1.0,
0.0,
0.0,
0.0,
0.0,
0.0,
7.0,
0.0,
107.0,
233.0,
248.0,
255.0,
240.0,
247.0,
39.0,
0.0,
10.0,
8.0,
0.0,
5.0,
3.0,
9.0,
0.0,
0.0,
0.0,
0.0,
0.0,
0.0,
1.0,
0.0,
0.0,
0.0,
0.0,
2.0,
0.0,
32.0,
175.0,
244.0,
255.0,
255.0,
255.0,
255.0,
9.0,
0.0,
20.0,
1.0,
0.0,
3.0,
0.0,
0.0,
5.0,
18.0,
0.0,
0.0,
0.0,
0.0,
0.0,
1.0,
0.0,
0.0,
1.0,
7.0,
39.0,
159.0,
242.0,
255.0,
249.0,
239.0,
225.0,
139.0,
18.0,
0.0,
0.0,
0.0,
4.0,
10.0,
0.0,
6.0,
0.0,
0.0,
0.0,
0.0,
1.0,
0.0,
0.0,
2.0,
0.0,
0.0,
2.0,
12.0,
163.0,
254.0,
255.0,
250.0,
255.0,
245.0,
153.0,
14.0,
0.0,
0.0,
0.0,
4.0,
10.0,
0.0,
0.0,
13.0,
17.0,
0.0,
21.0,
0.0,
2.0,
0.0,
0.0,
2.0,
0.0,
0.0,
4.0,
16.0,
247.0,
255.0,
252.0,
241.0,
255.0,
232.0,
80.0,
0.0,
0.0,
9.0,
7.0,
0.0,
0.0,
0.0,
0.0,
0.0,
1.0,
0.0,
5.0,
0.0,
3.0,
0.0,
0.0,
3.0,
0.0,
0.0,
4.0,
20.0,
255.0,
248.0,
252.0,
240.0,
244.0,
136.0,
6.0,
0.0,
0.0,
4.0,
0.0,
0.0,
0.0,
10.0,
15.0,
2.0,
0.0,
32.0,
0.0,
0.0,
3.0,
0.0,
0.0,
3.0,
0.0,
0.0,
5.0,
22.0,
243.0,
255.0,
250.0,
253.0,
255.0,
76.0,
2.0,
6.0,
0.0,
1.0,
3.0,
8.0,
0.0,
0.0,
2.0,
0.0,
167.0,
216.0,
25.0,
10.0,
0.0,
0.0,
0.0,
0.0,
0.0,
0.0,
0.0,
0.0,
0.0,
0.0,
0.0,
0.0,
0.0,
0.0,
0.0,
0.0,
0.0,
0.0,
0.0,
0.0,
0.0,
0.0,
0.0,
0.0,
0.0,
0.0,
0.0,
0.0,
0.0,
0.0,
0.0,
0.0,
0.0,
0.0,
0.0,
0.0,
0.0,
0.0,
0.0,
0.0,
0.0,
0.0,
0.0,
0.0,
0.0,
0.0,
0.0,
0.0,
0.0,
0.0,
0.0,
0.0,
0.0,
0.0,
0.0,
0.0,
0.0,
0.0,
0.0,
0.0,
0.0,
0.0,
0.0,
0.0,
0.0,
0.0,
0.0,
0.0,
0.0,
0.0,
0.0,
0.0,
0.0,
0.0,
0.0,
0.0,
0.0,
0.0,
0.0,
0.0,
0.0,
0.0,
0.0,
0.0,
0.0,
0.0,
0.0,
0.0,
0.0,
0.0,
0.0,
0.0,
0.0,
0.0,
0.0,
0.0,
0.0,
0.0,
0.0,
0.0,
0.0,
0.0,
0.0,
0.0,
0.0,
0.0,
0.0,
0.0,
0.0,
0.0,
0.0,
0.0,
