0.0,
0.0,
0.0,
0.0,
0.0,
0.0,
0.0,
0.0,
7.0,
0.0,
9.0,
3.0,
0.0,
0.0,
6.0,
0.0,
0.0,
13.0,
1.0,
0.0,
0.0,
5.0,
11.0,
0.0,
0.0,
0.0,
0.0,
0.0,
0.0,
0.0,
0.0,
0.0,
0.0,
0.0,
0.0,
0.0,
7.0,
0.0,
0.0,
13.0,
0.0,
14.0,
0.0,
6.0,
8.0,
0.0,
0.0,
10.0,
0.0,
0.0,
0.0,
9.0,
0.0,
0.0,
0.0,
0.0,
0.0,
0.0,
0.0,
0.0,
0.0,
0.0,
0.0,
0.0,
0.0,
0.0,
14.0,
0.0,
18.0,
0.0,
6.0,
0.0,
1.0,
0.0,
11.0,
0.0,
11.0,
13.0,
0.0,
8.0,
0.0,
0.0,
0.0,
0.0,
0.0,
0.0,
0.0,
0.0,
0.0,
0.0,
0.0,
0.0,
0.0,
7.0,
0.0,
0.0,
0.0,
1.0,
0.0,
10.0,
5.0,
40.0,
201.0,
237.0,
164.0,
16.0,
0.0,
0.0,
0.0,
0.0,
0.0,
0.0,
0.0,
0.0,
0.0,
0.0,
0.0,
0.0,
0.0,
0.0,
0.0,
14.0,
6.0,
1.0,
0.0,
2.0,
7.0,
37.0,
184.0,
239.0,
255.0,
255.0,
245.0,
71.0,
8.0,
9.0,
0.0,
0.0,
0.0,
0.0,
0.0,
0.0,
0.0,
0.0,
0.0,
0.0,
0.0,
0.0,
20.0,
0.0,
0.0,
0.0,
16.0,
0.0,
104.0,
223.0,
245.0,
255.0,
176.0,
241.0,
249.0,
87.0,
0.0,
7.0,
0.0,
0.0,
0.0,
0.0,
0.0,
0.0,
0.0,
0.0,
0.0,
0.0,
0.0,
0.0,
0.0,
21.0,
0.0,
0.0,
20.0,
178.0,
254.0,
255.0,
212.0,
45.0,
70.0,
255.0,
255.0,
72.0,
16.0,
0.0,
0.0,
0.0,
0.0,
0.0,
0.0,
0.0,
0.0,
0.0,
0.0,
0.0,
0.0,
0.0,
14.0,
0.0,
19.0,
124.0,
247.0,
255.0,
203.0,
90.0,
0.0,
0.0,
143.0,
239.0,
254.0,
40.0,
0.0,
2.0,
0.0,
0.0,
0.0,
0.0,
0.0,
0.0,
6.0,
7.0,
1.0,
0.0,
1.0,
5.0,
9.0,
0.0,
111.0,
253.0,
240.0,
101.0,
36.0,
6.0,
0.0,
11.0,
80.0,
251.0,
255.0,
57.0,
6.0,
0.0,
0.0,
0.0,
0.0,
0.0,
10.0,
3.0,
0.0,
0.0,
0.0,
0.0,
0.0,
0.0,
0.0,
16.0,
146.0,
128.0,
68.0,
31.0,
0.0,
0.0,
0.0,
3.0,
152.0,
249.0,
178.0,
15.0,
0.0,
21.0,
0.0,
0.0,
0.0,
0.0,
1.0,
0.0,
0.0,
1.0,
7.0,
9.0,
7.0,
3.0,
0.0,
0.0,
4.0,
8.0,
2.0,
0.0,
0.0,
0.0,
8.0,
40.0,
202.0,
255.0,
111.0,
10.0,
0.0,
0.0,
0.0,
0.0,
0.0,
0.0,
0.0,
0.0,
4.0,
3.0,
0.0,
0.0,
0.0,
0.0,
2.0,
15.0,
0.0,
0.0,
5.0,
0.0,
19.0,
4.0,
3.0,
137.0,
239.0,
237.0,
22.0,
0.0,
7.0,
16.0,
0.0,
0.0,
0.0,
0.0,
0.0,
0.0,
0.0,
0.0,
0.0,
1.0,
5.0,
8.0,
0.0,
0.0,
9.0,
1.0,
1.0,
3.0,
0.0,
5.0,
0.0,
189.0,
255.0,
182.0,
25.0,
2.0,
5.0,
0.0,
0.0,
0.0,
0.0,
0.0,
2.0,
0.0,
0.0,
0.0,
6.0,
7.0,
1.0,
0.0,
10.0,
2.0,
0.0,
15.0,
19.0,
9.0,
0.0,
8.0,
143.0,
237.0,
226.0,
33.0,
0.0,
11.0,
10.0,
0.0,
0.0,
0.0,
0.0,
0.0,
6.0,
6.0,
3.0,
0.0,
0.0,
0.0,
0.0,
6.0,
0.0,
119.0,
165.0,
231.0,
234.0,
230.0,
226.0,
146.0,
215.0,
255.0,
172.0,
0.0,
0.0,
0.0,
0.0,
8.0,
0.0,
0.0,
0.0,
0.0,
0.0,
2.0,
5.0,
0.0,
0.0,
27.0,
89.0,
141.0,
206.0,
227.0,
229.0,
231.0,
213.0,
250.0,
255.0,
254.0,
248.0,
252.0,
59.0,
0.0,
6.0,
2.0,
6.0,
0.0,
0.0,
0.0,
0.0,
0.0,
0.0,
0.0,
0.0,
4.0,
28.0,
146.0,
214.0,
172.0,
15.0,
13.0,
0.0,
2.0,
0.0,
83.0,
203.0,
255.0,
252.0,
253.0,
124.0,
0.0,
0.0,
4.0,
0.0,
11.0,
0.0,
0.0,
0.0,
0.0,
3.0,
22.0,
0.0,
29.0,
181.0,
234.0,
133.0,
0.0,
0.0,
20.0,
6.0,
0.0,
13.0,
131.0,
242.0,
255.0,
253.0,
255.0,
160.0,
29.0,
0.0,
12.0,
1.0,
0.0,
0.0,
0.0,
0.0,
0.0,
0.0,
0.0,
0.0,
154.0,
255.0,
158.0,
14.0,
0.0,
0.0,
0.0,
0.0,
0.0,
170.0,
255.0,
245.0,
95.0,
218.0,
255.0,
246.0,
134.0,
12.0,
0.0,
6.0,
9.0,
0.0,
0.0,
0.0,
0.0,
2.0,
4.0,
135.0,
243.0,
244.0,
35.0,
0.0,
2.0,
8.0,
0.0,
93.0,
223.0,
255.0,
108.0,
10.0,
0.0,
197.0,
255.0,
247.0,
110.0,
0.0,
0.0,
17.0,
0.0,
0.0,
0.0,
0.0,
0.0,
0.0,
0.0,
85.0,
255.0,
240.0,
140.0,
37.0,
0.0,
26.0,
152.0,
207.0,
211.0,
73.0,
32.0,
0.0,
11.0,
125.0,
233.0,
255.0,
155.0,
33.0,
0.0,
0.0,
0.0,
0.0,
0.0,
0.0,
0.0,
1.0,
11.0,
52.0,
248.0,
255.0,
232.0,
150.0,
172.0,
212.0,
177.0,
115.0,
40.0,
0.0,
7.0,
0.0,
0.0,
188.0,
255.0,
241.0,
113.0,
14.0,
0.0,
0.0,
2.0,
0.0,
0.0,
0.0,
0.0,
7.0,
0.0,
22.0,
80.0,
249.0,
244.0,
255.0,
231.0,
124.0,
25.0,
19.0,
0.0,
15.0,
0.0,
0.0,
3.0,
139.0,
249.0,
246.0,
97.0,
0.0,
6.0,
17.0,
0.0,
0.0,
0.0,
0.0,
0.0,
0.0,
10.0,
0.0,
0.0,
1.0,
7.0,
2.0,
0.0,
16.0,
0.0,
0.0,
12.0,
0.0,
15.0,
0.0,
0.0,
5.0,
0.0,
0.0,
8.0,
0.0,
0.0,
3.0,
2.0,
0.0,
0.0,
0.0,
0.0,
0.0,
0.0,
0.0,
0.0,
0.0,
0.0,
0.0,
0.0,
0.0,
0.0,
0.0,
0.0,
0.0,
0.0,
0.0,
0.0,
0.0,
0.0,
0.0,
0.0,
0.0,
0.0,
0.0,
0.0,
0.0,
0.0,
0.0,
0.0,
0.0,
0.0,
0.0,
0.0,
0.0,
0.0,
0.0,
0.0,
0.0,
0.0,
0.0,
0.0,
0.0,
0.0,
0.0,
0.0,
0.0,
0.0,
0.0,
0.0,
0.0,
0.0,
0.0,
0.0,
0.0,
0.0,
0.0,
0.0,
0.0,
0.0,
0.0,
0.0,
0.0,
0.0,
0.0,
0.0,
0.0,
0.0,
0.0,
0.0,
0.0,
0.0,
0.0,
0.0,
0.0,
0.0,
0.0,
0.0,
0.0,
0.0,
0.0,
0.0,
0.0,
0.0,
0.0,
0.0,
0.0,
0.0,
0.0,
0.0,
0.0,
0.0,
0.0,
0.0,
0.0,
0.0,
0.0,
0.0,
0.0,
0.0,
0.0,
0.0,
0.0,
0.0,
0.0,
0.0,
0.0,
0.0,
0.0,
0.0,
0.0,
0.0,
0.0,
0.0,
