0.0,
6.0,
6.0,
0.0,
3.0,
9.0,
0.0,
1.0,
0.0,
0.0,
12.0,
4.0,
5.0,
0.0,
9.0,
0.0,
0.0,
0.0,
2.0,
14.0,
0.0,
0.0,
4.0,
0.0,
0.0,
0.0,
0.0,
0.0,
0.0,
1.0,
1.0,
0.0,
0.0,
0.0,
0.0,
6.0,
13.0,
0.0,
0.0,
0.0,
0.0,
12.0,
0.0,
3.0,
0.0,
8.0,
0.0,
0.0,
0.0,
0.0,
2.0,
6.0,
0.0,
0.0,
0.0,
0.0,
0.0,
3.0,
0.0,
5.0,
2.0,
0.0,
4.0,
7.0,
0.0,
0.0,
6.0,
12.0,
0.0,
14.0,
0.0,
5.0,
0.0,
5.0,
2.0,
0.0,
0.0,
6.0,
0.0,
0.0,
0.0,
0.0,
0.0,
0.0,
0.0,
6.0,
0.0,
5.0,
4.0,
0.0,
6.0,
0.0,
0.0,
8.0,
3.0,
0.0,
7.0,
0.0,
0.0,
2.0,
6.0,
0.0,
7.0,
7.0,
0.0,
0.0,
4.0,
0.0,
0.0,
0.0,
0.0,
0.0,
0.0,
4.0,
0.0,
0.0,
0.0,
2.0,
0.0,
0.0,
0.0,
14.0,
8.0,
74.0,
192.0,
224.0,
255.0,
220.0,
34.0,
17.0,
14.0,
0.0,
0.0,
0.0,
0.0,
15.0,
0.0,
0.0,
0.0,
0.0,
0.0,
1.0,
2.0,
0.0,
2.0,
4.0,
0.0,
32.0,
166.0,
248.0,
253.0,
255.0,
243.0,
234.0,
255.0,
251.0,
248.0,
248.0,
208.0,
152.0,
146.0,
81.0,
0.0,
0.0,
0.0,
0.0,
0.0,
0.0,
2.0,
0.0,
10.0,
0.0,
6.0,
0.0,
1.0,
115.0,
245.0,
255.0,
248.0,
209.0,
162.0,
195.0,
204.0,
204.0,
196.0,
211.0,
244.0,
247.0,
255.0,
215.0,
75.0,
8.0,
0.0,
0.0,
0.0,
0.0,
1.0,
0.0,
11.0,
0.0,
4.0,
0.0,
2.0,
178.0,
255.0,
235.0,
234.0,
89.0,
1.0,
0.0,
0.0,
0.0,
0.0,
0.0,
132.0,
220.0,
247.0,
255.0,
153.0,
0.0,
0.0,
0.0,
0.0,
0.0,
0.0,
11.0,
0.0,
0.0,
8.0,
0.0,
17.0,
117.0,
229.0,
122.0,
27.0,
4.0,
0.0,
0.0,
5.0,
0.0,
1.0,
0.0,
14.0,
190.0,
240.0,
255.0,
81.0,
0.0,
0.0,
0.0,
0.0,
0.0,
0.0,
7.0,
0.0,
0.0,
14.0,
0.0,
0.0,
25.0,
18.0,
2.0,
0.0,
2.0,
0.0,
0.0,
10.0,
0.0,
0.0,
21.0,
107.0,
252.0,
255.0,
252.0,
49.0,
8.0,
0.0,
0.0,
0.0,
0.0,
0.0,
6.0,
0.0,
0.0,
3.0,
2.0,
0.0,
0.0,
0.0,
0.0,
6.0,
8.0,
0.0,
3.0,
6.0,
0.0,
3.0,
0.0,
129.0,
244.0,
255.0,
247.0,
52.0,
0.0,
0.0,
0.0,
0.0,
0.0,
0.0,
2.0,
5.0,
0.0,
0.0,
2.0,
10.0,
6.0,
17.0,
0.0,
0.0,
0.0,
0.0,
0.0,
0.0,
0.0,
0.0,
86.0,
242.0,
255.0,
245.0,
116.0,
18.0,
12.0,
0.0,
0.0,
0.0,
0.0,
0.0,
0.0,
7.0,
11.0,
0.0,
0.0,
2.0,
0.0,
0.0,
0.0,
2.0,
0.0,
5.0,
9.0,
0.0,
5.0,
34.0,
207.0,
255.0,
255.0,
232.0,
59.0,
0.0,
0.0,
0.0,
0.0,
0.0,
0.0,
4.0,
0.0,
0.0,
5.0,
3.0,
1.0,
0.0,
0.0,
6.0,
0.0,
6.0,
0.0,
0.0,
6.0,
0.0,
18.0,
127.0,
255.0,
255.0,
250.0,
104.0,
2.0,
10.0,
0.0,
0.0,
0.0,
0.0,
0.0,
6.0,
0.0,
0.0,
0.0,
0.0,
4.0,
5.0,
5.0,
0.0,
0.0,
7.0,
8.0,
4.0,
0.0,
11.0,
101.0,
253.0,
255.0,
250.0,
162.0,
4.0,
0.0,
16.0,
0.0,
0.0,
0.0,
0.0,
0.0,
0.0,
7.0,
7.0,
0.0,
0.0,
0.0,
0.0,
0.0,
2.0,
5.0,
89.0,
135.0,
98.0,
29.0,
59.0,
224.0,
255.0,
234.0,
206.0,
22.0,
6.0,
6.0,
0.0,
6.0,
0.0,
0.0,
0.0,
0.0,
5.0,
0.0,
13.0,
0.0,
0.0,
10.0,
0.0,
2.0,
32.0,
107.0,
238.0,
252.0,
249.0,
242.0,
248.0,
255.0,
254.0,
255.0,
18.0,
3.0,
0.0,
13.0,
0.0,
16.0,
3.0,
2.0,
1.0,
1.0,
0.0,
5.0,
4.0,
0.0,
13.0,
0.0,
6.0,
35.0,
215.0,
255.0,
255.0,
251.0,
254.0,
241.0,
255.0,
236.0,
241.0,
195.0,
6.0,
0.0,
22.0,
0.0,
8.0,
0.0,
0.0,
0.0,
0.0,
0.0,
0.0,
0.0,
1.0,
10.0,
7.0,
12.0,
12.0,
166.0,
255.0,
255.0,
232.0,
247.0,
255.0,
243.0,
255.0,
255.0,
255.0,
255.0,
255.0,
75.0,
0.0,
10.0,
5.0,
0.0,
0.0,
0.0,
0.0,
0.0,
11.0,
0.0,
0.0,
5.0,
0.0,
0.0,
39.0,
225.0,
255.0,
251.0,
255.0,
247.0,
255.0,
253.0,
214.0,
240.0,
255.0,
225.0,
247.0,
255.0,
199.0,
77.0,
2.0,
2.0,
1.0,
0.0,
0.0,
0.0,
0.0,
4.0,
0.0,
0.0,
27.0,
16.0,
219.0,
255.0,
252.0,
238.0,
255.0,
255.0,
234.0,
137.0,
47.0,
81.0,
215.0,
255.0,
245.0,
249.0,
245.0,
255.0,
194.0,
88.0,
7.0,
4.0,
1.0,
0.0,
0.0,
13.0,
7.0,
0.0,
9.0,
57.0,
255.0,
233.0,
252.0,
255.0,
249.0,
249.0,
158.0,
27.0,
0.0,
2.0,
19.0,
150.0,
255.0,
255.0,
239.0,
255.0,
253.0,
254.0,
10.0,
7.0,
3.0,
1.0,
0.0,
0.0,
10.0,
1.0,
0.0,
97.0,
243.0,
255.0,
240.0,
253.0,
167.0,
84.0,
3.0,
0.0,
7.0,
0.0,
8.0,
0.0,
22.0,
169.0,
255.0,
248.0,
252.0,
202.0,
8.0,
5.0,
1.0,
0.0,
3.0,
0.0,
0.0,
3.0,
0.0,
12.0,
202.0,
255.0,
222.0,
95.0,
9.0,
0.0,
0.0,
6.0,
0.0,
11.0,
1.0,
0.0,
11.0,
6.0,
30.0,
133.0,
102.0,
15.0,
5.0,
2.0,
0.0,
0.0,
0.0,
0.0,
0.0,
0.0,
0.0,
0.0,
0.0,
0.0,
0.0,
0.0,
0.0,
0.0,
0.0,
0.0,
0.0,
0.0,
0.0,
0.0,
0.0,
0.0,
0.0,
0.0,
0.0,
0.0,
0.0,
0.0,
0.0,
0.0,
0.0,
0.0,
0.0,
0.0,
0.0,
0.0,
0.0,
0.0,
0.0,
0.0,
0.0,
0.0,
0.0,
0.0,
0.0,
0.0,
0.0,
0.0,
0.0,
0.0,
0.0,
0.0,
0.0,
0.0,
0.0,
0.0,
0.0,
0.0,
0.0,
0.0,
0.0,
0.0,
0.0,
0.0,
0.0,
0.0,
0.0,
0.0,
0.0,
0.0,
0.0,
0.0,
0.0,
0.0,
0.0,
0.0,
0.0,
0.0,
0.0,
0.0,
0.0,
0.0,
0.0,
0.0,
0.0,
0.0,
0.0,
0.0,
0.0,
0.0,
0.0,
0.0,
0.0,
0.0,
0.0,
0.0,
0.0,
0.0,
0.0,
0.0,
0.0,
0.0,
0.0,
0.0,
0.0,
0.0,
0.0,
0.0,
0.0,
0.0,
0.0,
0.0,
0.0,
0.0,
