0.0,
0.0,
0.0,
0.0,
0.0,
0.0,
0.0,
0.0,
4.0,
0.0,
0.0,
3.0,
0.0,
0.0,
4.0,
2.0,
6.0,
0.0,
2.0,
1.0,
0.0,
16.0,
0.0,
3.0,
0.0,
0.0,
0.0,
0.0,
0.0,
0.0,
0.0,
0.0,
0.0,
0.0,
0.0,
0.0,
0.0,
19.0,
0.0,
0.0,
9.0,
5.0,
0.0,
0.0,
0.0,
0.0,
7.0,
0.0,
10.0,
0.0,
9.0,
4.0,
0.0,
0.0,
0.0,
0.0,
0.0,
0.0,
0.0,
0.0,
0.0,
0.0,
0.0,
0.0,
0.0,
10.0,
0.0,
0.0,
4.0,
0.0,
0.0,
10.0,
4.0,
170.0,
255.0,
142.0,
3.0,
3.0,
0.0,
0.0,
0.0,
0.0,
0.0,
0.0,
0.0,
0.0,
0.0,
0.0,
0.0,
0.0,
0.0,
0.0,
2.0,
0.0,
3.0,
7.0,
0.0,
0.0,
0.0,
2.0,
45.0,
232.0,
253.0,
245.0,
53.0,
2.0,
8.0,
1.0,
0.0,
0.0,
0.0,
0.0,
0.0,
0.0,
0.0,
0.0,
0.0,
0.0,
0.0,
0.0,
0.0,
0.0,
15.0,
0.0,
4.0,
20.0,
0.0,
3.0,
216.0,
255.0,
248.0,
153.0,
0.0,
2.0,
0.0,
0.0,
0.0,
0.0,
0.0,
0.0,
0.0,
0.0,
0.0,
0.0,
0.0,
0.0,
0.0,
0.0,
0.0,
4.0,
3.0,
0.0,
11.0,
0.0,
0.0,
130.0,
243.0,
255.0,
255.0,
255.0,
61.0,
0.0,
5.0,
6.0,
0.0,
0.0,
0.0,
0.0,
0.0,
0.0,
0.0,
0.0,
0.0,
0.0,
0.0,
0.0,
0.0,
1.0,
0.0,
1.0,
0.0,
0.0,
92.0,
255.0,
249.0,
200.0,
246.0,
238.0,
55.0,
17.0,
0.0,
0.0,
0.0,
0.0,
0.0,
0.0,
0.0,
0.0,
0.0,
0.0,
0.0,
0.0,
0.0,
0.0,
3.0,
4.0,
0.0,
17.0,
0.0,
43.0,
214.0,
250.0,
224.0,
58.0,
171.0,
248.0,
165.0,
0.0,
0.0,
4.0,
0.0,
0.0,
0.0,
0.0,
0.0,
7.0,
0.0,
10.0,
1.0,
0.0,
12.0,
0.0,
0.0,
7.0,
0.0,
4.0,
0.0,
81.0,
255.0,
204.0,
20.0,
0.0,
172.0,
243.0,
190.0,
0.0,
2.0,
2.0,
0.0,
0.0,
0.0,
0.0,
5.0,
0.0,
2.0,
0.0,
0.0,
13.0,
2.0,
0.0,
0.0,
3.0,
0.0,
10.0,
6.0,
0.0,
20.0,
13.0,
3.0,
7.0,
160.0,
255.0,
109.0,
9.0,
0.0,
0.0,
0.0,
0.0,
0.0,
0.0,
0.0,
7.0,
0.0,
0.0,
12.0,
1.0,
0.0,
13.0,
8.0,
9.0,
0.0,
0.0,
2.0,
7.0,
3.0,
27.0,
0.0,
0.0,
167.0,
255.0,
69.0,
0.0,
0.0,
0.0,
0.0,
0.0,
0.0,
0.0,
0.0,
9.0,
0.0,
5.0,
2.0,
0.0,
8.0,
7.0,
0.0,
0.0,
13.0,
7.0,
0.0,
4.0,
0.0,
0.0,
2.0,
34.0,
203.0,
251.0,
66.0,
0.0,
0.0,
10.0,
0.0,
0.0,
0.0,
0.0,
8.0,
0.0,
14.0,
5.0,
0.0,
12.0,
22.0,
0.0,
4.0,
3.0,
6.0,
11.0,
1.0,
0.0,
7.0,
5.0,
0.0,
144.0,
252.0,
221.0,
31.0,
6.0,
0.0,
7.0,
0.0,
0.0,
0.0,
0.0,
7.0,
0.0,
20.0,
0.0,
0.0,
7.0,
0.0,
52.0,
98.0,
186.0,
250.0,
212.0,
143.0,
30.0,
0.0,
0.0,
11.0,
223.0,
255.0,
110.0,
0.0,
0.0,
6.0,
0.0,
0.0,
0.0,
0.0,
0.0,
0.0,
3.0,
2.0,
0.0,
15.0,
0.0,
36.0,
197.0,
255.0,
210.0,
254.0,
243.0,
255.0,
200.0,
102.0,
25.0,
113.0,
246.0,
201.0,
8.0,
3.0,
0.0,
20.0,
0.0,
0.0,
0.0,
0.0,
0.0,
1.0,
12.0,
0.0,
13.0,
0.0,
16.0,
208.0,
255.0,
226.0,
8.0,
67.0,
133.0,
236.0,
255.0,
250.0,
214.0,
246.0,
255.0,
99.0,
0.0,
8.0,
0.0,
0.0,
4.0,
0.0,
0.0,
0.0,
0.0,
0.0,
4.0,
0.0,
9.0,
0.0,
58.0,
234.0,
255.0,
118.0,
9.0,
0.0,
2.0,
73.0,
196.0,
255.0,
247.0,
254.0,
218.0,
33.0,
0.0,
0.0,
0.0,
14.0,
0.0,
0.0,
11.0,
0.0,
0.0,
0.0,
0.0,
0.0,
8.0,
14.0,
221.0,
255.0,
254.0,
84.0,
0.0,
1.0,
2.0,
6.0,
29.0,
236.0,
255.0,
246.0,
255.0,
193.0,
118.0,
36.0,
0.0,
0.0,
24.0,
9.0,
0.0,
7.0,
12.0,
6.0,
3.0,
0.0,
0.0,
1.0,
240.0,
254.0,
234.0,
131.0,
0.0,
8.0,
0.0,
3.0,
129.0,
253.0,
243.0,
216.0,
246.0,
255.0,
239.0,
214.0,
211.0,
179.0,
209.0,
198.0,
14.0,
0.0,
3.0,
0.0,
8.0,
0.0,
0.0,
0.0,
117.0,
241.0,
255.0,
193.0,
8.0,
2.0,
12.0,
159.0,
240.0,
220.0,
38.0,
24.0,
41.0,
107.0,
162.0,
229.0,
255.0,
182.0,
156.0,
161.0,
0.0,
0.0,
13.0,
0.0,
7.0,
4.0,
6.0,
0.0,
6.0,
159.0,
237.0,
239.0,
104.0,
159.0,
242.0,
237.0,
213.0,
22.0,
6.0,
6.0,
0.0,
4.0,
1.0,
19.0,
23.0,
2.0,
0.0,
7.0,
0.0,
5.0,
1.0,
5.0,
0.0,
0.0,
6.0,
0.0,
0.0,
23.0,
80.0,
153.0,
240.0,
255.0,
211.0,
134.0,
26.0,
3.0,
0.0,
0.0,
0.0,
8.0,
3.0,
4.0,
0.0,
2.0,
0.0,
0.0,
13.0,
0.0,
0.0,
0.0,
0.0,
0.0,
0.0,
3.0,
15.0,
0.0,
7.0,
3.0,
12.0,
0.0,
15.0,
2.0,
0.0,
0.0,
31.0,
14.0,
0.0,
0.0,
0.0,
0.0,
0.0,
9.0,
3.0,
0.0,
0.0,
2.0,
12.0,
0.0,
8.0,
0.0,
0.0,
7.0,
0.0,
0.0,
0.0,
0.0,
0.0,
7.0,
0.0,
5.0,
6.0,
1.0,
0.0,
2.0,
0.0,
19.0,
1.0,
5.0,
0.0,
0.0,
0.0,
8.0,
0.0,
0.0,
0.0,
0.0,
0.0,
0.0,
0.0,
0.0,
0.0,
0.0,
0.0,
0.0,
0.0,
0.0,
0.0,
0.0,
0.0,
0.0,
0.0,
0.0,
0.0,
0.0,
0.0,
0.0,
0.0,
0.0,
0.0,
0.0,
0.0,
0.0,
0.0,
0.0,
0.0,
0.0,
0.0,
0.0,
0.0,
0.0,
0.0,
0.0,
0.0,
0.0,
0.0,
0.0,
0.0,
0.0,
0.0,
0.0,
0.0,
0.0,
0.0,
0.0,
0.0,
0.0,
0.0,
0.0,
0.0,
0.0,
0.0,
0.0,
0.0,
0.0,
0.0,
0.0,
0.0,
0.0,
0.0,
0.0,
0.0,
0.0,
0.0,
0.0,
0.0,
0.0,
0.0,
0.0,
0.0,
0.0,
0.0,
0.0,
0.0,
0.0,
0.0,
0.0,
0.0,
0.0,
0.0,
0.0,
0.0,
0.0,
0.0,
0.0,
0.0,
0.0,
0.0,
0.0,
0.0,
0.0,
0.0,
0.0,
0.0,
0.0,
0.0,
0.0,
0.0,
0.0,
0.0,
0.0,
0.0,
0.0,
0.0,
0.0,
0.0,
0.0,
0.0,
