0.0,
0.0,
0.0,
0.0,
0.0,
0.0,
0.0,
0.0,
0.0,
3.0,
1.0,
13.0,
0.0,
2.0,
0.0,
0.0,
1.0,
7.0,
0.0,
0.0,
2.0,
6.0,
12.0,
0.0,
0.0,
0.0,
0.0,
0.0,
0.0,
0.0,
0.0,
0.0,
0.0,
0.0,
0.0,
0.0,
7.0,
0.0,
0.0,
0.0,
3.0,
1.0,
0.0,
6.0,
0.0,
9.0,
0.0,
4.0,
0.0,
3.0,
0.0,
0.0,
0.0,
0.0,
0.0,
0.0,
0.0,
0.0,
0.0,
0.0,
0.0,
0.0,
0.0,
0.0,
2.0,
0.0,
4.0,
5.0,
28.0,
0.0,
0.0,
0.0,
97.0,
189.0,
250.0,
68.0,
15.0,
0.0,
21.0,
11.0,
0.0,
0.0,
0.0,
0.0,
0.0,
0.0,
0.0,
0.0,
0.0,
0.0,
0.0,
0.0,
1.0,
0.0,
15.0,
0.0,
0.0,
15.0,
140.0,
229.0,
239.0,
255.0,
255.0,
218.0,
51.0,
18.0,
0.0,
0.0,
0.0,
0.0,
0.0,
0.0,
0.0,
0.0,
0.0,
0.0,
0.0,
0.0,
0.0,
0.0,
0.0,
0.0,
10.0,
8.0,
6.0,
138.0,
249.0,
250.0,
210.0,
108.0,
230.0,
250.0,
199.0,
0.0,
4.0,
0.0,
0.0,
0.0,
0.0,
0.0,
0.0,
0.0,
0.0,
0.0,
0.0,
0.0,
0.0,
0.0,
14.0,
0.0,
0.0,
0.0,
41.0,
225.0,
255.0,
173.0,
26.0,
0.0,
127.0,
247.0,
164.0,
0.0,
14.0,
0.0,
0.0,
0.0,
0.0,
0.0,
0.0,
0.0,
0.0,
0.0,
0.0,
0.0,
0.0,
0.0,
0.0,
4.0,
9.0,
0.0,
0.0,
72.0,
91.0,
25.0,
0.0,
0.0,
11.0,
255.0,
153.0,
3.0,
0.0,
2.0,
0.0,
0.0,
0.0,
0.0,
0.0,
0.0,
0.0,
0.0,
0.0,
0.0,
0.0,
0.0,
0.0,
0.0,
7.0,
0.0,
13.0,
0.0,
3.0,
0.0,
0.0,
10.0,
0.0,
245.0,
183.0,
0.0,
0.0,
1.0,
0.0,
0.0,
0.0,
0.0,
0.0,
6.0,
0.0,
0.0,
0.0,
0.0,
0.0,
0.0,
0.0,
2.0,
0.0,
8.0,
0.0,
0.0,
8.0,
0.0,
1.0,
8.0,
0.0,
255.0,
173.0,
5.0,
0.0,
4.0,
0.0,
0.0,
0.0,
0.0,
3.0,
0.0,
0.0,
1.0,
7.0,
5.0,
4.0,
0.0,
10.0,
0.0,
8.0,
0.0,
4.0,
2.0,
0.0,
12.0,
2.0,
0.0,
12.0,
255.0,
153.0,
0.0,
21.0,
0.0,
0.0,
0.0,
0.0,
0.0,
8.0,
0.0,
0.0,
2.0,
0.0,
0.0,
1.0,
0.0,
1.0,
0.0,
0.0,
7.0,
5.0,
0.0,
14.0,
0.0,
1.0,
0.0,
11.0,
247.0,
170.0,
12.0,
0.0,
0.0,
0.0,
0.0,
0.0,
0.0,
2.0,
0.0,
9.0,
0.0,
0.0,
0.0,
3.0,
1.0,
0.0,
10.0,
2.0,
0.0,
2.0,
12.0,
0.0,
2.0,
0.0,
26.0,
0.0,
249.0,
185.0,
0.0,
1.0,
1.0,
0.0,
0.0,
0.0,
0.0,
0.0,
0.0,
11.0,
0.0,
0.0,
14.0,
6.0,
2.0,
4.0,
255.0,
254.0,
247.0,
154.0,
14.0,
0.0,
6.0,
0.0,
2.0,
69.0,
255.0,
154.0,
0.0,
1.0,
3.0,
0.0,
0.0,
0.0,
0.0,
2.0,
0.0,
6.0,
0.0,
5.0,
16.0,
0.0,
5.0,
160.0,
245.0,
245.0,
255.0,
239.0,
213.0,
105.0,
3.0,
0.0,
75.0,
233.0,
255.0,
166.0,
9.0,
0.0,
0.0,
0.0,
0.0,
0.0,
0.0,
7.0,
0.0,
5.0,
0.0,
5.0,
0.0,
0.0,
68.0,
240.0,
255.0,
255.0,
255.0,
246.0,
255.0,
251.0,
149.0,
85.0,
234.0,
255.0,
240.0,
143.0,
0.0,
23.0,
0.0,
0.0,
0.0,
0.0,
0.0,
0.0,
0.0,
7.0,
0.0,
3.0,
0.0,
16.0,
164.0,
255.0,
237.0,
181.0,
79.0,
189.0,
254.0,
243.0,
255.0,
253.0,
246.0,
255.0,
160.0,
8.0,
11.0,
0.0,
8.0,
0.0,
0.0,
0.0,
0.0,
0.0,
12.0,
0.0,
0.0,
7.0,
1.0,
0.0,
170.0,
255.0,
251.0,
35.0,
0.0,
9.0,
187.0,
255.0,
255.0,
246.0,
251.0,
165.0,
15.0,
0.0,
15.0,
0.0,
0.0,
0.0,
0.0,
0.0,
0.0,
0.0,
9.0,
0.0,
6.0,
0.0,
0.0,
6.0,
185.0,
248.0,
254.0,
26.0,
3.0,
22.0,
189.0,
246.0,
242.0,
255.0,
255.0,
255.0,
0.0,
0.0,
0.0,
0.0,
6.0,
0.0,
0.0,
0.0,
0.0,
2.0,
2.0,
0.0,
10.0,
0.0,
0.0,
9.0,
150.0,
248.0,
251.0,
194.0,
97.0,
241.0,
255.0,
248.0,
255.0,
250.0,
233.0,
249.0,
252.0,
78.0,
0.0,
20.0,
0.0,
0.0,
0.0,
0.0,
0.0,
7.0,
0.0,
0.0,
6.0,
0.0,
1.0,
0.0,
62.0,
242.0,
251.0,
238.0,
255.0,
239.0,
248.0,
201.0,
64.0,
80.0,
255.0,
238.0,
237.0,
163.0,
0.0,
4.0,
0.0,
0.0,
0.0,
0.0,
0.0,
2.0,
0.0,
0.0,
1.0,
0.0,
8.0,
0.0,
0.0,
34.0,
253.0,
255.0,
255.0,
219.0,
241.0,
0.0,
9.0,
1.0,
68.0,
247.0,
252.0,
181.0,
17.0,
0.0,
4.0,
0.0,
0.0,
0.0,
0.0,
0.0,
5.0,
6.0,
0.0,
0.0,
7.0,
3.0,
0.0,
18.0,
111.0,
157.0,
141.0,
36.0,
0.0,
8.0,
0.0,
0.0,
5.0,
49.0,
255.0,
170.0,
0.0,
6.0,
6.0,
0.0,
0.0,
0.0,
0.0,
0.0,
5.0,
3.0,
0.0,
1.0,
1.0,
5.0,
3.0,
0.0,
0.0,
0.0,
6.0,
4.0,
0.0,
0.0,
12.0,
10.0,
0.0,
1.0,
0.0,
0.0,
7.0,
8.0,
0.0,
0.0,
0.0,
0.0,
0.0,
4.0,
2.0,
0.0,
0.0,
11.0,
0.0,
0.0,
0.0,
0.0,
11.0,
0.0,
0.0,
2.0,
2.0,
14.0,
0.0,
0.0,
3.0,
5.0,
0.0,
1.0,
3.0,
0.0,
0.0,
0.0,
0.0,
0.0,
0.0,
0.0,
0.0,
0.0,
0.0,
0.0,
0.0,
0.0,
0.0,
0.0,
0.0,
0.0,
0.0,
0.0,
0.0,
0.0,
0.0,
0.0,
0.0,
0.0,
0.0,
0.0,
0.0,
0.0,
0.0,
0.0,
0.0,
0.0,
0.0,
0.0,
0.0,
0.0,
0.0,
0.0,
0.0,
0.0,
0.0,
0.0,
0.0,
0.0,
0.0,
0.0,
0.0,
0.0,
0.0,
0.0,
0.0,
0.0,
0.0,
0.0,
0.0,
0.0,
0.0,
0.0,
0.0,
0.0,
0.0,
0.0,
0.0,
0.0,
0.0,
0.0,
0.0,
0.0,
0.0,
0.0,
0.0,
0.0,
0.0,
0.0,
0.0,
0.0,
0.0,
0.0,
0.0,
0.0,
0.0,
0.0,
0.0,
0.0,
0.0,
0.0,
0.0,
0.0,
0.0,
0.0,
0.0,
0.0,
0.0,
0.0,
0.0,
0.0,
0.0,
0.0,
0.0,
0.0,
0.0,
0.0,
0.0,
0.0,
0.0,
0.0,
0.0,
0.0,
0.0,
0.0,
0.0,
0.0,
0.0,
0.0,
0.0,
0.0,
0.0,
