0.0,
0.0,
0.0,
0.0,
0.0,
0.0,
0.0,
0.0,
7.0,
0.0,
0.0,
4.0,
0.0,
0.0,
1.0,
0.0,
0.0,
0.0,
11.0,
8.0,
0.0,
0.0,
0.0,
0.0,
0.0,
0.0,
0.0,
0.0,
0.0,
0.0,
0.0,
0.0,
0.0,
0.0,
0.0,
0.0,
0.0,
0.0,
2.0,
0.0,
0.0,
4.0,
5.0,
0.0,
1.0,
0.0,
0.0,
0.0,
0.0,
9.0,
0.0,
0.0,
0.0,
0.0,
0.0,
0.0,
0.0,
0.0,
0.0,
0.0,
0.0,
0.0,
0.0,
0.0,
4.0,
0.0,
0.0,
4.0,
7.0,
3.0,
3.0,
7.0,
4.0,
0.0,
0.0,
12.0,
17.0,
7.0,
0.0,
1.0,
0.0,
0.0,
0.0,
0.0,
0.0,
0.0,
0.0,
0.0,
0.0,
0.0,
0.0,
0.0,
0.0,
10.0,
4.0,
0.0,
0.0,
6.0,
4.0,
0.0,
0.0,
5.0,
1.0,
0.0,
0.0,
0.0,
16.0,
0.0,
0.0,
0.0,
0.0,
0.0,
0.0,
0.0,
0.0,
0.0,
0.0,
0.0,
0.0,
0.0,
0.0,
0.0,
8.0,
17.0,
0.0,
0.0,
85.0,
226.0,
255.0,
255.0,
252.0,
233.0,
123.0,
8.0,
0.0,
0.0,
0.0,
0.0,
0.0,
0.0,
0.0,
0.0,
0.0,
0.0,
0.0,
0.0,
0.0,
0.0,
8.0,
8.0,
0.0,
0.0,
105.0,
220.0,
255.0,
252.0,
249.0,
252.0,
255.0,
255.0,
240.0,
114.0,
4.0,
0.0,
0.0,
0.0,
0.0,
0.0,
0.0,
0.0,
0.0,
0.0,
0.0,
0.0,
0.0,
0.0,
0.0,
0.0,
18.0,
126.0,
235.0,
224.0,
147.0,
109.0,
16.0,
152.0,
240.0,
201.0,
255.0,
229.0,
13.0,
0.0,
0.0,
0.0,
0.0,
0.0,
0.0,
0.0,
0.0,
0.0,
0.0,
0.0,
0.0,
0.0,
0.0,
0.0,
88.0,
234.0,
234.0,
62.0,
0.0,
53.0,
230.0,
194.0,
126.0,
38.0,
236.0,
255.0,
0.0,
13.0,
0.0,
0.0,
0.0,
0.0,
0.0,
0.0,
0.0,
0.0,
0.0,
0.0,
0.0,
0.0,
7.0,
0.0,
85.0,
255.0,
187.0,
0.0,
0.0,
1.0,
20.0,
25.0,
0.0,
24.0,
255.0,
232.0,
11.0,
0.0,
0.0,
0.0,
0.0,
0.0,
0.0,
0.0,
0.0,
0.0,
0.0,
0.0,
0.0,
0.0,
0.0,
4.0,
90.0,
217.0,
151.0,
10.0,
4.0,
5.0,
3.0,
0.0,
3.0,
16.0,
244.0,
255.0,
0.0,
0.0,
0.0,
0.0,
0.0,
0.0,
0.0,
0.0,
0.0,
0.0,
0.0,
0.0,
0.0,
0.0,
3.0,
0.0,
9.0,
50.0,
25.0,
0.0,
0.0,
0.0,
0.0,
0.0,
5.0,
79.0,
229.0,
254.0,
0.0,
10.0,
0.0,
0.0,
0.0,
0.0,
0.0,
0.0,
0.0,
0.0,
0.0,
0.0,
0.0,
0.0,
15.0,
3.0,
1.0,
0.0,
0.0,
10.0,
7.0,
1.0,
1.0,
7.0,
8.0,
226.0,
255.0,
195.0,
1.0,
3.0,
0.0,
0.0,
0.0,
0.0,
0.0,
0.0,
0.0,
0.0,
0.0,
0.0,
0.0,
0.0,
0.0,
0.0,
13.0,
0.0,
0.0,
1.0,
0.0,
0.0,
7.0,
0.0,
30.0,
255.0,
255.0,
84.0,
5.0,
0.0,
0.0,
0.0,
0.0,
0.0,
0.0,
0.0,
0.0,
0.0,
0.0,
0.0,
0.0,
0.0,
9.0,
6.0,
8.0,
0.0,
0.0,
3.0,
4.0,
10.0,
0.0,
17.0,
145.0,
241.0,
182.0,
0.0,
3.0,
3.0,
0.0,
0.0,
0.0,
0.0,
0.0,
0.0,
0.0,
0.0,
0.0,
0.0,
0.0,
0.0,
1.0,
0.0,
0.0,
1.0,
4.0,
5.0,
4.0,
0.0,
0.0,
128.0,
255.0,
251.0,
129.0,
0.0,
0.0,
5.0,
0.0,
0.0,
0.0,
0.0,
0.0,
0.0,
0.0,
0.0,
0.0,
0.0,
0.0,
0.0,
0.0,
0.0,
0.0,
9.0,
0.0,
0.0,
14.0,
0.0,
54.0,
233.0,
250.0,
199.0,
42.0,
3.0,
0.0,
0.0,
0.0,
0.0,
0.0,
0.0,
0.0,
4.0,
0.0,
0.0,
13.0,
0.0,
0.0,
2.0,
0.0,
3.0,
0.0,
0.0,
1.0,
0.0,
2.0,
44.0,
226.0,
255.0,
249.0,
20.0,
0.0,
0.0,
11.0,
0.0,
0.0,
0.0,
0.0,
0.0,
7.0,
0.0,
9.0,
0.0,
0.0,
0.0,
13.0,
0.0,
0.0,
0.0,
0.0,
7.0,
5.0,
0.0,
63.0,
168.0,
250.0,
232.0,
109.0,
24.0,
0.0,
10.0,
2.0,
0.0,
0.0,
0.0,
0.0,
0.0,
0.0,
0.0,
8.0,
0.0,
2.0,
14.0,
1.0,
29.0,
147.0,
167.0,
113.0,
31.0,
38.0,
126.0,
216.0,
255.0,
255.0,
166.0,
39.0,
0.0,
6.0,
0.0,
0.0,
0.0,
0.0,
0.0,
0.0,
0.0,
8.0,
0.0,
0.0,
0.0,
6.0,
141.0,
188.0,
255.0,
244.0,
255.0,
255.0,
241.0,
254.0,
255.0,
255.0,
252.0,
254.0,
219.0,
194.0,
9.0,
3.0,
0.0,
11.0,
1.0,
0.0,
0.0,
0.0,
0.0,
5.0,
0.0,
11.0,
9.0,
87.0,
235.0,
255.0,
230.0,
151.0,
218.0,
252.0,
249.0,
255.0,
255.0,
226.0,
202.0,
110.0,
31.0,
11.0,
0.0,
2.0,
1.0,
0.0,
6.0,
0.0,
0.0,
0.0,
0.0,
0.0,
0.0,
19.0,
37.0,
253.0,
255.0,
192.0,
139.0,
229.0,
249.0,
255.0,
251.0,
206.0,
111.0,
31.0,
12.0,
0.0,
13.0,
0.0,
6.0,
0.0,
9.0,
10.0,
4.0,
0.0,
0.0,
0.0,
0.0,
3.0,
1.0,
0.0,
9.0,
243.0,
255.0,
245.0,
255.0,
253.0,
238.0,
143.0,
27.0,
0.0,
3.0,
0.0,
0.0,
2.0,
0.0,
0.0,
0.0,
11.0,
0.0,
5.0,
0.0,
0.0,
0.0,
0.0,
0.0,
0.0,
0.0,
6.0,
5.0,
49.0,
123.0,
179.0,
129.0,
9.0,
10.0,
0.0,
0.0,
6.0,
4.0,
0.0,
9.0,
8.0,
0.0,
18.0,
1.0,
0.0,
6.0,
0.0,
10.0,
0.0,
0.0,
0.0,
0.0,
0.0,
0.0,
0.0,
0.0,
0.0,
0.0,
0.0,
0.0,
0.0,
0.0,
0.0,
0.0,
0.0,
0.0,
0.0,
0.0,
0.0,
0.0,
0.0,
0.0,
0.0,
0.0,
0.0,
0.0,
0.0,
0.0,
0.0,
0.0,
0.0,
0.0,
0.0,
0.0,
0.0,
0.0,
0.0,
0.0,
0.0,
0.0,
0.0,
0.0,
0.0,
0.0,
0.0,
0.0,
0.0,
0.0,
0.0,
0.0,
0.0,
0.0,
0.0,
0.0,
0.0,
0.0,
0.0,
0.0,
0.0,
0.0,
0.0,
0.0,
0.0,
0.0,
0.0,
0.0,
0.0,
0.0,
0.0,
0.0,
0.0,
0.0,
0.0,
0.0,
0.0,
0.0,
0.0,
0.0,
0.0,
0.0,
0.0,
0.0,
0.0,
0.0,
0.0,
0.0,
0.0,
0.0,
0.0,
0.0,
0.0,
0.0,
0.0,
0.0,
0.0,
0.0,
0.0,
0.0,
0.0,
0.0,
0.0,
0.0,
0.0,
0.0,
0.0,
0.0,
0.0,
0.0,
0.0,
0.0,
0.0,
0.0,
0.0,
0.0,
