0.0,
0.0,
0.0,
0.0,
0.0,
0.0,
0.0,
0.0,
0.0,
5.0,
7.0,
0.0,
4.0,
13.0,
0.0,
10.0,
10.0,
0.0,
0.0,
7.0,
0.0,
5.0,
0.0,
2.0,
0.0,
0.0,
0.0,
0.0,
0.0,
0.0,
0.0,
0.0,
0.0,
0.0,
0.0,
0.0,
9.0,
0.0,
6.0,
0.0,
3.0,
0.0,
0.0,
0.0,
0.0,
0.0,
15.0,
0.0,
3.0,
0.0,
14.0,
0.0,
0.0,
0.0,
0.0,
0.0,
0.0,
0.0,
0.0,
0.0,
0.0,
0.0,
0.0,
0.0,
0.0,
3.0,
0.0,
2.0,
9.0,
2.0,
1.0,
11.0,
0.0,
1.0,
0.0,
9.0,
4.0,
7.0,
17.0,
0.0,
0.0,
0.0,
0.0,
0.0,
0.0,
0.0,
0.0,
0.0,
0.0,
0.0,
0.0,
0.0,
0.0,
4.0,
0.0,
6.0,
0.0,
12.0,
1.0,
18.0,
54.0,
166.0,
225.0,
239.0,
96.0,
0.0,
0.0,
17.0,
0.0,
0.0,
0.0,
0.0,
0.0,
0.0,
0.0,
0.0,
0.0,
0.0,
0.0,
0.0,
4.0,
0.0,
23.0,
2.0,
0.0,
104.0,
182.0,
238.0,
251.0,
251.0,
255.0,
255.0,
218.0,
62.0,
5.0,
0.0,
0.0,
0.0,
0.0,
0.0,
0.0,
0.0,
0.0,
0.0,
0.0,
0.0,
0.0,
0.0,
4.0,
0.0,
0.0,
0.0,
172.0,
249.0,
248.0,
251.0,
255.0,
246.0,
230.0,
251.0,
255.0,
126.0,
2.0,
0.0,
0.0,
0.0,
0.0,
0.0,
0.0,
0.0,
0.0,
0.0,
0.0,
0.0,
0.0,
0.0,
0.0,
21.0,
3.0,
58.0,
230.0,
255.0,
247.0,
243.0,
148.0,
98.0,
24.0,
104.0,
249.0,
255.0,
56.0,
3.0,
0.0,
0.0,
0.0,
0.0,
0.0,
0.0,
0.0,
0.0,
0.0,
0.0,
0.0,
0.0,
8.0,
0.0,
0.0,
201.0,
254.0,
250.0,
174.0,
0.0,
0.0,
3.0,
7.0,
52.0,
252.0,
252.0,
60.0,
0.0,
0.0,
0.0,
0.0,
0.0,
7.0,
4.0,
0.0,
0.0,
5.0,
1.0,
0.0,
8.0,
11.0,
0.0,
5.0,
54.0,
157.0,
86.0,
18.0,
0.0,
7.0,
1.0,
1.0,
92.0,
249.0,
227.0,
43.0,
0.0,
0.0,
0.0,
0.0,
0.0,
0.0,
2.0,
9.0,
3.0,
0.0,
0.0,
0.0,
0.0,
0.0,
4.0,
10.0,
0.0,
0.0,
0.0,
2.0,
0.0,
0.0,
0.0,
11.0,
142.0,
251.0,
206.0,
0.0,
0.0,
0.0,
0.0,
0.0,
0.0,
7.0,
0.0,
0.0,
0.0,
0.0,
4.0,
13.0,
9.0,
25.0,
0.0,
0.0,
19.0,
0.0,
0.0,
0.0,
10.0,
6.0,
3.0,
42.0,
220.0,
255.0,
85.0,
10.0,
3.0,
0.0,
0.0,
0.0,
0.0,
9.0,
0.0,
0.0,
10.0,
4.0,
0.0,
0.0,
0.0,
0.0,
0.0,
0.0,
7.0,
0.0,
0.0,
4.0,
6.0,
0.0,
32.0,
231.0,
255.0,
160.0,
0.0,
3.0,
0.0,
0.0,
0.0,
0.0,
0.0,
0.0,
0.0,
5.0,
8.0,
0.0,
0.0,
2.0,
11.0,
9.0,
9.0,
0.0,
0.0,
9.0,
8.0,
0.0,
0.0,
0.0,
19.0,
228.0,
255.0,
137.0,
0.0,
4.0,
8.0,
0.0,
0.0,
0.0,
0.0,
0.0,
10.0,
0.0,
0.0,
0.0,
6.0,
0.0,
0.0,
0.0,
1.0,
28.0,
54.0,
102.0,
87.0,
42.0,
6.0,
33.0,
251.0,
255.0,
213.0,
0.0,
17.0,
0.0,
0.0,
0.0,
0.0,
0.0,
0.0,
0.0,
9.0,
0.0,
0.0,
13.0,
0.0,
0.0,
8.0,
54.0,
153.0,
227.0,
242.0,
234.0,
255.0,
249.0,
193.0,
194.0,
255.0,
246.0,
39.0,
20.0,
2.0,
1.0,
4.0,
0.0,
0.0,
0.0,
0.0,
0.0,
7.0,
0.0,
0.0,
6.0,
0.0,
61.0,
204.0,
253.0,
247.0,
249.0,
255.0,
211.0,
250.0,
255.0,
245.0,
252.0,
255.0,
85.0,
13.0,
0.0,
0.0,
7.0,
0.0,
0.0,
0.0,
0.0,
0.0,
0.0,
3.0,
0.0,
0.0,
0.0,
96.0,
222.0,
255.0,
255.0,
248.0,
158.0,
62.0,
8.0,
130.0,
255.0,
255.0,
245.0,
218.0,
14.0,
8.0,
0.0,
1.0,
8.0,
0.0,
0.0,
0.0,
0.0,
0.0,
0.0,
0.0,
7.0,
9.0,
133.0,
255.0,
246.0,
235.0,
67.0,
18.0,
9.0,
0.0,
86.0,
255.0,
252.0,
244.0,
255.0,
223.0,
14.0,
12.0,
0.0,
2.0,
0.0,
12.0,
0.0,
0.0,
0.0,
0.0,
4.0,
0.0,
2.0,
21.0,
243.0,
253.0,
224.0,
38.0,
5.0,
0.0,
0.0,
171.0,
252.0,
239.0,
220.0,
116.0,
196.0,
255.0,
170.0,
31.0,
12.0,
0.0,
0.0,
0.0,
0.0,
0.0,
0.0,
0.0,
0.0,
17.0,
0.0,
69.0,
252.0,
235.0,
49.0,
0.0,
9.0,
90.0,
197.0,
240.0,
252.0,
194.0,
19.0,
0.0,
30.0,
255.0,
255.0,
154.0,
0.0,
8.0,
0.0,
8.0,
0.0,
0.0,
0.0,
0.0,
12.0,
0.0,
0.0,
140.0,
239.0,
213.0,
96.0,
119.0,
233.0,
249.0,
244.0,
239.0,
127.0,
25.0,
0.0,
6.0,
4.0,
205.0,
238.0,
246.0,
168.0,
203.0,
131.0,
0.0,
0.0,
0.0,
0.0,
0.0,
0.0,
13.0,
0.0,
73.0,
255.0,
255.0,
255.0,
249.0,
245.0,
255.0,
149.0,
37.0,
0.0,
0.0,
0.0,
7.0,
6.0,
9.0,
252.0,
249.0,
255.0,
254.0,
71.0,
8.0,
0.0,
0.0,
0.0,
0.0,
0.0,
0.0,
12.0,
37.0,
132.0,
255.0,
240.0,
197.0,
69.0,
31.0,
10.0,
3.0,
0.0,
18.0,
0.0,
0.0,
13.0,
0.0,
39.0,
211.0,
197.0,
86.0,
2.0,
0.0,
0.0,
0.0,
0.0,
0.0,
5.0,
0.0,
7.0,
0.0,
4.0,
0.0,
20.0,
0.0,
0.0,
11.0,
0.0,
1.0,
0.0,
5.0,
0.0,
0.0,
0.0,
9.0,
0.0,
15.0,
2.0,
0.0,
0.0,
4.0,
0.0,
0.0,
0.0,
0.0,
0.0,
0.0,
0.0,
0.0,
0.0,
0.0,
0.0,
0.0,
0.0,
0.0,
0.0,
0.0,
0.0,
0.0,
0.0,
0.0,
0.0,
0.0,
0.0,
0.0,
0.0,
0.0,
0.0,
0.0,
0.0,
0.0,
0.0,
0.0,
0.0,
0.0,
0.0,
0.0,
0.0,
0.0,
0.0,
0.0,
0.0,
0.0,
0.0,
0.0,
0.0,
0.0,
0.0,
0.0,
0.0,
0.0,
0.0,
0.0,
0.0,
0.0,
0.0,
0.0,
0.0,
0.0,
0.0,
0.0,
0.0,
0.0,
0.0,
0.0,
0.0,
0.0,
0.0,
0.0,
0.0,
0.0,
0.0,
0.0,
0.0,
0.0,
0.0,
0.0,
0.0,
0.0,
0.0,
0.0,
0.0,
0.0,
0.0,
0.0,
0.0,
0.0,
0.0,
0.0,
0.0,
0.0,
0.0,
0.0,
0.0,
0.0,
0.0,
0.0,
0.0,
0.0,
0.0,
0.0,
0.0,
0.0,
0.0,
0.0,
0.0,
0.0,
0.0,
0.0,
0.0,
0.0,
0.0,
0.0,
0.0,
0.0,
0.0,
0.0,
