0.0,
0.0,
0.0,
0.0,
0.0,
0.0,
0.0,
0.0,
0.0,
3.0,
0.0,
1.0,
0.0,
9.0,
0.0,
2.0,
2.0,
7.0,
4.0,
2.0,
3.0,
0.0,
0.0,
6.0,
0.0,
0.0,
0.0,
0.0,
0.0,
0.0,
0.0,
0.0,
0.0,
0.0,
0.0,
0.0,
7.0,
7.0,
7.0,
0.0,
19.0,
0.0,
0.0,
0.0,
0.0,
0.0,
0.0,
0.0,
7.0,
12.0,
1.0,
0.0,
0.0,
0.0,
0.0,
0.0,
0.0,
0.0,
0.0,
0.0,
0.0,
0.0,
0.0,
0.0,
1.0,
0.0,
0.0,
16.0,
0.0,
0.0,
14.0,
2.0,
1.0,
6.0,
9.0,
0.0,
0.0,
0.0,
9.0,
6.0,
0.0,
0.0,
0.0,
0.0,
0.0,
0.0,
0.0,
0.0,
0.0,
0.0,
0.0,
0.0,
0.0,
20.0,
0.0,
0.0,
72.0,
245.0,
197.0,
0.0,
0.0,
0.0,
5.0,
11.0,
0.0,
0.0,
1.0,
1.0,
0.0,
0.0,
0.0,
0.0,
0.0,
0.0,
0.0,
0.0,
0.0,
0.0,
0.0,
0.0,
4.0,
0.0,
0.0,
50.0,
215.0,
253.0,
255.0,
234.0,
112.0,
50.0,
0.0,
0.0,
2.0,
5.0,
1.0,
0.0,
0.0,
0.0,
0.0,
0.0,
0.0,
0.0,
0.0,
0.0,
0.0,
0.0,
0.0,
0.0,
0.0,
1.0,
12.0,
124.0,
250.0,
254.0,
248.0,
250.0,
255.0,
206.0,
99.0,
13.0,
0.0,
0.0,
4.0,
8.0,
0.0,
0.0,
0.0,
0.0,
0.0,
0.0,
0.0,
0.0,
0.0,
0.0,
0.0,
0.0,
0.0,
14.0,
81.0,
249.0,
255.0,
225.0,
153.0,
81.0,
211.0,
255.0,
234.0,
89.0,
10.0,
0.0,
0.0,
0.0,
0.0,
0.0,
0.0,
0.0,
0.0,
0.0,
0.0,
0.0,
0.0,
0.0,
0.0,
0.0,
14.0,
0.0,
63.0,
230.0,
248.0,
68.0,
1.0,
0.0,
59.0,
244.0,
255.0,
94.0,
0.0,
1.0,
4.0,
0.0,
0.0,
0.0,
0.0,
0.0,
0.0,
0.0,
0.0,
0.0,
0.0,
0.0,
0.0,
0.0,
0.0,
5.0,
4.0,
94.0,
29.0,
0.0,
8.0,
4.0,
46.0,
251.0,
244.0,
111.0,
0.0,
7.0,
0.0,
0.0,
0.0,
0.0,
0.0,
0.0,
0.0,
0.0,
0.0,
0.0,
0.0,
0.0,
0.0,
0.0,
9.0,
0.0,
7.0,
5.0,
2.0,
11.0,
0.0,
0.0,
98.0,
252.0,
254.0,
55.0,
4.0,
0.0,
7.0,
1.0,
0.0,
0.0,
0.0,
0.0,
0.0,
0.0,
0.0,
0.0,
0.0,
0.0,
0.0,
0.0,
2.0,
10.0,
3.0,
0.0,
5.0,
7.0,
3.0,
1.0,
158.0,
254.0,
215.0,
7.0,
6.0,
0.0,
6.0,
2.0,
0.0,
0.0,
0.0,
0.0,
0.0,
0.0,
0.0,
0.0,
0.0,
0.0,
0.0,
0.0,
0.0,
17.0,
0.0,
6.0,
7.0,
0.0,
0.0,
20.0,
208.0,
253.0,
117.0,
0.0,
0.0,
10.0,
0.0,
2.0,
0.0,
0.0,
0.0,
0.0,
0.0,
0.0,
0.0,
0.0,
0.0,
0.0,
0.0,
0.0,
12.0,
0.0,
3.0,
3.0,
3.0,
8.0,
0.0,
106.0,
252.0,
232.0,
26.0,
5.0,
0.0,
13.0,
0.0,
1.0,
0.0,
0.0,
0.0,
0.0,
0.0,
0.0,
0.0,
0.0,
0.0,
0.0,
0.0,
0.0,
15.0,
0.0,
16.0,
0.0,
0.0,
0.0,
86.0,
220.0,
255.0,
168.0,
0.0,
2.0,
2.0,
0.0,
4.0,
0.0,
0.0,
0.0,
0.0,
0.0,
0.0,
0.0,
0.0,
0.0,
0.0,
0.0,
0.0,
0.0,
0.0,
6.0,
1.0,
0.0,
1.0,
23.0,
200.0,
255.0,
202.0,
64.0,
0.0,
0.0,
10.0,
0.0,
10.0,
0.0,
0.0,
0.0,
0.0,
0.0,
0.0,
0.0,
0.0,
0.0,
0.0,
0.0,
0.0,
0.0,
1.0,
2.0,
5.0,
0.0,
26.0,
156.0,
255.0,
255.0,
128.0,
0.0,
0.0,
3.0,
8.0,
0.0,
7.0,
0.0,
0.0,
0.0,
0.0,
0.0,
0.0,
5.0,
0.0,
5.0,
1.0,
0.0,
0.0,
4.0,
7.0,
0.0,
0.0,
17.0,
161.0,
250.0,
255.0,
116.0,
34.0,
0.0,
8.0,
0.0,
0.0,
13.0,
0.0,
8.0,
0.0,
0.0,
0.0,
0.0,
19.0,
0.0,
0.0,
2.0,
0.0,
0.0,
28.0,
0.0,
0.0,
0.0,
28.0,
106.0,
251.0,
255.0,
169.0,
4.0,
0.0,
0.0,
16.0,
0.0,
10.0,
0.0,
0.0,
2.0,
0.0,
0.0,
0.0,
0.0,
0.0,
0.0,
6.0,
0.0,
0.0,
0.0,
0.0,
98.0,
167.0,
173.0,
240.0,
250.0,
255.0,
203.0,
49.0,
32.0,
19.0,
8.0,
0.0,
0.0,
3.0,
0.0,
9.0,
0.0,
0.0,
0.0,
0.0,
0.0,
0.0,
1.0,
4.0,
0.0,
20.0,
8.0,
196.0,
241.0,
247.0,
248.0,
234.0,
255.0,
255.0,
252.0,
255.0,
253.0,
182.0,
127.0,
32.0,
20.0,
0.0,
10.0,
0.0,
3.0,
0.0,
0.0,
0.0,
0.0,
0.0,
4.0,
3.0,
0.0,
1.0,
110.0,
245.0,
255.0,
255.0,
253.0,
255.0,
200.0,
84.0,
160.0,
235.0,
245.0,
253.0,
241.0,
244.0,
250.0,
168.0,
113.0,
4.0,
1.0,
0.0,
0.0,
0.0,
0.0,
1.0,
0.0,
2.0,
12.0,
0.0,
9.0,
238.0,
237.0,
243.0,
255.0,
73.0,
4.0,
17.0,
0.0,
0.0,
27.0,
122.0,
140.0,
240.0,
253.0,
216.0,
121.0,
13.0,
0.0,
0.0,
0.0,
0.0,
0.0,
0.0,
9.0,
0.0,
0.0,
0.0,
0.0,
77.0,
242.0,
199.0,
78.0,
8.0,
1.0,
0.0,
10.0,
2.0,
0.0,
4.0,
0.0,
14.0,
0.0,
8.0,
0.0,
0.0,
3.0,
0.0,
0.0,
0.0,
0.0,
0.0,
0.0,
11.0,
3.0,
5.0,
1.0,
0.0,
8.0,
2.0,
0.0,
9.0,
2.0,
0.0,
1.0,
0.0,
5.0,
0.0,
8.0,
0.0,
0.0,
0.0,
0.0,
6.0,
0.0,
0.0,
0.0,
0.0,
0.0,
0.0,
0.0,
0.0,
0.0,
0.0,
0.0,
0.0,
0.0,
0.0,
0.0,
0.0,
0.0,
0.0,
0.0,
0.0,
0.0,
0.0,
0.0,
0.0,
0.0,
0.0,
0.0,
0.0,
0.0,
0.0,
0.0,
0.0,
0.0,
0.0,
0.0,
0.0,
0.0,
0.0,
0.0,
0.0,
0.0,
0.0,
0.0,
0.0,
0.0,
0.0,
0.0,
0.0,
0.0,
0.0,
0.0,
0.0,
0.0,
0.0,
0.0,
0.0,
0.0,
0.0,
0.0,
0.0,
0.0,
0.0,
0.0,
0.0,
0.0,
0.0,
0.0,
0.0,
0.0,
0.0,
0.0,
0.0,
0.0,
0.0,
0.0,
0.0,
0.0,
0.0,
0.0,
0.0,
0.0,
0.0,
0.0,
0.0,
0.0,
0.0,
0.0,
0.0,
0.0,
0.0,
0.0,
0.0,
0.0,
0.0,
0.0,
0.0,
0.0,
0.0,
0.0,
0.0,
0.0,
0.0,
0.0,
0.0,
0.0,
0.0,
0.0,
0.0,
0.0,
0.0,
0.0,
0.0,
0.0,
0.0,
0.0,
0.0,
0.0,
