0.0,
0.0,
0.0,
0.0,
0.0,
0.0,
0.0,
0.0,
0.0,
0.0,
0.0,
0.0,
0.0,
5.0,
6.0,
0.0,
0.0,
11.0,
0.0,
5.0,
0.0,
2.0,
2.0,
10.0,
0.0,
0.0,
0.0,
0.0,
0.0,
0.0,
0.0,
0.0,
0.0,
0.0,
0.0,
0.0,
0.0,
0.0,
12.0,
8.0,
0.0,
0.0,
7.0,
7.0,
0.0,
0.0,
0.0,
5.0,
1.0,
0.0,
0.0,
0.0,
0.0,
0.0,
0.0,
0.0,
0.0,
0.0,
0.0,
0.0,
0.0,
0.0,
0.0,
0.0,
5.0,
0.0,
0.0,
0.0,
0.0,
4.0,
5.0,
0.0,
8.0,
0.0,
1.0,
0.0,
0.0,
1.0,
5.0,
3.0,
0.0,
0.0,
0.0,
0.0,
0.0,
0.0,
0.0,
0.0,
0.0,
0.0,
0.0,
0.0,
0.0,
0.0,
3.0,
7.0,
2.0,
3.0,
4.0,
0.0,
0.0,
0.0,
16.0,
9.0,
0.0,
6.0,
0.0,
0.0,
0.0,
0.0,
0.0,
0.0,
0.0,
0.0,
0.0,
0.0,
0.0,
0.0,
0.0,
0.0,
11.0,
0.0,
0.0,
0.0,
0.0,
0.0,
1.0,
0.0,
3.0,
0.0,
0.0,
0.0,
0.0,
14.0,
6.0,
0.0,
0.0,
0.0,
0.0,
0.0,
0.0,
0.0,
0.0,
0.0,
0.0,
0.0,
0.0,
0.0,
0.0,
0.0,
2.0,
8.0,
10.0,
45.0,
105.0,
146.0,
246.0,
255.0,
255.0,
193.0,
93.0,
0.0,
0.0,
16.0,
0.0,
0.0,
0.0,
0.0,
0.0,
0.0,
0.0,
0.0,
0.0,
0.0,
0.0,
0.0,
15.0,
0.0,
12.0,
87.0,
177.0,
243.0,
255.0,
248.0,
246.0,
248.0,
249.0,
250.0,
240.0,
47.0,
4.0,
0.0,
0.0,
0.0,
0.0,
0.0,
0.0,
0.0,
0.0,
0.0,
0.0,
0.0,
0.0,
0.0,
0.0,
62.0,
180.0,
255.0,
255.0,
246.0,
246.0,
251.0,
234.0,
229.0,
243.0,
248.0,
255.0,
8.0,
0.0,
5.0,
0.0,
0.0,
0.0,
0.0,
0.0,
0.0,
0.0,
0.0,
0.0,
0.0,
0.0,
0.0,
30.0,
217.0,
250.0,
244.0,
221.0,
146.0,
72.0,
63.0,
0.0,
0.0,
111.0,
251.0,
254.0,
15.0,
19.0,
0.0,
0.0,
0.0,
0.0,
0.0,
0.0,
0.0,
0.0,
0.0,
0.0,
0.0,
0.0,
0.0,
104.0,
241.0,
255.0,
255.0,
83.0,
3.0,
1.0,
0.0,
3.0,
4.0,
180.0,
255.0,
255.0,
21.0,
0.0,
1.0,
0.0,
0.0,
0.0,
0.0,
0.0,
0.0,
0.0,
0.0,
0.0,
0.0,
0.0,
0.0,
2.0,
175.0,
209.0,
214.0,
54.0,
0.0,
11.0,
1.0,
0.0,
131.0,
249.0,
248.0,
216.0,
5.0,
4.0,
11.0,
0.0,
0.0,
0.0,
0.0,
0.0,
0.0,
0.0,
0.0,
0.0,
0.0,
0.0,
0.0,
0.0,
17.0,
0.0,
2.0,
12.0,
0.0,
6.0,
1.0,
20.0,
235.0,
246.0,
242.0,
62.0,
0.0,
0.0,
0.0,
0.0,
0.0,
0.0,
0.0,
0.0,
0.0,
0.0,
0.0,
0.0,
0.0,
0.0,
0.0,
1.0,
0.0,
4.0,
1.0,
3.0,
5.0,
0.0,
0.0,
169.0,
243.0,
255.0,
188.0,
13.0,
4.0,
4.0,
4.0,
0.0,
0.0,
0.0,
0.0,
0.0,
0.0,
0.0,
0.0,
0.0,
0.0,
0.0,
0.0,
7.0,
6.0,
2.0,
0.0,
0.0,
14.0,
0.0,
61.0,
246.0,
249.0,
179.0,
32.0,
6.0,
0.0,
3.0,
0.0,
0.0,
0.0,
0.0,
0.0,
0.0,
0.0,
0.0,
0.0,
0.0,
0.0,
0.0,
0.0,
0.0,
0.0,
0.0,
7.0,
6.0,
0.0,
17.0,
208.0,
252.0,
233.0,
36.0,
0.0,
0.0,
12.0,
2.0,
6.0,
0.0,
0.0,
0.0,
0.0,
0.0,
0.0,
0.0,
0.0,
0.0,
0.0,
0.0,
0.0,
1.0,
5.0,
15.0,
0.0,
11.0,
90.0,
201.0,
250.0,
253.0,
60.0,
6.0,
5.0,
8.0,
0.0,
7.0,
0.0,
0.0,
0.0,
0.0,
0.0,
0.0,
8.0,
0.0,
0.0,
10.0,
0.0,
0.0,
5.0,
0.0,
2.0,
0.0,
7.0,
134.0,
230.0,
255.0,
247.0,
113.0,
0.0,
10.0,
1.0,
3.0,
0.0,
7.0,
0.0,
0.0,
0.0,
0.0,
0.0,
0.0,
7.0,
0.0,
0.0,
2.0,
0.0,
0.0,
3.0,
6.0,
0.0,
16.0,
71.0,
238.0,
255.0,
231.0,
114.0,
5.0,
4.0,
0.0,
12.0,
0.0,
20.0,
0.0,
0.0,
0.0,
0.0,
0.0,
0.0,
0.0,
3.0,
1.0,
0.0,
0.0,
6.0,
5.0,
0.0,
5.0,
10.0,
48.0,
229.0,
255.0,
254.0,
96.0,
23.0,
0.0,
12.0,
1.0,
0.0,
18.0,
0.0,
0.0,
13.0,
0.0,
0.0,
0.0,
0.0,
0.0,
0.0,
3.0,
0.0,
0.0,
9.0,
1.0,
0.0,
3.0,
13.0,
243.0,
254.0,
255.0,
124.0,
11.0,
0.0,
0.0,
30.0,
103.0,
98.0,
145.0,
9.0,
10.0,
0.0,
0.0,
0.0,
0.0,
0.0,
2.0,
0.0,
4.0,
0.0,
0.0,
3.0,
0.0,
6.0,
53.0,
222.0,
255.0,
249.0,
115.0,
41.0,
143.0,
144.0,
204.0,
244.0,
255.0,
222.0,
132.0,
13.0,
14.0,
3.0,
0.0,
0.0,
0.0,
0.0,
3.0,
0.0,
5.0,
0.0,
0.0,
0.0,
0.0,
69.0,
197.0,
252.0,
245.0,
230.0,
188.0,
246.0,
255.0,
255.0,
252.0,
145.0,
56.0,
32.0,
3.0,
0.0,
4.0,
0.0,
0.0,
0.0,
0.0,
0.0,
1.0,
0.0,
6.0,
0.0,
2.0,
0.0,
35.0,
179.0,
250.0,
255.0,
255.0,
255.0,
244.0,
255.0,
231.0,
247.0,
77.0,
2.0,
0.0,
0.0,
4.0,
0.0,
2.0,
17.0,
0.0,
0.0,
0.0,
0.0,
0.0,
0.0,
6.0,
0.0,
7.0,
6.0,
74.0,
255.0,
255.0,
251.0,
242.0,
255.0,
255.0,
205.0,
85.0,
18.0,
2.0,
0.0,
7.0,
0.0,
0.0,
12.0,
0.0,
0.0,
0.0,
0.0,
0.0,
0.0,
7.0,
3.0,
0.0,
6.0,
8.0,
0.0,
60.0,
236.0,
255.0,
223.0,
159.0,
91.0,
37.0,
7.0,
0.0,
0.0,
0.0,
0.0,
0.0,
0.0,
0.0,
0.0,
0.0,
0.0,
0.0,
0.0,
0.0,
0.0,
0.0,
14.0,
4.0,
0.0,
7.0,
0.0,
0.0,
15.0,
0.0,
0.0,
0.0,
0.0,
0.0,
1.0,
5.0,
7.0,
0.0,
0.0,
0.0,
0.0,
0.0,
0.0,
0.0,
0.0,
0.0,
0.0,
0.0,
0.0,
1.0,
7.0,
0.0,
0.0,
2.0,
9.0,
0.0,
0.0,
4.0,
5.0,
6.0,
6.0,
3.0,
0.0,
0.0,
0.0,
0.0,
0.0,
0.0,
0.0,
0.0,
0.0,
0.0,
0.0,
0.0,
0.0,
0.0,
0.0,
3.0,
0.0,
0.0,
10.0,
5.0,
0.0,
0.0,
8.0,
0.0,
0.0,
0.0,
0.0,
0.0,
0.0,
4.0,
7.0,
0.0,
0.0,
0.0,
0.0,
0.0,
0.0,
0.0,
0.0,
0.0,
0.0,
0.0,
0.0,
