0.0,
0.0,
0.0,
0.0,
5.0,
0.0,
0.0,
2.0,
0.0,
7.0,
0.0,
15.0,
0.0,
0.0,
4.0,
1.0,
0.0,
0.0,
0.0,
0.0,
0.0,
0.0,
0.0,
0.0,
0.0,
0.0,
0.0,
0.0,
0.0,
2.0,
1.0,
0.0,
0.0,
0.0,
4.0,
7.0,
2.0,
0.0,
0.0,
0.0,
4.0,
2.0,
6.0,
0.0,
0.0,
0.0,
0.0,
0.0,
0.0,
0.0,
0.0,
0.0,
0.0,
0.0,
0.0,
0.0,
0.0,
0.0,
10.0,
8.0,
2.0,
6.0,
4.0,
0.0,
4.0,
1.0,
14.0,
0.0,
12.0,
0.0,
0.0,
0.0,
0.0,
0.0,
0.0,
0.0,
0.0,
0.0,
0.0,
0.0,
0.0,
0.0,
0.0,
0.0,
11.0,
1.0,
0.0,
0.0,
0.0,
0.0,
6.0,
0.0,
0.0,
0.0,
7.0,
0.0,
1.0,
1.0,
0.0,
13.0,
0.0,
0.0,
0.0,
0.0,
0.0,
0.0,
0.0,
0.0,
0.0,
0.0,
0.0,
0.0,
0.0,
0.0,
0.0,
4.0,
0.0,
0.0,
1.0,
6.0,
10.0,
6.0,
0.0,
0.0,
0.0,
10.0,
0.0,
0.0,
0.0,
0.0,
0.0,
0.0,
0.0,
0.0,
0.0,
0.0,
0.0,
0.0,
0.0,
0.0,
1.0,
9.0,
3.0,
0.0,
1.0,
0.0,
0.0,
13.0,
15.0,
93.0,
133.0,
131.0,
31.0,
0.0,
0.0,
15.0,
0.0,
0.0,
0.0,
0.0,
0.0,
0.0,
0.0,
0.0,
0.0,
0.0,
0.0,
0.0,
0.0,
11.0,
0.0,
2.0,
96.0,
176.0,
205.0,
224.0,
255.0,
255.0,
241.0,
255.0,
221.0,
153.0,
92.0,
0.0,
0.0,
0.0,
0.0,
0.0,
0.0,
0.0,
0.0,
0.0,
0.0,
0.0,
0.0,
0.0,
0.0,
13.0,
0.0,
19.0,
164.0,
255.0,
239.0,
205.0,
196.0,
133.0,
95.0,
181.0,
255.0,
255.0,
218.0,
33.0,
0.0,
0.0,
0.0,
0.0,
0.0,
0.0,
0.0,
0.0,
0.0,
0.0,
0.0,
0.0,
0.0,
6.0,
2.0,
0.0,
12.0,
34.0,
30.0,
8.0,
3.0,
0.0,
17.0,
0.0,
76.0,
190.0,
254.0,
197.0,
10.0,
7.0,
0.0,
0.0,
0.0,
2.0,
1.0,
0.0,
0.0,
0.0,
0.0,
0.0,
0.0,
2.0,
0.0,
0.0,
0.0,
11.0,
9.0,
0.0,
0.0,
15.0,
0.0,
17.0,
0.0,
11.0,
188.0,
255.0,
104.0,
12.0,
0.0,
1.0,
4.0,
0.0,
2.0,
10.0,
0.0,
0.0,
0.0,
0.0,
0.0,
2.0,
3.0,
0.0,
0.0,
0.0,
0.0,
0.0,
4.0,
0.0,
3.0,
0.0,
0.0,
17.0,
7.0,
255.0,
208.0,
18.0,
0.0,
1.0,
8.0,
0.0,
0.0,
1.0,
0.0,
0.0,
0.0,
0.0,
0.0,
0.0,
2.0,
4.0,
1.0,
0.0,
0.0,
5.0,
0.0,
9.0,
0.0,
0.0,
8.0,
6.0,
8.0,
255.0,
212.0,
0.0,
0.0,
0.0,
0.0,
0.0,
4.0,
0.0,
0.0,
0.0,
0.0,
0.0,
0.0,
0.0,
0.0,
1.0,
1.0,
0.0,
0.0,
2.0,
0.0,
15.0,
0.0,
17.0,
0.0,
0.0,
121.0,
255.0,
213.0,
0.0,
17.0,
12.0,
0.0,
0.0,
2.0,
5.0,
0.0,
0.0,
0.0,
0.0,
3.0,
0.0,
0.0,
0.0,
2.0,
0.0,
0.0,
0.0,
1.0,
0.0,
4.0,
8.0,
0.0,
9.0,
126.0,
234.0,
215.0,
0.0,
0.0,
0.0,
1.0,
5.0,
0.0,
0.0,
0.0,
0.0,
0.0,
0.0,
1.0,
2.0,
1.0,
0.0,
0.0,
3.0,
1.0,
0.0,
0.0,
11.0,
1.0,
0.0,
0.0,
7.0,
156.0,
254.0,
196.0,
24.0,
0.0,
0.0,
0.0,
11.0,
0.0,
0.0,
0.0,
0.0,
0.0,
0.0,
0.0,
0.0,
1.0,
0.0,
0.0,
1.0,
2.0,
0.0,
4.0,
0.0,
0.0,
11.0,
0.0,
73.0,
223.0,
254.0,
246.0,
164.0,
142.0,
74.0,
0.0,
0.0,
0.0,
7.0,
0.0,
0.0,
0.0,
0.0,
0.0,
0.0,
0.0,
0.0,
0.0,
0.0,
0.0,
0.0,
0.0,
25.0,
31.0,
152.0,
236.0,
243.0,
255.0,
248.0,
255.0,
248.0,
255.0,
243.0,
241.0,
119.0,
0.0,
1.0,
0.0,
0.0,
0.0,
0.0,
0.0,
0.0,
0.0,
0.0,
0.0,
0.0,
0.0,
0.0,
0.0,
69.0,
255.0,
255.0,
177.0,
252.0,
255.0,
218.0,
55.0,
66.0,
116.0,
166.0,
255.0,
255.0,
144.0,
5.0,
0.0,
0.0,
0.0,
0.0,
0.0,
0.0,
0.0,
0.0,
0.0,
0.0,
0.0,
0.0,
18.0,
190.0,
220.0,
89.0,
0.0,
238.0,
247.0,
87.0,
13.0,
0.0,
0.0,
5.0,
108.0,
238.0,
249.0,
92.0,
0.0,
0.0,
0.0,
0.0,
0.0,
0.0,
0.0,
0.0,
0.0,
0.0,
0.0,
0.0,
22.0,
255.0,
182.0,
11.0,
130.0,
255.0,
226.0,
0.0,
0.0,
0.0,
15.0,
0.0,
5.0,
116.0,
255.0,
244.0,
0.0,
0.0,
0.0,
0.0,
0.0,
0.0,
0.0,
0.0,
0.0,
0.0,
0.0,
0.0,
7.0,
226.0,
251.0,
202.0,
250.0,
225.0,
58.0,
11.0,
8.0,
2.0,
1.0,
0.0,
0.0,
12.0,
85.0,
77.0,
0.0,
0.0,
0.0,
0.0,
0.0,
0.0,
0.0,
0.0,
0.0,
0.0,
0.0,
0.0,
0.0,
72.0,
248.0,
251.0,
232.0,
64.0,
0.0,
0.0,
0.0,
0.0,
5.0,
0.0,
2.0,
0.0,
4.0,
13.0,
0.0,
0.0,
0.0,
0.0,
0.0,
0.0,
0.0,
0.0,
0.0,
0.0,
0.0,
0.0,
2.0,
0.0,
29.0,
69.0,
20.0,
0.0,
8.0,
9.0,
6.0,
0.0,
0.0,
0.0,
18.0,
10.0,
0.0,
0.0,
0.0,
0.0,
0.0,
0.0,
0.0,
0.0,
0.0,
0.0,
0.0,
0.0,
0.0,
0.0,
0.0,
0.0,
1.0,
0.0,
2.0,
0.0,
0.0,
0.0,
4.0,
0.0,
18.0,
0.0,
0.0,
0.0,
0.0,
12.0,
0.0,
0.0,
0.0,
0.0,
0.0,
0.0,
0.0,
0.0,
0.0,
0.0,
0.0,
0.0,
0.0,
0.0,
0.0,
0.0,
0.0,
0.0,
0.0,
0.0,
0.0,
0.0,
0.0,
0.0,
0.0,
0.0,
0.0,
0.0,
0.0,
0.0,
0.0,
0.0,
0.0,
0.0,
0.0,
0.0,
0.0,
0.0,
0.0,
0.0,
0.0,
0.0,
0.0,
0.0,
0.0,
0.0,
0.0,
0.0,
0.0,
0.0,
0.0,
0.0,
0.0,
0.0,
0.0,
0.0,
0.0,
0.0,
0.0,
0.0,
0.0,
0.0,
0.0,
0.0,
0.0,
0.0,
0.0,
0.0,
0.0,
0.0,
0.0,
0.0,
0.0,
0.0,
0.0,
0.0,
0.0,
0.0,
0.0,
0.0,
0.0,
0.0,
0.0,
0.0,
0.0,
0.0,
0.0,
0.0,
0.0,
0.0,
0.0,
0.0,
0.0,
0.0,
0.0,
0.0,
0.0,
0.0,
0.0,
0.0,
0.0,
0.0,
0.0,
0.0,
0.0,
0.0,
0.0,
0.0,
0.0,
0.0,
0.0,
0.0,
0.0,
0.0,
0.0,
0.0,
