0.0,
0.0,
0.0,
0.0,
0.0,
0.0,
0.0,
0.0,
0.0,
11.0,
0.0,
2.0,
7.0,
0.0,
1.0,
5.0,
8.0,
0.0,
8.0,
0.0,
1.0,
0.0,
2.0,
0.0,
0.0,
0.0,
0.0,
0.0,
0.0,
0.0,
0.0,
0.0,
0.0,
0.0,
0.0,
0.0,
0.0,
2.0,
8.0,
0.0,
0.0,
20.0,
0.0,
0.0,
0.0,
4.0,
1.0,
0.0,
8.0,
0.0,
0.0,
0.0,
0.0,
0.0,
0.0,
0.0,
0.0,
0.0,
0.0,
0.0,
0.0,
0.0,
0.0,
0.0,
8.0,
0.0,
6.0,
0.0,
2.0,
4.0,
0.0,
11.0,
7.0,
10.0,
0.0,
0.0,
16.0,
0.0,
0.0,
2.0,
0.0,
0.0,
0.0,
0.0,
0.0,
0.0,
0.0,
0.0,
0.0,
0.0,
0.0,
0.0,
0.0,
0.0,
0.0,
13.0,
0.0,
0.0,
12.0,
0.0,
8.0,
0.0,
0.0,
0.0,
2.0,
0.0,
3.0,
2.0,
0.0,
0.0,
0.0,
0.0,
0.0,
0.0,
0.0,
0.0,
0.0,
0.0,
0.0,
0.0,
0.0,
1.0,
6.0,
52.0,
142.0,
255.0,
250.0,
68.0,
0.0,
0.0,
30.0,
0.0,
0.0,
0.0,
17.0,
0.0,
0.0,
0.0,
0.0,
0.0,
0.0,
0.0,
0.0,
0.0,
0.0,
0.0,
0.0,
0.0,
11.0,
17.0,
139.0,
230.0,
247.0,
255.0,
246.0,
230.0,
104.0,
14.0,
3.0,
0.0,
3.0,
0.0,
8.0,
0.0,
0.0,
0.0,
0.0,
0.0,
0.0,
0.0,
0.0,
0.0,
0.0,
0.0,
0.0,
0.0,
0.0,
127.0,
255.0,
255.0,
242.0,
255.0,
252.0,
255.0,
238.0,
116.0,
0.0,
4.0,
15.0,
0.0,
0.0,
4.0,
0.0,
0.0,
0.0,
0.0,
0.0,
0.0,
0.0,
0.0,
0.0,
0.0,
0.0,
0.0,
55.0,
216.0,
255.0,
245.0,
255.0,
247.0,
244.0,
249.0,
253.0,
216.0,
0.0,
5.0,
0.0,
0.0,
2.0,
2.0,
0.0,
0.0,
0.0,
0.0,
0.0,
0.0,
0.0,
0.0,
0.0,
0.0,
0.0,
0.0,
77.0,
255.0,
255.0,
246.0,
209.0,
34.0,
102.0,
241.0,
249.0,
218.0,
1.0,
0.0,
1.0,
1.0,
0.0,
0.0,
0.0,
0.0,
0.0,
0.0,
0.0,
0.0,
0.0,
0.0,
0.0,
0.0,
0.0,
0.0,
51.0,
174.0,
175.0,
185.0,
57.0,
0.0,
2.0,
255.0,
251.0,
249.0,
88.0,
11.0,
0.0,
4.0,
7.0,
0.0,
0.0,
0.0,
0.0,
0.0,
0.0,
0.0,
0.0,
0.0,
0.0,
0.0,
0.0,
0.0,
0.0,
0.0,
0.0,
10.0,
0.0,
0.0,
0.0,
252.0,
255.0,
238.0,
114.0,
10.0,
0.0,
2.0,
0.0,
0.0,
0.0,
0.0,
0.0,
0.0,
0.0,
0.0,
0.0,
0.0,
0.0,
0.0,
0.0,
0.0,
18.0,
4.0,
5.0,
0.0,
19.0,
0.0,
18.0,
246.0,
252.0,
243.0,
106.0,
3.0,
0.0,
0.0,
0.0,
2.0,
0.0,
0.0,
0.0,
0.0,
0.0,
0.0,
0.0,
0.0,
0.0,
0.0,
0.0,
0.0,
0.0,
0.0,
0.0,
0.0,
4.0,
0.0,
0.0,
255.0,
242.0,
255.0,
111.0,
6.0,
0.0,
3.0,
0.0,
2.0,
0.0,
0.0,
0.0,
0.0,
0.0,
0.0,
0.0,
0.0,
0.0,
0.0,
0.0,
0.0,
16.0,
0.0,
0.0,
7.0,
0.0,
3.0,
4.0,
243.0,
254.0,
228.0,
56.0,
7.0,
5.0,
3.0,
0.0,
2.0,
0.0,
0.0,
0.0,
0.0,
0.0,
0.0,
0.0,
0.0,
0.0,
0.0,
0.0,
0.0,
0.0,
0.0,
9.0,
0.0,
0.0,
1.0,
118.0,
255.0,
255.0,
120.0,
0.0,
2.0,
13.0,
0.0,
0.0,
0.0,
0.0,
0.0,
0.0,
0.0,
0.0,
0.0,
0.0,
0.0,
0.0,
0.0,
0.0,
0.0,
0.0,
13.0,
0.0,
0.0,
1.0,
45.0,
247.0,
252.0,
251.0,
65.0,
11.0,
0.0,
0.0,
0.0,
16.0,
0.0,
0.0,
0.0,
0.0,
0.0,
0.0,
0.0,
0.0,
0.0,
0.0,
0.0,
0.0,
0.0,
2.0,
0.0,
1.0,
8.0,
0.0,
101.0,
250.0,
255.0,
254.0,
71.0,
0.0,
2.0,
0.0,
3.0,
8.0,
0.0,
2.0,
6.0,
3.0,
0.0,
0.0,
0.0,
0.0,
0.0,
0.0,
0.0,
0.0,
0.0,
0.0,
10.0,
8.0,
0.0,
115.0,
255.0,
241.0,
245.0,
255.0,
226.0,
221.0,
207.0,
225.0,
118.0,
20.0,
0.0,
0.0,
0.0,
0.0,
2.0,
0.0,
0.0,
0.0,
0.0,
0.0,
0.0,
0.0,
0.0,
6.0,
0.0,
7.0,
113.0,
243.0,
244.0,
253.0,
255.0,
246.0,
255.0,
251.0,
253.0,
246.0,
251.0,
114.0,
0.0,
23.0,
5.0,
0.0,
0.0,
0.0,
0.0,
0.0,
0.0,
0.0,
0.0,
0.0,
0.0,
4.0,
21.0,
147.0,
242.0,
255.0,
255.0,
251.0,
238.0,
238.0,
255.0,
242.0,
255.0,
255.0,
215.0,
52.0,
2.0,
48.0,
19.0,
0.0,
0.0,
0.0,
0.0,
0.0,
0.0,
0.0,
0.0,
0.0,
0.0,
0.0,
169.0,
255.0,
255.0,
232.0,
255.0,
255.0,
255.0,
255.0,
222.0,
138.0,
0.0,
0.0,
0.0,
12.0,
0.0,
15.0,
0.0,
0.0,
4.0,
0.0,
0.0,
0.0,
0.0,
0.0,
0.0,
0.0,
0.0,
3.0,
195.0,
249.0,
255.0,
255.0,
240.0,
254.0,
220.0,
179.0,
48.0,
27.0,
9.0,
0.0,
0.0,
16.0,
0.0,
0.0,
0.0,
0.0,
5.0,
0.0,
0.0,
0.0,
0.0,
0.0,
0.0,
0.0,
0.0,
0.0,
67.0,
254.0,
243.0,
255.0,
252.0,
132.0,
40.0,
0.0,
11.0,
0.0,
0.0,
0.0,
18.0,
0.0,
7.0,
5.0,
2.0,
0.0,
0.0,
0.0,
0.0,
0.0,
0.0,
0.0,
0.0,
0.0,
0.0,
0.0,
40.0,
255.0,
244.0,
211.0,
79.0,
10.0,
0.0,
3.0,
0.0,
8.0,
7.0,
0.0,
1.0,
0.0,
0.0,
0.0,
0.0,
0.0,
0.0,
0.0,
0.0,
0.0,
0.0,
0.0,
0.0,
0.0,
0.0,
0.0,
0.0,
0.0,
0.0,
0.0,
0.0,
0.0,
0.0,
0.0,
0.0,
0.0,
0.0,
0.0,
0.0,
0.0,
0.0,
0.0,
0.0,
0.0,
0.0,
0.0,
0.0,
0.0,
0.0,
0.0,
0.0,
0.0,
0.0,
0.0,
0.0,
0.0,
0.0,
0.0,
0.0,
0.0,
0.0,
0.0,
0.0,
0.0,
0.0,
0.0,
0.0,
0.0,
0.0,
0.0,
0.0,
0.0,
0.0,
0.0,
0.0,
0.0,
0.0,
0.0,
0.0,
0.0,
0.0,
0.0,
0.0,
0.0,
0.0,
0.0,
0.0,
0.0,
0.0,
0.0,
0.0,
0.0,
0.0,
0.0,
0.0,
0.0,
0.0,
0.0,
0.0,
0.0,
0.0,
0.0,
0.0,
0.0,
0.0,
0.0,
0.0,
0.0,
0.0,
0.0,
0.0,
0.0,
0.0,
0.0,
0.0,
0.0,
0.0,
0.0,
0.0,
0.0,
0.0,
0.0,
0.0,
0.0,
0.0,
0.0,
0.0,
0.0,
0.0,
