0.0,
1.0,
0.0,
0.0,
5.0,
0.0,
0.0,
0.0,
3.0,
11.0,
0.0,
0.0,
4.0,
0.0,
3.0,
0.0,
3.0,
2.0,
6.0,
1.0,
0.0,
0.0,
5.0,
0.0,
0.0,
0.0,
0.0,
0.0,
4.0,
4.0,
3.0,
0.0,
0.0,
2.0,
13.0,
0.0,
0.0,
0.0,
0.0,
4.0,
5.0,
0.0,
0.0,
0.0,
0.0,
0.0,
0.0,
1.0,
1.0,
0.0,
0.0,
0.0,
0.0,
0.0,
0.0,
0.0,
0.0,
0.0,
7.0,
5.0,
0.0,
0.0,
0.0,
0.0,
4.0,
0.0,
7.0,
0.0,
0.0,
6.0,
10.0,
0.0,
0.0,
2.0,
0.0,
0.0,
5.0,
0.0,
0.0,
1.0,
0.0,
0.0,
0.0,
0.0,
0.0,
0.0,
0.0,
2.0,
4.0,
0.0,
3.0,
55.0,
47.0,
145.0,
234.0,
160.0,
25.0,
0.0,
0.0,
0.0,
0.0,
7.0,
5.0,
0.0,
1.0,
0.0,
0.0,
3.0,
0.0,
0.0,
0.0,
0.0,
6.0,
4.0,
0.0,
0.0,
9.0,
0.0,
52.0,
218.0,
255.0,
247.0,
248.0,
238.0,
234.0,
231.0,
144.0,
19.0,
0.0,
0.0,
4.0,
0.0,
0.0,
0.0,
0.0,
0.0,
0.0,
0.0,
0.0,
0.0,
0.0,
3.0,
2.0,
0.0,
5.0,
0.0,
61.0,
255.0,
255.0,
255.0,
255.0,
255.0,
255.0,
238.0,
241.0,
216.0,
24.0,
0.0,
0.0,
0.0,
0.0,
1.0,
3.0,
0.0,
0.0,
0.0,
0.0,
0.0,
0.0,
0.0,
8.0,
0.0,
0.0,
0.0,
17.0,
138.0,
140.0,
86.0,
30.0,
112.0,
203.0,
232.0,
255.0,
243.0,
142.0,
38.0,
0.0,
4.0,
1.0,
0.0,
4.0,
0.0,
0.0,
0.0,
0.0,
0.0,
16.0,
0.0,
4.0,
0.0,
0.0,
7.0,
0.0,
7.0,
0.0,
21.0,
0.0,
2.0,
13.0,
34.0,
180.0,
255.0,
255.0,
85.0,
0.0,
6.0,
1.0,
0.0,
5.0,
0.0,
0.0,
0.0,
0.0,
0.0,
0.0,
0.0,
0.0,
0.0,
0.0,
0.0,
0.0,
0.0,
13.0,
0.0,
0.0,
0.0,
2.0,
0.0,
45.0,
223.0,
251.0,
234.0,
45.0,
0.0,
0.0,
0.0,
22.0,
0.0,
0.0,
0.0,
0.0,
0.0,
0.0,
0.0,
0.0,
0.0,
0.0,
0.0,
0.0,
0.0,
0.0,
0.0,
9.0,
0.0,
6.0,
5.0,
0.0,
73.0,
255.0,
255.0,
205.0,
19.0,
4.0,
0.0,
0.0,
8.0,
0.0,
0.0,
0.0,
0.0,
0.0,
0.0,
0.0,
0.0,
0.0,
0.0,
0.0,
0.0,
0.0,
0.0,
8.0,
0.0,
0.0,
13.0,
0.0,
0.0,
188.0,
255.0,
255.0,
17.0,
9.0,
0.0,
0.0,
4.0,
0.0,
0.0,
0.0,
0.0,
0.0,
0.0,
0.0,
0.0,
0.0,
0.0,
0.0,
0.0,
8.0,
0.0,
2.0,
0.0,
0.0,
5.0,
0.0,
8.0,
81.0,
247.0,
244.0,
20.0,
0.0,
6.0,
8.0,
0.0,
0.0,
0.0,
0.0,
0.0,
0.0,
0.0,
0.0,
0.0,
0.0,
0.0,
0.0,
0.0,
5.0,
0.0,
4.0,
9.0,
0.0,
0.0,
0.0,
3.0,
49.0,
255.0,
244.0,
42.0,
0.0,
0.0,
10.0,
2.0,
0.0,
0.0,
0.0,
0.0,
0.0,
0.0,
0.0,
0.0,
0.0,
0.0,
0.0,
0.0,
0.0,
0.0,
1.0,
1.0,
0.0,
2.0,
1.0,
0.0,
116.0,
255.0,
243.0,
30.0,
1.0,
0.0,
0.0,
4.0,
0.0,
0.0,
0.0,
0.0,
0.0,
0.0,
0.0,
0.0,
0.0,
0.0,
0.0,
0.0,
1.0,
3.0,
0.0,
0.0,
0.0,
3.0,
8.0,
4.0,
200.0,
253.0,
183.0,
0.0,
9.0,
4.0,
0.0,
0.0,
0.0,
0.0,
0.0,
0.0,
0.0,
0.0,
0.0,
0.0,
0.0,
0.0,
0.0,
0.0,
0.0,
1.0,
0.0,
3.0,
5.0,
0.0,
0.0,
15.0,
242.0,
255.0,
125.0,
0.0,
4.0,
0.0,
2.0,
0.0,
0.0,
0.0,
0.0,
0.0,
0.0,
0.0,
0.0,
0.0,
0.0,
0.0,
0.0,
0.0,
0.0,
0.0,
11.0,
0.0,
4.0,
11.0,
0.0,
114.0,
255.0,
239.0,
60.0,
0.0,
0.0,
0.0,
19.0,
0.0,
0.0,
0.0,
0.0,
0.0,
0.0,
0.0,
0.0,
0.0,
0.0,
0.0,
0.0,
0.0,
12.0,
0.0,
71.0,
125.0,
167.0,
133.0,
171.0,
255.0,
248.0,
244.0,
9.0,
0.0,
3.0,
13.0,
0.0,
0.0,
0.0,
0.0,
0.0,
0.0,
0.0,
0.0,
0.0,
0.0,
0.0,
0.0,
0.0,
0.0,
0.0,
128.0,
223.0,
252.0,
255.0,
244.0,
255.0,
246.0,
249.0,
255.0,
73.0,
4.0,
16.0,
0.0,
25.0,
0.0,
0.0,
0.0,
0.0,
0.0,
0.0,
0.0,
0.0,
0.0,
0.0,
0.0,
0.0,
0.0,
19.0,
254.0,
255.0,
255.0,
244.0,
255.0,
255.0,
255.0,
252.0,
254.0,
246.0,
124.0,
5.0,
2.0,
0.0,
0.0,
0.0,
0.0,
0.0,
0.0,
0.0,
0.0,
0.0,
0.0,
0.0,
0.0,
0.0,
0.0,
47.0,
245.0,
240.0,
255.0,
252.0,
247.0,
253.0,
255.0,
255.0,
240.0,
255.0,
255.0,
174.0,
19.0,
0.0,
4.0,
0.0,
0.0,
0.0,
0.0,
0.0,
0.0,
0.0,
0.0,
0.0,
0.0,
0.0,
0.0,
7.0,
190.0,
255.0,
251.0,
252.0,
255.0,
230.0,
78.0,
43.0,
127.0,
248.0,
250.0,
255.0,
64.0,
13.0,
0.0,
0.0,
0.0,
0.0,
0.0,
0.0,
0.0,
0.0,
0.0,
0.0,
0.0,
0.0,
0.0,
7.0,
0.0,
62.0,
148.0,
158.0,
53.0,
23.0,
1.0,
0.0,
26.0,
29.0,
225.0,
255.0,
97.0,
7.0,
0.0,
0.0,
0.0,
0.0,
0.0,
0.0,
0.0,
0.0,
0.0,
0.0,
0.0,
0.0,
0.0,
0.0,
2.0,
0.0,
0.0,
5.0,
6.0,
0.0,
2.0,
3.0,
1.0,
0.0,
9.0,
5.0,
0.0,
0.0,
6.0,
0.0,
0.0,
0.0,
0.0,
0.0,
0.0,
0.0,
0.0,
0.0,
0.0,
0.0,
0.0,
0.0,
0.0,
0.0,
0.0,
0.0,
0.0,
0.0,
0.0,
0.0,
0.0,
0.0,
0.0,
0.0,
0.0,
0.0,
0.0,
0.0,
0.0,
0.0,
0.0,
0.0,
0.0,
0.0,
0.0,
0.0,
0.0,
0.0,
0.0,
0.0,
0.0,
0.0,
0.0,
0.0,
0.0,
0.0,
0.0,
0.0,
0.0,
0.0,
0.0,
0.0,
0.0,
0.0,
0.0,
0.0,
0.0,
0.0,
0.0,
0.0,
0.0,
0.0,
0.0,
0.0,
0.0,
0.0,
0.0,
0.0,
0.0,
0.0,
0.0,
0.0,
0.0,
0.0,
0.0,
0.0,
0.0,
0.0,
0.0,
0.0,
0.0,
0.0,
0.0,
0.0,
0.0,
0.0,
0.0,
0.0,
0.0,
0.0,
0.0,
0.0,
0.0,
0.0,
0.0,
0.0,
0.0,
0.0,
0.0,
0.0,
0.0,
0.0,
0.0,
0.0,
0.0,
0.0,
0.0,
0.0,
0.0,
0.0,
0.0,
0.0,
0.0,
0.0,
0.0,
