1.0,
0.0,
0.0,
3.0,
8.0,
0.0,
0.0,
7.0,
1.0,
2.0,
1.0,
0.0,
0.0,
2.0,
2.0,
1.0,
2.0,
8.0,
0.0,
10.0,
0.0,
2.0,
12.0,
0.0,
0.0,
0.0,
0.0,
0.0,
0.0,
6.0,
7.0,
0.0,
0.0,
0.0,
0.0,
0.0,
0.0,
0.0,
0.0,
0.0,
0.0,
0.0,
3.0,
5.0,
0.0,
0.0,
0.0,
2.0,
7.0,
3.0,
0.0,
3.0,
0.0,
0.0,
0.0,
0.0,
0.0,
0.0,
2.0,
2.0,
3.0,
12.0,
12.0,
0.0,
5.0,
5.0,
4.0,
4.0,
3.0,
2.0,
2.0,
2.0,
11.0,
13.0,
9.0,
1.0,
10.0,
0.0,
0.0,
6.0,
0.0,
0.0,
0.0,
0.0,
9.0,
0.0,
0.0,
4.0,
0.0,
0.0,
0.0,
0.0,
5.0,
0.0,
0.0,
0.0,
1.0,
2.0,
0.0,
0.0,
0.0,
0.0,
2.0,
0.0,
0.0,
0.0,
0.0,
6.0,
0.0,
0.0,
0.0,
0.0,
0.0,
0.0,
4.0,
1.0,
0.0,
0.0,
7.0,
12.0,
0.0,
0.0,
6.0,
40.0,
83.0,
118.0,
142.0,
156.0,
55.0,
7.0,
0.0,
0.0,
0.0,
3.0,
4.0,
0.0,
0.0,
0.0,
0.0,
0.0,
0.0,
6.0,
3.0,
0.0,
5.0,
10.0,
0.0,
0.0,
0.0,
43.0,
132.0,
219.0,
255.0,
255.0,
249.0,
237.0,
224.0,
115.0,
6.0,
13.0,
0.0,
0.0,
0.0,
0.0,
0.0,
0.0,
0.0,
0.0,
1.0,
10.0,
0.0,
0.0,
5.0,
0.0,
0.0,
35.0,
197.0,
223.0,
253.0,
255.0,
230.0,
204.0,
210.0,
232.0,
255.0,
196.0,
8.0,
0.0,
0.0,
1.0,
0.0,
12.0,
0.0,
0.0,
0.0,
0.0,
0.0,
3.0,
0.0,
7.0,
12.0,
0.0,
65.0,
229.0,
252.0,
249.0,
220.0,
145.0,
52.0,
4.0,
34.0,
87.0,
242.0,
246.0,
38.0,
1.0,
0.0,
13.0,
0.0,
0.0,
0.0,
0.0,
0.0,
0.0,
9.0,
0.0,
0.0,
10.0,
4.0,
31.0,
202.0,
253.0,
255.0,
143.0,
34.0,
10.0,
0.0,
0.0,
0.0,
198.0,
248.0,
249.0,
90.0,
0.0,
1.0,
4.0,
3.0,
3.0,
0.0,
0.0,
0.0,
0.0,
0.0,
4.0,
0.0,
5.0,
0.0,
169.0,
255.0,
252.0,
86.0,
20.0,
7.0,
0.0,
8.0,
0.0,
3.0,
201.0,
255.0,
233.0,
40.0,
0.0,
15.0,
1.0,
0.0,
0.0,
0.0,
0.0,
0.0,
0.0,
2.0,
6.0,
4.0,
9.0,
2.0,
253.0,
251.0,
145.0,
4.0,
0.0,
4.0,
0.0,
0.0,
0.0,
16.0,
214.0,
244.0,
191.0,
0.0,
0.0,
12.0,
0.0,
0.0,
0.0,
0.0,
0.0,
0.0,
0.0,
2.0,
0.0,
6.0,
0.0,
2.0,
144.0,
107.0,
9.0,
1.0,
9.0,
0.0,
7.0,
0.0,
4.0,
69.0,
253.0,
245.0,
137.0,
0.0,
0.0,
0.0,
0.0,
11.0,
2.0,
0.0,
0.0,
0.0,
0.0,
0.0,
0.0,
5.0,
0.0,
0.0,
7.0,
6.0,
0.0,
0.0,
12.0,
0.0,
5.0,
1.0,
0.0,
120.0,
252.0,
255.0,
77.0,
9.0,
7.0,
0.0,
0.0,
11.0,
0.0,
0.0,
0.0,
0.0,
0.0,
0.0,
18.0,
0.0,
5.0,
6.0,
0.0,
0.0,
16.0,
0.0,
11.0,
3.0,
0.0,
10.0,
14.0,
177.0,
247.0,
222.0,
12.0,
0.0,
4.0,
8.0,
0.0,
2.0,
0.0,
0.0,
0.0,
0.0,
0.0,
0.0,
3.0,
0.0,
0.0,
8.0,
2.0,
0.0,
0.0,
0.0,
2.0,
1.0,
0.0,
7.0,
110.0,
245.0,
255.0,
109.0,
0.0,
0.0,
0.0,
7.0,
1.0,
0.0,
0.0,
0.0,
0.0,
0.0,
0.0,
3.0,
0.0,
17.0,
0.0,
1.0,
0.0,
12.0,
0.0,
2.0,
6.0,
0.0,
12.0,
0.0,
194.0,
254.0,
248.0,
17.0,
14.0,
7.0,
0.0,
0.0,
8.0,
3.0,
0.0,
0.0,
0.0,
0.0,
0.0,
0.0,
0.0,
0.0,
0.0,
0.0,
0.0,
0.0,
0.0,
0.0,
0.0,
6.0,
0.0,
85.0,
244.0,
255.0,
159.0,
0.0,
13.0,
0.0,
0.0,
0.0,
0.0,
6.0,
2.0,
0.0,
3.0,
11.0,
0.0,
0.0,
0.0,
0.0,
0.0,
0.0,
0.0,
0.0,
0.0,
8.0,
8.0,
0.0,
14.0,
228.0,
255.0,
221.0,
12.0,
5.0,
0.0,
11.0,
0.0,
3.0,
0.0,
8.0,
0.0,
6.0,
0.0,
0.0,
11.0,
0.0,
0.0,
0.0,
0.0,
0.0,
0.0,
0.0,
0.0,
0.0,
0.0,
9.0,
201.0,
255.0,
254.0,
225.0,
215.0,
97.0,
87.0,
0.0,
0.0,
2.0,
0.0,
0.0,
5.0,
1.0,
17.0,
0.0,
0.0,
0.0,
0.0,
0.0,
0.0,
0.0,
0.0,
0.0,
0.0,
13.0,
0.0,
126.0,
241.0,
243.0,
255.0,
244.0,
249.0,
246.0,
254.0,
235.0,
152.0,
3.0,
9.0,
0.0,
0.0,
0.0,
0.0,
1.0,
3.0,
0.0,
0.0,
0.0,
0.0,
0.0,
0.0,
0.0,
0.0,
4.0,
20.0,
255.0,
255.0,
255.0,
250.0,
255.0,
255.0,
247.0,
250.0,
237.0,
254.0,
248.0,
100.0,
134.0,
188.0,
255.0,
20.0,
0.0,
0.0,
0.0,
0.0,
0.0,
0.0,
0.0,
0.0,
0.0,
0.0,
0.0,
16.0,
137.0,
200.0,
203.0,
139.0,
67.0,
76.0,
151.0,
137.0,
218.0,
246.0,
255.0,
250.0,
255.0,
253.0,
167.0,
0.0,
9.0,
2.0,
0.0,
0.0,
0.0,
0.0,
0.0,
0.0,
0.0,
0.0,
7.0,
3.0,
5.0,
0.0,
13.0,
0.0,
0.0,
8.0,
0.0,
9.0,
6.0,
139.0,
233.0,
255.0,
242.0,
215.0,
53.0,
6.0,
6.0,
0.0,
0.0,
0.0,
0.0,
0.0,
0.0,
0.0,
0.0,
0.0,
1.0,
0.0,
12.0,
5.0,
0.0,
5.0,
9.0,
0.0,
7.0,
0.0,
0.0,
15.0,
22.0,
20.0,
29.0,
29.0,
0.0,
0.0,
0.0,
7.0,
0.0,
0.0,
0.0,
0.0,
0.0,
0.0,
0.0,
0.0,
0.0,
0.0,
0.0,
0.0,
0.0,
0.0,
0.0,
0.0,
0.0,
0.0,
0.0,
0.0,
0.0,
0.0,
0.0,
0.0,
0.0,
0.0,
0.0,
0.0,
0.0,
0.0,
0.0,
0.0,
0.0,
0.0,
0.0,
0.0,
0.0,
0.0,
0.0,
0.0,
0.0,
0.0,
0.0,
0.0,
0.0,
0.0,
0.0,
0.0,
0.0,
0.0,
0.0,
0.0,
0.0,
0.0,
0.0,
0.0,
0.0,
0.0,
0.0,
0.0,
0.0,
0.0,
0.0,
0.0,
0.0,
0.0,
0.0,
0.0,
0.0,
0.0,
0.0,
0.0,
0.0,
0.0,
0.0,
0.0,
0.0,
0.0,
0.0,
0.0,
0.0,
0.0,
0.0,
0.0,
0.0,
0.0,
0.0,
0.0,
0.0,
0.0,
0.0,
0.0,
0.0,
0.0,
0.0,
0.0,
0.0,
0.0,
0.0,
0.0,
0.0,
0.0,
0.0,
0.0,
0.0,
0.0,
0.0,
0.0,
0.0,
0.0,
0.0,
0.0,
