11.0,
0.0,
1.0,
0.0,
5.0,
0.0,
6.0,
5.0,
1.0,
3.0,
0.0,
0.0,
0.0,
0.0,
0.0,
17.0,
2.0,
7.0,
0.0,
0.0,
0.0,
3.0,
0.0,
0.0,
0.0,
0.0,
0.0,
0.0,
0.0,
8.0,
0.0,
9.0,
0.0,
0.0,
26.0,
0.0,
0.0,
0.0,
0.0,
0.0,
6.0,
6.0,
0.0,
0.0,
0.0,
0.0,
0.0,
0.0,
4.0,
2.0,
4.0,
16.0,
0.0,
0.0,
0.0,
0.0,
0.0,
0.0,
18.0,
0.0,
0.0,
23.0,
0.0,
12.0,
0.0,
3.0,
4.0,
0.0,
0.0,
0.0,
7.0,
15.0,
2.0,
0.0,
1.0,
8.0,
6.0,
0.0,
0.0,
0.0,
0.0,
0.0,
0.0,
0.0,
1.0,
8.0,
0.0,
0.0,
16.0,
0.0,
0.0,
2.0,
8.0,
0.0,
0.0,
2.0,
3.0,
0.0,
0.0,
0.0,
1.0,
0.0,
0.0,
1.0,
3.0,
4.0,
2.0,
0.0,
0.0,
0.0,
0.0,
0.0,
0.0,
0.0,
10.0,
6.0,
0.0,
0.0,
23.0,
5.0,
0.0,
0.0,
7.0,
1.0,
0.0,
3.0,
15.0,
6.0,
6.0,
0.0,
2.0,
0.0,
0.0,
2.0,
13.0,
5.0,
0.0,
0.0,
0.0,
0.0,
6.0,
0.0,
0.0,
0.0,
36.0,
0.0,
40.0,
221.0,
232.0,
241.0,
224.0,
158.0,
100.0,
93.0,
63.0,
0.0,
0.0,
0.0,
6.0,
10.0,
0.0,
0.0,
0.0,
0.0,
0.0,
0.0,
0.0,
0.0,
0.0,
8.0,
7.0,
2.0,
0.0,
4.0,
234.0,
254.0,
255.0,
250.0,
251.0,
247.0,
255.0,
255.0,
218.0,
112.0,
37.0,
0.0,
0.0,
9.0,
3.0,
1.0,
6.0,
0.0,
0.0,
0.0,
0.0,
0.0,
0.0,
0.0,
0.0,
0.0,
17.0,
0.0,
160.0,
252.0,
255.0,
248.0,
255.0,
255.0,
243.0,
255.0,
255.0,
246.0,
177.0,
61.0,
0.0,
1.0,
0.0,
0.0,
3.0,
0.0,
0.0,
0.0,
0.0,
0.0,
3.0,
0.0,
1.0,
1.0,
3.0,
0.0,
47.0,
219.0,
220.0,
196.0,
106.0,
206.0,
245.0,
229.0,
255.0,
253.0,
250.0,
230.0,
0.0,
12.0,
0.0,
0.0,
1.0,
0.0,
5.0,
0.0,
0.0,
0.0,
0.0,
0.0,
0.0,
0.0,
10.0,
7.0,
0.0,
56.0,
9.0,
9.0,
0.0,
15.0,
51.0,
44.0,
99.0,
97.0,
216.0,
246.0,
52.0,
0.0,
13.0,
3.0,
0.0,
11.0,
0.0,
0.0,
0.0,
0.0,
0.0,
6.0,
10.0,
0.0,
1.0,
9.0,
0.0,
0.0,
3.0,
0.0,
15.0,
0.0,
0.0,
0.0,
3.0,
2.0,
118.0,
253.0,
188.0,
56.0,
16.0,
5.0,
0.0,
0.0,
2.0,
9.0,
10.0,
3.0,
3.0,
3.0,
9.0,
3.0,
0.0,
0.0,
5.0,
12.0,
0.0,
0.0,
0.0,
2.0,
0.0,
14.0,
0.0,
3.0,
0.0,
175.0,
252.0,
175.0,
9.0,
0.0,
15.0,
0.0,
0.0,
0.0,
0.0,
0.0,
5.0,
0.0,
0.0,
4.0,
2.0,
0.0,
5.0,
0.0,
13.0,
13.0,
0.0,
12.0,
0.0,
1.0,
0.0,
3.0,
5.0,
174.0,
255.0,
255.0,
22.0,
0.0,
7.0,
0.0,
4.0,
5.0,
3.0,
0.0,
0.0,
1.0,
0.0,
1.0,
0.0,
2.0,
8.0,
0.0,
0.0,
0.0,
0.0,
0.0,
11.0,
0.0,
14.0,
0.0,
48.0,
217.0,
245.0,
207.0,
7.0,
0.0,
7.0,
10.0,
0.0,
0.0,
1.0,
8.0,
0.0,
12.0,
3.0,
1.0,
0.0,
0.0,
12.0,
5.0,
8.0,
3.0,
4.0,
0.0,
4.0,
0.0,
29.0,
44.0,
161.0,
255.0,
255.0,
144.0,
50.0,
51.0,
42.0,
42.0,
54.0,
14.0,
0.0,
0.0,
0.0,
6.0,
0.0,
3.0,
7.0,
0.0,
0.0,
0.0,
1.0,
0.0,
0.0,
14.0,
0.0,
26.0,
117.0,
247.0,
255.0,
237.0,
255.0,
200.0,
248.0,
255.0,
253.0,
255.0,
250.0,
138.0,
27.0,
0.0,
0.0,
0.0,
7.0,
0.0,
0.0,
6.0,
8.0,
0.0,
0.0,
7.0,
0.0,
3.0,
14.0,
251.0,
245.0,
255.0,
255.0,
247.0,
255.0,
238.0,
255.0,
241.0,
252.0,
255.0,
255.0,
246.0,
2.0,
7.0,
10.0,
6.0,
4.0,
0.0,
0.0,
0.0,
0.0,
10.0,
2.0,
34.0,
138.0,
203.0,
227.0,
255.0,
247.0,
250.0,
251.0,
241.0,
255.0,
255.0,
246.0,
255.0,
255.0,
249.0,
228.0,
160.0,
0.0,
0.0,
0.0,
0.0,
0.0,
2.0,
4.0,
16.0,
14.0,
135.0,
236.0,
228.0,
255.0,
255.0,
255.0,
244.0,
253.0,
255.0,
255.0,
254.0,
237.0,
255.0,
249.0,
167.0,
28.0,
8.0,
14.0,
0.0,
5.0,
4.0,
9.0,
13.0,
9.0,
6.0,
0.0,
0.0,
0.0,
176.0,
255.0,
255.0,
239.0,
247.0,
250.0,
255.0,
255.0,
249.0,
248.0,
255.0,
255.0,
197.0,
52.0,
25.0,
0.0,
0.0,
5.0,
0.0,
17.0,
9.0,
0.0,
0.0,
0.0,
2.0,
0.0,
7.0,
5.0,
186.0,
246.0,
255.0,
249.0,
255.0,
255.0,
255.0,
251.0,
255.0,
232.0,
205.0,
116.0,
22.0,
0.0,
6.0,
0.0,
15.0,
12.0,
0.0,
0.0,
0.0,
11.0,
3.0,
0.0,
5.0,
8.0,
11.0,
0.0,
91.0,
245.0,
255.0,
249.0,
243.0,
254.0,
229.0,
156.0,
77.0,
72.0,
0.0,
0.0,
9.0,
11.0,
0.0,
0.0,
0.0,
0.0,
17.0,
0.0,
8.0,
0.0,
0.0,
0.0,
0.0,
0.0,
2.0,
0.0,
9.0,
188.0,
238.0,
236.0,
151.0,
96.0,
57.0,
19.0,
0.0,
0.0,
2.0,
3.0,
0.0,
3.0,
7.0,
0.0,
8.0,
2.0,
9.0,
0.0,
0.0,
0.0,
1.0,
10.0,
0.0,
0.0,
2.0,
5.0,
0.0,
2.0,
6.0,
0.0,
0.0,
0.0,
7.0,
0.0,
7.0,
0.0,
0.0,
9.0,
7.0,
1.0,
2.0,
0.0,
0.0,
1.0,
0.0,
10.0,
5.0,
0.0,
0.0,
0.0,
0.0,
0.0,
0.0,
0.0,
0.0,
0.0,
0.0,
0.0,
0.0,
0.0,
0.0,
0.0,
0.0,
0.0,
0.0,
0.0,
0.0,
0.0,
0.0,
0.0,
0.0,
0.0,
0.0,
0.0,
0.0,
0.0,
0.0,
0.0,
0.0,
0.0,
0.0,
0.0,
0.0,
0.0,
0.0,
0.0,
0.0,
0.0,
0.0,
0.0,
0.0,
0.0,
0.0,
0.0,
0.0,
0.0,
0.0,
0.0,
0.0,
0.0,
0.0,
0.0,
0.0,
0.0,
0.0,
0.0,
0.0,
0.0,
0.0,
0.0,
0.0,
0.0,
0.0,
0.0,
0.0,
0.0,
0.0,
0.0,
0.0,
0.0,
0.0,
0.0,
0.0,
0.0,
0.0,
0.0,
0.0,
0.0,
0.0,
0.0,
0.0,
0.0,
0.0,
0.0,
0.0,
0.0,
0.0,
0.0,
0.0,
0.0,
0.0,
0.0,
0.0,
0.0,
0.0,
0.0,
0.0,
0.0,
0.0,
0.0,
0.0,
0.0,
0.0,
0.0,
0.0,
0.0,
0.0,
0.0,
0.0,
