0.0,
0.0,
0.0,
0.0,
0.0,
0.0,
0.0,
0.0,
0.0,
0.0,
5.0,
0.0,
0.0,
1.0,
2.0,
0.0,
3.0,
0.0,
3.0,
0.0,
1.0,
6.0,
0.0,
0.0,
0.0,
0.0,
0.0,
0.0,
0.0,
0.0,
0.0,
0.0,
0.0,
0.0,
0.0,
0.0,
5.0,
1.0,
0.0,
0.0,
9.0,
5.0,
0.0,
0.0,
3.0,
0.0,
3.0,
0.0,
0.0,
0.0,
0.0,
5.0,
0.0,
0.0,
0.0,
0.0,
0.0,
0.0,
0.0,
0.0,
0.0,
0.0,
0.0,
0.0,
2.0,
0.0,
7.0,
20.0,
0.0,
0.0,
19.0,
6.0,
4.0,
0.0,
0.0,
0.0,
6.0,
7.0,
3.0,
0.0,
0.0,
0.0,
0.0,
0.0,
0.0,
0.0,
0.0,
0.0,
0.0,
0.0,
0.0,
0.0,
2.0,
9.0,
0.0,
0.0,
7.0,
8.0,
0.0,
0.0,
0.0,
5.0,
8.0,
4.0,
0.0,
0.0,
0.0,
0.0,
0.0,
0.0,
0.0,
0.0,
0.0,
0.0,
0.0,
0.0,
0.0,
0.0,
0.0,
0.0,
0.0,
31.0,
98.0,
125.0,
55.0,
18.0,
44.0,
24.0,
9.0,
14.0,
0.0,
0.0,
0.0,
8.0,
20.0,
0.0,
0.0,
0.0,
0.0,
0.0,
0.0,
0.0,
0.0,
0.0,
0.0,
0.0,
0.0,
0.0,
0.0,
203.0,
255.0,
239.0,
240.0,
255.0,
255.0,
171.0,
104.0,
89.0,
36.0,
20.0,
8.0,
0.0,
0.0,
0.0,
0.0,
0.0,
0.0,
0.0,
0.0,
0.0,
0.0,
0.0,
0.0,
0.0,
0.0,
0.0,
8.0,
147.0,
240.0,
255.0,
255.0,
233.0,
255.0,
251.0,
246.0,
255.0,
232.0,
197.0,
93.0,
0.0,
0.0,
18.0,
0.0,
0.0,
0.0,
0.0,
0.0,
0.0,
0.0,
0.0,
0.0,
0.0,
0.0,
0.0,
126.0,
239.0,
249.0,
246.0,
255.0,
250.0,
255.0,
251.0,
254.0,
255.0,
246.0,
253.0,
159.0,
13.0,
0.0,
0.0,
0.0,
0.0,
0.0,
0.0,
3.0,
0.0,
0.0,
1.0,
6.0,
2.0,
0.0,
0.0,
66.0,
218.0,
243.0,
252.0,
255.0,
241.0,
251.0,
247.0,
255.0,
249.0,
255.0,
255.0,
242.0,
124.0,
11.0,
0.0,
0.0,
0.0,
0.0,
0.0,
2.0,
3.0,
4.0,
1.0,
0.0,
0.0,
0.0,
4.0,
11.0,
0.0,
22.0,
4.0,
9.0,
21.0,
25.0,
121.0,
127.0,
138.0,
213.0,
232.0,
252.0,
186.0,
0.0,
11.0,
0.0,
0.0,
0.0,
0.0,
0.0,
0.0,
0.0,
2.0,
5.0,
8.0,
6.0,
2.0,
0.0,
0.0,
4.0,
8.0,
3.0,
0.0,
0.0,
2.0,
0.0,
8.0,
59.0,
255.0,
255.0,
233.0,
123.0,
4.0,
0.0,
0.0,
0.0,
0.0,
0.0,
3.0,
1.0,
0.0,
0.0,
0.0,
0.0,
0.0,
0.0,
15.0,
0.0,
0.0,
0.0,
6.0,
19.0,
0.0,
19.0,
0.0,
84.0,
232.0,
252.0,
255.0,
43.0,
0.0,
0.0,
0.0,
0.0,
0.0,
0.0,
6.0,
9.0,
2.0,
0.0,
0.0,
6.0,
13.0,
1.0,
0.0,
0.0,
0.0,
5.0,
6.0,
0.0,
0.0,
0.0,
0.0,
14.0,
212.0,
252.0,
253.0,
107.0,
11.0,
0.0,
0.0,
0.0,
0.0,
0.0,
0.0,
0.0,
7.0,
12.0,
6.0,
0.0,
0.0,
3.0,
2.0,
0.0,
12.0,
5.0,
0.0,
4.0,
6.0,
10.0,
0.0,
69.0,
244.0,
251.0,
255.0,
142.0,
0.0,
0.0,
0.0,
0.0,
0.0,
9.0,
0.0,
0.0,
0.0,
1.0,
0.0,
0.0,
10.0,
0.0,
0.0,
24.0,
77.0,
42.0,
32.0,
95.0,
51.0,
89.0,
152.0,
218.0,
255.0,
255.0,
241.0,
110.0,
11.0,
0.0,
0.0,
0.0,
0.0,
0.0,
1.0,
8.0,
5.0,
0.0,
17.0,
99.0,
183.0,
215.0,
132.0,
231.0,
255.0,
190.0,
220.0,
253.0,
246.0,
255.0,
255.0,
255.0,
249.0,
250.0,
255.0,
181.0,
0.0,
0.0,
0.0,
0.0,
0.0,
11.0,
0.0,
7.0,
18.0,
147.0,
217.0,
246.0,
255.0,
254.0,
255.0,
255.0,
252.0,
251.0,
254.0,
255.0,
251.0,
255.0,
255.0,
255.0,
246.0,
255.0,
255.0,
112.0,
6.0,
0.0,
0.0,
0.0,
0.0,
0.0,
20.0,
3.0,
120.0,
250.0,
242.0,
247.0,
252.0,
255.0,
253.0,
255.0,
255.0,
255.0,
246.0,
250.0,
255.0,
255.0,
249.0,
235.0,
248.0,
244.0,
184.0,
3.0,
6.0,
0.0,
0.0,
0.0,
0.0,
14.0,
0.0,
9.0,
225.0,
255.0,
249.0,
255.0,
232.0,
238.0,
254.0,
255.0,
248.0,
250.0,
255.0,
255.0,
255.0,
253.0,
255.0,
255.0,
205.0,
146.0,
9.0,
0.0,
0.0,
0.0,
0.0,
0.0,
0.0,
9.0,
0.0,
1.0,
135.0,
218.0,
232.0,
199.0,
255.0,
255.0,
252.0,
255.0,
255.0,
251.0,
255.0,
255.0,
246.0,
245.0,
174.0,
151.0,
39.0,
28.0,
0.0,
16.0,
0.0,
0.0,
0.0,
0.0,
0.0,
0.0,
9.0,
0.0,
20.0,
156.0,
184.0,
129.0,
255.0,
255.0,
181.0,
189.0,
255.0,
250.0,
225.0,
241.0,
254.0,
224.0,
182.0,
11.0,
2.0,
15.0,
0.0,
4.0,
0.0,
0.0,
0.0,
0.0,
0.0,
13.0,
0.0,
3.0,
0.0,
8.0,
18.0,
28.0,
35.0,
69.0,
90.0,
18.0,
40.0,
156.0,
99.0,
36.0,
150.0,
64.0,
32.0,
0.0,
0.0,
0.0,
1.0,
0.0,
14.0,
0.0,
0.0,
0.0,
0.0,
0.0,
0.0,
4.0,
0.0,
0.0,
0.0,
10.0,
0.0,
13.0,
0.0,
0.0,
0.0,
3.0,
3.0,
0.0,
0.0,
12.0,
0.0,
5.0,
13.0,
3.0,
0.0,
27.0,
0.0,
0.0,
0.0,
0.0,
0.0,
2.0,
0.0,
11.0,
0.0,
0.0,
5.0,
0.0,
4.0,
0.0,
0.0,
3.0,
3.0,
1.0,
0.0,
1.0,
5.0,
0.0,
0.0,
0.0,
5.0,
0.0,
5.0,
0.0,
9.0,
0.0,
0.0,
0.0,
0.0,
0.0,
0.0,
0.0,
0.0,
0.0,
0.0,
0.0,
0.0,
0.0,
0.0,
0.0,
0.0,
0.0,
0.0,
0.0,
0.0,
0.0,
0.0,
0.0,
0.0,
0.0,
0.0,
0.0,
0.0,
0.0,
0.0,
0.0,
0.0,
0.0,
0.0,
0.0,
0.0,
0.0,
0.0,
0.0,
0.0,
0.0,
0.0,
0.0,
0.0,
0.0,
0.0,
0.0,
0.0,
0.0,
0.0,
0.0,
0.0,
0.0,
0.0,
0.0,
0.0,
0.0,
0.0,
0.0,
0.0,
0.0,
0.0,
0.0,
0.0,
0.0,
0.0,
0.0,
0.0,
0.0,
0.0,
0.0,
0.0,
0.0,
0.0,
0.0,
0.0,
0.0,
0.0,
0.0,
0.0,
0.0,
0.0,
0.0,
0.0,
0.0,
0.0,
0.0,
0.0,
0.0,
0.0,
0.0,
0.0,
0.0,
0.0,
0.0,
0.0,
0.0,
0.0,
0.0,
0.0,
0.0,
0.0,
0.0,
0.0,
0.0,
0.0,
0.0,
0.0,
0.0,
0.0,
0.0,
0.0,
0.0,
0.0,
0.0,
0.0,
