0.0,
7.0,
4.0,
0.0,
3.0,
0.0,
10.0,
0.0,
0.0,
0.0,
4.0,
1.0,
3.0,
5.0,
0.0,
1.0,
0.0,
7.0,
1.0,
0.0,
0.0,
7.0,
1.0,
0.0,
0.0,
0.0,
0.0,
0.0,
0.0,
10.0,
0.0,
0.0,
17.0,
6.0,
0.0,
0.0,
18.0,
0.0,
6.0,
0.0,
0.0,
0.0,
19.0,
0.0,
0.0,
5.0,
3.0,
0.0,
0.0,
0.0,
0.0,
7.0,
0.0,
0.0,
0.0,
0.0,
3.0,
9.0,
0.0,
0.0,
0.0,
0.0,
1.0,
9.0,
0.0,
0.0,
1.0,
0.0,
29.0,
0.0,
0.0,
10.0,
0.0,
0.0,
1.0,
6.0,
4.0,
0.0,
0.0,
3.0,
0.0,
0.0,
0.0,
0.0,
0.0,
0.0,
10.0,
15.0,
0.0,
0.0,
29.0,
28.0,
34.0,
56.0,
52.0,
0.0,
3.0,
0.0,
14.0,
0.0,
6.0,
0.0,
0.0,
3.0,
1.0,
0.0,
0.0,
0.0,
0.0,
0.0,
0.0,
0.0,
8.0,
0.0,
0.0,
0.0,
80.0,
141.0,
216.0,
250.0,
236.0,
255.0,
251.0,
215.0,
181.0,
28.0,
0.0,
6.0,
8.0,
0.0,
1.0,
0.0,
0.0,
0.0,
8.0,
1.0,
0.0,
0.0,
0.0,
0.0,
0.0,
5.0,
0.0,
0.0,
195.0,
247.0,
242.0,
252.0,
255.0,
233.0,
255.0,
255.0,
251.0,
253.0,
253.0,
99.0,
0.0,
0.0,
0.0,
6.0,
0.0,
0.0,
9.0,
1.0,
0.0,
0.0,
0.0,
0.0,
3.0,
6.0,
0.0,
0.0,
187.0,
255.0,
255.0,
251.0,
253.0,
255.0,
250.0,
255.0,
255.0,
244.0,
255.0,
234.0,
80.0,
16.0,
0.0,
9.0,
4.0,
0.0,
4.0,
0.0,
0.0,
0.0,
0.0,
0.0,
6.0,
0.0,
4.0,
13.0,
115.0,
229.0,
255.0,
230.0,
175.0,
112.0,
0.0,
0.0,
69.0,
102.0,
182.0,
255.0,
229.0,
88.0,
0.0,
0.0,
0.0,
0.0,
2.0,
0.0,
0.0,
0.0,
0.0,
0.0,
0.0,
1.0,
0.0,
0.0,
12.0,
33.0,
42.0,
38.0,
0.0,
1.0,
0.0,
0.0,
3.0,
1.0,
46.0,
123.0,
255.0,
219.0,
81.0,
11.0,
2.0,
7.0,
4.0,
0.0,
0.0,
0.0,
0.0,
0.0,
2.0,
4.0,
0.0,
0.0,
0.0,
7.0,
7.0,
0.0,
0.0,
3.0,
0.0,
3.0,
7.0,
0.0,
0.0,
10.0,
167.0,
255.0,
180.0,
0.0,
0.0,
0.0,
0.0,
0.0,
0.0,
0.0,
0.0,
0.0,
0.0,
1.0,
0.0,
0.0,
0.0,
1.0,
0.0,
0.0,
0.0,
1.0,
0.0,
0.0,
2.0,
2.0,
0.0,
0.0,
90.0,
245.0,
255.0,
93.0,
8.0,
1.0,
2.0,
6.0,
0.0,
0.0,
0.0,
0.0,
0.0,
0.0,
0.0,
0.0,
3.0,
8.0,
6.0,
0.0,
1.0,
3.0,
1.0,
0.0,
0.0,
0.0,
2.0,
10.0,
33.0,
176.0,
255.0,
184.0,
7.0,
3.0,
0.0,
4.0,
0.0,
0.0,
0.0,
0.0,
1.0,
2.0,
1.0,
0.0,
0.0,
2.0,
2.0,
0.0,
0.0,
0.0,
2.0,
12.0,
4.0,
0.0,
0.0,
0.0,
0.0,
166.0,
254.0,
188.0,
0.0,
8.0,
0.0,
5.0,
0.0,
0.0,
0.0,
0.0,
4.0,
3.0,
1.0,
0.0,
0.0,
0.0,
0.0,
0.0,
16.0,
0.0,
0.0,
2.0,
0.0,
0.0,
4.0,
5.0,
0.0,
143.0,
255.0,
206.0,
4.0,
0.0,
16.0,
2.0,
0.0,
0.0,
0.0,
0.0,
0.0,
0.0,
0.0,
1.0,
1.0,
1.0,
2.0,
5.0,
0.0,
0.0,
0.0,
0.0,
0.0,
1.0,
8.0,
0.0,
5.0,
141.0,
249.0,
218.0,
0.0,
0.0,
16.0,
0.0,
0.0,
0.0,
0.0,
0.0,
0.0,
0.0,
1.0,
3.0,
2.0,
0.0,
0.0,
0.0,
9.0,
52.0,
118.0,
151.0,
151.0,
158.0,
148.0,
111.0,
27.0,
229.0,
243.0,
192.0,
0.0,
14.0,
0.0,
0.0,
0.0,
0.0,
0.0,
0.0,
2.0,
0.0,
0.0,
5.0,
3.0,
0.0,
0.0,
8.0,
138.0,
247.0,
251.0,
255.0,
245.0,
255.0,
235.0,
255.0,
242.0,
238.0,
255.0,
181.0,
0.0,
14.0,
0.0,
0.0,
0.0,
0.0,
0.0,
0.0,
5.0,
0.0,
0.0,
1.0,
0.0,
0.0,
9.0,
28.0,
234.0,
255.0,
252.0,
245.0,
255.0,
255.0,
255.0,
240.0,
255.0,
255.0,
234.0,
255.0,
132.0,
0.0,
2.0,
0.0,
0.0,
0.0,
0.0,
0.0,
3.0,
1.0,
1.0,
0.0,
0.0,
0.0,
11.0,
32.0,
255.0,
245.0,
238.0,
255.0,
253.0,
237.0,
255.0,
254.0,
242.0,
250.0,
255.0,
236.0,
255.0,
217.0,
37.0,
5.0,
0.0,
0.0,
0.0,
0.0,
0.0,
0.0,
3.0,
4.0,
0.0,
0.0,
0.0,
11.0,
135.0,
242.0,
255.0,
255.0,
244.0,
249.0,
255.0,
255.0,
255.0,
242.0,
249.0,
248.0,
255.0,
255.0,
189.0,
73.0,
0.0,
0.0,
0.0,
0.0,
0.0,
0.0,
0.0,
3.0,
2.0,
0.0,
0.0,
0.0,
10.0,
198.0,
241.0,
248.0,
255.0,
255.0,
231.0,
254.0,
255.0,
175.0,
36.0,
110.0,
229.0,
239.0,
255.0,
88.0,
0.0,
0.0,
0.0,
0.0,
3.0,
0.0,
0.0,
0.0,
0.0,
1.0,
1.0,
0.0,
2.0,
8.0,
88.0,
201.0,
157.0,
213.0,
250.0,
204.0,
178.0,
58.0,
5.0,
0.0,
13.0,
131.0,
255.0,
160.0,
0.0,
0.0,
0.0,
0.0,
1.0,
1.0,
0.0,
0.0,
0.0,
0.0,
2.0,
3.0,
0.0,
22.0,
0.0,
0.0,
8.0,
37.0,
20.0,
4.0,
0.0,
1.0,
0.0,
3.0,
0.0,
0.0,
50.0,
57.0,
0.0,
0.0,
0.0,
0.0,
0.0,
0.0,
4.0,
2.0,
0.0,
0.0,
0.0,
0.0,
0.0,
1.0,
0.0,
4.0,
0.0,
0.0,
5.0,
2.0,
0.0,
6.0,
3.0,
0.0,
5.0,
7.0,
0.0,
0.0,
0.0,
0.0,
0.0,
0.0,
0.0,
0.0,
0.0,
0.0,
0.0,
0.0,
0.0,
0.0,
0.0,
0.0,
0.0,
0.0,
0.0,
0.0,
0.0,
0.0,
0.0,
0.0,
0.0,
0.0,
0.0,
0.0,
0.0,
0.0,
0.0,
0.0,
0.0,
0.0,
0.0,
0.0,
0.0,
0.0,
0.0,
0.0,
0.0,
0.0,
0.0,
0.0,
0.0,
0.0,
0.0,
0.0,
0.0,
0.0,
0.0,
0.0,
0.0,
0.0,
0.0,
0.0,
0.0,
0.0,
0.0,
0.0,
0.0,
0.0,
0.0,
0.0,
0.0,
0.0,
0.0,
0.0,
0.0,
0.0,
0.0,
0.0,
0.0,
0.0,
0.0,
0.0,
0.0,
0.0,
0.0,
0.0,
0.0,
0.0,
0.0,
0.0,
0.0,
0.0,
0.0,
0.0,
0.0,
0.0,
0.0,
0.0,
0.0,
0.0,
0.0,
0.0,
0.0,
0.0,
0.0,
0.0,
0.0,
0.0,
0.0,
0.0,
0.0,
0.0,
0.0,
0.0,
0.0,
0.0,
0.0,
0.0,
0.0,
0.0,
0.0,
0.0,
0.0,
0.0,
