0.0,
0.0,
0.0,
0.0,
0.0,
0.0,
0.0,
0.0,
2.0,
1.0,
2.0,
0.0,
10.0,
0.0,
5.0,
0.0,
7.0,
1.0,
0.0,
1.0,
1.0,
2.0,
7.0,
0.0,
0.0,
0.0,
0.0,
0.0,
0.0,
0.0,
0.0,
0.0,
0.0,
0.0,
0.0,
0.0,
3.0,
3.0,
0.0,
0.0,
0.0,
1.0,
5.0,
5.0,
0.0,
0.0,
0.0,
5.0,
2.0,
0.0,
0.0,
3.0,
0.0,
0.0,
0.0,
0.0,
0.0,
0.0,
0.0,
0.0,
0.0,
0.0,
0.0,
0.0,
0.0,
0.0,
11.0,
17.0,
0.0,
0.0,
0.0,
0.0,
0.0,
2.0,
1.0,
2.0,
4.0,
0.0,
0.0,
7.0,
0.0,
0.0,
0.0,
0.0,
0.0,
0.0,
0.0,
0.0,
0.0,
0.0,
0.0,
0.0,
11.0,
3.0,
0.0,
0.0,
9.0,
6.0,
0.0,
0.0,
2.0,
3.0,
1.0,
0.0,
4.0,
5.0,
0.0,
3.0,
0.0,
0.0,
0.0,
0.0,
0.0,
0.0,
0.0,
0.0,
0.0,
0.0,
0.0,
0.0,
0.0,
7.0,
0.0,
2.0,
152.0,
143.0,
50.0,
8.0,
0.0,
0.0,
2.0,
0.0,
0.0,
8.0,
0.0,
1.0,
0.0,
0.0,
0.0,
0.0,
0.0,
0.0,
0.0,
0.0,
0.0,
0.0,
0.0,
0.0,
12.0,
0.0,
20.0,
114.0,
240.0,
255.0,
245.0,
173.0,
18.0,
0.0,
4.0,
1.0,
0.0,
2.0,
0.0,
5.0,
0.0,
0.0,
0.0,
0.0,
0.0,
0.0,
0.0,
0.0,
0.0,
0.0,
0.0,
0.0,
0.0,
0.0,
53.0,
248.0,
244.0,
193.0,
231.0,
250.0,
130.0,
19.0,
0.0,
3.0,
0.0,
1.0,
0.0,
5.0,
0.0,
0.0,
0.0,
0.0,
0.0,
0.0,
0.0,
0.0,
0.0,
0.0,
0.0,
0.0,
3.0,
4.0,
10.0,
224.0,
164.0,
0.0,
13.0,
216.0,
252.0,
60.0,
0.0,
0.0,
0.0,
6.0,
0.0,
2.0,
0.0,
0.0,
0.0,
0.0,
4.0,
0.0,
0.0,
0.0,
0.0,
0.0,
0.0,
4.0,
0.0,
0.0,
0.0,
18.0,
32.0,
0.0,
11.0,
127.0,
255.0,
98.0,
0.0,
4.0,
3.0,
10.0,
0.0,
2.0,
13.0,
0.0,
9.0,
3.0,
0.0,
1.0,
3.0,
5.0,
3.0,
0.0,
0.0,
0.0,
7.0,
6.0,
2.0,
0.0,
5.0,
0.0,
0.0,
17.0,
254.0,
136.0,
1.0,
1.0,
0.0,
0.0,
0.0,
3.0,
0.0,
5.0,
0.0,
0.0,
0.0,
1.0,
4.0,
2.0,
0.0,
0.0,
0.0,
0.0,
0.0,
0.0,
23.0,
0.0,
0.0,
13.0,
0.0,
21.0,
239.0,
139.0,
0.0,
0.0,
11.0,
0.0,
12.0,
3.0,
2.0,
12.0,
1.0,
0.0,
0.0,
2.0,
0.0,
0.0,
0.0,
1.0,
4.0,
1.0,
15.0,
10.0,
0.0,
0.0,
14.0,
0.0,
6.0,
51.0,
251.0,
118.0,
0.0,
0.0,
3.0,
0.0,
3.0,
0.0,
3.0,
0.0,
3.0,
2.0,
4.0,
3.0,
0.0,
0.0,
2.0,
7.0,
5.0,
0.0,
2.0,
0.0,
15.0,
0.0,
1.0,
0.0,
3.0,
173.0,
255.0,
87.0,
12.0,
5.0,
0.0,
0.0,
6.0,
3.0,
0.0,
29.0,
0.0,
4.0,
0.0,
0.0,
0.0,
4.0,
6.0,
1.0,
0.0,
0.0,
4.0,
20.0,
85.0,
41.0,
6.0,
0.0,
36.0,
234.0,
221.0,
39.0,
2.0,
4.0,
3.0,
8.0,
0.0,
0.0,
77.0,
130.0,
5.0,
0.0,
0.0,
0.0,
0.0,
4.0,
1.0,
0.0,
0.0,
15.0,
115.0,
249.0,
230.0,
250.0,
124.0,
0.0,
175.0,
255.0,
107.0,
6.0,
0.0,
0.0,
0.0,
0.0,
3.0,
43.0,
200.0,
114.0,
11.0,
0.0,
7.0,
0.0,
0.0,
4.0,
0.0,
0.0,
15.0,
49.0,
242.0,
199.0,
151.0,
236.0,
249.0,
215.0,
250.0,
176.0,
0.0,
0.0,
10.0,
0.0,
5.0,
0.0,
95.0,
219.0,
241.0,
0.0,
0.0,
8.0,
3.0,
0.0,
12.0,
0.0,
17.0,
6.0,
57.0,
247.0,
155.0,
12.0,
8.0,
71.0,
237.0,
255.0,
255.0,
176.0,
58.0,
41.0,
56.0,
67.0,
88.0,
181.0,
252.0,
231.0,
83.0,
24.0,
0.0,
0.0,
0.0,
6.0,
3.0,
0.0,
0.0,
2.0,
228.0,
134.0,
9.0,
0.0,
0.0,
135.0,
255.0,
251.0,
243.0,
255.0,
246.0,
255.0,
255.0,
242.0,
240.0,
255.0,
214.0,
74.0,
13.0,
0.0,
0.0,
0.0,
0.0,
8.0,
0.0,
14.0,
0.0,
0.0,
255.0,
5.0,
0.0,
18.0,
106.0,
236.0,
205.0,
80.0,
147.0,
242.0,
255.0,
244.0,
241.0,
226.0,
158.0,
76.0,
27.0,
6.0,
0.0,
0.0,
7.0,
3.0,
5.0,
0.0,
0.0,
0.0,
7.0,
0.0,
248.0,
146.0,
120.0,
203.0,
235.0,
243.0,
48.0,
0.0,
0.0,
31.0,
110.0,
138.0,
110.0,
30.0,
0.0,
4.0,
9.0,
0.0,
1.0,
8.0,
7.0,
0.0,
0.0,
2.0,
1.0,
0.0,
0.0,
6.0,
137.0,
251.0,
246.0,
228.0,
172.0,
34.0,
3.0,
0.0,
3.0,
8.0,
6.0,
0.0,
0.0,
0.0,
2.0,
0.0,
0.0,
5.0,
4.0,
0.0,
0.0,
0.0,
0.0,
8.0,
0.0,
8.0,
0.0,
3.0,
12.0,
94.0,
87.0,
20.0,
0.0,
0.0,
0.0,
21.0,
0.0,
7.0,
0.0,
0.0,
7.0,
7.0,
9.0,
4.0,
0.0,
4.0,
0.0,
0.0,
0.0,
5.0,
7.0,
7.0,
0.0,
1.0,
0.0,
7.0,
0.0,
0.0,
4.0,
0.0,
16.0,
1.0,
0.0,
2.0,
16.0,
0.0,
13.0,
9.0,
0.0,
0.0,
0.0,
7.0,
6.0,
0.0,
0.0,
0.0,
4.0,
6.0,
0.0,
0.0,
3.0,
9.0,
6.0,
0.0,
6.0,
0.0,
0.0,
10.0,
0.0,
9.0,
0.0,
7.0,
0.0,
4.0,
0.0,
0.0,
7.0,
8.0,
0.0,
0.0,
5.0,
2.0,
3.0,
0.0,
0.0,
0.0,
0.0,
0.0,
0.0,
0.0,
0.0,
0.0,
0.0,
0.0,
0.0,
0.0,
0.0,
0.0,
0.0,
0.0,
0.0,
0.0,
0.0,
0.0,
0.0,
0.0,
0.0,
0.0,
0.0,
0.0,
0.0,
0.0,
0.0,
0.0,
0.0,
0.0,
0.0,
0.0,
0.0,
0.0,
0.0,
0.0,
0.0,
0.0,
0.0,
0.0,
0.0,
0.0,
0.0,
0.0,
0.0,
0.0,
0.0,
0.0,
0.0,
0.0,
0.0,
0.0,
0.0,
0.0,
0.0,
0.0,
0.0,
0.0,
0.0,
0.0,
0.0,
0.0,
0.0,
0.0,
0.0,
0.0,
0.0,
0.0,
0.0,
0.0,
0.0,
0.0,
0.0,
0.0,
0.0,
0.0,
0.0,
0.0,
0.0,
0.0,
0.0,
0.0,
0.0,
0.0,
0.0,
0.0,
0.0,
0.0,
0.0,
0.0,
0.0,
0.0,
0.0,
0.0,
0.0,
0.0,
0.0,
0.0,
0.0,
0.0,
0.0,
0.0,
0.0,
0.0,
0.0,
0.0,
0.0,
0.0,
0.0,
0.0,
0.0,
0.0,
