0.0,
0.0,
0.0,
0.0,
0.0,
0.0,
0.0,
0.0,
0.0,
12.0,
0.0,
1.0,
5.0,
1.0,
4.0,
0.0,
3.0,
2.0,
0.0,
1.0,
0.0,
0.0,
16.0,
0.0,
0.0,
0.0,
0.0,
0.0,
0.0,
0.0,
0.0,
0.0,
0.0,
0.0,
0.0,
0.0,
0.0,
0.0,
4.0,
3.0,
0.0,
0.0,
3.0,
3.0,
0.0,
6.0,
0.0,
9.0,
1.0,
8.0,
0.0,
0.0,
0.0,
0.0,
0.0,
0.0,
0.0,
0.0,
0.0,
0.0,
0.0,
0.0,
0.0,
0.0,
22.0,
0.0,
20.0,
0.0,
0.0,
7.0,
13.0,
0.0,
2.0,
16.0,
0.0,
0.0,
2.0,
8.0,
0.0,
14.0,
0.0,
0.0,
0.0,
0.0,
0.0,
0.0,
0.0,
0.0,
0.0,
0.0,
0.0,
0.0,
5.0,
0.0,
0.0,
8.0,
4.0,
0.0,
0.0,
11.0,
0.0,
0.0,
6.0,
0.0,
3.0,
4.0,
0.0,
5.0,
0.0,
0.0,
0.0,
0.0,
0.0,
0.0,
0.0,
0.0,
0.0,
0.0,
0.0,
0.0,
0.0,
22.0,
0.0,
0.0,
74.0,
211.0,
255.0,
244.0,
223.0,
153.0,
88.0,
32.0,
0.0,
3.0,
11.0,
0.0,
0.0,
0.0,
0.0,
0.0,
0.0,
0.0,
0.0,
0.0,
0.0,
0.0,
0.0,
0.0,
0.0,
0.0,
27.0,
126.0,
222.0,
255.0,
249.0,
255.0,
242.0,
247.0,
227.0,
193.0,
23.0,
0.0,
0.0,
9.0,
0.0,
0.0,
0.0,
0.0,
0.0,
0.0,
0.0,
0.0,
0.0,
0.0,
0.0,
0.0,
0.0,
7.0,
199.0,
248.0,
255.0,
251.0,
235.0,
255.0,
255.0,
255.0,
252.0,
253.0,
140.0,
14.0,
8.0,
0.0,
0.0,
0.0,
0.0,
0.0,
0.0,
0.0,
0.0,
0.0,
0.0,
0.0,
0.0,
0.0,
8.0,
0.0,
255.0,
251.0,
255.0,
253.0,
220.0,
195.0,
149.0,
182.0,
253.0,
255.0,
209.0,
0.0,
12.0,
6.0,
0.0,
0.0,
0.0,
0.0,
0.0,
0.0,
0.0,
0.0,
0.0,
0.0,
0.0,
0.0,
0.0,
8.0,
247.0,
250.0,
247.0,
231.0,
86.0,
0.0,
5.0,
0.0,
228.0,
248.0,
217.0,
0.0,
17.0,
0.0,
0.0,
0.0,
0.0,
0.0,
0.0,
0.0,
0.0,
0.0,
0.0,
0.0,
0.0,
0.0,
0.0,
0.0,
87.0,
170.0,
110.0,
38.0,
0.0,
3.0,
7.0,
28.0,
219.0,
252.0,
200.0,
1.0,
0.0,
2.0,
0.0,
0.0,
0.0,
0.0,
0.0,
0.0,
0.0,
0.0,
0.0,
0.0,
0.0,
0.0,
13.0,
0.0,
0.0,
15.0,
0.0,
6.0,
0.0,
0.0,
0.0,
133.0,
251.0,
255.0,
204.0,
9.0,
0.0,
0.0,
0.0,
0.0,
0.0,
0.0,
0.0,
0.0,
0.0,
0.0,
0.0,
0.0,
0.0,
0.0,
0.0,
0.0,
6.0,
0.0,
0.0,
12.0,
0.0,
9.0,
24.0,
235.0,
255.0,
250.0,
210.0,
1.0,
3.0,
0.0,
0.0,
0.0,
0.0,
0.0,
0.0,
0.0,
0.0,
0.0,
0.0,
0.0,
0.0,
0.0,
0.0,
18.0,
0.0,
0.0,
6.0,
0.0,
0.0,
8.0,
170.0,
253.0,
240.0,
250.0,
143.0,
0.0,
0.0,
5.0,
0.0,
0.0,
0.0,
0.0,
0.0,
0.0,
0.0,
0.0,
0.0,
0.0,
0.0,
0.0,
0.0,
4.0,
1.0,
9.0,
1.0,
15.0,
0.0,
52.0,
255.0,
239.0,
255.0,
239.0,
26.0,
7.0,
0.0,
6.0,
0.0,
0.0,
0.0,
0.0,
0.0,
0.0,
0.0,
0.0,
0.0,
0.0,
0.0,
0.0,
2.0,
0.0,
18.0,
9.0,
0.0,
0.0,
25.0,
204.0,
252.0,
246.0,
255.0,
150.0,
0.0,
8.0,
0.0,
0.0,
0.0,
0.0,
0.0,
0.0,
0.0,
0.0,
0.0,
0.0,
0.0,
0.0,
0.0,
0.0,
5.0,
99.0,
180.0,
182.0,
210.0,
178.0,
229.0,
247.0,
250.0,
255.0,
198.0,
32.0,
11.0,
0.0,
9.0,
0.0,
0.0,
0.0,
0.0,
0.0,
0.0,
8.0,
0.0,
1.0,
0.0,
0.0,
14.0,
0.0,
163.0,
233.0,
255.0,
253.0,
249.0,
252.0,
247.0,
255.0,
248.0,
249.0,
108.0,
0.0,
0.0,
19.0,
0.0,
4.0,
0.0,
0.0,
0.0,
0.0,
0.0,
3.0,
1.0,
0.0,
8.0,
0.0,
0.0,
131.0,
255.0,
229.0,
248.0,
255.0,
255.0,
245.0,
254.0,
231.0,
255.0,
255.0,
231.0,
128.0,
1.0,
0.0,
9.0,
6.0,
0.0,
0.0,
0.0,
0.0,
1.0,
2.0,
0.0,
0.0,
7.0,
3.0,
33.0,
240.0,
236.0,
255.0,
253.0,
238.0,
241.0,
255.0,
240.0,
255.0,
252.0,
239.0,
249.0,
255.0,
199.0,
50.0,
0.0,
0.0,
0.0,
0.0,
0.0,
0.0,
0.0,
4.0,
0.0,
6.0,
0.0,
1.0,
141.0,
252.0,
255.0,
235.0,
255.0,
254.0,
255.0,
240.0,
254.0,
247.0,
248.0,
251.0,
255.0,
249.0,
243.0,
255.0,
212.0,
73.0,
0.0,
0.0,
0.0,
0.0,
0.0,
4.0,
0.0,
1.0,
0.0,
1.0,
191.0,
247.0,
255.0,
255.0,
236.0,
255.0,
241.0,
245.0,
153.0,
76.0,
182.0,
182.0,
240.0,
255.0,
252.0,
250.0,
246.0,
174.0,
0.0,
0.0,
0.0,
0.0,
0.0,
2.0,
7.0,
0.0,
3.0,
2.0,
135.0,
255.0,
254.0,
255.0,
255.0,
248.0,
227.0,
69.0,
0.0,
9.0,
0.0,
0.0,
98.0,
162.0,
132.0,
122.0,
140.0,
98.0,
0.0,
0.0,
0.0,
0.0,
0.0,
1.0,
6.0,
0.0,
1.0,
0.0,
56.0,
238.0,
239.0,
254.0,
253.0,
200.0,
57.0,
0.0,
0.0,
2.0,
0.0,
15.0,
0.0,
0.0,
13.0,
0.0,
0.0,
14.0,
0.0,
0.0,
0.0,
0.0,
0.0,
4.0,
0.0,
17.0,
0.0,
0.0,
21.0,
186.0,
254.0,
216.0,
116.0,
16.0,
1.0,
0.0,
0.0,
0.0,
0.0,
0.0,
2.0,
14.0,
0.0,
4.0,
4.0,
0.0,
0.0,
0.0,
0.0,
0.0,
0.0,
0.0,
0.0,
0.0,
0.0,
0.0,
0.0,
0.0,
0.0,
0.0,
0.0,
0.0,
0.0,
0.0,
0.0,
0.0,
0.0,
0.0,
0.0,
0.0,
0.0,
0.0,
0.0,
0.0,
0.0,
0.0,
0.0,
0.0,
0.0,
0.0,
0.0,
0.0,
0.0,
0.0,
0.0,
0.0,
0.0,
0.0,
0.0,
0.0,
0.0,
0.0,
0.0,
0.0,
0.0,
0.0,
0.0,
0.0,
0.0,
0.0,
0.0,
0.0,
0.0,
0.0,
0.0,
0.0,
0.0,
0.0,
0.0,
0.0,
0.0,
0.0,
0.0,
0.0,
0.0,
0.0,
0.0,
0.0,
0.0,
0.0,
0.0,
0.0,
0.0,
0.0,
0.0,
0.0,
0.0,
0.0,
0.0,
0.0,
0.0,
0.0,
0.0,
0.0,
0.0,
0.0,
0.0,
0.0,
0.0,
0.0,
0.0,
0.0,
0.0,
0.0,
0.0,
0.0,
0.0,
0.0,
0.0,
0.0,
0.0,
0.0,
0.0,
0.0,
0.0,
0.0,
0.0,
0.0,
0.0,
0.0,
0.0,
0.0,
