0.0,
0.0,
0.0,
0.0,
0.0,
0.0,
0.0,
0.0,
14.0,
0.0,
11.0,
0.0,
3.0,
7.0,
2.0,
1.0,
0.0,
11.0,
9.0,
0.0,
8.0,
5.0,
0.0,
19.0,
0.0,
0.0,
0.0,
0.0,
0.0,
0.0,
0.0,
0.0,
0.0,
0.0,
0.0,
0.0,
0.0,
8.0,
8.0,
15.0,
0.0,
4.0,
0.0,
0.0,
5.0,
0.0,
7.0,
1.0,
4.0,
6.0,
3.0,
0.0,
0.0,
0.0,
0.0,
0.0,
0.0,
0.0,
0.0,
0.0,
0.0,
0.0,
0.0,
0.0,
15.0,
0.0,
0.0,
0.0,
15.0,
6.0,
2.0,
0.0,
4.0,
4.0,
1.0,
7.0,
0.0,
14.0,
0.0,
0.0,
0.0,
0.0,
0.0,
0.0,
0.0,
0.0,
0.0,
0.0,
0.0,
0.0,
0.0,
0.0,
0.0,
4.0,
9.0,
0.0,
1.0,
91.0,
86.0,
106.0,
86.0,
105.0,
86.0,
38.0,
0.0,
0.0,
0.0,
8.0,
0.0,
0.0,
0.0,
0.0,
0.0,
0.0,
0.0,
0.0,
0.0,
0.0,
0.0,
0.0,
0.0,
0.0,
2.0,
73.0,
204.0,
243.0,
255.0,
237.0,
255.0,
241.0,
255.0,
186.0,
111.0,
1.0,
8.0,
0.0,
0.0,
0.0,
0.0,
0.0,
0.0,
0.0,
0.0,
0.0,
0.0,
0.0,
0.0,
0.0,
48.0,
126.0,
65.0,
229.0,
241.0,
252.0,
255.0,
253.0,
176.0,
255.0,
243.0,
255.0,
255.0,
119.0,
0.0,
9.0,
0.0,
0.0,
0.0,
0.0,
0.0,
0.0,
0.0,
0.0,
0.0,
0.0,
0.0,
0.0,
96.0,
241.0,
240.0,
255.0,
255.0,
194.0,
157.0,
31.0,
11.0,
27.0,
78.0,
237.0,
238.0,
227.0,
111.0,
0.0,
0.0,
0.0,
0.0,
0.0,
0.0,
0.0,
0.0,
0.0,
0.0,
0.0,
0.0,
0.0,
39.0,
114.0,
168.0,
99.0,
86.0,
4.0,
4.0,
0.0,
0.0,
0.0,
17.0,
86.0,
250.0,
255.0,
177.0,
2.0,
0.0,
0.0,
0.0,
0.0,
0.0,
6.0,
0.0,
2.0,
5.0,
0.0,
7.0,
0.0,
0.0,
3.0,
0.0,
1.0,
0.0,
11.0,
0.0,
0.0,
7.0,
0.0,
0.0,
31.0,
245.0,
255.0,
239.0,
3.0,
0.0,
0.0,
0.0,
0.0,
2.0,
9.0,
0.0,
0.0,
0.0,
0.0,
3.0,
0.0,
0.0,
0.0,
4.0,
1.0,
0.0,
0.0,
6.0,
1.0,
3.0,
0.0,
4.0,
69.0,
237.0,
255.0,
251.0,
0.0,
0.0,
0.0,
0.0,
0.0,
0.0,
3.0,
0.0,
7.0,
4.0,
0.0,
4.0,
0.0,
12.0,
0.0,
2.0,
0.0,
4.0,
0.0,
8.0,
0.0,
3.0,
18.0,
0.0,
176.0,
251.0,
240.0,
255.0,
0.0,
0.0,
0.0,
0.0,
0.0,
0.0,
1.0,
0.0,
0.0,
0.0,
0.0,
0.0,
0.0,
5.0,
3.0,
0.0,
0.0,
2.0,
0.0,
4.0,
0.0,
0.0,
0.0,
0.0,
221.0,
248.0,
252.0,
198.0,
11.0,
0.0,
0.0,
0.0,
0.0,
3.0,
0.0,
0.0,
0.0,
0.0,
7.0,
9.0,
13.0,
0.0,
19.0,
0.0,
1.0,
7.0,
0.0,
0.0,
10.0,
9.0,
0.0,
88.0,
214.0,
244.0,
255.0,
77.0,
10.0,
0.0,
0.0,
0.0,
0.0,
0.0,
0.0,
6.0,
1.0,
0.0,
0.0,
0.0,
0.0,
11.0,
72.0,
50.0,
79.0,
99.0,
87.0,
30.0,
0.0,
0.0,
68.0,
241.0,
245.0,
255.0,
184.0,
12.0,
0.0,
0.0,
0.0,
0.0,
0.0,
2.0,
0.0,
10.0,
0.0,
0.0,
8.0,
13.0,
37.0,
192.0,
223.0,
212.0,
240.0,
255.0,
251.0,
200.0,
101.0,
8.0,
165.0,
255.0,
255.0,
241.0,
61.0,
10.0,
0.0,
0.0,
0.0,
0.0,
0.0,
1.0,
0.0,
4.0,
0.0,
27.0,
101.0,
172.0,
242.0,
248.0,
255.0,
255.0,
251.0,
246.0,
249.0,
255.0,
174.0,
156.0,
254.0,
240.0,
246.0,
194.0,
14.0,
0.0,
5.0,
0.0,
0.0,
0.0,
0.0,
0.0,
0.0,
13.0,
0.0,
176.0,
254.0,
247.0,
211.0,
186.0,
76.0,
31.0,
29.0,
30.0,
221.0,
249.0,
250.0,
253.0,
255.0,
247.0,
90.0,
13.0,
0.0,
13.0,
6.0,
0.0,
0.0,
0.0,
0.0,
14.0,
0.0,
0.0,
76.0,
228.0,
242.0,
204.0,
37.0,
0.0,
0.0,
16.0,
0.0,
8.0,
193.0,
250.0,
243.0,
246.0,
248.0,
243.0,
63.0,
0.0,
6.0,
0.0,
0.0,
0.0,
0.0,
0.0,
0.0,
0.0,
0.0,
12.0,
149.0,
255.0,
238.0,
61.0,
0.0,
0.0,
37.0,
87.0,
86.0,
189.0,
255.0,
249.0,
255.0,
255.0,
255.0,
250.0,
64.0,
0.0,
8.0,
0.0,
4.0,
0.0,
0.0,
0.0,
0.0,
1.0,
0.0,
0.0,
255.0,
255.0,
252.0,
195.0,
180.0,
189.0,
184.0,
245.0,
255.0,
255.0,
242.0,
229.0,
235.0,
235.0,
255.0,
248.0,
61.0,
0.0,
5.0,
0.0,
14.0,
0.0,
0.0,
0.0,
0.0,
9.0,
3.0,
7.0,
241.0,
247.0,
255.0,
255.0,
255.0,
248.0,
255.0,
251.0,
249.0,
252.0,
211.0,
113.0,
67.0,
169.0,
243.0,
206.0,
46.0,
0.0,
6.0,
8.0,
0.0,
0.0,
0.0,
0.0,
0.0,
0.0,
0.0,
21.0,
97.0,
183.0,
229.0,
220.0,
251.0,
255.0,
231.0,
181.0,
141.0,
29.0,
23.0,
20.0,
0.0,
0.0,
40.0,
25.0,
0.0,
0.0,
0.0,
12.0,
3.0,
0.0,
0.0,
0.0,
0.0,
18.0,
0.0,
0.0,
0.0,
5.0,
32.0,
126.0,
93.0,
94.0,
83.0,
12.0,
17.0,
0.0,
0.0,
0.0,
2.0,
8.0,
0.0,
0.0,
9.0,
14.0,
0.0,
0.0,
6.0,
0.0,
0.0,
0.0,
0.0,
0.0,
2.0,
8.0,
1.0,
0.0,
12.0,
0.0,
8.0,
0.0,
13.0,
0.0,
0.0,
2.0,
1.0,
8.0,
1.0,
3.0,
0.0,
12.0,
0.0,
0.0,
14.0,
0.0,
0.0,
0.0,
0.0,
0.0,
0.0,
0.0,
0.0,
0.0,
0.0,
0.0,
0.0,
0.0,
0.0,
0.0,
0.0,
0.0,
0.0,
0.0,
0.0,
0.0,
0.0,
0.0,
0.0,
0.0,
0.0,
0.0,
0.0,
0.0,
0.0,
0.0,
0.0,
0.0,
0.0,
0.0,
0.0,
0.0,
0.0,
0.0,
0.0,
0.0,
0.0,
0.0,
0.0,
0.0,
0.0,
0.0,
0.0,
0.0,
0.0,
0.0,
0.0,
0.0,
0.0,
0.0,
0.0,
0.0,
0.0,
0.0,
0.0,
0.0,
0.0,
0.0,
0.0,
0.0,
0.0,
0.0,
0.0,
0.0,
0.0,
0.0,
0.0,
0.0,
0.0,
0.0,
0.0,
0.0,
0.0,
0.0,
0.0,
0.0,
0.0,
0.0,
0.0,
0.0,
0.0,
0.0,
0.0,
0.0,
0.0,
0.0,
0.0,
0.0,
0.0,
0.0,
0.0,
0.0,
0.0,
0.0,
0.0,
0.0,
0.0,
0.0,
0.0,
0.0,
0.0,
0.0,
0.0,
0.0,
0.0,
0.0,
0.0,
0.0,
0.0,
0.0,
0.0,
0.0,
0.0,
