0.0,
0.0,
0.0,
0.0,
0.0,
0.0,
0.0,
0.0,
10.0,
0.0,
2.0,
0.0,
6.0,
12.0,
0.0,
0.0,
0.0,
0.0,
4.0,
2.0,
0.0,
5.0,
4.0,
0.0,
0.0,
0.0,
0.0,
0.0,
0.0,
0.0,
0.0,
0.0,
0.0,
0.0,
0.0,
0.0,
0.0,
1.0,
7.0,
0.0,
0.0,
4.0,
0.0,
20.0,
6.0,
1.0,
4.0,
1.0,
0.0,
0.0,
5.0,
6.0,
0.0,
0.0,
0.0,
0.0,
0.0,
0.0,
0.0,
0.0,
0.0,
0.0,
0.0,
0.0,
5.0,
0.0,
7.0,
0.0,
0.0,
0.0,
0.0,
0.0,
2.0,
0.0,
0.0,
5.0,
0.0,
0.0,
4.0,
3.0,
0.0,
0.0,
0.0,
0.0,
0.0,
0.0,
0.0,
0.0,
0.0,
0.0,
0.0,
0.0,
0.0,
0.0,
2.0,
9.0,
10.0,
7.0,
0.0,
0.0,
6.0,
0.0,
0.0,
2.0,
3.0,
7.0,
4.0,
0.0,
0.0,
0.0,
0.0,
0.0,
0.0,
0.0,
0.0,
0.0,
0.0,
0.0,
0.0,
0.0,
6.0,
8.0,
0.0,
0.0,
1.0,
0.0,
0.0,
10.0,
5.0,
4.0,
4.0,
0.0,
0.0,
2.0,
7.0,
0.0,
0.0,
0.0,
0.0,
0.0,
0.0,
0.0,
0.0,
0.0,
0.0,
0.0,
0.0,
0.0,
0.0,
0.0,
23.0,
68.0,
53.0,
55.0,
51.0,
0.0,
0.0,
0.0,
4.0,
4.0,
0.0,
0.0,
6.0,
2.0,
0.0,
0.0,
0.0,
0.0,
0.0,
0.0,
0.0,
0.0,
0.0,
0.0,
0.0,
0.0,
8.0,
78.0,
192.0,
255.0,
251.0,
249.0,
223.0,
107.0,
26.0,
0.0,
0.0,
8.0,
7.0,
0.0,
0.0,
0.0,
0.0,
0.0,
0.0,
0.0,
0.0,
0.0,
0.0,
0.0,
0.0,
0.0,
0.0,
0.0,
25.0,
220.0,
255.0,
237.0,
255.0,
254.0,
241.0,
255.0,
131.0,
46.0,
0.0,
0.0,
6.0,
0.0,
0.0,
0.0,
0.0,
0.0,
0.0,
0.0,
7.0,
5.0,
0.0,
0.0,
0.0,
0.0,
0.0,
0.0,
0.0,
71.0,
255.0,
232.0,
189.0,
120.0,
130.0,
250.0,
255.0,
88.0,
0.0,
13.0,
3.0,
3.0,
0.0,
2.0,
1.0,
0.0,
0.0,
4.0,
0.0,
0.0,
2.0,
3.0,
3.0,
3.0,
3.0,
3.0,
2.0,
4.0,
85.0,
30.0,
0.0,
5.0,
0.0,
171.0,
249.0,
168.0,
20.0,
0.0,
0.0,
0.0,
4.0,
7.0,
7.0,
0.0,
2.0,
0.0,
0.0,
0.0,
2.0,
2.0,
0.0,
0.0,
0.0,
0.0,
0.0,
10.0,
0.0,
0.0,
1.0,
0.0,
86.0,
252.0,
252.0,
5.0,
0.0,
19.0,
0.0,
4.0,
2.0,
0.0,
0.0,
0.0,
1.0,
0.0,
3.0,
0.0,
0.0,
0.0,
0.0,
0.0,
0.0,
0.0,
0.0,
0.0,
7.0,
6.0,
12.0,
0.0,
105.0,
252.0,
248.0,
0.0,
10.0,
0.0,
0.0,
21.0,
0.0,
0.0,
6.0,
0.0,
16.0,
0.0,
3.0,
0.0,
0.0,
1.0,
5.0,
4.0,
3.0,
4.0,
0.0,
10.0,
0.0,
0.0,
0.0,
25.0,
199.0,
249.0,
233.0,
15.0,
0.0,
12.0,
16.0,
0.0,
0.0,
7.0,
0.0,
0.0,
9.0,
1.0,
2.0,
0.0,
0.0,
5.0,
6.0,
0.0,
0.0,
0.0,
20.0,
0.0,
13.0,
0.0,
0.0,
195.0,
248.0,
255.0,
95.0,
0.0,
0.0,
0.0,
0.0,
5.0,
18.0,
65.0,
18.0,
0.0,
0.0,
0.0,
3.0,
0.0,
0.0,
4.0,
0.0,
0.0,
0.0,
9.0,
10.0,
26.0,
21.0,
54.0,
90.0,
241.0,
255.0,
204.0,
21.0,
7.0,
9.0,
0.0,
0.0,
0.0,
44.0,
255.0,
156.0,
91.0,
1.0,
0.0,
0.0,
0.0,
0.0,
1.0,
0.0,
0.0,
24.0,
52.0,
220.0,
250.0,
225.0,
246.0,
255.0,
253.0,
239.0,
135.0,
0.0,
5.0,
0.0,
21.0,
0.0,
77.0,
219.0,
247.0,
255.0,
167.0,
12.0,
0.0,
3.0,
2.0,
11.0,
0.0,
0.0,
0.0,
199.0,
247.0,
251.0,
253.0,
249.0,
255.0,
250.0,
254.0,
255.0,
233.0,
50.0,
16.0,
18.0,
106.0,
175.0,
252.0,
255.0,
248.0,
255.0,
107.0,
5.0,
0.0,
6.0,
0.0,
0.0,
0.0,
8.0,
8.0,
244.0,
255.0,
250.0,
255.0,
255.0,
222.0,
178.0,
176.0,
228.0,
251.0,
247.0,
233.0,
239.0,
240.0,
255.0,
255.0,
255.0,
231.0,
107.0,
29.0,
0.0,
3.0,
7.0,
0.0,
4.0,
1.0,
3.0,
0.0,
255.0,
255.0,
255.0,
245.0,
234.0,
88.0,
0.0,
0.0,
38.0,
160.0,
249.0,
241.0,
255.0,
240.0,
255.0,
189.0,
98.0,
0.0,
4.0,
0.0,
0.0,
9.0,
4.0,
0.0,
10.0,
3.0,
0.0,
0.0,
154.0,
157.0,
150.0,
119.0,
29.0,
0.0,
0.0,
0.0,
1.0,
0.0,
103.0,
151.0,
207.0,
162.0,
148.0,
50.0,
19.0,
0.0,
6.0,
0.0,
2.0,
5.0,
0.0,
0.0,
0.0,
0.0,
5.0,
0.0,
16.0,
10.0,
0.0,
0.0,
8.0,
0.0,
14.0,
21.0,
0.0,
6.0,
3.0,
3.0,
5.0,
0.0,
10.0,
0.0,
0.0,
0.0,
14.0,
0.0,
0.0,
0.0,
0.0,
5.0,
0.0,
0.0,
7.0,
10.0,
0.0,
0.0,
0.0,
26.0,
0.0,
3.0,
2.0,
0.0,
10.0,
0.0,
0.0,
0.0,
0.0,
0.0,
10.0,
1.0,
0.0,
9.0,
0.0,
0.0,
0.0,
4.0,
0.0,
9.0,
6.0,
2.0,
0.0,
3.0,
4.0,
21.0,
1.0,
0.0,
3.0,
1.0,
0.0,
8.0,
1.0,
4.0,
11.0,
2.0,
5.0,
5.0,
2.0,
0.0,
0.0,
0.0,
0.0,
1.0,
5.0,
5.0,
0.0,
0.0,
0.0,
2.0,
0.0,
0.0,
12.0,
0.0,
8.0,
0.0,
6.0,
3.0,
0.0,
1.0,
0.0,
0.0,
0.0,
0.0,
10.0,
0.0,
0.0,
0.0,
13.0,
0.0,
0.0,
9.0,
2.0,
0.0,
0.0,
0.0,
0.0,
0.0,
0.0,
0.0,
0.0,
0.0,
0.0,
0.0,
0.0,
0.0,
0.0,
0.0,
0.0,
0.0,
0.0,
0.0,
0.0,
0.0,
0.0,
0.0,
0.0,
0.0,
0.0,
0.0,
0.0,
0.0,
0.0,
0.0,
0.0,
0.0,
0.0,
0.0,
0.0,
0.0,
0.0,
0.0,
0.0,
0.0,
0.0,
0.0,
0.0,
0.0,
0.0,
0.0,
0.0,
0.0,
0.0,
0.0,
0.0,
0.0,
0.0,
0.0,
0.0,
0.0,
0.0,
0.0,
0.0,
0.0,
0.0,
0.0,
0.0,
0.0,
0.0,
0.0,
0.0,
0.0,
0.0,
0.0,
0.0,
0.0,
0.0,
0.0,
0.0,
0.0,
0.0,
0.0,
0.0,
0.0,
0.0,
0.0,
0.0,
0.0,
0.0,
0.0,
0.0,
0.0,
0.0,
0.0,
0.0,
0.0,
0.0,
0.0,
0.0,
0.0,
0.0,
0.0,
0.0,
0.0,
0.0,
0.0,
0.0,
0.0,
0.0,
0.0,
0.0,
0.0,
0.0,
0.0,
0.0,
0.0,
