0.0,
0.0,
0.0,
0.0,
0.0,
0.0,
0.0,
0.0,
7.0,
0.0,
0.0,
11.0,
0.0,
0.0,
0.0,
8.0,
0.0,
7.0,
0.0,
0.0,
0.0,
0.0,
4.0,
3.0,
0.0,
0.0,
0.0,
0.0,
0.0,
0.0,
0.0,
0.0,
0.0,
0.0,
0.0,
0.0,
0.0,
0.0,
4.0,
0.0,
9.0,
0.0,
2.0,
0.0,
1.0,
0.0,
0.0,
7.0,
15.0,
0.0,
0.0,
5.0,
0.0,
0.0,
0.0,
0.0,
0.0,
0.0,
0.0,
0.0,
0.0,
0.0,
0.0,
0.0,
6.0,
2.0,
0.0,
2.0,
1.0,
3.0,
5.0,
8.0,
0.0,
12.0,
3.0,
0.0,
0.0,
16.0,
10.0,
0.0,
0.0,
0.0,
0.0,
0.0,
0.0,
0.0,
0.0,
0.0,
0.0,
0.0,
0.0,
0.0,
0.0,
7.0,
5.0,
0.0,
0.0,
0.0,
0.0,
0.0,
0.0,
3.0,
1.0,
10.0,
0.0,
0.0,
0.0,
14.0,
0.0,
0.0,
0.0,
0.0,
0.0,
0.0,
0.0,
0.0,
0.0,
0.0,
0.0,
0.0,
0.0,
13.0,
0.0,
1.0,
71.0,
197.0,
246.0,
255.0,
255.0,
169.0,
64.0,
0.0,
0.0,
9.0,
0.0,
0.0,
0.0,
0.0,
0.0,
0.0,
0.0,
0.0,
0.0,
0.0,
0.0,
0.0,
0.0,
0.0,
15.0,
0.0,
19.0,
63.0,
227.0,
230.0,
255.0,
248.0,
255.0,
250.0,
206.0,
8.0,
6.0,
0.0,
7.0,
0.0,
0.0,
0.0,
0.0,
0.0,
0.0,
0.0,
0.0,
0.0,
0.0,
0.0,
0.0,
0.0,
0.0,
9.0,
32.0,
226.0,
248.0,
252.0,
162.0,
215.0,
225.0,
255.0,
255.0,
59.0,
17.0,
0.0,
0.0,
11.0,
0.0,
0.0,
0.0,
0.0,
0.0,
0.0,
0.0,
0.0,
0.0,
0.0,
0.0,
0.0,
0.0,
71.0,
197.0,
248.0,
250.0,
91.0,
7.0,
0.0,
72.0,
235.0,
255.0,
76.0,
0.0,
14.0,
0.0,
0.0,
0.0,
0.0,
0.0,
0.0,
4.0,
0.0,
0.0,
1.0,
1.0,
0.0,
0.0,
0.0,
19.0,
192.0,
255.0,
254.0,
71.0,
0.0,
0.0,
3.0,
25.0,
248.0,
255.0,
108.0,
0.0,
0.0,
0.0,
3.0,
0.0,
0.0,
0.0,
0.0,
0.0,
0.0,
1.0,
1.0,
0.0,
0.0,
4.0,
14.0,
158.0,
238.0,
236.0,
152.0,
0.0,
20.0,
11.0,
0.0,
17.0,
255.0,
250.0,
190.0,
0.0,
19.0,
0.0,
4.0,
0.0,
0.0,
0.0,
0.0,
0.0,
0.0,
3.0,
1.0,
0.0,
0.0,
11.0,
28.0,
255.0,
240.0,
44.0,
0.0,
12.0,
0.0,
0.0,
0.0,
83.0,
245.0,
252.0,
144.0,
6.0,
0.0,
11.0,
0.0,
0.0,
0.0,
0.0,
0.0,
0.0,
0.0,
2.0,
1.0,
0.0,
0.0,
10.0,
26.0,
218.0,
69.0,
14.0,
0.0,
8.0,
0.0,
5.0,
14.0,
134.0,
250.0,
243.0,
86.0,
0.0,
0.0,
9.0,
0.0,
0.0,
0.0,
0.0,
0.0,
0.0,
0.0,
0.0,
1.0,
0.0,
0.0,
3.0,
11.0,
33.0,
0.0,
15.0,
0.0,
0.0,
13.0,
0.0,
0.0,
154.0,
255.0,
255.0,
55.0,
12.0,
0.0,
0.0,
1.0,
0.0,
0.0,
0.0,
0.0,
3.0,
0.0,
0.0,
1.0,
2.0,
0.0,
0.0,
0.0,
1.0,
1.0,
0.0,
25.0,
0.0,
8.0,
5.0,
75.0,
227.0,
255.0,
197.0,
4.0,
10.0,
3.0,
0.0,
2.0,
0.0,
0.0,
0.0,
0.0,
2.0,
0.0,
0.0,
0.0,
2.0,
0.0,
0.0,
0.0,
0.0,
12.0,
0.0,
0.0,
0.0,
0.0,
3.0,
248.0,
255.0,
233.0,
48.0,
0.0,
0.0,
17.0,
0.0,
5.0,
0.0,
0.0,
0.0,
0.0,
0.0,
0.0,
0.0,
0.0,
0.0,
0.0,
1.0,
5.0,
0.0,
3.0,
0.0,
0.0,
0.0,
18.0,
189.0,
255.0,
240.0,
155.0,
0.0,
3.0,
12.0,
0.0,
5.0,
0.0,
0.0,
0.0,
0.0,
0.0,
0.0,
10.0,
0.0,
0.0,
5.0,
0.0,
2.0,
0.0,
0.0,
2.0,
0.0,
4.0,
4.0,
124.0,
248.0,
255.0,
228.0,
41.0,
0.0,
10.0,
0.0,
0.0,
0.0,
0.0,
0.0,
0.0,
0.0,
0.0,
0.0,
0.0,
0.0,
3.0,
0.0,
2.0,
8.0,
3.0,
20.0,
22.0,
97.0,
155.0,
151.0,
255.0,
255.0,
250.0,
117.0,
46.0,
61.0,
44.0,
15.0,
54.0,
46.0,
0.0,
0.0,
0.0,
0.0,
0.0,
0.0,
0.0,
8.0,
9.0,
0.0,
0.0,
0.0,
22.0,
173.0,
237.0,
243.0,
255.0,
255.0,
230.0,
251.0,
254.0,
255.0,
248.0,
255.0,
238.0,
230.0,
255.0,
183.0,
35.0,
0.0,
0.0,
0.0,
0.0,
12.0,
0.0,
5.0,
0.0,
0.0,
4.0,
24.0,
159.0,
251.0,
255.0,
249.0,
255.0,
234.0,
255.0,
192.0,
165.0,
176.0,
173.0,
204.0,
187.0,
166.0,
173.0,
101.0,
0.0,
0.0,
0.0,
0.0,
0.0,
0.0,
3.0,
7.0,
0.0,
2.0,
0.0,
23.0,
246.0,
252.0,
245.0,
254.0,
241.0,
255.0,
117.0,
0.0,
16.0,
0.0,
0.0,
24.0,
22.0,
0.0,
1.0,
1.0,
0.0,
0.0,
0.0,
0.0,
0.0,
0.0,
6.0,
2.0,
3.0,
8.0,
0.0,
15.0,
255.0,
244.0,
255.0,
255.0,
253.0,
127.0,
0.0,
0.0,
2.0,
7.0,
0.0,
0.0,
0.0,
0.0,
0.0,
2.0,
2.0,
0.0,
0.0,
0.0,
0.0,
7.0,
7.0,
0.0,
0.0,
0.0,
8.0,
42.0,
244.0,
254.0,
248.0,
213.0,
33.0,
1.0,
11.0,
5.0,
0.0,
0.0,
9.0,
11.0,
5.0,
1.0,
0.0,
2.0,
1.0,
0.0,
0.0,
0.0,
0.0,
2.0,
0.0,
0.0,
19.0,
0.0,
0.0,
0.0,
112.0,
227.0,
102.0,
10.0,
2.0,
8.0,
0.0,
8.0,
0.0,
0.0,
6.0,
0.0,
0.0,
2.0,
4.0,
4.0,
0.0,
0.0,
0.0,
0.0,
0.0,
0.0,
0.0,
0.0,
0.0,
0.0,
0.0,
0.0,
0.0,
0.0,
0.0,
0.0,
0.0,
0.0,
0.0,
0.0,
0.0,
0.0,
0.0,
0.0,
0.0,
0.0,
0.0,
0.0,
0.0,
0.0,
0.0,
0.0,
0.0,
0.0,
0.0,
0.0,
0.0,
0.0,
0.0,
0.0,
0.0,
0.0,
0.0,
0.0,
0.0,
0.0,
0.0,
0.0,
0.0,
0.0,
0.0,
0.0,
0.0,
0.0,
0.0,
0.0,
0.0,
0.0,
0.0,
0.0,
0.0,
0.0,
0.0,
0.0,
0.0,
0.0,
0.0,
0.0,
0.0,
0.0,
0.0,
0.0,
0.0,
0.0,
0.0,
0.0,
0.0,
0.0,
0.0,
0.0,
0.0,
0.0,
0.0,
0.0,
0.0,
0.0,
0.0,
0.0,
0.0,
0.0,
0.0,
0.0,
0.0,
0.0,
0.0,
0.0,
0.0,
0.0,
0.0,
0.0,
0.0,
0.0,
0.0,
0.0,
0.0,
0.0,
0.0,
0.0,
0.0,
0.0,
0.0,
0.0,
0.0,
0.0,
0.0,
0.0,
0.0,
