0.0,
2.0,
0.0,
0.0,
0.0,
4.0,
0.0,
0.0,
2.0,
6.0,
0.0,
7.0,
0.0,
0.0,
0.0,
6.0,
0.0,
0.0,
4.0,
0.0,
0.0,
5.0,
1.0,
0.0,
0.0,
0.0,
0.0,
0.0,
0.0,
0.0,
1.0,
1.0,
0.0,
0.0,
0.0,
0.0,
0.0,
5.0,
0.0,
9.0,
7.0,
6.0,
3.0,
0.0,
0.0,
9.0,
0.0,
11.0,
0.0,
0.0,
4.0,
0.0,
0.0,
0.0,
0.0,
0.0,
3.0,
0.0,
1.0,
5.0,
0.0,
0.0,
2.0,
0.0,
0.0,
12.0,
13.0,
0.0,
0.0,
0.0,
7.0,
1.0,
9.0,
0.0,
0.0,
5.0,
2.0,
0.0,
0.0,
0.0,
0.0,
0.0,
0.0,
0.0,
3.0,
0.0,
0.0,
1.0,
0.0,
6.0,
9.0,
0.0,
1.0,
0.0,
0.0,
1.0,
64.0,
113.0,
185.0,
201.0,
118.0,
25.0,
7.0,
0.0,
9.0,
6.0,
0.0,
3.0,
0.0,
0.0,
0.0,
0.0,
1.0,
0.0,
0.0,
0.0,
0.0,
2.0,
0.0,
0.0,
10.0,
0.0,
51.0,
163.0,
255.0,
241.0,
246.0,
244.0,
255.0,
144.0,
12.0,
0.0,
1.0,
5.0,
0.0,
8.0,
0.0,
0.0,
0.0,
0.0,
0.0,
6.0,
2.0,
0.0,
0.0,
0.0,
0.0,
21.0,
37.0,
152.0,
234.0,
244.0,
250.0,
255.0,
255.0,
213.0,
255.0,
222.0,
0.0,
12.0,
0.0,
4.0,
4.0,
0.0,
0.0,
0.0,
0.0,
0.0,
0.0,
6.0,
0.0,
0.0,
2.0,
0.0,
39.0,
144.0,
243.0,
255.0,
255.0,
233.0,
124.0,
18.0,
0.0,
13.0,
200.0,
239.0,
56.0,
14.0,
0.0,
9.0,
0.0,
0.0,
0.0,
0.0,
0.0,
0.0,
0.0,
2.0,
0.0,
0.0,
7.0,
0.0,
93.0,
255.0,
255.0,
195.0,
80.0,
27.0,
0.0,
2.0,
6.0,
1.0,
212.0,
255.0,
164.0,
0.0,
0.0,
14.0,
0.0,
7.0,
0.0,
0.0,
0.0,
0.0,
0.0,
0.0,
7.0,
10.0,
0.0,
4.0,
117.0,
245.0,
138.0,
10.0,
0.0,
0.0,
0.0,
0.0,
3.0,
40.0,
255.0,
255.0,
99.0,
7.0,
6.0,
0.0,
16.0,
0.0,
0.0,
0.0,
0.0,
0.0,
0.0,
0.0,
0.0,
8.0,
3.0,
0.0,
2.0,
28.0,
0.0,
0.0,
12.0,
7.0,
0.0,
0.0,
0.0,
203.0,
244.0,
230.0,
40.0,
0.0,
0.0,
0.0,
1.0,
0.0,
0.0,
0.0,
0.0,
0.0,
7.0,
1.0,
0.0,
0.0,
0.0,
3.0,
1.0,
0.0,
0.0,
14.0,
0.0,
0.0,
4.0,
4.0,
14.0,
234.0,
255.0,
202.0,
11.0,
2.0,
8.0,
2.0,
4.0,
5.0,
0.0,
0.0,
0.0,
0.0,
0.0,
3.0,
7.0,
3.0,
0.0,
3.0,
5.0,
5.0,
0.0,
6.0,
0.0,
5.0,
8.0,
14.0,
158.0,
255.0,
247.0,
119.0,
0.0,
4.0,
4.0,
1.0,
0.0,
1.0,
0.0,
0.0,
0.0,
0.0,
0.0,
0.0,
0.0,
2.0,
3.0,
0.0,
0.0,
0.0,
0.0,
0.0,
3.0,
8.0,
0.0,
54.0,
251.0,
255.0,
181.0,
16.0,
0.0,
0.0,
0.0,
0.0,
1.0,
0.0,
0.0,
0.0,
0.0,
0.0,
6.0,
0.0,
0.0,
0.0,
0.0,
0.0,
5.0,
17.0,
15.0,
6.0,
2.0,
0.0,
26.0,
154.0,
255.0,
241.0,
116.0,
0.0,
13.0,
4.0,
0.0,
0.0,
6.0,
0.0,
0.0,
0.0,
0.0,
0.0,
0.0,
0.0,
8.0,
10.0,
1.0,
0.0,
0.0,
0.0,
0.0,
0.0,
6.0,
2.0,
142.0,
239.0,
255.0,
225.0,
43.0,
0.0,
6.0,
0.0,
0.0,
0.0,
0.0,
0.0,
0.0,
0.0,
0.0,
0.0,
3.0,
3.0,
0.0,
0.0,
0.0,
6.0,
5.0,
0.0,
3.0,
0.0,
0.0,
29.0,
252.0,
239.0,
215.0,
53.0,
0.0,
12.0,
0.0,
0.0,
8.0,
0.0,
2.0,
8.0,
0.0,
0.0,
0.0,
0.0,
2.0,
0.0,
0.0,
1.0,
0.0,
0.0,
0.0,
0.0,
0.0,
0.0,
35.0,
234.0,
255.0,
204.0,
23.0,
0.0,
3.0,
2.0,
0.0,
1.0,
6.0,
0.0,
0.0,
4.0,
0.0,
14.0,
0.0,
0.0,
0.0,
0.0,
0.0,
3.0,
5.0,
3.0,
3.0,
5.0,
0.0,
28.0,
223.0,
242.0,
224.0,
160.0,
1.0,
3.0,
0.0,
0.0,
1.0,
12.0,
0.0,
0.0,
13.0,
0.0,
1.0,
6.0,
8.0,
8.0,
1.0,
0.0,
0.0,
1.0,
2.0,
0.0,
0.0,
0.0,
16.0,
131.0,
240.0,
255.0,
132.0,
0.0,
12.0,
0.0,
97.0,
81.0,
79.0,
86.0,
81.0,
135.0,
208.0,
202.0,
48.0,
0.0,
0.0,
0.0,
1.0,
0.0,
0.0,
1.0,
0.0,
0.0,
0.0,
4.0,
82.0,
255.0,
255.0,
244.0,
250.0,
237.0,
225.0,
234.0,
248.0,
255.0,
255.0,
255.0,
250.0,
246.0,
255.0,
237.0,
175.0,
18.0,
4.0,
3.0,
0.0,
0.0,
1.0,
3.0,
0.0,
1.0,
13.0,
27.0,
244.0,
242.0,
255.0,
237.0,
252.0,
255.0,
249.0,
255.0,
246.0,
255.0,
243.0,
246.0,
255.0,
242.0,
250.0,
255.0,
171.0,
15.0,
2.0,
3.0,
0.0,
0.0,
2.0,
1.0,
0.0,
0.0,
9.0,
23.0,
209.0,
255.0,
243.0,
255.0,
253.0,
252.0,
240.0,
165.0,
242.0,
250.0,
200.0,
170.0,
152.0,
88.0,
52.0,
64.0,
41.0,
0.0,
0.0,
0.0,
5.0,
1.0,
0.0,
0.0,
0.0,
0.0,
0.0,
3.0,
76.0,
137.0,
214.0,
255.0,
86.0,
38.0,
17.0,
10.0,
7.0,
23.0,
3.0,
3.0,
13.0,
0.0,
0.0,
2.0,
0.0,
2.0,
8.0,
10.0,
5.0,
0.0,
0.0,
0.0,
6.0,
5.0,
1.0,
0.0,
3.0,
0.0,
2.0,
0.0,
0.0,
6.0,
0.0,
0.0,
2.0,
8.0,
0.0,
0.0,
0.0,
0.0,
11.0,
0.0,
0.0,
13.0,
0.0,
0.0,
0.0,
0.0,
0.0,
0.0,
0.0,
0.0,
0.0,
0.0,
0.0,
0.0,
0.0,
0.0,
0.0,
0.0,
0.0,
0.0,
0.0,
0.0,
0.0,
0.0,
0.0,
0.0,
0.0,
0.0,
0.0,
0.0,
0.0,
0.0,
0.0,
0.0,
0.0,
0.0,
0.0,
0.0,
0.0,
0.0,
0.0,
0.0,
0.0,
0.0,
0.0,
0.0,
0.0,
0.0,
0.0,
0.0,
0.0,
0.0,
0.0,
0.0,
0.0,
0.0,
0.0,
0.0,
0.0,
0.0,
0.0,
0.0,
0.0,
0.0,
0.0,
0.0,
0.0,
0.0,
0.0,
0.0,
0.0,
0.0,
0.0,
0.0,
0.0,
0.0,
0.0,
0.0,
0.0,
0.0,
0.0,
0.0,
0.0,
0.0,
0.0,
0.0,
0.0,
0.0,
0.0,
0.0,
0.0,
0.0,
0.0,
0.0,
0.0,
0.0,
0.0,
0.0,
0.0,
0.0,
0.0,
0.0,
0.0,
0.0,
0.0,
0.0,
0.0,
0.0,
0.0,
0.0,
0.0,
0.0,
0.0,
0.0,
0.0,
0.0,
