0.0,
0.0,
0.0,
0.0,
0.0,
0.0,
0.0,
0.0,
0.0,
4.0,
0.0,
2.0,
2.0,
0.0,
0.0,
3.0,
8.0,
0.0,
0.0,
18.0,
0.0,
0.0,
16.0,
0.0,
0.0,
0.0,
0.0,
0.0,
0.0,
0.0,
0.0,
0.0,
0.0,
0.0,
0.0,
0.0,
7.0,
1.0,
0.0,
10.0,
0.0,
0.0,
14.0,
0.0,
3.0,
5.0,
14.0,
0.0,
5.0,
0.0,
0.0,
0.0,
0.0,
0.0,
0.0,
0.0,
0.0,
0.0,
0.0,
0.0,
0.0,
0.0,
0.0,
0.0,
0.0,
7.0,
11.0,
0.0,
3.0,
16.0,
0.0,
2.0,
7.0,
0.0,
0.0,
4.0,
16.0,
0.0,
0.0,
9.0,
0.0,
0.0,
0.0,
0.0,
0.0,
0.0,
0.0,
0.0,
0.0,
0.0,
0.0,
0.0,
23.0,
0.0,
0.0,
22.0,
42.0,
127.0,
237.0,
255.0,
161.0,
96.0,
0.0,
0.0,
0.0,
0.0,
16.0,
0.0,
0.0,
0.0,
0.0,
0.0,
0.0,
0.0,
0.0,
0.0,
0.0,
0.0,
0.0,
0.0,
0.0,
2.0,
12.0,
164.0,
255.0,
245.0,
255.0,
253.0,
249.0,
247.0,
125.0,
0.0,
0.0,
1.0,
1.0,
0.0,
0.0,
0.0,
0.0,
0.0,
0.0,
0.0,
0.0,
0.0,
0.0,
0.0,
0.0,
0.0,
2.0,
4.0,
164.0,
253.0,
246.0,
255.0,
244.0,
247.0,
242.0,
255.0,
255.0,
69.0,
3.0,
0.0,
0.0,
10.0,
0.0,
0.0,
0.0,
0.0,
0.0,
0.0,
0.0,
0.0,
0.0,
0.0,
0.0,
0.0,
0.0,
0.0,
201.0,
249.0,
252.0,
237.0,
67.0,
59.0,
223.0,
234.0,
254.0,
133.0,
1.0,
0.0,
3.0,
0.0,
0.0,
0.0,
0.0,
0.0,
0.0,
0.0,
0.0,
0.0,
0.0,
0.0,
0.0,
0.0,
0.0,
2.0,
159.0,
255.0,
175.0,
47.0,
0.0,
2.0,
76.0,
255.0,
250.0,
201.0,
7.0,
0.0,
5.0,
3.0,
0.0,
0.0,
0.0,
0.0,
0.0,
0.0,
0.0,
0.0,
0.0,
0.0,
0.0,
0.0,
0.0,
0.0,
0.0,
34.0,
26.0,
0.0,
7.0,
2.0,
0.0,
238.0,
255.0,
188.0,
2.0,
4.0,
0.0,
7.0,
0.0,
0.0,
0.0,
0.0,
0.0,
0.0,
0.0,
0.0,
0.0,
0.0,
0.0,
0.0,
8.0,
7.0,
14.0,
12.0,
0.0,
16.0,
0.0,
0.0,
11.0,
249.0,
233.0,
214.0,
5.0,
0.0,
2.0,
0.0,
0.0,
0.0,
0.0,
0.0,
0.0,
0.0,
0.0,
0.0,
0.0,
0.0,
0.0,
0.0,
0.0,
0.0,
5.0,
0.0,
1.0,
6.0,
0.0,
6.0,
3.0,
253.0,
255.0,
199.0,
0.0,
0.0,
14.0,
1.0,
0.0,
0.0,
0.0,
0.0,
0.0,
0.0,
0.0,
0.0,
0.0,
0.0,
0.0,
0.0,
7.0,
19.0,
0.0,
8.0,
2.0,
0.0,
1.0,
0.0,
112.0,
252.0,
248.0,
89.0,
3.0,
0.0,
3.0,
0.0,
0.0,
0.0,
0.0,
0.0,
0.0,
0.0,
0.0,
0.0,
0.0,
0.0,
0.0,
0.0,
0.0,
0.0,
0.0,
0.0,
23.0,
0.0,
9.0,
0.0,
207.0,
254.0,
177.0,
0.0,
9.0,
0.0,
2.0,
6.0,
0.0,
0.0,
0.0,
0.0,
0.0,
0.0,
0.0,
0.0,
0.0,
0.0,
0.0,
0.0,
15.0,
0.0,
0.0,
0.0,
6.0,
0.0,
0.0,
61.0,
220.0,
255.0,
117.0,
0.0,
0.0,
0.0,
5.0,
0.0,
0.0,
0.0,
0.0,
0.0,
0.0,
0.0,
0.0,
0.0,
0.0,
0.0,
0.0,
0.0,
0.0,
26.0,
0.0,
70.0,
2.0,
100.0,
80.0,
219.0,
255.0,
225.0,
49.0,
0.0,
1.0,
13.0,
0.0,
0.0,
0.0,
0.0,
0.0,
0.0,
0.0,
0.0,
0.0,
0.0,
0.0,
0.0,
0.0,
0.0,
87.0,
226.0,
255.0,
255.0,
250.0,
247.0,
255.0,
248.0,
250.0,
101.0,
0.0,
12.0,
2.0,
0.0,
5.0,
134.0,
0.0,
0.0,
0.0,
0.0,
5.0,
0.0,
9.0,
5.0,
0.0,
8.0,
12.0,
69.0,
248.0,
247.0,
246.0,
255.0,
248.0,
255.0,
249.0,
255.0,
244.0,
168.0,
54.0,
6.0,
0.0,
23.0,
179.0,
133.0,
0.0,
0.0,
0.0,
0.0,
0.0,
7.0,
0.0,
0.0,
20.0,
0.0,
62.0,
255.0,
250.0,
252.0,
138.0,
91.0,
166.0,
242.0,
255.0,
253.0,
255.0,
246.0,
225.0,
99.0,
152.0,
255.0,
243.0,
48.0,
0.0,
0.0,
0.0,
0.0,
6.0,
0.0,
0.0,
0.0,
0.0,
8.0,
166.0,
240.0,
234.0,
83.0,
0.0,
37.0,
195.0,
255.0,
247.0,
254.0,
250.0,
239.0,
242.0,
255.0,
255.0,
249.0,
102.0,
0.0,
0.0,
0.0,
0.0,
0.0,
4.0,
0.0,
4.0,
0.0,
2.0,
13.0,
219.0,
255.0,
255.0,
15.0,
125.0,
240.0,
255.0,
250.0,
115.0,
0.0,
42.0,
253.0,
255.0,
255.0,
214.0,
21.0,
14.0,
0.0,
0.0,
0.0,
0.0,
0.0,
0.0,
0.0,
6.0,
0.0,
4.0,
19.0,
228.0,
255.0,
239.0,
123.0,
232.0,
255.0,
250.0,
148.0,
0.0,
9.0,
0.0,
48.0,
191.0,
255.0,
82.0,
26.0,
0.0,
11.0,
0.0,
0.0,
0.0,
0.0,
0.0,
0.0,
3.0,
1.0,
0.0,
6.0,
161.0,
228.0,
255.0,
235.0,
255.0,
237.0,
120.0,
16.0,
0.0,
8.0,
5.0,
1.0,
1.0,
0.0,
0.0,
0.0,
2.0,
0.0,
0.0,
0.0,
0.0,
0.0,
0.0,
11.0,
0.0,
0.0,
15.0,
0.0,
30.0,
217.0,
240.0,
253.0,
184.0,
84.0,
0.0,
0.0,
11.0,
0.0,
0.0,
9.0,
0.0,
4.0,
0.0,
20.0,
0.0,
1.0,
0.0,
0.0,
0.0,
0.0,
0.0,
0.0,
5.0,
5.0,
0.0,
17.0,
0.0,
4.0,
6.0,
0.0,
0.0,
10.0,
0.0,
7.0,
0.0,
0.0,
0.0,
0.0,
0.0,
0.0,
4.0,
0.0,
0.0,
1.0,
0.0,
0.0,
0.0,
0.0,
0.0,
0.0,
0.0,
0.0,
0.0,
0.0,
0.0,
0.0,
0.0,
0.0,
0.0,
0.0,
0.0,
0.0,
0.0,
0.0,
0.0,
0.0,
0.0,
0.0,
0.0,
0.0,
0.0,
0.0,
0.0,
0.0,
0.0,
0.0,
0.0,
0.0,
0.0,
0.0,
0.0,
0.0,
0.0,
0.0,
0.0,
0.0,
0.0,
0.0,
0.0,
0.0,
0.0,
0.0,
0.0,
0.0,
0.0,
0.0,
0.0,
0.0,
0.0,
0.0,
0.0,
0.0,
0.0,
0.0,
0.0,
0.0,
0.0,
0.0,
0.0,
0.0,
0.0,
0.0,
0.0,
0.0,
0.0,
0.0,
0.0,
0.0,
0.0,
0.0,
0.0,
0.0,
0.0,
0.0,
0.0,
0.0,
0.0,
0.0,
0.0,
0.0,
0.0,
0.0,
0.0,
0.0,
0.0,
0.0,
0.0,
0.0,
0.0,
0.0,
0.0,
0.0,
0.0,
0.0,
0.0,
0.0,
0.0,
0.0,
0.0,
0.0,
0.0,
0.0,
0.0,
0.0,
0.0,
0.0,
0.0,
0.0,
0.0,
0.0,
