6.0,
0.0,
0.0,
0.0,
0.0,
3.0,
4.0,
0.0,
0.0,
0.0,
2.0,
0.0,
0.0,
6.0,
0.0,
0.0,
0.0,
0.0,
2.0,
1.0,
6.0,
4.0,
0.0,
3.0,
0.0,
0.0,
0.0,
0.0,
0.0,
0.0,
3.0,
12.0,
1.0,
0.0,
1.0,
11.0,
3.0,
0.0,
8.0,
0.0,
11.0,
0.0,
5.0,
3.0,
5.0,
8.0,
8.0,
0.0,
0.0,
0.0,
1.0,
7.0,
0.0,
0.0,
0.0,
0.0,
0.0,
16.0,
0.0,
0.0,
5.0,
14.0,
0.0,
0.0,
0.0,
8.0,
0.0,
17.0,
0.0,
0.0,
1.0,
6.0,
0.0,
0.0,
0.0,
0.0,
1.0,
8.0,
6.0,
0.0,
0.0,
0.0,
0.0,
0.0,
0.0,
0.0,
0.0,
4.0,
1.0,
0.0,
0.0,
10.0,
7.0,
2.0,
2.0,
0.0,
24.0,
0.0,
12.0,
0.0,
10.0,
5.0,
1.0,
4.0,
0.0,
0.0,
8.0,
0.0,
0.0,
0.0,
0.0,
0.0,
12.0,
0.0,
4.0,
15.0,
0.0,
3.0,
24.0,
0.0,
0.0,
2.0,
12.0,
0.0,
0.0,
0.0,
0.0,
5.0,
0.0,
0.0,
0.0,
10.0,
0.0,
0.0,
3.0,
8.0,
0.0,
0.0,
0.0,
0.0,
0.0,
6.0,
0.0,
0.0,
0.0,
0.0,
0.0,
23.0,
82.0,
195.0,
55.0,
249.0,
248.0,
255.0,
255.0,
145.0,
74.0,
55.0,
0.0,
0.0,
9.0,
0.0,
2.0,
0.0,
0.0,
0.0,
0.0,
0.0,
0.0,
4.0,
0.0,
11.0,
22.0,
0.0,
34.0,
190.0,
240.0,
255.0,
252.0,
255.0,
239.0,
255.0,
246.0,
242.0,
254.0,
202.0,
52.0,
0.0,
0.0,
0.0,
8.0,
0.0,
0.0,
0.0,
0.0,
0.0,
7.0,
0.0,
4.0,
0.0,
0.0,
114.0,
232.0,
251.0,
252.0,
252.0,
247.0,
255.0,
250.0,
255.0,
252.0,
255.0,
250.0,
241.0,
98.0,
4.0,
2.0,
0.0,
7.0,
1.0,
0.0,
0.0,
0.0,
0.0,
2.0,
0.0,
7.0,
13.0,
22.0,
182.0,
255.0,
248.0,
255.0,
215.0,
144.0,
139.0,
141.0,
135.0,
194.0,
244.0,
250.0,
246.0,
255.0,
84.0,
7.0,
6.0,
0.0,
0.0,
0.0,
0.0,
0.0,
0.0,
10.0,
0.0,
0.0,
0.0,
208.0,
255.0,
221.0,
171.0,
63.0,
53.0,
7.0,
4.0,
3.0,
8.0,
0.0,
71.0,
228.0,
255.0,
249.0,
169.0,
0.0,
10.0,
0.0,
6.0,
0.0,
0.0,
0.0,
0.0,
0.0,
6.0,
0.0,
6.0,
255.0,
193.0,
54.0,
3.0,
0.0,
9.0,
0.0,
0.0,
1.0,
12.0,
0.0,
18.0,
227.0,
236.0,
255.0,
207.0,
37.0,
0.0,
10.0,
0.0,
0.0,
0.0,
0.0,
0.0,
0.0,
5.0,
1.0,
0.0,
102.0,
58.0,
0.0,
0.0,
0.0,
6.0,
1.0,
0.0,
0.0,
0.0,
10.0,
0.0,
221.0,
240.0,
249.0,
216.0,
42.0,
5.0,
0.0,
0.0,
0.0,
0.0,
0.0,
0.0,
7.0,
0.0,
0.0,
0.0,
0.0,
6.0,
1.0,
16.0,
3.0,
2.0,
2.0,
3.0,
0.0,
0.0,
0.0,
37.0,
217.0,
255.0,
255.0,
131.0,
20.0,
0.0,
0.0,
8.0,
0.0,
0.0,
0.0,
0.0,
0.0,
0.0,
10.0,
0.0,
3.0,
0.0,
0.0,
0.0,
0.0,
0.0,
0.0,
5.0,
0.0,
7.0,
0.0,
151.0,
242.0,
255.0,
243.0,
9.0,
6.0,
0.0,
15.0,
0.0,
0.0,
0.0,
0.0,
0.0,
3.0,
3.0,
7.0,
0.0,
1.0,
5.0,
1.0,
15.0,
9.0,
0.0,
11.0,
2.0,
0.0,
0.0,
70.0,
209.0,
255.0,
247.0,
120.0,
0.0,
0.0,
18.0,
5.0,
0.0,
0.0,
0.0,
0.0,
0.0,
0.0,
0.0,
0.0,
10.0,
0.0,
10.0,
0.0,
0.0,
4.0,
0.0,
6.0,
0.0,
2.0,
8.0,
252.0,
255.0,
255.0,
201.0,
59.0,
5.0,
4.0,
0.0,
5.0,
1.0,
0.0,
0.0,
0.0,
0.0,
0.0,
0.0,
0.0,
0.0,
0.0,
0.0,
0.0,
0.0,
0.0,
0.0,
11.0,
0.0,
2.0,
104.0,
246.0,
255.0,
245.0,
150.0,
1.0,
0.0,
10.0,
0.0,
9.0,
6.0,
0.0,
0.0,
0.0,
0.0,
0.0,
0.0,
0.0,
0.0,
0.0,
0.0,
0.0,
0.0,
4.0,
0.0,
2.0,
9.0,
116.0,
241.0,
255.0,
229.0,
193.0,
24.0,
0.0,
8.0,
0.0,
0.0,
3.0,
0.0,
0.0,
0.0,
0.0,
0.0,
0.0,
0.0,
0.0,
0.0,
0.0,
0.0,
0.0,
0.0,
2.0,
8.0,
0.0,
117.0,
255.0,
239.0,
245.0,
255.0,
43.0,
0.0,
7.0,
11.0,
0.0,
9.0,
1.0,
10.0,
0.0,
0.0,
0.0,
0.0,
0.0,
0.0,
0.0,
0.0,
0.0,
0.0,
0.0,
0.0,
0.0,
68.0,
193.0,
236.0,
240.0,
255.0,
204.0,
73.0,
7.0,
11.0,
0.0,
0.0,
0.0,
0.0,
0.0,
0.0,
0.0,
0.0,
0.0,
0.0,
0.0,
0.0,
0.0,
0.0,
0.0,
0.0,
0.0,
0.0,
66.0,
247.0,
244.0,
245.0,
255.0,
240.0,
212.0,
66.0,
11.0,
0.0,
9.0,
0.0,
3.0,
0.0,
13.0,
3.0,
0.0,
0.0,
0.0,
0.0,
0.0,
0.0,
0.0,
0.0,
0.0,
0.0,
0.0,
0.0,
174.0,
251.0,
255.0,
255.0,
255.0,
245.0,
255.0,
252.0,
157.0,
140.0,
129.0,
20.0,
4.0,
6.0,
0.0,
0.0,
0.0,
0.0,
0.0,
0.0,
0.0,
0.0,
0.0,
0.0,
0.0,
0.0,
0.0,
0.0,
28.0,
215.0,
201.0,
239.0,
252.0,
233.0,
255.0,
245.0,
245.0,
255.0,
255.0,
188.0,
222.0,
216.0,
129.0,
12.0,
0.0,
0.0,
0.0,
0.0,
0.0,
0.0,
0.0,
0.0,
0.0,
0.0,
0.0,
0.0,
0.0,
6.0,
0.0,
125.0,
143.0,
148.0,
244.0,
253.0,
255.0,
238.0,
251.0,
255.0,
255.0,
243.0,
255.0,
76.0,
0.0,
0.0,
0.0,
0.0,
0.0,
0.0,
0.0,
0.0,
0.0,
0.0,
0.0,
0.0,
0.0,
1.0,
1.0,
0.0,
0.0,
15.0,
47.0,
73.0,
186.0,
168.0,
224.0,
255.0,
251.0,
246.0,
172.0,
19.0,
0.0,
0.0,
0.0,
0.0,
0.0,
0.0,
0.0,
0.0,
0.0,
0.0,
0.0,
0.0,
0.0,
2.0,
2.0,
0.0,
0.0,
0.0,
6.0,
13.0,
10.0,
0.0,
9.0,
7.0,
0.0,
4.0,
13.0,
0.0,
0.0,
0.0,
0.0,
0.0,
0.0,
0.0,
0.0,
0.0,
0.0,
0.0,
0.0,
0.0,
0.0,
0.0,
0.0,
2.0,
3.0,
0.0,
0.0,
0.0,
0.0,
0.0,
0.0,
0.0,
5.0,
0.0,
0.0,
15.0,
0.0,
0.0,
0.0,
0.0,
0.0,
0.0,
0.0,
0.0,
0.0,
0.0,
0.0,
0.0,
0.0,
0.0,
0.0,
1.0,
5.0,
7.0,
4.0,
1.0,
6.0,
8.0,
0.0,
3.0,
21.0,
7.0,
0.0,
0.0,
0.0,
0.0,
0.0,
0.0,
