0.0,
0.0,
0.0,
0.0,
0.0,
0.0,
0.0,
0.0,
0.0,
11.0,
0.0,
0.0,
0.0,
3.0,
0.0,
4.0,
0.0,
0.0,
0.0,
19.0,
0.0,
1.0,
2.0,
6.0,
0.0,
0.0,
0.0,
0.0,
0.0,
0.0,
0.0,
0.0,
0.0,
0.0,
0.0,
0.0,
0.0,
1.0,
0.0,
10.0,
0.0,
8.0,
5.0,
0.0,
0.0,
3.0,
0.0,
0.0,
2.0,
0.0,
0.0,
0.0,
0.0,
0.0,
0.0,
0.0,
0.0,
0.0,
0.0,
0.0,
0.0,
0.0,
0.0,
0.0,
3.0,
2.0,
0.0,
0.0,
0.0,
0.0,
0.0,
2.0,
1.0,
23.0,
0.0,
0.0,
6.0,
0.0,
0.0,
12.0,
0.0,
0.0,
0.0,
0.0,
0.0,
0.0,
0.0,
0.0,
0.0,
0.0,
0.0,
0.0,
0.0,
6.0,
6.0,
4.0,
2.0,
15.0,
58.0,
115.0,
151.0,
236.0,
210.0,
139.0,
28.0,
0.0,
0.0,
4.0,
0.0,
0.0,
0.0,
0.0,
0.0,
0.0,
0.0,
0.0,
0.0,
0.0,
0.0,
0.0,
6.0,
0.0,
5.0,
2.0,
0.0,
104.0,
238.0,
255.0,
255.0,
249.0,
255.0,
255.0,
156.0,
6.0,
0.0,
0.0,
0.0,
0.0,
0.0,
0.0,
0.0,
0.0,
0.0,
0.0,
0.0,
0.0,
0.0,
0.0,
0.0,
13.0,
0.0,
8.0,
160.0,
255.0,
255.0,
223.0,
127.0,
33.0,
131.0,
254.0,
255.0,
15.0,
10.0,
0.0,
0.0,
0.0,
0.0,
0.0,
0.0,
0.0,
0.0,
0.0,
0.0,
0.0,
0.0,
0.0,
6.0,
0.0,
114.0,
208.0,
243.0,
249.0,
186.0,
15.0,
0.0,
0.0,
134.0,
247.0,
241.0,
17.0,
14.0,
0.0,
0.0,
0.0,
0.0,
0.0,
0.0,
0.0,
0.0,
0.0,
0.0,
0.0,
0.0,
0.0,
3.0,
93.0,
231.0,
255.0,
189.0,
51.0,
3.0,
2.0,
3.0,
0.0,
90.0,
255.0,
251.0,
28.0,
0.0,
11.0,
0.0,
0.0,
0.0,
0.0,
0.0,
0.0,
0.0,
0.0,
0.0,
0.0,
0.0,
0.0,
8.0,
147.0,
236.0,
155.0,
57.0,
0.0,
0.0,
0.0,
0.0,
29.0,
205.0,
244.0,
216.0,
15.0,
0.0,
7.0,
0.0,
0.0,
0.0,
0.0,
0.0,
0.0,
0.0,
0.0,
0.0,
0.0,
0.0,
0.0,
0.0,
39.0,
55.0,
0.0,
0.0,
11.0,
1.0,
1.0,
13.0,
72.0,
255.0,
255.0,
119.0,
0.0,
3.0,
0.0,
0.0,
0.0,
0.0,
0.0,
0.0,
0.0,
0.0,
0.0,
0.0,
0.0,
0.0,
0.0,
1.0,
10.0,
12.0,
0.0,
3.0,
0.0,
1.0,
1.0,
0.0,
187.0,
255.0,
238.0,
22.0,
0.0,
8.0,
0.0,
0.0,
0.0,
0.0,
0.0,
0.0,
0.0,
0.0,
0.0,
0.0,
0.0,
0.0,
0.0,
0.0,
0.0,
0.0,
14.0,
2.0,
0.0,
26.0,
0.0,
36.0,
221.0,
239.0,
137.0,
0.0,
8.0,
0.0,
4.0,
0.0,
0.0,
0.0,
0.0,
0.0,
0.0,
0.0,
0.0,
0.0,
0.0,
0.0,
0.0,
1.0,
14.0,
4.0,
1.0,
0.0,
0.0,
5.0,
0.0,
229.0,
240.0,
255.0,
71.0,
12.0,
0.0,
0.0,
0.0,
0.0,
0.0,
0.0,
0.0,
0.0,
0.0,
0.0,
0.0,
0.0,
0.0,
0.0,
0.0,
2.0,
1.0,
5.0,
0.0,
4.0,
4.0,
0.0,
96.0,
234.0,
252.0,
136.0,
2.0,
0.0,
0.0,
8.0,
9.0,
0.0,
0.0,
0.0,
0.0,
0.0,
0.0,
0.0,
0.0,
0.0,
0.0,
0.0,
0.0,
2.0,
0.0,
4.0,
12.0,
0.0,
0.0,
46.0,
219.0,
255.0,
255.0,
58.0,
7.0,
0.0,
8.0,
0.0,
0.0,
0.0,
0.0,
0.0,
0.0,
0.0,
0.0,
0.0,
0.0,
0.0,
0.0,
0.0,
0.0,
70.0,
180.0,
234.0,
221.0,
43.0,
0.0,
148.0,
255.0,
254.0,
84.0,
17.0,
0.0,
0.0,
15.0,
0.0,
6.0,
0.0,
0.0,
0.0,
0.0,
6.0,
0.0,
1.0,
0.0,
5.0,
0.0,
7.0,
154.0,
255.0,
239.0,
214.0,
241.0,
197.0,
136.0,
252.0,
255.0,
210.0,
33.0,
3.0,
0.0,
0.0,
0.0,
0.0,
5.0,
0.0,
0.0,
0.0,
0.0,
0.0,
4.0,
11.0,
0.0,
7.0,
0.0,
128.0,
252.0,
240.0,
67.0,
32.0,
245.0,
238.0,
250.0,
255.0,
200.0,
27.0,
6.0,
0.0,
0.0,
18.0,
1.0,
0.0,
1.0,
0.0,
0.0,
0.0,
0.0,
3.0,
2.0,
0.0,
0.0,
12.0,
52.0,
224.0,
254.0,
147.0,
0.0,
16.0,
124.0,
255.0,
251.0,
253.0,
154.0,
4.0,
1.0,
5.0,
0.0,
0.0,
0.0,
1.0,
6.0,
0.0,
0.0,
0.0,
0.0,
0.0,
0.0,
9.0,
2.0,
0.0,
106.0,
237.0,
218.0,
5.0,
24.0,
102.0,
255.0,
238.0,
254.0,
251.0,
245.0,
194.0,
85.0,
76.0,
99.0,
141.0,
184.0,
55.0,
0.0,
0.0,
0.0,
0.0,
0.0,
0.0,
0.0,
3.0,
7.0,
0.0,
109.0,
255.0,
236.0,
143.0,
232.0,
255.0,
248.0,
240.0,
189.0,
242.0,
255.0,
248.0,
246.0,
255.0,
246.0,
233.0,
170.0,
3.0,
7.0,
0.0,
0.0,
0.0,
0.0,
8.0,
0.0,
0.0,
0.0,
18.0,
57.0,
255.0,
255.0,
241.0,
255.0,
255.0,
182.0,
33.0,
4.0,
98.0,
66.0,
193.0,
200.0,
140.0,
95.0,
55.0,
13.0,
0.0,
3.0,
0.0,
0.0,
0.0,
0.0,
0.0,
10.0,
4.0,
4.0,
7.0,
0.0,
145.0,
190.0,
212.0,
128.0,
32.0,
18.0,
0.0,
0.0,
6.0,
11.0,
0.0,
0.0,
0.0,
7.0,
3.0,
0.0,
28.0,
0.0,
0.0,
0.0,
0.0,
0.0,
0.0,
8.0,
0.0,
0.0,
0.0,
3.0,
0.0,
12.0,
0.0,
1.0,
6.0,
0.0,
6.0,
11.0,
0.0,
3.0,
2.0,
9.0,
6.0,
0.0,
11.0,
0.0,
0.0,
9.0,
0.0,
0.0,
0.0,
0.0,
0.0,
0.0,
0.0,
0.0,
0.0,
0.0,
0.0,
0.0,
0.0,
0.0,
0.0,
0.0,
0.0,
0.0,
0.0,
0.0,
0.0,
0.0,
0.0,
0.0,
0.0,
0.0,
0.0,
0.0,
0.0,
0.0,
0.0,
0.0,
0.0,
0.0,
0.0,
0.0,
0.0,
0.0,
0.0,
0.0,
0.0,
0.0,
0.0,
0.0,
0.0,
0.0,
0.0,
0.0,
0.0,
0.0,
0.0,
0.0,
0.0,
0.0,
0.0,
0.0,
0.0,
0.0,
0.0,
0.0,
0.0,
0.0,
0.0,
0.0,
0.0,
0.0,
0.0,
0.0,
0.0,
0.0,
0.0,
0.0,
0.0,
0.0,
0.0,
0.0,
0.0,
0.0,
0.0,
0.0,
0.0,
0.0,
0.0,
0.0,
0.0,
0.0,
0.0,
0.0,
0.0,
0.0,
0.0,
0.0,
0.0,
0.0,
0.0,
0.0,
0.0,
0.0,
0.0,
0.0,
0.0,
0.0,
0.0,
0.0,
0.0,
0.0,
0.0,
0.0,
0.0,
0.0,
0.0,
0.0,
0.0,
0.0,
0.0,
0.0,
