0.0,
0.0,
0.0,
5.0,
0.0,
0.0,
5.0,
0.0,
0.0,
0.0,
0.0,
0.0,
4.0,
0.0,
4.0,
6.0,
0.0,
0.0,
0.0,
0.0,
0.0,
0.0,
0.0,
11.0,
0.0,
0.0,
0.0,
0.0,
3.0,
1.0,
0.0,
5.0,
2.0,
2.0,
7.0,
1.0,
3.0,
9.0,
0.0,
15.0,
2.0,
0.0,
1.0,
0.0,
3.0,
2.0,
4.0,
6.0,
4.0,
0.0,
0.0,
0.0,
0.0,
0.0,
0.0,
0.0,
2.0,
0.0,
0.0,
0.0,
0.0,
3.0,
1.0,
0.0,
0.0,
0.0,
16.0,
2.0,
0.0,
0.0,
25.0,
0.0,
0.0,
0.0,
1.0,
0.0,
1.0,
3.0,
0.0,
0.0,
0.0,
0.0,
0.0,
0.0,
0.0,
0.0,
1.0,
0.0,
1.0,
3.0,
0.0,
0.0,
0.0,
16.0,
0.0,
6.0,
0.0,
18.0,
0.0,
7.0,
0.0,
1.0,
0.0,
0.0,
0.0,
1.0,
3.0,
0.0,
0.0,
0.0,
0.0,
0.0,
2.0,
0.0,
8.0,
0.0,
5.0,
5.0,
0.0,
20.0,
115.0,
255.0,
250.0,
245.0,
255.0,
53.0,
0.0,
3.0,
1.0,
5.0,
6.0,
1.0,
0.0,
0.0,
0.0,
0.0,
0.0,
0.0,
0.0,
0.0,
0.0,
0.0,
7.0,
0.0,
3.0,
1.0,
0.0,
52.0,
246.0,
252.0,
255.0,
255.0,
255.0,
253.0,
69.0,
9.0,
0.0,
0.0,
0.0,
3.0,
3.0,
0.0,
0.0,
0.0,
0.0,
0.0,
0.0,
0.0,
0.0,
0.0,
4.0,
0.0,
0.0,
0.0,
5.0,
93.0,
252.0,
255.0,
230.0,
247.0,
255.0,
247.0,
251.0,
61.0,
12.0,
0.0,
0.0,
0.0,
6.0,
0.0,
0.0,
2.0,
0.0,
0.0,
0.0,
0.0,
6.0,
0.0,
6.0,
0.0,
1.0,
0.0,
18.0,
126.0,
248.0,
254.0,
255.0,
252.0,
240.0,
255.0,
248.0,
242.0,
58.0,
21.0,
0.0,
0.0,
7.0,
0.0,
0.0,
2.0,
0.0,
0.0,
0.0,
0.0,
4.0,
0.0,
2.0,
6.0,
0.0,
0.0,
46.0,
120.0,
180.0,
250.0,
246.0,
255.0,
241.0,
255.0,
248.0,
255.0,
209.0,
0.0,
0.0,
0.0,
0.0,
1.0,
10.0,
0.0,
0.0,
0.0,
0.0,
0.0,
1.0,
0.0,
1.0,
7.0,
4.0,
0.0,
6.0,
21.0,
55.0,
107.0,
120.0,
203.0,
255.0,
243.0,
244.0,
255.0,
201.0,
0.0,
2.0,
3.0,
6.0,
0.0,
0.0,
6.0,
0.0,
0.0,
0.0,
0.0,
3.0,
3.0,
0.0,
0.0,
2.0,
8.0,
0.0,
0.0,
0.0,
6.0,
1.0,
47.0,
209.0,
247.0,
255.0,
255.0,
215.0,
1.0,
0.0,
0.0,
8.0,
6.0,
0.0,
9.0,
0.0,
0.0,
0.0,
0.0,
0.0,
5.0,
3.0,
0.0,
0.0,
5.0,
8.0,
2.0,
5.0,
0.0,
0.0,
2.0,
182.0,
255.0,
250.0,
255.0,
206.0,
0.0,
6.0,
0.0,
0.0,
11.0,
0.0,
1.0,
0.0,
0.0,
0.0,
0.0,
0.0,
0.0,
5.0,
5.0,
0.0,
0.0,
0.0,
3.0,
0.0,
0.0,
16.0,
117.0,
250.0,
255.0,
234.0,
255.0,
200.0,
0.0,
13.0,
9.0,
0.0,
0.0,
0.0,
1.0,
0.0,
0.0,
0.0,
0.0,
2.0,
0.0,
0.0,
2.0,
4.0,
0.0,
0.0,
2.0,
0.0,
0.0,
0.0,
166.0,
255.0,
244.0,
255.0,
255.0,
230.0,
2.0,
0.0,
5.0,
0.0,
0.0,
5.0,
3.0,
0.0,
0.0,
0.0,
0.0,
8.0,
0.0,
0.0,
0.0,
1.0,
4.0,
5.0,
7.0,
8.0,
0.0,
25.0,
174.0,
236.0,
246.0,
255.0,
250.0,
165.0,
12.0,
0.0,
0.0,
6.0,
0.0,
7.0,
0.0,
0.0,
0.0,
0.0,
0.0,
0.0,
1.0,
4.0,
3.0,
3.0,
3.0,
0.0,
0.0,
1.0,
0.0,
142.0,
252.0,
255.0,
255.0,
237.0,
236.0,
7.0,
0.0,
13.0,
0.0,
12.0,
0.0,
4.0,
0.0,
0.0,
0.0,
0.0,
0.0,
0.0,
0.0,
0.0,
0.0,
0.0,
0.0,
0.0,
0.0,
0.0,
37.0,
166.0,
255.0,
253.0,
243.0,
255.0,
229.0,
9.0,
0.0,
6.0,
0.0,
6.0,
0.0,
0.0,
3.0,
0.0,
0.0,
0.0,
0.0,
0.0,
0.0,
0.0,
0.0,
0.0,
0.0,
0.0,
0.0,
28.0,
167.0,
248.0,
255.0,
243.0,
255.0,
255.0,
237.0,
77.0,
76.0,
0.0,
6.0,
7.0,
0.0,
15.0,
0.0,
0.0,
0.0,
0.0,
0.0,
0.0,
0.0,
0.0,
0.0,
0.0,
0.0,
0.0,
0.0,
94.0,
255.0,
250.0,
235.0,
255.0,
252.0,
225.0,
253.0,
252.0,
218.0,
132.0,
118.0,
96.0,
117.0,
28.0,
2.0,
0.0,
0.0,
0.0,
0.0,
0.0,
0.0,
0.0,
0.0,
0.0,
0.0,
0.0,
0.0,
99.0,
251.0,
247.0,
255.0,
241.0,
255.0,
255.0,
255.0,
253.0,
241.0,
254.0,
255.0,
253.0,
255.0,
60.0,
5.0,
0.0,
0.0,
0.0,
0.0,
0.0,
0.0,
0.0,
0.0,
0.0,
0.0,
0.0,
0.0,
84.0,
251.0,
250.0,
255.0,
255.0,
253.0,
246.0,
243.0,
255.0,
255.0,
245.0,
248.0,
248.0,
246.0,
67.0,
0.0,
0.0,
0.0,
0.0,
0.0,
0.0,
0.0,
0.0,
0.0,
0.0,
0.0,
0.0,
0.0,
43.0,
70.0,
60.0,
182.0,
255.0,
255.0,
247.0,
255.0,
244.0,
255.0,
253.0,
255.0,
255.0,
255.0,
61.0,
3.0,
0.0,
0.0,
0.0,
0.0,
0.0,
0.0,
0.0,
0.0,
0.0,
0.0,
0.0,
0.0,
0.0,
0.0,
16.0,
20.0,
43.0,
215.0,
255.0,
58.0,
243.0,
255.0,
234.0,
255.0,
246.0,
255.0,
55.0,
4.0,
0.0,
0.0,
0.0,
0.0,
0.0,
0.0,
0.0,
0.0,
0.0,
0.0,
0.0,
0.0,
4.0,
1.0,
0.0,
0.0,
10.0,
19.0,
20.0,
3.0,
75.0,
185.0,
103.0,
253.0,
254.0,
238.0,
93.0,
0.0,
0.0,
0.0,
0.0,
0.0,
0.0,
0.0,
0.0,
0.0,
0.0,
0.0,
0.0,
0.0,
0.0,
0.0,
0.0,
0.0,
0.0,
0.0,
0.0,
0.0,
0.0,
0.0,
0.0,
0.0,
0.0,
0.0,
0.0,
0.0,
0.0,
0.0,
0.0,
0.0,
0.0,
0.0,
0.0,
0.0,
0.0,
0.0,
0.0,
0.0,
0.0,
0.0,
0.0,
0.0,
0.0,
0.0,
0.0,
0.0,
0.0,
0.0,
0.0,
0.0,
0.0,
0.0,
0.0,
0.0,
0.0,
0.0,
0.0,
0.0,
0.0,
0.0,
0.0,
0.0,
0.0,
0.0,
0.0,
0.0,
0.0,
0.0,
0.0,
0.0,
0.0,
0.0,
0.0,
0.0,
0.0,
0.0,
0.0,
0.0,
0.0,
0.0,
0.0,
0.0,
0.0,
0.0,
0.0,
0.0,
0.0,
0.0,
0.0,
0.0,
0.0,
0.0,
0.0,
0.0,
0.0,
0.0,
0.0,
0.0,
0.0,
0.0,
0.0,
0.0,
0.0,
0.0,
0.0,
0.0,
0.0,
0.0,
0.0,
0.0,
0.0,
0.0,
0.0,
0.0,
