0.0,
0.0,
0.0,
0.0,
0.0,
0.0,
0.0,
0.0,
3.0,
3.0,
0.0,
0.0,
0.0,
0.0,
14.0,
0.0,
1.0,
0.0,
3.0,
0.0,
8.0,
0.0,
1.0,
1.0,
0.0,
0.0,
0.0,
0.0,
0.0,
0.0,
0.0,
0.0,
0.0,
0.0,
0.0,
0.0,
0.0,
4.0,
12.0,
8.0,
0.0,
0.0,
4.0,
0.0,
0.0,
12.0,
4.0,
7.0,
0.0,
11.0,
0.0,
0.0,
0.0,
0.0,
0.0,
0.0,
0.0,
0.0,
0.0,
0.0,
0.0,
0.0,
0.0,
0.0,
19.0,
0.0,
0.0,
0.0,
4.0,
2.0,
0.0,
5.0,
7.0,
0.0,
0.0,
0.0,
0.0,
0.0,
4.0,
6.0,
0.0,
0.0,
0.0,
0.0,
0.0,
0.0,
0.0,
0.0,
0.0,
0.0,
0.0,
0.0,
0.0,
0.0,
8.0,
0.0,
0.0,
11.0,
0.0,
0.0,
5.0,
2.0,
0.0,
12.0,
0.0,
3.0,
0.0,
1.0,
0.0,
0.0,
0.0,
0.0,
0.0,
0.0,
0.0,
0.0,
0.0,
0.0,
0.0,
0.0,
20.0,
9.0,
0.0,
6.0,
0.0,
3.0,
0.0,
44.0,
0.0,
0.0,
15.0,
0.0,
3.0,
0.0,
10.0,
7.0,
0.0,
0.0,
0.0,
0.0,
0.0,
0.0,
0.0,
0.0,
0.0,
0.0,
0.0,
0.0,
0.0,
64.0,
136.0,
245.0,
255.0,
248.0,
235.0,
255.0,
255.0,
244.0,
241.0,
209.0,
168.0,
72.0,
13.0,
0.0,
0.0,
0.0,
0.0,
0.0,
0.0,
0.0,
0.0,
0.0,
0.0,
0.0,
0.0,
0.0,
6.0,
221.0,
255.0,
255.0,
168.0,
157.0,
159.0,
138.0,
141.0,
165.0,
146.0,
248.0,
227.0,
247.0,
92.0,
9.0,
0.0,
0.0,
0.0,
0.0,
0.0,
0.0,
0.0,
0.0,
0.0,
0.0,
0.0,
0.0,
0.0,
136.0,
108.0,
83.0,
5.0,
0.0,
7.0,
1.0,
0.0,
0.0,
6.0,
0.0,
161.0,
255.0,
198.0,
0.0,
0.0,
0.0,
0.0,
0.0,
0.0,
0.0,
0.0,
0.0,
2.0,
3.0,
0.0,
0.0,
0.0,
0.0,
4.0,
0.0,
0.0,
0.0,
8.0,
6.0,
0.0,
15.0,
0.0,
8.0,
110.0,
255.0,
247.0,
5.0,
0.0,
0.0,
0.0,
0.0,
4.0,
3.0,
0.0,
0.0,
0.0,
0.0,
4.0,
6.0,
5.0,
0.0,
0.0,
9.0,
17.0,
1.0,
0.0,
0.0,
0.0,
0.0,
5.0,
0.0,
103.0,
231.0,
255.0,
0.0,
0.0,
0.0,
0.0,
0.0,
0.0,
1.0,
4.0,
4.0,
1.0,
0.0,
0.0,
0.0,
0.0,
0.0,
0.0,
0.0,
0.0,
0.0,
0.0,
10.0,
1.0,
0.0,
0.0,
8.0,
103.0,
255.0,
250.0,
5.0,
0.0,
0.0,
0.0,
0.0,
0.0,
0.0,
1.0,
4.0,
4.0,
1.0,
0.0,
2.0,
0.0,
4.0,
11.0,
0.0,
0.0,
0.0,
1.0,
0.0,
0.0,
9.0,
0.0,
0.0,
104.0,
255.0,
150.0,
0.0,
0.0,
0.0,
0.0,
0.0,
5.0,
0.0,
0.0,
0.0,
0.0,
0.0,
4.0,
11.0,
8.0,
0.0,
2.0,
0.0,
11.0,
0.0,
10.0,
0.0,
0.0,
2.0,
9.0,
0.0,
187.0,
255.0,
96.0,
22.0,
0.0,
0.0,
0.0,
0.0,
3.0,
0.0,
0.0,
4.0,
1.0,
0.0,
0.0,
0.0,
5.0,
0.0,
2.0,
0.0,
8.0,
0.0,
0.0,
1.0,
3.0,
4.0,
0.0,
56.0,
255.0,
255.0,
31.0,
0.0,
0.0,
0.0,
0.0,
0.0,
0.0,
0.0,
5.0,
10.0,
4.0,
0.0,
4.0,
19.0,
0.0,
4.0,
0.0,
4.0,
0.0,
15.0,
5.0,
5.0,
4.0,
0.0,
0.0,
146.0,
244.0,
192.0,
10.0,
0.0,
0.0,
0.0,
0.0,
0.0,
0.0,
0.0,
0.0,
0.0,
0.0,
15.0,
57.0,
100.0,
154.0,
137.0,
46.0,
54.0,
89.0,
242.0,
255.0,
248.0,
176.0,
148.0,
150.0,
255.0,
224.0,
48.0,
0.0,
3.0,
0.0,
0.0,
0.0,
0.0,
0.0,
13.0,
0.0,
1.0,
75.0,
223.0,
243.0,
255.0,
252.0,
252.0,
249.0,
255.0,
248.0,
251.0,
243.0,
255.0,
246.0,
255.0,
251.0,
250.0,
146.0,
11.0,
0.0,
0.0,
0.0,
0.0,
0.0,
0.0,
5.0,
0.0,
2.0,
119.0,
255.0,
255.0,
190.0,
144.0,
60.0,
34.0,
80.0,
2.0,
0.0,
2.0,
15.0,
66.0,
192.0,
255.0,
234.0,
255.0,
250.0,
63.0,
0.0,
2.0,
0.0,
0.0,
0.0,
0.0,
0.0,
20.0,
0.0,
226.0,
238.0,
188.0,
15.0,
2.0,
0.0,
0.0,
22.0,
21.0,
0.0,
0.0,
53.0,
161.0,
255.0,
224.0,
141.0,
144.0,
112.0,
10.0,
0.0,
15.0,
0.0,
0.0,
0.0,
0.0,
0.0,
0.0,
1.0,
145.0,
253.0,
245.0,
164.0,
148.0,
155.0,
132.0,
151.0,
132.0,
154.0,
255.0,
240.0,
255.0,
219.0,
47.0,
0.0,
0.0,
0.0,
17.0,
13.0,
0.0,
0.0,
0.0,
0.0,
0.0,
3.0,
0.0,
16.0,
20.0,
193.0,
247.0,
255.0,
255.0,
247.0,
255.0,
252.0,
245.0,
255.0,
195.0,
154.0,
41.0,
13.0,
0.0,
9.0,
3.0,
0.0,
6.0,
0.0,
7.0,
0.0,
0.0,
0.0,
0.0,
0.0,
17.0,
7.0,
0.0,
0.0,
80.0,
73.0,
102.0,
109.0,
94.0,
106.0,
104.0,
66.0,
0.0,
0.0,
9.0,
0.0,
14.0,
0.0,
0.0,
10.0,
1.0,
1.0,
0.0,
0.0,
0.0,
0.0,
0.0,
0.0,
0.0,
0.0,
0.0,
0.0,
10.0,
7.0,
7.0,
0.0,
17.0,
0.0,
9.0,
0.0,
0.0,
6.0,
4.0,
0.0,
10.0,
0.0,
7.0,
0.0,
0.0,
18.0,
1.0,
0.0,
0.0,
0.0,
0.0,
5.0,
0.0,
0.0,
17.0,
10.0,
0.0,
11.0,
0.0,
11.0,
0.0,
8.0,
0.0,
11.0,
3.0,
0.0,
3.0,
3.0,
0.0,
0.0,
1.0,
3.0,
8.0,
0.0,
0.0,
0.0,
0.0,
0.0,
0.0,
0.0,
0.0,
0.0,
0.0,
0.0,
0.0,
0.0,
0.0,
0.0,
0.0,
0.0,
0.0,
0.0,
0.0,
0.0,
0.0,
0.0,
0.0,
0.0,
0.0,
0.0,
0.0,
0.0,
0.0,
0.0,
0.0,
0.0,
0.0,
0.0,
0.0,
0.0,
0.0,
0.0,
0.0,
0.0,
0.0,
0.0,
0.0,
0.0,
0.0,
0.0,
0.0,
0.0,
0.0,
0.0,
0.0,
0.0,
0.0,
0.0,
0.0,
0.0,
0.0,
0.0,
0.0,
0.0,
0.0,
0.0,
0.0,
0.0,
0.0,
0.0,
0.0,
0.0,
0.0,
0.0,
0.0,
0.0,
0.0,
0.0,
0.0,
0.0,
0.0,
0.0,
0.0,
0.0,
0.0,
0.0,
0.0,
0.0,
0.0,
0.0,
0.0,
0.0,
0.0,
0.0,
0.0,
0.0,
0.0,
0.0,
0.0,
0.0,
0.0,
0.0,
0.0,
0.0,
0.0,
0.0,
0.0,
0.0,
0.0,
0.0,
0.0,
0.0,
0.0,
0.0,
0.0,
0.0,
0.0,
0.0,
0.0,
0.0,
0.0,
