0.0,
3.0,
0.0,
0.0,
0.0,
0.0,
0.0,
2.0,
0.0,
18.0,
0.0,
0.0,
0.0,
0.0,
0.0,
5.0,
0.0,
0.0,
0.0,
14.0,
0.0,
0.0,
2.0,
0.0,
0.0,
0.0,
0.0,
0.0,
11.0,
3.0,
0.0,
0.0,
3.0,
4.0,
3.0,
3.0,
0.0,
0.0,
0.0,
0.0,
0.0,
21.0,
15.0,
0.0,
0.0,
0.0,
0.0,
0.0,
0.0,
4.0,
0.0,
2.0,
0.0,
0.0,
0.0,
0.0,
6.0,
0.0,
0.0,
5.0,
3.0,
1.0,
0.0,
0.0,
0.0,
8.0,
4.0,
2.0,
12.0,
0.0,
0.0,
14.0,
5.0,
14.0,
9.0,
0.0,
8.0,
5.0,
0.0,
0.0,
0.0,
0.0,
0.0,
0.0,
0.0,
0.0,
5.0,
4.0,
0.0,
1.0,
7.0,
0.0,
9.0,
0.0,
1.0,
0.0,
0.0,
3.0,
19.0,
0.0,
0.0,
0.0,
0.0,
0.0,
6.0,
0.0,
0.0,
3.0,
0.0,
0.0,
0.0,
0.0,
1.0,
5.0,
4.0,
0.0,
0.0,
7.0,
13.0,
4.0,
5.0,
1.0,
2.0,
29.0,
98.0,
130.0,
135.0,
194.0,
93.0,
30.0,
0.0,
3.0,
0.0,
0.0,
8.0,
0.0,
0.0,
0.0,
0.0,
0.0,
0.0,
6.0,
0.0,
0.0,
5.0,
0.0,
0.0,
0.0,
6.0,
39.0,
138.0,
234.0,
255.0,
255.0,
236.0,
255.0,
245.0,
145.0,
5.0,
9.0,
0.0,
0.0,
14.0,
0.0,
0.0,
0.0,
0.0,
0.0,
0.0,
3.0,
0.0,
2.0,
10.0,
0.0,
5.0,
74.0,
189.0,
255.0,
255.0,
251.0,
243.0,
255.0,
192.0,
242.0,
255.0,
207.0,
0.0,
0.0,
0.0,
0.0,
13.0,
0.0,
0.0,
0.0,
0.0,
0.0,
0.0,
8.0,
0.0,
0.0,
3.0,
0.0,
71.0,
227.0,
254.0,
255.0,
237.0,
233.0,
117.0,
39.0,
9.0,
196.0,
246.0,
251.0,
17.0,
3.0,
3.0,
0.0,
0.0,
0.0,
0.0,
0.0,
0.0,
0.0,
7.0,
0.0,
0.0,
3.0,
0.0,
15.0,
133.0,
255.0,
247.0,
239.0,
112.0,
21.0,
14.0,
0.0,
8.0,
193.0,
255.0,
237.0,
4.0,
11.0,
0.0,
9.0,
12.0,
0.0,
0.0,
0.0,
0.0,
0.0,
0.0,
0.0,
11.0,
6.0,
0.0,
5.0,
123.0,
250.0,
176.0,
82.0,
21.0,
0.0,
0.0,
12.0,
53.0,
241.0,
245.0,
255.0,
2.0,
0.0,
4.0,
0.0,
6.0,
0.0,
0.0,
0.0,
0.0,
0.0,
14.0,
0.0,
0.0,
0.0,
1.0,
0.0,
0.0,
11.0,
15.0,
0.0,
0.0,
11.0,
0.0,
0.0,
73.0,
255.0,
255.0,
241.0,
9.0,
0.0,
21.0,
0.0,
6.0,
6.0,
0.0,
0.0,
0.0,
0.0,
4.0,
0.0,
0.0,
8.0,
13.0,
7.0,
0.0,
0.0,
2.0,
11.0,
0.0,
0.0,
9.0,
11.0,
169.0,
255.0,
244.0,
86.0,
0.0,
0.0,
0.0,
3.0,
0.0,
0.0,
0.0,
0.0,
0.0,
0.0,
0.0,
5.0,
6.0,
0.0,
0.0,
0.0,
0.0,
4.0,
0.0,
0.0,
3.0,
16.0,
0.0,
65.0,
247.0,
244.0,
174.0,
0.0,
0.0,
0.0,
0.0,
14.0,
0.0,
0.0,
0.0,
0.0,
0.0,
0.0,
0.0,
0.0,
0.0,
0.0,
13.0,
17.0,
8.0,
0.0,
2.0,
0.0,
0.0,
0.0,
0.0,
144.0,
251.0,
255.0,
72.0,
0.0,
10.0,
0.0,
1.0,
8.0,
6.0,
6.0,
0.0,
0.0,
0.0,
0.0,
3.0,
2.0,
0.0,
0.0,
0.0,
0.0,
0.0,
0.0,
3.0,
7.0,
0.0,
7.0,
119.0,
255.0,
239.0,
155.0,
0.0,
11.0,
0.0,
0.0,
3.0,
0.0,
0.0,
0.0,
0.0,
0.0,
0.0,
0.0,
3.0,
0.0,
0.0,
2.0,
6.0,
5.0,
2.0,
1.0,
0.0,
0.0,
7.0,
0.0,
144.0,
249.0,
255.0,
58.0,
0.0,
2.0,
0.0,
3.0,
9.0,
0.0,
0.0,
4.0,
0.0,
0.0,
0.0,
0.0,
0.0,
0.0,
0.0,
0.0,
1.0,
4.0,
3.0,
1.0,
4.0,
0.0,
7.0,
72.0,
227.0,
255.0,
241.0,
23.0,
0.0,
2.0,
4.0,
0.0,
10.0,
23.0,
6.0,
9.0,
0.0,
0.0,
0.0,
0.0,
3.0,
1.0,
0.0,
0.0,
0.0,
0.0,
0.0,
0.0,
0.0,
11.0,
0.0,
173.0,
255.0,
248.0,
255.0,
120.0,
8.0,
0.0,
15.0,
0.0,
33.0,
255.0,
179.0,
0.0,
0.0,
0.0,
0.0,
0.0,
0.0,
0.0,
0.0,
1.0,
1.0,
0.0,
0.0,
1.0,
0.0,
12.0,
76.0,
255.0,
255.0,
251.0,
252.0,
255.0,
132.0,
0.0,
0.0,
1.0,
61.0,
244.0,
255.0,
28.0,
0.0,
0.0,
0.0,
0.0,
0.0,
0.0,
2.0,
7.0,
6.0,
1.0,
0.0,
0.0,
14.0,
43.0,
255.0,
231.0,
253.0,
250.0,
245.0,
255.0,
250.0,
176.0,
65.0,
113.0,
208.0,
255.0,
170.0,
20.0,
0.0,
0.0,
0.0,
0.0,
2.0,
0.0,
1.0,
4.0,
1.0,
0.0,
0.0,
0.0,
47.0,
200.0,
232.0,
255.0,
214.0,
83.0,
245.0,
255.0,
255.0,
245.0,
248.0,
255.0,
255.0,
235.0,
63.0,
0.0,
0.0,
0.0,
0.0,
0.0,
7.0,
0.0,
0.0,
0.0,
0.0,
0.0,
10.0,
24.0,
205.0,
255.0,
251.0,
208.0,
75.0,
0.0,
70.0,
220.0,
245.0,
255.0,
255.0,
243.0,
252.0,
130.0,
13.0,
6.0,
0.0,
0.0,
0.0,
0.0,
4.0,
0.0,
0.0,
1.0,
1.0,
3.0,
16.0,
33.0,
244.0,
255.0,
252.0,
17.0,
4.0,
0.0,
0.0,
33.0,
87.0,
158.0,
144.0,
169.0,
55.0,
19.0,
12.0,
0.0,
0.0,
0.0,
0.0,
0.0,
1.0,
0.0,
0.0,
4.0,
0.0,
0.0,
0.0,
8.0,
58.0,
180.0,
135.0,
16.0,
0.0,
11.0,
0.0,
9.0,
2.0,
0.0,
5.0,
2.0,
0.0,
0.0,
0.0,
6.0,
0.0,
0.0,
0.0,
0.0,
0.0,
0.0,
0.0,
0.0,
0.0,
0.0,
0.0,
0.0,
0.0,
0.0,
0.0,
0.0,
0.0,
0.0,
0.0,
0.0,
0.0,
0.0,
0.0,
0.0,
0.0,
0.0,
0.0,
0.0,
0.0,
0.0,
0.0,
0.0,
0.0,
0.0,
0.0,
0.0,
0.0,
0.0,
0.0,
0.0,
0.0,
0.0,
0.0,
0.0,
0.0,
0.0,
0.0,
0.0,
0.0,
0.0,
0.0,
0.0,
0.0,
0.0,
0.0,
0.0,
0.0,
0.0,
0.0,
0.0,
0.0,
0.0,
0.0,
0.0,
0.0,
0.0,
0.0,
0.0,
0.0,
0.0,
0.0,
0.0,
0.0,
0.0,
0.0,
0.0,
0.0,
0.0,
0.0,
0.0,
0.0,
0.0,
0.0,
0.0,
0.0,
0.0,
0.0,
0.0,
0.0,
0.0,
0.0,
0.0,
0.0,
0.0,
0.0,
0.0,
0.0,
0.0,
0.0,
0.0,
0.0,
0.0,
0.0,
0.0,
0.0,
0.0,
0.0,
0.0,
0.0,
0.0,
0.0,
0.0,
0.0,
0.0,
0.0,
0.0,
