0.0,
0.0,
0.0,
0.0,
0.0,
0.0,
0.0,
0.0,
0.0,
9.0,
2.0,
0.0,
0.0,
7.0,
2.0,
0.0,
6.0,
0.0,
1.0,
0.0,
0.0,
2.0,
0.0,
7.0,
0.0,
0.0,
0.0,
0.0,
0.0,
0.0,
0.0,
0.0,
0.0,
0.0,
0.0,
0.0,
0.0,
0.0,
0.0,
0.0,
3.0,
0.0,
0.0,
6.0,
0.0,
0.0,
6.0,
1.0,
3.0,
3.0,
0.0,
2.0,
0.0,
0.0,
0.0,
0.0,
0.0,
0.0,
0.0,
0.0,
0.0,
0.0,
0.0,
0.0,
5.0,
10.0,
20.0,
0.0,
2.0,
0.0,
8.0,
0.0,
10.0,
0.0,
0.0,
0.0,
1.0,
11.0,
0.0,
0.0,
0.0,
0.0,
0.0,
0.0,
0.0,
0.0,
0.0,
0.0,
0.0,
0.0,
0.0,
0.0,
6.0,
0.0,
113.0,
220.0,
255.0,
255.0,
188.0,
35.0,
4.0,
0.0,
1.0,
0.0,
0.0,
6.0,
0.0,
0.0,
0.0,
0.0,
0.0,
0.0,
0.0,
0.0,
0.0,
0.0,
0.0,
0.0,
0.0,
0.0,
5.0,
38.0,
249.0,
240.0,
169.0,
221.0,
255.0,
148.0,
0.0,
0.0,
11.0,
9.0,
0.0,
0.0,
0.0,
2.0,
0.0,
0.0,
0.0,
0.0,
0.0,
0.0,
0.0,
0.0,
0.0,
0.0,
0.0,
0.0,
31.0,
216.0,
90.0,
3.0,
3.0,
0.0,
195.0,
220.0,
55.0,
8.0,
1.0,
1.0,
0.0,
5.0,
2.0,
0.0,
0.0,
0.0,
0.0,
0.0,
0.0,
0.0,
0.0,
0.0,
0.0,
0.0,
0.0,
0.0,
5.0,
0.0,
0.0,
9.0,
0.0,
2.0,
121.0,
254.0,
96.0,
16.0,
0.0,
0.0,
0.0,
10.0,
5.0,
0.0,
0.0,
0.0,
0.0,
0.0,
0.0,
0.0,
0.0,
0.0,
0.0,
0.0,
0.0,
0.0,
0.0,
18.0,
0.0,
0.0,
4.0,
0.0,
75.0,
239.0,
47.0,
0.0,
0.0,
15.0,
0.0,
0.0,
0.0,
5.0,
0.0,
0.0,
0.0,
0.0,
0.0,
0.0,
0.0,
0.0,
0.0,
0.0,
0.0,
0.0,
0.0,
0.0,
0.0,
0.0,
5.0,
0.0,
7.0,
112.0,
178.0,
0.0,
2.0,
1.0,
0.0,
7.0,
0.0,
1.0,
0.0,
0.0,
0.0,
0.0,
0.0,
0.0,
0.0,
0.0,
0.0,
0.0,
0.0,
0.0,
3.0,
1.0,
7.0,
7.0,
1.0,
0.0,
26.0,
248.0,
209.0,
6.0,
0.0,
1.0,
2.0,
3.0,
0.0,
6.0,
0.0,
0.0,
0.0,
0.0,
0.0,
0.0,
0.0,
0.0,
0.0,
0.0,
0.0,
0.0,
4.0,
0.0,
0.0,
0.0,
3.0,
3.0,
8.0,
255.0,
187.0,
3.0,
0.0,
2.0,
3.0,
2.0,
0.0,
3.0,
0.0,
0.0,
0.0,
0.0,
0.0,
0.0,
0.0,
0.0,
0.0,
0.0,
0.0,
0.0,
7.0,
7.0,
7.0,
0.0,
0.0,
6.0,
50.0,
255.0,
118.0,
0.0,
5.0,
1.0,
0.0,
4.0,
0.0,
0.0,
0.0,
0.0,
0.0,
0.0,
0.0,
0.0,
0.0,
0.0,
0.0,
0.0,
0.0,
0.0,
0.0,
0.0,
0.0,
0.0,
6.0,
9.0,
111.0,
253.0,
98.0,
0.0,
7.0,
0.0,
0.0,
1.0,
0.0,
0.0,
0.0,
0.0,
0.0,
0.0,
0.0,
0.0,
0.0,
0.0,
0.0,
0.0,
0.0,
0.0,
11.0,
0.0,
8.0,
0.0,
3.0,
0.0,
121.0,
253.0,
122.0,
7.0,
0.0,
0.0,
1.0,
0.0,
0.0,
5.0,
0.0,
0.0,
0.0,
0.0,
0.0,
0.0,
0.0,
0.0,
0.0,
0.0,
0.0,
0.0,
0.0,
0.0,
3.0,
0.0,
8.0,
0.0,
112.0,
255.0,
97.0,
2.0,
0.0,
0.0,
2.0,
0.0,
1.0,
5.0,
0.0,
0.0,
0.0,
0.0,
0.0,
0.0,
0.0,
0.0,
0.0,
0.0,
0.0,
0.0,
11.0,
0.0,
9.0,
79.0,
207.0,
242.0,
205.0,
255.0,
32.0,
0.0,
6.0,
0.0,
0.0,
2.0,
7.0,
0.0,
0.0,
0.0,
0.0,
0.0,
0.0,
0.0,
0.0,
0.0,
0.0,
0.0,
0.0,
0.0,
1.0,
0.0,
9.0,
189.0,
152.0,
214.0,
251.0,
217.0,
0.0,
8.0,
9.0,
2.0,
0.0,
0.0,
8.0,
0.0,
5.0,
1.0,
0.0,
0.0,
0.0,
0.0,
0.0,
0.0,
0.0,
0.0,
0.0,
0.0,
9.0,
28.0,
96.0,
2.0,
0.0,
165.0,
235.0,
229.0,
57.0,
0.0,
0.0,
9.0,
0.0,
0.0,
16.0,
0.0,
0.0,
0.0,
5.0,
0.0,
0.0,
0.0,
0.0,
0.0,
0.0,
0.0,
0.0,
0.0,
0.0,
233.0,
172.0,
0.0,
39.0,
180.0,
255.0,
254.0,
200.0,
12.0,
0.0,
4.0,
8.0,
12.0,
0.0,
14.0,
12.0,
1.0,
3.0,
1.0,
0.0,
0.0,
0.0,
0.0,
0.0,
0.0,
0.0,
0.0,
35.0,
253.0,
70.0,
10.0,
150.0,
255.0,
169.0,
86.0,
233.0,
160.0,
13.0,
1.0,
0.0,
7.0,
56.0,
87.0,
65.0,
5.0,
0.0,
6.0,
0.0,
0.0,
0.0,
0.0,
0.0,
0.0,
0.0,
0.0,
25.0,
255.0,
70.0,
89.0,
242.0,
186.0,
20.0,
0.0,
129.0,
255.0,
245.0,
253.0,
214.0,
251.0,
240.0,
199.0,
65.0,
5.0,
0.0,
6.0,
0.0,
0.0,
0.0,
0.0,
0.0,
0.0,
0.0,
0.0,
28.0,
235.0,
230.0,
228.0,
255.0,
65.0,
0.0,
4.0,
0.0,
58.0,
133.0,
114.0,
31.0,
104.0,
18.0,
0.0,
12.0,
1.0,
3.0,
1.0,
0.0,
0.0,
0.0,
0.0,
0.0,
0.0,
0.0,
0.0,
0.0,
47.0,
255.0,
219.0,
68.0,
0.0,
0.0,
13.0,
5.0,
3.0,
0.0,
17.0,
0.0,
1.0,
5.0,
0.0,
0.0,
0.0,
5.0,
0.0,
0.0,
0.0,
0.0,
0.0,
0.0,
0.0,
0.0,
0.0,
4.0,
6.0,
0.0,
8.0,
0.0,
19.0,
0.0,
0.0,
0.0,
16.0,
0.0,
0.0,
12.0,
0.0,
0.0,
10.0,
5.0,
1.0,
0.0,
0.0,
0.0,
0.0,
0.0,
0.0,
0.0,
0.0,
0.0,
0.0,
0.0,
0.0,
0.0,
0.0,
0.0,
0.0,
0.0,
0.0,
0.0,
0.0,
0.0,
0.0,
0.0,
0.0,
0.0,
0.0,
0.0,
0.0,
0.0,
0.0,
0.0,
0.0,
0.0,
0.0,
0.0,
0.0,
0.0,
0.0,
0.0,
0.0,
0.0,
0.0,
0.0,
0.0,
0.0,
0.0,
0.0,
0.0,
0.0,
0.0,
0.0,
0.0,
0.0,
0.0,
0.0,
0.0,
0.0,
0.0,
0.0,
0.0,
0.0,
0.0,
0.0,
0.0,
0.0,
0.0,
0.0,
0.0,
0.0,
0.0,
0.0,
0.0,
0.0,
0.0,
0.0,
0.0,
0.0,
0.0,
0.0,
0.0,
0.0,
0.0,
0.0,
0.0,
0.0,
0.0,
0.0,
0.0,
0.0,
0.0,
0.0,
0.0,
0.0,
0.0,
0.0,
0.0,
0.0,
0.0,
0.0,
0.0,
0.0,
0.0,
0.0,
0.0,
0.0,
0.0,
0.0,
0.0,
0.0,
0.0,
0.0,
0.0,
0.0,
0.0,
