0.0,
0.0,
0.0,
0.0,
0.0,
0.0,
0.0,
0.0,
8.0,
0.0,
0.0,
0.0,
5.0,
1.0,
0.0,
11.0,
4.0,
4.0,
11.0,
0.0,
21.0,
0.0,
0.0,
4.0,
0.0,
0.0,
0.0,
0.0,
0.0,
0.0,
0.0,
0.0,
0.0,
0.0,
0.0,
0.0,
0.0,
14.0,
19.0,
0.0,
0.0,
0.0,
0.0,
0.0,
0.0,
0.0,
0.0,
0.0,
7.0,
2.0,
10.0,
0.0,
0.0,
0.0,
0.0,
0.0,
0.0,
0.0,
0.0,
0.0,
0.0,
0.0,
0.0,
0.0,
6.0,
0.0,
0.0,
2.0,
0.0,
3.0,
15.0,
5.0,
1.0,
14.0,
0.0,
10.0,
0.0,
0.0,
12.0,
3.0,
0.0,
0.0,
0.0,
0.0,
0.0,
0.0,
0.0,
0.0,
0.0,
0.0,
0.0,
0.0,
8.0,
5.0,
1.0,
10.0,
4.0,
0.0,
0.0,
0.0,
0.0,
8.0,
0.0,
3.0,
6.0,
0.0,
1.0,
0.0,
0.0,
0.0,
0.0,
0.0,
0.0,
0.0,
0.0,
0.0,
0.0,
0.0,
0.0,
0.0,
0.0,
2.0,
90.0,
120.0,
54.0,
131.0,
248.0,
188.0,
124.0,
112.0,
31.0,
0.0,
6.0,
3.0,
4.0,
0.0,
0.0,
0.0,
0.0,
0.0,
0.0,
0.0,
0.0,
0.0,
0.0,
0.0,
0.0,
0.0,
100.0,
226.0,
255.0,
247.0,
255.0,
252.0,
253.0,
247.0,
255.0,
255.0,
176.0,
36.0,
0.0,
0.0,
4.0,
2.0,
0.0,
0.0,
0.0,
0.0,
0.0,
0.0,
0.0,
0.0,
0.0,
0.0,
0.0,
0.0,
159.0,
255.0,
246.0,
224.0,
255.0,
255.0,
251.0,
255.0,
239.0,
255.0,
255.0,
137.0,
5.0,
0.0,
0.0,
0.0,
0.0,
0.0,
0.0,
0.0,
0.0,
0.0,
0.0,
0.0,
0.0,
0.0,
0.0,
0.0,
100.0,
238.0,
255.0,
254.0,
249.0,
255.0,
243.0,
167.0,
255.0,
241.0,
253.0,
176.0,
2.0,
6.0,
0.0,
8.0,
0.0,
0.0,
0.0,
0.0,
0.0,
0.0,
0.0,
0.0,
0.0,
0.0,
0.0,
0.0,
84.0,
251.0,
255.0,
255.0,
197.0,
103.0,
60.0,
0.0,
185.0,
236.0,
255.0,
239.0,
36.0,
9.0,
0.0,
11.0,
0.0,
0.0,
0.0,
0.0,
0.0,
0.0,
0.0,
0.0,
0.0,
0.0,
0.0,
0.0,
33.0,
81.0,
163.0,
155.0,
38.0,
0.0,
0.0,
60.0,
255.0,
252.0,
243.0,
229.0,
47.0,
1.0,
6.0,
0.0,
0.0,
0.0,
0.0,
0.0,
0.0,
0.0,
0.0,
0.0,
0.0,
0.0,
0.0,
0.0,
0.0,
0.0,
0.0,
0.0,
0.0,
7.0,
17.0,
248.0,
237.0,
255.0,
255.0,
171.0,
4.0,
0.0,
5.0,
7.0,
0.0,
0.0,
0.0,
0.0,
0.0,
0.0,
0.0,
0.0,
0.0,
0.0,
0.0,
0.0,
8.0,
0.0,
20.0,
0.0,
3.0,
0.0,
106.0,
252.0,
255.0,
255.0,
255.0,
162.0,
0.0,
14.0,
0.0,
0.0,
0.0,
0.0,
0.0,
0.0,
0.0,
0.0,
0.0,
0.0,
0.0,
0.0,
0.0,
0.0,
0.0,
4.0,
0.0,
0.0,
15.0,
103.0,
207.0,
243.0,
249.0,
249.0,
219.0,
185.0,
0.0,
0.0,
2.0,
11.0,
0.0,
0.0,
0.0,
0.0,
0.0,
0.0,
0.0,
0.0,
0.0,
0.0,
0.0,
0.0,
7.0,
4.0,
7.0,
15.0,
23.0,
182.0,
255.0,
255.0,
254.0,
248.0,
44.0,
54.0,
15.0,
9.0,
1.0,
0.0,
0.0,
0.0,
0.0,
0.0,
0.0,
0.0,
0.0,
0.0,
0.0,
0.0,
0.0,
0.0,
0.0,
0.0,
12.0,
5.0,
222.0,
245.0,
253.0,
245.0,
252.0,
223.0,
2.0,
0.0,
0.0,
0.0,
0.0,
9.0,
0.0,
0.0,
0.0,
0.0,
0.0,
0.0,
0.0,
0.0,
0.0,
0.0,
0.0,
0.0,
0.0,
11.0,
16.0,
145.0,
250.0,
254.0,
243.0,
255.0,
253.0,
80.0,
0.0,
25.0,
0.0,
9.0,
1.0,
3.0,
0.0,
0.0,
0.0,
0.0,
1.0,
1.0,
0.0,
2.0,
0.0,
0.0,
6.0,
0.0,
0.0,
11.0,
182.0,
247.0,
252.0,
254.0,
252.0,
255.0,
81.0,
0.0,
5.0,
0.0,
1.0,
10.0,
0.0,
0.0,
0.0,
0.0,
0.0,
0.0,
0.0,
0.0,
1.0,
1.0,
4.0,
6.0,
0.0,
0.0,
39.0,
115.0,
255.0,
254.0,
254.0,
255.0,
238.0,
254.0,
26.0,
2.0,
5.0,
1.0,
0.0,
0.0,
3.0,
4.0,
0.0,
0.0,
0.0,
0.0,
0.0,
0.0,
6.0,
0.0,
1.0,
5.0,
0.0,
14.0,
135.0,
246.0,
253.0,
252.0,
242.0,
248.0,
251.0,
40.0,
0.0,
6.0,
0.0,
8.0,
7.0,
0.0,
9.0,
0.0,
0.0,
0.0,
0.0,
0.0,
6.0,
0.0,
7.0,
0.0,
0.0,
0.0,
0.0,
67.0,
246.0,
245.0,
248.0,
255.0,
244.0,
255.0,
255.0,
123.0,
70.0,
43.0,
55.0,
168.0,
176.0,
87.0,
31.0,
0.0,
0.0,
0.0,
0.0,
0.0,
4.0,
0.0,
7.0,
0.0,
2.0,
0.0,
10.0,
112.0,
255.0,
253.0,
249.0,
255.0,
255.0,
248.0,
236.0,
248.0,
252.0,
255.0,
251.0,
251.0,
248.0,
250.0,
176.0,
10.0,
0.0,
0.0,
0.0,
0.0,
1.0,
0.0,
6.0,
7.0,
3.0,
0.0,
3.0,
82.0,
239.0,
255.0,
248.0,
251.0,
247.0,
253.0,
254.0,
255.0,
251.0,
244.0,
253.0,
255.0,
255.0,
245.0,
206.0,
79.0,
0.0,
0.0,
0.0,
0.0,
3.0,
0.0,
1.0,
4.0,
0.0,
0.0,
0.0,
16.0,
99.0,
86.0,
216.0,
255.0,
238.0,
241.0,
164.0,
243.0,
236.0,
255.0,
249.0,
233.0,
255.0,
232.0,
255.0,
223.0,
0.0,
0.0,
0.0,
0.0,
3.0,
2.0,
0.0,
0.0,
0.0,
7.0,
10.0,
0.0,
0.0,
12.0,
0.0,
0.0,
17.0,
44.0,
17.0,
119.0,
193.0,
249.0,
193.0,
175.0,
201.0,
64.0,
114.0,
101.0,
0.0,
0.0,
0.0,
0.0,
0.0,
0.0,
0.0,
0.0,
0.0,
0.0,
0.0,
0.0,
0.0,
0.0,
0.0,
0.0,
0.0,
0.0,
0.0,
0.0,
0.0,
0.0,
0.0,
0.0,
0.0,
0.0,
0.0,
0.0,
0.0,
0.0,
0.0,
0.0,
0.0,
0.0,
0.0,
0.0,
0.0,
0.0,
0.0,
0.0,
0.0,
0.0,
0.0,
0.0,
0.0,
0.0,
0.0,
0.0,
0.0,
0.0,
0.0,
0.0,
0.0,
0.0,
0.0,
0.0,
0.0,
0.0,
0.0,
0.0,
0.0,
0.0,
0.0,
0.0,
0.0,
0.0,
0.0,
0.0,
0.0,
0.0,
0.0,
0.0,
0.0,
0.0,
0.0,
0.0,
0.0,
0.0,
0.0,
0.0,
0.0,
0.0,
0.0,
0.0,
0.0,
0.0,
0.0,
0.0,
0.0,
0.0,
0.0,
0.0,
0.0,
0.0,
0.0,
0.0,
0.0,
0.0,
0.0,
0.0,
0.0,
0.0,
0.0,
0.0,
0.0,
0.0,
0.0,
0.0,
0.0,
0.0,
0.0,
0.0,
0.0,
0.0,
0.0,
0.0,
