0.0,
0.0,
0.0,
0.0,
0.0,
0.0,
0.0,
0.0,
2.0,
0.0,
6.0,
0.0,
3.0,
0.0,
0.0,
3.0,
0.0,
0.0,
4.0,
7.0,
0.0,
6.0,
0.0,
0.0,
0.0,
0.0,
0.0,
0.0,
0.0,
0.0,
0.0,
0.0,
0.0,
0.0,
0.0,
0.0,
1.0,
0.0,
0.0,
0.0,
4.0,
6.0,
9.0,
0.0,
8.0,
0.0,
0.0,
4.0,
0.0,
0.0,
0.0,
7.0,
0.0,
0.0,
0.0,
0.0,
0.0,
0.0,
0.0,
0.0,
0.0,
0.0,
0.0,
0.0,
7.0,
0.0,
0.0,
0.0,
0.0,
3.0,
2.0,
0.0,
0.0,
9.0,
1.0,
0.0,
4.0,
0.0,
2.0,
0.0,
0.0,
0.0,
0.0,
0.0,
0.0,
0.0,
0.0,
0.0,
0.0,
0.0,
0.0,
0.0,
0.0,
0.0,
6.0,
13.0,
0.0,
0.0,
0.0,
7.0,
0.0,
5.0,
1.0,
0.0,
11.0,
0.0,
0.0,
1.0,
0.0,
0.0,
0.0,
0.0,
0.0,
0.0,
0.0,
0.0,
0.0,
0.0,
0.0,
0.0,
10.0,
0.0,
0.0,
0.0,
0.0,
0.0,
8.0,
41.0,
246.0,
251.0,
250.0,
241.0,
213.0,
111.0,
5.0,
0.0,
0.0,
0.0,
0.0,
0.0,
0.0,
0.0,
0.0,
0.0,
0.0,
0.0,
0.0,
0.0,
0.0,
8.0,
17.0,
0.0,
19.0,
26.0,
115.0,
226.0,
244.0,
255.0,
255.0,
255.0,
255.0,
211.0,
42.0,
7.0,
0.0,
0.0,
0.0,
0.0,
0.0,
0.0,
0.0,
0.0,
0.0,
0.0,
0.0,
0.0,
10.0,
0.0,
0.0,
0.0,
166.0,
215.0,
246.0,
255.0,
255.0,
218.0,
181.0,
182.0,
233.0,
246.0,
36.0,
2.0,
0.0,
0.0,
0.0,
0.0,
0.0,
0.0,
0.0,
0.0,
0.0,
0.0,
0.0,
0.0,
0.0,
4.0,
10.0,
39.0,
241.0,
251.0,
200.0,
150.0,
114.0,
19.0,
17.0,
143.0,
255.0,
255.0,
6.0,
3.0,
0.0,
0.0,
0.0,
0.0,
0.0,
3.0,
6.0,
1.0,
0.0,
2.0,
2.0,
0.0,
0.0,
14.0,
0.0,
13.0,
13.0,
120.0,
25.0,
0.0,
1.0,
0.0,
8.0,
107.0,
248.0,
255.0,
77.0,
0.0,
0.0,
0.0,
0.0,
0.0,
0.0,
4.0,
3.0,
0.0,
0.0,
0.0,
0.0,
0.0,
11.0,
0.0,
0.0,
13.0,
0.0,
14.0,
0.0,
11.0,
4.0,
0.0,
26.0,
249.0,
255.0,
197.0,
8.0,
6.0,
0.0,
0.0,
0.0,
0.0,
2.0,
3.0,
0.0,
0.0,
0.0,
1.0,
1.0,
0.0,
0.0,
0.0,
3.0,
0.0,
0.0,
13.0,
7.0,
0.0,
2.0,
6.0,
176.0,
255.0,
220.0,
127.0,
6.0,
0.0,
0.0,
0.0,
0.0,
0.0,
1.0,
0.0,
0.0,
0.0,
2.0,
5.0,
4.0,
2.0,
0.0,
0.0,
5.0,
3.0,
0.0,
0.0,
15.0,
14.0,
0.0,
31.0,
244.0,
242.0,
191.0,
6.0,
0.0,
0.0,
0.0,
0.0,
0.0,
0.0,
0.0,
0.0,
0.0,
2.0,
4.0,
2.0,
0.0,
0.0,
0.0,
0.0,
0.0,
12.0,
2.0,
0.0,
0.0,
0.0,
6.0,
143.0,
255.0,
255.0,
186.0,
0.0,
5.0,
0.0,
0.0,
0.0,
0.0,
0.0,
0.0,
0.0,
1.0,
3.0,
0.0,
0.0,
0.0,
0.0,
5.0,
6.0,
0.0,
0.0,
2.0,
15.0,
0.0,
5.0,
144.0,
247.0,
255.0,
83.0,
17.0,
0.0,
0.0,
12.0,
0.0,
0.0,
0.0,
0.0,
0.0,
0.0,
2.0,
3.0,
0.0,
0.0,
1.0,
11.0,
0.0,
0.0,
11.0,
15.0,
0.0,
0.0,
9.0,
134.0,
248.0,
250.0,
216.0,
10.0,
4.0,
9.0,
0.0,
5.0,
0.0,
0.0,
0.0,
0.0,
0.0,
0.0,
2.0,
3.0,
0.0,
0.0,
12.0,
29.0,
46.0,
126.0,
192.0,
161.0,
163.0,
170.0,
172.0,
255.0,
252.0,
255.0,
101.0,
0.0,
2.0,
0.0,
24.0,
0.0,
0.0,
0.0,
0.0,
0.0,
0.0,
1.0,
2.0,
8.0,
0.0,
3.0,
102.0,
246.0,
248.0,
255.0,
255.0,
238.0,
255.0,
248.0,
255.0,
246.0,
255.0,
244.0,
0.0,
4.0,
0.0,
0.0,
11.0,
0.0,
0.0,
0.0,
0.0,
0.0,
0.0,
18.0,
0.0,
0.0,
94.0,
197.0,
244.0,
255.0,
255.0,
239.0,
108.0,
58.0,
214.0,
255.0,
246.0,
255.0,
252.0,
246.0,
104.0,
0.0,
15.0,
5.0,
2.0,
0.0,
0.0,
0.0,
0.0,
0.0,
0.0,
0.0,
2.0,
11.0,
147.0,
255.0,
255.0,
146.0,
118.0,
56.0,
132.0,
233.0,
255.0,
245.0,
182.0,
44.0,
217.0,
255.0,
211.0,
0.0,
0.0,
0.0,
0.0,
7.0,
0.0,
0.0,
0.0,
0.0,
0.0,
5.0,
0.0,
38.0,
252.0,
247.0,
114.0,
20.0,
150.0,
218.0,
242.0,
245.0,
248.0,
120.0,
0.0,
13.0,
125.0,
255.0,
255.0,
91.0,
11.0,
7.0,
5.0,
0.0,
0.0,
0.0,
0.0,
0.0,
17.0,
0.0,
8.0,
83.0,
255.0,
255.0,
244.0,
255.0,
252.0,
244.0,
255.0,
177.0,
32.0,
0.0,
0.0,
0.0,
90.0,
230.0,
255.0,
137.0,
0.0,
0.0,
6.0,
2.0,
0.0,
0.0,
0.0,
0.0,
0.0,
12.0,
0.0,
51.0,
249.0,
255.0,
233.0,
255.0,
168.0,
114.0,
38.0,
0.0,
1.0,
24.0,
0.0,
17.0,
225.0,
243.0,
243.0,
94.0,
1.0,
18.0,
0.0,
0.0,
0.0,
0.0,
0.0,
0.0,
1.0,
6.0,
7.0,
8.0,
39.0,
48.0,
46.0,
41.0,
15.0,
0.0,
1.0,
7.0,
0.0,
0.0,
0.0,
79.0,
244.0,
255.0,
241.0,
98.0,
9.0,
0.0,
0.0,
20.0,
0.0,
0.0,
0.0,
0.0,
7.0,
0.0,
0.0,
7.0,
0.0,
1.0,
5.0,
0.0,
0.0,
0.0,
2.0,
0.0,
0.0,
5.0,
0.0,
92.0,
231.0,
249.0,
71.0,
5.0,
5.0,
0.0,
6.0,
0.0,
0.0,
0.0,
0.0,
0.0,
0.0,
0.0,
0.0,
0.0,
0.0,
0.0,
0.0,
0.0,
0.0,
0.0,
0.0,
0.0,
0.0,
0.0,
0.0,
0.0,
0.0,
0.0,
0.0,
0.0,
0.0,
0.0,
0.0,
0.0,
0.0,
0.0,
0.0,
0.0,
0.0,
0.0,
0.0,
0.0,
0.0,
0.0,
0.0,
0.0,
0.0,
0.0,
0.0,
0.0,
0.0,
0.0,
0.0,
0.0,
0.0,
0.0,
0.0,
0.0,
0.0,
0.0,
0.0,
0.0,
0.0,
0.0,
0.0,
0.0,
0.0,
0.0,
0.0,
0.0,
0.0,
0.0,
0.0,
0.0,
0.0,
0.0,
0.0,
0.0,
0.0,
0.0,
0.0,
0.0,
0.0,
0.0,
0.0,
0.0,
0.0,
0.0,
0.0,
0.0,
0.0,
0.0,
0.0,
0.0,
0.0,
0.0,
0.0,
0.0,
0.0,
0.0,
0.0,
0.0,
0.0,
0.0,
0.0,
0.0,
0.0,
0.0,
0.0,
0.0,
0.0,
0.0,
0.0,
0.0,
0.0,
0.0,
0.0,
0.0,
0.0,
0.0,
0.0,
0.0,
