0.0,
0.0,
18.0,
0.0,
0.0,
0.0,
5.0,
0.0,
5.0,
1.0,
3.0,
1.0,
0.0,
0.0,
5.0,
0.0,
6.0,
0.0,
5.0,
7.0,
0.0,
0.0,
6.0,
0.0,
0.0,
0.0,
0.0,
0.0,
20.0,
0.0,
0.0,
2.0,
0.0,
13.0,
1.0,
15.0,
0.0,
0.0,
0.0,
2.0,
6.0,
0.0,
0.0,
0.0,
0.0,
11.0,
0.0,
0.0,
4.0,
7.0,
0.0,
10.0,
0.0,
0.0,
0.0,
0.0,
0.0,
5.0,
0.0,
8.0,
9.0,
0.0,
2.0,
0.0,
3.0,
11.0,
5.0,
0.0,
0.0,
2.0,
2.0,
5.0,
11.0,
0.0,
0.0,
13.0,
8.0,
0.0,
0.0,
1.0,
0.0,
0.0,
0.0,
0.0,
0.0,
6.0,
0.0,
1.0,
0.0,
0.0,
8.0,
2.0,
0.0,
1.0,
3.0,
0.0,
1.0,
0.0,
0.0,
2.0,
1.0,
0.0,
0.0,
11.0,
0.0,
0.0,
7.0,
0.0,
0.0,
0.0,
0.0,
0.0,
8.0,
0.0,
6.0,
9.0,
0.0,
21.0,
0.0,
3.0,
17.0,
0.0,
0.0,
1.0,
9.0,
0.0,
0.0,
1.0,
0.0,
22.0,
6.0,
0.0,
0.0,
8.0,
0.0,
2.0,
0.0,
0.0,
0.0,
0.0,
0.0,
0.0,
3.0,
4.0,
4.0,
0.0,
76.0,
84.0,
108.0,
93.0,
84.0,
80.0,
82.0,
84.0,
50.0,
0.0,
11.0,
0.0,
0.0,
0.0,
10.0,
0.0,
0.0,
0.0,
0.0,
0.0,
0.0,
0.0,
0.0,
14.0,
0.0,
0.0,
13.0,
31.0,
254.0,
246.0,
255.0,
248.0,
255.0,
255.0,
248.0,
255.0,
234.0,
166.0,
100.0,
13.0,
0.0,
9.0,
0.0,
0.0,
3.0,
1.0,
0.0,
0.0,
0.0,
0.0,
0.0,
4.0,
0.0,
10.0,
0.0,
183.0,
254.0,
246.0,
224.0,
124.0,
98.0,
121.0,
107.0,
131.0,
212.0,
255.0,
255.0,
201.0,
77.0,
0.0,
0.0,
9.0,
3.0,
0.0,
0.0,
0.0,
0.0,
0.0,
0.0,
6.0,
3.0,
0.0,
10.0,
46.0,
74.0,
61.0,
6.0,
0.0,
2.0,
3.0,
0.0,
10.0,
0.0,
109.0,
208.0,
255.0,
106.0,
7.0,
0.0,
5.0,
0.0,
7.0,
0.0,
0.0,
0.0,
0.0,
0.0,
0.0,
0.0,
0.0,
0.0,
0.0,
14.0,
3.0,
0.0,
13.0,
13.0,
0.0,
9.0,
0.0,
0.0,
14.0,
84.0,
255.0,
223.0,
43.0,
10.0,
0.0,
7.0,
0.0,
0.0,
0.0,
0.0,
0.0,
8.0,
0.0,
7.0,
12.0,
0.0,
0.0,
1.0,
0.0,
0.0,
17.0,
0.0,
5.0,
5.0,
15.0,
0.0,
0.0,
0.0,
246.0,
255.0,
153.0,
0.0,
0.0,
0.0,
3.0,
0.0,
0.0,
0.0,
0.0,
1.0,
0.0,
0.0,
5.0,
0.0,
3.0,
4.0,
1.0,
9.0,
0.0,
14.0,
0.0,
6.0,
0.0,
0.0,
18.0,
15.0,
205.0,
254.0,
165.0,
0.0,
3.0,
16.0,
0.0,
0.0,
0.0,
0.0,
0.0,
4.0,
0.0,
2.0,
0.0,
0.0,
5.0,
0.0,
0.0,
23.0,
68.0,
176.0,
164.0,
165.0,
100.0,
25.0,
0.0,
0.0,
239.0,
255.0,
180.0,
0.0,
28.0,
0.0,
0.0,
0.0,
0.0,
0.0,
0.0,
6.0,
2.0,
10.0,
0.0,
6.0,
4.0,
0.0,
39.0,
212.0,
239.0,
251.0,
251.0,
254.0,
255.0,
216.0,
159.0,
59.0,
250.0,
255.0,
69.0,
16.0,
0.0,
0.0,
2.0,
0.0,
0.0,
0.0,
0.0,
0.0,
0.0,
1.0,
0.0,
2.0,
0.0,
9.0,
132.0,
255.0,
137.0,
118.0,
63.0,
137.0,
144.0,
206.0,
240.0,
235.0,
255.0,
150.0,
0.0,
0.0,
9.0,
0.0,
9.0,
0.0,
0.0,
0.0,
0.0,
2.0,
2.0,
4.0,
0.0,
8.0,
0.0,
44.0,
229.0,
191.0,
0.0,
7.0,
0.0,
2.0,
0.0,
32.0,
229.0,
255.0,
241.0,
187.0,
47.0,
0.0,
0.0,
13.0,
0.0,
0.0,
0.0,
0.0,
0.0,
0.0,
10.0,
5.0,
0.0,
0.0,
0.0,
183.0,
254.0,
83.0,
5.0,
0.0,
0.0,
12.0,
0.0,
134.0,
234.0,
255.0,
250.0,
251.0,
182.0,
28.0,
4.0,
0.0,
0.0,
0.0,
8.0,
2.0,
3.0,
3.0,
2.0,
0.0,
0.0,
9.0,
5.0,
161.0,
245.0,
185.0,
3.0,
1.0,
10.0,
45.0,
208.0,
252.0,
251.0,
172.0,
122.0,
249.0,
255.0,
217.0,
79.0,
9.0,
23.0,
95.0,
0.0,
0.0,
0.0,
3.0,
0.0,
2.0,
0.0,
4.0,
3.0,
144.0,
255.0,
241.0,
169.0,
121.0,
234.0,
218.0,
242.0,
255.0,
117.0,
1.0,
7.0,
138.0,
240.0,
255.0,
250.0,
207.0,
254.0,
242.0,
15.0,
7.0,
0.0,
1.0,
0.0,
8.0,
0.0,
0.0,
0.0,
87.0,
201.0,
255.0,
249.0,
249.0,
255.0,
251.0,
167.0,
121.0,
16.0,
3.0,
0.0,
0.0,
124.0,
246.0,
246.0,
255.0,
242.0,
177.0,
2.0,
3.0,
0.0,
4.0,
0.0,
3.0,
0.0,
7.0,
0.0,
3.0,
42.0,
74.0,
100.0,
181.0,
66.0,
42.0,
6.0,
0.0,
19.0,
0.0,
0.0,
3.0,
9.0,
60.0,
212.0,
109.0,
87.0,
18.0,
0.0,
4.0,
4.0,
0.0,
0.0,
5.0,
0.0,
5.0,
1.0,
0.0,
0.0,
1.0,
0.0,
8.0,
0.0,
9.0,
0.0,
3.0,
0.0,
17.0,
2.0,
4.0,
0.0,
26.0,
0.0,
6.0,
6.0,
0.0,
7.0,
0.0,
15.0,
0.0,
1.0,
6.0,
5.0,
0.0,
0.0,
12.0,
10.0,
11.0,
0.0,
0.0,
13.0,
2.0,
0.0,
0.0,
2.0,
0.0,
1.0,
0.0,
0.0,
5.0,
0.0,
9.0,
0.0,
4.0,
0.0,
0.0,
0.0,
4.0,
0.0,
0.0,
9.0,
0.0,
0.0,
9.0,
0.0,
0.0,
14.0,
7.0,
0.0,
2.0,
0.0,
10.0,
0.0,
0.0,
2.0,
4.0,
3.0,
0.0,
9.0,
2.0,
0.0,
3.0,
0.0,
17.0,
0.0,
0.0,
0.0,
0.0,
0.0,
0.0,
0.0,
0.0,
0.0,
0.0,
0.0,
0.0,
0.0,
0.0,
0.0,
0.0,
0.0,
0.0,
0.0,
0.0,
0.0,
0.0,
0.0,
0.0,
0.0,
0.0,
0.0,
0.0,
0.0,
0.0,
0.0,
0.0,
0.0,
0.0,
0.0,
0.0,
0.0,
0.0,
0.0,
0.0,
0.0,
0.0,
0.0,
0.0,
0.0,
0.0,
0.0,
0.0,
0.0,
0.0,
0.0,
0.0,
0.0,
0.0,
0.0,
0.0,
0.0,
0.0,
0.0,
0.0,
0.0,
0.0,
0.0,
0.0,
0.0,
0.0,
0.0,
0.0,
0.0,
0.0,
0.0,
0.0,
0.0,
0.0,
0.0,
0.0,
0.0,
0.0,
0.0,
0.0,
0.0,
0.0,
0.0,
0.0,
0.0,
0.0,
0.0,
0.0,
0.0,
0.0,
0.0,
0.0,
0.0,
0.0,
0.0,
0.0,
0.0,
0.0,
0.0,
0.0,
0.0,
0.0,
0.0,
0.0,
0.0,
0.0,
0.0,
0.0,
0.0,
0.0,
0.0,
0.0,
0.0,
