0.0,
0.0,
0.0,
0.0,
0.0,
0.0,
0.0,
0.0,
1.0,
0.0,
0.0,
0.0,
0.0,
2.0,
0.0,
5.0,
2.0,
3.0,
0.0,
3.0,
0.0,
6.0,
0.0,
6.0,
0.0,
0.0,
0.0,
0.0,
0.0,
0.0,
0.0,
0.0,
0.0,
0.0,
0.0,
0.0,
0.0,
0.0,
4.0,
3.0,
6.0,
10.0,
0.0,
0.0,
0.0,
2.0,
0.0,
12.0,
1.0,
6.0,
3.0,
0.0,
0.0,
0.0,
0.0,
0.0,
0.0,
0.0,
0.0,
0.0,
0.0,
0.0,
0.0,
0.0,
8.0,
0.0,
0.0,
2.0,
0.0,
0.0,
0.0,
7.0,
12.0,
0.0,
0.0,
7.0,
0.0,
0.0,
5.0,
7.0,
0.0,
0.0,
0.0,
0.0,
0.0,
0.0,
0.0,
0.0,
0.0,
0.0,
0.0,
0.0,
0.0,
0.0,
4.0,
3.0,
0.0,
4.0,
20.0,
6.0,
8.0,
0.0,
25.0,
23.0,
0.0,
6.0,
0.0,
0.0,
0.0,
0.0,
0.0,
0.0,
0.0,
0.0,
0.0,
0.0,
0.0,
0.0,
0.0,
0.0,
3.0,
23.0,
0.0,
0.0,
36.0,
124.0,
181.0,
155.0,
211.0,
222.0,
251.0,
237.0,
188.0,
161.0,
110.0,
0.0,
0.0,
0.0,
0.0,
0.0,
0.0,
0.0,
0.0,
0.0,
0.0,
0.0,
0.0,
0.0,
0.0,
0.0,
0.0,
94.0,
207.0,
255.0,
255.0,
250.0,
231.0,
255.0,
255.0,
255.0,
244.0,
233.0,
216.0,
0.0,
0.0,
0.0,
0.0,
0.0,
0.0,
0.0,
0.0,
0.0,
0.0,
0.0,
0.0,
0.0,
16.0,
0.0,
0.0,
139.0,
255.0,
251.0,
241.0,
255.0,
251.0,
255.0,
241.0,
252.0,
255.0,
255.0,
240.0,
16.0,
0.0,
0.0,
0.0,
0.0,
0.0,
0.0,
0.0,
0.0,
0.0,
0.0,
0.0,
0.0,
0.0,
9.0,
13.0,
142.0,
255.0,
254.0,
244.0,
255.0,
210.0,
164.0,
228.0,
251.0,
254.0,
249.0,
163.0,
0.0,
0.0,
0.0,
0.0,
0.0,
4.0,
1.0,
0.0,
0.0,
0.0,
0.0,
0.0,
0.0,
0.0,
0.0,
4.0,
25.0,
143.0,
204.0,
99.0,
31.0,
17.0,
6.0,
15.0,
31.0,
16.0,
81.0,
122.0,
5.0,
0.0,
0.0,
0.0,
0.0,
0.0,
0.0,
1.0,
3.0,
3.0,
2.0,
3.0,
3.0,
7.0,
0.0,
8.0,
0.0,
0.0,
14.0,
0.0,
0.0,
0.0,
23.0,
0.0,
0.0,
13.0,
68.0,
2.0,
0.0,
0.0,
0.0,
0.0,
0.0,
0.0,
0.0,
3.0,
3.0,
0.0,
0.0,
0.0,
0.0,
0.0,
0.0,
5.0,
1.0,
0.0,
0.0,
0.0,
10.0,
20.0,
0.0,
12.0,
19.0,
0.0,
66.0,
0.0,
6.0,
0.0,
0.0,
0.0,
0.0,
3.0,
2.0,
0.0,
0.0,
0.0,
0.0,
0.0,
0.0,
0.0,
9.0,
0.0,
0.0,
15.0,
11.0,
1.0,
0.0,
0.0,
0.0,
0.0,
0.0,
19.0,
113.0,
6.0,
0.0,
0.0,
0.0,
0.0,
0.0,
1.0,
0.0,
0.0,
0.0,
2.0,
5.0,
4.0,
2.0,
0.0,
7.0,
1.0,
0.0,
0.0,
0.0,
1.0,
0.0,
0.0,
0.0,
0.0,
65.0,
183.0,
127.0,
0.0,
17.0,
0.0,
0.0,
0.0,
0.0,
0.0,
0.0,
0.0,
1.0,
3.0,
2.0,
0.0,
0.0,
11.0,
0.0,
0.0,
15.0,
0.0,
0.0,
10.0,
0.0,
10.0,
0.0,
80.0,
221.0,
244.0,
48.0,
0.0,
0.0,
0.0,
0.0,
0.0,
0.0,
0.0,
0.0,
2.0,
0.0,
0.0,
0.0,
3.0,
9.0,
5.0,
1.0,
11.0,
0.0,
0.0,
0.0,
0.0,
47.0,
94.0,
170.0,
232.0,
255.0,
223.0,
28.0,
16.0,
0.0,
0.0,
0.0,
0.0,
0.0,
0.0,
0.0,
3.0,
0.0,
0.0,
8.0,
33.0,
54.0,
8.0,
117.0,
103.0,
0.0,
0.0,
4.0,
39.0,
231.0,
251.0,
255.0,
252.0,
255.0,
180.0,
0.0,
3.0,
0.0,
0.0,
0.0,
0.0,
0.0,
0.0,
7.0,
0.0,
5.0,
63.0,
163.0,
248.0,
253.0,
242.0,
255.0,
255.0,
235.0,
167.0,
168.0,
255.0,
251.0,
251.0,
255.0,
255.0,
208.0,
34.0,
8.0,
0.0,
1.0,
0.0,
0.0,
0.0,
0.0,
4.0,
0.0,
0.0,
3.0,
109.0,
244.0,
255.0,
251.0,
255.0,
241.0,
232.0,
255.0,
255.0,
241.0,
255.0,
244.0,
248.0,
255.0,
176.0,
8.0,
0.0,
0.0,
2.0,
7.0,
0.0,
0.0,
0.0,
0.0,
5.0,
0.0,
6.0,
103.0,
218.0,
255.0,
245.0,
248.0,
247.0,
255.0,
255.0,
252.0,
240.0,
250.0,
255.0,
255.0,
252.0,
255.0,
235.0,
127.0,
6.0,
0.0,
0.0,
0.0,
0.0,
0.0,
0.0,
0.0,
0.0,
21.0,
5.0,
121.0,
234.0,
244.0,
255.0,
252.0,
255.0,
247.0,
252.0,
253.0,
255.0,
255.0,
232.0,
251.0,
255.0,
232.0,
246.0,
197.0,
0.0,
8.0,
1.0,
0.0,
0.0,
0.0,
0.0,
0.0,
1.0,
5.0,
0.0,
156.0,
255.0,
249.0,
255.0,
248.0,
254.0,
217.0,
143.0,
53.0,
82.0,
176.0,
215.0,
254.0,
255.0,
247.0,
255.0,
100.0,
0.0,
3.0,
4.0,
1.0,
0.0,
0.0,
0.0,
0.0,
0.0,
4.0,
0.0,
9.0,
88.0,
151.0,
141.0,
113.0,
35.0,
8.0,
6.0,
3.0,
5.0,
0.0,
7.0,
84.0,
150.0,
177.0,
238.0,
59.0,
14.0,
0.0,
0.0,
0.0,
0.0,
0.0,
0.0,
0.0,
3.0,
0.0,
3.0,
0.0,
8.0,
21.0,
1.0,
6.0,
4.0,
0.0,
0.0,
0.0,
0.0,
0.0,
0.0,
13.0,
0.0,
0.0,
30.0,
6.0,
0.0,
6.0,
7.0,
0.0,
0.0,
0.0,
0.0,
0.0,
2.0,
4.0,
0.0,
3.0,
0.0,
0.0,
4.0,
0.0,
0.0,
0.0,
1.0,
5.0,
6.0,
3.0,
0.0,
0.0,
1.0,
2.0,
0.0,
4.0,
2.0,
0.0,
10.0,
0.0,
0.0,
0.0,
0.0,
0.0,
0.0,
0.0,
0.0,
0.0,
0.0,
0.0,
0.0,
0.0,
0.0,
0.0,
0.0,
0.0,
0.0,
0.0,
0.0,
0.0,
0.0,
0.0,
0.0,
0.0,
0.0,
0.0,
0.0,
0.0,
0.0,
0.0,
0.0,
0.0,
0.0,
0.0,
0.0,
0.0,
0.0,
0.0,
0.0,
0.0,
0.0,
0.0,
0.0,
0.0,
0.0,
0.0,
0.0,
0.0,
0.0,
0.0,
0.0,
0.0,
0.0,
0.0,
0.0,
0.0,
0.0,
0.0,
0.0,
0.0,
0.0,
0.0,
0.0,
0.0,
0.0,
0.0,
0.0,
0.0,
0.0,
0.0,
0.0,
0.0,
0.0,
0.0,
0.0,
0.0,
0.0,
0.0,
0.0,
0.0,
0.0,
0.0,
0.0,
0.0,
0.0,
0.0,
0.0,
0.0,
0.0,
0.0,
0.0,
0.0,
0.0,
0.0,
0.0,
0.0,
0.0,
0.0,
0.0,
0.0,
0.0,
0.0,
0.0,
0.0,
0.0,
0.0,
0.0,
0.0,
0.0,
0.0,
0.0,
0.0,
0.0,
0.0,
0.0,
0.0,
