0.0,
0.0,
0.0,
0.0,
0.0,
0.0,
0.0,
0.0,
0.0,
0.0,
0.0,
0.0,
7.0,
0.0,
15.0,
0.0,
0.0,
0.0,
0.0,
5.0,
4.0,
0.0,
0.0,
6.0,
0.0,
0.0,
0.0,
0.0,
0.0,
0.0,
0.0,
0.0,
0.0,
0.0,
0.0,
0.0,
1.0,
9.0,
4.0,
19.0,
0.0,
1.0,
0.0,
6.0,
7.0,
1.0,
4.0,
12.0,
0.0,
0.0,
4.0,
0.0,
0.0,
0.0,
0.0,
0.0,
0.0,
0.0,
0.0,
0.0,
0.0,
0.0,
0.0,
0.0,
3.0,
0.0,
10.0,
0.0,
9.0,
5.0,
2.0,
0.0,
0.0,
0.0,
0.0,
0.0,
23.0,
0.0,
0.0,
0.0,
0.0,
0.0,
0.0,
0.0,
0.0,
0.0,
0.0,
0.0,
0.0,
0.0,
0.0,
0.0,
9.0,
0.0,
6.0,
8.0,
0.0,
8.0,
0.0,
1.0,
0.0,
17.0,
15.0,
0.0,
0.0,
8.0,
13.0,
0.0,
0.0,
0.0,
0.0,
0.0,
0.0,
0.0,
0.0,
0.0,
0.0,
0.0,
0.0,
0.0,
0.0,
0.0,
0.0,
11.0,
0.0,
0.0,
7.0,
0.0,
2.0,
0.0,
0.0,
26.0,
0.0,
7.0,
0.0,
3.0,
0.0,
0.0,
0.0,
0.0,
0.0,
0.0,
0.0,
0.0,
0.0,
0.0,
0.0,
0.0,
11.0,
11.0,
6.0,
0.0,
1.0,
6.0,
112.0,
138.0,
113.0,
80.0,
10.0,
0.0,
27.0,
0.0,
0.0,
10.0,
0.0,
0.0,
0.0,
0.0,
0.0,
0.0,
0.0,
0.0,
0.0,
0.0,
0.0,
0.0,
0.0,
0.0,
15.0,
123.0,
190.0,
255.0,
255.0,
251.0,
255.0,
255.0,
173.0,
0.0,
9.0,
0.0,
12.0,
0.0,
0.0,
0.0,
0.0,
0.0,
0.0,
0.0,
0.0,
0.0,
0.0,
0.0,
0.0,
0.0,
74.0,
128.0,
241.0,
255.0,
255.0,
244.0,
245.0,
255.0,
250.0,
253.0,
255.0,
199.0,
0.0,
0.0,
15.0,
0.0,
0.0,
0.0,
0.0,
0.0,
0.0,
0.0,
1.0,
0.0,
0.0,
5.0,
5.0,
125.0,
253.0,
254.0,
255.0,
255.0,
194.0,
4.0,
0.0,
0.0,
0.0,
128.0,
255.0,
255.0,
70.0,
3.0,
0.0,
0.0,
0.0,
0.0,
1.0,
0.0,
1.0,
6.0,
0.0,
0.0,
15.0,
0.0,
181.0,
255.0,
255.0,
243.0,
143.0,
54.0,
0.0,
0.0,
6.0,
0.0,
9.0,
70.0,
252.0,
250.0,
124.0,
0.0,
5.0,
1.0,
3.0,
5.0,
5.0,
0.0,
0.0,
0.0,
7.0,
0.0,
0.0,
149.0,
255.0,
250.0,
188.0,
66.0,
0.0,
11.0,
11.0,
6.0,
0.0,
19.0,
2.0,
0.0,
181.0,
243.0,
142.0,
9.0,
2.0,
0.0,
0.0,
0.0,
2.0,
3.0,
3.0,
0.0,
5.0,
5.0,
0.0,
255.0,
173.0,
89.0,
1.0,
2.0,
12.0,
0.0,
0.0,
0.0,
0.0,
0.0,
0.0,
11.0,
202.0,
255.0,
120.0,
0.0,
0.0,
4.0,
0.0,
3.0,
0.0,
0.0,
9.0,
0.0,
0.0,
5.0,
4.0,
119.0,
70.0,
0.0,
9.0,
0.0,
0.0,
5.0,
7.0,
9.0,
18.0,
0.0,
0.0,
59.0,
251.0,
255.0,
116.0,
0.0,
5.0,
0.0,
6.0,
11.0,
2.0,
0.0,
0.0,
7.0,
0.0,
3.0,
0.0,
2.0,
9.0,
0.0,
0.0,
7.0,
0.0,
17.0,
0.0,
0.0,
3.0,
0.0,
0.0,
135.0,
255.0,
243.0,
74.0,
10.0,
7.0,
0.0,
0.0,
0.0,
3.0,
3.0,
0.0,
1.0,
8.0,
0.0,
0.0,
4.0,
0.0,
4.0,
13.0,
0.0,
0.0,
18.0,
1.0,
12.0,
3.0,
0.0,
0.0,
195.0,
245.0,
198.0,
7.0,
0.0,
0.0,
11.0,
23.0,
0.0,
0.0,
15.0,
7.0,
0.0,
1.0,
0.0,
9.0,
0.0,
8.0,
0.0,
0.0,
6.0,
127.0,
119.0,
126.0,
122.0,
126.0,
126.0,
127.0,
255.0,
255.0,
187.0,
135.0,
122.0,
149.0,
119.0,
114.0,
17.0,
0.0,
11.0,
0.0,
8.0,
0.0,
4.0,
0.0,
3.0,
0.0,
0.0,
123.0,
194.0,
255.0,
251.0,
245.0,
255.0,
255.0,
245.0,
255.0,
255.0,
255.0,
255.0,
249.0,
250.0,
255.0,
255.0,
255.0,
1.0,
0.0,
0.0,
9.0,
0.0,
3.0,
11.0,
4.0,
6.0,
71.0,
252.0,
255.0,
236.0,
251.0,
255.0,
205.0,
255.0,
255.0,
255.0,
254.0,
243.0,
252.0,
255.0,
255.0,
252.0,
253.0,
254.0,
176.0,
14.0,
8.0,
9.0,
0.0,
15.0,
0.0,
0.0,
0.0,
6.0,
176.0,
255.0,
249.0,
147.0,
10.0,
0.0,
0.0,
255.0,
249.0,
251.0,
118.0,
44.0,
0.0,
0.0,
0.0,
2.0,
3.0,
0.0,
23.0,
0.0,
0.0,
0.0,
0.0,
4.0,
24.0,
0.0,
0.0,
121.0,
255.0,
241.0,
130.0,
0.0,
0.0,
83.0,
203.0,
255.0,
255.0,
62.0,
0.0,
0.0,
0.0,
13.0,
11.0,
2.0,
1.0,
0.0,
0.0,
5.0,
0.0,
2.0,
0.0,
0.0,
3.0,
2.0,
0.0,
79.0,
246.0,
255.0,
190.0,
134.0,
254.0,
247.0,
247.0,
126.0,
50.0,
11.0,
5.0,
8.0,
13.0,
3.0,
0.0,
0.0,
0.0,
1.0,
4.0,
16.0,
0.0,
14.0,
10.0,
16.0,
0.0,
18.0,
8.0,
0.0,
138.0,
246.0,
255.0,
247.0,
255.0,
189.0,
0.0,
23.0,
0.0,
6.0,
2.0,
0.0,
0.0,
0.0,
2.0,
16.0,
10.0,
0.0,
0.0,
0.0,
0.0,
8.0,
0.0,
0.0,
2.0,
0.0,
0.0,
0.0,
15.0,
129.0,
123.0,
135.0,
0.0,
5.0,
4.0,
0.0,
26.0,
0.0,
0.0,
1.0,
11.0,
8.0,
0.0,
0.0,
4.0,
3.0,
5.0,
3.0,
3.0,
7.0,
0.0,
9.0,
2.0,
12.0,
0.0,
1.0,
0.0,
0.0,
0.0,
11.0,
0.0,
5.0,
0.0,
7.0,
0.0,
9.0,
9.0,
0.0,
0.0,
0.0,
0.0,
0.0,
2.0,
1.0,
0.0,
4.0,
5.0,
0.0,
0.0,
0.0,
0.0,
0.0,
0.0,
0.0,
0.0,
0.0,
0.0,
0.0,
0.0,
0.0,
0.0,
0.0,
0.0,
0.0,
0.0,
0.0,
0.0,
0.0,
0.0,
0.0,
0.0,
0.0,
0.0,
0.0,
0.0,
0.0,
0.0,
0.0,
0.0,
0.0,
0.0,
0.0,
0.0,
0.0,
0.0,
0.0,
0.0,
0.0,
0.0,
0.0,
0.0,
0.0,
0.0,
0.0,
0.0,
0.0,
0.0,
0.0,
0.0,
0.0,
0.0,
0.0,
0.0,
0.0,
0.0,
0.0,
0.0,
0.0,
0.0,
0.0,
0.0,
0.0,
0.0,
0.0,
0.0,
0.0,
0.0,
0.0,
0.0,
0.0,
0.0,
0.0,
0.0,
0.0,
0.0,
0.0,
0.0,
0.0,
0.0,
0.0,
0.0,
0.0,
0.0,
0.0,
0.0,
0.0,
0.0,
0.0,
0.0,
0.0,
0.0,
0.0,
0.0,
0.0,
0.0,
0.0,
0.0,
0.0,
0.0,
0.0,
0.0,
0.0,
0.0,
0.0,
0.0,
0.0,
0.0,
0.0,
0.0,
0.0,
