0.0,
0.0,
0.0,
0.0,
0.0,
0.0,
0.0,
0.0,
2.0,
0.0,
0.0,
5.0,
5.0,
0.0,
0.0,
7.0,
11.0,
0.0,
0.0,
0.0,
2.0,
5.0,
0.0,
4.0,
0.0,
0.0,
0.0,
0.0,
0.0,
0.0,
0.0,
0.0,
0.0,
0.0,
0.0,
0.0,
2.0,
0.0,
0.0,
0.0,
6.0,
13.0,
6.0,
0.0,
0.0,
1.0,
13.0,
2.0,
0.0,
1.0,
5.0,
0.0,
0.0,
0.0,
0.0,
0.0,
0.0,
0.0,
0.0,
0.0,
0.0,
0.0,
0.0,
0.0,
0.0,
0.0,
12.0,
0.0,
0.0,
4.0,
0.0,
5.0,
0.0,
0.0,
0.0,
11.0,
11.0,
0.0,
0.0,
0.0,
0.0,
0.0,
0.0,
0.0,
0.0,
0.0,
0.0,
0.0,
0.0,
0.0,
0.0,
0.0,
2.0,
13.0,
86.0,
209.0,
170.0,
222.0,
152.0,
162.0,
75.0,
65.0,
8.0,
0.0,
0.0,
0.0,
6.0,
9.0,
0.0,
0.0,
0.0,
0.0,
0.0,
0.0,
0.0,
0.0,
0.0,
0.0,
0.0,
0.0,
0.0,
46.0,
247.0,
239.0,
250.0,
229.0,
255.0,
250.0,
248.0,
255.0,
194.0,
51.0,
0.0,
0.0,
1.0,
0.0,
0.0,
0.0,
0.0,
0.0,
0.0,
0.0,
0.0,
0.0,
0.0,
0.0,
0.0,
0.0,
5.0,
103.0,
255.0,
255.0,
130.0,
28.0,
37.0,
121.0,
129.0,
211.0,
255.0,
157.0,
31.0,
0.0,
0.0,
7.0,
0.0,
0.0,
0.0,
0.0,
0.0,
0.0,
0.0,
0.0,
0.0,
0.0,
0.0,
0.0,
64.0,
245.0,
253.0,
97.0,
7.0,
10.0,
0.0,
3.0,
6.0,
54.0,
247.0,
255.0,
79.0,
0.0,
0.0,
2.0,
0.0,
0.0,
0.0,
0.0,
0.0,
0.0,
0.0,
0.0,
0.0,
0.0,
0.0,
0.0,
49.0,
234.0,
165.0,
0.0,
0.0,
8.0,
0.0,
11.0,
4.0,
0.0,
220.0,
255.0,
57.0,
3.0,
14.0,
0.0,
0.0,
0.0,
0.0,
0.0,
0.0,
0.0,
0.0,
0.0,
0.0,
0.0,
0.0,
0.0,
0.0,
44.0,
1.0,
0.0,
15.0,
0.0,
3.0,
0.0,
7.0,
110.0,
255.0,
207.0,
0.0,
1.0,
0.0,
0.0,
0.0,
0.0,
0.0,
0.0,
0.0,
0.0,
0.0,
0.0,
0.0,
0.0,
0.0,
0.0,
8.0,
0.0,
4.0,
0.0,
0.0,
13.0,
0.0,
1.0,
52.0,
248.0,
255.0,
35.0,
13.0,
0.0,
5.0,
0.0,
0.0,
0.0,
0.0,
0.0,
0.0,
0.0,
0.0,
0.0,
0.0,
0.0,
0.0,
0.0,
0.0,
11.0,
0.0,
11.0,
9.0,
0.0,
7.0,
0.0,
177.0,
255.0,
147.0,
5.0,
0.0,
0.0,
8.0,
0.0,
0.0,
0.0,
0.0,
0.0,
0.0,
0.0,
0.0,
0.0,
0.0,
0.0,
0.0,
0.0,
3.0,
0.0,
3.0,
0.0,
7.0,
0.0,
0.0,
142.0,
252.0,
219.0,
29.0,
0.0,
0.0,
16.0,
0.0,
0.0,
0.0,
0.0,
0.0,
0.0,
0.0,
0.0,
0.0,
0.0,
0.0,
0.0,
0.0,
0.0,
7.0,
0.0,
0.0,
0.0,
1.0,
0.0,
61.0,
255.0,
255.0,
108.0,
0.0,
0.0,
9.0,
0.0,
0.0,
3.0,
0.0,
0.0,
0.0,
0.0,
0.0,
0.0,
0.0,
0.0,
0.0,
0.0,
0.0,
0.0,
0.0,
13.0,
0.0,
0.0,
0.0,
73.0,
210.0,
255.0,
162.0,
6.0,
0.0,
11.0,
5.0,
0.0,
3.0,
1.0,
0.0,
0.0,
0.0,
0.0,
0.0,
0.0,
0.0,
0.0,
0.0,
0.0,
0.0,
0.0,
2.0,
0.0,
12.0,
0.0,
55.0,
223.0,
255.0,
184.0,
0.0,
26.0,
5.0,
0.0,
0.0,
22.0,
0.0,
0.0,
0.0,
0.0,
0.0,
0.0,
0.0,
0.0,
0.0,
0.0,
0.0,
0.0,
0.0,
0.0,
1.0,
7.0,
0.0,
90.0,
222.0,
255.0,
179.0,
10.0,
5.0,
0.0,
0.0,
7.0,
0.0,
0.0,
7.0,
4.0,
0.0,
0.0,
0.0,
0.0,
3.0,
8.0,
0.0,
1.0,
3.0,
0.0,
1.0,
4.0,
6.0,
0.0,
26.0,
255.0,
255.0,
164.0,
14.0,
6.0,
13.0,
0.0,
6.0,
0.0,
0.0,
0.0,
0.0,
14.0,
1.0,
0.0,
3.0,
3.0,
0.0,
0.0,
5.0,
2.0,
0.0,
4.0,
4.0,
0.0,
0.0,
58.0,
252.0,
229.0,
163.0,
3.0,
0.0,
5.0,
0.0,
0.0,
0.0,
0.0,
0.0,
5.0,
9.0,
0.0,
143.0,
41.0,
4.0,
5.0,
4.0,
0.0,
10.0,
0.0,
0.0,
11.0,
3.0,
2.0,
57.0,
199.0,
255.0,
213.0,
5.0,
0.0,
1.0,
2.0,
0.0,
10.0,
0.0,
4.0,
0.0,
8.0,
121.0,
205.0,
148.0,
24.0,
0.0,
7.0,
9.0,
0.0,
9.0,
0.0,
0.0,
0.0,
0.0,
49.0,
220.0,
228.0,
255.0,
74.0,
0.0,
35.0,
58.0,
84.0,
169.0,
232.0,
248.0,
235.0,
229.0,
238.0,
232.0,
182.0,
33.0,
0.0,
0.0,
2.0,
0.0,
0.0,
5.0,
0.0,
9.0,
0.0,
9.0,
169.0,
255.0,
255.0,
240.0,
232.0,
227.0,
222.0,
142.0,
92.0,
231.0,
248.0,
253.0,
218.0,
212.0,
204.0,
105.0,
6.0,
0.0,
0.0,
7.0,
0.0,
0.0,
1.0,
0.0,
0.0,
6.0,
0.0,
79.0,
255.0,
245.0,
245.0,
255.0,
255.0,
245.0,
223.0,
106.0,
148.0,
112.0,
61.0,
42.0,
13.0,
2.0,
5.0,
0.0,
20.0,
2.0,
10.0,
3.0,
0.0,
5.0,
6.0,
0.0,
0.0,
0.0,
4.0,
82.0,
215.0,
255.0,
245.0,
156.0,
156.0,
104.0,
56.0,
0.0,
0.0,
1.0,
8.0,
9.0,
0.0,
0.0,
11.0,
1.0,
0.0,
1.0,
0.0,
0.0,
0.0,
2.0,
0.0,
0.0,
9.0,
2.0,
0.0,
3.0,
9.0,
0.0,
0.0,
8.0,
3.0,
4.0,
0.0,
2.0,
0.0,
0.0,
8.0,
0.0,
5.0,
0.0,
0.0,
7.0,
2.0,
7.0,
0.0,
8.0,
4.0,
0.0,
0.0,
0.0,
0.0,
0.0,
0.0,
0.0,
0.0,
0.0,
0.0,
0.0,
0.0,
0.0,
0.0,
0.0,
0.0,
0.0,
0.0,
0.0,
0.0,
0.0,
0.0,
0.0,
0.0,
0.0,
0.0,
0.0,
0.0,
0.0,
0.0,
0.0,
0.0,
0.0,
0.0,
0.0,
0.0,
0.0,
0.0,
0.0,
0.0,
0.0,
0.0,
0.0,
0.0,
0.0,
0.0,
0.0,
0.0,
0.0,
0.0,
0.0,
0.0,
0.0,
0.0,
0.0,
0.0,
0.0,
0.0,
0.0,
0.0,
0.0,
0.0,
0.0,
0.0,
0.0,
0.0,
0.0,
0.0,
0.0,
0.0,
0.0,
0.0,
0.0,
0.0,
0.0,
0.0,
0.0,
0.0,
0.0,
0.0,
0.0,
0.0,
0.0,
0.0,
0.0,
0.0,
0.0,
0.0,
0.0,
0.0,
0.0,
0.0,
0.0,
0.0,
0.0,
0.0,
0.0,
0.0,
0.0,
0.0,
0.0,
0.0,
0.0,
0.0,
0.0,
0.0,
0.0,
0.0,
0.0,
0.0,
0.0,
0.0,
