0.0,
0.0,
0.0,
0.0,
0.0,
0.0,
0.0,
0.0,
0.0,
0.0,
6.0,
0.0,
0.0,
0.0,
2.0,
2.0,
0.0,
0.0,
0.0,
0.0,
0.0,
0.0,
0.0,
0.0,
0.0,
0.0,
0.0,
0.0,
0.0,
0.0,
0.0,
0.0,
0.0,
0.0,
0.0,
0.0,
4.0,
3.0,
1.0,
2.0,
6.0,
7.0,
1.0,
0.0,
0.0,
0.0,
0.0,
0.0,
0.0,
0.0,
0.0,
0.0,
0.0,
0.0,
0.0,
0.0,
0.0,
0.0,
0.0,
0.0,
0.0,
0.0,
0.0,
0.0,
0.0,
0.0,
0.0,
0.0,
0.0,
0.0,
0.0,
6.0,
0.0,
0.0,
0.0,
0.0,
0.0,
0.0,
0.0,
0.0,
0.0,
0.0,
0.0,
0.0,
0.0,
0.0,
0.0,
0.0,
0.0,
0.0,
0.0,
0.0,
5.0,
3.0,
4.0,
6.0,
2.0,
0.0,
0.0,
2.0,
0.0,
0.0,
0.0,
0.0,
0.0,
0.0,
0.0,
0.0,
0.0,
0.0,
0.0,
0.0,
0.0,
0.0,
0.0,
0.0,
0.0,
0.0,
0.0,
0.0,
0.0,
0.0,
0.0,
3.0,
9.0,
6.0,
0.0,
0.0,
0.0,
0.0,
0.0,
0.0,
0.0,
0.0,
0.0,
0.0,
0.0,
0.0,
0.0,
0.0,
0.0,
0.0,
0.0,
0.0,
0.0,
0.0,
0.0,
0.0,
6.0,
9.0,
6.0,
0.0,
0.0,
0.0,
0.0,
0.0,
0.0,
0.0,
0.0,
0.0,
0.0,
0.0,
0.0,
0.0,
0.0,
0.0,
0.0,
0.0,
0.0,
0.0,
0.0,
0.0,
0.0,
0.0,
0.0,
0.0,
0.0,
0.0,
0.0,
0.0,
8.0,
22.0,
14.0,
0.0,
0.0,
0.0,
0.0,
0.0,
0.0,
0.0,
0.0,
0.0,
0.0,
0.0,
0.0,
0.0,
0.0,
0.0,
0.0,
0.0,
0.0,
0.0,
0.0,
0.0,
2.0,
2.0,
24.0,
94.0,
193.0,
245.0,
201.0,
126.0,
0.0,
0.0,
0.0,
0.0,
0.0,
0.0,
0.0,
0.0,
0.0,
0.0,
0.0,
0.0,
0.0,
1.0,
3.0,
3.0,
1.0,
0.0,
0.0,
1.0,
2.0,
1.0,
182.0,
243.0,
123.0,
44.0,
182.0,
254.0,
0.0,
11.0,
0.0,
6.0,
0.0,
0.0,
5.0,
0.0,
5.0,
0.0,
0.0,
2.0,
2.0,
2.0,
1.0,
0.0,
0.0,
0.0,
0.0,
0.0,
4.0,
0.0,
93.0,
81.0,
0.0,
16.0,
87.0,
255.0,
70.0,
0.0,
15.0,
0.0,
1.0,
6.0,
0.0,
12.0,
0.0,
0.0,
0.0,
0.0,
4.0,
1.0,
0.0,
0.0,
0.0,
0.0,
0.0,
0.0,
0.0,
10.0,
8.0,
0.0,
0.0,
11.0,
142.0,
245.0,
29.0,
0.0,
3.0,
0.0,
8.0,
0.0,
0.0,
0.0,
17.0,
83.0,
0.0,
0.0,
1.0,
0.0,
0.0,
0.0,
3.0,
4.0,
4.0,
2.0,
0.0,
8.0,
0.0,
0.0,
6.0,
31.0,
239.0,
193.0,
0.0,
14.0,
0.0,
0.0,
0.0,
5.0,
0.0,
10.0,
134.0,
217.0,
0.0,
3.0,
0.0,
0.0,
0.0,
2.0,
3.0,
3.0,
0.0,
0.0,
3.0,
0.0,
14.0,
6.0,
19.0,
207.0,
230.0,
17.0,
3.0,
0.0,
10.0,
0.0,
0.0,
10.0,
0.0,
85.0,
246.0,
30.0,
17.0,
0.0,
0.0,
0.0,
2.0,
2.0,
0.0,
0.0,
0.0,
0.0,
0.0,
14.0,
0.0,
8.0,
204.0,
249.0,
71.0,
12.0,
0.0,
0.0,
3.0,
2.0,
3.0,
0.0,
63.0,
204.0,
128.0,
11.0,
0.0,
6.0,
0.0,
1.0,
4.0,
1.0,
0.0,
0.0,
3.0,
9.0,
5.0,
0.0,
114.0,
229.0,
249.0,
61.0,
0.0,
0.0,
8.0,
16.0,
0.0,
0.0,
0.0,
34.0,
205.0,
225.0,
0.0,
0.0,
0.0,
2.0,
0.0,
1.0,
4.0,
1.0,
0.0,
2.0,
14.0,
26.0,
101.0,
205.0,
255.0,
176.0,
40.0,
0.0,
7.0,
0.0,
0.0,
3.0,
0.0,
0.0,
16.0,
184.0,
228.0,
63.0,
4.0,
0.0,
18.0,
0.0,
0.0,
0.0,
0.0,
1.0,
9.0,
0.0,
217.0,
255.0,
248.0,
219.0,
105.0,
6.0,
0.0,
0.0,
0.0,
7.0,
0.0,
14.0,
0.0,
58.0,
217.0,
228.0,
85.0,
0.0,
0.0,
0.0,
0.0,
0.0,
5.0,
6.0,
0.0,
0.0,
0.0,
0.0,
135.0,
231.0,
254.0,
88.0,
7.0,
11.0,
0.0,
0.0,
15.0,
0.0,
0.0,
50.0,
155.0,
247.0,
207.0,
47.0,
0.0,
14.0,
0.0,
0.0,
0.0,
0.0,
0.0,
7.0,
0.0,
6.0,
5.0,
0.0,
0.0,
58.0,
191.0,
255.0,
185.0,
37.0,
0.0,
3.0,
3.0,
14.0,
145.0,
241.0,
255.0,
134.0,
3.0,
0.0,
13.0,
0.0,
0.0,
0.0,
0.0,
0.0,
0.0,
13.0,
0.0,
0.0,
0.0,
23.0,
0.0,
0.0,
0.0,
115.0,
229.0,
255.0,
233.0,
191.0,
198.0,
249.0,
252.0,
131.0,
33.0,
3.0,
0.0,
1.0,
7.0,
0.0,
0.0,
0.0,
0.0,
0.0,
0.0,
11.0,
6.0,
0.0,
0.0,
5.0,
11.0,
14.0,
4.0,
0.0,
46.0,
131.0,
193.0,
234.0,
213.0,
140.0,
28.0,
6.0,
0.0,
5.0,
9.0,
0.0,
0.0,
3.0,
0.0,
0.0,
0.0,
0.0,
0.0,
0.0,
0.0,
17.0,
1.0,
0.0,
2.0,
0.0,
0.0,
5.0,
0.0,
0.0,
29.0,
8.0,
0.0,
0.0,
0.0,
6.0,
1.0,
0.0,
11.0,
7.0,
0.0,
0.0,
0.0,
0.0,
0.0,
0.0,
13.0,
0.0,
0.0,
7.0,
4.0,
2.0,
12.0,
6.0,
1.0,
5.0,
0.0,
0.0,
0.0,
3.0,
5.0,
9.0,
11.0,
0.0,
0.0,
0.0,
0.0,
0.0,
0.0,
21.0,
0.0,
0.0,
0.0,
0.0,
0.0,
7.0,
5.0,
5.0,
0.0,
5.0,
0.0,
3.0,
2.0,
0.0,
0.0,
2.0,
6.0,
0.0,
0.0,
1.0,
0.0,
0.0,
3.0,
4.0,
0.0,
7.0,
9.0,
0.0,
0.0,
0.0,
0.0,
0.0,
0.0,
0.0,
0.0,
0.0,
0.0,
0.0,
0.0,
0.0,
0.0,
0.0,
0.0,
0.0,
0.0,
0.0,
0.0,
0.0,
0.0,
0.0,
0.0,
0.0,
0.0,
0.0,
0.0,
0.0,
0.0,
0.0,
0.0,
0.0,
0.0,
0.0,
0.0,
0.0,
0.0,
0.0,
0.0,
0.0,
0.0,
0.0,
0.0,
0.0,
0.0,
0.0,
0.0,
0.0,
0.0,
0.0,
0.0,
0.0,
0.0,
0.0,
0.0,
0.0,
0.0,
0.0,
0.0,
0.0,
0.0,
0.0,
0.0,
0.0,
0.0,
0.0,
0.0,
0.0,
0.0,
0.0,
0.0,
0.0,
0.0,
0.0,
0.0,
0.0,
0.0,
0.0,
0.0,
0.0,
0.0,
0.0,
0.0,
0.0,
0.0,
0.0,
0.0,
0.0,
0.0,
0.0,
0.0,
0.0,
0.0,
0.0,
0.0,
0.0,
0.0,
0.0,
0.0,
0.0,
0.0,
0.0,
0.0,
0.0,
0.0,
0.0,
0.0,
0.0,
0.0,
0.0,
0.0,
0.0,
0.0,
0.0,
0.0,
0.0,
