0.0,
0.0,
0.0,
0.0,
0.0,
0.0,
0.0,
0.0,
0.0,
0.0,
5.0,
8.0,
1.0,
0.0,
0.0,
7.0,
0.0,
3.0,
0.0,
0.0,
0.0,
3.0,
10.0,
0.0,
0.0,
0.0,
0.0,
0.0,
0.0,
0.0,
0.0,
0.0,
0.0,
0.0,
0.0,
0.0,
0.0,
6.0,
0.0,
19.0,
0.0,
5.0,
15.0,
0.0,
0.0,
4.0,
3.0,
3.0,
0.0,
0.0,
0.0,
0.0,
0.0,
0.0,
0.0,
0.0,
0.0,
0.0,
0.0,
0.0,
0.0,
0.0,
0.0,
0.0,
0.0,
0.0,
8.0,
1.0,
9.0,
0.0,
4.0,
0.0,
0.0,
0.0,
0.0,
0.0,
2.0,
0.0,
0.0,
7.0,
0.0,
0.0,
0.0,
0.0,
0.0,
0.0,
0.0,
0.0,
0.0,
0.0,
0.0,
0.0,
6.0,
67.0,
233.0,
190.0,
199.0,
105.0,
6.0,
3.0,
4.0,
0.0,
0.0,
0.0,
4.0,
7.0,
0.0,
5.0,
0.0,
0.0,
0.0,
0.0,
0.0,
0.0,
0.0,
0.0,
0.0,
0.0,
0.0,
0.0,
0.0,
78.0,
255.0,
255.0,
250.0,
228.0,
76.0,
0.0,
2.0,
1.0,
11.0,
0.0,
1.0,
8.0,
0.0,
0.0,
0.0,
0.0,
0.0,
0.0,
0.0,
0.0,
0.0,
0.0,
0.0,
0.0,
0.0,
0.0,
9.0,
82.0,
252.0,
255.0,
246.0,
255.0,
226.0,
53.0,
0.0,
0.0,
13.0,
6.0,
0.0,
2.0,
0.0,
2.0,
0.0,
0.0,
0.0,
0.0,
0.0,
0.0,
0.0,
0.0,
0.0,
0.0,
0.0,
0.0,
0.0,
72.0,
252.0,
247.0,
248.0,
249.0,
255.0,
149.0,
58.0,
0.0,
0.0,
4.0,
0.0,
3.0,
0.0,
5.0,
0.0,
0.0,
0.0,
0.0,
0.0,
0.0,
0.0,
0.0,
0.0,
0.0,
0.0,
0.0,
8.0,
0.0,
33.0,
45.0,
137.0,
250.0,
247.0,
255.0,
153.0,
16.0,
0.0,
2.0,
0.0,
10.0,
0.0,
0.0,
0.0,
0.0,
0.0,
0.0,
0.0,
12.0,
0.0,
0.0,
4.0,
0.0,
0.0,
4.0,
1.0,
8.0,
0.0,
10.0,
3.0,
107.0,
255.0,
248.0,
245.0,
33.0,
0.0,
0.0,
2.0,
0.0,
8.0,
0.0,
0.0,
0.0,
0.0,
0.0,
3.0,
1.0,
0.0,
4.0,
12.0,
0.0,
0.0,
0.0,
0.0,
0.0,
0.0,
3.0,
0.0,
60.0,
250.0,
252.0,
255.0,
103.0,
4.0,
6.0,
4.0,
0.0,
2.0,
0.0,
0.0,
0.0,
0.0,
0.0,
1.0,
0.0,
3.0,
3.0,
0.0,
0.0,
0.0,
14.0,
0.0,
2.0,
1.0,
16.0,
0.0,
45.0,
254.0,
250.0,
255.0,
177.0,
3.0,
4.0,
1.0,
0.0,
0.0,
0.0,
0.0,
0.0,
0.0,
0.0,
0.0,
2.0,
9.0,
0.0,
0.0,
7.0,
2.0,
0.0,
2.0,
4.0,
0.0,
0.0,
0.0,
35.0,
255.0,
251.0,
246.0,
234.0,
0.0,
0.0,
0.0,
3.0,
0.0,
6.0,
0.0,
0.0,
0.0,
0.0,
2.0,
0.0,
1.0,
0.0,
6.0,
15.0,
0.0,
0.0,
3.0,
0.0,
0.0,
6.0,
4.0,
32.0,
240.0,
255.0,
255.0,
255.0,
9.0,
3.0,
0.0,
4.0,
0.0,
3.0,
0.0,
0.0,
0.0,
0.0,
6.0,
0.0,
3.0,
3.0,
2.0,
0.0,
14.0,
112.0,
189.0,
144.0,
92.0,
71.0,
32.0,
15.0,
176.0,
244.0,
255.0,
235.0,
9.0,
1.0,
1.0,
4.0,
0.0,
2.0,
0.0,
0.0,
0.0,
0.0,
2.0,
0.0,
9.0,
0.0,
0.0,
0.0,
57.0,
244.0,
255.0,
253.0,
249.0,
255.0,
238.0,
198.0,
242.0,
255.0,
249.0,
174.0,
1.0,
0.0,
0.0,
4.0,
0.0,
3.0,
0.0,
0.0,
0.0,
0.0,
0.0,
0.0,
5.0,
0.0,
5.0,
11.0,
77.0,
255.0,
249.0,
255.0,
250.0,
249.0,
255.0,
255.0,
255.0,
245.0,
252.0,
137.0,
2.0,
0.0,
1.0,
2.0,
0.0,
0.0,
0.0,
0.0,
0.0,
0.0,
0.0,
9.0,
0.0,
5.0,
5.0,
1.0,
30.0,
255.0,
255.0,
232.0,
217.0,
236.0,
247.0,
254.0,
255.0,
250.0,
252.0,
164.0,
0.0,
0.0,
9.0,
0.0,
1.0,
0.0,
0.0,
0.0,
0.0,
0.0,
0.0,
12.0,
0.0,
0.0,
0.0,
0.0,
41.0,
244.0,
253.0,
255.0,
192.0,
33.0,
91.0,
250.0,
248.0,
255.0,
252.0,
247.0,
147.0,
24.0,
0.0,
0.0,
10.0,
21.0,
0.0,
0.0,
0.0,
0.0,
0.0,
7.0,
0.0,
4.0,
0.0,
0.0,
13.0,
141.0,
253.0,
240.0,
255.0,
241.0,
220.0,
254.0,
235.0,
255.0,
253.0,
255.0,
255.0,
175.0,
99.0,
25.0,
0.0,
0.0,
0.0,
0.0,
0.0,
0.0,
0.0,
0.0,
0.0,
5.0,
0.0,
3.0,
0.0,
25.0,
105.0,
195.0,
239.0,
253.0,
248.0,
255.0,
255.0,
222.0,
217.0,
238.0,
255.0,
255.0,
255.0,
166.0,
17.0,
0.0,
0.0,
0.0,
0.0,
0.0,
3.0,
0.0,
0.0,
0.0,
0.0,
9.0,
0.0,
0.0,
0.0,
32.0,
105.0,
255.0,
255.0,
242.0,
229.0,
65.0,
20.0,
117.0,
230.0,
255.0,
243.0,
255.0,
181.0,
10.0,
0.0,
0.0,
0.0,
0.0,
0.0,
1.0,
1.0,
1.0,
0.0,
3.0,
3.0,
4.0,
0.0,
18.0,
0.0,
15.0,
86.0,
80.0,
35.0,
0.0,
1.0,
0.0,
114.0,
212.0,
255.0,
244.0,
250.0,
83.0,
0.0,
0.0,
0.0,
0.0,
0.0,
1.0,
4.0,
5.0,
4.0,
0.0,
0.0,
0.0,
0.0,
2.0,
10.0,
6.0,
11.0,
3.0,
0.0,
6.0,
0.0,
16.0,
0.0,
10.0,
214.0,
255.0,
249.0,
149.0,
0.0,
0.0,
0.0,
0.0,
5.0,
3.0,
0.0,
0.0,
6.0,
0.0,
0.0,
1.0,
4.0,
0.0,
0.0,
0.0,
1.0,
0.0,
0.0,
4.0,
5.0,
0.0,
2.0,
5.0,
6.0,
0.0,
8.0,
0.0,
0.0,
0.0,
0.0,
0.0,
0.0,
0.0,
0.0,
0.0,
0.0,
0.0,
0.0,
0.0,
0.0,
0.0,
0.0,
0.0,
0.0,
0.0,
0.0,
0.0,
0.0,
0.0,
0.0,
0.0,
0.0,
0.0,
0.0,
0.0,
0.0,
0.0,
0.0,
0.0,
0.0,
0.0,
0.0,
0.0,
0.0,
0.0,
0.0,
0.0,
0.0,
0.0,
0.0,
0.0,
0.0,
0.0,
0.0,
0.0,
0.0,
0.0,
0.0,
0.0,
0.0,
0.0,
0.0,
0.0,
0.0,
0.0,
0.0,
0.0,
0.0,
0.0,
0.0,
0.0,
0.0,
0.0,
0.0,
0.0,
0.0,
0.0,
0.0,
0.0,
0.0,
0.0,
0.0,
0.0,
0.0,
0.0,
0.0,
0.0,
0.0,
0.0,
0.0,
0.0,
0.0,
0.0,
0.0,
0.0,
0.0,
0.0,
0.0,
0.0,
0.0,
0.0,
0.0,
0.0,
0.0,
0.0,
0.0,
0.0,
0.0,
0.0,
0.0,
0.0,
0.0,
0.0,
0.0,
0.0,
0.0,
0.0,
0.0,
0.0,
0.0,
0.0,
0.0,
0.0,
