5.0,
0.0,
0.0,
0.0,
0.0,
0.0,
3.0,
0.0,
0.0,
3.0,
5.0,
2.0,
0.0,
0.0,
2.0,
5.0,
0.0,
0.0,
0.0,
0.0,
0.0,
0.0,
0.0,
0.0,
0.0,
0.0,
0.0,
0.0,
0.0,
11.0,
17.0,
5.0,
0.0,
0.0,
1.0,
0.0,
1.0,
0.0,
0.0,
3.0,
7.0,
0.0,
0.0,
0.0,
0.0,
0.0,
0.0,
0.0,
0.0,
0.0,
0.0,
0.0,
0.0,
0.0,
0.0,
0.0,
1.0,
0.0,
0.0,
0.0,
5.0,
4.0,
0.0,
0.0,
0.0,
11.0,
10.0,
0.0,
0.0,
6.0,
12.0,
4.0,
0.0,
0.0,
0.0,
0.0,
0.0,
0.0,
0.0,
0.0,
0.0,
0.0,
0.0,
0.0,
0.0,
9.0,
10.0,
10.0,
11.0,
0.0,
0.0,
0.0,
0.0,
0.0,
0.0,
10.0,
6.0,
0.0,
0.0,
0.0,
0.0,
0.0,
0.0,
0.0,
0.0,
0.0,
0.0,
0.0,
0.0,
0.0,
0.0,
0.0,
0.0,
7.0,
0.0,
0.0,
0.0,
8.0,
12.0,
4.0,
0.0,
0.0,
0.0,
0.0,
0.0,
11.0,
12.0,
6.0,
0.0,
0.0,
0.0,
0.0,
0.0,
0.0,
0.0,
0.0,
0.0,
0.0,
0.0,
0.0,
11.0,
0.0,
5.0,
18.0,
4.0,
0.0,
0.0,
5.0,
10.0,
15.0,
20.0,
15.0,
1.0,
0.0,
0.0,
1.0,
0.0,
0.0,
0.0,
0.0,
0.0,
0.0,
0.0,
0.0,
0.0,
0.0,
0.0,
0.0,
7.0,
0.0,
0.0,
2.0,
0.0,
34.0,
160.0,
247.0,
255.0,
235.0,
241.0,
255.0,
202.0,
71.0,
0.0,
2.0,
0.0,
0.0,
0.0,
0.0,
0.0,
0.0,
0.0,
0.0,
0.0,
0.0,
0.0,
0.0,
3.0,
0.0,
5.0,
0.0,
23.0,
160.0,
255.0,
255.0,
247.0,
255.0,
255.0,
250.0,
255.0,
242.0,
165.0,
76.0,
0.0,
0.0,
0.0,
0.0,
0.0,
0.0,
0.0,
0.0,
0.0,
0.0,
0.0,
0.0,
12.0,
0.0,
3.0,
9.0,
0.0,
231.0,
255.0,
252.0,
229.0,
175.0,
183.0,
199.0,
244.0,
255.0,
239.0,
252.0,
104.0,
0.0,
0.0,
2.0,
1.0,
3.0,
0.0,
0.0,
0.0,
0.0,
0.0,
0.0,
0.0,
11.0,
0.0,
0.0,
21.0,
20.0,
157.0,
34.0,
1.0,
13.0,
0.0,
20.0,
44.0,
182.0,
253.0,
255.0,
180.0,
18.0,
8.0,
2.0,
0.0,
1.0,
0.0,
2.0,
0.0,
0.0,
0.0,
0.0,
14.0,
0.0,
34.0,
0.0,
0.0,
0.0,
15.0,
0.0,
16.0,
0.0,
0.0,
0.0,
6.0,
8.0,
56.0,
223.0,
240.0,
29.0,
4.0,
0.0,
0.0,
5.0,
0.0,
8.0,
0.0,
0.0,
0.0,
0.0,
7.0,
0.0,
10.0,
1.0,
0.0,
14.0,
0.0,
17.0,
0.0,
0.0,
0.0,
16.0,
0.0,
0.0,
67.0,
255.0,
255.0,
25.0,
0.0,
0.0,
0.0,
9.0,
0.0,
6.0,
0.0,
0.0,
0.0,
0.0,
0.0,
3.0,
0.0,
0.0,
10.0,
0.0,
7.0,
0.0,
0.0,
0.0,
0.0,
5.0,
0.0,
0.0,
205.0,
232.0,
236.0,
28.0,
4.0,
3.0,
4.0,
8.0,
0.0,
0.0,
0.0,
0.0,
0.0,
0.0,
0.0,
3.0,
9.0,
0.0,
12.0,
4.0,
0.0,
0.0,
2.0,
2.0,
1.0,
5.0,
15.0,
68.0,
255.0,
255.0,
162.0,
18.0,
1.0,
0.0,
0.0,
1.0,
0.0,
4.0,
0.0,
0.0,
0.0,
0.0,
0.0,
12.0,
0.0,
4.0,
0.0,
0.0,
3.0,
0.0,
0.0,
24.0,
0.0,
0.0,
22.0,
225.0,
246.0,
255.0,
62.0,
0.0,
0.0,
0.0,
0.0,
0.0,
6.0,
5.0,
0.0,
0.0,
0.0,
0.0,
5.0,
0.0,
4.0,
1.0,
1.0,
5.0,
0.0,
5.0,
10.0,
0.0,
10.0,
0.0,
164.0,
250.0,
255.0,
120.0,
0.0,
0.0,
2.0,
0.0,
5.0,
0.0,
6.0,
0.0,
0.0,
0.0,
0.0,
0.0,
0.0,
0.0,
0.0,
0.0,
0.0,
0.0,
0.0,
0.0,
5.0,
0.0,
7.0,
121.0,
252.0,
252.0,
234.0,
22.0,
0.0,
2.0,
0.0,
0.0,
0.0,
0.0,
4.0,
0.0,
5.0,
0.0,
4.0,
11.0,
0.0,
0.0,
0.0,
0.0,
0.0,
0.0,
0.0,
0.0,
4.0,
4.0,
55.0,
255.0,
255.0,
227.0,
29.0,
0.0,
4.0,
10.0,
2.0,
8.0,
7.0,
0.0,
5.0,
0.0,
0.0,
0.0,
5.0,
0.0,
0.0,
0.0,
0.0,
0.0,
0.0,
0.0,
0.0,
0.0,
1.0,
4.0,
208.0,
232.0,
251.0,
165.0,
131.0,
140.0,
117.0,
126.0,
121.0,
129.0,
128.0,
118.0,
121.0,
111.0,
34.0,
0.0,
15.0,
0.0,
0.0,
0.0,
0.0,
0.0,
0.0,
0.0,
0.0,
0.0,
0.0,
0.0,
114.0,
255.0,
255.0,
255.0,
235.0,
247.0,
255.0,
255.0,
251.0,
255.0,
255.0,
252.0,
255.0,
255.0,
165.0,
4.0,
10.0,
0.0,
0.0,
0.0,
0.0,
0.0,
0.0,
0.0,
0.0,
0.0,
6.0,
0.0,
7.0,
145.0,
255.0,
255.0,
249.0,
255.0,
250.0,
255.0,
247.0,
252.0,
252.0,
248.0,
255.0,
252.0,
255.0,
20.0,
0.0,
0.0,
0.0,
0.0,
0.0,
0.0,
0.0,
0.0,
0.0,
0.0,
5.0,
8.0,
3.0,
6.0,
61.0,
134.0,
160.0,
166.0,
165.0,
140.0,
88.0,
63.0,
61.0,
85.0,
135.0,
159.0,
157.0,
0.0,
0.0,
0.0,
0.0,
0.0,
0.0,
0.0,
0.0,
0.0,
0.0,
0.0,
3.0,
0.0,
6.0,
0.0,
0.0,
6.0,
14.0,
0.0,
6.0,
8.0,
0.0,
0.0,
0.0,
0.0,
3.0,
0.0,
13.0,
0.0,
10.0,
5.0,
0.0,
0.0,
0.0,
0.0,
0.0,
0.0,
0.0,
0.0,
0.0,
25.0,
0.0,
1.0,
5.0,
0.0,
0.0,
6.0,
0.0,
2.0,
0.0,
6.0,
6.0,
0.0,
4.0,
0.0,
0.0,
11.0,
1.0,
0.0,
0.0,
0.0,
0.0,
0.0,
0.0,
0.0,
0.0,
0.0,
0.0,
0.0,
0.0,
0.0,
0.0,
0.0,
0.0,
0.0,
0.0,
0.0,
0.0,
0.0,
0.0,
0.0,
0.0,
0.0,
0.0,
0.0,
0.0,
0.0,
0.0,
0.0,
0.0,
0.0,
0.0,
0.0,
0.0,
0.0,
0.0,
0.0,
0.0,
0.0,
0.0,
0.0,
0.0,
0.0,
0.0,
0.0,
0.0,
0.0,
0.0,
0.0,
0.0,
0.0,
0.0,
0.0,
0.0,
0.0,
0.0,
0.0,
0.0,
0.0,
0.0,
0.0,
0.0,
0.0,
0.0,
0.0,
0.0,
0.0,
0.0,
0.0,
0.0,
0.0,
0.0,
0.0,
0.0,
0.0,
0.0,
0.0,
0.0,
0.0,
0.0,
0.0,
0.0,
0.0,
0.0,
0.0,
0.0,
0.0,
0.0,
0.0,
0.0,
0.0,
0.0,
0.0,
0.0,
0.0,
0.0,
0.0,
0.0,
0.0,
0.0,
0.0,
0.0,
0.0,
0.0,
0.0,
0.0,
0.0,
0.0,
0.0,
0.0,
0.0,
