0.0,
13.0,
0.0,
0.0,
3.0,
0.0,
6.0,
0.0,
2.0,
0.0,
0.0,
2.0,
11.0,
0.0,
12.0,
0.0,
0.0,
0.0,
3.0,
5.0,
0.0,
4.0,
9.0,
0.0,
0.0,
0.0,
0.0,
0.0,
0.0,
4.0,
0.0,
6.0,
6.0,
0.0,
3.0,
0.0,
5.0,
6.0,
10.0,
0.0,
0.0,
4.0,
3.0,
0.0,
1.0,
2.0,
0.0,
4.0,
0.0,
8.0,
0.0,
0.0,
0.0,
0.0,
0.0,
0.0,
3.0,
0.0,
0.0,
9.0,
5.0,
0.0,
4.0,
0.0,
1.0,
0.0,
0.0,
3.0,
10.0,
12.0,
0.0,
15.0,
0.0,
6.0,
5.0,
0.0,
4.0,
0.0,
0.0,
1.0,
0.0,
0.0,
0.0,
0.0,
8.0,
0.0,
0.0,
2.0,
0.0,
0.0,
7.0,
0.0,
0.0,
13.0,
0.0,
1.0,
31.0,
101.0,
156.0,
236.0,
237.0,
156.0,
27.0,
9.0,
0.0,
5.0,
0.0,
14.0,
0.0,
0.0,
0.0,
0.0,
4.0,
0.0,
0.0,
0.0,
0.0,
4.0,
0.0,
0.0,
6.0,
3.0,
4.0,
161.0,
255.0,
251.0,
243.0,
255.0,
230.0,
255.0,
232.0,
24.0,
4.0,
0.0,
32.0,
0.0,
0.0,
0.0,
0.0,
0.0,
0.0,
1.0,
6.0,
0.0,
0.0,
2.0,
0.0,
4.0,
42.0,
195.0,
243.0,
255.0,
238.0,
179.0,
134.0,
46.0,
186.0,
255.0,
252.0,
194.0,
15.0,
10.0,
0.0,
0.0,
0.0,
0.0,
0.0,
0.0,
0.0,
3.0,
6.0,
0.0,
5.0,
0.0,
0.0,
62.0,
232.0,
255.0,
212.0,
123.0,
48.0,
3.0,
21.0,
0.0,
0.0,
133.0,
255.0,
255.0,
37.0,
4.0,
0.0,
2.0,
0.0,
0.0,
0.0,
0.0,
2.0,
3.0,
2.0,
0.0,
7.0,
0.0,
11.0,
124.0,
135.0,
70.0,
24.0,
6.0,
10.0,
0.0,
3.0,
1.0,
11.0,
100.0,
242.0,
246.0,
46.0,
0.0,
13.0,
0.0,
0.0,
0.0,
0.0,
0.0,
0.0,
0.0,
0.0,
0.0,
0.0,
0.0,
0.0,
0.0,
0.0,
8.0,
0.0,
0.0,
5.0,
2.0,
0.0,
9.0,
12.0,
86.0,
255.0,
253.0,
41.0,
6.0,
0.0,
0.0,
0.0,
0.0,
0.0,
0.0,
0.0,
0.0,
0.0,
0.0,
0.0,
0.0,
0.0,
0.0,
1.0,
0.0,
15.0,
9.0,
0.0,
5.0,
0.0,
0.0,
0.0,
166.0,
255.0,
246.0,
31.0,
0.0,
17.0,
2.0,
0.0,
0.0,
0.0,
0.0,
0.0,
0.0,
0.0,
0.0,
0.0,
0.0,
0.0,
0.0,
5.0,
5.0,
0.0,
4.0,
12.0,
0.0,
0.0,
14.0,
15.0,
239.0,
236.0,
206.0,
0.0,
0.0,
0.0,
0.0,
0.0,
0.0,
0.0,
0.0,
0.0,
0.0,
0.0,
0.0,
0.0,
0.0,
0.0,
0.0,
0.0,
27.0,
0.0,
0.0,
19.0,
0.0,
0.0,
8.0,
114.0,
255.0,
251.0,
118.0,
1.0,
17.0,
0.0,
11.0,
0.0,
0.0,
0.0,
0.0,
0.0,
0.0,
0.0,
0.0,
0.0,
0.0,
0.0,
0.0,
0.0,
9.0,
7.0,
3.0,
0.0,
4.0,
10.0,
0.0,
186.0,
241.0,
237.0,
0.0,
5.0,
0.0,
0.0,
0.0,
0.0,
0.0,
0.0,
0.0,
0.0,
0.0,
0.0,
0.0,
0.0,
0.0,
0.0,
0.0,
6.0,
0.0,
11.0,
0.0,
0.0,
3.0,
0.0,
80.0,
250.0,
255.0,
183.0,
0.0,
0.0,
3.0,
20.0,
0.0,
0.0,
0.0,
0.0,
0.0,
0.0,
0.0,
0.0,
0.0,
0.0,
0.0,
0.0,
0.0,
2.0,
0.0,
2.0,
0.0,
13.0,
0.0,
20.0,
206.0,
255.0,
202.0,
61.0,
14.0,
0.0,
3.0,
0.0,
0.0,
0.0,
0.0,
0.0,
0.0,
0.0,
0.0,
0.0,
0.0,
0.0,
0.0,
0.0,
0.0,
11.0,
72.0,
58.0,
62.0,
28.0,
7.0,
144.0,
255.0,
253.0,
89.0,
0.0,
0.0,
16.0,
0.0,
0.0,
5.0,
0.0,
0.0,
0.0,
0.0,
0.0,
10.0,
0.0,
0.0,
10.0,
0.0,
4.0,
168.0,
227.0,
244.0,
255.0,
245.0,
228.0,
216.0,
252.0,
252.0,
167.0,
11.0,
0.0,
2.0,
9.0,
0.0,
4.0,
0.0,
0.0,
0.0,
0.0,
0.0,
6.0,
0.0,
0.0,
15.0,
0.0,
55.0,
228.0,
250.0,
253.0,
246.0,
220.0,
255.0,
248.0,
255.0,
255.0,
233.0,
40.0,
22.0,
0.0,
0.0,
10.0,
0.0,
0.0,
0.0,
0.0,
0.0,
0.0,
0.0,
12.0,
0.0,
5.0,
0.0,
28.0,
203.0,
255.0,
246.0,
165.0,
106.0,
148.0,
249.0,
255.0,
253.0,
239.0,
255.0,
201.0,
45.0,
16.0,
3.0,
0.0,
6.0,
0.0,
18.0,
0.0,
0.0,
0.0,
0.0,
0.0,
25.0,
6.0,
1.0,
54.0,
251.0,
255.0,
254.0,
227.0,
255.0,
254.0,
255.0,
236.0,
165.0,
229.0,
249.0,
255.0,
226.0,
93.0,
1.0,
0.0,
0.0,
4.0,
0.0,
0.0,
0.0,
0.0,
0.0,
19.0,
0.0,
0.0,
0.0,
38.0,
255.0,
233.0,
248.0,
249.0,
234.0,
227.0,
150.0,
76.0,
0.0,
20.0,
170.0,
251.0,
255.0,
255.0,
168.0,
150.0,
148.0,
41.0,
14.0,
0.0,
0.0,
0.0,
0.0,
0.0,
13.0,
1.0,
11.0,
13.0,
61.0,
140.0,
130.0,
78.0,
98.0,
0.0,
0.0,
2.0,
2.0,
0.0,
0.0,
148.0,
229.0,
255.0,
255.0,
248.0,
251.0,
158.0,
0.0,
0.0,
0.0,
0.0,
0.0,
0.0,
3.0,
1.0,
0.0,
7.0,
0.0,
0.0,
0.0,
0.0,
0.0,
0.0,
15.0,
8.0,
8.0,
0.0,
10.0,
0.0,
72.0,
170.0,
245.0,
255.0,
185.0,
19.0,
0.0,
0.0,
0.0,
0.0,
0.0,
8.0,
0.0,
0.0,
4.0,
0.0,
10.0,
1.0,
4.0,
0.0,
0.0,
7.0,
0.0,
0.0,
0.0,
24.0,
0.0,
8.0,
0.0,
0.0,
11.0,
0.0,
0.0,
0.0,
5.0,
0.0,
0.0,
0.0,
0.0,
0.0,
0.0,
0.0,
0.0,
0.0,
0.0,
0.0,
0.0,
0.0,
0.0,
0.0,
0.0,
0.0,
0.0,
0.0,
0.0,
0.0,
0.0,
0.0,
0.0,
0.0,
0.0,
0.0,
0.0,
0.0,
0.0,
0.0,
0.0,
0.0,
0.0,
0.0,
0.0,
0.0,
0.0,
0.0,
0.0,
0.0,
0.0,
0.0,
0.0,
0.0,
0.0,
0.0,
0.0,
0.0,
0.0,
0.0,
0.0,
0.0,
0.0,
0.0,
0.0,
0.0,
0.0,
0.0,
0.0,
0.0,
0.0,
0.0,
0.0,
0.0,
0.0,
0.0,
0.0,
0.0,
0.0,
0.0,
0.0,
0.0,
0.0,
0.0,
0.0,
0.0,
0.0,
0.0,
0.0,
0.0,
0.0,
0.0,
0.0,
0.0,
0.0,
0.0,
0.0,
0.0,
0.0,
0.0,
0.0,
0.0,
0.0,
0.0,
0.0,
0.0,
0.0,
0.0,
0.0,
0.0,
0.0,
0.0,
0.0,
0.0,
0.0,
0.0,
0.0,
0.0,
0.0,
0.0,
0.0,
0.0,
0.0,
0.0,
0.0,
