0.0,
0.0,
0.0,
0.0,
0.0,
0.0,
0.0,
0.0,
8.0,
0.0,
12.0,
0.0,
0.0,
7.0,
0.0,
10.0,
4.0,
8.0,
0.0,
0.0,
5.0,
0.0,
0.0,
10.0,
0.0,
0.0,
0.0,
0.0,
0.0,
0.0,
0.0,
0.0,
0.0,
0.0,
0.0,
0.0,
0.0,
0.0,
0.0,
2.0,
17.0,
0.0,
0.0,
0.0,
0.0,
0.0,
11.0,
11.0,
0.0,
7.0,
16.0,
0.0,
0.0,
0.0,
0.0,
0.0,
0.0,
0.0,
0.0,
0.0,
0.0,
0.0,
0.0,
0.0,
7.0,
0.0,
20.0,
0.0,
0.0,
16.0,
1.0,
3.0,
17.0,
3.0,
0.0,
7.0,
8.0,
0.0,
0.0,
11.0,
0.0,
0.0,
0.0,
0.0,
0.0,
0.0,
0.0,
0.0,
0.0,
0.0,
1.0,
1.0,
0.0,
19.0,
3.0,
0.0,
15.0,
0.0,
0.0,
3.0,
0.0,
13.0,
5.0,
0.0,
0.0,
3.0,
0.0,
8.0,
0.0,
0.0,
0.0,
0.0,
0.0,
0.0,
0.0,
0.0,
0.0,
1.0,
2.0,
3.0,
1.0,
44.0,
221.0,
255.0,
239.0,
255.0,
210.0,
68.0,
28.0,
0.0,
0.0,
6.0,
0.0,
3.0,
10.0,
0.0,
0.0,
0.0,
0.0,
0.0,
0.0,
0.0,
0.0,
0.0,
0.0,
1.0,
3.0,
4.0,
72.0,
240.0,
245.0,
206.0,
208.0,
217.0,
251.0,
255.0,
240.0,
115.0,
13.0,
0.0,
0.0,
0.0,
0.0,
8.0,
0.0,
0.0,
0.0,
0.0,
1.0,
0.0,
0.0,
0.0,
0.0,
1.0,
4.0,
5.0,
255.0,
191.0,
37.0,
0.0,
8.0,
18.0,
24.0,
138.0,
240.0,
242.0,
142.0,
17.0,
0.0,
8.0,
6.0,
2.0,
0.0,
0.0,
0.0,
0.0,
1.0,
0.0,
0.0,
0.0,
0.0,
1.0,
4.0,
6.0,
142.0,
100.0,
0.0,
8.0,
0.0,
0.0,
0.0,
4.0,
24.0,
176.0,
255.0,
160.0,
17.0,
0.0,
11.0,
0.0,
0.0,
0.0,
0.0,
0.0,
0.0,
0.0,
0.0,
0.0,
0.0,
0.0,
0.0,
0.0,
0.0,
2.0,
0.0,
0.0,
0.0,
4.0,
3.0,
0.0,
0.0,
4.0,
167.0,
255.0,
40.0,
5.0,
3.0,
0.0,
0.0,
0.0,
0.0,
0.0,
0.0,
0.0,
0.0,
0.0,
0.0,
0.0,
0.0,
0.0,
2.0,
0.0,
0.0,
5.0,
9.0,
4.0,
0.0,
0.0,
0.0,
0.0,
6.0,
240.0,
178.0,
2.0,
0.0,
4.0,
0.0,
0.0,
0.0,
0.0,
0.0,
0.0,
0.0,
0.0,
0.0,
0.0,
0.0,
0.0,
0.0,
4.0,
7.0,
0.0,
0.0,
0.0,
2.0,
1.0,
3.0,
26.0,
0.0,
251.0,
231.0,
10.0,
16.0,
1.0,
0.0,
0.0,
0.0,
0.0,
0.0,
0.0,
0.0,
0.0,
0.0,
0.0,
0.0,
0.0,
9.0,
0.0,
0.0,
16.0,
20.0,
0.0,
0.0,
3.0,
0.0,
0.0,
0.0,
255.0,
255.0,
33.0,
3.0,
0.0,
0.0,
0.0,
0.0,
0.0,
0.0,
0.0,
0.0,
0.0,
0.0,
0.0,
0.0,
0.0,
0.0,
8.0,
1.0,
0.0,
0.0,
0.0,
8.0,
1.0,
11.0,
12.0,
2.0,
247.0,
244.0,
40.0,
0.0,
13.0,
0.0,
0.0,
0.0,
0.0,
0.0,
0.0,
0.0,
0.0,
0.0,
0.0,
0.0,
0.0,
0.0,
8.0,
3.0,
3.0,
42.0,
93.0,
96.0,
63.0,
0.0,
0.0,
0.0,
255.0,
186.0,
24.0,
10.0,
0.0,
0.0,
0.0,
0.0,
0.0,
0.0,
0.0,
0.0,
0.0,
0.0,
0.0,
0.0,
0.0,
0.0,
0.0,
54.0,
185.0,
255.0,
254.0,
246.0,
255.0,
236.0,
138.0,
39.0,
255.0,
80.0,
0.0,
3.0,
0.0,
0.0,
0.0,
0.0,
0.0,
0.0,
0.0,
0.0,
0.0,
0.0,
0.0,
0.0,
0.0,
0.0,
109.0,
220.0,
217.0,
111.0,
32.0,
65.0,
145.0,
222.0,
254.0,
165.0,
254.0,
25.0,
6.0,
0.0,
6.0,
0.0,
0.0,
0.0,
0.0,
3.0,
0.0,
0.0,
0.0,
15.0,
0.0,
4.0,
2.0,
88.0,
239.0,
213.0,
71.0,
0.0,
0.0,
13.0,
0.0,
27.0,
217.0,
229.0,
226.0,
15.0,
7.0,
0.0,
5.0,
0.0,
0.0,
0.0,
0.0,
0.0,
10.0,
2.0,
0.0,
0.0,
13.0,
0.0,
70.0,
234.0,
157.0,
14.0,
0.0,
18.0,
0.0,
4.0,
1.0,
38.0,
221.0,
255.0,
180.0,
0.0,
7.0,
0.0,
0.0,
0.0,
0.0,
0.0,
0.0,
1.0,
1.0,
1.0,
0.0,
0.0,
2.0,
30.0,
204.0,
207.0,
18.0,
5.0,
3.0,
0.0,
0.0,
1.0,
0.0,
99.0,
247.0,
226.0,
251.0,
25.0,
0.0,
0.0,
10.0,
0.0,
0.0,
0.0,
0.0,
0.0,
0.0,
2.0,
10.0,
2.0,
0.0,
119.0,
255.0,
73.0,
0.0,
8.0,
0.0,
11.0,
0.0,
2.0,
139.0,
255.0,
156.0,
0.0,
88.0,
6.0,
7.0,
0.0,
0.0,
0.0,
0.0,
0.0,
0.0,
0.0,
0.0,
5.0,
0.0,
0.0,
9.0,
133.0,
234.0,
0.0,
10.0,
18.0,
0.0,
6.0,
0.0,
144.0,
247.0,
159.0,
24.0,
4.0,
5.0,
1.0,
7.0,
0.0,
9.0,
0.0,
0.0,
0.0,
0.0,
1.0,
1.0,
0.0,
0.0,
0.0,
21.0,
74.0,
255.0,
82.0,
0.0,
0.0,
1.0,
62.0,
166.0,
242.0,
113.0,
27.0,
0.0,
10.0,
0.0,
0.0,
0.0,
0.0,
2.0,
0.0,
0.0,
0.0,
0.0,
3.0,
0.0,
0.0,
4.0,
1.0,
0.0,
23.0,
200.0,
232.0,
197.0,
216.0,
226.0,
245.0,
205.0,
84.0,
0.0,
0.0,
8.0,
0.0,
26.0,
0.0,
0.0,
8.0,
0.0,
0.0,
0.0,
0.0,
0.0,
0.0,
1.0,
6.0,
0.0,
7.0,
0.0,
4.0,
2.0,
137.0,
220.0,
222.0,
146.0,
39.0,
0.0,
5.0,
0.0,
4.0,
0.0,
5.0,
0.0,
1.0,
1.0,
2.0,
0.0,
0.0,
0.0,
0.0,
0.0,
0.0,
0.0,
0.0,
0.0,
0.0,
0.0,
0.0,
0.0,
0.0,
0.0,
0.0,
0.0,
0.0,
0.0,
0.0,
0.0,
0.0,
0.0,
0.0,
0.0,
0.0,
0.0,
0.0,
0.0,
0.0,
0.0,
0.0,
0.0,
0.0,
0.0,
0.0,
0.0,
0.0,
0.0,
0.0,
0.0,
0.0,
0.0,
0.0,
0.0,
0.0,
0.0,
0.0,
0.0,
0.0,
0.0,
0.0,
0.0,
0.0,
0.0,
0.0,
0.0,
0.0,
0.0,
0.0,
0.0,
0.0,
0.0,
0.0,
0.0,
0.0,
0.0,
0.0,
0.0,
0.0,
0.0,
0.0,
0.0,
0.0,
0.0,
0.0,
0.0,
0.0,
0.0,
0.0,
0.0,
0.0,
0.0,
0.0,
0.0,
0.0,
0.0,
0.0,
0.0,
0.0,
0.0,
0.0,
0.0,
0.0,
0.0,
0.0,
0.0,
0.0,
0.0,
0.0,
0.0,
0.0,
0.0,
0.0,
0.0,
0.0,
0.0,
0.0,
0.0,
0.0,
0.0,
0.0,
0.0,
0.0,
0.0,
0.0,
0.0,
