0.0,
0.0,
0.0,
0.0,
0.0,
0.0,
0.0,
0.0,
0.0,
0.0,
7.0,
7.0,
0.0,
9.0,
3.0,
0.0,
5.0,
2.0,
0.0,
13.0,
2.0,
0.0,
0.0,
4.0,
0.0,
0.0,
0.0,
0.0,
0.0,
0.0,
0.0,
0.0,
0.0,
0.0,
0.0,
0.0,
0.0,
27.0,
0.0,
0.0,
3.0,
0.0,
0.0,
6.0,
0.0,
5.0,
6.0,
0.0,
1.0,
0.0,
1.0,
0.0,
0.0,
0.0,
0.0,
0.0,
0.0,
0.0,
0.0,
0.0,
0.0,
0.0,
0.0,
0.0,
0.0,
0.0,
0.0,
0.0,
5.0,
7.0,
8.0,
0.0,
7.0,
0.0,
1.0,
12.0,
1.0,
2.0,
4.0,
2.0,
0.0,
0.0,
0.0,
0.0,
0.0,
0.0,
0.0,
0.0,
0.0,
0.0,
0.0,
0.0,
20.0,
0.0,
11.0,
0.0,
0.0,
0.0,
4.0,
5.0,
0.0,
1.0,
0.0,
0.0,
0.0,
5.0,
0.0,
2.0,
0.0,
0.0,
0.0,
0.0,
0.0,
0.0,
0.0,
0.0,
0.0,
0.0,
0.0,
0.0,
0.0,
6.0,
16.0,
0.0,
0.0,
0.0,
50.0,
149.0,
249.0,
255.0,
201.0,
22.0,
5.0,
0.0,
0.0,
0.0,
0.0,
0.0,
0.0,
0.0,
0.0,
0.0,
0.0,
0.0,
0.0,
0.0,
0.0,
0.0,
10.0,
0.0,
0.0,
53.0,
155.0,
169.0,
244.0,
255.0,
252.0,
249.0,
253.0,
167.0,
0.0,
6.0,
8.0,
0.0,
0.0,
0.0,
0.0,
0.0,
0.0,
0.0,
0.0,
0.0,
0.0,
0.0,
0.0,
0.0,
0.0,
13.0,
146.0,
218.0,
253.0,
238.0,
255.0,
251.0,
255.0,
183.0,
253.0,
255.0,
9.0,
0.0,
1.0,
6.0,
0.0,
0.0,
0.0,
0.0,
0.0,
0.0,
0.0,
0.0,
0.0,
0.0,
0.0,
0.0,
3.0,
59.0,
255.0,
249.0,
249.0,
181.0,
38.0,
47.0,
36.0,
25.0,
216.0,
238.0,
148.0,
7.0,
0.0,
0.0,
0.0,
0.0,
0.0,
0.0,
0.0,
0.0,
0.0,
0.0,
0.0,
0.0,
0.0,
0.0,
0.0,
47.0,
206.0,
255.0,
156.0,
5.0,
0.0,
6.0,
4.0,
0.0,
226.0,
255.0,
188.0,
0.0,
0.0,
9.0,
0.0,
0.0,
0.0,
0.0,
0.0,
0.0,
0.0,
0.0,
0.0,
0.0,
0.0,
0.0,
7.0,
0.0,
0.0,
0.0,
0.0,
4.0,
19.0,
0.0,
0.0,
76.0,
253.0,
236.0,
203.0,
11.0,
8.0,
0.0,
0.0,
0.0,
0.0,
0.0,
0.0,
0.0,
0.0,
0.0,
0.0,
0.0,
0.0,
0.0,
8.0,
0.0,
8.0,
11.0,
4.0,
0.0,
3.0,
12.0,
0.0,
196.0,
254.0,
254.0,
74.0,
0.0,
0.0,
5.0,
0.0,
0.0,
0.0,
0.0,
0.0,
0.0,
0.0,
0.0,
0.0,
0.0,
0.0,
0.0,
0.0,
1.0,
2.0,
0.0,
1.0,
5.0,
1.0,
0.0,
11.0,
211.0,
241.0,
228.0,
3.0,
0.0,
7.0,
0.0,
0.0,
0.0,
0.0,
0.0,
0.0,
0.0,
0.0,
0.0,
0.0,
0.0,
0.0,
0.0,
0.0,
6.0,
4.0,
0.0,
0.0,
8.0,
7.0,
0.0,
0.0,
206.0,
253.0,
195.0,
2.0,
7.0,
0.0,
0.0,
0.0,
0.0,
0.0,
0.0,
0.0,
0.0,
0.0,
0.0,
0.0,
0.0,
0.0,
0.0,
0.0,
0.0,
0.0,
11.0,
0.0,
0.0,
0.0,
0.0,
61.0,
255.0,
251.0,
106.0,
0.0,
6.0,
0.0,
14.0,
0.0,
0.0,
0.0,
0.0,
0.0,
0.0,
0.0,
0.0,
0.0,
0.0,
0.0,
0.0,
9.0,
0.0,
0.0,
53.0,
131.0,
245.0,
254.0,
194.0,
212.0,
255.0,
192.0,
0.0,
19.0,
0.0,
6.0,
0.0,
0.0,
0.0,
0.0,
0.0,
0.0,
0.0,
0.0,
0.0,
0.0,
0.0,
0.0,
0.0,
0.0,
15.0,
111.0,
236.0,
247.0,
255.0,
253.0,
247.0,
255.0,
246.0,
122.0,
7.0,
0.0,
0.0,
0.0,
0.0,
0.0,
0.0,
0.0,
0.0,
0.0,
4.0,
0.0,
1.0,
0.0,
15.0,
4.0,
5.0,
0.0,
201.0,
240.0,
252.0,
233.0,
192.0,
207.0,
255.0,
246.0,
255.0,
54.0,
0.0,
0.0,
3.0,
3.0,
1.0,
0.0,
0.0,
0.0,
0.0,
3.0,
7.0,
0.0,
0.0,
0.0,
0.0,
0.0,
6.0,
88.0,
255.0,
233.0,
80.0,
5.0,
0.0,
177.0,
255.0,
249.0,
252.0,
127.0,
6.0,
6.0,
0.0,
0.0,
7.0,
0.0,
0.0,
0.0,
0.0,
0.0,
0.0,
0.0,
9.0,
12.0,
10.0,
10.0,
93.0,
253.0,
227.0,
116.0,
5.0,
16.0,
163.0,
255.0,
252.0,
255.0,
255.0,
240.0,
157.0,
19.0,
0.0,
7.0,
0.0,
0.0,
0.0,
0.0,
0.0,
2.0,
6.0,
0.0,
0.0,
0.0,
0.0,
7.0,
150.0,
247.0,
181.0,
8.0,
50.0,
160.0,
248.0,
255.0,
187.0,
123.0,
237.0,
255.0,
254.0,
182.0,
23.0,
0.0,
0.0,
0.0,
0.0,
0.0,
0.0,
0.0,
1.0,
0.0,
1.0,
7.0,
12.0,
64.0,
255.0,
253.0,
92.0,
174.0,
255.0,
255.0,
243.0,
175.0,
29.0,
4.0,
107.0,
245.0,
253.0,
230.0,
0.0,
1.0,
11.0,
0.0,
0.0,
0.0,
0.0,
7.0,
1.0,
0.0,
0.0,
0.0,
1.0,
56.0,
255.0,
249.0,
255.0,
236.0,
253.0,
255.0,
126.0,
26.0,
13.0,
0.0,
4.0,
216.0,
255.0,
167.0,
0.0,
12.0,
0.0,
0.0,
0.0,
0.0,
0.0,
0.0,
0.0,
3.0,
4.0,
5.0,
21.0,
63.0,
245.0,
255.0,
224.0,
255.0,
234.0,
40.0,
13.0,
0.0,
0.0,
15.0,
0.0,
10.0,
33.0,
20.0,
7.0,
0.0,
7.0,
0.0,
0.0,
0.0,
0.0,
7.0,
0.0,
7.0,
2.0,
0.0,
0.0,
10.0,
163.0,
255.0,
195.0,
113.0,
9.0,
11.0,
9.0,
0.0,
3.0,
0.0,
15.0,
0.0,
6.0,
2.0,
0.0,
12.0,
0.0,
0.0,
0.0,
0.0,
0.0,
0.0,
0.0,
0.0,
0.0,
0.0,
0.0,
0.0,
0.0,
0.0,
0.0,
0.0,
0.0,
0.0,
0.0,
0.0,
0.0,
0.0,
0.0,
0.0,
0.0,
0.0,
0.0,
0.0,
0.0,
0.0,
0.0,
0.0,
0.0,
0.0,
0.0,
0.0,
0.0,
0.0,
0.0,
0.0,
0.0,
0.0,
0.0,
0.0,
0.0,
0.0,
0.0,
0.0,
0.0,
0.0,
0.0,
0.0,
0.0,
0.0,
0.0,
0.0,
0.0,
0.0,
0.0,
0.0,
0.0,
0.0,
0.0,
0.0,
0.0,
0.0,
0.0,
0.0,
0.0,
0.0,
0.0,
0.0,
0.0,
0.0,
0.0,
0.0,
0.0,
0.0,
0.0,
0.0,
0.0,
0.0,
0.0,
0.0,
0.0,
0.0,
0.0,
0.0,
0.0,
0.0,
0.0,
0.0,
0.0,
0.0,
0.0,
0.0,
0.0,
0.0,
0.0,
0.0,
0.0,
0.0,
0.0,
0.0,
0.0,
0.0,
0.0,
0.0,
0.0,
0.0,
0.0,
0.0,
0.0,
0.0,
0.0,
0.0,
0.0,
