0.0,
0.0,
0.0,
0.0,
0.0,
0.0,
0.0,
0.0,
8.0,
0.0,
4.0,
5.0,
0.0,
12.0,
4.0,
0.0,
1.0,
0.0,
2.0,
0.0,
5.0,
0.0,
6.0,
0.0,
0.0,
0.0,
0.0,
0.0,
0.0,
0.0,
0.0,
0.0,
0.0,
0.0,
0.0,
0.0,
0.0,
5.0,
5.0,
0.0,
0.0,
0.0,
0.0,
12.0,
3.0,
5.0,
9.0,
0.0,
0.0,
8.0,
0.0,
0.0,
0.0,
0.0,
0.0,
0.0,
0.0,
0.0,
0.0,
0.0,
0.0,
0.0,
0.0,
0.0,
14.0,
3.0,
0.0,
12.0,
18.0,
0.0,
0.0,
0.0,
0.0,
0.0,
0.0,
1.0,
0.0,
12.0,
0.0,
9.0,
0.0,
0.0,
0.0,
0.0,
0.0,
0.0,
0.0,
0.0,
0.0,
0.0,
0.0,
0.0,
0.0,
1.0,
5.0,
0.0,
0.0,
3.0,
24.0,
0.0,
9.0,
0.0,
0.0,
6.0,
12.0,
0.0,
0.0,
2.0,
0.0,
0.0,
0.0,
0.0,
0.0,
0.0,
0.0,
0.0,
0.0,
0.0,
0.0,
0.0,
0.0,
1.0,
0.0,
5.0,
10.0,
0.0,
0.0,
0.0,
3.0,
14.0,
0.0,
0.0,
0.0,
0.0,
16.0,
0.0,
0.0,
0.0,
0.0,
0.0,
0.0,
0.0,
0.0,
0.0,
0.0,
0.0,
0.0,
0.0,
2.0,
16.0,
0.0,
0.0,
9.0,
0.0,
0.0,
80.0,
122.0,
250.0,
255.0,
255.0,
176.0,
128.0,
64.0,
2.0,
0.0,
0.0,
0.0,
0.0,
0.0,
0.0,
0.0,
0.0,
0.0,
0.0,
0.0,
0.0,
0.0,
0.0,
1.0,
7.0,
128.0,
255.0,
255.0,
255.0,
253.0,
255.0,
246.0,
249.0,
255.0,
255.0,
126.0,
0.0,
0.0,
0.0,
0.0,
0.0,
0.0,
0.0,
0.0,
0.0,
0.0,
0.0,
0.0,
0.0,
3.0,
6.0,
183.0,
255.0,
243.0,
255.0,
250.0,
253.0,
202.0,
115.0,
140.0,
129.0,
255.0,
253.0,
132.0,
1.0,
0.0,
0.0,
0.0,
0.0,
0.0,
0.0,
0.0,
0.0,
0.0,
0.0,
0.0,
0.0,
0.0,
6.0,
188.0,
133.0,
255.0,
189.0,
134.0,
54.0,
0.0,
6.0,
2.0,
0.0,
126.0,
252.0,
193.0,
0.0,
0.0,
0.0,
0.0,
0.0,
0.0,
0.0,
0.0,
0.0,
0.0,
0.0,
0.0,
0.0,
10.0,
0.0,
0.0,
0.0,
0.0,
0.0,
0.0,
15.0,
0.0,
10.0,
0.0,
13.0,
255.0,
249.0,
142.0,
0.0,
0.0,
0.0,
0.0,
0.0,
0.0,
0.0,
0.0,
0.0,
0.0,
0.0,
0.0,
0.0,
0.0,
4.0,
0.0,
16.0,
7.0,
0.0,
7.0,
0.0,
0.0,
0.0,
16.0,
126.0,
255.0,
252.0,
106.0,
4.0,
0.0,
0.0,
0.0,
0.0,
0.0,
0.0,
0.0,
0.0,
0.0,
0.0,
0.0,
0.0,
4.0,
0.0,
21.0,
0.0,
0.0,
0.0,
13.0,
0.0,
18.0,
0.0,
61.0,
244.0,
251.0,
255.0,
83.0,
2.0,
0.0,
0.0,
0.0,
0.0,
0.0,
0.0,
0.0,
0.0,
0.0,
0.0,
0.0,
0.0,
0.0,
0.0,
11.0,
13.0,
0.0,
0.0,
0.0,
8.0,
0.0,
13.0,
128.0,
255.0,
255.0,
119.0,
0.0,
0.0,
0.0,
0.0,
0.0,
0.0,
0.0,
0.0,
0.0,
0.0,
0.0,
0.0,
0.0,
0.0,
0.0,
13.0,
0.0,
3.0,
3.0,
1.0,
0.0,
0.0,
65.0,
180.0,
247.0,
255.0,
192.0,
1.0,
0.0,
16.0,
0.0,
0.0,
0.0,
0.0,
0.0,
0.0,
0.0,
0.0,
0.0,
0.0,
0.0,
0.0,
0.0,
12.0,
0.0,
0.0,
14.0,
0.0,
0.0,
10.0,
194.0,
255.0,
255.0,
192.0,
58.0,
2.0,
8.0,
0.0,
0.0,
0.0,
0.0,
0.0,
0.0,
0.0,
0.0,
0.0,
0.0,
0.0,
0.0,
0.0,
2.0,
0.0,
12.0,
0.0,
0.0,
4.0,
12.0,
185.0,
247.0,
255.0,
251.0,
126.0,
0.0,
13.0,
0.0,
6.0,
0.0,
0.0,
0.0,
0.0,
8.0,
5.0,
0.0,
0.0,
10.0,
1.0,
0.0,
9.0,
7.0,
0.0,
61.0,
15.0,
0.0,
193.0,
255.0,
251.0,
255.0,
191.0,
2.0,
0.0,
7.0,
0.0,
13.0,
0.0,
0.0,
0.0,
0.0,
0.0,
0.0,
0.0,
19.0,
0.0,
0.0,
3.0,
0.0,
78.0,
121.0,
255.0,
243.0,
246.0,
255.0,
239.0,
255.0,
255.0,
114.0,
13.0,
0.0,
12.0,
0.0,
16.0,
0.0,
9.0,
0.0,
0.0,
0.0,
0.0,
8.0,
0.0,
7.0,
0.0,
7.0,
0.0,
161.0,
229.0,
255.0,
253.0,
255.0,
255.0,
242.0,
255.0,
250.0,
253.0,
255.0,
192.0,
3.0,
0.0,
1.0,
0.0,
10.0,
0.0,
0.0,
0.0,
0.0,
0.0,
0.0,
0.0,
0.0,
4.0,
74.0,
185.0,
255.0,
255.0,
255.0,
245.0,
245.0,
255.0,
194.0,
125.0,
131.0,
253.0,
247.0,
251.0,
255.0,
1.0,
4.0,
3.0,
7.0,
6.0,
0.0,
0.0,
0.0,
0.0,
0.0,
7.0,
11.0,
42.0,
255.0,
255.0,
248.0,
255.0,
243.0,
255.0,
151.0,
60.0,
4.0,
0.0,
10.0,
65.0,
201.0,
252.0,
254.0,
112.0,
2.0,
0.0,
13.0,
0.0,
0.0,
0.0,
0.0,
0.0,
6.0,
0.0,
0.0,
152.0,
255.0,
251.0,
255.0,
247.0,
134.0,
0.0,
0.0,
0.0,
0.0,
37.0,
0.0,
0.0,
64.0,
237.0,
255.0,
203.0,
3.0,
10.0,
0.0,
15.0,
0.0,
0.0,
0.0,
0.0,
0.0,
11.0,
7.0,
0.0,
128.0,
130.0,
6.0,
5.0,
7.0,
0.0,
7.0,
15.0,
0.0,
3.0,
0.0,
6.0,
4.0,
184.0,
253.0,
58.0,
0.0,
0.0,
1.0,
0.0,
0.0,
0.0,
0.0,
0.0,
2.0,
0.0,
0.0,
10.0,
2.0,
0.0,
0.0,
2.0,
0.0,
12.0,
0.0,
1.0,
0.0,
0.0,
0.0,
2.0,
3.0,
6.0,
0.0,
8.0,
0.0,
6.0,
10.0,
0.0,
0.0,
0.0,
0.0,
0.0,
0.0,
0.0,
0.0,
0.0,
0.0,
0.0,
0.0,
0.0,
0.0,
0.0,
0.0,
0.0,
0.0,
0.0,
0.0,
0.0,
0.0,
0.0,
0.0,
0.0,
0.0,
0.0,
0.0,
0.0,
0.0,
0.0,
0.0,
0.0,
0.0,
0.0,
0.0,
0.0,
0.0,
0.0,
0.0,
0.0,
0.0,
0.0,
0.0,
0.0,
0.0,
0.0,
0.0,
0.0,
0.0,
0.0,
0.0,
0.0,
0.0,
0.0,
0.0,
0.0,
0.0,
0.0,
0.0,
0.0,
0.0,
0.0,
0.0,
0.0,
0.0,
0.0,
0.0,
0.0,
0.0,
0.0,
0.0,
0.0,
0.0,
0.0,
0.0,
0.0,
0.0,
0.0,
0.0,
0.0,
0.0,
0.0,
0.0,
0.0,
0.0,
0.0,
0.0,
0.0,
0.0,
0.0,
0.0,
0.0,
0.0,
0.0,
0.0,
0.0,
0.0,
0.0,
0.0,
0.0,
0.0,
0.0,
0.0,
0.0,
0.0,
0.0,
0.0,
0.0,
0.0,
0.0,
0.0,
0.0,
0.0,
0.0,
0.0,
0.0,
