0.0,
0.0,
0.0,
0.0,
0.0,
0.0,
0.0,
0.0,
6.0,
0.0,
0.0,
0.0,
9.0,
0.0,
13.0,
0.0,
0.0,
11.0,
1.0,
0.0,
3.0,
0.0,
0.0,
3.0,
0.0,
0.0,
0.0,
0.0,
0.0,
0.0,
0.0,
0.0,
0.0,
0.0,
0.0,
0.0,
0.0,
19.0,
10.0,
0.0,
0.0,
0.0,
1.0,
6.0,
10.0,
0.0,
0.0,
18.0,
5.0,
0.0,
3.0,
0.0,
0.0,
0.0,
0.0,
0.0,
0.0,
0.0,
0.0,
0.0,
0.0,
0.0,
0.0,
0.0,
6.0,
0.0,
0.0,
9.0,
7.0,
0.0,
0.0,
0.0,
0.0,
6.0,
22.0,
0.0,
0.0,
0.0,
10.0,
0.0,
0.0,
0.0,
0.0,
0.0,
0.0,
0.0,
0.0,
0.0,
0.0,
0.0,
0.0,
0.0,
0.0,
0.0,
9.0,
0.0,
0.0,
8.0,
14.0,
46.0,
112.0,
210.0,
249.0,
114.0,
84.0,
4.0,
0.0,
14.0,
0.0,
0.0,
0.0,
0.0,
0.0,
0.0,
0.0,
0.0,
0.0,
0.0,
0.0,
0.0,
5.0,
2.0,
0.0,
0.0,
20.0,
2.0,
55.0,
245.0,
255.0,
242.0,
250.0,
246.0,
246.0,
102.0,
0.0,
0.0,
0.0,
0.0,
0.0,
0.0,
0.0,
0.0,
0.0,
0.0,
0.0,
0.0,
0.0,
0.0,
0.0,
0.0,
15.0,
0.0,
33.0,
150.0,
255.0,
255.0,
247.0,
246.0,
248.0,
255.0,
248.0,
247.0,
95.0,
0.0,
0.0,
0.0,
0.0,
0.0,
0.0,
0.0,
0.0,
0.0,
0.0,
0.0,
0.0,
0.0,
0.0,
20.0,
0.0,
1.0,
209.0,
255.0,
255.0,
242.0,
255.0,
148.0,
114.0,
220.0,
255.0,
255.0,
93.0,
0.0,
0.0,
0.0,
0.0,
0.0,
0.0,
0.0,
0.0,
0.0,
0.0,
0.0,
0.0,
0.0,
12.0,
0.0,
10.0,
102.0,
255.0,
245.0,
251.0,
209.0,
95.0,
7.0,
0.0,
75.0,
224.0,
255.0,
109.0,
6.0,
0.0,
0.0,
0.0,
0.0,
0.0,
0.0,
0.0,
0.0,
5.0,
1.0,
0.0,
0.0,
0.0,
0.0,
0.0,
27.0,
228.0,
189.0,
105.0,
18.0,
9.0,
0.0,
5.0,
38.0,
220.0,
240.0,
107.0,
1.0,
0.0,
0.0,
0.0,
0.0,
6.0,
0.0,
0.0,
0.0,
3.0,
1.0,
1.0,
6.0,
9.0,
14.0,
0.0,
0.0,
51.0,
29.0,
0.0,
0.0,
0.0,
7.0,
0.0,
201.0,
255.0,
255.0,
102.0,
12.0,
0.0,
0.0,
0.0,
0.0,
0.0,
0.0,
0.0,
5.0,
0.0,
0.0,
0.0,
0.0,
0.0,
0.0,
4.0,
8.0,
11.0,
0.0,
0.0,
7.0,
0.0,
6.0,
0.0,
248.0,
255.0,
235.0,
121.0,
0.0,
0.0,
0.0,
0.0,
0.0,
0.0,
0.0,
6.0,
6.0,
0.0,
0.0,
6.0,
3.0,
18.0,
0.0,
0.0,
0.0,
7.0,
0.0,
4.0,
0.0,
5.0,
25.0,
187.0,
255.0,
245.0,
153.0,
7.0,
10.0,
0.0,
0.0,
0.0,
0.0,
4.0,
5.0,
4.0,
0.0,
0.0,
6.0,
10.0,
2.0,
1.0,
0.0,
1.0,
0.0,
4.0,
0.0,
6.0,
0.0,
0.0,
168.0,
255.0,
252.0,
238.0,
46.0,
0.0,
6.0,
0.0,
0.0,
0.0,
0.0,
1.0,
4.0,
0.0,
0.0,
8.0,
0.0,
0.0,
0.0,
8.0,
33.0,
26.0,
40.0,
32.0,
37.0,
3.0,
0.0,
89.0,
226.0,
246.0,
255.0,
168.0,
18.0,
5.0,
0.0,
0.0,
0.0,
0.0,
0.0,
0.0,
1.0,
0.0,
3.0,
11.0,
0.0,
5.0,
79.0,
170.0,
222.0,
223.0,
240.0,
255.0,
231.0,
124.0,
73.0,
227.0,
255.0,
250.0,
255.0,
116.0,
0.0,
13.0,
0.0,
0.0,
0.0,
0.0,
0.0,
0.0,
8.0,
0.0,
0.0,
3.0,
0.0,
78.0,
244.0,
255.0,
253.0,
194.0,
136.0,
238.0,
255.0,
255.0,
255.0,
253.0,
249.0,
255.0,
0.0,
0.0,
15.0,
0.0,
0.0,
0.0,
0.0,
0.0,
0.0,
0.0,
8.0,
0.0,
0.0,
0.0,
156.0,
232.0,
253.0,
232.0,
171.0,
0.0,
7.0,
93.0,
245.0,
255.0,
245.0,
255.0,
242.0,
100.0,
2.0,
0.0,
0.0,
2.0,
3.0,
0.0,
0.0,
0.0,
0.0,
4.0,
0.0,
13.0,
0.0,
20.0,
185.0,
255.0,
225.0,
73.0,
0.0,
4.0,
28.0,
203.0,
255.0,
226.0,
255.0,
238.0,
225.0,
10.0,
4.0,
0.0,
0.0,
4.0,
0.0,
0.0,
0.0,
0.0,
0.0,
0.0,
12.0,
0.0,
16.0,
136.0,
240.0,
255.0,
68.0,
0.0,
129.0,
143.0,
255.0,
225.0,
255.0,
255.0,
237.0,
250.0,
253.0,
184.0,
12.0,
6.0,
0.0,
9.0,
0.0,
0.0,
0.0,
0.0,
0.0,
0.0,
12.0,
0.0,
100.0,
255.0,
244.0,
237.0,
103.0,
239.0,
247.0,
240.0,
255.0,
251.0,
246.0,
73.0,
61.0,
243.0,
253.0,
251.0,
54.0,
0.0,
0.0,
0.0,
8.0,
0.0,
0.0,
0.0,
0.0,
6.0,
0.0,
9.0,
80.0,
228.0,
255.0,
255.0,
255.0,
253.0,
251.0,
255.0,
255.0,
147.0,
20.0,
7.0,
0.0,
176.0,
250.0,
243.0,
253.0,
193.0,
41.0,
20.0,
0.0,
0.0,
0.0,
0.0,
0.0,
4.0,
0.0,
10.0,
0.0,
60.0,
180.0,
253.0,
239.0,
219.0,
221.0,
123.0,
70.0,
9.0,
10.0,
0.0,
6.0,
62.0,
247.0,
255.0,
255.0,
142.0,
0.0,
19.0,
0.0,
0.0,
0.0,
0.0,
0.0,
0.0,
2.0,
4.0,
0.0,
0.0,
4.0,
113.0,
113.0,
16.0,
0.0,
12.0,
4.0,
0.0,
0.0,
5.0,
3.0,
0.0,
194.0,
230.0,
188.0,
25.0,
13.0,
0.0,
0.0,
0.0,
0.0,
0.0,
0.0,
3.0,
0.0,
12.0,
0.0,
15.0,
1.0,
3.0,
0.0,
6.0,
0.0,
4.0,
0.0,
11.0,
0.0,
9.0,
0.0,
0.0,
0.0,
24.0,
0.0,
4.0,
0.0,
0.0,
5.0,
0.0,
0.0,
0.0,
0.0,
0.0,
0.0,
0.0,
0.0,
0.0,
0.0,
0.0,
0.0,
0.0,
0.0,
0.0,
0.0,
0.0,
0.0,
0.0,
0.0,
0.0,
0.0,
0.0,
0.0,
0.0,
0.0,
0.0,
0.0,
0.0,
0.0,
0.0,
0.0,
0.0,
0.0,
0.0,
0.0,
0.0,
0.0,
0.0,
0.0,
0.0,
0.0,
0.0,
0.0,
0.0,
0.0,
0.0,
0.0,
0.0,
0.0,
0.0,
0.0,
0.0,
0.0,
0.0,
0.0,
0.0,
0.0,
0.0,
0.0,
0.0,
0.0,
0.0,
0.0,
0.0,
0.0,
0.0,
0.0,
0.0,
0.0,
0.0,
0.0,
0.0,
0.0,
0.0,
0.0,
0.0,
0.0,
0.0,
0.0,
0.0,
0.0,
0.0,
0.0,
0.0,
0.0,
0.0,
0.0,
0.0,
0.0,
0.0,
0.0,
0.0,
0.0,
0.0,
0.0,
0.0,
0.0,
0.0,
0.0,
0.0,
0.0,
0.0,
0.0,
0.0,
0.0,
0.0,
0.0,
0.0,
0.0,
0.0,
0.0,
0.0,
0.0,
0.0,
0.0,
