0.0,
0.0,
0.0,
0.0,
0.0,
0.0,
0.0,
0.0,
0.0,
5.0,
0.0,
13.0,
0.0,
0.0,
3.0,
6.0,
5.0,
0.0,
17.0,
3.0,
0.0,
0.0,
8.0,
0.0,
0.0,
0.0,
0.0,
0.0,
0.0,
0.0,
0.0,
0.0,
0.0,
0.0,
0.0,
0.0,
3.0,
0.0,
1.0,
4.0,
0.0,
1.0,
15.0,
0.0,
4.0,
5.0,
0.0,
0.0,
8.0,
6.0,
0.0,
10.0,
0.0,
0.0,
0.0,
0.0,
0.0,
0.0,
0.0,
0.0,
0.0,
0.0,
0.0,
0.0,
1.0,
2.0,
2.0,
0.0,
9.0,
0.0,
0.0,
13.0,
0.0,
19.0,
0.0,
0.0,
0.0,
0.0,
0.0,
5.0,
0.0,
0.0,
0.0,
0.0,
0.0,
0.0,
0.0,
0.0,
0.0,
0.0,
0.0,
0.0,
0.0,
0.0,
20.0,
0.0,
0.0,
15.0,
8.0,
0.0,
12.0,
0.0,
0.0,
10.0,
2.0,
0.0,
13.0,
1.0,
0.0,
0.0,
0.0,
0.0,
0.0,
0.0,
0.0,
0.0,
0.0,
0.0,
0.0,
0.0,
3.0,
13.0,
0.0,
10.0,
10.0,
24.0,
14.0,
118.0,
149.0,
165.0,
250.0,
254.0,
172.0,
3.0,
0.0,
4.0,
0.0,
0.0,
0.0,
0.0,
0.0,
0.0,
0.0,
0.0,
0.0,
0.0,
0.0,
0.0,
0.0,
4.0,
62.0,
203.0,
224.0,
249.0,
216.0,
250.0,
255.0,
255.0,
255.0,
246.0,
229.0,
92.0,
0.0,
0.0,
0.0,
0.0,
0.0,
0.0,
0.0,
0.0,
0.0,
0.0,
0.0,
0.0,
0.0,
0.0,
28.0,
203.0,
255.0,
255.0,
240.0,
255.0,
244.0,
255.0,
234.0,
217.0,
197.0,
255.0,
255.0,
213.0,
15.0,
6.0,
0.0,
0.0,
0.0,
0.0,
0.0,
0.0,
0.0,
0.0,
0.0,
0.0,
0.0,
0.0,
163.0,
249.0,
252.0,
253.0,
243.0,
253.0,
255.0,
251.0,
97.0,
6.0,
7.0,
246.0,
255.0,
255.0,
9.0,
0.0,
0.0,
0.0,
0.0,
0.0,
0.0,
3.0,
0.0,
0.0,
0.0,
0.0,
0.0,
107.0,
255.0,
240.0,
255.0,
247.0,
249.0,
255.0,
243.0,
255.0,
114.0,
0.0,
0.0,
185.0,
255.0,
249.0,
18.0,
3.0,
0.0,
0.0,
0.0,
0.0,
0.0,
6.0,
0.0,
0.0,
2.0,
2.0,
98.0,
237.0,
248.0,
255.0,
248.0,
186.0,
31.0,
26.0,
255.0,
236.0,
135.0,
8.0,
0.0,
255.0,
245.0,
177.0,
15.0,
0.0,
0.0,
0.0,
0.0,
0.0,
2.0,
4.0,
0.0,
0.0,
5.0,
0.0,
145.0,
255.0,
255.0,
214.0,
52.0,
0.0,
15.0,
2.0,
165.0,
119.0,
2.0,
0.0,
55.0,
253.0,
246.0,
86.0,
0.0,
0.0,
0.0,
0.0,
0.0,
0.0,
5.0,
0.0,
0.0,
7.0,
2.0,
0.0,
77.0,
145.0,
130.0,
22.0,
10.0,
12.0,
0.0,
18.0,
194.0,
86.0,
0.0,
33.0,
255.0,
220.0,
223.0,
36.0,
0.0,
6.0,
0.0,
0.0,
0.0,
0.0,
5.0,
0.0,
4.0,
10.0,
0.0,
1.0,
0.0,
16.0,
15.0,
0.0,
0.0,
11.0,
7.0,
44.0,
136.0,
23.0,
61.0,
202.0,
232.0,
255.0,
41.0,
0.0,
0.0,
0.0,
0.0,
0.0,
0.0,
0.0,
4.0,
0.0,
7.0,
4.0,
0.0,
12.0,
0.0,
0.0,
0.0,
8.0,
0.0,
0.0,
1.0,
7.0,
0.0,
2.0,
200.0,
251.0,
255.0,
108.0,
3.0,
1.0,
6.0,
11.0,
0.0,
0.0,
0.0,
0.0,
1.0,
2.0,
2.0,
0.0,
0.0,
5.0,
4.0,
9.0,
0.0,
3.0,
9.0,
1.0,
4.0,
1.0,
5.0,
147.0,
253.0,
255.0,
168.0,
0.0,
12.0,
3.0,
0.0,
0.0,
0.0,
0.0,
0.0,
0.0,
0.0,
3.0,
0.0,
0.0,
16.0,
0.0,
5.0,
0.0,
0.0,
12.0,
0.0,
16.0,
0.0,
4.0,
173.0,
250.0,
255.0,
181.0,
1.0,
0.0,
0.0,
0.0,
10.0,
1.0,
0.0,
0.0,
0.0,
0.0,
0.0,
2.0,
2.0,
0.0,
4.0,
0.0,
13.0,
0.0,
0.0,
0.0,
15.0,
0.0,
67.0,
199.0,
250.0,
251.0,
232.0,
41.0,
1.0,
0.0,
0.0,
9.0,
0.0,
3.0,
0.0,
0.0,
0.0,
0.0,
0.0,
0.0,
4.0,
3.0,
0.0,
0.0,
0.0,
6.0,
0.0,
25.0,
100.0,
148.0,
237.0,
254.0,
255.0,
194.0,
46.0,
0.0,
6.0,
0.0,
0.0,
1.0,
0.0,
0.0,
0.0,
0.0,
0.0,
0.0,
0.0,
0.0,
8.0,
0.0,
0.0,
12.0,
0.0,
8.0,
122.0,
220.0,
255.0,
247.0,
255.0,
237.0,
255.0,
123.0,
4.0,
0.0,
2.0,
10.0,
3.0,
0.0,
1.0,
0.0,
0.0,
0.0,
0.0,
0.0,
9.0,
0.0,
5.0,
0.0,
5.0,
0.0,
83.0,
192.0,
252.0,
255.0,
244.0,
242.0,
255.0,
255.0,
235.0,
61.0,
13.0,
0.0,
19.0,
34.0,
0.0,
1.0,
2.0,
4.0,
0.0,
0.0,
0.0,
0.0,
0.0,
0.0,
4.0,
0.0,
14.0,
3.0,
168.0,
255.0,
255.0,
255.0,
255.0,
255.0,
234.0,
247.0,
255.0,
218.0,
201.0,
227.0,
239.0,
251.0,
222.0,
225.0,
58.0,
0.0,
0.0,
0.0,
0.0,
0.0,
0.0,
4.0,
1.0,
0.0,
2.0,
0.0,
176.0,
249.0,
242.0,
243.0,
255.0,
255.0,
239.0,
255.0,
255.0,
237.0,
252.0,
255.0,
232.0,
237.0,
253.0,
230.0,
8.0,
0.0,
0.0,
0.0,
0.0,
0.0,
10.0,
0.0,
0.0,
13.0,
0.0,
7.0,
174.0,
255.0,
255.0,
245.0,
241.0,
255.0,
254.0,
253.0,
254.0,
255.0,
246.0,
243.0,
225.0,
235.0,
215.0,
136.0,
0.0,
26.0,
0.0,
0.0,
0.0,
0.0,
0.0,
14.0,
1.0,
0.0,
0.0,
146.0,
188.0,
95.0,
169.0,
243.0,
255.0,
247.0,
248.0,
252.0,
243.0,
174.0,
165.0,
62.0,
5.0,
1.0,
0.0,
3.0,
4.0,
0.0,
0.0,
0.0,
0.0,
0.0,
0.0,
0.0,
0.0,
0.0,
0.0,
0.0,
0.0,
0.0,
0.0,
0.0,
0.0,
0.0,
0.0,
0.0,
0.0,
0.0,
0.0,
0.0,
0.0,
0.0,
0.0,
0.0,
0.0,
0.0,
0.0,
0.0,
0.0,
0.0,
0.0,
0.0,
0.0,
0.0,
0.0,
0.0,
0.0,
0.0,
0.0,
0.0,
0.0,
0.0,
0.0,
0.0,
0.0,
0.0,
0.0,
0.0,
0.0,
0.0,
0.0,
0.0,
0.0,
0.0,
0.0,
0.0,
0.0,
0.0,
0.0,
0.0,
0.0,
0.0,
0.0,
0.0,
0.0,
0.0,
0.0,
0.0,
0.0,
0.0,
0.0,
0.0,
0.0,
0.0,
0.0,
0.0,
0.0,
0.0,
0.0,
0.0,
0.0,
0.0,
0.0,
0.0,
0.0,
0.0,
0.0,
0.0,
0.0,
0.0,
0.0,
0.0,
0.0,
0.0,
0.0,
0.0,
0.0,
0.0,
0.0,
0.0,
0.0,
0.0,
0.0,
0.0,
0.0,
0.0,
0.0,
0.0,
0.0,
0.0,
0.0,
0.0,
0.0,
0.0,
