0.0,
0.0,
0.0,
0.0,
0.0,
0.0,
0.0,
0.0,
0.0,
15.0,
0.0,
6.0,
0.0,
5.0,
2.0,
0.0,
2.0,
0.0,
1.0,
0.0,
0.0,
1.0,
0.0,
0.0,
0.0,
0.0,
0.0,
0.0,
0.0,
0.0,
0.0,
0.0,
0.0,
0.0,
0.0,
0.0,
15.0,
0.0,
0.0,
0.0,
0.0,
5.0,
0.0,
6.0,
0.0,
7.0,
0.0,
0.0,
0.0,
3.0,
0.0,
9.0,
0.0,
0.0,
0.0,
0.0,
0.0,
0.0,
0.0,
0.0,
0.0,
0.0,
0.0,
0.0,
9.0,
0.0,
9.0,
17.0,
0.0,
6.0,
6.0,
0.0,
0.0,
5.0,
0.0,
7.0,
0.0,
11.0,
1.0,
0.0,
0.0,
0.0,
0.0,
0.0,
0.0,
0.0,
0.0,
0.0,
0.0,
0.0,
0.0,
0.0,
0.0,
7.0,
0.0,
116.0,
223.0,
234.0,
110.0,
60.0,
23.0,
0.0,
0.0,
26.0,
0.0,
0.0,
4.0,
0.0,
0.0,
0.0,
0.0,
0.0,
0.0,
0.0,
0.0,
0.0,
0.0,
0.0,
0.0,
0.0,
6.0,
0.0,
114.0,
248.0,
255.0,
255.0,
248.0,
246.0,
217.0,
104.0,
19.0,
0.0,
1.0,
0.0,
2.0,
6.0,
0.0,
0.0,
0.0,
0.0,
0.0,
0.0,
0.0,
0.0,
0.0,
0.0,
0.0,
0.0,
0.0,
24.0,
222.0,
208.0,
228.0,
252.0,
254.0,
247.0,
255.0,
255.0,
156.0,
18.0,
1.0,
10.0,
0.0,
4.0,
0.0,
0.0,
0.0,
0.0,
0.0,
0.0,
0.0,
0.0,
0.0,
0.0,
0.0,
0.0,
0.0,
87.0,
182.0,
49.0,
59.0,
209.0,
255.0,
144.0,
48.0,
234.0,
255.0,
167.0,
22.0,
3.0,
0.0,
4.0,
0.0,
0.0,
0.0,
0.0,
0.0,
0.0,
0.0,
0.0,
0.0,
0.0,
0.0,
0.0,
4.0,
234.0,
146.0,
4.0,
59.0,
230.0,
249.0,
96.0,
10.0,
129.0,
228.0,
255.0,
60.0,
18.0,
0.0,
0.0,
0.0,
0.0,
0.0,
0.0,
0.0,
0.0,
0.0,
0.0,
0.0,
0.0,
0.0,
0.0,
16.0,
254.0,
240.0,
177.0,
229.0,
249.0,
221.0,
2.0,
0.0,
0.0,
74.0,
255.0,
160.0,
0.0,
14.0,
0.0,
0.0,
0.0,
0.0,
0.0,
0.0,
0.0,
0.0,
0.0,
0.0,
0.0,
0.0,
0.0,
0.0,
57.0,
255.0,
239.0,
255.0,
236.0,
29.0,
8.0,
5.0,
1.0,
51.0,
220.0,
240.0,
48.0,
0.0,
11.0,
0.0,
0.0,
0.0,
0.0,
0.0,
0.0,
0.0,
0.0,
0.0,
0.0,
0.0,
0.0,
0.0,
18.0,
68.0,
137.0,
141.0,
41.0,
4.0,
0.0,
5.0,
0.0,
5.0,
126.0,
255.0,
163.0,
0.0,
0.0,
0.0,
0.0,
0.0,
0.0,
0.0,
0.0,
0.0,
0.0,
0.0,
0.0,
0.0,
0.0,
5.0,
0.0,
5.0,
3.0,
2.0,
1.0,
0.0,
0.0,
3.0,
0.0,
0.0,
79.0,
244.0,
240.0,
9.0,
0.0,
0.0,
0.0,
0.0,
0.0,
0.0,
0.0,
0.0,
0.0,
0.0,
0.0,
0.0,
0.0,
0.0,
5.0,
0.0,
8.0,
3.0,
0.0,
15.0,
0.0,
3.0,
0.0,
10.0,
71.0,
254.0,
239.0,
0.0,
2.0,
0.0,
0.0,
0.0,
0.0,
0.0,
0.0,
0.0,
0.0,
0.0,
0.0,
0.0,
0.0,
0.0,
0.0,
0.0,
5.0,
0.0,
0.0,
1.0,
2.0,
0.0,
0.0,
6.0,
32.0,
255.0,
232.0,
0.0,
5.0,
0.0,
0.0,
0.0,
0.0,
0.0,
0.0,
0.0,
0.0,
0.0,
0.0,
0.0,
0.0,
0.0,
9.0,
3.0,
7.0,
0.0,
7.0,
0.0,
1.0,
0.0,
2.0,
7.0,
84.0,
253.0,
236.0,
8.0,
0.0,
0.0,
0.0,
0.0,
0.0,
0.0,
0.0,
0.0,
0.0,
0.0,
0.0,
0.0,
0.0,
5.0,
0.0,
0.0,
4.0,
0.0,
12.0,
0.0,
2.0,
8.0,
0.0,
40.0,
237.0,
255.0,
221.0,
0.0,
5.0,
0.0,
0.0,
0.0,
0.0,
6.0,
0.0,
3.0,
0.0,
12.0,
5.0,
0.0,
9.0,
65.0,
133.0,
121.0,
126.0,
134.0,
30.0,
2.0,
0.0,
5.0,
0.0,
157.0,
248.0,
229.0,
50.0,
0.0,
3.0,
0.0,
0.0,
0.0,
0.0,
0.0,
11.0,
10.0,
0.0,
0.0,
37.0,
145.0,
238.0,
253.0,
255.0,
254.0,
255.0,
242.0,
255.0,
249.0,
235.0,
233.0,
242.0,
255.0,
246.0,
169.0,
4.0,
9.0,
0.0,
0.0,
0.0,
0.0,
0.0,
16.0,
0.0,
0.0,
0.0,
29.0,
209.0,
243.0,
255.0,
217.0,
91.0,
36.0,
167.0,
171.0,
224.0,
255.0,
246.0,
249.0,
255.0,
253.0,
169.0,
2.0,
0.0,
7.0,
5.0,
0.0,
0.0,
0.0,
0.0,
0.0,
0.0,
4.0,
1.0,
222.0,
232.0,
204.0,
48.0,
5.0,
1.0,
4.0,
8.0,
0.0,
36.0,
54.0,
204.0,
254.0,
255.0,
250.0,
144.0,
0.0,
12.0,
0.0,
5.0,
0.0,
0.0,
0.0,
0.0,
5.0,
6.0,
0.0,
0.0,
240.0,
251.0,
73.0,
2.0,
3.0,
13.0,
0.0,
0.0,
8.0,
68.0,
188.0,
253.0,
252.0,
224.0,
243.0,
255.0,
56.0,
0.0,
13.0,
4.0,
0.0,
0.0,
0.0,
0.0,
0.0,
0.0,
0.0,
10.0,
217.0,
255.0,
241.0,
128.0,
29.0,
8.0,
27.0,
26.0,
136.0,
224.0,
249.0,
248.0,
178.0,
41.0,
162.0,
233.0,
148.0,
16.0,
19.0,
0.0,
0.0,
0.0,
0.0,
0.0,
8.0,
0.0,
6.0,
12.0,
31.0,
214.0,
255.0,
255.0,
255.0,
255.0,
253.0,
241.0,
251.0,
255.0,
244.0,
46.0,
0.0,
0.0,
39.0,
239.0,
251.0,
253.0,
0.0,
15.0,
0.0,
0.0,
0.0,
0.0,
1.0,
0.0,
0.0,
7.0,
1.0,
3.0,
0.0,
0.0,
0.0,
1.0,
3.0,
4.0,
2.0,
0.0,
21.0,
0.0,
6.0,
0.0,
0.0,
9.0,
0.0,
2.0,
0.0,
0.0,
0.0,
0.0,
0.0,
0.0,
0.0,
0.0,
0.0,
0.0,
0.0,
0.0,
0.0,
0.0,
0.0,
0.0,
0.0,
0.0,
0.0,
0.0,
0.0,
0.0,
0.0,
0.0,
0.0,
0.0,
0.0,
0.0,
0.0,
0.0,
0.0,
0.0,
0.0,
0.0,
0.0,
0.0,
0.0,
0.0,
0.0,
0.0,
0.0,
0.0,
0.0,
0.0,
0.0,
0.0,
0.0,
0.0,
0.0,
0.0,
0.0,
0.0,
0.0,
0.0,
0.0,
0.0,
0.0,
0.0,
0.0,
0.0,
0.0,
0.0,
0.0,
0.0,
0.0,
0.0,
0.0,
0.0,
0.0,
0.0,
0.0,
0.0,
0.0,
0.0,
0.0,
0.0,
0.0,
0.0,
0.0,
0.0,
0.0,
0.0,
0.0,
0.0,
0.0,
0.0,
0.0,
0.0,
0.0,
0.0,
0.0,
0.0,
0.0,
0.0,
0.0,
0.0,
0.0,
0.0,
0.0,
0.0,
0.0,
0.0,
0.0,
0.0,
0.0,
0.0,
0.0,
0.0,
0.0,
0.0,
0.0,
0.0,
0.0,
0.0,
0.0,
0.0,
0.0,
0.0,
