0.0,
0.0,
0.0,
0.0,
0.0,
0.0,
0.0,
0.0,
5.0,
0.0,
17.0,
0.0,
0.0,
9.0,
0.0,
7.0,
8.0,
0.0,
11.0,
0.0,
0.0,
6.0,
0.0,
4.0,
0.0,
0.0,
0.0,
0.0,
0.0,
0.0,
0.0,
0.0,
0.0,
0.0,
0.0,
0.0,
0.0,
14.0,
0.0,
0.0,
12.0,
0.0,
13.0,
0.0,
0.0,
0.0,
0.0,
12.0,
18.0,
8.0,
0.0,
0.0,
0.0,
0.0,
0.0,
0.0,
0.0,
0.0,
0.0,
0.0,
0.0,
0.0,
0.0,
0.0,
0.0,
10.0,
0.0,
6.0,
0.0,
0.0,
0.0,
8.0,
0.0,
26.0,
20.0,
0.0,
0.0,
4.0,
1.0,
14.0,
0.0,
0.0,
0.0,
0.0,
0.0,
0.0,
0.0,
0.0,
0.0,
0.0,
0.0,
0.0,
5.0,
0.0,
6.0,
8.0,
0.0,
4.0,
40.0,
115.0,
238.0,
255.0,
244.0,
58.0,
4.0,
2.0,
0.0,
0.0,
0.0,
0.0,
0.0,
0.0,
0.0,
0.0,
0.0,
0.0,
0.0,
0.0,
0.0,
0.0,
7.0,
0.0,
1.0,
0.0,
13.0,
42.0,
212.0,
243.0,
253.0,
249.0,
237.0,
103.0,
5.0,
0.0,
0.0,
7.0,
0.0,
0.0,
0.0,
0.0,
0.0,
0.0,
0.0,
0.0,
0.0,
0.0,
0.0,
0.0,
2.0,
1.0,
2.0,
0.0,
19.0,
166.0,
255.0,
255.0,
255.0,
255.0,
255.0,
196.0,
0.0,
0.0,
7.0,
0.0,
0.0,
0.0,
0.0,
0.0,
0.0,
0.0,
0.0,
0.0,
0.0,
0.0,
0.0,
0.0,
1.0,
0.0,
10.0,
4.0,
60.0,
255.0,
229.0,
245.0,
173.0,
125.0,
248.0,
222.0,
0.0,
0.0,
15.0,
0.0,
0.0,
0.0,
0.0,
0.0,
0.0,
0.0,
0.0,
0.0,
0.0,
0.0,
0.0,
0.0,
3.0,
0.0,
7.0,
0.0,
148.0,
253.0,
255.0,
255.0,
165.0,
0.0,
255.0,
247.0,
64.0,
17.0,
0.0,
1.0,
0.0,
0.0,
0.0,
0.0,
0.0,
2.0,
0.0,
4.0,
8.0,
0.0,
0.0,
0.0,
3.0,
0.0,
5.0,
9.0,
140.0,
238.0,
255.0,
216.0,
39.0,
0.0,
250.0,
251.0,
96.0,
0.0,
11.0,
0.0,
0.0,
0.0,
0.0,
0.0,
5.0,
7.0,
0.0,
0.0,
0.0,
6.0,
9.0,
0.0,
0.0,
1.0,
0.0,
0.0,
138.0,
255.0,
220.0,
68.0,
0.0,
0.0,
255.0,
217.0,
0.0,
0.0,
11.0,
2.0,
0.0,
0.0,
0.0,
0.0,
0.0,
0.0,
3.0,
0.0,
0.0,
5.0,
4.0,
0.0,
0.0,
16.0,
3.0,
0.0,
28.0,
88.0,
62.0,
0.0,
6.0,
4.0,
245.0,
179.0,
0.0,
18.0,
0.0,
0.0,
0.0,
0.0,
0.0,
0.0,
0.0,
0.0,
7.0,
11.0,
0.0,
0.0,
0.0,
1.0,
4.0,
0.0,
0.0,
0.0,
4.0,
4.0,
0.0,
0.0,
0.0,
65.0,
245.0,
102.0,
0.0,
0.0,
0.0,
19.0,
0.0,
0.0,
0.0,
0.0,
4.0,
0.0,
5.0,
0.0,
0.0,
6.0,
1.0,
8.0,
0.0,
0.0,
10.0,
0.0,
51.0,
59.0,
52.0,
3.0,
7.0,
148.0,
255.0,
101.0,
11.0,
8.0,
3.0,
0.0,
0.0,
0.0,
0.0,
0.0,
3.0,
4.0,
10.0,
0.0,
0.0,
13.0,
0.0,
0.0,
57.0,
111.0,
195.0,
208.0,
255.0,
248.0,
240.0,
190.0,
187.0,
248.0,
237.0,
124.0,
0.0,
0.0,
14.0,
6.0,
0.0,
0.0,
0.0,
0.0,
0.0,
0.0,
10.0,
0.0,
4.0,
3.0,
0.0,
58.0,
253.0,
249.0,
255.0,
240.0,
252.0,
244.0,
255.0,
255.0,
252.0,
255.0,
249.0,
218.0,
89.0,
0.0,
0.0,
3.0,
0.0,
0.0,
0.0,
0.0,
5.0,
0.0,
0.0,
0.0,
5.0,
0.0,
25.0,
187.0,
243.0,
255.0,
255.0,
255.0,
253.0,
255.0,
255.0,
248.0,
250.0,
255.0,
248.0,
254.0,
250.0,
113.0,
13.0,
0.0,
0.0,
0.0,
0.0,
0.0,
0.0,
10.0,
0.0,
3.0,
0.0,
0.0,
60.0,
246.0,
210.0,
86.0,
47.0,
2.0,
74.0,
113.0,
174.0,
251.0,
252.0,
255.0,
241.0,
255.0,
237.0,
255.0,
64.0,
0.0,
0.0,
0.0,
0.0,
0.0,
0.0,
9.0,
3.0,
7.0,
4.0,
0.0,
144.0,
228.0,
23.0,
6.0,
12.0,
2.0,
13.0,
39.0,
223.0,
254.0,
255.0,
247.0,
144.0,
240.0,
252.0,
255.0,
199.0,
21.0,
0.0,
0.0,
0.0,
0.0,
13.0,
1.0,
0.0,
0.0,
11.0,
23.0,
255.0,
221.0,
8.0,
1.0,
0.0,
8.0,
116.0,
216.0,
240.0,
255.0,
244.0,
138.0,
0.0,
59.0,
162.0,
255.0,
255.0,
121.0,
0.0,
0.0,
0.0,
0.0,
0.0,
0.0,
19.0,
7.0,
1.0,
0.0,
255.0,
233.0,
172.0,
87.0,
60.0,
176.0,
249.0,
248.0,
255.0,
248.0,
138.0,
11.0,
0.0,
6.0,
41.0,
255.0,
255.0,
110.0,
0.0,
0.0,
0.0,
0.0,
12.0,
0.0,
0.0,
0.0,
9.0,
29.0,
246.0,
255.0,
243.0,
235.0,
255.0,
243.0,
255.0,
255.0,
244.0,
157.0,
0.0,
11.0,
0.0,
0.0,
48.0,
255.0,
235.0,
34.0,
0.0,
0.0,
0.0,
0.0,
0.0,
1.0,
13.0,
0.0,
0.0,
0.0,
143.0,
239.0,
255.0,
248.0,
255.0,
252.0,
240.0,
224.0,
40.0,
8.0,
14.0,
0.0,
0.0,
15.0,
29.0,
209.0,
191.0,
19.0,
0.0,
0.0,
0.0,
0.0,
0.0,
0.0,
2.0,
0.0,
6.0,
0.0,
3.0,
30.0,
113.0,
220.0,
242.0,
255.0,
62.0,
25.0,
5.0,
0.0,
0.0,
0.0,
6.0,
0.0,
0.0,
30.0,
0.0,
6.0,
0.0,
0.0,
0.0,
0.0,
3.0,
1.0,
2.0,
0.0,
11.0,
5.0,
0.0,
0.0,
0.0,
9.0,
3.0,
0.0,
0.0,
0.0,
2.0,
0.0,
2.0,
0.0,
0.0,
0.0,
6.0,
0.0,
0.0,
0.0,
0.0,
0.0,
0.0,
0.0,
0.0,
0.0,
0.0,
0.0,
0.0,
0.0,
0.0,
0.0,
0.0,
0.0,
0.0,
0.0,
0.0,
0.0,
0.0,
0.0,
0.0,
0.0,
0.0,
0.0,
0.0,
0.0,
0.0,
0.0,
0.0,
0.0,
0.0,
0.0,
0.0,
0.0,
0.0,
0.0,
0.0,
0.0,
0.0,
0.0,
0.0,
0.0,
0.0,
0.0,
0.0,
0.0,
0.0,
0.0,
0.0,
0.0,
0.0,
0.0,
0.0,
0.0,
0.0,
0.0,
0.0,
0.0,
0.0,
0.0,
0.0,
0.0,
0.0,
0.0,
0.0,
0.0,
0.0,
0.0,
0.0,
0.0,
0.0,
0.0,
0.0,
0.0,
0.0,
0.0,
0.0,
0.0,
0.0,
0.0,
0.0,
0.0,
0.0,
0.0,
0.0,
0.0,
0.0,
0.0,
0.0,
0.0,
0.0,
0.0,
0.0,
0.0,
0.0,
0.0,
0.0,
0.0,
0.0,
0.0,
0.0,
0.0,
0.0,
0.0,
0.0,
0.0,
0.0,
0.0,
0.0,
0.0,
0.0,
0.0,
0.0,
0.0,
0.0,
0.0,
