4.0,
0.0,
0.0,
3.0,
3.0,
4.0,
3.0,
0.0,
0.0,
0.0,
0.0,
6.0,
0.0,
4.0,
0.0,
11.0,
0.0,
0.0,
5.0,
8.0,
0.0,
3.0,
7.0,
0.0,
0.0,
0.0,
0.0,
0.0,
2.0,
6.0,
4.0,
0.0,
0.0,
5.0,
0.0,
6.0,
0.0,
20.0,
2.0,
4.0,
0.0,
1.0,
0.0,
0.0,
0.0,
13.0,
0.0,
0.0,
37.0,
0.0,
0.0,
4.0,
0.0,
0.0,
0.0,
0.0,
0.0,
9.0,
7.0,
0.0,
0.0,
16.0,
0.0,
8.0,
0.0,
8.0,
0.0,
7.0,
11.0,
0.0,
0.0,
7.0,
0.0,
0.0,
2.0,
7.0,
0.0,
24.0,
0.0,
1.0,
0.0,
0.0,
0.0,
0.0,
0.0,
3.0,
0.0,
0.0,
0.0,
15.0,
0.0,
8.0,
45.0,
131.0,
182.0,
245.0,
255.0,
187.0,
111.0,
48.0,
3.0,
8.0,
0.0,
0.0,
6.0,
0.0,
21.0,
0.0,
0.0,
0.0,
0.0,
0.0,
2.0,
0.0,
0.0,
0.0,
0.0,
0.0,
1.0,
80.0,
214.0,
254.0,
246.0,
240.0,
255.0,
255.0,
255.0,
223.0,
153.0,
9.0,
8.0,
10.0,
0.0,
0.0,
4.0,
1.0,
0.0,
0.0,
0.0,
0.0,
0.0,
0.0,
0.0,
1.0,
0.0,
0.0,
90.0,
213.0,
255.0,
186.0,
134.0,
115.0,
139.0,
166.0,
227.0,
255.0,
255.0,
220.0,
33.0,
0.0,
7.0,
5.0,
0.0,
11.0,
0.0,
0.0,
0.0,
0.0,
0.0,
0.0,
1.0,
1.0,
3.0,
2.0,
156.0,
255.0,
135.0,
8.0,
0.0,
1.0,
10.0,
0.0,
18.0,
74.0,
245.0,
255.0,
196.0,
18.0,
0.0,
1.0,
2.0,
0.0,
0.0,
0.0,
0.0,
0.0,
1.0,
3.0,
1.0,
0.0,
5.0,
0.0,
157.0,
240.0,
96.0,
0.0,
6.0,
0.0,
0.0,
3.0,
0.0,
8.0,
79.0,
236.0,
254.0,
130.0,
8.0,
0.0,
0.0,
2.0,
0.0,
0.0,
0.0,
0.0,
4.0,
0.0,
7.0,
0.0,
10.0,
0.0,
9.0,
211.0,
128.0,
6.0,
0.0,
4.0,
6.0,
0.0,
3.0,
0.0,
6.0,
134.0,
241.0,
236.0,
19.0,
0.0,
0.0,
0.0,
0.0,
0.0,
0.0,
0.0,
6.0,
0.0,
10.0,
0.0,
0.0,
0.0,
0.0,
80.0,
70.0,
0.0,
0.0,
0.0,
0.0,
0.0,
5.0,
1.0,
0.0,
15.0,
163.0,
251.0,
157.0,
0.0,
7.0,
14.0,
0.0,
0.0,
0.0,
0.0,
3.0,
0.0,
8.0,
2.0,
0.0,
6.0,
0.0,
0.0,
1.0,
0.0,
8.0,
7.0,
11.0,
9.0,
5.0,
0.0,
5.0,
0.0,
97.0,
230.0,
177.0,
0.0,
0.0,
0.0,
0.0,
0.0,
0.0,
0.0,
1.0,
0.0,
0.0,
13.0,
0.0,
0.0,
7.0,
0.0,
3.0,
3.0,
2.0,
0.0,
0.0,
0.0,
0.0,
0.0,
4.0,
0.0,
69.0,
255.0,
233.0,
4.0,
2.0,
10.0,
0.0,
0.0,
0.0,
0.0,
0.0,
4.0,
0.0,
2.0,
2.0,
0.0,
0.0,
3.0,
1.0,
7.0,
0.0,
0.0,
6.0,
4.0,
1.0,
9.0,
0.0,
0.0,
74.0,
255.0,
254.0,
0.0,
4.0,
0.0,
0.0,
0.0,
0.0,
0.0,
0.0,
11.0,
0.0,
0.0,
4.0,
3.0,
0.0,
0.0,
0.0,
7.0,
0.0,
7.0,
4.0,
0.0,
0.0,
0.0,
0.0,
6.0,
50.0,
236.0,
232.0,
14.0,
7.0,
0.0,
0.0,
0.0,
0.0,
0.0,
0.0,
2.0,
0.0,
0.0,
2.0,
13.0,
3.0,
0.0,
0.0,
9.0,
0.0,
11.0,
0.0,
0.0,
7.0,
11.0,
0.0,
0.0,
6.0,
245.0,
238.0,
13.0,
0.0,
8.0,
0.0,
0.0,
0.0,
0.0,
8.0,
0.0,
7.0,
7.0,
0.0,
0.0,
0.0,
0.0,
29.0,
105.0,
161.0,
229.0,
228.0,
239.0,
243.0,
226.0,
187.0,
152.0,
152.0,
253.0,
255.0,
12.0,
7.0,
1.0,
0.0,
0.0,
0.0,
0.0,
0.0,
11.0,
0.0,
0.0,
0.0,
11.0,
0.0,
3.0,
161.0,
248.0,
255.0,
246.0,
255.0,
255.0,
255.0,
253.0,
255.0,
238.0,
255.0,
255.0,
251.0,
94.0,
8.0,
0.0,
0.0,
0.0,
0.0,
0.0,
0.0,
14.0,
0.0,
0.0,
13.0,
0.0,
4.0,
180.0,
255.0,
255.0,
200.0,
168.0,
75.0,
154.0,
95.0,
181.0,
179.0,
255.0,
255.0,
224.0,
255.0,
103.0,
0.0,
13.0,
0.0,
0.0,
0.0,
0.0,
5.0,
0.0,
1.0,
4.0,
0.0,
1.0,
57.0,
254.0,
245.0,
98.0,
24.0,
0.0,
15.0,
8.0,
0.0,
15.0,
10.0,
127.0,
255.0,
232.0,
150.0,
38.0,
6.0,
0.0,
0.0,
0.0,
0.0,
0.0,
4.0,
0.0,
8.0,
0.0,
0.0,
21.0,
75.0,
250.0,
245.0,
0.0,
12.0,
0.0,
0.0,
5.0,
7.0,
50.0,
151.0,
252.0,
253.0,
89.0,
0.0,
0.0,
16.0,
0.0,
0.0,
0.0,
0.0,
0.0,
1.0,
0.0,
1.0,
0.0,
6.0,
0.0,
31.0,
255.0,
239.0,
255.0,
233.0,
182.0,
255.0,
239.0,
255.0,
255.0,
255.0,
226.0,
103.0,
0.0,
6.0,
2.0,
0.0,
4.0,
0.0,
0.0,
0.0,
0.0,
6.0,
0.0,
1.0,
9.0,
0.0,
0.0,
8.0,
165.0,
255.0,
255.0,
232.0,
250.0,
241.0,
255.0,
241.0,
255.0,
227.0,
81.0,
2.0,
7.0,
4.0,
0.0,
1.0,
3.0,
0.0,
0.0,
0.0,
0.0,
6.0,
0.0,
4.0,
13.0,
0.0,
5.0,
11.0,
31.0,
156.0,
243.0,
242.0,
160.0,
164.0,
147.0,
162.0,
57.0,
15.0,
8.0,
0.0,
0.0,
0.0,
6.0,
9.0,
0.0,
0.0,
0.0,
0.0,
0.0,
0.0,
13.0,
0.0,
0.0,
0.0,
11.0,
0.0,
3.0,
0.0,
6.0,
0.0,
0.0,
4.0,
0.0,
0.0,
6.0,
4.0,
0.0,
0.0,
11.0,
2.0,
2.0,
3.0,
0.0,
0.0,
0.0,
0.0,
0.0,
0.0,
0.0,
0.0,
0.0,
0.0,
0.0,
0.0,
0.0,
0.0,
0.0,
0.0,
0.0,
0.0,
0.0,
0.0,
0.0,
0.0,
0.0,
0.0,
0.0,
0.0,
0.0,
0.0,
0.0,
0.0,
0.0,
0.0,
0.0,
0.0,
0.0,
0.0,
0.0,
0.0,
0.0,
0.0,
0.0,
0.0,
0.0,
0.0,
0.0,
0.0,
0.0,
0.0,
0.0,
0.0,
0.0,
0.0,
0.0,
0.0,
0.0,
0.0,
0.0,
0.0,
0.0,
0.0,
0.0,
0.0,
0.0,
0.0,
0.0,
0.0,
0.0,
0.0,
0.0,
0.0,
0.0,
0.0,
0.0,
0.0,
0.0,
0.0,
0.0,
0.0,
0.0,
0.0,
0.0,
0.0,
0.0,
0.0,
0.0,
0.0,
0.0,
0.0,
0.0,
0.0,
0.0,
0.0,
0.0,
0.0,
0.0,
0.0,
0.0,
0.0,
0.0,
0.0,
0.0,
0.0,
0.0,
0.0,
0.0,
0.0,
0.0,
0.0,
0.0,
0.0,
0.0,
0.0,
0.0,
0.0,
0.0,
0.0,
0.0,
