8.0,
5.0,
0.0,
15.0,
0.0,
0.0,
2.0,
4.0,
3.0,
0.0,
0.0,
19.0,
0.0,
0.0,
13.0,
1.0,
4.0,
0.0,
2.0,
5.0,
0.0,
0.0,
4.0,
0.0,
0.0,
0.0,
0.0,
0.0,
0.0,
13.0,
3.0,
0.0,
0.0,
12.0,
5.0,
0.0,
0.0,
17.0,
0.0,
0.0,
0.0,
3.0,
2.0,
0.0,
1.0,
0.0,
0.0,
1.0,
10.0,
6.0,
0.0,
4.0,
0.0,
0.0,
0.0,
0.0,
1.0,
0.0,
0.0,
6.0,
6.0,
5.0,
0.0,
16.0,
3.0,
0.0,
0.0,
9.0,
0.0,
0.0,
14.0,
0.0,
0.0,
8.0,
0.0,
0.0,
0.0,
0.0,
0.0,
0.0,
0.0,
0.0,
0.0,
0.0,
0.0,
6.0,
11.0,
0.0,
0.0,
5.0,
0.0,
0.0,
0.0,
14.0,
0.0,
0.0,
6.0,
0.0,
0.0,
2.0,
0.0,
4.0,
5.0,
0.0,
0.0,
3.0,
3.0,
1.0,
0.0,
0.0,
0.0,
0.0,
13.0,
0.0,
0.0,
0.0,
8.0,
10.0,
2.0,
4.0,
48.0,
107.0,
207.0,
255.0,
248.0,
255.0,
240.0,
114.0,
24.0,
0.0,
0.0,
8.0,
5.0,
5.0,
8.0,
0.0,
0.0,
0.0,
0.0,
0.0,
0.0,
0.0,
13.0,
21.0,
0.0,
0.0,
100.0,
197.0,
223.0,
255.0,
255.0,
248.0,
244.0,
255.0,
255.0,
243.0,
164.0,
72.0,
8.0,
2.0,
0.0,
0.0,
0.0,
0.0,
0.0,
0.0,
0.0,
0.0,
7.0,
11.0,
0.0,
0.0,
0.0,
77.0,
236.0,
255.0,
255.0,
248.0,
237.0,
255.0,
255.0,
243.0,
251.0,
255.0,
255.0,
211.0,
89.0,
3.0,
0.0,
4.0,
0.0,
9.0,
0.0,
0.0,
0.0,
0.0,
0.0,
6.0,
1.0,
8.0,
2.0,
48.0,
228.0,
253.0,
245.0,
225.0,
133.0,
139.0,
239.0,
255.0,
240.0,
255.0,
239.0,
255.0,
140.0,
0.0,
0.0,
17.0,
0.0,
0.0,
0.0,
0.0,
0.0,
0.0,
0.0,
0.0,
3.0,
2.0,
0.0,
26.0,
143.0,
255.0,
254.0,
125.0,
10.0,
0.0,
33.0,
25.0,
28.0,
251.0,
253.0,
247.0,
179.0,
3.0,
0.0,
6.0,
0.0,
6.0,
0.0,
0.0,
0.0,
0.0,
5.0,
0.0,
1.0,
5.0,
0.0,
0.0,
22.0,
70.0,
80.0,
8.0,
0.0,
5.0,
0.0,
5.0,
9.0,
246.0,
255.0,
255.0,
233.0,
32.0,
8.0,
0.0,
4.0,
0.0,
0.0,
0.0,
0.0,
0.0,
2.0,
0.0,
0.0,
5.0,
8.0,
0.0,
0.0,
5.0,
0.0,
4.0,
23.0,
0.0,
7.0,
1.0,
73.0,
255.0,
243.0,
234.0,
152.0,
0.0,
0.0,
0.0,
7.0,
0.0,
0.0,
0.0,
0.0,
0.0,
3.0,
0.0,
0.0,
0.0,
0.0,
0.0,
3.0,
6.0,
1.0,
0.0,
0.0,
0.0,
12.0,
21.0,
172.0,
255.0,
255.0,
248.0,
62.0,
2.0,
12.0,
5.0,
6.0,
6.0,
0.0,
0.0,
0.0,
0.0,
0.0,
3.0,
4.0,
0.0,
0.0,
0.0,
0.0,
0.0,
6.0,
0.0,
1.0,
15.0,
0.0,
150.0,
255.0,
249.0,
240.0,
143.0,
3.0,
1.0,
0.0,
0.0,
0.0,
0.0,
0.0,
0.0,
0.0,
0.0,
0.0,
0.0,
0.0,
1.0,
6.0,
9.0,
5.0,
0.0,
0.0,
6.0,
15.0,
0.0,
58.0,
237.0,
255.0,
241.0,
220.0,
22.0,
4.0,
0.0,
0.0,
16.0,
6.0,
7.0,
0.0,
0.0,
0.0,
0.0,
8.0,
0.0,
0.0,
0.0,
0.0,
0.0,
0.0,
0.0,
9.0,
0.0,
2.0,
52.0,
235.0,
254.0,
247.0,
255.0,
145.0,
0.0,
6.0,
0.0,
0.0,
6.0,
0.0,
0.0,
0.0,
0.0,
0.0,
0.0,
0.0,
0.0,
3.0,
8.0,
6.0,
1.0,
1.0,
6.0,
1.0,
0.0,
1.0,
136.0,
251.0,
248.0,
255.0,
127.0,
0.0,
12.0,
0.0,
6.0,
11.0,
0.0,
0.0,
8.0,
0.0,
0.0,
0.0,
0.0,
0.0,
0.0,
0.0,
0.0,
0.0,
0.0,
0.0,
0.0,
5.0,
0.0,
17.0,
220.0,
244.0,
255.0,
255.0,
0.0,
11.0,
0.0,
0.0,
14.0,
0.0,
0.0,
22.0,
9.0,
0.0,
0.0,
0.0,
0.0,
0.0,
0.0,
0.0,
0.0,
0.0,
0.0,
0.0,
0.0,
0.0,
14.0,
90.0,
255.0,
255.0,
245.0,
163.0,
16.0,
0.0,
21.0,
0.0,
0.0,
83.0,
196.0,
255.0,
108.0,
0.0,
0.0,
0.0,
0.0,
0.0,
0.0,
0.0,
0.0,
0.0,
0.0,
0.0,
0.0,
0.0,
72.0,
255.0,
237.0,
255.0,
184.0,
12.0,
0.0,
24.0,
64.0,
145.0,
220.0,
252.0,
246.0,
255.0,
204.0,
0.0,
0.0,
0.0,
0.0,
0.0,
0.0,
0.0,
0.0,
0.0,
0.0,
0.0,
0.0,
4.0,
81.0,
252.0,
249.0,
254.0,
53.0,
0.0,
200.0,
191.0,
255.0,
249.0,
255.0,
249.0,
246.0,
240.0,
98.0,
0.0,
0.0,
0.0,
0.0,
0.0,
0.0,
0.0,
0.0,
0.0,
0.0,
0.0,
0.0,
0.0,
236.0,
250.0,
242.0,
211.0,
124.0,
138.0,
245.0,
255.0,
234.0,
246.0,
255.0,
240.0,
249.0,
96.0,
0.0,
0.0,
0.0,
0.0,
0.0,
0.0,
0.0,
0.0,
0.0,
0.0,
0.0,
0.0,
0.0,
0.0,
210.0,
255.0,
253.0,
255.0,
255.0,
241.0,
253.0,
243.0,
255.0,
222.0,
173.0,
57.0,
15.0,
0.0,
0.0,
0.0,
0.0,
0.0,
0.0,
0.0,
0.0,
0.0,
0.0,
0.0,
0.0,
0.0,
0.0,
12.0,
107.0,
243.0,
251.0,
248.0,
244.0,
251.0,
255.0,
220.0,
103.0,
26.0,
0.0,
0.0,
18.0,
0.0,
8.0,
0.0,
0.0,
0.0,
0.0,
0.0,
0.0,
0.0,
0.0,
0.0,
0.0,
0.0,
0.0,
0.0,
45.0,
119.0,
255.0,
251.0,
240.0,
255.0,
188.0,
11.0,
7.0,
7.0,
0.0,
19.0,
0.0,
11.0,
0.0,
0.0,
0.0,
0.0,
0.0,
0.0,
0.0,
0.0,
0.0,
0.0,
0.0,
0.0,
0.0,
0.0,
0.0,
0.0,
0.0,
0.0,
0.0,
0.0,
0.0,
0.0,
0.0,
0.0,
0.0,
0.0,
0.0,
0.0,
0.0,
0.0,
0.0,
0.0,
0.0,
0.0,
0.0,
0.0,
0.0,
0.0,
0.0,
0.0,
0.0,
0.0,
0.0,
0.0,
0.0,
0.0,
0.0,
0.0,
0.0,
0.0,
0.0,
0.0,
0.0,
0.0,
0.0,
0.0,
0.0,
0.0,
0.0,
0.0,
0.0,
0.0,
0.0,
0.0,
0.0,
0.0,
0.0,
0.0,
0.0,
0.0,
0.0,
0.0,
0.0,
0.0,
0.0,
0.0,
0.0,
0.0,
0.0,
0.0,
0.0,
0.0,
0.0,
0.0,
0.0,
0.0,
0.0,
0.0,
0.0,
0.0,
0.0,
0.0,
0.0,
0.0,
0.0,
0.0,
0.0,
0.0,
0.0,
0.0,
0.0,
0.0,
0.0,
0.0,
0.0,
0.0,
0.0,
0.0,
0.0,
0.0,
0.0,
0.0,
0.0,
0.0,
0.0,
0.0,
0.0,
