0.0,
0.0,
0.0,
0.0,
0.0,
0.0,
0.0,
0.0,
2.0,
11.0,
0.0,
5.0,
0.0,
0.0,
6.0,
0.0,
0.0,
0.0,
0.0,
0.0,
0.0,
0.0,
0.0,
6.0,
0.0,
0.0,
0.0,
0.0,
0.0,
0.0,
0.0,
0.0,
0.0,
0.0,
0.0,
0.0,
0.0,
0.0,
0.0,
15.0,
0.0,
8.0,
0.0,
0.0,
15.0,
5.0,
5.0,
0.0,
5.0,
14.0,
0.0,
0.0,
0.0,
0.0,
0.0,
0.0,
0.0,
0.0,
0.0,
0.0,
0.0,
0.0,
0.0,
0.0,
9.0,
1.0,
2.0,
0.0,
0.0,
15.0,
0.0,
14.0,
0.0,
0.0,
2.0,
0.0,
0.0,
3.0,
0.0,
2.0,
0.0,
0.0,
0.0,
0.0,
0.0,
0.0,
0.0,
0.0,
0.0,
0.0,
0.0,
0.0,
7.0,
165.0,
255.0,
255.0,
240.0,
200.0,
126.0,
118.0,
38.0,
8.0,
3.0,
12.0,
6.0,
0.0,
0.0,
0.0,
0.0,
0.0,
0.0,
0.0,
0.0,
0.0,
0.0,
0.0,
0.0,
0.0,
0.0,
0.0,
0.0,
216.0,
255.0,
245.0,
255.0,
255.0,
247.0,
255.0,
247.0,
209.0,
156.0,
132.0,
68.0,
0.0,
0.0,
9.0,
0.0,
0.0,
0.0,
0.0,
0.0,
0.0,
0.0,
0.0,
0.0,
0.0,
0.0,
0.0,
3.0,
231.0,
255.0,
246.0,
255.0,
255.0,
255.0,
251.0,
254.0,
255.0,
254.0,
255.0,
207.0,
79.0,
3.0,
0.0,
0.0,
0.0,
0.0,
0.0,
0.0,
0.0,
0.0,
0.0,
0.0,
0.0,
0.0,
0.0,
2.0,
150.0,
175.0,
168.0,
149.0,
168.0,
226.0,
255.0,
255.0,
239.0,
252.0,
255.0,
255.0,
175.0,
24.0,
0.0,
0.0,
0.0,
0.0,
0.0,
0.0,
0.0,
0.0,
0.0,
0.0,
0.0,
0.0,
0.0,
0.0,
7.0,
0.0,
4.0,
0.0,
15.0,
40.0,
40.0,
49.0,
98.0,
225.0,
245.0,
255.0,
183.0,
2.0,
3.0,
0.0,
0.0,
0.0,
0.0,
0.0,
0.0,
0.0,
0.0,
0.0,
0.0,
0.0,
0.0,
0.0,
2.0,
0.0,
0.0,
0.0,
0.0,
0.0,
7.0,
8.0,
0.0,
145.0,
254.0,
253.0,
168.0,
2.0,
1.0,
0.0,
0.0,
0.0,
0.0,
0.0,
0.0,
0.0,
0.0,
0.0,
0.0,
0.0,
0.0,
0.0,
0.0,
5.0,
9.0,
0.0,
0.0,
3.0,
0.0,
0.0,
63.0,
255.0,
240.0,
252.0,
160.0,
18.0,
0.0,
0.0,
0.0,
0.0,
0.0,
0.0,
0.0,
0.0,
0.0,
0.0,
0.0,
0.0,
0.0,
0.0,
14.0,
0.0,
0.0,
7.0,
7.0,
0.0,
10.0,
48.0,
186.0,
251.0,
255.0,
247.0,
111.0,
0.0,
9.0,
0.0,
0.0,
0.0,
0.0,
0.0,
0.0,
0.0,
0.0,
0.0,
0.0,
0.0,
0.0,
5.0,
0.0,
0.0,
9.0,
0.0,
0.0,
17.0,
5.0,
221.0,
249.0,
250.0,
251.0,
202.0,
18.0,
0.0,
8.0,
0.0,
0.0,
0.0,
0.0,
0.0,
0.0,
0.0,
0.0,
0.0,
0.0,
0.0,
0.0,
8.0,
5.0,
0.0,
5.0,
4.0,
0.0,
53.0,
185.0,
255.0,
239.0,
255.0,
193.0,
19.0,
17.0,
0.0,
0.0,
0.0,
0.0,
0.0,
0.0,
0.0,
0.0,
0.0,
0.0,
0.0,
0.0,
0.0,
0.0,
0.0,
4.0,
9.0,
0.0,
18.0,
149.0,
251.0,
253.0,
255.0,
238.0,
233.0,
29.0,
0.0,
0.0,
19.0,
0.0,
0.0,
0.0,
0.0,
0.0,
0.0,
0.0,
0.0,
0.0,
0.0,
0.0,
0.0,
0.0,
1.0,
0.0,
7.0,
102.0,
222.0,
255.0,
253.0,
245.0,
240.0,
216.0,
96.0,
0.0,
8.0,
0.0,
0.0,
0.0,
0.0,
0.0,
0.0,
0.0,
0.0,
0.0,
0.0,
0.0,
0.0,
0.0,
0.0,
0.0,
0.0,
104.0,
218.0,
255.0,
250.0,
246.0,
255.0,
255.0,
152.0,
22.0,
0.0,
0.0,
0.0,
1.0,
0.0,
6.0,
0.0,
0.0,
0.0,
0.0,
0.0,
2.0,
0.0,
2.0,
4.0,
12.0,
0.0,
93.0,
176.0,
252.0,
255.0,
251.0,
254.0,
247.0,
199.0,
81.0,
0.0,
10.0,
1.0,
0.0,
2.0,
6.0,
3.0,
7.0,
0.0,
0.0,
0.0,
0.0,
0.0,
0.0,
20.0,
0.0,
0.0,
1.0,
123.0,
255.0,
247.0,
255.0,
249.0,
255.0,
194.0,
79.0,
24.0,
0.0,
9.0,
0.0,
3.0,
8.0,
0.0,
10.0,
38.0,
0.0,
0.0,
0.0,
0.0,
0.0,
7.0,
0.0,
0.0,
22.0,
2.0,
179.0,
255.0,
245.0,
252.0,
255.0,
248.0,
236.0,
151.0,
46.0,
39.0,
59.0,
0.0,
0.0,
32.0,
52.0,
83.0,
183.0,
236.0,
36.0,
0.0,
0.0,
0.0,
0.0,
0.0,
3.0,
0.0,
0.0,
113.0,
242.0,
247.0,
255.0,
250.0,
255.0,
252.0,
255.0,
255.0,
247.0,
253.0,
242.0,
210.0,
179.0,
222.0,
255.0,
243.0,
239.0,
237.0,
0.0,
0.0,
0.0,
0.0,
0.0,
0.0,
9.0,
10.0,
0.0,
136.0,
255.0,
239.0,
255.0,
255.0,
253.0,
241.0,
247.0,
250.0,
247.0,
255.0,
255.0,
242.0,
249.0,
255.0,
250.0,
255.0,
255.0,
253.0,
5.0,
0.0,
0.0,
0.0,
0.0,
8.0,
0.0,
0.0,
1.0,
40.0,
242.0,
245.0,
249.0,
245.0,
255.0,
255.0,
255.0,
255.0,
253.0,
254.0,
251.0,
255.0,
252.0,
245.0,
253.0,
254.0,
197.0,
155.0,
27.0,
0.0,
0.0,
0.0,
0.0,
0.0,
0.0,
20.0,
0.0,
4.0,
27.0,
106.0,
224.0,
246.0,
249.0,
249.0,
245.0,
255.0,
255.0,
200.0,
135.0,
232.0,
248.0,
201.0,
106.0,
32.0,
0.0,
15.0,
0.0,
0.0,
0.0,
0.0,
0.0,
0.0,
8.0,
0.0,
19.0,
0.0,
0.0,
0.0,
0.0,
6.0,
0.0,
0.0,
0.0,
0.0,
4.0,
0.0,
2.0,
1.0,
5.0,
0.0,
0.0,
0.0,
0.0,
2.0,
0.0,
0.0,
0.0,
0.0,
0.0,
0.0,
0.0,
0.0,
0.0,
0.0,
0.0,
0.0,
0.0,
0.0,
0.0,
0.0,
0.0,
0.0,
0.0,
0.0,
0.0,
0.0,
0.0,
0.0,
0.0,
0.0,
0.0,
0.0,
0.0,
0.0,
0.0,
0.0,
0.0,
0.0,
0.0,
0.0,
0.0,
0.0,
0.0,
0.0,
0.0,
0.0,
0.0,
0.0,
0.0,
0.0,
0.0,
0.0,
0.0,
0.0,
0.0,
0.0,
0.0,
0.0,
0.0,
0.0,
0.0,
0.0,
0.0,
0.0,
0.0,
0.0,
0.0,
0.0,
0.0,
0.0,
0.0,
0.0,
0.0,
0.0,
0.0,
0.0,
0.0,
0.0,
0.0,
0.0,
0.0,
0.0,
0.0,
0.0,
0.0,
0.0,
0.0,
0.0,
0.0,
0.0,
0.0,
0.0,
0.0,
0.0,
0.0,
0.0,
0.0,
0.0,
0.0,
0.0,
0.0,
0.0,
0.0,
0.0,
0.0,
0.0,
0.0,
0.0,
0.0,
0.0,
0.0,
0.0,
0.0,
0.0,
0.0,
0.0,
0.0,
0.0,
0.0,
0.0,
0.0,
