0.0,
0.0,
0.0,
0.0,
0.0,
0.0,
0.0,
0.0,
0.0,
1.0,
0.0,
3.0,
2.0,
0.0,
0.0,
0.0,
0.0,
0.0,
11.0,
0.0,
1.0,
0.0,
5.0,
0.0,
0.0,
0.0,
0.0,
0.0,
0.0,
0.0,
0.0,
0.0,
0.0,
0.0,
0.0,
0.0,
0.0,
0.0,
6.0,
0.0,
8.0,
7.0,
0.0,
19.0,
5.0,
0.0,
0.0,
6.0,
0.0,
7.0,
0.0,
0.0,
0.0,
0.0,
0.0,
0.0,
0.0,
0.0,
0.0,
0.0,
0.0,
0.0,
0.0,
0.0,
0.0,
15.0,
0.0,
20.0,
5.0,
0.0,
0.0,
0.0,
0.0,
5.0,
8.0,
0.0,
0.0,
0.0,
4.0,
0.0,
0.0,
0.0,
0.0,
0.0,
0.0,
0.0,
0.0,
0.0,
0.0,
0.0,
0.0,
0.0,
8.0,
0.0,
20.0,
0.0,
0.0,
19.0,
9.0,
0.0,
2.0,
0.0,
0.0,
8.0,
13.0,
1.0,
0.0,
4.0,
0.0,
0.0,
0.0,
0.0,
0.0,
0.0,
0.0,
0.0,
0.0,
0.0,
0.0,
0.0,
0.0,
0.0,
4.0,
0.0,
19.0,
20.0,
133.0,
135.0,
179.0,
255.0,
251.0,
142.0,
6.0,
1.0,
0.0,
8.0,
0.0,
0.0,
0.0,
0.0,
0.0,
0.0,
0.0,
0.0,
0.0,
0.0,
0.0,
0.0,
1.0,
1.0,
0.0,
12.0,
126.0,
255.0,
255.0,
244.0,
236.0,
235.0,
255.0,
248.0,
198.0,
35.0,
0.0,
0.0,
0.0,
0.0,
0.0,
0.0,
0.0,
0.0,
0.0,
0.0,
0.0,
0.0,
0.0,
0.0,
0.0,
0.0,
41.0,
229.0,
246.0,
250.0,
234.0,
250.0,
244.0,
194.0,
230.0,
254.0,
255.0,
72.0,
0.0,
8.0,
0.0,
0.0,
0.0,
0.0,
0.0,
0.0,
0.0,
0.0,
0.0,
0.0,
0.0,
0.0,
11.0,
0.0,
172.0,
252.0,
251.0,
244.0,
207.0,
13.0,
2.0,
0.0,
33.0,
230.0,
255.0,
158.0,
0.0,
0.0,
0.0,
0.0,
0.0,
0.0,
0.0,
0.0,
0.0,
0.0,
0.0,
0.0,
0.0,
0.0,
2.0,
27.0,
255.0,
255.0,
251.0,
103.0,
0.0,
0.0,
0.0,
0.0,
6.0,
219.0,
250.0,
255.0,
5.0,
0.0,
0.0,
0.0,
0.0,
0.0,
0.0,
0.0,
0.0,
0.0,
0.0,
0.0,
0.0,
0.0,
0.0,
16.0,
186.0,
196.0,
107.0,
11.0,
3.0,
6.0,
8.0,
0.0,
5.0,
224.0,
255.0,
228.0,
21.0,
8.0,
0.0,
0.0,
0.0,
0.0,
0.0,
0.0,
0.0,
0.0,
0.0,
0.0,
0.0,
0.0,
3.0,
0.0,
0.0,
14.0,
0.0,
0.0,
0.0,
3.0,
0.0,
16.0,
3.0,
211.0,
254.0,
255.0,
12.0,
0.0,
0.0,
0.0,
0.0,
0.0,
0.0,
0.0,
0.0,
0.0,
0.0,
0.0,
0.0,
0.0,
2.0,
18.0,
0.0,
0.0,
6.0,
4.0,
1.0,
0.0,
9.0,
0.0,
91.0,
232.0,
255.0,
229.0,
10.0,
0.0,
0.0,
0.0,
0.0,
0.0,
0.0,
0.0,
0.0,
0.0,
0.0,
0.0,
0.0,
0.0,
0.0,
0.0,
15.0,
14.0,
0.0,
0.0,
13.0,
0.0,
6.0,
0.0,
224.0,
255.0,
252.0,
42.0,
2.0,
13.0,
0.0,
0.0,
0.0,
0.0,
0.0,
0.0,
0.0,
0.0,
0.0,
0.0,
0.0,
0.0,
18.0,
0.0,
7.0,
0.0,
0.0,
3.0,
7.0,
9.0,
0.0,
43.0,
206.0,
248.0,
255.0,
18.0,
0.0,
0.0,
0.0,
0.0,
0.0,
0.0,
0.0,
0.0,
0.0,
0.0,
0.0,
0.0,
0.0,
0.0,
0.0,
4.0,
8.0,
0.0,
25.0,
0.0,
0.0,
8.0,
27.0,
194.0,
247.0,
255.0,
160.0,
16.0,
2.0,
18.0,
0.0,
0.0,
0.0,
0.0,
0.0,
0.0,
0.0,
0.0,
0.0,
0.0,
0.0,
0.0,
9.0,
0.0,
0.0,
47.0,
71.0,
78.0,
82.0,
76.0,
200.0,
241.0,
255.0,
236.0,
36.0,
0.0,
13.0,
0.0,
0.0,
0.0,
0.0,
0.0,
0.0,
0.0,
0.0,
0.0,
2.0,
8.0,
0.0,
0.0,
9.0,
69.0,
106.0,
241.0,
255.0,
246.0,
243.0,
255.0,
255.0,
244.0,
228.0,
55.0,
0.0,
3.0,
17.0,
0.0,
0.0,
0.0,
0.0,
0.0,
4.0,
2.0,
1.0,
1.0,
0.0,
0.0,
0.0,
74.0,
214.0,
255.0,
255.0,
245.0,
254.0,
249.0,
255.0,
252.0,
255.0,
246.0,
207.0,
3.0,
14.0,
0.0,
2.0,
3.0,
0.0,
0.0,
0.0,
0.0,
0.0,
0.0,
2.0,
10.0,
5.0,
12.0,
75.0,
221.0,
255.0,
234.0,
250.0,
180.0,
236.0,
255.0,
238.0,
255.0,
242.0,
252.0,
255.0,
162.0,
21.0,
5.0,
2.0,
5.0,
0.0,
0.0,
0.0,
0.0,
0.0,
0.0,
2.0,
1.0,
0.0,
0.0,
136.0,
255.0,
255.0,
241.0,
87.0,
92.0,
246.0,
242.0,
255.0,
247.0,
181.0,
242.0,
255.0,
243.0,
9.0,
0.0,
0.0,
11.0,
0.0,
0.0,
0.0,
0.0,
4.0,
3.0,
2.0,
0.0,
0.0,
0.0,
188.0,
253.0,
251.0,
218.0,
175.0,
255.0,
255.0,
225.0,
255.0,
75.0,
7.0,
10.0,
123.0,
163.0,
20.0,
6.0,
26.0,
0.0,
0.0,
0.0,
0.0,
0.0,
0.0,
0.0,
0.0,
0.0,
16.0,
12.0,
211.0,
255.0,
255.0,
255.0,
241.0,
251.0,
255.0,
184.0,
42.0,
10.0,
1.0,
4.0,
6.0,
0.0,
8.0,
0.0,
0.0,
4.0,
0.0,
0.0,
0.0,
0.0,
0.0,
3.0,
0.0,
0.0,
7.0,
0.0,
138.0,
248.0,
255.0,
249.0,
255.0,
247.0,
66.0,
0.0,
22.0,
0.0,
6.0,
9.0,
0.0,
0.0,
0.0,
6.0,
2.0,
1.0,
0.0,
0.0,
0.0,
0.0,
1.0,
4.0,
0.0,
0.0,
6.0,
0.0,
78.0,
255.0,
246.0,
255.0,
171.0,
44.0,
8.0,
9.0,
0.0,
5.0,
0.0,
2.0,
0.0,
1.0,
0.0,
3.0,
7.0,
0.0,
0.0,
0.0,
0.0,
0.0,
0.0,
0.0,
0.0,
0.0,
0.0,
0.0,
0.0,
0.0,
0.0,
0.0,
0.0,
0.0,
0.0,
0.0,
0.0,
0.0,
0.0,
0.0,
0.0,
0.0,
0.0,
0.0,
0.0,
0.0,
0.0,
0.0,
0.0,
0.0,
0.0,
0.0,
0.0,
0.0,
0.0,
0.0,
0.0,
0.0,
0.0,
0.0,
0.0,
0.0,
0.0,
0.0,
0.0,
0.0,
0.0,
0.0,
0.0,
0.0,
0.0,
0.0,
0.0,
0.0,
0.0,
0.0,
0.0,
0.0,
0.0,
0.0,
0.0,
0.0,
0.0,
0.0,
0.0,
0.0,
0.0,
0.0,
0.0,
0.0,
0.0,
0.0,
0.0,
0.0,
0.0,
0.0,
0.0,
0.0,
0.0,
0.0,
0.0,
0.0,
0.0,
0.0,
0.0,
0.0,
0.0,
0.0,
0.0,
0.0,
0.0,
0.0,
0.0,
0.0,
0.0,
0.0,
0.0,
0.0,
0.0,
0.0,
0.0,
0.0,
0.0,
0.0,
0.0,
0.0,
0.0,
0.0,
0.0,
0.0,
0.0,
0.0,
0.0,
0.0,
