0.0,
13.0,
0.0,
0.0,
3.0,
0.0,
6.0,
0.0,
0.0,
4.0,
5.0,
0.0,
3.0,
0.0,
0.0,
3.0,
1.0,
2.0,
8.0,
5.0,
0.0,
0.0,
5.0,
0.0,
0.0,
0.0,
0.0,
0.0,
0.0,
4.0,
0.0,
7.0,
6.0,
0.0,
2.0,
0.0,
1.0,
0.0,
0.0,
0.0,
2.0,
4.0,
2.0,
4.0,
1.0,
0.0,
0.0,
0.0,
0.0,
0.0,
0.0,
0.0,
0.0,
0.0,
0.0,
0.0,
1.0,
0.0,
0.0,
11.0,
4.0,
0.0,
4.0,
1.0,
0.0,
2.0,
0.0,
5.0,
4.0,
3.0,
0.0,
0.0,
0.0,
1.0,
4.0,
8.0,
14.0,
6.0,
0.0,
2.0,
0.0,
0.0,
0.0,
0.0,
6.0,
0.0,
0.0,
4.0,
0.0,
0.0,
7.0,
1.0,
0.0,
0.0,
0.0,
7.0,
0.0,
4.0,
9.0,
17.0,
9.0,
6.0,
0.0,
0.0,
0.0,
0.0,
0.0,
0.0,
0.0,
0.0,
0.0,
0.0,
2.0,
0.0,
2.0,
0.0,
0.0,
2.0,
0.0,
0.0,
0.0,
0.0,
0.0,
12.0,
0.0,
0.0,
0.0,
0.0,
0.0,
0.0,
7.0,
6.0,
5.0,
4.0,
6.0,
13.0,
0.0,
0.0,
0.0,
0.0,
0.0,
1.0,
6.0,
0.0,
0.0,
2.0,
0.0,
4.0,
14.0,
0.0,
0.0,
34.0,
45.0,
117.0,
153.0,
170.0,
255.0,
184.0,
75.0,
4.0,
0.0,
11.0,
8.0,
0.0,
0.0,
0.0,
0.0,
0.0,
0.0,
2.0,
3.0,
0.0,
7.0,
0.0,
0.0,
60.0,
160.0,
172.0,
197.0,
253.0,
235.0,
255.0,
255.0,
247.0,
248.0,
255.0,
242.0,
143.0,
11.0,
0.0,
5.0,
10.0,
0.0,
0.0,
0.0,
0.0,
6.0,
2.0,
0.0,
0.0,
9.0,
0.0,
13.0,
120.0,
255.0,
255.0,
243.0,
239.0,
152.0,
151.0,
140.0,
139.0,
43.0,
149.0,
255.0,
226.0,
70.0,
0.0,
7.0,
0.0,
0.0,
0.0,
0.0,
0.0,
2.0,
0.0,
0.0,
7.0,
0.0,
0.0,
21.0,
58.0,
232.0,
195.0,
69.0,
10.0,
1.0,
0.0,
4.0,
0.0,
20.0,
186.0,
255.0,
238.0,
22.0,
7.0,
0.0,
8.0,
0.0,
0.0,
0.0,
0.0,
2.0,
0.0,
0.0,
6.0,
0.0,
0.0,
0.0,
12.0,
6.0,
49.0,
0.0,
0.0,
16.0,
0.0,
27.0,
97.0,
247.0,
255.0,
220.0,
102.0,
0.0,
0.0,
13.0,
0.0,
0.0,
0.0,
0.0,
0.0,
0.0,
0.0,
0.0,
3.0,
3.0,
0.0,
0.0,
0.0,
0.0,
0.0,
13.0,
4.0,
14.0,
189.0,
226.0,
245.0,
252.0,
142.0,
65.0,
0.0,
0.0,
0.0,
19.0,
0.0,
0.0,
0.0,
0.0,
0.0,
0.0,
0.0,
0.0,
0.0,
1.0,
6.0,
5.0,
1.0,
6.0,
0.0,
5.0,
56.0,
241.0,
239.0,
242.0,
138.0,
92.0,
16.0,
0.0,
0.0,
12.0,
0.0,
0.0,
4.0,
0.0,
0.0,
0.0,
0.0,
0.0,
3.0,
1.0,
0.0,
0.0,
0.0,
1.0,
0.0,
8.0,
0.0,
73.0,
205.0,
243.0,
119.0,
0.0,
0.0,
0.0,
1.0,
4.0,
13.0,
2.0,
6.0,
0.0,
0.0,
0.0,
0.0,
0.0,
0.0,
0.0,
0.0,
3.0,
1.0,
0.0,
1.0,
0.0,
0.0,
0.0,
0.0,
87.0,
255.0,
230.0,
16.0,
9.0,
12.0,
0.0,
0.0,
5.0,
0.0,
1.0,
0.0,
4.0,
2.0,
0.0,
0.0,
0.0,
0.0,
0.0,
0.0,
0.0,
4.0,
6.0,
4.0,
2.0,
3.0,
13.0,
4.0,
16.0,
201.0,
255.0,
167.0,
0.0,
0.0,
18.0,
1.0,
4.0,
0.0,
15.0,
0.0,
0.0,
2.0,
0.0,
0.0,
0.0,
0.0,
11.0,
0.0,
0.0,
0.0,
0.0,
0.0,
0.0,
0.0,
0.0,
0.0,
0.0,
49.0,
209.0,
255.0,
170.0,
15.0,
0.0,
7.0,
5.0,
0.0,
0.0,
6.0,
1.0,
0.0,
0.0,
0.0,
0.0,
0.0,
1.0,
0.0,
0.0,
2.0,
0.0,
0.0,
0.0,
3.0,
0.0,
0.0,
8.0,
0.0,
28.0,
237.0,
255.0,
168.0,
6.0,
1.0,
2.0,
6.0,
0.0,
10.0,
0.0,
3.0,
0.0,
0.0,
0.0,
0.0,
0.0,
0.0,
0.0,
3.0,
1.0,
0.0,
0.0,
0.0,
2.0,
0.0,
0.0,
0.0,
0.0,
38.0,
200.0,
255.0,
184.0,
0.0,
0.0,
13.0,
5.0,
0.0,
0.0,
1.0,
0.0,
0.0,
0.0,
0.0,
0.0,
0.0,
1.0,
3.0,
1.0,
0.0,
0.0,
0.0,
0.0,
12.0,
10.0,
3.0,
8.0,
0.0,
87.0,
209.0,
255.0,
70.0,
0.0,
0.0,
0.0,
0.0,
15.0,
0.0,
0.0,
0.0,
0.0,
0.0,
2.0,
0.0,
0.0,
2.0,
1.0,
0.0,
1.0,
7.0,
64.0,
101.0,
18.0,
0.0,
0.0,
0.0,
2.0,
108.0,
255.0,
230.0,
36.0,
0.0,
0.0,
5.0,
16.0,
0.0,
0.0,
0.0,
0.0,
0.0,
4.0,
0.0,
0.0,
0.0,
0.0,
0.0,
7.0,
15.0,
241.0,
252.0,
20.0,
2.0,
4.0,
14.0,
0.0,
35.0,
222.0,
255.0,
71.0,
10.0,
4.0,
0.0,
0.0,
0.0,
0.0,
0.0,
0.0,
0.0,
5.0,
0.0,
0.0,
0.0,
0.0,
1.0,
8.0,
16.0,
241.0,
251.0,
84.0,
0.0,
0.0,
5.0,
0.0,
16.0,
218.0,
237.0,
94.0,
0.0,
0.0,
1.0,
3.0,
2.0,
0.0,
0.0,
0.0,
0.0,
3.0,
0.0,
0.0,
1.0,
0.0,
0.0,
3.0,
9.0,
185.0,
255.0,
255.0,
121.0,
48.0,
45.0,
43.0,
94.0,
255.0,
233.0,
82.0,
0.0,
0.0,
12.0,
6.0,
0.0,
0.0,
0.0,
0.0,
0.0,
1.0,
0.0,
1.0,
3.0,
1.0,
0.0,
0.0,
1.0,
14.0,
144.0,
240.0,
255.0,
255.0,
246.0,
255.0,
255.0,
242.0,
212.0,
0.0,
2.0,
3.0,
0.0,
0.0,
8.0,
0.0,
0.0,
0.0,
0.0,
0.0,
0.0,
0.0,
0.0,
0.0,
0.0,
0.0,
0.0,
0.0,
17.0,
75.0,
149.0,
216.0,
252.0,
255.0,
250.0,
201.0,
40.0,
0.0,
9.0,
2.0,
0.0,
0.0,
4.0,
0.0,
0.0,
0.0,
0.0,
0.0,
0.0,
0.0,
0.0,
0.0,
0.0,
0.0,
0.0,
4.0,
2.0,
0.0,
2.0,
6.0,
5.0,
0.0,
0.0,
20.0,
0.0,
0.0,
7.0,
0.0,
0.0,
5.0,
7.0,
0.0,
0.0,
0.0,
0.0,
0.0,
0.0,
0.0,
0.0,
0.0,
0.0,
0.0,
0.0,
0.0,
0.0,
0.0,
0.0,
0.0,
0.0,
5.0,
10.0,
0.0,
0.0,
17.0,
8.0,
0.0,
8.0,
3.0,
0.0,
0.0,
0.0,
0.0,
0.0,
0.0,
0.0,
0.0,
0.0,
0.0,
0.0,
0.0,
0.0,
4.0,
8.0,
11.0,
9.0,
3.0,
0.0,
0.0,
0.0,
14.0,
6.0,
0.0,
0.0,
1.0,
6.0,
0.0,
0.0,
0.0,
0.0,
0.0,
0.0,
