0.0,
0.0,
0.0,
0.0,
0.0,
0.0,
0.0,
0.0,
8.0,
3.0,
0.0,
0.0,
1.0,
6.0,
2.0,
0.0,
3.0,
0.0,
0.0,
5.0,
8.0,
0.0,
1.0,
3.0,
0.0,
0.0,
0.0,
0.0,
0.0,
0.0,
0.0,
0.0,
0.0,
0.0,
0.0,
0.0,
0.0,
0.0,
2.0,
6.0,
0.0,
0.0,
0.0,
11.0,
6.0,
13.0,
3.0,
6.0,
0.0,
3.0,
3.0,
1.0,
0.0,
0.0,
0.0,
0.0,
0.0,
0.0,
0.0,
0.0,
0.0,
0.0,
0.0,
0.0,
13.0,
2.0,
0.0,
0.0,
0.0,
0.0,
0.0,
3.0,
0.0,
0.0,
0.0,
6.0,
0.0,
12.0,
0.0,
2.0,
0.0,
0.0,
0.0,
0.0,
0.0,
0.0,
0.0,
0.0,
0.0,
0.0,
0.0,
0.0,
0.0,
0.0,
0.0,
7.0,
12.0,
9.0,
0.0,
0.0,
15.0,
3.0,
0.0,
1.0,
0.0,
9.0,
0.0,
10.0,
0.0,
0.0,
0.0,
0.0,
0.0,
0.0,
0.0,
0.0,
0.0,
0.0,
0.0,
0.0,
0.0,
8.0,
9.0,
0.0,
0.0,
0.0,
6.0,
10.0,
1.0,
0.0,
0.0,
3.0,
0.0,
12.0,
0.0,
0.0,
0.0,
0.0,
0.0,
0.0,
0.0,
0.0,
0.0,
0.0,
0.0,
0.0,
0.0,
0.0,
0.0,
0.0,
0.0,
0.0,
0.0,
10.0,
15.0,
11.0,
11.0,
28.0,
15.0,
1.0,
0.0,
0.0,
16.0,
2.0,
0.0,
0.0,
0.0,
0.0,
0.0,
0.0,
0.0,
0.0,
0.0,
0.0,
0.0,
0.0,
0.0,
0.0,
0.0,
55.0,
127.0,
190.0,
239.0,
255.0,
255.0,
255.0,
207.0,
149.0,
82.0,
0.0,
5.0,
0.0,
0.0,
0.0,
0.0,
0.0,
0.0,
0.0,
0.0,
0.0,
0.0,
0.0,
0.0,
0.0,
0.0,
25.0,
115.0,
221.0,
255.0,
246.0,
216.0,
210.0,
178.0,
209.0,
241.0,
255.0,
198.0,
5.0,
3.0,
0.0,
0.0,
0.0,
0.0,
0.0,
0.0,
0.0,
0.0,
0.0,
0.0,
0.0,
0.0,
0.0,
6.0,
0.0,
139.0,
171.0,
72.0,
37.0,
5.0,
0.0,
13.0,
9.0,
210.0,
254.0,
175.0,
0.0,
2.0,
2.0,
0.0,
0.0,
0.0,
0.0,
0.0,
0.0,
0.0,
0.0,
0.0,
0.0,
0.0,
0.0,
0.0,
15.0,
51.0,
3.0,
0.0,
17.0,
0.0,
0.0,
71.0,
222.0,
255.0,
235.0,
44.0,
0.0,
8.0,
0.0,
0.0,
0.0,
0.0,
0.0,
0.0,
0.0,
0.0,
0.0,
0.0,
0.0,
0.0,
0.0,
0.0,
0.0,
0.0,
0.0,
10.0,
63.0,
129.0,
201.0,
253.0,
241.0,
187.0,
67.0,
0.0,
12.0,
0.0,
7.0,
0.0,
0.0,
0.0,
0.0,
0.0,
0.0,
0.0,
0.0,
0.0,
0.0,
0.0,
0.0,
11.0,
11.0,
0.0,
57.0,
191.0,
255.0,
255.0,
250.0,
197.0,
126.0,
2.0,
0.0,
5.0,
7.0,
0.0,
2.0,
0.0,
0.0,
0.0,
0.0,
0.0,
0.0,
0.0,
0.0,
0.0,
0.0,
0.0,
0.0,
0.0,
0.0,
129.0,
255.0,
251.0,
239.0,
205.0,
72.0,
0.0,
3.0,
0.0,
8.0,
3.0,
0.0,
10.0,
0.0,
0.0,
0.0,
0.0,
0.0,
0.0,
0.0,
0.0,
0.0,
0.0,
0.0,
0.0,
0.0,
11.0,
17.0,
123.0,
247.0,
255.0,
255.0,
228.0,
145.0,
71.0,
0.0,
18.0,
0.0,
0.0,
2.0,
1.0,
4.0,
0.0,
0.0,
0.0,
0.0,
0.0,
0.0,
0.0,
0.0,
0.0,
0.0,
0.0,
0.0,
2.0,
0.0,
13.0,
46.0,
77.0,
185.0,
255.0,
252.0,
246.0,
168.0,
19.0,
25.0,
0.0,
0.0,
4.0,
0.0,
0.0,
0.0,
0.0,
0.0,
0.0,
0.0,
0.0,
0.0,
0.0,
0.0,
0.0,
0.0,
3.0,
0.0,
0.0,
0.0,
4.0,
0.0,
40.0,
146.0,
244.0,
255.0,
230.0,
70.0,
13.0,
0.0,
2.0,
0.0,
0.0,
0.0,
0.0,
0.0,
0.0,
0.0,
5.0,
6.0,
0.0,
0.0,
4.0,
4.0,
0.0,
3.0,
3.0,
0.0,
0.0,
1.0,
0.0,
1.0,
26.0,
155.0,
252.0,
226.0,
171.0,
43.0,
6.0,
2.0,
0.0,
0.0,
0.0,
0.0,
0.0,
0.0,
0.0,
0.0,
4.0,
0.0,
0.0,
0.0,
11.0,
4.0,
2.0,
2.0,
0.0,
0.0,
0.0,
0.0,
1.0,
12.0,
159.0,
233.0,
252.0,
244.0,
0.0,
0.0,
0.0,
0.0,
0.0,
0.0,
9.0,
9.0,
3.0,
0.0,
5.0,
9.0,
0.0,
10.0,
0.0,
0.0,
0.0,
1.0,
0.0,
6.0,
8.0,
0.0,
3.0,
0.0,
0.0,
68.0,
255.0,
255.0,
29.0,
0.0,
0.0,
0.0,
0.0,
0.0,
2.0,
0.0,
0.0,
7.0,
3.0,
18.0,
58.0,
59.0,
61.0,
56.0,
67.0,
64.0,
51.0,
63.0,
55.0,
8.0,
55.0,
37.0,
161.0,
201.0,
225.0,
253.0,
0.0,
3.0,
0.0,
0.0,
0.0,
0.0,
0.0,
18.0,
81.0,
192.0,
217.0,
239.0,
255.0,
232.0,
255.0,
239.0,
252.0,
255.0,
252.0,
255.0,
249.0,
214.0,
246.0,
253.0,
254.0,
247.0,
245.0,
104.0,
2.0,
8.0,
0.0,
0.0,
0.0,
0.0,
3.0,
0.0,
229.0,
222.0,
159.0,
212.0,
146.0,
196.0,
167.0,
135.0,
145.0,
178.0,
179.0,
169.0,
175.0,
181.0,
173.0,
192.0,
150.0,
190.0,
35.0,
0.0,
0.0,
0.0,
0.0,
0.0,
0.0,
0.0,
3.0,
0.0,
10.0,
22.0,
3.0,
8.0,
13.0,
0.0,
10.0,
0.0,
0.0,
6.0,
5.0,
0.0,
0.0,
8.0,
0.0,
10.0,
8.0,
0.0,
0.0,
13.0,
5.0,
0.0,
0.0,
0.0,
0.0,
0.0,
2.0,
0.0,
2.0,
0.0,
0.0,
2.0,
0.0,
4.0,
0.0,
8.0,
8.0,
0.0,
0.0,
4.0,
2.0,
0.0,
0.0,
0.0,
13.0,
0.0,
0.0,
0.0,
1.0,
1.0,
0.0,
0.0,
0.0,
0.0,
0.0,
0.0,
0.0,
0.0,
0.0,
0.0,
0.0,
0.0,
0.0,
0.0,
0.0,
0.0,
0.0,
0.0,
0.0,
0.0,
0.0,
0.0,
0.0,
0.0,
0.0,
0.0,
0.0,
0.0,
0.0,
0.0,
0.0,
0.0,
0.0,
0.0,
0.0,
0.0,
0.0,
0.0,
0.0,
0.0,
0.0,
0.0,
0.0,
0.0,
0.0,
0.0,
0.0,
0.0,
0.0,
0.0,
0.0,
0.0,
0.0,
0.0,
0.0,
0.0,
0.0,
0.0,
0.0,
0.0,
0.0,
0.0,
0.0,
0.0,
0.0,
0.0,
0.0,
0.0,
0.0,
0.0,
0.0,
0.0,
0.0,
0.0,
0.0,
0.0,
0.0,
0.0,
0.0,
0.0,
0.0,
0.0,
0.0,
0.0,
0.0,
0.0,
0.0,
0.0,
0.0,
0.0,
0.0,
0.0,
0.0,
0.0,
0.0,
0.0,
0.0,
0.0,
0.0,
0.0,
0.0,
0.0,
0.0,
0.0,
0.0,
0.0,
0.0,
0.0,
0.0,
0.0,
0.0,
0.0,
0.0,
0.0,
0.0,
0.0,
