0.0,
1.0,
0.0,
0.0,
5.0,
4.0,
0.0,
3.0,
0.0,
16.0,
0.0,
0.0,
0.0,
9.0,
0.0,
0.0,
0.0,
0.0,
0.0,
0.0,
0.0,
0.0,
7.0,
0.0,
0.0,
0.0,
0.0,
0.0,
3.0,
2.0,
0.0,
1.0,
1.0,
0.0,
0.0,
9.0,
14.0,
0.0,
0.0,
23.0,
0.0,
0.0,
16.0,
0.0,
13.0,
8.0,
3.0,
9.0,
8.0,
0.0,
0.0,
0.0,
0.0,
0.0,
0.0,
0.0,
0.0,
4.0,
2.0,
1.0,
4.0,
0.0,
0.0,
5.0,
6.0,
3.0,
0.0,
0.0,
2.0,
5.0,
4.0,
0.0,
0.0,
0.0,
0.0,
0.0,
6.0,
2.0,
0.0,
7.0,
0.0,
0.0,
0.0,
0.0,
0.0,
6.0,
1.0,
0.0,
3.0,
9.0,
0.0,
0.0,
0.0,
0.0,
15.0,
2.0,
3.0,
0.0,
2.0,
9.0,
2.0,
6.0,
7.0,
0.0,
2.0,
1.0,
0.0,
4.0,
0.0,
0.0,
0.0,
0.0,
1.0,
3.0,
0.0,
0.0,
0.0,
0.0,
0.0,
12.0,
34.0,
163.0,
209.0,
192.0,
255.0,
224.0,
95.0,
0.0,
0.0,
0.0,
10.0,
0.0,
0.0,
4.0,
0.0,
2.0,
0.0,
0.0,
0.0,
0.0,
4.0,
0.0,
0.0,
9.0,
4.0,
0.0,
9.0,
68.0,
248.0,
225.0,
178.0,
108.0,
128.0,
228.0,
250.0,
153.0,
24.0,
0.0,
0.0,
0.0,
0.0,
11.0,
0.0,
5.0,
0.0,
0.0,
0.0,
0.0,
0.0,
0.0,
0.0,
9.0,
6.0,
0.0,
14.0,
64.0,
134.0,
78.0,
11.0,
0.0,
0.0,
28.0,
116.0,
239.0,
166.0,
41.0,
7.0,
7.0,
2.0,
10.0,
0.0,
0.0,
0.0,
0.0,
0.0,
0.0,
0.0,
8.0,
3.0,
0.0,
0.0,
0.0,
0.0,
0.0,
0.0,
9.0,
0.0,
3.0,
7.0,
0.0,
2.0,
106.0,
255.0,
71.0,
0.0,
0.0,
0.0,
3.0,
0.0,
8.0,
0.0,
0.0,
0.0,
0.0,
0.0,
0.0,
0.0,
0.0,
0.0,
0.0,
0.0,
0.0,
0.0,
10.0,
0.0,
0.0,
10.0,
0.0,
0.0,
4.0,
235.0,
188.0,
16.0,
0.0,
0.0,
3.0,
0.0,
0.0,
0.0,
0.0,
0.0,
0.0,
0.0,
0.0,
0.0,
0.0,
0.0,
0.0,
0.0,
0.0,
0.0,
1.0,
0.0,
7.0,
0.0,
2.0,
26.0,
0.0,
162.0,
235.0,
0.0,
0.0,
8.0,
0.0,
7.0,
10.0,
0.0,
0.0,
0.0,
0.0,
0.0,
0.0,
0.0,
0.0,
0.0,
0.0,
0.0,
0.0,
9.0,
0.0,
17.0,
0.0,
11.0,
0.0,
11.0,
0.0,
190.0,
244.0,
0.0,
0.0,
11.0,
0.0,
0.0,
0.0,
0.0,
0.0,
0.0,
0.0,
0.0,
0.0,
0.0,
0.0,
0.0,
0.0,
0.0,
0.0,
4.0,
0.0,
0.0,
13.0,
0.0,
4.0,
0.0,
148.0,
255.0,
158.0,
0.0,
5.0,
0.0,
4.0,
0.0,
4.0,
0.0,
0.0,
0.0,
0.0,
0.0,
0.0,
0.0,
0.0,
0.0,
0.0,
0.0,
0.0,
0.0,
4.0,
0.0,
0.0,
7.0,
9.0,
76.0,
231.0,
246.0,
71.0,
8.0,
0.0,
0.0,
0.0,
5.0,
8.0,
0.0,
0.0,
0.0,
0.0,
0.0,
0.0,
0.0,
0.0,
0.0,
0.0,
0.0,
0.0,
20.0,
220.0,
238.0,
249.0,
152.0,
200.0,
255.0,
216.0,
73.0,
15.0,
16.0,
0.0,
0.0,
0.0,
5.0,
0.0,
0.0,
0.0,
0.0,
0.0,
0.0,
0.0,
0.0,
0.0,
0.0,
0.0,
0.0,
0.0,
15.0,
164.0,
221.0,
230.0,
247.0,
249.0,
255.0,
77.0,
4.0,
0.0,
0.0,
0.0,
15.0,
4.0,
7.0,
1.0,
0.0,
0.0,
0.0,
0.0,
0.0,
0.0,
0.0,
0.0,
0.0,
0.0,
0.0,
0.0,
0.0,
0.0,
9.0,
18.0,
61.0,
61.0,
162.0,
255.0,
136.0,
20.0,
3.0,
0.0,
0.0,
0.0,
0.0,
10.0,
0.0,
0.0,
0.0,
0.0,
0.0,
1.0,
2.0,
0.0,
0.0,
0.0,
0.0,
0.0,
0.0,
9.0,
0.0,
9.0,
1.0,
9.0,
5.0,
113.0,
241.0,
160.0,
10.0,
2.0,
0.0,
8.0,
0.0,
0.0,
0.0,
0.0,
0.0,
0.0,
1.0,
1.0,
0.0,
0.0,
0.0,
0.0,
1.0,
2.0,
0.0,
0.0,
25.0,
0.0,
0.0,
5.0,
0.0,
0.0,
165.0,
255.0,
52.0,
10.0,
0.0,
2.0,
0.0,
9.0,
0.0,
0.0,
0.0,
0.0,
3.0,
0.0,
0.0,
0.0,
0.0,
1.0,
2.0,
2.0,
12.0,
0.0,
0.0,
7.0,
4.0,
0.0,
2.0,
6.0,
124.0,
255.0,
165.0,
15.0,
0.0,
0.0,
0.0,
6.0,
0.0,
0.0,
0.0,
0.0,
3.0,
0.0,
0.0,
0.0,
2.0,
1.0,
0.0,
0.0,
0.0,
22.0,
0.0,
0.0,
9.0,
11.0,
0.0,
0.0,
186.0,
236.0,
166.0,
7.0,
0.0,
0.0,
2.0,
0.0,
0.0,
0.0,
0.0,
0.0,
2.0,
0.0,
0.0,
3.0,
3.0,
0.0,
0.0,
0.0,
6.0,
0.0,
0.0,
7.0,
0.0,
0.0,
22.0,
170.0,
255.0,
239.0,
30.0,
0.0,
0.0,
12.0,
0.0,
0.0,
0.0,
0.0,
0.0,
0.0,
1.0,
0.0,
0.0,
4.0,
2.0,
0.0,
0.0,
6.0,
0.0,
21.0,
0.0,
0.0,
5.0,
33.0,
226.0,
232.0,
208.0,
113.0,
0.0,
3.0,
0.0,
5.0,
0.0,
3.0,
0.0,
0.0,
0.0,
0.0,
2.0,
0.0,
0.0,
2.0,
0.0,
0.0,
7.0,
23.0,
91.0,
28.0,
103.0,
123.0,
192.0,
244.0,
255.0,
226.0,
81.0,
0.0,
14.0,
3.0,
2.0,
0.0,
3.0,
2.0,
0.0,
0.0,
0.0,
0.0,
3.0,
0.0,
0.0,
0.0,
0.0,
0.0,
14.0,
37.0,
183.0,
250.0,
254.0,
255.0,
236.0,
153.0,
98.0,
18.0,
0.0,
16.0,
0.0,
0.0,
15.0,
0.0,
1.0,
0.0,
0.0,
0.0,
0.0,
0.0,
0.0,
0.0,
0.0,
0.0,
0.0,
0.0,
0.0,
0.0,
0.0,
0.0,
0.0,
0.0,
0.0,
0.0,
0.0,
0.0,
0.0,
0.0,
0.0,
0.0,
0.0,
0.0,
0.0,
0.0,
0.0,
0.0,
0.0,
0.0,
0.0,
0.0,
0.0,
0.0,
0.0,
0.0,
0.0,
0.0,
0.0,
0.0,
0.0,
0.0,
0.0,
0.0,
0.0,
0.0,
0.0,
0.0,
0.0,
0.0,
0.0,
0.0,
0.0,
0.0,
0.0,
0.0,
0.0,
0.0,
0.0,
0.0,
0.0,
0.0,
0.0,
0.0,
0.0,
0.0,
0.0,
0.0,
0.0,
0.0,
0.0,
0.0,
0.0,
0.0,
0.0,
0.0,
0.0,
0.0,
0.0,
0.0,
0.0,
0.0,
0.0,
0.0,
0.0,
0.0,
0.0,
0.0,
0.0,
0.0,
0.0,
0.0,
0.0,
0.0,
0.0,
0.0,
0.0,
0.0,
0.0,
0.0,
0.0,
0.0,
0.0,
0.0,
0.0,
0.0,
0.0,
0.0,
0.0,
0.0,
0.0,
0.0,
0.0,
0.0,
