0.0,
0.0,
0.0,
0.0,
0.0,
0.0,
0.0,
0.0,
0.0,
0.0,
8.0,
5.0,
0.0,
0.0,
6.0,
0.0,
4.0,
0.0,
0.0,
5.0,
0.0,
7.0,
12.0,
0.0,
0.0,
0.0,
0.0,
0.0,
0.0,
0.0,
0.0,
0.0,
0.0,
0.0,
0.0,
0.0,
0.0,
0.0,
0.0,
3.0,
3.0,
0.0,
3.0,
0.0,
0.0,
5.0,
0.0,
0.0,
0.0,
0.0,
6.0,
4.0,
0.0,
0.0,
0.0,
0.0,
0.0,
0.0,
0.0,
0.0,
0.0,
0.0,
0.0,
0.0,
4.0,
9.0,
0.0,
11.0,
3.0,
0.0,
9.0,
17.0,
0.0,
14.0,
4.0,
0.0,
17.0,
0.0,
1.0,
5.0,
0.0,
0.0,
0.0,
0.0,
0.0,
0.0,
0.0,
0.0,
0.0,
0.0,
0.0,
0.0,
5.0,
0.0,
0.0,
0.0,
8.0,
8.0,
0.0,
0.0,
0.0,
0.0,
0.0,
0.0,
4.0,
6.0,
0.0,
0.0,
0.0,
0.0,
0.0,
0.0,
0.0,
0.0,
0.0,
0.0,
0.0,
0.0,
0.0,
0.0,
0.0,
0.0,
21.0,
0.0,
0.0,
10.0,
0.0,
12.0,
14.0,
0.0,
12.0,
5.0,
0.0,
9.0,
4.0,
8.0,
0.0,
0.0,
0.0,
0.0,
0.0,
0.0,
0.0,
0.0,
0.0,
0.0,
0.0,
0.0,
3.0,
0.0,
3.0,
0.0,
46.0,
131.0,
178.0,
255.0,
239.0,
180.0,
205.0,
150.0,
32.0,
0.0,
0.0,
0.0,
0.0,
0.0,
0.0,
0.0,
0.0,
0.0,
0.0,
0.0,
0.0,
0.0,
0.0,
0.0,
4.0,
0.0,
16.0,
116.0,
241.0,
255.0,
253.0,
241.0,
255.0,
229.0,
255.0,
233.0,
130.0,
0.0,
2.0,
4.0,
0.0,
0.0,
0.0,
0.0,
0.0,
0.0,
0.0,
0.0,
0.0,
0.0,
0.0,
0.0,
0.0,
4.0,
0.0,
123.0,
240.0,
242.0,
255.0,
255.0,
194.0,
189.0,
246.0,
255.0,
211.0,
0.0,
6.0,
0.0,
0.0,
0.0,
0.0,
0.0,
0.0,
0.0,
0.0,
0.0,
0.0,
0.0,
0.0,
0.0,
0.0,
0.0,
0.0,
0.0,
10.0,
4.0,
6.0,
15.0,
2.0,
54.0,
254.0,
255.0,
143.0,
2.0,
3.0,
0.0,
0.0,
0.0,
0.0,
0.0,
0.0,
0.0,
0.0,
0.0,
0.0,
0.0,
0.0,
0.0,
13.0,
0.0,
12.0,
14.0,
0.0,
0.0,
14.0,
0.0,
35.0,
144.0,
255.0,
242.0,
94.0,
0.0,
11.0,
0.0,
0.0,
0.0,
0.0,
0.0,
0.0,
0.0,
0.0,
0.0,
0.0,
0.0,
0.0,
0.0,
0.0,
0.0,
0.0,
0.0,
0.0,
7.0,
0.0,
26.0,
170.0,
255.0,
255.0,
193.0,
0.0,
18.0,
0.0,
13.0,
0.0,
0.0,
0.0,
0.0,
0.0,
0.0,
0.0,
0.0,
0.0,
0.0,
0.0,
0.0,
2.0,
0.0,
0.0,
12.0,
12.0,
1.0,
50.0,
230.0,
255.0,
235.0,
203.0,
25.0,
16.0,
0.0,
7.0,
0.0,
0.0,
0.0,
0.0,
0.0,
0.0,
0.0,
0.0,
0.0,
0.0,
0.0,
0.0,
0.0,
14.0,
103.0,
168.0,
178.0,
192.0,
255.0,
250.0,
238.0,
239.0,
228.0,
27.0,
3.0,
0.0,
2.0,
11.0,
0.0,
0.0,
0.0,
0.0,
0.0,
0.0,
0.0,
0.0,
0.0,
0.0,
0.0,
0.0,
0.0,
98.0,
228.0,
255.0,
255.0,
243.0,
255.0,
245.0,
255.0,
255.0,
243.0,
73.0,
5.0,
0.0,
0.0,
3.0,
0.0,
0.0,
0.0,
0.0,
0.0,
0.0,
0.0,
0.0,
0.0,
0.0,
0.0,
0.0,
0.0,
85.0,
255.0,
252.0,
252.0,
255.0,
235.0,
147.0,
132.0,
249.0,
255.0,
230.0,
8.0,
11.0,
0.0,
0.0,
3.0,
0.0,
0.0,
0.0,
0.0,
0.0,
0.0,
0.0,
0.0,
0.0,
0.0,
0.0,
0.0,
0.0,
66.0,
0.0,
0.0,
0.0,
4.0,
2.0,
7.0,
136.0,
247.0,
255.0,
30.0,
0.0,
0.0,
10.0,
0.0,
0.0,
0.0,
0.0,
0.0,
0.0,
3.0,
2.0,
0.0,
0.0,
16.0,
0.0,
9.0,
0.0,
0.0,
8.0,
0.0,
9.0,
0.0,
0.0,
12.0,
52.0,
234.0,
243.0,
109.0,
2.0,
1.0,
0.0,
1.0,
0.0,
0.0,
0.0,
0.0,
0.0,
0.0,
2.0,
8.0,
0.0,
6.0,
12.0,
0.0,
2.0,
0.0,
11.0,
13.0,
0.0,
5.0,
2.0,
0.0,
0.0,
163.0,
255.0,
148.0,
2.0,
0.0,
6.0,
0.0,
0.0,
0.0,
0.0,
0.0,
0.0,
0.0,
14.0,
9.0,
0.0,
18.0,
0.0,
0.0,
8.0,
0.0,
12.0,
0.0,
0.0,
4.0,
6.0,
0.0,
80.0,
254.0,
246.0,
248.0,
0.0,
8.0,
0.0,
18.0,
0.0,
0.0,
0.0,
0.0,
16.0,
0.0,
0.0,
0.0,
40.0,
169.0,
16.0,
10.0,
0.0,
8.0,
0.0,
0.0,
6.0,
0.0,
0.0,
73.0,
201.0,
255.0,
254.0,
57.0,
0.0,
0.0,
0.0,
0.0,
0.0,
0.0,
0.0,
0.0,
0.0,
3.0,
0.0,
0.0,
59.0,
255.0,
87.0,
6.0,
0.0,
18.0,
0.0,
27.0,
0.0,
14.0,
30.0,
200.0,
255.0,
240.0,
101.0,
11.0,
0.0,
2.0,
24.0,
0.0,
0.0,
0.0,
0.0,
0.0,
0.0,
19.0,
1.0,
17.0,
31.0,
235.0,
180.0,
3.0,
0.0,
0.0,
0.0,
0.0,
15.0,
106.0,
206.0,
255.0,
223.0,
58.0,
2.0,
16.0,
0.0,
0.0,
0.0,
5.0,
0.0,
0.0,
0.0,
0.0,
4.0,
2.0,
0.0,
2.0,
33.0,
197.0,
255.0,
111.0,
39.0,
67.0,
168.0,
162.0,
240.0,
255.0,
255.0,
160.0,
62.0,
3.0,
0.0,
10.0,
0.0,
0.0,
23.0,
0.0,
0.0,
0.0,
0.0,
0.0,
1.0,
0.0,
12.0,
0.0,
1.0,
85.0,
236.0,
255.0,
255.0,
253.0,
243.0,
253.0,
226.0,
166.0,
54.0,
21.0,
0.0,
6.0,
7.0,
0.0,
0.0,
5.0,
0.0,
2.0,
0.0,
0.0,
0.0,
0.0,
1.0,
1.0,
0.0,
0.0,
0.0,
19.0,
83.0,
143.0,
233.0,
255.0,
225.0,
115.0,
19.0,
0.0,
0.0,
4.0,
0.0,
0.0,
0.0,
0.0,
0.0,
0.0,
0.0,
0.0,
0.0,
0.0,
0.0,
0.0,
5.0,
0.0,
0.0,
3.0,
0.0,
0.0,
0.0,
7.0,
0.0,
1.0,
2.0,
0.0,
0.0,
9.0,
10.0,
0.0,
0.0,
0.0,
0.0,
0.0,
0.0,
0.0,
0.0,
0.0,
0.0,
0.0,
0.0,
0.0,
1.0,
0.0,
0.0,
6.0,
13.0,
7.0,
0.0,
0.0,
11.0,
1.0,
0.0,
1.0,
4.0,
0.0,
0.0,
0.0,
0.0,
0.0,
0.0,
0.0,
0.0,
0.0,
0.0,
0.0,
0.0,
0.0,
0.0,
0.0,
6.0,
1.0,
0.0,
0.0,
0.0,
0.0,
3.0,
12.0,
0.0,
0.0,
0.0,
0.0,
0.0,
0.0,
0.0,
14.0,
0.0,
0.0,
0.0,
0.0,
0.0,
0.0,
0.0,
0.0,
0.0,
0.0,
0.0,
0.0,
