0.0,
0.0,
0.0,
0.0,
0.0,
0.0,
0.0,
0.0,
0.0,
0.0,
1.0,
9.0,
0.0,
0.0,
2.0,
6.0,
0.0,
0.0,
11.0,
0.0,
0.0,
0.0,
7.0,
1.0,
0.0,
0.0,
0.0,
0.0,
0.0,
0.0,
0.0,
0.0,
0.0,
0.0,
0.0,
0.0,
15.0,
4.0,
0.0,
0.0,
0.0,
4.0,
2.0,
0.0,
10.0,
5.0,
0.0,
7.0,
16.0,
0.0,
0.0,
0.0,
0.0,
0.0,
0.0,
0.0,
0.0,
0.0,
0.0,
0.0,
0.0,
0.0,
0.0,
0.0,
0.0,
0.0,
1.0,
0.0,
0.0,
0.0,
0.0,
0.0,
0.0,
7.0,
0.0,
0.0,
7.0,
0.0,
0.0,
4.0,
0.0,
0.0,
0.0,
0.0,
0.0,
0.0,
0.0,
0.0,
0.0,
0.0,
0.0,
0.0,
3.0,
4.0,
1.0,
0.0,
3.0,
0.0,
1.0,
10.0,
0.0,
8.0,
13.0,
0.0,
0.0,
0.0,
5.0,
0.0,
0.0,
0.0,
0.0,
0.0,
0.0,
0.0,
0.0,
0.0,
0.0,
0.0,
0.0,
0.0,
3.0,
0.0,
0.0,
0.0,
5.0,
0.0,
0.0,
8.0,
14.0,
0.0,
13.0,
0.0,
4.0,
0.0,
1.0,
0.0,
0.0,
0.0,
0.0,
0.0,
0.0,
0.0,
0.0,
0.0,
0.0,
0.0,
0.0,
0.0,
0.0,
0.0,
17.0,
110.0,
227.0,
255.0,
254.0,
242.0,
119.0,
24.0,
0.0,
0.0,
6.0,
0.0,
0.0,
5.0,
0.0,
0.0,
0.0,
0.0,
0.0,
0.0,
0.0,
0.0,
0.0,
0.0,
0.0,
0.0,
87.0,
162.0,
218.0,
243.0,
255.0,
250.0,
245.0,
255.0,
254.0,
177.0,
19.0,
0.0,
6.0,
0.0,
0.0,
7.0,
0.0,
0.0,
0.0,
0.0,
0.0,
0.0,
0.0,
0.0,
0.0,
0.0,
0.0,
0.0,
189.0,
249.0,
255.0,
246.0,
254.0,
255.0,
247.0,
253.0,
250.0,
250.0,
18.0,
0.0,
0.0,
1.0,
0.0,
0.0,
0.0,
0.0,
0.0,
0.0,
0.0,
5.0,
0.0,
0.0,
4.0,
0.0,
8.0,
72.0,
247.0,
238.0,
255.0,
255.0,
237.0,
255.0,
248.0,
251.0,
248.0,
251.0,
27.0,
0.0,
11.0,
3.0,
0.0,
5.0,
0.0,
0.0,
0.0,
0.0,
0.0,
4.0,
0.0,
0.0,
7.0,
0.0,
2.0,
47.0,
250.0,
255.0,
238.0,
246.0,
177.0,
24.0,
40.0,
255.0,
249.0,
255.0,
30.0,
0.0,
0.0,
0.0,
26.0,
0.0,
0.0,
0.0,
0.0,
0.0,
0.0,
4.0,
0.0,
0.0,
9.0,
2.0,
0.0,
15.0,
0.0,
55.0,
120.0,
84.0,
15.0,
0.0,
38.0,
236.0,
251.0,
255.0,
0.0,
14.0,
8.0,
0.0,
8.0,
0.0,
0.0,
0.0,
0.0,
0.0,
0.0,
4.0,
0.0,
0.0,
7.0,
6.0,
0.0,
0.0,
1.0,
7.0,
7.0,
3.0,
4.0,
51.0,
210.0,
255.0,
255.0,
252.0,
31.0,
0.0,
7.0,
0.0,
0.0,
10.0,
0.0,
0.0,
0.0,
0.0,
0.0,
4.0,
2.0,
0.0,
1.0,
5.0,
0.0,
0.0,
21.0,
0.0,
7.0,
15.0,
190.0,
255.0,
255.0,
238.0,
245.0,
249.0,
182.0,
36.0,
0.0,
0.0,
4.0,
7.0,
0.0,
0.0,
0.0,
0.0,
0.0,
3.0,
4.0,
0.0,
0.0,
2.0,
3.0,
0.0,
0.0,
0.0,
0.0,
75.0,
255.0,
236.0,
255.0,
255.0,
255.0,
255.0,
255.0,
162.0,
0.0,
8.0,
0.0,
0.0,
0.0,
0.0,
0.0,
0.0,
0.0,
0.0,
3.0,
2.0,
0.0,
0.0,
4.0,
1.0,
9.0,
8.0,
10.0,
28.0,
179.0,
255.0,
246.0,
169.0,
214.0,
252.0,
245.0,
235.0,
36.0,
2.0,
0.0,
11.0,
0.0,
0.0,
0.0,
0.0,
2.0,
0.0,
1.0,
4.0,
0.0,
0.0,
3.0,
0.0,
0.0,
19.0,
0.0,
0.0,
6.0,
0.0,
3.0,
2.0,
34.0,
206.0,
255.0,
253.0,
158.0,
0.0,
14.0,
0.0,
0.0,
0.0,
0.0,
0.0,
0.0,
0.0,
1.0,
0.0,
5.0,
9.0,
0.0,
2.0,
5.0,
0.0,
0.0,
0.0,
7.0,
0.0,
0.0,
10.0,
0.0,
85.0,
230.0,
255.0,
198.0,
0.0,
24.0,
0.0,
0.0,
0.0,
0.0,
0.0,
0.0,
0.0,
0.0,
0.0,
4.0,
2.0,
0.0,
12.0,
2.0,
4.0,
2.0,
0.0,
0.0,
0.0,
0.0,
0.0,
20.0,
0.0,
240.0,
241.0,
205.0,
0.0,
0.0,
4.0,
0.0,
0.0,
0.0,
0.0,
3.0,
3.0,
0.0,
1.0,
0.0,
0.0,
0.0,
0.0,
0.0,
3.0,
1.0,
0.0,
6.0,
11.0,
8.0,
7.0,
0.0,
50.0,
233.0,
255.0,
212.0,
23.0,
0.0,
0.0,
0.0,
0.0,
0.0,
0.0,
0.0,
0.0,
0.0,
7.0,
8.0,
3.0,
12.0,
4.0,
0.0,
7.0,
0.0,
0.0,
2.0,
0.0,
0.0,
0.0,
4.0,
149.0,
237.0,
255.0,
202.0,
0.0,
0.0,
5.0,
0.0,
0.0,
0.0,
0.0,
0.0,
4.0,
0.0,
0.0,
4.0,
0.0,
0.0,
0.0,
0.0,
8.0,
0.0,
0.0,
0.0,
0.0,
7.0,
26.0,
92.0,
245.0,
253.0,
172.0,
1.0,
24.0,
5.0,
0.0,
0.0,
0.0,
0.0,
0.0,
2.0,
3.0,
3.0,
0.0,
0.0,
0.0,
0.0,
23.0,
21.0,
40.0,
28.0,
39.0,
33.0,
19.0,
71.0,
113.0,
238.0,
255.0,
218.0,
52.0,
0.0,
0.0,
0.0,
7.0,
0.0,
0.0,
0.0,
0.0,
0.0,
0.0,
6.0,
0.0,
9.0,
10.0,
25.0,
152.0,
222.0,
244.0,
222.0,
229.0,
222.0,
205.0,
245.0,
255.0,
255.0,
255.0,
105.0,
2.0,
0.0,
9.0,
0.0,
0.0,
0.0,
0.0,
0.0,
0.0,
8.0,
0.0,
9.0,
0.0,
0.0,
0.0,
21.0,
213.0,
242.0,
255.0,
236.0,
249.0,
255.0,
251.0,
255.0,
244.0,
250.0,
131.0,
5.0,
0.0,
6.0,
0.0,
0.0,
4.0,
0.0,
0.0,
0.0,
0.0,
1.0,
0.0,
0.0,
0.0,
0.0,
2.0,
6.0,
9.0,
79.0,
127.0,
170.0,
253.0,
253.0,
253.0,
179.0,
143.0,
39.0,
14.0,
0.0,
0.0,
5.0,
2.0,
0.0,
0.0,
0.0,
0.0,
0.0,
0.0,
1.0,
0.0,
0.0,
0.0,
0.0,
1.0,
5.0,
7.0,
0.0,
0.0,
0.0,
10.0,
0.0,
16.0,
0.0,
1.0,
17.0,
3.0,
0.0,
0.0,
2.0,
0.0,
0.0,
3.0,
0.0,
0.0,
0.0,
0.0,
0.0,
0.0,
0.0,
0.0,
0.0,
1.0,
2.0,
3.0,
5.0,
6.0,
2.0,
0.0,
0.0,
0.0,
0.0,
0.0,
0.0,
0.0,
0.0,
3.0,
1.0,
0.0,
0.0,
6.0,
0.0,
0.0,
0.0,
0.0,
0.0,
0.0,
1.0,
1.0,
1.0,
0.0,
0.0,
0.0,
0.0,
0.0,
7.0,
0.0,
6.0,
0.0,
7.0,
7.0,
0.0,
0.0,
2.0,
5.0,
2.0,
0.0,
0.0,
4.0,
0.0,
0.0,
0.0,
0.0,
