0.0,
0.0,
7.0,
0.0,
0.0,
0.0,
10.0,
0.0,
0.0,
0.0,
3.0,
3.0,
0.0,
0.0,
6.0,
4.0,
1.0,
0.0,
10.0,
0.0,
5.0,
0.0,
0.0,
7.0,
0.0,
0.0,
0.0,
0.0,
1.0,
0.0,
0.0,
0.0,
12.0,
10.0,
3.0,
0.0,
0.0,
22.0,
3.0,
0.0,
7.0,
5.0,
0.0,
0.0,
0.0,
1.0,
0.0,
5.0,
0.0,
9.0,
0.0,
0.0,
0.0,
0.0,
0.0,
0.0,
0.0,
12.0,
9.0,
2.0,
0.0,
0.0,
0.0,
16.0,
0.0,
0.0,
0.0,
0.0,
10.0,
10.0,
6.0,
5.0,
3.0,
7.0,
8.0,
4.0,
0.0,
0.0,
9.0,
0.0,
0.0,
0.0,
0.0,
0.0,
3.0,
0.0,
0.0,
0.0,
4.0,
8.0,
1.0,
3.0,
13.0,
0.0,
0.0,
12.0,
0.0,
0.0,
0.0,
0.0,
0.0,
0.0,
0.0,
1.0,
0.0,
9.0,
16.0,
0.0,
0.0,
0.0,
0.0,
0.0,
5.0,
0.0,
0.0,
1.0,
0.0,
0.0,
10.0,
0.0,
0.0,
8.0,
0.0,
17.0,
0.0,
15.0,
0.0,
10.0,
0.0,
14.0,
0.0,
14.0,
0.0,
0.0,
0.0,
5.0,
0.0,
0.0,
0.0,
0.0,
0.0,
0.0,
19.0,
5.0,
20.0,
55.0,
121.0,
136.0,
133.0,
67.0,
199.0,
127.0,
145.0,
122.0,
250.0,
129.0,
87.0,
42.0,
27.0,
0.0,
22.0,
4.0,
0.0,
0.0,
0.0,
0.0,
0.0,
0.0,
6.0,
0.0,
0.0,
0.0,
147.0,
223.0,
255.0,
255.0,
222.0,
255.0,
255.0,
235.0,
255.0,
255.0,
255.0,
255.0,
255.0,
240.0,
255.0,
158.0,
139.0,
33.0,
0.0,
11.0,
0.0,
0.0,
0.0,
0.0,
0.0,
7.0,
0.0,
6.0,
211.0,
255.0,
255.0,
236.0,
252.0,
240.0,
255.0,
255.0,
255.0,
246.0,
255.0,
253.0,
244.0,
227.0,
218.0,
255.0,
249.0,
217.0,
10.0,
0.0,
0.0,
0.0,
0.0,
0.0,
0.0,
0.0,
8.0,
3.0,
247.0,
255.0,
231.0,
160.0,
159.0,
47.0,
47.0,
43.0,
43.0,
48.0,
48.0,
42.0,
41.0,
29.0,
27.0,
67.0,
250.0,
244.0,
97.0,
0.0,
0.0,
0.0,
0.0,
0.0,
1.0,
5.0,
0.0,
8.0,
151.0,
165.0,
70.0,
0.0,
1.0,
0.0,
15.0,
0.0,
0.0,
7.0,
10.0,
0.0,
6.0,
0.0,
0.0,
18.0,
218.0,
255.0,
91.0,
16.0,
0.0,
0.0,
0.0,
0.0,
0.0,
23.0,
0.0,
0.0,
5.0,
18.0,
0.0,
0.0,
10.0,
0.0,
0.0,
0.0,
13.0,
0.0,
0.0,
5.0,
4.0,
0.0,
41.0,
131.0,
252.0,
255.0,
194.0,
6.0,
0.0,
0.0,
0.0,
0.0,
0.0,
1.0,
4.0,
0.0,
0.0,
0.0,
0.0,
10.0,
0.0,
11.0,
2.0,
3.0,
14.0,
0.0,
34.0,
11.0,
35.0,
55.0,
255.0,
255.0,
246.0,
199.0,
16.0,
0.0,
0.0,
0.0,
0.0,
0.0,
5.0,
0.0,
1.0,
0.0,
16.0,
0.0,
7.0,
0.0,
0.0,
0.0,
0.0,
15.0,
0.0,
0.0,
140.0,
226.0,
234.0,
240.0,
222.0,
252.0,
135.0,
57.0,
0.0,
8.0,
0.0,
0.0,
0.0,
0.0,
3.0,
0.0,
4.0,
3.0,
0.0,
0.0,
2.0,
7.0,
3.0,
3.0,
0.0,
0.0,
14.0,
104.0,
243.0,
228.0,
255.0,
249.0,
255.0,
136.0,
24.0,
0.0,
0.0,
0.0,
0.0,
0.0,
0.0,
0.0,
0.0,
0.0,
0.0,
7.0,
5.0,
13.0,
4.0,
0.0,
1.0,
1.0,
3.0,
0.0,
0.0,
17.0,
125.0,
157.0,
183.0,
179.0,
206.0,
0.0,
80.0,
96.0,
0.0,
6.0,
0.0,
0.0,
0.0,
0.0,
4.0,
2.0,
7.0,
0.0,
0.0,
0.0,
4.0,
0.0,
0.0,
4.0,
5.0,
0.0,
7.0,
0.0,
1.0,
0.0,
0.0,
3.0,
0.0,
22.0,
130.0,
141.0,
22.0,
0.0,
0.0,
0.0,
0.0,
0.0,
5.0,
1.0,
0.0,
1.0,
1.0,
0.0,
6.0,
0.0,
0.0,
0.0,
15.0,
0.0,
8.0,
0.0,
7.0,
1.0,
2.0,
1.0,
0.0,
5.0,
0.0,
70.0,
151.0,
3.0,
0.0,
0.0,
0.0,
0.0,
0.0,
0.0,
0.0,
4.0,
0.0,
0.0,
2.0,
6.0,
8.0,
0.0,
0.0,
0.0,
14.0,
6.0,
0.0,
0.0,
0.0,
8.0,
11.0,
0.0,
14.0,
83.0,
228.0,
30.0,
0.0,
0.0,
0.0,
0.0,
0.0,
2.0,
0.0,
0.0,
0.0,
0.0,
0.0,
3.0,
0.0,
0.0,
0.0,
0.0,
0.0,
0.0,
0.0,
23.0,
7.0,
0.0,
0.0,
0.0,
10.0,
67.0,
250.0,
18.0,
0.0,
0.0,
0.0,
0.0,
0.0,
11.0,
2.0,
0.0,
0.0,
12.0,
0.0,
2.0,
8.0,
0.0,
0.0,
7.0,
14.0,
3.0,
0.0,
0.0,
5.0,
0.0,
8.0,
16.0,
0.0,
79.0,
255.0,
65.0,
0.0,
0.0,
0.0,
0.0,
0.0,
8.0,
0.0,
0.0,
0.0,
5.0,
0.0,
65.0,
69.0,
35.0,
21.0,
0.0,
7.0,
0.0,
7.0,
7.0,
0.0,
1.0,
0.0,
0.0,
39.0,
168.0,
218.0,
24.0,
0.0,
0.0,
0.0,
0.0,
0.0,
0.0,
0.0,
12.0,
0.0,
0.0,
7.0,
167.0,
255.0,
250.0,
255.0,
192.0,
155.0,
65.0,
32.0,
0.0,
1.0,
18.0,
51.0,
59.0,
227.0,
255.0,
155.0,
7.0,
0.0,
0.0,
0.0,
0.0,
0.0,
2.0,
0.0,
10.0,
0.0,
0.0,
22.0,
217.0,
254.0,
248.0,
255.0,
246.0,
255.0,
255.0,
237.0,
200.0,
165.0,
176.0,
248.0,
253.0,
254.0,
151.0,
39.0,
4.0,
0.0,
0.0,
0.0,
0.0,
0.0,
13.0,
0.0,
0.0,
0.0,
13.0,
31.0,
207.0,
248.0,
255.0,
255.0,
246.0,
244.0,
255.0,
255.0,
247.0,
255.0,
225.0,
255.0,
252.0,
85.0,
20.0,
0.0,
1.0,
0.0,
0.0,
0.0,
0.0,
0.0,
0.0,
0.0,
0.0,
0.0,
0.0,
0.0,
0.0,
126.0,
163.0,
239.0,
255.0,
246.0,
255.0,
234.0,
150.0,
121.0,
63.0,
19.0,
14.0,
11.0,
0.0,
0.0,
7.0,
0.0,
0.0,
0.0,
0.0,
0.0,
0.0,
0.0,
0.0,
0.0,
0.0,
0.0,
0.0,
0.0,
0.0,
3.0,
2.0,
0.0,
2.0,
15.0,
0.0,
9.0,
0.0,
0.0,
0.0,
5.0,
1.0,
0.0,
0.0,
0.0,
0.0,
0.0,
0.0,
0.0,
0.0,
0.0,
0.0,
0.0,
0.0,
0.0,
0.0,
9.0,
0.0,
4.0,
11.0,
3.0,
1.0,
6.0,
2.0,
0.0,
4.0,
4.0,
0.0,
0.0,
3.0,
0.0,
0.0,
0.0,
0.0,
0.0,
0.0,
0.0,
0.0,
0.0,
0.0,
0.0,
0.0,
0.0,
0.0,
0.0,
0.0,
0.0,
0.0,
0.0,
0.0,
0.0,
6.0,
1.0,
7.0,
3.0,
0.0,
0.0,
1.0,
6.0,
2.0,
0.0,
0.0,
0.0,
0.0,
