0.0,
0.0,
0.0,
7.0,
0.0,
0.0,
6.0,
5.0,
4.0,
0.0,
10.0,
2.0,
0.0,
3.0,
0.0,
0.0,
0.0,
0.0,
0.0,
4.0,
0.0,
3.0,
0.0,
8.0,
0.0,
0.0,
0.0,
0.0,
0.0,
4.0,
0.0,
0.0,
0.0,
6.0,
6.0,
0.0,
0.0,
9.0,
0.0,
4.0,
0.0,
0.0,
18.0,
0.0,
4.0,
10.0,
2.0,
1.0,
0.0,
0.0,
0.0,
0.0,
0.0,
0.0,
0.0,
0.0,
5.0,
0.0,
0.0,
0.0,
1.0,
2.0,
5.0,
11.0,
8.0,
0.0,
0.0,
0.0,
6.0,
10.0,
0.0,
1.0,
0.0,
0.0,
0.0,
0.0,
10.0,
12.0,
0.0,
0.0,
0.0,
0.0,
0.0,
0.0,
2.0,
0.0,
0.0,
0.0,
1.0,
0.0,
0.0,
5.0,
8.0,
5.0,
11.0,
0.0,
0.0,
5.0,
0.0,
19.0,
10.0,
10.0,
10.0,
0.0,
0.0,
0.0,
0.0,
12.0,
0.0,
0.0,
0.0,
0.0,
0.0,
3.0,
8.0,
0.0,
0.0,
6.0,
0.0,
1.0,
144.0,
252.0,
247.0,
255.0,
244.0,
175.0,
179.0,
123.0,
39.0,
6.0,
0.0,
0.0,
3.0,
2.0,
0.0,
0.0,
0.0,
0.0,
0.0,
0.0,
6.0,
0.0,
6.0,
7.0,
3.0,
0.0,
13.0,
111.0,
255.0,
229.0,
145.0,
142.0,
145.0,
144.0,
227.0,
255.0,
255.0,
194.0,
114.0,
62.0,
0.0,
1.0,
10.0,
2.0,
0.0,
0.0,
0.0,
0.0,
6.0,
0.0,
5.0,
11.0,
4.0,
0.0,
19.0,
153.0,
137.0,
26.0,
3.0,
0.0,
3.0,
7.0,
0.0,
66.0,
157.0,
218.0,
255.0,
209.0,
14.0,
0.0,
0.0,
0.0,
0.0,
0.0,
0.0,
0.0,
0.0,
2.0,
14.0,
0.0,
0.0,
11.0,
0.0,
34.0,
16.0,
0.0,
5.0,
6.0,
0.0,
2.0,
0.0,
8.0,
1.0,
135.0,
244.0,
221.0,
1.0,
0.0,
11.0,
0.0,
0.0,
0.0,
0.0,
0.0,
0.0,
0.0,
0.0,
0.0,
0.0,
0.0,
0.0,
0.0,
0.0,
0.0,
5.0,
0.0,
6.0,
0.0,
0.0,
3.0,
78.0,
243.0,
206.0,
43.0,
0.0,
0.0,
2.0,
3.0,
0.0,
0.0,
0.0,
0.0,
0.0,
0.0,
0.0,
0.0,
0.0,
0.0,
0.0,
0.0,
19.0,
0.0,
6.0,
0.0,
0.0,
17.0,
107.0,
205.0,
255.0,
163.0,
55.0,
0.0,
1.0,
6.0,
11.0,
0.0,
0.0,
0.0,
0.0,
0.0,
0.0,
0.0,
0.0,
0.0,
0.0,
0.0,
0.0,
0.0,
0.0,
3.0,
0.0,
6.0,
14.0,
193.0,
252.0,
245.0,
154.0,
26.0,
0.0,
2.0,
12.0,
0.0,
0.0,
4.0,
0.0,
0.0,
0.0,
0.0,
0.0,
0.0,
0.0,
0.0,
0.0,
0.0,
0.0,
0.0,
0.0,
0.0,
18.0,
21.0,
129.0,
233.0,
194.0,
39.0,
13.0,
0.0,
10.0,
0.0,
9.0,
0.0,
0.0,
1.0,
0.0,
0.0,
0.0,
0.0,
0.0,
0.0,
0.0,
0.0,
0.0,
0.0,
0.0,
0.0,
8.0,
0.0,
72.0,
231.0,
254.0,
157.0,
17.0,
0.0,
0.0,
0.0,
8.0,
0.0,
1.0,
4.0,
7.0,
0.0,
0.0,
0.0,
0.0,
0.0,
0.0,
0.0,
0.0,
0.0,
0.0,
0.0,
0.0,
0.0,
3.0,
0.0,
209.0,
255.0,
200.0,
178.0,
255.0,
211.0,
78.0,
15.0,
0.0,
11.0,
0.0,
0.0,
8.0,
0.0,
0.0,
0.0,
0.0,
0.0,
0.0,
0.0,
0.0,
0.0,
0.0,
0.0,
0.0,
0.0,
0.0,
12.0,
29.0,
37.0,
8.0,
12.0,
78.0,
216.0,
233.0,
145.0,
0.0,
4.0,
0.0,
0.0,
9.0,
0.0,
0.0,
0.0,
0.0,
0.0,
0.0,
0.0,
0.0,
0.0,
0.0,
0.0,
0.0,
0.0,
0.0,
10.0,
0.0,
0.0,
8.0,
0.0,
0.0,
63.0,
233.0,
255.0,
69.0,
2.0,
0.0,
5.0,
0.0,
0.0,
0.0,
0.0,
0.0,
0.0,
0.0,
8.0,
1.0,
0.0,
0.0,
2.0,
0.0,
0.0,
0.0,
0.0,
0.0,
7.0,
10.0,
0.0,
11.0,
0.0,
93.0,
227.0,
208.0,
30.0,
0.0,
0.0,
18.0,
0.0,
0.0,
0.0,
0.0,
0.0,
11.0,
0.0,
0.0,
3.0,
14.0,
3.0,
0.0,
8.0,
6.0,
9.0,
15.0,
0.0,
0.0,
0.0,
0.0,
0.0,
0.0,
98.0,
255.0,
176.0,
0.0,
10.0,
0.0,
7.0,
0.0,
0.0,
0.0,
0.0,
0.0,
5.0,
10.0,
0.0,
0.0,
0.0,
0.0,
0.0,
0.0,
0.0,
7.0,
0.0,
0.0,
17.0,
0.0,
5.0,
11.0,
0.0,
137.0,
252.0,
120.0,
11.0,
0.0,
0.0,
0.0,
0.0,
0.0,
0.0,
11.0,
0.0,
0.0,
0.0,
0.0,
12.0,
14.0,
0.0,
13.0,
1.0,
0.0,
3.0,
2.0,
10.0,
0.0,
5.0,
0.0,
0.0,
30.0,
211.0,
238.0,
12.0,
0.0,
7.0,
0.0,
0.0,
0.0,
0.0,
0.0,
0.0,
0.0,
9.0,
61.0,
131.0,
113.0,
25.0,
0.0,
9.0,
0.0,
1.0,
0.0,
0.0,
0.0,
0.0,
4.0,
4.0,
2.0,
49.0,
255.0,
90.0,
6.0,
0.0,
0.0,
0.0,
0.0,
0.0,
0.0,
10.0,
0.0,
0.0,
35.0,
152.0,
238.0,
253.0,
194.0,
202.0,
101.0,
51.0,
9.0,
11.0,
6.0,
0.0,
4.0,
0.0,
0.0,
100.0,
243.0,
128.0,
0.0,
5.0,
0.0,
0.0,
0.0,
0.0,
6.0,
0.0,
0.0,
18.0,
5.0,
0.0,
34.0,
126.0,
208.0,
255.0,
250.0,
255.0,
235.0,
239.0,
224.0,
255.0,
175.0,
153.0,
255.0,
245.0,
252.0,
0.0,
4.0,
3.0,
0.0,
0.0,
0.0,
0.0,
0.0,
10.0,
0.0,
0.0,
2.0,
10.0,
0.0,
0.0,
3.0,
61.0,
105.0,
119.0,
57.0,
52.0,
84.0,
231.0,
251.0,
213.0,
155.0,
134.0,
7.0,
5.0,
12.0,
0.0,
0.0,
0.0,
0.0,
0.0,
0.0,
0.0,
0.0,
0.0,
0.0,
0.0,
0.0,
0.0,
0.0,
0.0,
0.0,
0.0,
0.0,
0.0,
0.0,
0.0,
0.0,
0.0,
0.0,
0.0,
0.0,
0.0,
0.0,
0.0,
0.0,
0.0,
0.0,
0.0,
0.0,
0.0,
0.0,
0.0,
0.0,
0.0,
0.0,
0.0,
0.0,
0.0,
0.0,
0.0,
0.0,
0.0,
0.0,
0.0,
0.0,
0.0,
0.0,
0.0,
0.0,
0.0,
0.0,
0.0,
0.0,
0.0,
0.0,
0.0,
0.0,
0.0,
0.0,
0.0,
0.0,
0.0,
0.0,
0.0,
0.0,
0.0,
0.0,
0.0,
0.0,
0.0,
0.0,
0.0,
0.0,
0.0,
0.0,
0.0,
0.0,
0.0,
0.0,
0.0,
0.0,
0.0,
0.0,
0.0,
0.0,
0.0,
0.0,
0.0,
0.0,
0.0,
0.0,
0.0,
0.0,
0.0,
0.0,
0.0,
0.0,
0.0,
0.0,
0.0,
0.0,
0.0,
0.0,
0.0,
0.0,
0.0,
0.0,
0.0,
0.0,
0.0,
0.0,
0.0,
