0.0,
2.0,
0.0,
1.0,
5.0,
0.0,
0.0,
0.0,
6.0,
0.0,
0.0,
6.0,
9.0,
0.0,
14.0,
0.0,
0.0,
0.0,
0.0,
0.0,
0.0,
0.0,
0.0,
0.0,
0.0,
0.0,
0.0,
0.0,
8.0,
0.0,
0.0,
0.0,
3.0,
0.0,
0.0,
4.0,
0.0,
0.0,
0.0,
5.0,
0.0,
0.0,
2.0,
8.0,
0.0,
0.0,
0.0,
0.0,
0.0,
0.0,
0.0,
0.0,
0.0,
0.0,
0.0,
0.0,
0.0,
0.0,
0.0,
6.0,
0.0,
0.0,
0.0,
0.0,
7.0,
2.0,
8.0,
5.0,
0.0,
13.0,
0.0,
0.0,
0.0,
0.0,
0.0,
0.0,
0.0,
0.0,
0.0,
0.0,
0.0,
0.0,
0.0,
0.0,
0.0,
0.0,
6.0,
6.0,
0.0,
0.0,
6.0,
3.0,
0.0,
0.0,
0.0,
0.0,
0.0,
23.0,
0.0,
0.0,
0.0,
0.0,
0.0,
0.0,
0.0,
0.0,
0.0,
0.0,
0.0,
0.0,
0.0,
0.0,
4.0,
5.0,
4.0,
0.0,
0.0,
6.0,
10.0,
2.0,
16.0,
2.0,
0.0,
3.0,
9.0,
0.0,
4.0,
1.0,
0.0,
0.0,
0.0,
0.0,
0.0,
0.0,
0.0,
0.0,
0.0,
0.0,
0.0,
0.0,
1.0,
3.0,
0.0,
0.0,
8.0,
0.0,
0.0,
0.0,
0.0,
138.0,
254.0,
255.0,
255.0,
250.0,
186.0,
3.0,
0.0,
0.0,
0.0,
0.0,
0.0,
0.0,
0.0,
0.0,
0.0,
0.0,
0.0,
0.0,
0.0,
0.0,
0.0,
3.0,
11.0,
0.0,
6.0,
80.0,
255.0,
248.0,
254.0,
252.0,
239.0,
255.0,
255.0,
198.0,
0.0,
0.0,
0.0,
0.0,
0.0,
0.0,
0.0,
0.0,
0.0,
0.0,
0.0,
0.0,
0.0,
7.0,
0.0,
0.0,
3.0,
0.0,
79.0,
245.0,
249.0,
142.0,
57.0,
3.0,
15.0,
183.0,
255.0,
247.0,
0.0,
0.0,
0.0,
0.0,
0.0,
0.0,
0.0,
0.0,
0.0,
0.0,
0.0,
0.0,
0.0,
0.0,
5.0,
6.0,
0.0,
2.0,
255.0,
185.0,
70.0,
5.0,
0.0,
21.0,
8.0,
117.0,
255.0,
252.0,
2.0,
9.0,
0.0,
1.0,
0.0,
4.0,
0.0,
6.0,
0.0,
0.0,
0.0,
0.0,
7.0,
0.0,
0.0,
2.0,
5.0,
5.0,
107.0,
25.0,
0.0,
0.0,
2.0,
0.0,
0.0,
130.0,
255.0,
255.0,
0.0,
0.0,
0.0,
11.0,
5.0,
7.0,
0.0,
0.0,
0.0,
0.0,
0.0,
0.0,
0.0,
9.0,
0.0,
0.0,
4.0,
6.0,
0.0,
0.0,
0.0,
20.0,
0.0,
9.0,
63.0,
186.0,
248.0,
251.0,
4.0,
16.0,
0.0,
0.0,
0.0,
4.0,
14.0,
3.0,
0.0,
0.0,
0.0,
0.0,
0.0,
10.0,
0.0,
0.0,
0.0,
3.0,
0.0,
16.0,
1.0,
0.0,
72.0,
164.0,
255.0,
255.0,
255.0,
62.0,
0.0,
0.0,
0.0,
8.0,
3.0,
0.0,
0.0,
1.0,
0.0,
0.0,
0.0,
0.0,
0.0,
3.0,
0.0,
0.0,
9.0,
0.0,
0.0,
0.0,
16.0,
2.0,
125.0,
255.0,
237.0,
244.0,
255.0,
3.0,
8.0,
0.0,
22.0,
0.0,
0.0,
17.0,
0.0,
0.0,
0.0,
0.0,
0.0,
0.0,
2.0,
0.0,
0.0,
2.0,
9.0,
0.0,
10.0,
0.0,
0.0,
9.0,
73.0,
255.0,
255.0,
255.0,
255.0,
123.0,
56.0,
0.0,
8.0,
0.0,
8.0,
0.0,
0.0,
18.0,
0.0,
0.0,
0.0,
0.0,
0.0,
0.0,
6.0,
0.0,
0.0,
0.0,
13.0,
10.0,
5.0,
0.0,
0.0,
71.0,
255.0,
241.0,
254.0,
255.0,
255.0,
255.0,
189.0,
55.0,
0.0,
0.0,
18.0,
0.0,
0.0,
0.0,
0.0,
0.0,
0.0,
0.0,
3.0,
0.0,
0.0,
10.0,
0.0,
0.0,
0.0,
24.0,
0.0,
0.0,
0.0,
74.0,
115.0,
255.0,
253.0,
252.0,
251.0,
255.0,
185.0,
3.0,
0.0,
6.0,
0.0,
0.0,
0.0,
0.0,
0.0,
0.0,
0.0,
0.0,
0.0,
0.0,
0.0,
0.0,
10.0,
0.0,
0.0,
12.0,
0.0,
0.0,
14.0,
0.0,
0.0,
189.0,
255.0,
250.0,
237.0,
200.0,
0.0,
8.0,
0.0,
0.0,
0.0,
0.0,
0.0,
0.0,
0.0,
0.0,
0.0,
0.0,
0.0,
0.0,
0.0,
0.0,
14.0,
0.0,
0.0,
9.0,
0.0,
0.0,
0.0,
20.0,
0.0,
194.0,
255.0,
255.0,
0.0,
0.0,
0.0,
0.0,
0.0,
0.0,
0.0,
0.0,
0.0,
0.0,
0.0,
0.0,
0.0,
0.0,
5.0,
15.0,
3.0,
0.0,
4.0,
0.0,
0.0,
12.0,
0.0,
0.0,
69.0,
255.0,
238.0,
255.0,
9.0,
13.0,
0.0,
0.0,
0.0,
0.0,
0.0,
0.0,
0.0,
0.0,
0.0,
0.0,
0.0,
0.0,
0.0,
0.0,
0.0,
4.0,
12.0,
0.0,
0.0,
0.0,
0.0,
146.0,
231.0,
252.0,
255.0,
59.0,
6.0,
0.0,
0.0,
0.0,
0.0,
0.0,
0.0,
0.0,
0.0,
0.0,
0.0,
0.0,
0.0,
0.0,
13.0,
1.0,
0.0,
4.0,
0.0,
0.0,
15.0,
0.0,
133.0,
252.0,
255.0,
240.0,
198.0,
0.0,
0.0,
10.0,
0.0,
0.0,
0.0,
0.0,
0.0,
0.0,
0.0,
0.0,
0.0,
0.0,
0.0,
0.0,
0.0,
1.0,
7.0,
5.0,
110.0,
85.0,
0.0,
146.0,
255.0,
255.0,
238.0,
152.0,
0.0,
12.0,
0.0,
2.0,
0.0,
0.0,
0.0,
0.0,
0.0,
0.0,
0.0,
0.0,
0.0,
0.0,
0.0,
0.0,
0.0,
7.0,
48.0,
253.0,
255.0,
185.0,
255.0,
248.0,
252.0,
255.0,
126.0,
0.0,
0.0,
2.0,
25.0,
0.0,
0.0,
0.0,
0.0,
0.0,
0.0,
0.0,
0.0,
0.0,
0.0,
0.0,
0.0,
0.0,
8.0,
0.0,
144.0,
245.0,
246.0,
255.0,
252.0,
255.0,
188.0,
135.0,
0.0,
6.0,
6.0,
0.0,
0.0,
14.0,
0.0,
0.0,
0.0,
0.0,
0.0,
0.0,
0.0,
0.0,
0.0,
0.0,
0.0,
0.0,
0.0,
0.0,
7.0,
244.0,
251.0,
255.0,
245.0,
134.0,
0.0,
0.0,
0.0,
0.0,
0.0,
0.0,
0.0,
0.0,
0.0,
0.0,
0.0,
0.0,
0.0,
0.0,
0.0,
0.0,
0.0,
0.0,
0.0,
0.0,
13.0,
4.0,
0.0,
29.0,
0.0,
0.0,
11.0,
0.0,
0.0,
0.0,
0.0,
0.0,
0.0,
0.0,
0.0,
0.0,
0.0,
0.0,
0.0,
0.0,
0.0,
0.0,
0.0,
0.0,
0.0,
0.0,
0.0,
0.0,
0.0,
3.0,
9.0,
0.0,
0.0,
0.0,
0.0,
11.0,
0.0,
0.0,
0.0,
0.0,
0.0,
0.0,
0.0,
0.0,
0.0,
0.0,
0.0,
0.0,
0.0,
0.0,
0.0,
0.0,
0.0,
0.0,
0.0,
0.0,
0.0,
2.0,
13.0,
0.0,
8.0,
11.0,
0.0,
0.0,
0.0,
0.0,
0.0,
0.0,
0.0,
0.0,
0.0,
0.0,
0.0,
0.0,
0.0,
0.0,
