3.0,
0.0,
10.0,
1.0,
0.0,
1.0,
0.0,
11.0,
0.0,
1.0,
0.0,
0.0,
0.0,
0.0,
2.0,
4.0,
0.0,
1.0,
0.0,
2.0,
2.0,
0.0,
3.0,
0.0,
0.0,
0.0,
0.0,
0.0,
7.0,
2.0,
0.0,
0.0,
1.0,
7.0,
8.0,
0.0,
0.0,
0.0,
0.0,
9.0,
12.0,
4.0,
0.0,
0.0,
1.0,
0.0,
3.0,
0.0,
5.0,
0.0,
4.0,
0.0,
0.0,
0.0,
0.0,
0.0,
0.0,
16.0,
0.0,
0.0,
19.0,
0.0,
0.0,
8.0,
0.0,
7.0,
1.0,
0.0,
0.0,
4.0,
9.0,
1.0,
3.0,
4.0,
3.0,
1.0,
0.0,
0.0,
0.0,
3.0,
0.0,
0.0,
0.0,
0.0,
0.0,
5.0,
0.0,
4.0,
2.0,
0.0,
4.0,
5.0,
3.0,
0.0,
2.0,
15.0,
10.0,
0.0,
0.0,
5.0,
0.0,
0.0,
0.0,
8.0,
0.0,
12.0,
0.0,
8.0,
0.0,
0.0,
0.0,
0.0,
13.0,
0.0,
15.0,
4.0,
0.0,
17.0,
24.0,
0.0,
0.0,
43.0,
116.0,
182.0,
247.0,
255.0,
232.0,
162.0,
73.0,
34.0,
10.0,
0.0,
0.0,
10.0,
0.0,
0.0,
0.0,
0.0,
0.0,
0.0,
6.0,
0.0,
7.0,
0.0,
0.0,
0.0,
0.0,
46.0,
146.0,
229.0,
255.0,
251.0,
236.0,
255.0,
255.0,
239.0,
250.0,
179.0,
128.0,
6.0,
0.0,
0.0,
4.0,
0.0,
0.0,
0.0,
0.0,
0.0,
0.0,
7.0,
0.0,
0.0,
16.0,
0.0,
41.0,
187.0,
255.0,
241.0,
242.0,
255.0,
244.0,
197.0,
170.0,
174.0,
255.0,
255.0,
241.0,
71.0,
0.0,
0.0,
5.0,
3.0,
0.0,
0.0,
0.0,
0.0,
6.0,
0.0,
0.0,
7.0,
0.0,
41.0,
195.0,
255.0,
247.0,
255.0,
246.0,
164.0,
68.0,
13.0,
0.0,
1.0,
105.0,
233.0,
255.0,
142.0,
0.0,
15.0,
0.0,
1.0,
0.0,
0.0,
0.0,
0.0,
0.0,
0.0,
6.0,
0.0,
3.0,
54.0,
249.0,
255.0,
255.0,
247.0,
185.0,
25.0,
0.0,
0.0,
9.0,
0.0,
38.0,
252.0,
241.0,
252.0,
0.0,
10.0,
0.0,
0.0,
0.0,
0.0,
0.0,
0.0,
13.0,
7.0,
5.0,
0.0,
2.0,
54.0,
224.0,
247.0,
218.0,
100.0,
0.0,
0.0,
7.0,
8.0,
4.0,
0.0,
141.0,
255.0,
255.0,
132.0,
14.0,
0.0,
19.0,
4.0,
0.0,
0.0,
0.0,
0.0,
0.0,
0.0,
7.0,
0.0,
0.0,
0.0,
60.0,
58.0,
30.0,
10.0,
9.0,
1.0,
0.0,
0.0,
0.0,
84.0,
233.0,
234.0,
224.0,
51.0,
0.0,
0.0,
0.0,
0.0,
0.0,
0.0,
0.0,
0.0,
5.0,
0.0,
16.0,
4.0,
10.0,
0.0,
0.0,
0.0,
0.0,
0.0,
3.0,
0.0,
3.0,
84.0,
214.0,
236.0,
251.0,
233.0,
47.0,
0.0,
0.0,
4.0,
9.0,
10.0,
0.0,
0.0,
0.0,
0.0,
3.0,
0.0,
0.0,
0.0,
3.0,
1.0,
0.0,
5.0,
25.0,
0.0,
18.0,
27.0,
157.0,
255.0,
241.0,
255.0,
255.0,
160.0,
135.0,
105.0,
13.0,
0.0,
1.0,
0.0,
0.0,
0.0,
0.0,
0.0,
9.0,
0.0,
8.0,
6.0,
12.0,
8.0,
0.0,
0.0,
0.0,
15.0,
133.0,
237.0,
251.0,
255.0,
255.0,
236.0,
228.0,
255.0,
255.0,
249.0,
206.0,
81.0,
0.0,
16.0,
0.0,
0.0,
0.0,
0.0,
1.0,
0.0,
0.0,
0.0,
0.0,
0.0,
8.0,
2.0,
0.0,
66.0,
245.0,
255.0,
255.0,
255.0,
231.0,
255.0,
255.0,
253.0,
238.0,
244.0,
255.0,
231.0,
73.0,
0.0,
0.0,
0.0,
0.0,
0.0,
0.0,
2.0,
2.0,
11.0,
0.0,
0.0,
12.0,
0.0,
0.0,
53.0,
253.0,
245.0,
239.0,
145.0,
98.0,
33.0,
26.0,
19.0,
36.0,
126.0,
241.0,
255.0,
247.0,
25.0,
0.0,
0.0,
0.0,
0.0,
1.0,
6.0,
0.0,
6.0,
0.0,
11.0,
4.0,
1.0,
0.0,
0.0,
5.0,
4.0,
0.0,
0.0,
5.0,
1.0,
0.0,
12.0,
2.0,
0.0,
154.0,
255.0,
243.0,
37.0,
0.0,
0.0,
0.0,
0.0,
0.0,
5.0,
2.0,
5.0,
0.0,
0.0,
0.0,
0.0,
2.0,
0.0,
0.0,
0.0,
0.0,
0.0,
0.0,
0.0,
0.0,
0.0,
17.0,
156.0,
255.0,
246.0,
239.0,
34.0,
0.0,
0.0,
0.0,
0.0,
9.0,
0.0,
0.0,
0.0,
9.0,
2.0,
6.0,
10.0,
0.0,
7.0,
11.0,
12.0,
8.0,
0.0,
0.0,
8.0,
7.0,
148.0,
185.0,
228.0,
255.0,
247.0,
68.0,
13.0,
0.0,
0.0,
0.0,
0.0,
0.0,
0.0,
7.0,
0.0,
7.0,
0.0,
0.0,
0.0,
8.0,
0.0,
0.0,
0.0,
2.0,
0.0,
0.0,
4.0,
166.0,
233.0,
249.0,
255.0,
242.0,
85.0,
6.0,
0.0,
0.0,
0.0,
0.0,
0.0,
7.0,
9.0,
9.0,
0.0,
128.0,
255.0,
221.0,
94.0,
18.0,
35.0,
41.0,
29.0,
23.0,
59.0,
150.0,
237.0,
255.0,
255.0,
248.0,
249.0,
85.0,
13.0,
1.0,
3.0,
0.0,
0.0,
0.0,
0.0,
13.0,
0.0,
0.0,
20.0,
137.0,
247.0,
255.0,
251.0,
255.0,
244.0,
247.0,
252.0,
250.0,
255.0,
255.0,
243.0,
246.0,
235.0,
209.0,
45.0,
0.0,
3.0,
0.0,
0.0,
0.0,
0.0,
0.0,
0.0,
0.0,
9.0,
15.0,
0.0,
53.0,
211.0,
253.0,
250.0,
255.0,
242.0,
254.0,
255.0,
244.0,
253.0,
252.0,
213.0,
174.0,
86.0,
0.0,
19.0,
5.0,
0.0,
4.0,
1.0,
0.0,
0.0,
0.0,
0.0,
3.0,
0.0,
6.0,
4.0,
0.0,
36.0,
65.0,
145.0,
254.0,
242.0,
255.0,
250.0,
184.0,
145.0,
99.0,
17.0,
0.0,
0.0,
8.0,
0.0,
0.0,
11.0,
0.0,
7.0,
0.0,
0.0,
0.0,
0.0,
0.0,
0.0,
0.0,
0.0,
0.0,
0.0,
0.0,
0.0,
0.0,
0.0,
0.0,
0.0,
0.0,
0.0,
0.0,
0.0,
0.0,
0.0,
0.0,
0.0,
0.0,
0.0,
0.0,
0.0,
0.0,
0.0,
0.0,
0.0,
0.0,
0.0,
0.0,
0.0,
0.0,
0.0,
0.0,
0.0,
0.0,
0.0,
0.0,
0.0,
0.0,
0.0,
0.0,
0.0,
0.0,
0.0,
0.0,
0.0,
0.0,
0.0,
0.0,
0.0,
0.0,
0.0,
0.0,
0.0,
0.0,
0.0,
0.0,
0.0,
0.0,
0.0,
0.0,
0.0,
0.0,
0.0,
0.0,
0.0,
0.0,
0.0,
0.0,
0.0,
0.0,
0.0,
0.0,
0.0,
0.0,
0.0,
0.0,
0.0,
0.0,
0.0,
0.0,
0.0,
0.0,
0.0,
0.0,
0.0,
0.0,
0.0,
0.0,
0.0,
0.0,
0.0,
0.0,
0.0,
0.0,
0.0,
0.0,
0.0,
0.0,
0.0,
0.0,
0.0,
0.0,
0.0,
0.0,
0.0,
0.0,
0.0,
0.0,
0.0,
