0.0,
0.0,
0.0,
0.0,
0.0,
0.0,
0.0,
0.0,
0.0,
0.0,
13.0,
0.0,
11.0,
9.0,
0.0,
0.0,
0.0,
6.0,
13.0,
0.0,
7.0,
0.0,
6.0,
0.0,
0.0,
0.0,
0.0,
0.0,
0.0,
0.0,
0.0,
0.0,
0.0,
0.0,
0.0,
0.0,
3.0,
8.0,
6.0,
0.0,
0.0,
0.0,
0.0,
2.0,
9.0,
0.0,
0.0,
0.0,
0.0,
8.0,
28.0,
0.0,
0.0,
0.0,
0.0,
0.0,
0.0,
0.0,
0.0,
0.0,
0.0,
0.0,
0.0,
0.0,
0.0,
0.0,
0.0,
16.0,
10.0,
0.0,
0.0,
9.0,
7.0,
0.0,
15.0,
12.0,
2.0,
0.0,
0.0,
3.0,
0.0,
0.0,
0.0,
0.0,
0.0,
0.0,
0.0,
0.0,
0.0,
0.0,
0.0,
0.0,
1.0,
9.0,
2.0,
0.0,
0.0,
14.0,
3.0,
0.0,
0.0,
2.0,
0.0,
0.0,
4.0,
10.0,
0.0,
5.0,
0.0,
0.0,
0.0,
0.0,
0.0,
0.0,
0.0,
0.0,
0.0,
0.0,
0.0,
0.0,
2.0,
0.0,
7.0,
13.0,
26.0,
104.0,
152.0,
245.0,
255.0,
252.0,
182.0,
91.0,
0.0,
9.0,
4.0,
0.0,
0.0,
0.0,
0.0,
0.0,
0.0,
0.0,
0.0,
0.0,
0.0,
0.0,
0.0,
0.0,
0.0,
4.0,
60.0,
146.0,
235.0,
255.0,
235.0,
255.0,
250.0,
241.0,
246.0,
226.0,
35.0,
0.0,
13.0,
0.0,
0.0,
0.0,
0.0,
0.0,
0.0,
0.0,
0.0,
0.0,
0.0,
0.0,
0.0,
0.0,
16.0,
173.0,
241.0,
239.0,
255.0,
254.0,
255.0,
252.0,
255.0,
255.0,
244.0,
255.0,
67.0,
0.0,
7.0,
1.0,
0.0,
0.0,
0.0,
0.0,
0.0,
0.0,
0.0,
0.0,
0.0,
0.0,
0.0,
0.0,
116.0,
248.0,
255.0,
255.0,
230.0,
91.0,
84.0,
80.0,
103.0,
255.0,
255.0,
248.0,
88.0,
8.0,
0.0,
2.0,
0.0,
0.0,
0.0,
0.0,
7.0,
0.0,
0.0,
0.0,
9.0,
0.0,
8.0,
0.0,
18.0,
160.0,
199.0,
207.0,
35.0,
12.0,
0.0,
6.0,
151.0,
230.0,
255.0,
200.0,
14.0,
10.0,
0.0,
2.0,
0.0,
0.0,
0.0,
0.0,
0.0,
0.0,
9.0,
0.0,
3.0,
0.0,
3.0,
0.0,
10.0,
0.0,
0.0,
0.0,
5.0,
0.0,
6.0,
149.0,
251.0,
255.0,
244.0,
139.0,
3.0,
0.0,
19.0,
0.0,
0.0,
0.0,
0.0,
0.0,
0.0,
0.0,
7.0,
0.0,
0.0,
0.0,
10.0,
0.0,
0.0,
15.0,
2.0,
24.0,
0.0,
82.0,
214.0,
243.0,
244.0,
253.0,
173.0,
13.0,
0.0,
15.0,
1.0,
1.0,
0.0,
0.0,
0.0,
0.0,
8.0,
0.0,
1.0,
0.0,
0.0,
10.0,
4.0,
0.0,
20.0,
13.0,
87.0,
190.0,
212.0,
255.0,
246.0,
255.0,
255.0,
247.0,
60.0,
0.0,
2.0,
0.0,
0.0,
9.0,
0.0,
0.0,
0.0,
0.0,
0.0,
0.0,
4.0,
2.0,
4.0,
7.0,
0.0,
3.0,
72.0,
155.0,
255.0,
245.0,
255.0,
255.0,
250.0,
244.0,
249.0,
255.0,
229.0,
109.0,
1.0,
19.0,
1.0,
0.0,
0.0,
0.0,
0.0,
0.0,
0.0,
0.0,
3.0,
0.0,
0.0,
0.0,
2.0,
91.0,
217.0,
253.0,
255.0,
249.0,
255.0,
245.0,
255.0,
255.0,
253.0,
252.0,
255.0,
247.0,
145.0,
4.0,
0.0,
0.0,
0.0,
0.0,
0.0,
0.0,
0.0,
3.0,
0.0,
0.0,
0.0,
0.0,
12.0,
163.0,
248.0,
255.0,
253.0,
230.0,
240.0,
255.0,
167.0,
252.0,
253.0,
240.0,
255.0,
246.0,
255.0,
198.0,
30.0,
14.0,
0.0,
0.0,
0.0,
0.0,
0.0,
3.0,
0.0,
1.0,
15.0,
0.0,
0.0,
155.0,
254.0,
222.0,
234.0,
146.0,
8.0,
0.0,
11.0,
0.0,
16.0,
109.0,
202.0,
255.0,
247.0,
255.0,
79.0,
0.0,
0.0,
0.0,
0.0,
0.0,
6.0,
0.0,
0.0,
9.0,
0.0,
0.0,
12.0,
0.0,
62.0,
35.0,
0.0,
0.0,
0.0,
0.0,
5.0,
7.0,
1.0,
0.0,
39.0,
218.0,
255.0,
249.0,
150.0,
0.0,
0.0,
0.0,
0.0,
0.0,
0.0,
10.0,
6.0,
2.0,
0.0,
1.0,
14.0,
0.0,
0.0,
0.0,
0.0,
5.0,
9.0,
0.0,
0.0,
0.0,
9.0,
0.0,
141.0,
255.0,
238.0,
254.0,
134.0,
0.0,
0.0,
0.0,
0.0,
0.0,
8.0,
0.0,
0.0,
0.0,
9.0,
0.0,
1.0,
2.0,
7.0,
0.0,
0.0,
0.0,
0.0,
0.0,
1.0,
10.0,
0.0,
98.0,
228.0,
244.0,
255.0,
215.0,
23.0,
0.0,
0.0,
0.0,
0.0,
0.0,
0.0,
0.0,
6.0,
14.0,
0.0,
4.0,
57.0,
75.0,
23.0,
0.0,
0.0,
3.0,
7.0,
8.0,
14.0,
39.0,
217.0,
238.0,
255.0,
255.0,
240.0,
85.0,
0.0,
3.0,
0.0,
0.0,
0.0,
0.0,
4.0,
6.0,
3.0,
0.0,
0.0,
129.0,
255.0,
255.0,
130.0,
56.0,
8.0,
0.0,
21.0,
82.0,
152.0,
232.0,
242.0,
247.0,
255.0,
227.0,
121.0,
0.0,
10.0,
0.0,
0.0,
0.0,
0.0,
0.0,
0.0,
0.0,
0.0,
0.0,
15.0,
134.0,
253.0,
238.0,
255.0,
228.0,
229.0,
229.0,
242.0,
255.0,
243.0,
255.0,
255.0,
253.0,
189.0,
57.0,
7.0,
0.0,
0.0,
16.0,
0.0,
0.0,
0.0,
0.0,
0.0,
0.0,
0.0,
4.0,
0.0,
42.0,
166.0,
249.0,
255.0,
243.0,
255.0,
240.0,
250.0,
255.0,
248.0,
243.0,
179.0,
53.0,
7.0,
0.0,
6.0,
13.0,
0.0,
0.0,
0.0,
0.0,
0.0,
0.0,
0.0,
9.0,
0.0,
2.0,
9.0,
0.0,
1.0,
39.0,
129.0,
176.0,
253.0,
253.0,
252.0,
241.0,
139.0,
69.0,
7.0,
3.0,
9.0,
0.0,
0.0,
6.0,
5.0,
1.0,
0.0,
0.0,
0.0,
0.0,
0.0,
0.0,
0.0,
0.0,
0.0,
0.0,
0.0,
0.0,
0.0,
0.0,
0.0,
0.0,
0.0,
0.0,
0.0,
0.0,
0.0,
0.0,
0.0,
0.0,
0.0,
0.0,
0.0,
0.0,
0.0,
0.0,
0.0,
0.0,
0.0,
0.0,
0.0,
0.0,
0.0,
0.0,
0.0,
0.0,
0.0,
0.0,
0.0,
0.0,
0.0,
0.0,
0.0,
0.0,
0.0,
0.0,
0.0,
0.0,
0.0,
0.0,
0.0,
0.0,
0.0,
0.0,
0.0,
0.0,
0.0,
0.0,
0.0,
0.0,
0.0,
0.0,
0.0,
0.0,
0.0,
0.0,
0.0,
0.0,
0.0,
0.0,
0.0,
0.0,
0.0,
0.0,
0.0,
0.0,
0.0,
0.0,
0.0,
0.0,
0.0,
0.0,
0.0,
0.0,
0.0,
0.0,
0.0,
0.0,
0.0,
0.0,
0.0,
0.0,
0.0,
0.0,
0.0,
0.0,
0.0,
0.0,
0.0,
0.0,
0.0,
0.0,
0.0,
0.0,
0.0,
0.0,
0.0,
0.0,
0.0,
0.0,
0.0,
0.0,
