0.0,
0.0,
0.0,
0.0,
4.0,
1.0,
0.0,
0.0,
8.0,
0.0,
2.0,
0.0,
18.0,
0.0,
5.0,
0.0,
0.0,
0.0,
2.0,
0.0,
0.0,
0.0,
0.0,
10.0,
0.0,
0.0,
0.0,
0.0,
6.0,
13.0,
7.0,
0.0,
0.0,
0.0,
3.0,
15.0,
0.0,
0.0,
12.0,
2.0,
0.0,
0.0,
0.0,
8.0,
4.0,
1.0,
1.0,
0.0,
7.0,
12.0,
1.0,
0.0,
0.0,
0.0,
0.0,
0.0,
0.0,
0.0,
1.0,
2.0,
7.0,
0.0,
0.0,
0.0,
6.0,
1.0,
0.0,
0.0,
0.0,
5.0,
0.0,
0.0,
0.0,
1.0,
7.0,
0.0,
0.0,
0.0,
10.0,
3.0,
0.0,
0.0,
0.0,
0.0,
10.0,
6.0,
0.0,
0.0,
2.0,
3.0,
2.0,
10.0,
2.0,
6.0,
9.0,
3.0,
0.0,
0.0,
3.0,
4.0,
0.0,
0.0,
0.0,
4.0,
4.0,
6.0,
9.0,
0.0,
0.0,
0.0,
0.0,
0.0,
0.0,
4.0,
9.0,
12.0,
4.0,
0.0,
0.0,
7.0,
0.0,
0.0,
5.0,
0.0,
5.0,
0.0,
5.0,
0.0,
13.0,
13.0,
0.0,
3.0,
0.0,
0.0,
6.0,
9.0,
0.0,
0.0,
0.0,
0.0,
0.0,
0.0,
0.0,
0.0,
0.0,
26.0,
127.0,
239.0,
255.0,
172.0,
129.0,
135.0,
251.0,
255.0,
226.0,
131.0,
0.0,
12.0,
0.0,
0.0,
7.0,
0.0,
3.0,
0.0,
0.0,
0.0,
0.0,
0.0,
7.0,
4.0,
4.0,
4.0,
0.0,
12.0,
125.0,
255.0,
255.0,
255.0,
255.0,
239.0,
251.0,
246.0,
255.0,
253.0,
255.0,
221.0,
68.0,
0.0,
2.0,
6.0,
9.0,
0.0,
0.0,
0.0,
0.0,
0.0,
0.0,
0.0,
0.0,
8.0,
0.0,
0.0,
87.0,
213.0,
241.0,
252.0,
249.0,
230.0,
212.0,
218.0,
228.0,
235.0,
247.0,
255.0,
128.0,
19.0,
0.0,
0.0,
5.0,
3.0,
0.0,
0.0,
0.0,
0.0,
0.0,
0.0,
0.0,
0.0,
0.0,
0.0,
0.0,
0.0,
59.0,
116.0,
216.0,
9.0,
9.0,
0.0,
0.0,
118.0,
255.0,
239.0,
199.0,
0.0,
8.0,
0.0,
0.0,
6.0,
0.0,
0.0,
0.0,
0.0,
0.0,
0.0,
0.0,
0.0,
0.0,
0.0,
0.0,
0.0,
6.0,
10.0,
0.0,
9.0,
0.0,
0.0,
0.0,
125.0,
246.0,
255.0,
184.0,
0.0,
1.0,
0.0,
0.0,
0.0,
0.0,
0.0,
0.0,
0.0,
0.0,
0.0,
0.0,
0.0,
0.0,
0.0,
0.0,
0.0,
0.0,
0.0,
13.0,
16.0,
0.0,
28.0,
94.0,
220.0,
242.0,
248.0,
102.0,
10.0,
6.0,
0.0,
0.0,
4.0,
0.0,
0.0,
0.0,
0.0,
0.0,
0.0,
0.0,
0.0,
0.0,
0.0,
0.0,
0.0,
18.0,
1.0,
0.0,
17.0,
156.0,
241.0,
237.0,
255.0,
255.0,
177.0,
11.0,
0.0,
8.0,
0.0,
4.0,
4.0,
0.0,
0.0,
0.0,
0.0,
0.0,
0.0,
0.0,
0.0,
0.0,
0.0,
0.0,
0.0,
0.0,
0.0,
0.0,
208.0,
255.0,
254.0,
253.0,
207.0,
111.0,
42.0,
0.0,
0.0,
0.0,
0.0,
9.0,
0.0,
0.0,
0.0,
0.0,
0.0,
0.0,
0.0,
0.0,
0.0,
0.0,
0.0,
0.0,
0.0,
11.0,
0.0,
18.0,
210.0,
239.0,
255.0,
251.0,
164.0,
55.0,
0.0,
0.0,
3.0,
0.0,
0.0,
2.0,
0.0,
0.0,
0.0,
0.0,
0.0,
0.0,
0.0,
0.0,
0.0,
0.0,
0.0,
0.0,
0.0,
0.0,
11.0,
0.0,
5.0,
172.0,
251.0,
255.0,
248.0,
238.0,
120.0,
38.0,
0.0,
1.0,
8.0,
3.0,
0.0,
0.0,
0.0,
0.0,
0.0,
0.0,
0.0,
0.0,
0.0,
0.0,
0.0,
0.0,
0.0,
0.0,
6.0,
1.0,
0.0,
13.0,
53.0,
244.0,
255.0,
252.0,
252.0,
164.0,
47.0,
0.0,
0.0,
0.0,
2.0,
0.0,
0.0,
0.0,
0.0,
2.0,
1.0,
0.0,
0.0,
3.0,
0.0,
0.0,
8.0,
0.0,
2.0,
0.0,
7.0,
0.0,
0.0,
14.0,
119.0,
229.0,
249.0,
255.0,
218.0,
46.0,
0.0,
5.0,
0.0,
0.0,
0.0,
0.0,
0.0,
0.0,
4.0,
0.0,
0.0,
4.0,
5.0,
0.0,
0.0,
3.0,
6.0,
0.0,
2.0,
1.0,
0.0,
0.0,
5.0,
8.0,
119.0,
245.0,
245.0,
161.0,
18.0,
1.0,
3.0,
0.0,
0.0,
0.0,
0.0,
0.0,
7.0,
4.0,
0.0,
2.0,
7.0,
0.0,
0.0,
0.0,
0.0,
0.0,
1.0,
0.0,
0.0,
18.0,
0.0,
16.0,
4.0,
175.0,
255.0,
239.0,
9.0,
0.0,
0.0,
0.0,
0.0,
0.0,
0.0,
0.0,
7.0,
4.0,
0.0,
0.0,
0.0,
0.0,
5.0,
49.0,
49.0,
0.0,
24.0,
0.0,
0.0,
9.0,
2.0,
0.0,
0.0,
190.0,
255.0,
247.0,
27.0,
27.0,
0.0,
0.0,
0.0,
0.0,
0.0,
2.0,
3.0,
0.0,
0.0,
0.0,
0.0,
3.0,
31.0,
235.0,
170.0,
0.0,
0.0,
0.0,
10.0,
0.0,
5.0,
12.0,
86.0,
231.0,
255.0,
240.0,
41.0,
6.0,
1.0,
0.0,
0.0,
0.0,
0.0,
4.0,
0.0,
0.0,
4.0,
4.0,
0.0,
9.0,
46.0,
250.0,
251.0,
115.0,
55.0,
6.0,
41.0,
78.0,
146.0,
201.0,
228.0,
255.0,
244.0,
150.0,
4.0,
0.0,
5.0,
0.0,
0.0,
0.0,
0.0,
2.0,
1.0,
0.0,
1.0,
5.0,
0.0,
5.0,
29.0,
221.0,
255.0,
244.0,
229.0,
227.0,
253.0,
254.0,
255.0,
254.0,
255.0,
238.0,
154.0,
19.0,
0.0,
14.0,
0.0,
0.0,
0.0,
0.0,
0.0,
0.0,
4.0,
0.0,
0.0,
2.0,
0.0,
0.0,
0.0,
109.0,
168.0,
255.0,
255.0,
250.0,
238.0,
255.0,
254.0,
248.0,
190.0,
56.0,
7.0,
0.0,
3.0,
0.0,
3.0,
0.0,
0.0,
0.0,
0.0,
0.0,
0.0,
0.0,
0.0,
0.0,
0.0,
0.0,
0.0,
5.0,
0.0,
29.0,
97.0,
146.0,
184.0,
180.0,
136.0,
45.0,
18.0,
0.0,
0.0,
1.0,
1.0,
1.0,
5.0,
0.0,
0.0,
0.0,
0.0,
0.0,
0.0,
0.0,
0.0,
0.0,
0.0,
0.0,
0.0,
5.0,
0.0,
0.0,
4.0,
0.0,
5.0,
13.0,
0.0,
12.0,
0.0,
0.0,
0.0,
3.0,
0.0,
0.0,
0.0,
0.0,
0.0,
0.0,
0.0,
0.0,
0.0,
0.0,
0.0,
0.0,
0.0,
0.0,
0.0,
6.0,
0.0,
12.0,
10.0,
0.0,
0.0,
3.0,
0.0,
0.0,
0.0,
0.0,
7.0,
5.0,
0.0,
0.0,
2.0,
0.0,
0.0,
0.0,
0.0,
0.0,
0.0,
0.0,
0.0,
0.0,
0.0,
0.0,
0.0,
0.0,
0.0,
0.0,
7.0,
0.0,
1.0,
4.0,
0.0,
3.0,
1.0,
3.0,
6.0,
2.0,
0.0,
0.0,
7.0,
0.0,
0.0,
0.0,
0.0,
