0.0,
0.0,
0.0,
0.0,
0.0,
0.0,
0.0,
0.0,
0.0,
3.0,
0.0,
4.0,
1.0,
1.0,
8.0,
0.0,
4.0,
0.0,
11.0,
0.0,
0.0,
15.0,
0.0,
4.0,
0.0,
0.0,
0.0,
0.0,
0.0,
0.0,
0.0,
0.0,
0.0,
0.0,
0.0,
0.0,
7.0,
16.0,
0.0,
8.0,
11.0,
0.0,
0.0,
8.0,
0.0,
14.0,
0.0,
12.0,
1.0,
0.0,
0.0,
3.0,
0.0,
0.0,
0.0,
0.0,
0.0,
0.0,
0.0,
0.0,
0.0,
0.0,
0.0,
0.0,
0.0,
4.0,
0.0,
0.0,
0.0,
5.0,
8.0,
1.0,
0.0,
14.0,
0.0,
0.0,
8.0,
0.0,
4.0,
0.0,
0.0,
0.0,
0.0,
0.0,
0.0,
0.0,
0.0,
0.0,
0.0,
0.0,
0.0,
0.0,
8.0,
0.0,
6.0,
16.0,
7.0,
0.0,
9.0,
0.0,
0.0,
0.0,
13.0,
0.0,
4.0,
0.0,
5.0,
0.0,
0.0,
0.0,
0.0,
0.0,
0.0,
0.0,
0.0,
0.0,
0.0,
0.0,
0.0,
0.0,
5.0,
2.0,
6.0,
23.0,
192.0,
255.0,
255.0,
159.0,
69.0,
12.0,
6.0,
4.0,
0.0,
0.0,
4.0,
0.0,
0.0,
0.0,
0.0,
0.0,
0.0,
0.0,
0.0,
0.0,
0.0,
0.0,
0.0,
0.0,
0.0,
0.0,
2.0,
72.0,
241.0,
178.0,
186.0,
255.0,
223.0,
144.0,
0.0,
11.0,
0.0,
0.0,
9.0,
0.0,
0.0,
0.0,
0.0,
0.0,
0.0,
0.0,
0.0,
0.0,
0.0,
0.0,
0.0,
0.0,
0.0,
3.0,
0.0,
23.0,
90.0,
8.0,
6.0,
80.0,
255.0,
250.0,
56.0,
0.0,
3.0,
3.0,
3.0,
0.0,
0.0,
0.0,
0.0,
0.0,
0.0,
0.0,
0.0,
0.0,
0.0,
0.0,
0.0,
0.0,
1.0,
2.0,
0.0,
8.0,
0.0,
0.0,
6.0,
0.0,
154.0,
255.0,
176.0,
0.0,
16.0,
0.0,
0.0,
7.0,
0.0,
0.0,
0.0,
0.0,
0.0,
0.0,
0.0,
0.0,
0.0,
0.0,
0.0,
0.0,
2.0,
1.0,
0.0,
0.0,
3.0,
0.0,
0.0,
0.0,
75.0,
255.0,
212.0,
0.0,
0.0,
0.0,
0.0,
5.0,
0.0,
0.0,
0.0,
0.0,
0.0,
0.0,
0.0,
0.0,
0.0,
0.0,
0.0,
0.0,
0.0,
6.0,
7.0,
9.0,
0.0,
1.0,
0.0,
2.0,
111.0,
255.0,
190.0,
0.0,
7.0,
8.0,
0.0,
0.0,
0.0,
0.0,
0.0,
0.0,
0.0,
0.0,
0.0,
0.0,
0.0,
0.0,
0.0,
0.0,
3.0,
0.0,
0.0,
12.0,
0.0,
5.0,
42.0,
94.0,
249.0,
238.0,
120.0,
5.0,
0.0,
0.0,
1.0,
1.0,
0.0,
0.0,
0.0,
0.0,
0.0,
0.0,
0.0,
0.0,
0.0,
0.0,
0.0,
0.0,
16.0,
0.0,
38.0,
200.0,
230.0,
236.0,
222.0,
248.0,
251.0,
98.0,
0.0,
2.0,
0.0,
0.0,
9.0,
0.0,
0.0,
0.0,
0.0,
0.0,
0.0,
0.0,
0.0,
0.0,
0.0,
0.0,
0.0,
0.0,
0.0,
20.0,
121.0,
255.0,
251.0,
255.0,
246.0,
255.0,
255.0,
128.0,
7.0,
0.0,
4.0,
0.0,
4.0,
0.0,
0.0,
0.0,
0.0,
0.0,
0.0,
0.0,
0.0,
0.0,
0.0,
0.0,
0.0,
0.0,
12.0,
0.0,
72.0,
250.0,
253.0,
150.0,
56.0,
57.0,
217.0,
255.0,
140.0,
0.0,
0.0,
2.0,
0.0,
0.0,
0.0,
0.0,
0.0,
0.0,
0.0,
0.0,
0.0,
0.0,
0.0,
0.0,
0.0,
0.0,
2.0,
10.0,
1.0,
0.0,
0.0,
11.0,
6.0,
0.0,
31.0,
226.0,
207.0,
22.0,
0.0,
1.0,
1.0,
0.0,
0.0,
0.0,
0.0,
0.0,
0.0,
0.0,
0.0,
0.0,
0.0,
0.0,
0.0,
0.0,
0.0,
1.0,
1.0,
0.0,
3.0,
0.0,
0.0,
4.0,
0.0,
204.0,
255.0,
88.0,
8.0,
0.0,
15.0,
0.0,
0.0,
0.0,
0.0,
0.0,
4.0,
0.0,
3.0,
0.0,
0.0,
1.0,
0.0,
0.0,
0.0,
8.0,
0.0,
0.0,
0.0,
7.0,
0.0,
2.0,
1.0,
135.0,
248.0,
167.0,
0.0,
0.0,
1.0,
6.0,
0.0,
0.0,
0.0,
0.0,
0.0,
11.0,
0.0,
10.0,
10.0,
0.0,
21.0,
5.0,
9.0,
0.0,
3.0,
16.0,
5.0,
0.0,
12.0,
0.0,
0.0,
162.0,
255.0,
90.0,
3.0,
20.0,
0.0,
0.0,
0.0,
0.0,
0.0,
0.0,
0.0,
15.0,
0.0,
0.0,
0.0,
0.0,
3.0,
0.0,
0.0,
0.0,
7.0,
5.0,
3.0,
0.0,
3.0,
6.0,
95.0,
255.0,
239.0,
34.0,
13.0,
0.0,
2.0,
0.0,
0.0,
0.0,
0.0,
0.0,
1.0,
0.0,
2.0,
1.0,
6.0,
13.0,
3.0,
8.0,
11.0,
7.0,
7.0,
0.0,
6.0,
7.0,
0.0,
102.0,
255.0,
248.0,
194.0,
0.0,
3.0,
1.0,
0.0,
15.0,
0.0,
0.0,
0.0,
0.0,
6.0,
0.0,
11.0,
1.0,
0.0,
0.0,
1.0,
40.0,
95.0,
76.0,
0.0,
0.0,
33.0,
92.0,
127.0,
244.0,
255.0,
159.0,
44.0,
0.0,
9.0,
0.0,
19.0,
0.0,
0.0,
0.0,
0.0,
0.0,
0.0,
8.0,
0.0,
11.0,
2.0,
15.0,
146.0,
237.0,
255.0,
170.0,
80.0,
210.0,
251.0,
230.0,
243.0,
251.0,
130.0,
12.0,
1.0,
3.0,
0.0,
10.0,
5.0,
0.0,
0.0,
0.0,
0.0,
0.0,
1.0,
7.0,
0.0,
3.0,
0.0,
1.0,
151.0,
255.0,
241.0,
255.0,
243.0,
244.0,
247.0,
229.0,
155.0,
0.0,
7.0,
0.0,
0.0,
15.0,
0.0,
0.0,
12.0,
0.0,
0.0,
0.0,
0.0,
0.0,
10.0,
0.0,
1.0,
11.0,
0.0,
0.0,
70.0,
185.0,
255.0,
238.0,
254.0,
142.0,
99.0,
33.0,
0.0,
11.0,
0.0,
3.0,
2.0,
0.0,
13.0,
0.0,
0.0,
4.0,
0.0,
0.0,
0.0,
0.0,
0.0,
0.0,
0.0,
0.0,
0.0,
0.0,
0.0,
0.0,
0.0,
0.0,
0.0,
0.0,
0.0,
0.0,
0.0,
0.0,
0.0,
0.0,
0.0,
0.0,
0.0,
0.0,
0.0,
0.0,
0.0,
0.0,
0.0,
0.0,
0.0,
0.0,
0.0,
0.0,
0.0,
0.0,
0.0,
0.0,
0.0,
0.0,
0.0,
0.0,
0.0,
0.0,
0.0,
0.0,
0.0,
0.0,
0.0,
0.0,
0.0,
0.0,
0.0,
0.0,
0.0,
0.0,
0.0,
0.0,
0.0,
0.0,
0.0,
0.0,
0.0,
0.0,
0.0,
0.0,
0.0,
0.0,
0.0,
0.0,
0.0,
0.0,
0.0,
0.0,
0.0,
0.0,
0.0,
0.0,
0.0,
0.0,
0.0,
0.0,
0.0,
0.0,
0.0,
0.0,
0.0,
0.0,
0.0,
0.0,
0.0,
0.0,
0.0,
0.0,
0.0,
0.0,
0.0,
0.0,
0.0,
0.0,
0.0,
0.0,
0.0,
0.0,
0.0,
0.0,
0.0,
0.0,
0.0,
0.0,
0.0,
0.0,
0.0,
0.0,
