10.0,
0.0,
0.0,
3.0,
0.0,
1.0,
5.0,
0.0,
0.0,
1.0,
0.0,
19.0,
0.0,
0.0,
12.0,
0.0,
0.0,
2.0,
10.0,
0.0,
0.0,
8.0,
1.0,
0.0,
0.0,
0.0,
0.0,
0.0,
0.0,
0.0,
7.0,
5.0,
0.0,
2.0,
10.0,
8.0,
0.0,
18.0,
0.0,
0.0,
4.0,
1.0,
0.0,
0.0,
0.0,
0.0,
6.0,
8.0,
0.0,
0.0,
0.0,
5.0,
0.0,
0.0,
0.0,
0.0,
0.0,
6.0,
3.0,
0.0,
0.0,
0.0,
0.0,
0.0,
0.0,
0.0,
4.0,
10.0,
0.0,
0.0,
7.0,
5.0,
14.0,
0.0,
0.0,
2.0,
0.0,
0.0,
0.0,
2.0,
0.0,
0.0,
0.0,
0.0,
0.0,
0.0,
0.0,
0.0,
13.0,
1.0,
0.0,
6.0,
4.0,
6.0,
0.0,
0.0,
22.0,
3.0,
0.0,
0.0,
3.0,
0.0,
5.0,
0.0,
0.0,
6.0,
5.0,
0.0,
0.0,
0.0,
0.0,
0.0,
0.0,
0.0,
0.0,
2.0,
0.0,
0.0,
13.0,
80.0,
120.0,
158.0,
255.0,
253.0,
230.0,
255.0,
255.0,
122.0,
12.0,
0.0,
8.0,
10.0,
0.0,
0.0,
1.0,
1.0,
0.0,
0.0,
0.0,
0.0,
0.0,
2.0,
6.0,
2.0,
0.0,
1.0,
110.0,
238.0,
255.0,
231.0,
254.0,
255.0,
255.0,
247.0,
249.0,
254.0,
137.0,
26.0,
0.0,
4.0,
3.0,
0.0,
0.0,
0.0,
0.0,
0.0,
0.0,
0.0,
0.0,
0.0,
4.0,
7.0,
0.0,
38.0,
144.0,
240.0,
151.0,
121.0,
115.0,
103.0,
114.0,
201.0,
245.0,
251.0,
254.0,
78.0,
0.0,
0.0,
3.0,
5.0,
0.0,
0.0,
0.0,
0.0,
0.0,
0.0,
9.0,
0.0,
0.0,
2.0,
0.0,
0.0,
5.0,
0.0,
9.0,
0.0,
0.0,
10.0,
0.0,
0.0,
69.0,
255.0,
255.0,
98.0,
13.0,
4.0,
0.0,
0.0,
2.0,
0.0,
0.0,
0.0,
0.0,
0.0,
0.0,
0.0,
4.0,
9.0,
0.0,
0.0,
0.0,
0.0,
9.0,
0.0,
0.0,
0.0,
0.0,
7.0,
143.0,
255.0,
255.0,
68.0,
0.0,
14.0,
0.0,
14.0,
0.0,
0.0,
0.0,
0.0,
0.0,
0.0,
13.0,
0.0,
0.0,
0.0,
3.0,
12.0,
13.0,
5.0,
0.0,
17.0,
0.0,
7.0,
0.0,
53.0,
235.0,
240.0,
241.0,
47.0,
0.0,
0.0,
6.0,
0.0,
3.0,
15.0,
0.0,
0.0,
0.0,
0.0,
0.0,
1.0,
4.0,
3.0,
0.0,
0.0,
0.0,
0.0,
0.0,
1.0,
0.0,
0.0,
73.0,
222.0,
255.0,
245.0,
126.0,
3.0,
1.0,
0.0,
19.0,
0.0,
0.0,
0.0,
0.0,
0.0,
0.0,
0.0,
0.0,
6.0,
5.0,
0.0,
0.0,
0.0,
5.0,
17.0,
9.0,
5.0,
0.0,
129.0,
238.0,
254.0,
239.0,
234.0,
181.0,
85.0,
42.0,
8.0,
0.0,
11.0,
17.0,
0.0,
0.0,
0.0,
0.0,
0.0,
0.0,
3.0,
0.0,
0.0,
9.0,
5.0,
0.0,
0.0,
0.0,
16.0,
86.0,
220.0,
242.0,
242.0,
255.0,
254.0,
252.0,
242.0,
255.0,
182.0,
27.0,
0.0,
0.0,
1.0,
0.0,
0.0,
0.0,
0.0,
0.0,
4.0,
0.0,
0.0,
7.0,
0.0,
0.0,
18.0,
101.0,
167.0,
255.0,
255.0,
252.0,
255.0,
205.0,
192.0,
201.0,
188.0,
247.0,
245.0,
146.0,
32.0,
7.0,
0.0,
0.0,
0.0,
0.0,
0.0,
4.0,
9.0,
0.0,
0.0,
0.0,
0.0,
30.0,
103.0,
231.0,
255.0,
252.0,
237.0,
213.0,
89.0,
17.0,
0.0,
0.0,
6.0,
105.0,
247.0,
255.0,
127.0,
17.0,
0.0,
0.0,
0.0,
0.0,
0.0,
0.0,
0.0,
0.0,
5.0,
16.0,
0.0,
0.0,
48.0,
232.0,
235.0,
220.0,
92.0,
19.0,
1.0,
2.0,
5.0,
3.0,
0.0,
0.0,
187.0,
250.0,
175.0,
5.0,
0.0,
0.0,
0.0,
0.0,
0.0,
8.0,
0.0,
0.0,
1.0,
0.0,
0.0,
12.0,
3.0,
26.0,
39.0,
27.0,
1.0,
0.0,
2.0,
0.0,
0.0,
0.0,
12.0,
0.0,
139.0,
255.0,
236.0,
18.0,
2.0,
0.0,
0.0,
0.0,
0.0,
0.0,
13.0,
5.0,
0.0,
11.0,
8.0,
0.0,
0.0,
6.0,
8.0,
0.0,
0.0,
2.0,
3.0,
2.0,
10.0,
4.0,
0.0,
36.0,
240.0,
254.0,
249.0,
27.0,
0.0,
0.0,
0.0,
0.0,
0.0,
16.0,
0.0,
0.0,
7.0,
0.0,
0.0,
0.0,
10.0,
0.0,
0.0,
0.0,
0.0,
2.0,
2.0,
0.0,
0.0,
1.0,
0.0,
104.0,
254.0,
252.0,
142.0,
14.0,
0.0,
0.0,
0.0,
0.0,
0.0,
0.0,
0.0,
3.0,
7.0,
0.0,
3.0,
14.0,
0.0,
0.0,
11.0,
9.0,
0.0,
2.0,
5.0,
0.0,
0.0,
9.0,
5.0,
142.0,
233.0,
255.0,
159.0,
0.0,
6.0,
0.0,
0.0,
0.0,
0.0,
12.0,
16.0,
0.0,
0.0,
15.0,
0.0,
0.0,
9.0,
0.0,
1.0,
0.0,
0.0,
0.0,
0.0,
1.0,
22.0,
0.0,
138.0,
255.0,
235.0,
255.0,
77.0,
29.0,
0.0,
0.0,
0.0,
0.0,
0.0,
0.0,
0.0,
0.0,
0.0,
1.0,
0.0,
0.0,
4.0,
11.0,
0.0,
0.0,
8.0,
7.0,
0.0,
7.0,
56.0,
163.0,
255.0,
236.0,
255.0,
153.0,
6.0,
0.0,
3.0,
0.0,
0.0,
0.0,
0.0,
0.0,
13.0,
20.0,
0.0,
4.0,
129.0,
239.0,
246.0,
235.0,
237.0,
238.0,
244.0,
243.0,
231.0,
241.0,
255.0,
255.0,
249.0,
255.0,
99.0,
0.0,
16.0,
0.0,
7.0,
0.0,
0.0,
0.0,
0.0,
5.0,
0.0,
0.0,
2.0,
5.0,
0.0,
31.0,
116.0,
211.0,
248.0,
255.0,
247.0,
250.0,
255.0,
255.0,
244.0,
208.0,
138.0,
25.0,
0.0,
5.0,
0.0,
2.0,
0.0,
0.0,
0.0,
0.0,
0.0,
0.0,
0.0,
0.0,
0.0,
0.0,
0.0,
0.0,
0.0,
0.0,
0.0,
0.0,
0.0,
0.0,
0.0,
0.0,
0.0,
0.0,
0.0,
0.0,
0.0,
0.0,
0.0,
0.0,
0.0,
0.0,
0.0,
0.0,
0.0,
0.0,
0.0,
0.0,
0.0,
0.0,
0.0,
0.0,
0.0,
0.0,
0.0,
0.0,
0.0,
0.0,
0.0,
0.0,
0.0,
0.0,
0.0,
0.0,
0.0,
0.0,
0.0,
0.0,
0.0,
0.0,
0.0,
0.0,
0.0,
0.0,
0.0,
0.0,
0.0,
0.0,
0.0,
0.0,
0.0,
0.0,
0.0,
0.0,
0.0,
0.0,
0.0,
0.0,
0.0,
0.0,
0.0,
0.0,
0.0,
0.0,
0.0,
0.0,
0.0,
0.0,
0.0,
0.0,
0.0,
0.0,
0.0,
0.0,
0.0,
0.0,
0.0,
0.0,
0.0,
0.0,
0.0,
0.0,
0.0,
0.0,
0.0,
0.0,
0.0,
0.0,
0.0,
0.0,
0.0,
0.0,
0.0,
0.0,
0.0,
0.0,
0.0,
0.0,
0.0,
