1.0,
0.0,
0.0,
0.0,
0.0,
0.0,
0.0,
0.0,
0.0,
3.0,
0.0,
6.0,
0.0,
4.0,
0.0,
3.0,
0.0,
1.0,
1.0,
0.0,
1.0,
3.0,
1.0,
0.0,
0.0,
0.0,
0.0,
0.0,
0.0,
0.0,
0.0,
1.0,
2.0,
3.0,
3.0,
2.0,
0.0,
3.0,
3.0,
0.0,
0.0,
5.0,
4.0,
0.0,
0.0,
0.0,
0.0,
0.0,
0.0,
2.0,
6.0,
6.0,
0.0,
0.0,
0.0,
0.0,
0.0,
0.0,
0.0,
1.0,
2.0,
3.0,
3.0,
4.0,
5.0,
0.0,
2.0,
0.0,
10.0,
5.0,
14.0,
2.0,
5.0,
5.0,
5.0,
5.0,
3.0,
0.0,
0.0,
0.0,
0.0,
0.0,
0.0,
0.0,
1.0,
1.0,
1.0,
0.0,
0.0,
0.0,
0.0,
0.0,
4.0,
0.0,
1.0,
1.0,
7.0,
0.0,
0.0,
0.0,
0.0,
0.0,
0.0,
2.0,
0.0,
0.0,
0.0,
2.0,
0.0,
0.0,
0.0,
0.0,
0.0,
1.0,
2.0,
0.0,
0.0,
0.0,
0.0,
2.0,
0.0,
6.0,
6.0,
8.0,
0.0,
3.0,
5.0,
15.0,
7.0,
3.0,
2.0,
2.0,
0.0,
0.0,
0.0,
8.0,
0.0,
0.0,
0.0,
0.0,
0.0,
1.0,
3.0,
2.0,
0.0,
1.0,
6.0,
11.0,
202.0,
254.0,
255.0,
232.0,
163.0,
127.0,
45.0,
0.0,
2.0,
0.0,
0.0,
2.0,
7.0,
2.0,
0.0,
0.0,
0.0,
0.0,
0.0,
0.0,
0.0,
1.0,
3.0,
2.0,
0.0,
1.0,
7.0,
12.0,
231.0,
255.0,
255.0,
251.0,
248.0,
255.0,
237.0,
203.0,
64.0,
27.0,
0.0,
0.0,
0.0,
4.0,
0.0,
0.0,
0.0,
0.0,
0.0,
0.0,
0.0,
2.0,
3.0,
1.0,
0.0,
0.0,
2.0,
7.0,
123.0,
117.0,
148.0,
186.0,
246.0,
253.0,
255.0,
245.0,
255.0,
171.0,
65.0,
6.0,
0.0,
0.0,
0.0,
1.0,
0.0,
0.0,
0.0,
0.0,
0.0,
0.0,
0.0,
0.0,
0.0,
0.0,
0.0,
0.0,
1.0,
0.0,
6.0,
0.0,
7.0,
60.0,
135.0,
232.0,
245.0,
255.0,
125.0,
0.0,
0.0,
1.0,
0.0,
3.0,
0.0,
0.0,
0.0,
0.0,
0.0,
0.0,
0.0,
0.0,
0.0,
0.0,
0.0,
0.0,
0.0,
18.0,
0.0,
0.0,
8.0,
0.0,
9.0,
85.0,
255.0,
249.0,
107.0,
3.0,
8.0,
14.0,
0.0,
0.0,
0.0,
0.0,
0.0,
0.0,
0.0,
0.0,
0.0,
0.0,
0.0,
0.0,
0.0,
0.0,
0.0,
0.0,
0.0,
0.0,
0.0,
42.0,
103.0,
238.0,
251.0,
188.0,
69.0,
5.0,
1.0,
0.0,
0.0,
9.0,
0.0,
0.0,
0.0,
0.0,
0.0,
0.0,
0.0,
0.0,
0.0,
0.0,
0.0,
0.0,
19.0,
0.0,
3.0,
0.0,
36.0,
207.0,
255.0,
254.0,
222.0,
104.0,
0.0,
0.0,
7.0,
3.0,
0.0,
2.0,
0.0,
0.0,
0.0,
0.0,
0.0,
0.0,
0.0,
0.0,
0.0,
0.0,
0.0,
0.0,
0.0,
5.0,
29.0,
133.0,
202.0,
255.0,
233.0,
103.0,
11.0,
0.0,
0.0,
11.0,
0.0,
0.0,
0.0,
2.0,
0.0,
0.0,
0.0,
0.0,
0.0,
0.0,
0.0,
0.0,
0.0,
0.0,
0.0,
0.0,
18.0,
76.0,
229.0,
254.0,
255.0,
212.0,
30.0,
1.0,
13.0,
1.0,
9.0,
0.0,
0.0,
7.0,
10.0,
0.0,
0.0,
0.0,
0.0,
0.0,
0.0,
0.0,
0.0,
0.0,
0.0,
0.0,
0.0,
0.0,
0.0,
184.0,
255.0,
245.0,
255.0,
187.0,
141.0,
48.0,
0.0,
0.0,
7.0,
5.0,
0.0,
8.0,
0.0,
0.0,
0.0,
0.0,
0.0,
0.0,
0.0,
0.0,
0.0,
0.0,
0.0,
0.0,
0.0,
0.0,
0.0,
92.0,
252.0,
243.0,
255.0,
253.0,
249.0,
247.0,
204.0,
80.0,
7.0,
0.0,
0.0,
5.0,
0.0,
7.0,
0.0,
0.0,
0.0,
0.0,
0.0,
0.0,
2.0,
1.0,
0.0,
0.0,
0.0,
0.0,
3.0,
0.0,
32.0,
87.0,
123.0,
239.0,
244.0,
255.0,
242.0,
255.0,
174.0,
0.0,
15.0,
1.0,
3.0,
0.0,
0.0,
0.0,
0.0,
0.0,
0.0,
0.0,
0.0,
0.0,
0.0,
0.0,
1.0,
2.0,
0.0,
0.0,
0.0,
0.0,
16.0,
17.0,
86.0,
91.0,
244.0,
246.0,
255.0,
240.0,
25.0,
7.0,
0.0,
6.0,
0.0,
0.0,
0.0,
0.0,
1.0,
0.0,
0.0,
0.0,
0.0,
2.0,
3.0,
3.0,
0.0,
1.0,
0.0,
6.0,
2.0,
0.0,
12.0,
0.0,
31.0,
206.0,
255.0,
245.0,
42.0,
0.0,
0.0,
5.0,
0.0,
0.0,
0.0,
0.0,
1.0,
0.0,
0.0,
0.0,
0.0,
1.0,
0.0,
0.0,
0.0,
5.0,
18.0,
6.0,
0.0,
8.0,
5.0,
19.0,
114.0,
255.0,
246.0,
215.0,
23.0,
0.0,
3.0,
0.0,
0.0,
0.0,
0.0,
0.0,
0.0,
0.0,
0.0,
0.0,
1.0,
0.0,
0.0,
0.0,
6.0,
0.0,
6.0,
0.0,
6.0,
0.0,
100.0,
209.0,
255.0,
244.0,
192.0,
27.0,
11.0,
0.0,
8.0,
6.0,
0.0,
0.0,
0.0,
0.0,
0.0,
0.0,
2.0,
1.0,
0.0,
0.0,
0.0,
0.0,
0.0,
36.0,
2.0,
0.0,
59.0,
127.0,
242.0,
243.0,
249.0,
231.0,
25.0,
0.0,
0.0,
0.0,
15.0,
0.0,
0.0,
0.0,
0.0,
0.0,
0.0,
1.0,
3.0,
1.0,
0.0,
0.0,
3.0,
10.0,
81.0,
92.0,
46.0,
184.0,
246.0,
255.0,
251.0,
237.0,
156.0,
0.0,
6.0,
8.0,
3.0,
5.0,
0.0,
7.0,
0.0,
0.0,
0.0,
0.0,
0.0,
2.0,
4.0,
0.0,
0.0,
0.0,
9.0,
21.0,
224.0,
255.0,
255.0,
255.0,
247.0,
189.0,
89.0,
7.0,
0.0,
14.0,
0.0,
0.0,
5.0,
1.0,
0.0,
0.0,
0.0,
0.0,
0.0,
0.0,
0.0,
0.0,
0.0,
0.0,
0.0,
0.0,
0.0,
0.0,
169.0,
234.0,
255.0,
178.0,
73.0,
13.0,
0.0,
0.0,
0.0,
0.0,
0.0,
0.0,
0.0,
0.0,
0.0,
0.0,
0.0,
0.0,
0.0,
0.0,
0.0,
0.0,
0.0,
0.0,
0.0,
0.0,
0.0,
0.0,
0.0,
0.0,
10.0,
6.0,
0.0,
3.0,
5.0,
2.0,
0.0,
0.0,
0.0,
0.0,
0.0,
0.0,
0.0,
0.0,
0.0,
0.0,
0.0,
0.0,
0.0,
0.0,
0.0,
0.0,
0.0,
0.0,
0.0,
0.0,
17.0,
3.0,
0.0,
0.0,
0.0,
0.0,
0.0,
0.0,
0.0,
0.0,
0.0,
0.0,
0.0,
0.0,
0.0,
0.0,
0.0,
0.0,
0.0,
0.0,
0.0,
0.0,
0.0,
0.0,
0.0,
0.0,
0.0,
0.0,
0.0,
0.0,
0.0,
6.0,
5.0,
0.0,
3.0,
16.0,
0.0,
0.0,
0.0,
0.0,
0.0,
0.0,
0.0,
0.0,
0.0,
0.0,
0.0,
0.0,
