0.0,
0.0,
0.0,
0.0,
0.0,
0.0,
0.0,
0.0,
8.0,
3.0,
0.0,
3.0,
0.0,
11.0,
12.0,
2.0,
0.0,
14.0,
0.0,
0.0,
7.0,
8.0,
0.0,
0.0,
0.0,
0.0,
0.0,
0.0,
0.0,
0.0,
0.0,
0.0,
0.0,
0.0,
0.0,
0.0,
0.0,
0.0,
1.0,
13.0,
6.0,
0.0,
0.0,
0.0,
1.0,
0.0,
3.0,
0.0,
1.0,
0.0,
19.0,
0.0,
0.0,
0.0,
0.0,
0.0,
0.0,
0.0,
0.0,
0.0,
0.0,
0.0,
0.0,
0.0,
0.0,
8.0,
0.0,
0.0,
8.0,
9.0,
4.0,
12.0,
8.0,
0.0,
7.0,
13.0,
0.0,
0.0,
13.0,
0.0,
0.0,
0.0,
0.0,
0.0,
0.0,
0.0,
0.0,
0.0,
0.0,
0.0,
0.0,
0.0,
0.0,
6.0,
0.0,
2.0,
0.0,
0.0,
0.0,
0.0,
0.0,
17.0,
0.0,
7.0,
1.0,
5.0,
0.0,
3.0,
0.0,
0.0,
0.0,
0.0,
0.0,
0.0,
0.0,
0.0,
0.0,
0.0,
0.0,
0.0,
0.0,
0.0,
0.0,
17.0,
0.0,
16.0,
63.0,
114.0,
226.0,
223.0,
63.0,
0.0,
8.0,
0.0,
0.0,
11.0,
0.0,
0.0,
0.0,
0.0,
0.0,
0.0,
0.0,
0.0,
0.0,
0.0,
0.0,
0.0,
1.0,
3.0,
0.0,
0.0,
27.0,
144.0,
229.0,
255.0,
255.0,
250.0,
105.0,
0.0,
68.0,
30.0,
18.0,
0.0,
0.0,
0.0,
0.0,
0.0,
0.0,
0.0,
0.0,
0.0,
0.0,
0.0,
0.0,
0.0,
0.0,
8.0,
4.0,
17.0,
151.0,
246.0,
255.0,
243.0,
240.0,
254.0,
230.0,
189.0,
255.0,
201.0,
160.0,
2.0,
0.0,
0.0,
0.0,
0.0,
0.0,
0.0,
0.0,
0.0,
0.0,
0.0,
0.0,
0.0,
5.0,
0.0,
1.0,
53.0,
255.0,
255.0,
247.0,
252.0,
255.0,
247.0,
252.0,
249.0,
255.0,
246.0,
219.0,
0.0,
0.0,
0.0,
0.0,
0.0,
5.0,
0.0,
0.0,
0.0,
4.0,
0.0,
0.0,
0.0,
5.0,
0.0,
6.0,
60.0,
237.0,
255.0,
254.0,
248.0,
255.0,
245.0,
249.0,
255.0,
251.0,
215.0,
32.0,
0.0,
0.0,
0.0,
0.0,
0.0,
0.0,
0.0,
0.0,
4.0,
6.0,
4.0,
1.0,
1.0,
9.0,
0.0,
0.0,
0.0,
40.0,
126.0,
155.0,
139.0,
113.0,
163.0,
255.0,
252.0,
255.0,
192.0,
11.0,
0.0,
0.0,
0.0,
0.0,
0.0,
1.0,
4.0,
4.0,
0.0,
0.0,
0.0,
0.0,
0.0,
0.0,
5.0,
11.0,
6.0,
0.0,
0.0,
0.0,
7.0,
87.0,
178.0,
239.0,
255.0,
245.0,
79.0,
0.0,
0.0,
0.0,
0.0,
0.0,
0.0,
2.0,
4.0,
0.0,
0.0,
0.0,
1.0,
4.0,
1.0,
8.0,
1.0,
6.0,
0.0,
8.0,
28.0,
78.0,
172.0,
224.0,
255.0,
248.0,
250.0,
163.0,
8.0,
2.0,
11.0,
0.0,
0.0,
0.0,
0.0,
0.0,
0.0,
0.0,
0.0,
3.0,
8.0,
8.0,
3.0,
1.0,
0.0,
18.0,
0.0,
6.0,
146.0,
239.0,
255.0,
255.0,
244.0,
249.0,
175.0,
13.0,
1.0,
0.0,
0.0,
0.0,
0.0,
0.0,
0.0,
0.0,
0.0,
1.0,
6.0,
5.0,
0.0,
0.0,
0.0,
3.0,
12.0,
4.0,
0.0,
0.0,
212.0,
255.0,
250.0,
255.0,
243.0,
255.0,
219.0,
0.0,
13.0,
3.0,
3.0,
0.0,
0.0,
0.0,
0.0,
4.0,
0.0,
1.0,
6.0,
0.0,
0.0,
0.0,
16.0,
0.0,
1.0,
0.0,
7.0,
45.0,
252.0,
250.0,
254.0,
247.0,
255.0,
241.0,
255.0,
25.0,
0.0,
4.0,
0.0,
0.0,
0.0,
0.0,
0.0,
3.0,
0.0,
0.0,
3.0,
0.0,
0.0,
30.0,
70.0,
45.0,
2.0,
8.0,
0.0,
11.0,
214.0,
251.0,
208.0,
249.0,
255.0,
255.0,
223.0,
13.0,
13.0,
0.0,
2.0,
0.0,
0.0,
0.0,
0.0,
0.0,
5.0,
0.0,
0.0,
4.0,
55.0,
170.0,
251.0,
218.0,
36.0,
2.0,
0.0,
7.0,
17.0,
59.0,
27.0,
99.0,
242.0,
247.0,
148.0,
0.0,
2.0,
14.0,
0.0,
0.0,
0.0,
0.0,
0.0,
6.0,
0.0,
3.0,
13.0,
0.0,
227.0,
251.0,
255.0,
244.0,
165.0,
0.0,
11.0,
12.0,
0.0,
2.0,
76.0,
185.0,
255.0,
255.0,
100.0,
23.0,
0.0,
0.0,
0.0,
0.0,
0.0,
0.0,
0.0,
0.0,
9.0,
0.0,
0.0,
9.0,
209.0,
255.0,
238.0,
255.0,
253.0,
21.0,
0.0,
0.0,
0.0,
149.0,
236.0,
238.0,
255.0,
166.0,
0.0,
0.0,
0.0,
0.0,
19.0,
0.0,
0.0,
0.0,
0.0,
0.0,
1.0,
1.0,
4.0,
0.0,
226.0,
243.0,
255.0,
244.0,
254.0,
255.0,
249.0,
255.0,
255.0,
249.0,
250.0,
255.0,
243.0,
61.0,
0.0,
15.0,
0.0,
2.0,
0.0,
0.0,
0.0,
0.0,
0.0,
3.0,
0.0,
1.0,
15.0,
0.0,
183.0,
255.0,
245.0,
244.0,
255.0,
244.0,
255.0,
240.0,
236.0,
250.0,
255.0,
245.0,
181.0,
1.0,
0.0,
0.0,
0.0,
12.0,
1.0,
0.0,
0.0,
0.0,
0.0,
0.0,
8.0,
4.0,
0.0,
0.0,
22.0,
187.0,
253.0,
255.0,
226.0,
255.0,
255.0,
242.0,
255.0,
255.0,
194.0,
82.0,
22.0,
0.0,
7.0,
9.0,
3.0,
0.0,
0.0,
0.0,
0.0,
0.0,
0.0,
0.0,
0.0,
9.0,
3.0,
0.0,
3.0,
29.0,
251.0,
255.0,
253.0,
250.0,
255.0,
255.0,
221.0,
225.0,
23.0,
15.0,
0.0,
4.0,
0.0,
0.0,
0.0,
0.0,
9.0,
0.0,
0.0,
0.0,
0.0,
9.0,
0.0,
0.0,
0.0,
16.0,
3.0,
0.0,
81.0,
178.0,
255.0,
250.0,
219.0,
114.0,
54.0,
1.0,
0.0,
0.0,
10.0,
2.0,
2.0,
3.0,
1.0,
6.0,
0.0,
0.0,
0.0,
0.0,
0.0,
0.0,
0.0,
0.0,
0.0,
0.0,
0.0,
0.0,
0.0,
0.0,
0.0,
0.0,
0.0,
0.0,
0.0,
0.0,
0.0,
0.0,
0.0,
0.0,
0.0,
0.0,
0.0,
0.0,
0.0,
0.0,
0.0,
0.0,
0.0,
0.0,
0.0,
0.0,
0.0,
0.0,
0.0,
0.0,
0.0,
0.0,
0.0,
0.0,
0.0,
0.0,
0.0,
0.0,
0.0,
0.0,
0.0,
0.0,
0.0,
0.0,
0.0,
0.0,
0.0,
0.0,
0.0,
0.0,
0.0,
0.0,
0.0,
0.0,
0.0,
0.0,
0.0,
0.0,
0.0,
0.0,
0.0,
0.0,
0.0,
0.0,
0.0,
0.0,
0.0,
0.0,
0.0,
0.0,
0.0,
0.0,
0.0,
0.0,
0.0,
0.0,
0.0,
0.0,
0.0,
0.0,
0.0,
0.0,
0.0,
0.0,
0.0,
0.0,
0.0,
0.0,
0.0,
0.0,
0.0,
0.0,
0.0,
0.0,
0.0,
0.0,
0.0,
0.0,
0.0,
0.0,
0.0,
0.0,
0.0,
0.0,
0.0,
0.0,
0.0,
