0.0,
0.0,
0.0,
0.0,
0.0,
0.0,
0.0,
0.0,
0.0,
0.0,
2.0,
4.0,
2.0,
0.0,
0.0,
0.0,
4.0,
0.0,
11.0,
0.0,
0.0,
0.0,
0.0,
4.0,
0.0,
0.0,
0.0,
0.0,
0.0,
0.0,
0.0,
0.0,
0.0,
0.0,
0.0,
0.0,
1.0,
0.0,
0.0,
0.0,
0.0,
1.0,
3.0,
5.0,
0.0,
0.0,
6.0,
2.0,
9.0,
7.0,
1.0,
0.0,
0.0,
0.0,
0.0,
0.0,
0.0,
0.0,
0.0,
0.0,
0.0,
0.0,
0.0,
0.0,
4.0,
2.0,
0.0,
0.0,
0.0,
0.0,
0.0,
0.0,
5.0,
7.0,
0.0,
0.0,
0.0,
0.0,
8.0,
7.0,
0.0,
0.0,
0.0,
0.0,
0.0,
0.0,
0.0,
0.0,
0.0,
0.0,
0.0,
0.0,
0.0,
0.0,
2.0,
2.0,
2.0,
3.0,
2.0,
0.0,
0.0,
6.0,
0.0,
11.0,
1.0,
0.0,
0.0,
0.0,
0.0,
0.0,
0.0,
0.0,
0.0,
0.0,
0.0,
0.0,
0.0,
0.0,
0.0,
0.0,
5.0,
8.0,
6.0,
0.0,
0.0,
0.0,
0.0,
0.0,
1.0,
0.0,
0.0,
0.0,
3.0,
2.0,
11.0,
16.0,
0.0,
0.0,
0.0,
0.0,
0.0,
0.0,
0.0,
0.0,
0.0,
0.0,
0.0,
0.0,
0.0,
0.0,
0.0,
0.0,
2.0,
8.0,
5.0,
0.0,
0.0,
0.0,
22.0,
0.0,
0.0,
0.0,
0.0,
0.0,
0.0,
0.0,
0.0,
0.0,
0.0,
0.0,
0.0,
0.0,
0.0,
0.0,
0.0,
0.0,
10.0,
1.0,
0.0,
20.0,
87.0,
172.0,
235.0,
255.0,
251.0,
251.0,
246.0,
67.0,
3.0,
0.0,
10.0,
8.0,
0.0,
0.0,
0.0,
0.0,
0.0,
0.0,
0.0,
0.0,
0.0,
0.0,
0.0,
0.0,
0.0,
39.0,
112.0,
190.0,
246.0,
246.0,
187.0,
125.0,
63.0,
156.0,
255.0,
78.0,
7.0,
0.0,
3.0,
0.0,
0.0,
0.0,
0.0,
0.0,
2.0,
6.0,
0.0,
0.0,
0.0,
3.0,
9.0,
28.0,
186.0,
239.0,
255.0,
211.0,
128.0,
16.0,
0.0,
3.0,
8.0,
156.0,
239.0,
5.0,
4.0,
0.0,
16.0,
0.0,
0.0,
0.0,
0.0,
0.0,
2.0,
0.0,
0.0,
16.0,
3.0,
0.0,
75.0,
245.0,
255.0,
213.0,
98.0,
8.0,
0.0,
33.0,
0.0,
0.0,
0.0,
189.0,
137.0,
6.0,
4.0,
7.0,
0.0,
10.0,
0.0,
0.0,
0.0,
0.0,
0.0,
0.0,
8.0,
0.0,
0.0,
127.0,
230.0,
208.0,
104.0,
0.0,
0.0,
3.0,
13.0,
0.0,
10.0,
11.0,
22.0,
178.0,
40.0,
0.0,
0.0,
5.0,
0.0,
4.0,
0.0,
0.0,
0.0,
0.0,
2.0,
0.0,
14.0,
0.0,
0.0,
106.0,
142.0,
30.0,
0.0,
22.0,
2.0,
0.0,
8.0,
4.0,
0.0,
50.0,
170.0,
130.0,
9.0,
8.0,
3.0,
0.0,
5.0,
0.0,
0.0,
0.0,
0.0,
0.0,
2.0,
6.0,
0.0,
0.0,
10.0,
0.0,
0.0,
0.0,
16.0,
0.0,
8.0,
0.0,
0.0,
14.0,
15.0,
229.0,
208.0,
40.0,
0.0,
0.0,
9.0,
0.0,
7.0,
9.0,
0.0,
0.0,
0.0,
0.0,
0.0,
7.0,
0.0,
0.0,
6.0,
7.0,
0.0,
7.0,
0.0,
0.0,
7.0,
0.0,
0.0,
53.0,
232.0,
225.0,
29.0,
0.0,
20.0,
3.0,
0.0,
8.0,
0.0,
0.0,
0.0,
0.0,
0.0,
0.0,
4.0,
0.0,
8.0,
11.0,
0.0,
0.0,
10.0,
0.0,
7.0,
0.0,
12.0,
2.0,
67.0,
255.0,
254.0,
242.0,
201.0,
218.0,
172.0,
106.0,
18.0,
0.0,
0.0,
14.0,
0.0,
0.0,
0.0,
0.0,
0.0,
1.0,
2.0,
0.0,
0.0,
4.0,
1.0,
0.0,
0.0,
9.0,
68.0,
185.0,
255.0,
251.0,
248.0,
174.0,
155.0,
167.0,
163.0,
255.0,
190.0,
49.0,
11.0,
0.0,
0.0,
0.0,
0.0,
0.0,
0.0,
7.0,
2.0,
0.0,
7.0,
9.0,
0.0,
9.0,
68.0,
216.0,
255.0,
247.0,
180.0,
59.0,
5.0,
0.0,
10.0,
0.0,
1.0,
54.0,
207.0,
203.0,
19.0,
0.0,
0.0,
0.0,
0.0,
0.0,
1.0,
0.0,
0.0,
2.0,
6.0,
0.0,
1.0,
75.0,
221.0,
255.0,
193.0,
78.0,
19.0,
0.0,
10.0,
0.0,
0.0,
13.0,
6.0,
7.0,
104.0,
232.0,
79.0,
0.0,
0.0,
0.0,
0.0,
0.0,
1.0,
0.0,
1.0,
6.0,
2.0,
0.0,
10.0,
95.0,
255.0,
162.0,
23.0,
0.0,
2.0,
0.0,
0.0,
9.0,
4.0,
0.0,
5.0,
0.0,
19.0,
249.0,
120.0,
9.0,
0.0,
0.0,
0.0,
0.0,
0.0,
0.0,
5.0,
0.0,
0.0,
1.0,
5.0,
39.0,
81.0,
34.0,
0.0,
4.0,
11.0,
0.0,
6.0,
5.0,
0.0,
0.0,
12.0,
5.0,
98.0,
242.0,
59.0,
0.0,
0.0,
0.0,
0.0,
0.0,
0.0,
3.0,
7.0,
0.0,
0.0,
10.0,
0.0,
0.0,
0.0,
5.0,
8.0,
2.0,
0.0,
0.0,
10.0,
0.0,
0.0,
19.0,
0.0,
40.0,
220.0,
163.0,
0.0,
0.0,
0.0,
0.0,
0.0,
0.0,
2.0,
0.0,
6.0,
1.0,
0.0,
3.0,
0.0,
0.0,
15.0,
0.0,
0.0,
3.0,
2.0,
0.0,
0.0,
0.0,
5.0,
0.0,
0.0,
146.0,
243.0,
45.0,
0.0,
11.0,
0.0,
0.0,
0.0,
0.0,
4.0,
0.0,
3.0,
3.0,
0.0,
0.0,
0.0,
8.0,
0.0,
2.0,
15.0,
2.0,
0.0,
0.0,
4.0,
7.0,
1.0,
0.0,
110.0,
233.0,
150.0,
2.0,
3.0,
0.0,
0.0,
0.0,
0.0,
0.0,
3.0,
0.0,
1.0,
0.0,
0.0,
7.0,
2.0,
0.0,
7.0,
4.0,
0.0,
0.0,
1.0,
12.0,
0.0,
0.0,
22.0,
113.0,
248.0,
171.0,
0.0,
20.0,
0.0,
3.0,
0.0,
0.0,
0.0,
0.0,
0.0,
0.0,
0.0,
0.0,
0.0,
0.0,
0.0,
0.0,
0.0,
19.0,
75.0,
106.0,
88.0,
80.0,
119.0,
165.0,
240.0,
209.0,
121.0,
18.0,
0.0,
7.0,
13.0,
0.0,
0.0,
0.0,
0.0,
0.0,
0.0,
0.0,
0.0,
0.0,
0.0,
0.0,
0.0,
0.0,
7.0,
0.0,
22.0,
121.0,
217.0,
255.0,
237.0,
196.0,
99.0,
36.0,
0.0,
0.0,
4.0,
0.0,
0.0,
11.0,
0.0,
0.0,
0.0,
0.0,
0.0,
0.0,
0.0,
0.0,
0.0,
0.0,
0.0,
0.0,
0.0,
0.0,
4.0,
11.0,
3.0,
1.0,
7.0,
8.0,
19.0,
0.0,
0.0,
5.0,
10.0,
0.0,
0.0,
4.0,
0.0,
0.0,
0.0,
0.0,
0.0,
0.0,
0.0,
0.0,
0.0,
0.0,
0.0,
0.0,
10.0,
3.0,
2.0,
0.0,
0.0,
0.0,
0.0,
0.0,
0.0,
6.0,
12.0,
2.0,
0.0,
2.0,
1.0,
0.0,
0.0,
0.0,
0.0,
0.0,
