5.0,
0.0,
5.0,
1.0,
0.0,
0.0,
0.0,
0.0,
6.0,
2.0,
0.0,
10.0,
0.0,
0.0,
18.0,
0.0,
5.0,
3.0,
0.0,
2.0,
1.0,
0.0,
1.0,
7.0,
0.0,
0.0,
0.0,
0.0,
7.0,
0.0,
0.0,
4.0,
9.0,
7.0,
11.0,
0.0,
0.0,
0.0,
0.0,
7.0,
0.0,
0.0,
5.0,
9.0,
0.0,
0.0,
0.0,
7.0,
11.0,
1.0,
0.0,
0.0,
0.0,
0.0,
0.0,
0.0,
0.0,
5.0,
0.0,
8.0,
3.0,
0.0,
0.0,
0.0,
13.0,
11.0,
0.0,
6.0,
16.0,
0.0,
0.0,
0.0,
12.0,
16.0,
6.0,
0.0,
0.0,
0.0,
0.0,
5.0,
0.0,
0.0,
0.0,
0.0,
0.0,
13.0,
8.0,
0.0,
0.0,
1.0,
7.0,
10.0,
0.0,
0.0,
0.0,
0.0,
0.0,
0.0,
8.0,
0.0,
0.0,
0.0,
0.0,
0.0,
2.0,
6.0,
0.0,
0.0,
0.0,
0.0,
0.0,
0.0,
4.0,
0.0,
0.0,
0.0,
8.0,
31.0,
70.0,
151.0,
255.0,
252.0,
255.0,
255.0,
238.0,
219.0,
149.0,
49.0,
21.0,
0.0,
4.0,
3.0,
0.0,
4.0,
0.0,
0.0,
0.0,
0.0,
0.0,
0.0,
0.0,
18.0,
5.0,
0.0,
79.0,
218.0,
255.0,
254.0,
196.0,
158.0,
151.0,
148.0,
172.0,
236.0,
255.0,
238.0,
110.0,
18.0,
4.0,
2.0,
0.0,
0.0,
0.0,
8.0,
0.0,
0.0,
0.0,
0.0,
17.0,
0.0,
0.0,
133.0,
242.0,
169.0,
74.0,
12.0,
5.0,
3.0,
10.0,
0.0,
0.0,
24.0,
113.0,
245.0,
147.0,
1.0,
0.0,
9.0,
0.0,
7.0,
1.0,
0.0,
0.0,
0.0,
0.0,
0.0,
0.0,
18.0,
7.0,
133.0,
148.0,
7.0,
0.0,
3.0,
0.0,
0.0,
0.0,
5.0,
14.0,
0.0,
17.0,
191.0,
245.0,
43.0,
0.0,
12.0,
0.0,
4.0,
3.0,
0.0,
0.0,
0.0,
0.0,
0.0,
0.0,
0.0,
2.0,
3.0,
3.0,
2.0,
0.0,
0.0,
7.0,
0.0,
15.0,
0.0,
0.0,
8.0,
0.0,
196.0,
255.0,
58.0,
10.0,
6.0,
0.0,
0.0,
2.0,
2.0,
0.0,
0.0,
0.0,
0.0,
0.0,
0.0,
2.0,
3.0,
3.0,
2.0,
0.0,
0.0,
0.0,
4.0,
0.0,
4.0,
7.0,
0.0,
150.0,
255.0,
218.0,
37.0,
0.0,
0.0,
0.0,
2.0,
6.0,
0.0,
0.0,
0.0,
0.0,
0.0,
0.0,
0.0,
1.0,
2.0,
2.0,
1.0,
0.0,
0.0,
8.0,
13.0,
2.0,
0.0,
27.0,
132.0,
255.0,
238.0,
137.0,
0.0,
0.0,
6.0,
4.0,
0.0,
0.0,
0.0,
0.0,
0.0,
0.0,
0.0,
0.0,
0.0,
1.0,
1.0,
1.0,
1.0,
0.0,
0.0,
0.0,
0.0,
24.0,
65.0,
130.0,
249.0,
251.0,
234.0,
6.0,
0.0,
17.0,
0.0,
0.0,
8.0,
24.0,
2.0,
0.0,
0.0,
0.0,
0.0,
0.0,
0.0,
0.0,
0.0,
0.0,
0.0,
0.0,
0.0,
36.0,
200.0,
222.0,
252.0,
255.0,
253.0,
253.0,
245.0,
162.0,
43.0,
0.0,
0.0,
9.0,
0.0,
0.0,
0.0,
0.0,
0.0,
0.0,
0.0,
0.0,
0.0,
0.0,
0.0,
0.0,
0.0,
0.0,
0.0,
24.0,
241.0,
252.0,
193.0,
198.0,
163.0,
206.0,
191.0,
242.0,
255.0,
248.0,
126.0,
22.0,
0.0,
6.0,
15.0,
0.0,
0.0,
0.0,
0.0,
0.0,
0.0,
0.0,
0.0,
0.0,
0.0,
0.0,
0.0,
5.0,
48.0,
51.0,
10.0,
13.0,
0.0,
0.0,
14.0,
109.0,
171.0,
249.0,
246.0,
158.0,
20.0,
0.0,
0.0,
0.0,
0.0,
0.0,
0.0,
0.0,
0.0,
0.0,
0.0,
0.0,
0.0,
0.0,
0.0,
2.0,
0.0,
0.0,
17.0,
0.0,
3.0,
9.0,
0.0,
7.0,
0.0,
77.0,
224.0,
255.0,
101.0,
4.0,
1.0,
0.0,
0.0,
0.0,
0.0,
0.0,
0.0,
0.0,
0.0,
0.0,
0.0,
0.0,
0.0,
0.0,
0.0,
0.0,
0.0,
4.0,
0.0,
0.0,
5.0,
7.0,
0.0,
7.0,
38.0,
237.0,
249.0,
55.0,
10.0,
0.0,
0.0,
0.0,
0.0,
0.0,
0.0,
0.0,
0.0,
0.0,
0.0,
0.0,
0.0,
8.0,
12.0,
12.0,
0.0,
0.0,
0.0,
0.0,
0.0,
0.0,
0.0,
0.0,
19.0,
164.0,
252.0,
156.0,
0.0,
0.0,
0.0,
0.0,
0.0,
0.0,
0.0,
0.0,
0.0,
0.0,
0.0,
0.0,
0.0,
0.0,
0.0,
0.0,
0.0,
2.0,
5.0,
0.0,
1.0,
16.0,
0.0,
29.0,
0.0,
65.0,
250.0,
150.0,
0.0,
0.0,
0.0,
0.0,
0.0,
0.0,
0.0,
0.0,
0.0,
0.0,
0.0,
0.0,
0.0,
8.0,
12.0,
0.0,
10.0,
16.0,
7.0,
0.0,
0.0,
0.0,
1.0,
0.0,
6.0,
130.0,
255.0,
149.0,
0.0,
0.0,
0.0,
0.0,
0.0,
0.0,
0.0,
0.0,
0.0,
0.0,
0.0,
0.0,
0.0,
0.0,
20.0,
0.0,
0.0,
0.0,
0.0,
0.0,
13.0,
12.0,
11.0,
5.0,
107.0,
238.0,
255.0,
111.0,
9.0,
0.0,
0.0,
0.0,
0.0,
0.0,
0.0,
0.0,
0.0,
0.0,
0.0,
0.0,
0.0,
123.0,
200.0,
145.0,
82.0,
17.0,
12.0,
6.0,
4.0,
45.0,
49.0,
165.0,
245.0,
244.0,
164.0,
10.0,
0.0,
0.0,
0.0,
0.0,
0.0,
0.0,
0.0,
0.0,
0.0,
0.0,
0.0,
0.0,
0.0,
143.0,
255.0,
252.0,
255.0,
239.0,
255.0,
255.0,
255.0,
252.0,
255.0,
253.0,
215.0,
107.0,
0.0,
2.0,
9.0,
0.0,
0.0,
0.0,
0.0,
0.0,
0.0,
0.0,
0.0,
0.0,
0.0,
0.0,
0.0,
16.0,
129.0,
155.0,
238.0,
255.0,
254.0,
228.0,
229.0,
208.0,
184.0,
134.0,
23.0,
0.0,
0.0,
0.0,
6.0,
0.0,
0.0,
0.0,
0.0,
0.0,
0.0,
0.0,
0.0,
0.0,
0.0,
0.0,
0.0,
0.0,
0.0,
0.0,
0.0,
0.0,
0.0,
0.0,
0.0,
0.0,
0.0,
0.0,
0.0,
0.0,
0.0,
0.0,
0.0,
0.0,
0.0,
0.0,
0.0,
0.0,
0.0,
0.0,
0.0,
0.0,
0.0,
0.0,
0.0,
0.0,
0.0,
0.0,
0.0,
0.0,
0.0,
0.0,
0.0,
0.0,
0.0,
0.0,
0.0,
0.0,
0.0,
0.0,
0.0,
0.0,
0.0,
0.0,
0.0,
0.0,
0.0,
0.0,
0.0,
0.0,
0.0,
0.0,
0.0,
0.0,
0.0,
0.0,
0.0,
0.0,
0.0,
0.0,
0.0,
0.0,
0.0,
0.0,
0.0,
0.0,
0.0,
0.0,
0.0,
0.0,
0.0,
0.0,
0.0,
0.0,
0.0,
0.0,
0.0,
0.0,
0.0,
0.0,
0.0,
0.0,
0.0,
0.0,
0.0,
0.0,
0.0,
0.0,
0.0,
0.0,
0.0,
0.0,
0.0,
0.0,
0.0,
0.0,
0.0,
0.0,
0.0,
0.0,
0.0,
