0.0,
0.0,
9.0,
3.0,
0.0,
0.0,
7.0,
0.0,
6.0,
0.0,
0.0,
0.0,
1.0,
0.0,
0.0,
5.0,
0.0,
0.0,
0.0,
6.0,
8.0,
0.0,
0.0,
0.0,
0.0,
0.0,
0.0,
0.0,
9.0,
0.0,
0.0,
2.0,
0.0,
0.0,
0.0,
0.0,
0.0,
5.0,
11.0,
1.0,
0.0,
0.0,
0.0,
0.0,
0.0,
1.0,
1.0,
0.0,
0.0,
0.0,
2.0,
7.0,
0.0,
0.0,
0.0,
0.0,
2.0,
0.0,
0.0,
0.0,
1.0,
1.0,
4.0,
6.0,
1.0,
0.0,
0.0,
0.0,
7.0,
16.0,
5.0,
0.0,
0.0,
8.0,
13.0,
7.0,
3.0,
5.0,
0.0,
0.0,
0.0,
0.0,
0.0,
0.0,
0.0,
7.0,
3.0,
0.0,
0.0,
1.0,
4.0,
0.0,
2.0,
4.0,
5.0,
0.0,
0.0,
0.0,
0.0,
5.0,
0.0,
0.0,
0.0,
0.0,
0.0,
5.0,
3.0,
6.0,
0.0,
0.0,
0.0,
0.0,
0.0,
5.0,
0.0,
3.0,
0.0,
0.0,
7.0,
0.0,
0.0,
0.0,
4.0,
2.0,
8.0,
16.0,
9.0,
0.0,
10.0,
0.0,
10.0,
4.0,
1.0,
2.0,
0.0,
0.0,
0.0,
0.0,
0.0,
0.0,
7.0,
1.0,
0.0,
10.0,
0.0,
0.0,
92.0,
140.0,
231.0,
203.0,
139.0,
89.0,
106.0,
153.0,
146.0,
99.0,
31.0,
0.0,
0.0,
0.0,
0.0,
13.0,
0.0,
0.0,
0.0,
0.0,
0.0,
0.0,
2.0,
1.0,
0.0,
7.0,
0.0,
52.0,
209.0,
255.0,
244.0,
255.0,
255.0,
246.0,
249.0,
255.0,
255.0,
233.0,
233.0,
182.0,
125.0,
28.0,
0.0,
7.0,
0.0,
1.0,
0.0,
0.0,
0.0,
0.0,
0.0,
2.0,
0.0,
0.0,
5.0,
115.0,
255.0,
247.0,
255.0,
246.0,
246.0,
255.0,
255.0,
245.0,
246.0,
255.0,
255.0,
255.0,
239.0,
103.0,
4.0,
0.0,
0.0,
8.0,
0.0,
0.0,
0.0,
0.0,
10.0,
0.0,
1.0,
1.0,
0.0,
70.0,
170.0,
195.0,
130.0,
93.0,
80.0,
77.0,
92.0,
76.0,
80.0,
82.0,
89.0,
221.0,
236.0,
190.0,
15.0,
0.0,
3.0,
1.0,
0.0,
0.0,
0.0,
0.0,
0.0,
0.0,
13.0,
12.0,
0.0,
0.0,
17.0,
0.0,
0.0,
0.0,
7.0,
0.0,
0.0,
4.0,
9.0,
0.0,
14.0,
0.0,
252.0,
252.0,
20.0,
2.0,
0.0,
6.0,
0.0,
0.0,
0.0,
0.0,
4.0,
1.0,
4.0,
0.0,
0.0,
0.0,
1.0,
0.0,
18.0,
0.0,
0.0,
17.0,
13.0,
0.0,
0.0,
2.0,
0.0,
17.0,
255.0,
240.0,
22.0,
0.0,
0.0,
0.0,
0.0,
0.0,
0.0,
0.0,
0.0,
3.0,
2.0,
0.0,
6.0,
10.0,
9.0,
7.0,
4.0,
1.0,
0.0,
0.0,
0.0,
0.0,
3.0,
4.0,
15.0,
193.0,
247.0,
169.0,
5.0,
0.0,
10.0,
0.0,
0.0,
0.0,
0.0,
0.0,
0.0,
4.0,
3.0,
0.0,
4.0,
0.0,
0.0,
0.0,
0.0,
0.0,
3.0,
3.0,
10.0,
8.0,
6.0,
11.0,
143.0,
249.0,
238.0,
118.0,
0.0,
6.0,
0.0,
4.0,
0.0,
0.0,
0.0,
0.0,
0.0,
4.0,
0.0,
0.0,
0.0,
0.0,
4.0,
15.0,
7.0,
9.0,
2.0,
0.0,
6.0,
8.0,
98.0,
215.0,
255.0,
245.0,
172.0,
32.0,
0.0,
2.0,
0.0,
0.0,
0.0,
0.0,
0.0,
0.0,
0.0,
0.0,
4.0,
7.0,
6.0,
2.0,
0.0,
0.0,
0.0,
0.0,
0.0,
7.0,
181.0,
238.0,
253.0,
253.0,
255.0,
243.0,
149.0,
21.0,
0.0,
0.0,
16.0,
3.0,
0.0,
0.0,
0.0,
0.0,
9.0,
0.0,
0.0,
0.0,
0.0,
0.0,
4.0,
0.0,
0.0,
0.0,
13.0,
60.0,
255.0,
255.0,
247.0,
255.0,
244.0,
255.0,
255.0,
163.0,
9.0,
0.0,
0.0,
0.0,
0.0,
0.0,
0.0,
0.0,
0.0,
0.0,
7.0,
0.0,
0.0,
9.0,
2.0,
0.0,
0.0,
12.0,
0.0,
170.0,
253.0,
246.0,
255.0,
242.0,
172.0,
227.0,
255.0,
234.0,
17.0,
0.0,
12.0,
0.0,
0.0,
0.0,
0.0,
0.0,
3.0,
0.0,
5.0,
4.0,
0.0,
0.0,
0.0,
9.0,
9.0,
0.0,
0.0,
60.0,
120.0,
124.0,
22.0,
16.0,
0.0,
18.0,
253.0,
255.0,
100.0,
2.0,
5.0,
0.0,
0.0,
0.0,
0.0,
0.0,
4.0,
0.0,
3.0,
3.0,
0.0,
0.0,
0.0,
6.0,
103.0,
110.0,
5.0,
0.0,
3.0,
0.0,
0.0,
6.0,
3.0,
109.0,
245.0,
255.0,
133.0,
10.0,
0.0,
17.0,
0.0,
0.0,
0.0,
0.0,
3.0,
0.0,
2.0,
0.0,
0.0,
6.0,
0.0,
6.0,
233.0,
246.0,
13.0,
5.0,
14.0,
0.0,
11.0,
0.0,
111.0,
217.0,
252.0,
220.0,
27.0,
0.0,
0.0,
0.0,
0.0,
0.0,
0.0,
0.0,
4.0,
0.0,
1.0,
0.0,
0.0,
0.0,
7.0,
56.0,
253.0,
200.0,
3.0,
2.0,
0.0,
21.0,
78.0,
213.0,
247.0,
244.0,
255.0,
107.0,
0.0,
1.0,
7.0,
11.0,
0.0,
0.0,
0.0,
0.0,
5.0,
0.0,
0.0,
8.0,
4.0,
0.0,
14.0,
109.0,
239.0,
239.0,
119.0,
74.0,
92.0,
236.0,
236.0,
254.0,
255.0,
182.0,
95.0,
0.0,
4.0,
0.0,
0.0,
8.0,
0.0,
0.0,
0.0,
0.0,
0.0,
0.0,
0.0,
1.0,
5.0,
0.0,
4.0,
82.0,
255.0,
253.0,
221.0,
255.0,
251.0,
255.0,
251.0,
243.0,
142.0,
40.0,
0.0,
8.0,
6.0,
1.0,
27.0,
0.0,
0.0,
0.0,
0.0,
0.0,
0.0,
7.0,
2.0,
0.0,
2.0,
8.0,
0.0,
10.0,
232.0,
237.0,
255.0,
255.0,
244.0,
235.0,
154.0,
44.0,
10.0,
0.0,
15.0,
0.0,
0.0,
0.0,
0.0,
11.0,
0.0,
0.0,
0.0,
0.0,
0.0,
0.0,
0.0,
0.0,
0.0,
0.0,
0.0,
0.0,
41.0,
183.0,
229.0,
160.0,
98.0,
42.0,
1.0,
5.0,
0.0,
0.0,
0.0,
0.0,
0.0,
0.0,
0.0,
0.0,
0.0,
0.0,
0.0,
0.0,
0.0,
0.0,
0.0,
0.0,
0.0,
0.0,
0.0,
0.0,
0.0,
19.0,
2.0,
0.0,
7.0,
5.0,
0.0,
1.0,
0.0,
0.0,
0.0,
0.0,
0.0,
0.0,
0.0,
0.0,
0.0,
0.0,
0.0,
0.0,
0.0,
0.0,
0.0,
0.0,
0.0,
0.0,
0.0,
0.0,
0.0,
0.0,
2.0,
8.0,
9.0,
0.0,
0.0,
15.0,
0.0,
0.0,
0.0,
0.0,
0.0,
0.0,
0.0,
0.0,
0.0,
0.0,
0.0,
0.0,
0.0,
0.0,
0.0,
0.0,
0.0,
0.0,
0.0,
0.0,
0.0,
0.0,
1.0,
0.0,
0.0,
0.0,
0.0,
0.0,
0.0,
0.0,
0.0,
0.0,
0.0,
0.0,
0.0,
0.0,
0.0,
0.0,
0.0,
0.0,
