0.0,
5.0,
0.0,
0.0,
5.0,
0.0,
0.0,
0.0,
3.0,
4.0,
6.0,
4.0,
0.0,
0.0,
0.0,
0.0,
0.0,
15.0,
0.0,
0.0,
4.0,
0.0,
7.0,
0.0,
0.0,
0.0,
0.0,
0.0,
2.0,
0.0,
0.0,
1.0,
1.0,
0.0,
0.0,
2.0,
0.0,
0.0,
0.0,
1.0,
5.0,
5.0,
2.0,
0.0,
0.0,
0.0,
5.0,
17.0,
0.0,
0.0,
0.0,
0.0,
0.0,
0.0,
0.0,
0.0,
4.0,
0.0,
0.0,
3.0,
0.0,
0.0,
1.0,
3.0,
8.0,
7.0,
2.0,
0.0,
0.0,
0.0,
2.0,
10.0,
1.0,
2.0,
0.0,
0.0,
0.0,
12.0,
1.0,
1.0,
0.0,
0.0,
0.0,
0.0,
2.0,
0.0,
3.0,
2.0,
0.0,
6.0,
4.0,
0.0,
0.0,
0.0,
2.0,
6.0,
7.0,
6.0,
0.0,
0.0,
0.0,
0.0,
12.0,
0.0,
6.0,
17.0,
0.0,
0.0,
0.0,
0.0,
0.0,
0.0,
0.0,
0.0,
10.0,
0.0,
0.0,
11.0,
0.0,
0.0,
4.0,
23.0,
72.0,
155.0,
240.0,
255.0,
250.0,
208.0,
87.0,
0.0,
3.0,
2.0,
0.0,
2.0,
15.0,
0.0,
0.0,
0.0,
0.0,
0.0,
1.0,
0.0,
11.0,
0.0,
0.0,
4.0,
0.0,
26.0,
137.0,
199.0,
255.0,
255.0,
248.0,
237.0,
250.0,
255.0,
255.0,
248.0,
148.0,
35.0,
9.0,
0.0,
0.0,
7.0,
0.0,
0.0,
0.0,
0.0,
2.0,
0.0,
5.0,
0.0,
1.0,
0.0,
0.0,
92.0,
249.0,
255.0,
255.0,
249.0,
251.0,
255.0,
255.0,
246.0,
242.0,
245.0,
255.0,
192.0,
21.0,
0.0,
28.0,
0.0,
0.0,
0.0,
0.0,
0.0,
3.0,
0.0,
0.0,
0.0,
9.0,
0.0,
11.0,
153.0,
255.0,
254.0,
249.0,
252.0,
255.0,
255.0,
221.0,
179.0,
242.0,
249.0,
253.0,
250.0,
145.0,
10.0,
0.0,
4.0,
0.0,
0.0,
0.0,
0.0,
2.0,
0.0,
0.0,
7.0,
0.0,
0.0,
21.0,
58.0,
224.0,
255.0,
236.0,
251.0,
222.0,
192.0,
27.0,
0.0,
40.0,
222.0,
255.0,
246.0,
207.0,
7.0,
2.0,
0.0,
0.0,
0.0,
0.0,
0.0,
2.0,
0.0,
0.0,
6.0,
0.0,
0.0,
0.0,
12.0,
8.0,
97.0,
101.0,
68.0,
9.0,
0.0,
0.0,
1.0,
0.0,
234.0,
236.0,
250.0,
249.0,
30.0,
0.0,
1.0,
0.0,
0.0,
0.0,
0.0,
0.0,
0.0,
0.0,
3.0,
3.0,
0.0,
0.0,
0.0,
8.0,
0.0,
0.0,
0.0,
7.0,
0.0,
22.0,
0.0,
8.0,
229.0,
255.0,
246.0,
255.0,
0.0,
1.0,
5.0,
0.0,
0.0,
0.0,
0.0,
0.0,
0.0,
0.0,
0.0,
1.0,
6.0,
5.0,
1.0,
7.0,
0.0,
9.0,
3.0,
0.0,
6.0,
0.0,
16.0,
127.0,
250.0,
251.0,
255.0,
121.0,
0.0,
0.0,
6.0,
0.0,
0.0,
0.0,
0.0,
0.0,
3.0,
1.0,
0.0,
0.0,
0.0,
1.0,
0.0,
0.0,
1.0,
11.0,
0.0,
82.0,
189.0,
181.0,
194.0,
250.0,
255.0,
250.0,
165.0,
4.0,
16.0,
0.0,
0.0,
0.0,
0.0,
0.0,
0.0,
0.0,
0.0,
3.0,
1.0,
0.0,
1.0,
0.0,
0.0,
0.0,
9.0,
0.0,
0.0,
170.0,
245.0,
255.0,
254.0,
255.0,
244.0,
255.0,
67.0,
0.0,
0.0,
7.0,
0.0,
0.0,
0.0,
0.0,
0.0,
0.0,
0.0,
0.0,
4.0,
6.0,
4.0,
2.0,
3.0,
6.0,
0.0,
0.0,
17.0,
192.0,
253.0,
254.0,
255.0,
236.0,
255.0,
249.0,
149.0,
31.0,
0.0,
0.0,
8.0,
0.0,
0.0,
0.0,
0.0,
11.0,
0.0,
0.0,
0.0,
0.0,
0.0,
0.0,
0.0,
3.0,
1.0,
3.0,
0.0,
68.0,
186.0,
172.0,
234.0,
255.0,
254.0,
250.0,
252.0,
138.0,
0.0,
9.0,
0.0,
0.0,
0.0,
0.0,
0.0,
0.0,
6.0,
10.0,
0.0,
14.0,
36.0,
84.0,
67.0,
6.0,
5.0,
0.0,
6.0,
6.0,
0.0,
10.0,
40.0,
83.0,
255.0,
246.0,
250.0,
255.0,
8.0,
0.0,
7.0,
0.0,
0.0,
0.0,
0.0,
8.0,
0.0,
0.0,
0.0,
2.0,
190.0,
255.0,
225.0,
0.0,
0.0,
20.0,
0.0,
0.0,
28.0,
0.0,
0.0,
7.0,
39.0,
243.0,
234.0,
252.0,
6.0,
5.0,
0.0,
0.0,
0.0,
0.0,
0.0,
0.0,
0.0,
0.0,
6.0,
11.0,
247.0,
247.0,
240.0,
36.0,
0.0,
0.0,
9.0,
2.0,
0.0,
0.0,
7.0,
0.0,
75.0,
235.0,
255.0,
255.0,
14.0,
0.0,
0.0,
0.0,
0.0,
0.0,
0.0,
0.0,
6.0,
0.0,
0.0,
21.0,
246.0,
253.0,
249.0,
224.0,
37.0,
2.0,
2.0,
0.0,
0.0,
0.0,
89.0,
144.0,
243.0,
255.0,
237.0,
248.0,
8.0,
19.0,
0.0,
0.0,
0.0,
0.0,
0.0,
5.0,
0.0,
11.0,
0.0,
0.0,
164.0,
255.0,
242.0,
255.0,
201.0,
122.0,
99.0,
37.0,
24.0,
157.0,
239.0,
246.0,
255.0,
255.0,
255.0,
110.0,
3.0,
0.0,
21.0,
0.0,
0.0,
0.0,
0.0,
0.0,
0.0,
15.0,
2.0,
0.0,
21.0,
183.0,
255.0,
249.0,
244.0,
255.0,
245.0,
227.0,
247.0,
255.0,
255.0,
255.0,
240.0,
249.0,
92.0,
8.0,
2.0,
20.0,
0.0,
0.0,
0.0,
0.0,
0.0,
0.0,
2.0,
0.0,
6.0,
12.0,
0.0,
104.0,
254.0,
255.0,
255.0,
254.0,
255.0,
254.0,
249.0,
255.0,
250.0,
255.0,
144.0,
27.0,
4.0,
5.0,
0.0,
0.0,
6.0,
0.0,
0.0,
0.0,
0.0,
3.0,
0.0,
0.0,
16.0,
0.0,
0.0,
5.0,
15.0,
126.0,
132.0,
208.0,
244.0,
255.0,
249.0,
153.0,
133.0,
23.0,
11.0,
3.0,
0.0,
0.0,
3.0,
0.0,
4.0,
0.0,
0.0,
0.0,
0.0,
0.0,
0.0,
0.0,
0.0,
0.0,
0.0,
0.0,
0.0,
0.0,
0.0,
0.0,
0.0,
0.0,
0.0,
0.0,
0.0,
0.0,
0.0,
0.0,
0.0,
0.0,
0.0,
0.0,
0.0,
0.0,
0.0,
0.0,
0.0,
0.0,
0.0,
0.0,
0.0,
0.0,
0.0,
0.0,
0.0,
0.0,
0.0,
0.0,
0.0,
0.0,
0.0,
0.0,
0.0,
0.0,
0.0,
0.0,
0.0,
0.0,
0.0,
0.0,
0.0,
0.0,
0.0,
0.0,
0.0,
0.0,
0.0,
0.0,
0.0,
0.0,
0.0,
0.0,
0.0,
0.0,
0.0,
0.0,
0.0,
0.0,
0.0,
0.0,
0.0,
0.0,
0.0,
0.0,
0.0,
0.0,
0.0,
0.0,
0.0,
0.0,
0.0,
0.0,
0.0,
0.0,
0.0,
0.0,
0.0,
0.0,
0.0,
0.0,
0.0,
0.0,
0.0,
0.0,
0.0,
0.0,
0.0,
0.0,
0.0,
0.0,
0.0,
0.0,
0.0,
0.0,
0.0,
0.0,
0.0,
0.0,
0.0,
0.0,
0.0,
