0.0,
0.0,
0.0,
0.0,
0.0,
0.0,
0.0,
0.0,
12.0,
0.0,
0.0,
17.0,
0.0,
12.0,
0.0,
6.0,
0.0,
3.0,
0.0,
1.0,
6.0,
0.0,
0.0,
0.0,
0.0,
0.0,
0.0,
0.0,
0.0,
0.0,
0.0,
0.0,
0.0,
0.0,
0.0,
0.0,
0.0,
0.0,
16.0,
0.0,
6.0,
0.0,
8.0,
0.0,
4.0,
8.0,
0.0,
0.0,
0.0,
0.0,
1.0,
2.0,
0.0,
0.0,
0.0,
0.0,
0.0,
0.0,
0.0,
0.0,
0.0,
0.0,
0.0,
0.0,
0.0,
12.0,
0.0,
5.0,
2.0,
6.0,
0.0,
1.0,
0.0,
0.0,
6.0,
1.0,
0.0,
0.0,
1.0,
9.0,
0.0,
0.0,
0.0,
0.0,
0.0,
0.0,
0.0,
0.0,
0.0,
0.0,
0.0,
0.0,
0.0,
0.0,
11.0,
4.0,
0.0,
0.0,
0.0,
0.0,
2.0,
0.0,
1.0,
8.0,
8.0,
6.0,
0.0,
0.0,
0.0,
0.0,
0.0,
0.0,
0.0,
0.0,
0.0,
0.0,
0.0,
0.0,
0.0,
0.0,
10.0,
13.0,
94.0,
255.0,
243.0,
243.0,
79.0,
28.0,
13.0,
0.0,
0.0,
0.0,
0.0,
0.0,
0.0,
11.0,
0.0,
0.0,
0.0,
0.0,
0.0,
0.0,
0.0,
0.0,
0.0,
0.0,
0.0,
0.0,
0.0,
110.0,
255.0,
255.0,
255.0,
253.0,
242.0,
223.0,
158.0,
85.0,
50.0,
14.0,
1.0,
21.0,
5.0,
0.0,
0.0,
0.0,
0.0,
0.0,
0.0,
0.0,
0.0,
0.0,
0.0,
0.0,
0.0,
0.0,
42.0,
238.0,
198.0,
70.0,
38.0,
160.0,
228.0,
248.0,
253.0,
251.0,
249.0,
121.0,
0.0,
0.0,
0.0,
16.0,
0.0,
0.0,
0.0,
0.0,
0.0,
0.0,
0.0,
0.0,
0.0,
0.0,
0.0,
0.0,
189.0,
239.0,
39.0,
5.0,
5.0,
0.0,
41.0,
172.0,
249.0,
255.0,
255.0,
123.0,
5.0,
10.0,
5.0,
0.0,
0.0,
0.0,
0.0,
0.0,
0.0,
0.0,
0.0,
0.0,
0.0,
0.0,
0.0,
0.0,
61.0,
68.0,
0.0,
2.0,
7.0,
0.0,
3.0,
127.0,
255.0,
255.0,
224.0,
59.0,
0.0,
6.0,
9.0,
0.0,
0.0,
0.0,
0.0,
0.0,
0.0,
0.0,
0.0,
0.0,
0.0,
0.0,
0.0,
0.0,
10.0,
0.0,
10.0,
12.0,
0.0,
16.0,
112.0,
244.0,
247.0,
224.0,
79.0,
0.0,
6.0,
16.0,
0.0,
8.0,
0.0,
0.0,
0.0,
0.0,
0.0,
0.0,
0.0,
0.0,
0.0,
0.0,
0.0,
0.0,
3.0,
13.0,
0.0,
0.0,
118.0,
233.0,
255.0,
249.0,
229.0,
56.0,
0.0,
1.0,
0.0,
3.0,
0.0,
21.0,
0.0,
0.0,
0.0,
0.0,
0.0,
0.0,
0.0,
0.0,
0.0,
0.0,
0.0,
0.0,
0.0,
4.0,
25.0,
208.0,
253.0,
255.0,
235.0,
122.0,
4.0,
11.0,
1.0,
1.0,
11.0,
0.0,
15.0,
0.0,
0.0,
0.0,
0.0,
0.0,
0.0,
0.0,
0.0,
0.0,
0.0,
0.0,
0.0,
0.0,
11.0,
0.0,
24.0,
229.0,
255.0,
238.0,
226.0,
150.0,
64.0,
0.0,
7.0,
0.0,
3.0,
7.0,
0.0,
0.0,
0.0,
0.0,
0.0,
0.0,
0.0,
0.0,
0.0,
0.0,
0.0,
0.0,
0.0,
0.0,
0.0,
0.0,
9.0,
58.0,
181.0,
255.0,
255.0,
241.0,
242.0,
238.0,
83.0,
8.0,
0.0,
1.0,
11.0,
0.0,
0.0,
0.0,
0.0,
0.0,
0.0,
0.0,
0.0,
0.0,
0.0,
0.0,
0.0,
0.0,
14.0,
0.0,
15.0,
0.0,
0.0,
97.0,
191.0,
232.0,
255.0,
249.0,
251.0,
215.0,
70.0,
0.0,
0.0,
7.0,
0.0,
0.0,
0.0,
0.0,
0.0,
0.0,
0.0,
0.0,
0.0,
0.0,
0.0,
0.0,
0.0,
19.0,
0.0,
11.0,
1.0,
0.0,
0.0,
41.0,
87.0,
200.0,
254.0,
255.0,
232.0,
81.0,
6.0,
0.0,
0.0,
0.0,
0.0,
0.0,
6.0,
1.0,
0.0,
13.0,
1.0,
0.0,
0.0,
0.0,
0.0,
6.0,
0.0,
0.0,
0.0,
0.0,
9.0,
0.0,
0.0,
6.0,
132.0,
248.0,
242.0,
245.0,
24.0,
6.0,
0.0,
0.0,
0.0,
0.0,
0.0,
2.0,
5.0,
3.0,
0.0,
3.0,
2.0,
0.0,
0.0,
3.0,
4.0,
9.0,
0.0,
0.0,
17.0,
0.0,
2.0,
1.0,
7.0,
140.0,
251.0,
238.0,
109.0,
0.0,
0.0,
0.0,
0.0,
0.0,
5.0,
0.0,
0.0,
0.0,
0.0,
0.0,
2.0,
8.0,
0.0,
0.0,
0.0,
9.0,
0.0,
0.0,
12.0,
0.0,
0.0,
9.0,
0.0,
142.0,
255.0,
255.0,
29.0,
2.0,
0.0,
0.0,
0.0,
0.0,
4.0,
2.0,
6.0,
5.0,
14.0,
8.0,
0.0,
0.0,
15.0,
2.0,
0.0,
5.0,
9.0,
0.0,
0.0,
7.0,
9.0,
57.0,
192.0,
234.0,
251.0,
238.0,
35.0,
0.0,
0.0,
0.0,
0.0,
0.0,
0.0,
0.0,
0.0,
0.0,
0.0,
2.0,
6.0,
0.0,
0.0,
15.0,
9.0,
0.0,
7.0,
10.0,
45.0,
134.0,
182.0,
224.0,
253.0,
255.0,
248.0,
131.0,
0.0,
4.0,
0.0,
0.0,
0.0,
0.0,
19.0,
0.0,
0.0,
22.0,
3.0,
0.0,
0.0,
48.0,
97.0,
142.0,
148.0,
160.0,
241.0,
255.0,
236.0,
251.0,
252.0,
255.0,
229.0,
191.0,
27.0,
9.0,
7.0,
0.0,
0.0,
0.0,
0.0,
0.0,
0.0,
0.0,
9.0,
142.0,
172.0,
191.0,
192.0,
255.0,
246.0,
255.0,
255.0,
238.0,
246.0,
252.0,
238.0,
255.0,
179.0,
100.0,
50.0,
0.0,
11.0,
1.0,
0.0,
4.0,
0.0,
0.0,
0.0,
0.0,
6.0,
7.0,
0.0,
96.0,
147.0,
245.0,
243.0,
255.0,
217.0,
144.0,
135.0,
152.0,
153.0,
119.0,
50.0,
19.0,
0.0,
7.0,
0.0,
4.0,
0.0,
8.0,
0.0,
5.0,
0.0,
0.0,
0.0,
0.0,
0.0,
0.0,
0.0,
0.0,
0.0,
0.0,
0.0,
0.0,
0.0,
0.0,
0.0,
0.0,
0.0,
0.0,
0.0,
0.0,
0.0,
0.0,
0.0,
0.0,
0.0,
0.0,
0.0,
0.0,
0.0,
0.0,
0.0,
0.0,
0.0,
0.0,
0.0,
0.0,
0.0,
0.0,
0.0,
0.0,
0.0,
0.0,
0.0,
0.0,
0.0,
0.0,
0.0,
0.0,
0.0,
0.0,
0.0,
0.0,
0.0,
0.0,
0.0,
0.0,
0.0,
0.0,
0.0,
0.0,
0.0,
0.0,
0.0,
0.0,
0.0,
0.0,
0.0,
0.0,
0.0,
0.0,
0.0,
0.0,
0.0,
0.0,
0.0,
0.0,
0.0,
0.0,
0.0,
0.0,
0.0,
0.0,
0.0,
0.0,
0.0,
0.0,
0.0,
0.0,
0.0,
0.0,
0.0,
0.0,
0.0,
0.0,
0.0,
0.0,
0.0,
0.0,
0.0,
0.0,
0.0,
0.0,
0.0,
0.0,
0.0,
0.0,
0.0,
0.0,
0.0,
0.0,
0.0,
0.0,
0.0,
0.0,
0.0,
0.0,
