0.0,
0.0,
0.0,
0.0,
0.0,
0.0,
0.0,
0.0,
3.0,
0.0,
3.0,
12.0,
0.0,
0.0,
17.0,
0.0,
0.0,
10.0,
3.0,
0.0,
19.0,
0.0,
0.0,
8.0,
0.0,
0.0,
0.0,
0.0,
0.0,
0.0,
0.0,
0.0,
0.0,
0.0,
0.0,
0.0,
0.0,
9.0,
0.0,
0.0,
14.0,
3.0,
0.0,
8.0,
9.0,
0.0,
18.0,
1.0,
0.0,
10.0,
11.0,
0.0,
0.0,
0.0,
0.0,
0.0,
0.0,
0.0,
0.0,
0.0,
0.0,
0.0,
0.0,
0.0,
0.0,
0.0,
3.0,
2.0,
0.0,
0.0,
0.0,
5.0,
9.0,
0.0,
0.0,
0.0,
4.0,
0.0,
0.0,
0.0,
0.0,
0.0,
0.0,
0.0,
0.0,
0.0,
0.0,
0.0,
0.0,
0.0,
0.0,
0.0,
10.0,
0.0,
0.0,
3.0,
5.0,
12.0,
3.0,
0.0,
0.0,
13.0,
9.0,
8.0,
0.0,
0.0,
0.0,
5.0,
0.0,
0.0,
0.0,
0.0,
0.0,
0.0,
0.0,
0.0,
0.0,
0.0,
0.0,
0.0,
8.0,
0.0,
0.0,
1.0,
13.0,
0.0,
26.0,
176.0,
255.0,
238.0,
255.0,
147.0,
13.0,
0.0,
1.0,
5.0,
0.0,
0.0,
0.0,
0.0,
0.0,
0.0,
0.0,
0.0,
0.0,
0.0,
0.0,
0.0,
0.0,
1.0,
22.0,
26.0,
90.0,
177.0,
214.0,
255.0,
253.0,
255.0,
255.0,
245.0,
152.0,
14.0,
3.0,
0.0,
0.0,
0.0,
0.0,
0.0,
0.0,
0.0,
0.0,
0.0,
0.0,
0.0,
0.0,
0.0,
0.0,
0.0,
131.0,
241.0,
255.0,
255.0,
243.0,
252.0,
255.0,
249.0,
249.0,
255.0,
246.0,
47.0,
0.0,
9.0,
0.0,
0.0,
0.0,
0.0,
0.0,
0.0,
0.0,
0.0,
0.0,
0.0,
0.0,
0.0,
0.0,
96.0,
230.0,
255.0,
251.0,
242.0,
167.0,
129.0,
47.0,
36.0,
255.0,
253.0,
249.0,
145.0,
0.0,
8.0,
0.0,
0.0,
0.0,
0.0,
0.0,
0.0,
0.0,
0.0,
0.0,
0.0,
0.0,
0.0,
22.0,
245.0,
255.0,
250.0,
252.0,
78.0,
0.0,
0.0,
3.0,
1.0,
157.0,
245.0,
252.0,
248.0,
19.0,
3.0,
0.0,
0.0,
0.0,
0.0,
0.0,
0.0,
0.0,
0.0,
0.0,
0.0,
0.0,
0.0,
18.0,
180.0,
255.0,
229.0,
86.0,
7.0,
0.0,
0.0,
0.0,
7.0,
140.0,
254.0,
255.0,
255.0,
4.0,
10.0,
0.0,
0.0,
0.0,
0.0,
0.0,
0.0,
0.0,
0.0,
0.0,
0.0,
0.0,
0.0,
0.0,
14.0,
92.0,
65.0,
0.0,
0.0,
29.0,
63.0,
42.0,
157.0,
255.0,
250.0,
249.0,
235.0,
34.0,
0.0,
0.0,
0.0,
0.0,
0.0,
0.0,
0.0,
0.0,
0.0,
0.0,
0.0,
0.0,
0.0,
0.0,
3.0,
29.0,
0.0,
13.0,
139.0,
220.0,
255.0,
255.0,
241.0,
255.0,
255.0,
255.0,
77.0,
0.0,
9.0,
0.0,
0.0,
0.0,
0.0,
0.0,
0.0,
0.0,
0.0,
0.0,
0.0,
0.0,
0.0,
13.0,
0.0,
0.0,
17.0,
117.0,
248.0,
255.0,
235.0,
252.0,
255.0,
252.0,
238.0,
202.0,
0.0,
9.0,
0.0,
0.0,
0.0,
0.0,
0.0,
0.0,
0.0,
0.0,
0.0,
0.0,
0.0,
0.0,
0.0,
0.0,
0.0,
6.0,
60.0,
253.0,
244.0,
251.0,
255.0,
242.0,
255.0,
247.0,
255.0,
191.0,
0.0,
13.0,
1.0,
0.0,
0.0,
0.0,
0.0,
0.0,
0.0,
0.0,
0.0,
0.0,
0.0,
0.0,
0.0,
5.0,
9.0,
3.0,
0.0,
216.0,
245.0,
255.0,
244.0,
235.0,
247.0,
242.0,
243.0,
211.0,
36.0,
4.0,
0.0,
0.0,
0.0,
0.0,
0.0,
0.0,
0.0,
0.0,
0.0,
0.0,
0.0,
0.0,
0.0,
0.0,
0.0,
1.0,
13.0,
39.0,
109.0,
85.0,
66.0,
0.0,
111.0,
255.0,
255.0,
254.0,
51.0,
0.0,
8.0,
0.0,
0.0,
0.0,
0.0,
0.0,
6.0,
6.0,
5.0,
44.0,
63.0,
24.0,
2.0,
0.0,
14.0,
0.0,
0.0,
4.0,
0.0,
6.0,
4.0,
3.0,
118.0,
251.0,
237.0,
255.0,
61.0,
0.0,
2.0,
0.0,
0.0,
0.0,
0.0,
14.0,
0.0,
0.0,
104.0,
247.0,
255.0,
203.0,
149.0,
52.0,
0.0,
0.0,
16.0,
0.0,
0.0,
0.0,
0.0,
5.0,
195.0,
255.0,
255.0,
207.0,
16.0,
22.0,
1.0,
0.0,
0.0,
0.0,
0.0,
0.0,
8.0,
12.0,
138.0,
255.0,
254.0,
255.0,
255.0,
219.0,
105.0,
0.0,
11.0,
3.0,
0.0,
18.0,
1.0,
41.0,
241.0,
252.0,
254.0,
190.0,
7.0,
0.0,
0.0,
0.0,
0.0,
0.0,
0.0,
16.0,
0.0,
0.0,
128.0,
255.0,
243.0,
239.0,
255.0,
255.0,
250.0,
177.0,
47.0,
2.0,
3.0,
7.0,
52.0,
240.0,
255.0,
255.0,
218.0,
40.0,
0.0,
14.0,
11.0,
0.0,
0.0,
0.0,
0.0,
0.0,
4.0,
13.0,
79.0,
209.0,
255.0,
255.0,
240.0,
234.0,
255.0,
244.0,
243.0,
214.0,
82.0,
154.0,
253.0,
255.0,
253.0,
255.0,
184.0,
0.0,
4.0,
5.0,
0.0,
0.0,
0.0,
0.0,
0.0,
0.0,
7.0,
0.0,
0.0,
84.0,
223.0,
255.0,
249.0,
255.0,
242.0,
255.0,
247.0,
255.0,
236.0,
251.0,
255.0,
254.0,
238.0,
107.0,
43.0,
0.0,
7.0,
0.0,
13.0,
0.0,
0.0,
0.0,
0.0,
6.0,
0.0,
0.0,
6.0,
3.0,
39.0,
157.0,
255.0,
245.0,
255.0,
233.0,
249.0,
255.0,
252.0,
255.0,
239.0,
220.0,
121.0,
2.0,
6.0,
0.0,
0.0,
11.0,
0.0,
0.0,
0.0,
0.0,
0.0,
0.0,
7.0,
0.0,
7.0,
0.0,
0.0,
28.0,
8.0,
148.0,
255.0,
247.0,
248.0,
253.0,
255.0,
160.0,
116.0,
12.0,
0.0,
0.0,
1.0,
3.0,
0.0,
0.0,
0.0,
0.0,
0.0,
0.0,
0.0,
0.0,
0.0,
0.0,
0.0,
0.0,
0.0,
0.0,
0.0,
0.0,
0.0,
0.0,
0.0,
0.0,
0.0,
0.0,
0.0,
0.0,
0.0,
0.0,
0.0,
0.0,
0.0,
0.0,
0.0,
0.0,
0.0,
0.0,
0.0,
0.0,
0.0,
0.0,
0.0,
0.0,
0.0,
0.0,
0.0,
0.0,
0.0,
0.0,
0.0,
0.0,
0.0,
0.0,
0.0,
0.0,
0.0,
0.0,
0.0,
0.0,
0.0,
0.0,
0.0,
0.0,
0.0,
0.0,
0.0,
0.0,
0.0,
0.0,
0.0,
0.0,
0.0,
0.0,
0.0,
0.0,
0.0,
0.0,
0.0,
0.0,
0.0,
0.0,
0.0,
0.0,
0.0,
0.0,
0.0,
0.0,
0.0,
0.0,
0.0,
0.0,
0.0,
0.0,
0.0,
0.0,
0.0,
0.0,
0.0,
0.0,
0.0,
0.0,
0.0,
0.0,
0.0,
0.0,
0.0,
0.0,
0.0,
0.0,
0.0,
0.0,
0.0,
0.0,
0.0,
0.0,
0.0,
0.0,
0.0,
0.0,
0.0,
0.0,
0.0,
