0.0,
2.0,
0.0,
2.0,
9.0,
3.0,
0.0,
6.0,
5.0,
5.0,
0.0,
0.0,
0.0,
0.0,
0.0,
1.0,
3.0,
0.0,
4.0,
2.0,
0.0,
0.0,
1.0,
4.0,
0.0,
0.0,
0.0,
0.0,
0.0,
4.0,
0.0,
0.0,
3.0,
3.0,
0.0,
0.0,
0.0,
0.0,
0.0,
6.0,
6.0,
10.0,
3.0,
0.0,
0.0,
0.0,
0.0,
1.0,
4.0,
9.0,
3.0,
0.0,
0.0,
0.0,
0.0,
0.0,
5.0,
6.0,
0.0,
0.0,
0.0,
8.0,
8.0,
12.0,
17.0,
8.0,
8.0,
0.0,
0.0,
0.0,
0.0,
6.0,
0.0,
5.0,
0.0,
0.0,
1.0,
1.0,
6.0,
0.0,
0.0,
0.0,
0.0,
0.0,
0.0,
0.0,
4.0,
8.0,
7.0,
0.0,
0.0,
0.0,
0.0,
0.0,
23.0,
2.0,
0.0,
5.0,
5.0,
0.0,
0.0,
0.0,
6.0,
0.0,
0.0,
0.0,
4.0,
2.0,
0.0,
0.0,
0.0,
0.0,
2.0,
0.0,
0.0,
5.0,
0.0,
0.0,
10.0,
60.0,
182.0,
158.0,
240.0,
229.0,
175.0,
173.0,
171.0,
88.0,
20.0,
0.0,
4.0,
2.0,
8.0,
0.0,
0.0,
0.0,
0.0,
0.0,
0.0,
0.0,
11.0,
1.0,
0.0,
0.0,
0.0,
0.0,
35.0,
100.0,
246.0,
255.0,
255.0,
242.0,
255.0,
252.0,
255.0,
246.0,
131.0,
0.0,
3.0,
0.0,
5.0,
3.0,
0.0,
0.0,
0.0,
0.0,
0.0,
0.0,
0.0,
0.0,
4.0,
9.0,
6.0,
0.0,
0.0,
8.0,
129.0,
148.0,
96.0,
52.0,
105.0,
90.0,
170.0,
248.0,
225.0,
9.0,
6.0,
0.0,
0.0,
4.0,
0.0,
5.0,
0.0,
0.0,
0.0,
0.0,
0.0,
5.0,
0.0,
0.0,
1.0,
5.0,
1.0,
1.0,
14.0,
0.0,
0.0,
7.0,
0.0,
0.0,
181.0,
255.0,
228.0,
0.0,
7.0,
0.0,
1.0,
5.0,
0.0,
5.0,
0.0,
0.0,
0.0,
0.0,
0.0,
0.0,
0.0,
0.0,
0.0,
0.0,
0.0,
0.0,
0.0,
4.0,
0.0,
8.0,
0.0,
54.0,
236.0,
247.0,
166.0,
0.0,
1.0,
9.0,
0.0,
0.0,
0.0,
5.0,
0.0,
0.0,
0.0,
0.0,
0.0,
0.0,
0.0,
0.0,
0.0,
0.0,
0.0,
0.0,
4.0,
0.0,
20.0,
0.0,
6.0,
131.0,
255.0,
251.0,
56.0,
17.0,
8.0,
0.0,
0.0,
17.0,
3.0,
0.0,
0.0,
0.0,
0.0,
0.0,
0.0,
0.0,
0.0,
0.0,
0.0,
0.0,
0.0,
0.0,
0.0,
0.0,
0.0,
13.0,
151.0,
255.0,
240.0,
144.0,
0.0,
0.0,
0.0,
7.0,
12.0,
0.0,
0.0,
7.0,
0.0,
0.0,
0.0,
0.0,
0.0,
0.0,
0.0,
0.0,
0.0,
0.0,
0.0,
0.0,
9.0,
0.0,
11.0,
122.0,
233.0,
255.0,
255.0,
131.0,
55.0,
8.0,
0.0,
0.0,
0.0,
0.0,
9.0,
0.0,
0.0,
0.0,
0.0,
0.0,
0.0,
0.0,
0.0,
0.0,
0.0,
0.0,
0.0,
0.0,
0.0,
1.0,
0.0,
96.0,
243.0,
246.0,
249.0,
246.0,
246.0,
90.0,
21.0,
0.0,
11.0,
0.0,
0.0,
14.0,
0.0,
0.0,
0.0,
0.0,
0.0,
0.0,
0.0,
0.0,
0.0,
0.0,
0.0,
0.0,
13.0,
0.0,
10.0,
0.0,
24.0,
76.0,
164.0,
251.0,
255.0,
248.0,
168.0,
4.0,
0.0,
19.0,
2.0,
0.0,
0.0,
0.0,
0.0,
0.0,
0.0,
0.0,
0.0,
0.0,
0.0,
0.0,
0.0,
0.0,
3.0,
2.0,
10.0,
0.0,
6.0,
7.0,
0.0,
16.0,
162.0,
255.0,
248.0,
123.0,
5.0,
0.0,
0.0,
6.0,
0.0,
0.0,
0.0,
0.0,
0.0,
0.0,
0.0,
0.0,
0.0,
0.0,
0.0,
0.0,
0.0,
4.0,
1.0,
0.0,
9.0,
0.0,
12.0,
0.0,
68.0,
222.0,
251.0,
196.0,
0.0,
0.0,
14.0,
0.0,
0.0,
0.0,
0.0,
0.0,
0.0,
0.0,
0.0,
0.0,
0.0,
0.0,
0.0,
0.0,
0.0,
1.0,
1.0,
3.0,
1.0,
0.0,
4.0,
0.0,
1.0,
126.0,
251.0,
244.0,
67.0,
1.0,
0.0,
3.0,
0.0,
0.0,
0.0,
0.0,
0.0,
0.0,
0.0,
0.0,
0.0,
0.0,
0.0,
0.0,
1.0,
24.0,
0.0,
1.0,
0.0,
0.0,
3.0,
0.0,
8.0,
106.0,
255.0,
245.0,
108.0,
0.0,
0.0,
0.0,
0.0,
0.0,
0.0,
0.0,
0.0,
0.0,
0.0,
0.0,
0.0,
0.0,
0.0,
0.0,
0.0,
0.0,
0.0,
11.0,
9.0,
12.0,
4.0,
0.0,
0.0,
113.0,
255.0,
255.0,
106.0,
5.0,
0.0,
0.0,
0.0,
0.0,
0.0,
0.0,
0.0,
0.0,
0.0,
0.0,
0.0,
0.0,
0.0,
0.0,
9.0,
8.0,
168.0,
93.0,
0.0,
0.0,
0.0,
16.0,
16.0,
90.0,
246.0,
242.0,
146.0,
0.0,
0.0,
3.0,
0.0,
0.0,
0.0,
0.0,
0.0,
0.0,
0.0,
0.0,
0.0,
0.0,
0.0,
0.0,
0.0,
93.0,
244.0,
119.0,
0.0,
6.0,
0.0,
9.0,
123.0,
227.0,
255.0,
230.0,
50.0,
11.0,
0.0,
3.0,
0.0,
0.0,
0.0,
0.0,
0.0,
0.0,
0.0,
0.0,
0.0,
0.0,
0.0,
0.0,
0.0,
223.0,
255.0,
134.0,
21.0,
83.0,
135.0,
223.0,
255.0,
255.0,
214.0,
80.0,
0.0,
0.0,
16.0,
0.0,
0.0,
0.0,
0.0,
0.0,
0.0,
0.0,
0.0,
0.0,
0.0,
0.0,
0.0,
0.0,
5.0,
210.0,
255.0,
254.0,
244.0,
255.0,
255.0,
247.0,
209.0,
89.0,
0.0,
0.0,
0.0,
7.0,
0.0,
5.0,
0.0,
0.0,
0.0,
0.0,
0.0,
0.0,
0.0,
0.0,
0.0,
0.0,
0.0,
0.0,
1.0,
72.0,
197.0,
241.0,
255.0,
199.0,
158.0,
81.0,
17.0,
0.0,
8.0,
0.0,
11.0,
0.0,
3.0,
0.0,
0.0,
0.0,
0.0,
0.0,
0.0,
0.0,
0.0,
0.0,
0.0,
0.0,
0.0,
0.0,
0.0,
0.0,
0.0,
0.0,
0.0,
0.0,
0.0,
0.0,
0.0,
0.0,
0.0,
0.0,
0.0,
0.0,
0.0,
0.0,
0.0,
0.0,
0.0,
0.0,
0.0,
0.0,
0.0,
0.0,
0.0,
0.0,
0.0,
0.0,
0.0,
0.0,
0.0,
0.0,
0.0,
0.0,
0.0,
0.0,
0.0,
0.0,
0.0,
0.0,
0.0,
0.0,
0.0,
0.0,
0.0,
0.0,
0.0,
0.0,
0.0,
0.0,
0.0,
0.0,
0.0,
0.0,
0.0,
0.0,
0.0,
0.0,
0.0,
0.0,
0.0,
0.0,
0.0,
0.0,
0.0,
0.0,
0.0,
0.0,
0.0,
0.0,
0.0,
0.0,
0.0,
0.0,
0.0,
0.0,
0.0,
0.0,
0.0,
0.0,
0.0,
0.0,
0.0,
0.0,
0.0,
0.0,
0.0,
0.0,
0.0,
0.0,
0.0,
0.0,
0.0,
0.0,
0.0,
0.0,
0.0,
0.0,
0.0,
0.0,
0.0,
0.0,
0.0,
0.0,
