0.0,
1.0,
5.0,
1.0,
0.0,
2.0,
3.0,
0.0,
3.0,
0.0,
0.0,
0.0,
0.0,
2.0,
3.0,
0.0,
7.0,
0.0,
0.0,
0.0,
16.0,
3.0,
0.0,
0.0,
0.0,
0.0,
0.0,
0.0,
10.0,
0.0,
0.0,
0.0,
0.0,
0.0,
0.0,
0.0,
0.0,
7.0,
2.0,
0.0,
2.0,
0.0,
0.0,
9.0,
0.0,
0.0,
9.0,
16.0,
2.0,
0.0,
0.0,
11.0,
0.0,
0.0,
0.0,
0.0,
4.0,
0.0,
0.0,
6.0,
12.0,
6.0,
2.0,
5.0,
0.0,
10.0,
3.0,
0.0,
11.0,
1.0,
0.0,
0.0,
5.0,
0.0,
0.0,
2.0,
0.0,
9.0,
11.0,
0.0,
0.0,
0.0,
0.0,
0.0,
0.0,
0.0,
1.0,
2.0,
0.0,
0.0,
0.0,
0.0,
1.0,
0.0,
0.0,
0.0,
0.0,
3.0,
6.0,
8.0,
0.0,
2.0,
8.0,
0.0,
0.0,
0.0,
9.0,
0.0,
0.0,
0.0,
0.0,
0.0,
0.0,
1.0,
0.0,
0.0,
0.0,
1.0,
3.0,
0.0,
4.0,
0.0,
13.0,
24.0,
0.0,
0.0,
9.0,
0.0,
4.0,
6.0,
9.0,
0.0,
21.0,
0.0,
0.0,
0.0,
0.0,
0.0,
0.0,
0.0,
0.0,
0.0,
1.0,
3.0,
4.0,
4.0,
0.0,
0.0,
0.0,
38.0,
161.0,
252.0,
254.0,
253.0,
255.0,
246.0,
255.0,
228.0,
133.0,
6.0,
0.0,
0.0,
11.0,
1.0,
0.0,
0.0,
0.0,
0.0,
5.0,
1.0,
4.0,
6.0,
0.0,
0.0,
16.0,
61.0,
211.0,
228.0,
253.0,
255.0,
255.0,
248.0,
253.0,
255.0,
246.0,
255.0,
244.0,
139.0,
3.0,
0.0,
8.0,
0.0,
0.0,
0.0,
0.0,
0.0,
1.0,
0.0,
0.0,
5.0,
0.0,
15.0,
128.0,
254.0,
244.0,
255.0,
255.0,
251.0,
255.0,
196.0,
126.0,
122.0,
255.0,
250.0,
255.0,
255.0,
58.0,
9.0,
0.0,
4.0,
0.0,
0.0,
0.0,
0.0,
0.0,
21.0,
0.0,
0.0,
0.0,
15.0,
172.0,
255.0,
255.0,
128.0,
65.0,
4.0,
0.0,
6.0,
9.0,
0.0,
0.0,
68.0,
255.0,
241.0,
212.0,
0.0,
6.0,
0.0,
0.0,
0.0,
0.0,
0.0,
0.0,
6.0,
0.0,
16.0,
14.0,
0.0,
12.0,
5.0,
0.0,
3.0,
2.0,
0.0,
6.0,
0.0,
0.0,
17.0,
67.0,
196.0,
245.0,
255.0,
128.0,
2.0,
0.0,
15.0,
0.0,
0.0,
0.0,
0.0,
4.0,
5.0,
0.0,
2.0,
3.0,
0.0,
0.0,
0.0,
3.0,
5.0,
0.0,
27.0,
5.0,
0.0,
2.0,
118.0,
255.0,
239.0,
255.0,
180.0,
0.0,
17.0,
1.0,
0.0,
0.0,
0.0,
0.0,
0.0,
0.0,
1.0,
8.0,
0.0,
0.0,
3.0,
10.0,
22.0,
13.0,
0.0,
0.0,
0.0,
3.0,
129.0,
181.0,
255.0,
249.0,
255.0,
187.0,
63.0,
0.0,
0.0,
12.0,
0.0,
0.0,
0.0,
0.0,
0.0,
0.0,
0.0,
6.0,
0.0,
0.0,
7.0,
0.0,
0.0,
0.0,
4.0,
71.0,
136.0,
244.0,
255.0,
255.0,
249.0,
255.0,
187.0,
0.0,
10.0,
7.0,
0.0,
3.0,
0.0,
0.0,
0.0,
0.0,
0.0,
7.0,
0.0,
0.0,
0.0,
0.0,
6.0,
3.0,
4.0,
8.0,
242.0,
255.0,
255.0,
255.0,
249.0,
255.0,
255.0,
246.0,
255.0,
131.0,
57.0,
0.0,
0.0,
0.0,
7.0,
0.0,
0.0,
0.0,
0.0,
0.0,
4.0,
5.0,
7.0,
0.0,
0.0,
0.0,
0.0,
58.0,
255.0,
250.0,
255.0,
254.0,
255.0,
240.0,
255.0,
255.0,
255.0,
232.0,
255.0,
181.0,
3.0,
24.0,
0.0,
0.0,
0.0,
0.0,
0.0,
0.0,
1.0,
0.0,
3.0,
5.0,
0.0,
3.0,
0.0,
0.0,
140.0,
249.0,
127.0,
131.0,
124.0,
135.0,
134.0,
121.0,
255.0,
255.0,
254.0,
255.0,
126.0,
0.0,
6.0,
0.0,
0.0,
0.0,
0.0,
4.0,
0.0,
0.0,
0.0,
0.0,
6.0,
5.0,
0.0,
1.0,
0.0,
9.0,
0.0,
0.0,
4.0,
0.0,
3.0,
0.0,
3.0,
60.0,
189.0,
255.0,
240.0,
3.0,
0.0,
0.0,
0.0,
0.0,
0.0,
0.0,
3.0,
7.0,
3.0,
0.0,
0.0,
0.0,
0.0,
0.0,
4.0,
0.0,
0.0,
1.0,
2.0,
4.0,
0.0,
2.0,
2.0,
0.0,
255.0,
255.0,
199.0,
5.0,
3.0,
0.0,
0.0,
0.0,
0.0,
0.0,
2.0,
2.0,
0.0,
0.0,
3.0,
5.0,
3.0,
3.0,
13.0,
3.0,
7.0,
0.0,
0.0,
19.0,
3.0,
10.0,
0.0,
198.0,
255.0,
251.0,
122.0,
0.0,
0.0,
0.0,
0.0,
0.0,
0.0,
5.0,
0.0,
0.0,
0.0,
1.0,
5.0,
0.0,
0.0,
3.0,
0.0,
0.0,
6.0,
6.0,
1.0,
5.0,
0.0,
0.0,
67.0,
255.0,
243.0,
255.0,
3.0,
19.0,
0.0,
0.0,
0.0,
0.0,
0.0,
1.0,
0.0,
0.0,
5.0,
1.0,
0.0,
0.0,
5.0,
0.0,
0.0,
10.0,
0.0,
0.0,
16.0,
0.0,
2.0,
176.0,
255.0,
240.0,
255.0,
201.0,
0.0,
0.0,
7.0,
0.0,
0.0,
0.0,
0.0,
0.0,
0.0,
6.0,
9.0,
0.0,
2.0,
63.0,
134.0,
0.0,
0.0,
0.0,
0.0,
30.0,
0.0,
6.0,
255.0,
255.0,
235.0,
255.0,
184.0,
0.0,
17.0,
13.0,
2.0,
0.0,
0.0,
0.0,
0.0,
2.0,
0.0,
2.0,
5.0,
0.0,
15.0,
128.0,
252.0,
255.0,
132.0,
134.0,
126.0,
107.0,
202.0,
255.0,
242.0,
242.0,
253.0,
199.0,
13.0,
0.0,
0.0,
2.0,
4.0,
0.0,
0.0,
0.0,
0.0,
8.0,
0.0,
0.0,
6.0,
0.0,
8.0,
122.0,
253.0,
252.0,
247.0,
255.0,
255.0,
255.0,
255.0,
250.0,
255.0,
202.0,
122.0,
2.0,
0.0,
4.0,
7.0,
0.0,
0.0,
0.0,
0.0,
0.0,
0.0,
8.0,
0.0,
0.0,
5.0,
0.0,
0.0,
17.0,
51.0,
197.0,
236.0,
255.0,
255.0,
238.0,
193.0,
126.0,
67.0,
0.0,
0.0,
0.0,
0.0,
0.0,
0.0,
0.0,
0.0,
0.0,
0.0,
0.0,
0.0,
0.0,
0.0,
0.0,
4.0,
2.0,
0.0,
0.0,
15.0,
0.0,
5.0,
6.0,
0.0,
0.0,
5.0,
3.0,
0.0,
0.0,
0.0,
0.0,
0.0,
0.0,
0.0,
0.0,
0.0,
0.0,
0.0,
0.0,
0.0,
0.0,
0.0,
0.0,
3.0,
5.0,
1.0,
0.0,
0.0,
0.0,
3.0,
4.0,
1.0,
1.0,
4.0,
3.0,
0.0,
0.0,
0.0,
0.0,
0.0,
0.0,
0.0,
0.0,
0.0,
0.0,
0.0,
0.0,
0.0,
3.0,
2.0,
0.0,
0.0,
1.0,
6.0,
4.0,
0.0,
4.0,
0.0,
0.0,
0.0,
0.0,
0.0,
0.0,
0.0,
0.0,
0.0,
0.0,
0.0,
0.0,
0.0,
0.0,
0.0,
0.0,
0.0,
0.0,
0.0,
