0.0,
0.0,
4.0,
4.0,
0.0,
0.0,
2.0,
0.0,
0.0,
1.0,
1.0,
0.0,
0.0,
3.0,
5.0,
0.0,
0.0,
13.0,
0.0,
0.0,
0.0,
7.0,
0.0,
6.0,
0.0,
0.0,
0.0,
0.0,
2.0,
0.0,
0.0,
0.0,
0.0,
3.0,
3.0,
0.0,
5.0,
2.0,
2.0,
5.0,
5.0,
0.0,
0.0,
0.0,
6.0,
0.0,
2.0,
11.0,
9.0,
0.0,
0.0,
2.0,
0.0,
0.0,
0.0,
0.0,
0.0,
0.0,
2.0,
0.0,
0.0,
6.0,
17.0,
12.0,
5.0,
0.0,
0.0,
4.0,
6.0,
0.0,
0.0,
7.0,
1.0,
0.0,
5.0,
1.0,
0.0,
0.0,
10.0,
0.0,
0.0,
0.0,
0.0,
0.0,
0.0,
0.0,
6.0,
12.0,
3.0,
0.0,
0.0,
0.0,
0.0,
0.0,
2.0,
3.0,
0.0,
0.0,
0.0,
1.0,
3.0,
3.0,
3.0,
4.0,
0.0,
12.0,
0.0,
0.0,
0.0,
0.0,
0.0,
0.0,
14.0,
0.0,
0.0,
0.0,
1.0,
2.0,
7.0,
5.0,
5.0,
5.0,
0.0,
0.0,
3.0,
17.0,
13.0,
0.0,
3.0,
0.0,
2.0,
0.0,
12.0,
7.0,
0.0,
10.0,
0.0,
0.0,
0.0,
0.0,
0.0,
0.0,
9.0,
8.0,
0.0,
0.0,
1.0,
0.0,
44.0,
146.0,
245.0,
255.0,
245.0,
235.0,
246.0,
255.0,
104.0,
105.0,
107.0,
0.0,
0.0,
0.0,
9.0,
1.0,
0.0,
0.0,
0.0,
0.0,
3.0,
9.0,
0.0,
0.0,
13.0,
110.0,
196.0,
221.0,
233.0,
250.0,
255.0,
254.0,
250.0,
255.0,
255.0,
251.0,
253.0,
254.0,
250.0,
98.0,
0.0,
0.0,
8.0,
0.0,
0.0,
0.0,
0.0,
0.0,
0.0,
4.0,
0.0,
1.0,
86.0,
221.0,
255.0,
242.0,
249.0,
253.0,
250.0,
234.0,
217.0,
216.0,
233.0,
252.0,
255.0,
240.0,
255.0,
216.0,
15.0,
6.0,
0.0,
11.0,
0.0,
0.0,
0.0,
0.0,
3.0,
0.0,
0.0,
0.0,
63.0,
201.0,
255.0,
245.0,
255.0,
246.0,
236.0,
49.0,
0.0,
2.0,
76.0,
114.0,
171.0,
252.0,
243.0,
254.0,
139.0,
9.0,
0.0,
3.0,
0.0,
0.0,
0.0,
0.0,
0.0,
0.0,
10.0,
0.0,
0.0,
66.0,
132.0,
136.0,
146.0,
0.0,
5.0,
1.0,
15.0,
0.0,
0.0,
0.0,
55.0,
229.0,
255.0,
255.0,
147.0,
0.0,
8.0,
2.0,
0.0,
0.0,
0.0,
0.0,
0.0,
0.0,
7.0,
6.0,
0.0,
0.0,
12.0,
14.0,
16.0,
0.0,
20.0,
0.0,
0.0,
8.0,
14.0,
0.0,
141.0,
255.0,
234.0,
235.0,
23.0,
0.0,
0.0,
4.0,
0.0,
0.0,
0.0,
0.0,
9.0,
0.0,
0.0,
10.0,
7.0,
0.0,
0.0,
0.0,
0.0,
2.0,
0.0,
0.0,
11.0,
11.0,
0.0,
9.0,
253.0,
247.0,
255.0,
158.0,
5.0,
0.0,
7.0,
0.0,
0.0,
0.0,
0.0,
0.0,
3.0,
0.0,
0.0,
0.0,
0.0,
0.0,
7.0,
13.0,
0.0,
11.0,
3.0,
0.0,
3.0,
0.0,
0.0,
84.0,
255.0,
243.0,
247.0,
106.0,
3.0,
6.0,
4.0,
0.0,
0.0,
0.0,
0.0,
0.0,
0.0,
0.0,
2.0,
0.0,
0.0,
0.0,
0.0,
0.0,
4.0,
0.0,
0.0,
12.0,
0.0,
5.0,
108.0,
249.0,
255.0,
255.0,
155.0,
3.0,
0.0,
0.0,
1.0,
4.0,
0.0,
0.0,
0.0,
0.0,
0.0,
3.0,
1.0,
0.0,
6.0,
5.0,
0.0,
0.0,
0.0,
21.0,
3.0,
0.0,
73.0,
187.0,
251.0,
246.0,
241.0,
189.0,
17.0,
1.0,
0.0,
24.0,
0.0,
7.0,
0.0,
0.0,
0.0,
0.0,
0.0,
6.0,
0.0,
0.0,
0.0,
1.0,
19.0,
45.0,
44.0,
150.0,
179.0,
182.0,
255.0,
255.0,
241.0,
255.0,
255.0,
68.0,
5.0,
0.0,
15.0,
0.0,
0.0,
4.0,
0.0,
0.0,
0.0,
0.0,
0.0,
0.0,
0.0,
0.0,
0.0,
42.0,
234.0,
248.0,
255.0,
242.0,
255.0,
252.0,
245.0,
255.0,
254.0,
245.0,
254.0,
159.0,
153.0,
138.0,
136.0,
19.0,
8.0,
0.0,
0.0,
0.0,
0.0,
0.0,
7.0,
0.0,
0.0,
0.0,
5.0,
61.0,
238.0,
255.0,
242.0,
253.0,
255.0,
255.0,
245.0,
255.0,
254.0,
255.0,
255.0,
233.0,
253.0,
255.0,
255.0,
221.0,
19.0,
8.0,
0.0,
0.0,
0.0,
0.0,
2.0,
0.0,
5.0,
0.0,
3.0,
34.0,
135.0,
154.0,
203.0,
208.0,
173.0,
186.0,
184.0,
177.0,
176.0,
218.0,
250.0,
255.0,
254.0,
244.0,
253.0,
251.0,
107.0,
0.0,
0.0,
0.0,
0.0,
0.0,
0.0,
0.0,
15.0,
0.0,
0.0,
0.0,
12.0,
13.0,
0.0,
42.0,
4.0,
0.0,
0.0,
10.0,
14.0,
40.0,
72.0,
140.0,
243.0,
248.0,
255.0,
250.0,
107.0,
19.0,
0.0,
0.0,
0.0,
0.0,
1.0,
0.0,
12.0,
0.0,
1.0,
0.0,
0.0,
0.0,
0.0,
17.0,
0.0,
9.0,
13.0,
0.0,
0.0,
5.0,
135.0,
238.0,
251.0,
255.0,
248.0,
197.0,
38.0,
0.0,
0.0,
0.0,
0.0,
0.0,
4.0,
0.0,
3.0,
0.0,
1.0,
5.0,
4.0,
7.0,
10.0,
0.0,
0.0,
0.0,
0.0,
35.0,
134.0,
255.0,
255.0,
255.0,
232.0,
255.0,
214.0,
36.0,
0.0,
0.0,
0.0,
0.0,
0.0,
0.0,
0.0,
0.0,
0.0,
4.0,
0.0,
0.0,
1.0,
0.0,
7.0,
0.0,
69.0,
69.0,
133.0,
227.0,
255.0,
245.0,
244.0,
244.0,
255.0,
92.0,
5.0,
0.0,
11.0,
0.0,
0.0,
0.0,
0.0,
0.0,
2.0,
0.0,
0.0,
10.0,
0.0,
0.0,
11.0,
0.0,
0.0,
0.0,
185.0,
247.0,
255.0,
248.0,
248.0,
255.0,
245.0,
175.0,
54.0,
5.0,
0.0,
13.0,
0.0,
1.0,
0.0,
0.0,
0.0,
0.0,
0.0,
0.0,
0.0,
0.0,
0.0,
0.0,
0.0,
0.0,
0.0,
23.0,
92.0,
238.0,
255.0,
240.0,
142.0,
109.0,
48.0,
14.0,
0.0,
0.0,
4.0,
0.0,
0.0,
8.0,
0.0,
0.0,
0.0,
0.0,
0.0,
0.0,
0.0,
0.0,
0.0,
0.0,
0.0,
0.0,
0.0,
0.0,
0.0,
18.0,
7.0,
10.0,
0.0,
2.0,
13.0,
0.0,
0.0,
1.0,
4.0,
0.0,
0.0,
0.0,
0.0,
0.0,
0.0,
0.0,
0.0,
0.0,
0.0,
0.0,
0.0,
0.0,
0.0,
0.0,
0.0,
7.0,
6.0,
0.0,
0.0,
0.0,
0.0,
4.0,
0.0,
0.0,
1.0,
6.0,
4.0,
0.0,
0.0,
1.0,
0.0,
0.0,
0.0,
0.0,
0.0,
0.0,
0.0,
0.0,
0.0,
0.0,
0.0,
0.0,
0.0,
0.0,
6.0,
0.0,
7.0,
3.0,
6.0,
0.0,
0.0,
5.0,
7.0,
2.0,
0.0,
1.0,
3.0,
4.0,
0.0,
0.0,
0.0,
0.0,
