0.0,
3.0,
6.0,
1.0,
0.0,
2.0,
2.0,
0.0,
9.0,
0.0,
0.0,
9.0,
0.0,
0.0,
0.0,
0.0,
6.0,
0.0,
0.0,
0.0,
2.0,
4.0,
0.0,
3.0,
0.0,
0.0,
0.0,
0.0,
0.0,
4.0,
3.0,
0.0,
0.0,
0.0,
0.0,
0.0,
0.0,
7.0,
6.0,
0.0,
0.0,
2.0,
12.0,
20.0,
1.0,
0.0,
5.0,
3.0,
12.0,
0.0,
1.0,
13.0,
0.0,
0.0,
0.0,
0.0,
2.0,
3.0,
0.0,
0.0,
0.0,
1.0,
1.0,
0.0,
0.0,
7.0,
0.0,
0.0,
8.0,
3.0,
0.0,
0.0,
0.0,
0.0,
0.0,
0.0,
2.0,
0.0,
0.0,
0.0,
0.0,
0.0,
0.0,
0.0,
1.0,
0.0,
0.0,
0.0,
2.0,
5.0,
4.0,
2.0,
10.0,
0.0,
0.0,
5.0,
10.0,
0.0,
0.0,
13.0,
2.0,
14.0,
3.0,
2.0,
0.0,
1.0,
3.0,
0.0,
0.0,
0.0,
0.0,
0.0,
0.0,
0.0,
0.0,
2.0,
4.0,
2.0,
0.0,
0.0,
0.0,
0.0,
15.0,
1.0,
0.0,
0.0,
11.0,
0.0,
0.0,
10.0,
0.0,
7.0,
6.0,
12.0,
0.0,
2.0,
0.0,
0.0,
0.0,
0.0,
0.0,
0.0,
1.0,
3.0,
0.0,
0.0,
0.0,
0.0,
10.0,
9.0,
100.0,
233.0,
255.0,
255.0,
244.0,
255.0,
255.0,
200.0,
31.0,
0.0,
0.0,
0.0,
0.0,
14.0,
0.0,
0.0,
0.0,
0.0,
0.0,
0.0,
2.0,
3.0,
0.0,
0.0,
1.0,
11.0,
58.0,
197.0,
255.0,
195.0,
106.0,
49.0,
32.0,
49.0,
236.0,
252.0,
112.0,
7.0,
20.0,
12.0,
1.0,
0.0,
0.0,
0.0,
0.0,
0.0,
0.0,
0.0,
2.0,
3.0,
0.0,
0.0,
12.0,
29.0,
247.0,
223.0,
93.0,
0.0,
9.0,
1.0,
0.0,
13.0,
111.0,
255.0,
193.0,
8.0,
0.0,
0.0,
14.0,
0.0,
0.0,
0.0,
0.0,
0.0,
3.0,
0.0,
0.0,
0.0,
9.0,
4.0,
7.0,
210.0,
215.0,
58.0,
2.0,
3.0,
0.0,
0.0,
1.0,
0.0,
88.0,
255.0,
124.0,
0.0,
0.0,
0.0,
3.0,
7.0,
0.0,
0.0,
0.0,
0.0,
0.0,
7.0,
14.0,
0.0,
0.0,
0.0,
25.0,
205.0,
232.0,
0.0,
3.0,
0.0,
12.0,
6.0,
5.0,
0.0,
104.0,
246.0,
77.0,
0.0,
26.0,
0.0,
15.0,
0.0,
0.0,
0.0,
0.0,
0.0,
0.0,
3.0,
0.0,
0.0,
9.0,
9.0,
0.0,
29.0,
40.0,
8.0,
0.0,
12.0,
0.0,
0.0,
0.0,
0.0,
173.0,
239.0,
38.0,
0.0,
0.0,
13.0,
10.0,
0.0,
0.0,
0.0,
0.0,
0.0,
0.0,
6.0,
0.0,
0.0,
4.0,
3.0,
0.0,
0.0,
0.0,
0.0,
19.0,
0.0,
8.0,
13.0,
59.0,
170.0,
255.0,
241.0,
188.0,
40.0,
0.0,
0.0,
5.0,
0.0,
0.0,
0.0,
0.0,
0.0,
0.0,
5.0,
1.0,
1.0,
0.0,
0.0,
14.0,
13.0,
0.0,
6.0,
1.0,
0.0,
31.0,
204.0,
251.0,
244.0,
178.0,
169.0,
255.0,
205.0,
41.0,
11.0,
0.0,
8.0,
0.0,
0.0,
0.0,
0.0,
8.0,
0.0,
0.0,
1.0,
11.0,
0.0,
0.0,
0.0,
9.0,
0.0,
0.0,
15.0,
213.0,
236.0,
255.0,
149.0,
16.0,
9.0,
175.0,
255.0,
180.0,
0.0,
13.0,
0.0,
0.0,
0.0,
0.0,
0.0,
3.0,
0.0,
9.0,
0.0,
1.0,
0.0,
10.0,
11.0,
0.0,
3.0,
4.0,
0.0,
89.0,
132.0,
47.0,
0.0,
0.0,
0.0,
44.0,
255.0,
231.0,
6.0,
0.0,
0.0,
0.0,
0.0,
0.0,
0.0,
0.0,
0.0,
15.0,
0.0,
0.0,
0.0,
0.0,
0.0,
4.0,
8.0,
0.0,
12.0,
0.0,
0.0,
8.0,
5.0,
2.0,
7.0,
6.0,
223.0,
238.0,
0.0,
0.0,
8.0,
0.0,
0.0,
0.0,
0.0,
0.0,
2.0,
0.0,
2.0,
9.0,
3.0,
0.0,
6.0,
0.0,
9.0,
0.0,
0.0,
13.0,
0.0,
0.0,
7.0,
5.0,
0.0,
56.0,
251.0,
184.0,
1.0,
0.0,
2.0,
0.0,
0.0,
0.0,
0.0,
0.0,
4.0,
0.0,
0.0,
3.0,
3.0,
0.0,
0.0,
0.0,
10.0,
5.0,
0.0,
0.0,
0.0,
1.0,
0.0,
0.0,
5.0,
167.0,
255.0,
112.0,
0.0,
0.0,
1.0,
0.0,
0.0,
0.0,
0.0,
5.0,
6.0,
0.0,
0.0,
0.0,
8.0,
8.0,
12.0,
0.0,
1.0,
0.0,
0.0,
5.0,
16.0,
0.0,
3.0,
4.0,
28.0,
225.0,
245.0,
0.0,
10.0,
13.0,
0.0,
0.0,
0.0,
0.0,
0.0,
0.0,
0.0,
4.0,
8.0,
7.0,
0.0,
0.0,
0.0,
70.0,
4.0,
6.0,
7.0,
0.0,
0.0,
0.0,
0.0,
2.0,
156.0,
249.0,
70.0,
1.0,
4.0,
0.0,
2.0,
0.0,
0.0,
0.0,
0.0,
2.0,
0.0,
0.0,
5.0,
0.0,
0.0,
10.0,
60.0,
244.0,
46.0,
0.0,
10.0,
0.0,
10.0,
16.0,
0.0,
85.0,
248.0,
195.0,
0.0,
7.0,
4.0,
0.0,
0.0,
0.0,
0.0,
0.0,
0.0,
11.0,
1.0,
0.0,
0.0,
0.0,
0.0,
35.0,
100.0,
255.0,
132.0,
14.0,
0.0,
7.0,
0.0,
0.0,
40.0,
224.0,
215.0,
40.0,
5.0,
0.0,
3.0,
0.0,
9.0,
0.0,
0.0,
0.0,
0.0,
0.0,
0.0,
4.0,
9.0,
6.0,
0.0,
0.0,
8.0,
245.0,
255.0,
166.0,
43.0,
34.0,
32.0,
101.0,
250.0,
244.0,
37.0,
0.0,
15.0,
0.0,
0.0,
40.0,
0.0,
0.0,
0.0,
0.0,
0.0,
0.0,
5.0,
0.0,
0.0,
1.0,
5.0,
1.0,
1.0,
86.0,
218.0,
255.0,
247.0,
238.0,
247.0,
255.0,
223.0,
70.0,
0.0,
5.0,
0.0,
11.0,
2.0,
0.0,
0.0,
0.0,
0.0,
0.0,
0.0,
0.0,
0.0,
0.0,
0.0,
0.0,
0.0,
0.0,
0.0,
0.0,
38.0,
113.0,
179.0,
197.0,
152.0,
72.0,
9.0,
0.0,
0.0,
0.0,
0.0,
0.0,
0.0,
0.0,
0.0,
0.0,
0.0,
0.0,
0.0,
0.0,
0.0,
0.0,
0.0,
0.0,
0.0,
0.0,
0.0,
2.0,
0.0,
0.0,
0.0,
4.0,
5.0,
0.0,
0.0,
0.0,
0.0,
0.0,
0.0,
0.0,
0.0,
0.0,
0.0,
0.0,
0.0,
0.0,
0.0,
0.0,
0.0,
0.0,
0.0,
0.0,
0.0,
0.0,
0.0,
9.0,
7.0,
3.0,
0.0,
0.0,
0.0,
2.0,
8.0,
0.0,
0.0,
0.0,
0.0,
0.0,
0.0,
0.0,
0.0,
0.0,
0.0,
0.0,
0.0,
0.0,
0.0,
0.0,
0.0,
0.0,
0.0,
0.0,
0.0,
0.0,
0.0,
1.0,
3.0,
1.0,
0.0,
0.0,
0.0,
0.0,
0.0,
0.0,
0.0,
0.0,
0.0,
0.0,
0.0,
0.0,
0.0,
0.0,
0.0,
