2.0,
0.0,
0.0,
0.0,
6.0,
0.0,
0.0,
6.0,
0.0,
0.0,
2.0,
1.0,
1.0,
3.0,
0.0,
0.0,
4.0,
0.0,
8.0,
0.0,
0.0,
4.0,
0.0,
4.0,
0.0,
0.0,
0.0,
0.0,
0.0,
6.0,
5.0,
0.0,
0.0,
0.0,
0.0,
0.0,
0.0,
7.0,
7.0,
0.0,
0.0,
8.0,
11.0,
2.0,
0.0,
2.0,
0.0,
2.0,
0.0,
0.0,
0.0,
3.0,
0.0,
0.0,
0.0,
0.0,
0.0,
0.0,
0.0,
0.0,
2.0,
13.0,
13.0,
0.0,
14.0,
0.0,
0.0,
3.0,
7.0,
0.0,
0.0,
2.0,
0.0,
22.0,
0.0,
0.0,
0.0,
2.0,
1.0,
0.0,
0.0,
0.0,
0.0,
0.0,
10.0,
0.0,
0.0,
1.0,
0.0,
0.0,
0.0,
0.0,
0.0,
3.0,
12.0,
3.0,
0.0,
0.0,
0.0,
0.0,
0.0,
1.0,
1.0,
2.0,
0.0,
3.0,
11.0,
0.0,
0.0,
0.0,
0.0,
0.0,
0.0,
0.0,
3.0,
0.0,
0.0,
0.0,
5.0,
8.0,
13.0,
0.0,
0.0,
0.0,
6.0,
5.0,
3.0,
5.0,
22.0,
0.0,
1.0,
3.0,
0.0,
0.0,
5.0,
0.0,
0.0,
0.0,
0.0,
0.0,
0.0,
8.0,
5.0,
0.0,
7.0,
12.0,
0.0,
0.0,
0.0,
56.0,
144.0,
214.0,
249.0,
255.0,
252.0,
249.0,
181.0,
81.0,
0.0,
0.0,
11.0,
0.0,
0.0,
0.0,
0.0,
0.0,
0.0,
0.0,
2.0,
10.0,
0.0,
0.0,
6.0,
0.0,
0.0,
30.0,
178.0,
244.0,
243.0,
147.0,
70.0,
69.0,
77.0,
60.0,
215.0,
187.0,
0.0,
0.0,
14.0,
5.0,
0.0,
0.0,
0.0,
0.0,
0.0,
0.0,
0.0,
0.0,
0.0,
3.0,
8.0,
0.0,
58.0,
218.0,
226.0,
115.0,
16.0,
0.0,
6.0,
0.0,
0.0,
6.0,
68.0,
207.0,
0.0,
0.0,
0.0,
0.0,
0.0,
7.0,
0.0,
0.0,
0.0,
0.0,
4.0,
1.0,
0.0,
0.0,
11.0,
0.0,
168.0,
189.0,
47.0,
0.0,
1.0,
4.0,
0.0,
2.0,
6.0,
19.0,
213.0,
146.0,
14.0,
0.0,
12.0,
0.0,
0.0,
0.0,
0.0,
0.0,
0.0,
0.0,
0.0,
8.0,
2.0,
5.0,
0.0,
9.0,
179.0,
60.0,
2.0,
0.0,
0.0,
3.0,
3.0,
0.0,
2.0,
148.0,
217.0,
36.0,
0.0,
14.0,
8.0,
0.0,
0.0,
11.0,
0.0,
0.0,
0.0,
0.0,
8.0,
0.0,
0.0,
16.0,
0.0,
7.0,
106.0,
0.0,
0.0,
1.0,
8.0,
0.0,
0.0,
17.0,
115.0,
231.0,
71.0,
0.0,
0.0,
0.0,
0.0,
7.0,
2.0,
2.0,
0.0,
0.0,
0.0,
0.0,
9.0,
0.0,
0.0,
1.0,
2.0,
5.0,
0.0,
6.0,
0.0,
0.0,
0.0,
0.0,
14.0,
117.0,
238.0,
70.0,
0.0,
12.0,
0.0,
0.0,
5.0,
0.0,
8.0,
0.0,
0.0,
0.0,
0.0,
0.0,
0.0,
6.0,
7.0,
0.0,
1.0,
12.0,
0.0,
13.0,
16.0,
0.0,
12.0,
30.0,
177.0,
230.0,
22.0,
3.0,
0.0,
0.0,
0.0,
19.0,
0.0,
0.0,
18.0,
0.0,
0.0,
0.0,
0.0,
0.0,
0.0,
9.0,
0.0,
2.0,
4.0,
0.0,
6.0,
0.0,
0.0,
18.0,
86.0,
240.0,
242.0,
255.0,
203.0,
242.0,
248.0,
171.0,
93.0,
22.0,
9.0,
12.0,
0.0,
5.0,
0.0,
0.0,
0.0,
0.0,
9.0,
0.0,
0.0,
14.0,
8.0,
0.0,
14.0,
0.0,
134.0,
241.0,
251.0,
193.0,
51.0,
84.0,
80.0,
75.0,
120.0,
148.0,
211.0,
241.0,
224.0,
122.0,
3.0,
2.0,
0.0,
0.0,
0.0,
0.0,
1.0,
0.0,
14.0,
0.0,
0.0,
0.0,
1.0,
2.0,
62.0,
129.0,
76.0,
0.0,
7.0,
13.0,
0.0,
4.0,
7.0,
0.0,
0.0,
68.0,
151.0,
228.0,
188.0,
4.0,
0.0,
0.0,
0.0,
0.0,
0.0,
0.0,
1.0,
1.0,
1.0,
0.0,
0.0,
0.0,
0.0,
11.0,
0.0,
0.0,
8.0,
0.0,
1.0,
1.0,
0.0,
21.0,
0.0,
0.0,
16.0,
50.0,
233.0,
87.0,
0.0,
0.0,
0.0,
0.0,
0.0,
0.0,
0.0,
0.0,
0.0,
0.0,
0.0,
1.0,
7.0,
0.0,
0.0,
0.0,
5.0,
0.0,
0.0,
6.0,
15.0,
0.0,
8.0,
1.0,
0.0,
0.0,
198.0,
115.0,
0.0,
0.0,
0.0,
0.0,
0.0,
0.0,
0.0,
0.0,
0.0,
0.0,
2.0,
3.0,
0.0,
0.0,
21.0,
0.0,
0.0,
8.0,
29.0,
0.0,
0.0,
13.0,
0.0,
0.0,
3.0,
53.0,
237.0,
86.0,
0.0,
0.0,
0.0,
0.0,
0.0,
0.0,
0.0,
0.0,
0.0,
0.0,
3.0,
5.0,
132.0,
0.0,
4.0,
0.0,
7.0,
6.0,
0.0,
2.0,
13.0,
0.0,
10.0,
3.0,
37.0,
201.0,
167.0,
19.0,
0.0,
0.0,
0.0,
0.0,
0.0,
0.0,
0.0,
0.0,
0.0,
0.0,
3.0,
5.0,
219.0,
119.0,
4.0,
0.0,
7.0,
0.0,
16.0,
5.0,
7.0,
14.0,
0.0,
31.0,
198.0,
249.0,
40.0,
3.0,
0.0,
0.0,
0.0,
0.0,
0.0,
0.0,
0.0,
0.0,
0.0,
0.0,
2.0,
3.0,
64.0,
255.0,
147.0,
15.0,
0.0,
0.0,
4.0,
0.0,
0.0,
6.0,
48.0,
204.0,
200.0,
24.0,
0.0,
0.0,
0.0,
0.0,
0.0,
0.0,
0.0,
0.0,
0.0,
0.0,
0.0,
0.0,
0.0,
1.0,
13.0,
66.0,
231.0,
188.0,
15.0,
26.0,
2.0,
4.0,
55.0,
189.0,
255.0,
173.0,
42.0,
0.0,
5.0,
6.0,
0.0,
0.0,
0.0,
0.0,
0.0,
0.0,
1.0,
1.0,
1.0,
0.0,
0.0,
0.0,
0.0,
12.0,
73.0,
248.0,
237.0,
137.0,
94.0,
180.0,
234.0,
240.0,
92.0,
12.0,
0.0,
10.0,
6.0,
0.0,
0.0,
0.0,
0.0,
0.0,
0.0,
0.0,
0.0,
0.0,
0.0,
0.0,
0.0,
0.0,
0.0,
0.0,
0.0,
45.0,
155.0,
253.0,
251.0,
195.0,
109.0,
32.0,
0.0,
0.0,
6.0,
0.0,
0.0,
4.0,
0.0,
0.0,
0.0,
0.0,
0.0,
0.0,
0.0,
0.0,
0.0,
0.0,
0.0,
0.0,
3.0,
8.0,
4.0,
0.0,
2.0,
15.0,
7.0,
0.0,
20.0,
0.0,
0.0,
7.0,
6.0,
0.0,
0.0,
0.0,
0.0,
0.0,
0.0,
0.0,
0.0,
0.0,
0.0,
0.0,
0.0,
0.0,
0.0,
0.0,
0.0,
0.0,
0.0,
4.0,
1.0,
0.0,
1.0,
9.0,
0.0,
0.0,
3.0,
3.0,
0.0,
0.0,
3.0,
0.0,
0.0,
0.0,
0.0,
0.0,
0.0,
0.0,
0.0,
0.0,
0.0,
0.0,
0.0,
0.0,
11.0,
0.0,
0.0,
2.0,
4.0,
0.0,
0.0,
0.0,
8.0,
5.0,
4.0,
0.0,
0.0,
2.0,
7.0,
0.0,
0.0,
0.0,
0.0,
0.0,
