0.0,
1.0,
0.0,
6.0,
6.0,
0.0,
0.0,
8.0,
1.0,
0.0,
0.0,
2.0,
0.0,
13.0,
0.0,
2.0,
0.0,
0.0,
5.0,
18.0,
0.0,
0.0,
0.0,
2.0,
0.0,
0.0,
0.0,
0.0,
0.0,
3.0,
0.0,
0.0,
0.0,
2.0,
5.0,
0.0,
0.0,
0.0,
0.0,
0.0,
0.0,
8.0,
1.0,
0.0,
9.0,
11.0,
0.0,
0.0,
0.0,
4.0,
9.0,
0.0,
0.0,
0.0,
0.0,
0.0,
0.0,
0.0,
2.0,
2.0,
0.0,
3.0,
1.0,
0.0,
1.0,
0.0,
0.0,
3.0,
0.0,
0.0,
7.0,
0.0,
0.0,
10.0,
0.0,
0.0,
4.0,
0.0,
10.0,
0.0,
0.0,
0.0,
0.0,
0.0,
5.0,
0.0,
5.0,
10.0,
0.0,
0.0,
0.0,
4.0,
0.0,
0.0,
0.0,
7.0,
1.0,
0.0,
2.0,
1.0,
17.0,
0.0,
8.0,
7.0,
3.0,
0.0,
4.0,
4.0,
0.0,
0.0,
0.0,
0.0,
9.0,
0.0,
3.0,
0.0,
0.0,
6.0,
0.0,
9.0,
11.0,
5.0,
0.0,
17.0,
84.0,
152.0,
198.0,
216.0,
172.0,
4.0,
2.0,
0.0,
0.0,
3.0,
0.0,
4.0,
0.0,
0.0,
0.0,
0.0,
0.0,
0.0,
9.0,
0.0,
1.0,
14.0,
0.0,
0.0,
0.0,
98.0,
183.0,
227.0,
237.0,
244.0,
216.0,
254.0,
255.0,
5.0,
1.0,
0.0,
0.0,
7.0,
0.0,
0.0,
0.0,
0.0,
0.0,
0.0,
0.0,
0.0,
10.0,
0.0,
8.0,
4.0,
0.0,
69.0,
201.0,
242.0,
226.0,
154.0,
39.0,
11.0,
39.0,
247.0,
216.0,
0.0,
6.0,
0.0,
1.0,
0.0,
0.0,
0.0,
0.0,
0.0,
0.0,
0.0,
11.0,
0.0,
0.0,
0.0,
3.0,
0.0,
40.0,
216.0,
250.0,
133.0,
11.0,
1.0,
0.0,
6.0,
8.0,
247.0,
173.0,
5.0,
0.0,
0.0,
7.0,
1.0,
2.0,
1.0,
0.0,
0.0,
0.0,
0.0,
2.0,
1.0,
5.0,
6.0,
0.0,
7.0,
65.0,
129.0,
86.0,
0.0,
5.0,
3.0,
6.0,
0.0,
111.0,
251.0,
50.0,
0.0,
16.0,
5.0,
0.0,
11.0,
0.0,
0.0,
0.0,
0.0,
0.0,
0.0,
2.0,
0.0,
0.0,
4.0,
0.0,
0.0,
0.0,
9.0,
0.0,
21.0,
0.0,
0.0,
0.0,
45.0,
251.0,
151.0,
1.0,
0.0,
0.0,
0.0,
0.0,
6.0,
0.0,
2.0,
0.0,
0.0,
0.0,
0.0,
1.0,
0.0,
0.0,
4.0,
8.0,
5.0,
0.0,
0.0,
8.0,
0.0,
4.0,
16.0,
40.0,
233.0,
240.0,
37.0,
0.0,
16.0,
4.0,
1.0,
2.0,
0.0,
8.0,
0.0,
0.0,
0.0,
0.0,
0.0,
2.0,
5.0,
3.0,
0.0,
0.0,
0.0,
3.0,
3.0,
0.0,
0.0,
0.0,
108.0,
249.0,
255.0,
187.0,
21.0,
9.0,
0.0,
0.0,
6.0,
5.0,
0.0,
2.0,
6.0,
0.0,
0.0,
0.0,
0.0,
0.0,
1.0,
4.0,
0.0,
0.0,
0.0,
0.0,
0.0,
9.0,
3.0,
23.0,
255.0,
248.0,
231.0,
255.0,
223.0,
217.0,
105.0,
30.0,
0.0,
0.0,
7.0,
5.0,
0.0,
0.0,
0.0,
0.0,
0.0,
0.0,
0.0,
0.0,
0.0,
5.0,
11.0,
8.0,
1.0,
0.0,
0.0,
8.0,
25.0,
49.0,
12.0,
31.0,
120.0,
228.0,
255.0,
189.0,
47.0,
5.0,
9.0,
0.0,
1.0,
0.0,
0.0,
0.0,
0.0,
14.0,
3.0,
0.0,
0.0,
0.0,
0.0,
0.0,
0.0,
0.0,
19.0,
0.0,
0.0,
0.0,
9.0,
0.0,
16.0,
4.0,
74.0,
234.0,
233.0,
25.0,
0.0,
39.0,
0.0,
0.0,
0.0,
0.0,
0.0,
0.0,
0.0,
1.0,
8.0,
7.0,
0.0,
0.0,
6.0,
8.0,
0.0,
1.0,
0.0,
1.0,
1.0,
0.0,
0.0,
0.0,
2.0,
89.0,
255.0,
207.0,
9.0,
0.0,
10.0,
0.0,
0.0,
0.0,
0.0,
2.0,
0.0,
0.0,
6.0,
3.0,
0.0,
1.0,
0.0,
53.0,
19.0,
0.0,
0.0,
5.0,
4.0,
0.0,
3.0,
6.0,
0.0,
0.0,
229.0,
246.0,
29.0,
8.0,
2.0,
0.0,
0.0,
0.0,
0.0,
0.0,
13.0,
0.0,
0.0,
6.0,
4.0,
0.0,
22.0,
223.0,
35.0,
6.0,
1.0,
0.0,
0.0,
4.0,
0.0,
0.0,
0.0,
23.0,
138.0,
255.0,
20.0,
0.0,
0.0,
0.0,
0.0,
0.0,
0.0,
0.0,
6.0,
0.0,
0.0,
13.0,
0.0,
3.0,
131.0,
255.0,
36.0,
0.0,
0.0,
5.0,
0.0,
0.0,
12.0,
10.0,
0.0,
1.0,
188.0,
222.0,
0.0,
15.0,
1.0,
0.0,
0.0,
0.0,
0.0,
0.0,
0.0,
2.0,
0.0,
11.0,
0.0,
3.0,
148.0,
240.0,
38.0,
3.0,
7.0,
0.0,
6.0,
11.0,
0.0,
0.0,
13.0,
22.0,
240.0,
204.0,
14.0,
3.0,
0.0,
0.0,
0.0,
0.0,
0.0,
5.0,
0.0,
10.0,
0.0,
0.0,
12.0,
0.0,
26.0,
243.0,
205.0,
55.0,
0.0,
0.0,
6.0,
0.0,
17.0,
8.0,
23.0,
183.0,
231.0,
105.0,
0.0,
0.0,
2.0,
0.0,
0.0,
0.0,
0.0,
9.0,
0.0,
9.0,
0.0,
0.0,
8.0,
0.0,
0.0,
132.0,
255.0,
245.0,
192.0,
103.0,
57.0,
8.0,
0.0,
114.0,
231.0,
243.0,
52.0,
0.0,
0.0,
11.0,
0.0,
0.0,
0.0,
0.0,
0.0,
2.0,
0.0,
3.0,
10.0,
0.0,
0.0,
5.0,
18.0,
0.0,
170.0,
243.0,
255.0,
255.0,
252.0,
215.0,
217.0,
240.0,
170.0,
43.0,
17.0,
0.0,
0.0,
8.0,
1.0,
0.0,
0.0,
0.0,
0.0,
0.0,
12.0,
5.0,
0.0,
0.0,
3.0,
3.0,
0.0,
12.0,
0.0,
29.0,
76.0,
157.0,
252.0,
244.0,
178.0,
62.0,
5.0,
0.0,
3.0,
0.0,
5.0,
0.0,
0.0,
0.0,
0.0,
0.0,
0.0,
0.0,
0.0,
0.0,
0.0,
0.0,
0.0,
0.0,
0.0,
0.0,
0.0,
0.0,
0.0,
0.0,
0.0,
0.0,
0.0,
0.0,
0.0,
0.0,
0.0,
0.0,
0.0,
0.0,
0.0,
0.0,
0.0,
0.0,
0.0,
0.0,
0.0,
0.0,
0.0,
0.0,
0.0,
0.0,
0.0,
0.0,
0.0,
0.0,
0.0,
0.0,
0.0,
0.0,
0.0,
0.0,
0.0,
0.0,
0.0,
0.0,
0.0,
0.0,
0.0,
0.0,
0.0,
0.0,
0.0,
0.0,
0.0,
0.0,
0.0,
0.0,
0.0,
0.0,
0.0,
0.0,
0.0,
0.0,
0.0,
0.0,
0.0,
0.0,
0.0,
0.0,
0.0,
0.0,
0.0,
0.0,
0.0,
0.0,
0.0,
0.0,
0.0,
0.0,
0.0,
0.0,
0.0,
0.0,
0.0,
0.0,
0.0,
0.0,
0.0,
0.0,
0.0,
0.0,
0.0,
0.0,
0.0,
0.0,
0.0,
0.0,
0.0,
0.0,
0.0,
0.0,
0.0,
0.0,
0.0,
0.0,
0.0,
0.0,
0.0,
