0.0,
0.0,
1.0,
1.0,
1.0,
3.0,
3.0,
3.0,
0.0,
7.0,
1.0,
0.0,
0.0,
1.0,
2.0,
3.0,
0.0,
4.0,
0.0,
0.0,
0.0,
0.0,
0.0,
3.0,
0.0,
0.0,
0.0,
0.0,
4.0,
4.0,
1.0,
0.0,
0.0,
0.0,
0.0,
0.0,
0.0,
0.0,
2.0,
4.0,
0.0,
2.0,
1.0,
0.0,
0.0,
0.0,
11.0,
0.0,
10.0,
12.0,
2.0,
3.0,
0.0,
0.0,
0.0,
0.0,
0.0,
0.0,
0.0,
2.0,
4.0,
4.0,
4.0,
5.0,
14.0,
0.0,
0.0,
10.0,
0.0,
0.0,
12.0,
6.0,
2.0,
1.0,
15.0,
0.0,
0.0,
0.0,
0.0,
0.0,
0.0,
0.0,
0.0,
0.0,
1.0,
0.0,
0.0,
0.0,
0.0,
0.0,
0.0,
0.0,
4.0,
0.0,
0.0,
3.0,
0.0,
0.0,
0.0,
2.0,
0.0,
4.0,
0.0,
5.0,
3.0,
0.0,
0.0,
4.0,
0.0,
0.0,
0.0,
0.0,
8.0,
0.0,
0.0,
0.0,
1.0,
1.0,
2.0,
5.0,
0.0,
16.0,
0.0,
0.0,
11.0,
25.0,
4.0,
0.0,
2.0,
18.0,
0.0,
10.0,
3.0,
0.0,
3.0,
0.0,
0.0,
0.0,
0.0,
0.0,
0.0,
0.0,
2.0,
7.0,
2.0,
0.0,
0.0,
2.0,
28.0,
176.0,
250.0,
225.0,
226.0,
246.0,
251.0,
255.0,
130.0,
116.0,
15.0,
9.0,
0.0,
0.0,
2.0,
0.0,
0.0,
0.0,
0.0,
0.0,
0.0,
0.0,
4.0,
1.0,
0.0,
0.0,
29.0,
67.0,
233.0,
255.0,
254.0,
208.0,
202.0,
245.0,
255.0,
242.0,
255.0,
235.0,
154.0,
42.0,
0.0,
2.0,
7.0,
4.0,
0.0,
0.0,
0.0,
0.0,
1.0,
0.0,
0.0,
0.0,
9.0,
69.0,
175.0,
255.0,
255.0,
241.0,
254.0,
245.0,
202.0,
216.0,
255.0,
252.0,
253.0,
255.0,
249.0,
69.0,
8.0,
2.0,
0.0,
0.0,
0.0,
0.0,
0.0,
0.0,
6.0,
0.0,
0.0,
17.0,
1.0,
159.0,
255.0,
249.0,
184.0,
119.0,
62.0,
51.0,
12.0,
23.0,
52.0,
121.0,
252.0,
253.0,
247.0,
68.0,
5.0,
5.0,
2.0,
0.0,
0.0,
0.0,
0.0,
0.0,
0.0,
0.0,
1.0,
0.0,
35.0,
221.0,
140.0,
225.0,
35.0,
0.0,
15.0,
0.0,
0.0,
0.0,
49.0,
200.0,
251.0,
254.0,
255.0,
29.0,
0.0,
0.0,
3.0,
7.0,
0.0,
0.0,
0.0,
0.0,
0.0,
2.0,
24.0,
0.0,
0.0,
41.0,
0.0,
22.0,
0.0,
0.0,
0.0,
0.0,
23.0,
158.0,
223.0,
240.0,
255.0,
233.0,
105.0,
15.0,
10.0,
0.0,
8.0,
0.0,
0.0,
0.0,
0.0,
0.0,
3.0,
0.0,
0.0,
9.0,
10.0,
0.0,
27.0,
0.0,
110.0,
201.0,
189.0,
222.0,
215.0,
248.0,
255.0,
255.0,
253.0,
170.0,
0.0,
2.0,
1.0,
0.0,
13.0,
0.0,
0.0,
0.0,
0.0,
0.0,
12.0,
0.0,
0.0,
0.0,
0.0,
0.0,
0.0,
98.0,
255.0,
244.0,
235.0,
255.0,
245.0,
251.0,
255.0,
184.0,
104.0,
17.0,
7.0,
0.0,
0.0,
0.0,
5.0,
4.0,
0.0,
0.0,
0.0,
0.0,
0.0,
0.0,
19.0,
0.0,
9.0,
2.0,
0.0,
142.0,
252.0,
234.0,
255.0,
229.0,
255.0,
244.0,
239.0,
220.0,
75.0,
3.0,
0.0,
1.0,
1.0,
3.0,
0.0,
0.0,
0.0,
0.0,
0.0,
0.0,
6.0,
0.0,
0.0,
0.0,
18.0,
0.0,
4.0,
17.0,
78.0,
40.0,
177.0,
212.0,
238.0,
243.0,
255.0,
253.0,
234.0,
183.0,
39.0,
14.0,
0.0,
0.0,
6.0,
2.0,
0.0,
0.0,
0.0,
0.0,
0.0,
9.0,
0.0,
6.0,
0.0,
12.0,
0.0,
4.0,
0.0,
3.0,
6.0,
2.0,
28.0,
173.0,
251.0,
252.0,
244.0,
255.0,
182.0,
20.0,
10.0,
0.0,
2.0,
1.0,
0.0,
0.0,
0.0,
0.0,
0.0,
0.0,
0.0,
0.0,
0.0,
0.0,
0.0,
0.0,
0.0,
10.0,
0.0,
0.0,
5.0,
14.0,
83.0,
247.0,
250.0,
255.0,
243.0,
191.0,
32.0,
0.0,
0.0,
0.0,
0.0,
0.0,
0.0,
0.0,
0.0,
0.0,
0.0,
0.0,
0.0,
0.0,
0.0,
0.0,
10.0,
0.0,
0.0,
1.0,
11.0,
0.0,
0.0,
20.0,
197.0,
235.0,
255.0,
246.0,
149.0,
16.0,
4.0,
6.0,
0.0,
0.0,
0.0,
0.0,
0.0,
0.0,
0.0,
0.0,
0.0,
0.0,
0.0,
0.0,
0.0,
0.0,
6.0,
0.0,
0.0,
0.0,
18.0,
0.0,
15.0,
134.0,
255.0,
251.0,
184.0,
0.0,
0.0,
0.0,
0.0,
0.0,
0.0,
0.0,
0.0,
0.0,
0.0,
0.0,
0.0,
0.0,
0.0,
0.0,
12.0,
1.0,
2.0,
0.0,
0.0,
8.0,
7.0,
0.0,
5.0,
119.0,
245.0,
251.0,
166.0,
0.0,
15.0,
13.0,
0.0,
0.0,
0.0,
0.0,
0.0,
0.0,
0.0,
0.0,
0.0,
0.0,
0.0,
0.0,
0.0,
2.0,
0.0,
3.0,
0.0,
17.0,
0.0,
25.0,
217.0,
235.0,
255.0,
252.0,
102.0,
0.0,
0.0,
0.0,
0.0,
0.0,
0.0,
0.0,
0.0,
0.0,
0.0,
0.0,
0.0,
0.0,
0.0,
0.0,
85.0,
188.0,
0.0,
73.0,
74.0,
43.0,
183.0,
221.0,
246.0,
255.0,
255.0,
209.0,
17.0,
0.0,
15.0,
2.0,
0.0,
0.0,
0.0,
0.0,
0.0,
0.0,
0.0,
0.0,
0.0,
0.0,
0.0,
0.0,
185.0,
255.0,
209.0,
236.0,
254.0,
255.0,
238.0,
255.0,
254.0,
232.0,
202.0,
129.0,
0.0,
0.0,
1.0,
0.0,
0.0,
0.0,
0.0,
0.0,
0.0,
0.0,
0.0,
0.0,
0.0,
0.0,
0.0,
0.0,
128.0,
253.0,
251.0,
255.0,
254.0,
250.0,
255.0,
250.0,
255.0,
90.0,
8.0,
0.0,
4.0,
11.0,
0.0,
5.0,
0.0,
0.0,
0.0,
0.0,
0.0,
0.0,
0.0,
0.0,
0.0,
0.0,
0.0,
0.0,
69.0,
136.0,
178.0,
195.0,
86.0,
133.0,
143.0,
134.0,
9.0,
6.0,
2.0,
0.0,
0.0,
0.0,
0.0,
1.0,
0.0,
0.0,
0.0,
0.0,
0.0,
0.0,
0.0,
0.0,
0.0,
0.0,
0.0,
0.0,
0.0,
0.0,
5.0,
17.0,
0.0,
9.0,
13.0,
0.0,
7.0,
5.0,
1.0,
0.0,
0.0,
0.0,
0.0,
1.0,
0.0,
0.0,
0.0,
0.0,
0.0,
0.0,
0.0,
0.0,
0.0,
0.0,
0.0,
0.0,
15.0,
0.0,
1.0,
0.0,
2.0,
0.0,
9.0,
1.0,
3.0,
2.0,
1.0,
0.0,
0.0,
0.0,
0.0,
0.0,
0.0,
0.0,
0.0,
0.0,
0.0,
0.0,
0.0,
0.0,
0.0,
0.0,
0.0,
0.0,
3.0,
0.0,
12.0,
0.0,
10.0,
0.0,
0.0,
9.0,
0.0,
0.0,
0.0,
1.0,
1.0,
1.0,
0.0,
0.0,
0.0,
0.0,
0.0,
0.0,
