0.0,
0.0,
0.0,
0.0,
0.0,
0.0,
0.0,
0.0,
0.0,
0.0,
2.0,
0.0,
12.0,
0.0,
7.0,
0.0,
0.0,
7.0,
0.0,
0.0,
10.0,
9.0,
0.0,
2.0,
0.0,
0.0,
0.0,
0.0,
0.0,
0.0,
0.0,
0.0,
0.0,
0.0,
0.0,
0.0,
2.0,
8.0,
4.0,
0.0,
0.0,
0.0,
0.0,
2.0,
1.0,
0.0,
14.0,
0.0,
0.0,
0.0,
11.0,
1.0,
0.0,
0.0,
0.0,
0.0,
0.0,
0.0,
0.0,
0.0,
0.0,
0.0,
0.0,
0.0,
0.0,
0.0,
0.0,
3.0,
13.0,
16.0,
0.0,
0.0,
13.0,
0.0,
3.0,
7.0,
6.0,
0.0,
10.0,
0.0,
0.0,
0.0,
0.0,
0.0,
0.0,
0.0,
0.0,
0.0,
0.0,
0.0,
0.0,
0.0,
3.0,
6.0,
0.0,
0.0,
0.0,
0.0,
0.0,
13.0,
0.0,
8.0,
0.0,
0.0,
1.0,
0.0,
0.0,
18.0,
0.0,
0.0,
0.0,
0.0,
0.0,
0.0,
0.0,
0.0,
0.0,
0.0,
0.0,
0.0,
4.0,
0.0,
17.0,
109.0,
189.0,
255.0,
250.0,
246.0,
145.0,
126.0,
21.0,
1.0,
0.0,
15.0,
0.0,
0.0,
0.0,
0.0,
0.0,
0.0,
0.0,
0.0,
0.0,
0.0,
0.0,
0.0,
0.0,
0.0,
0.0,
11.0,
136.0,
237.0,
251.0,
255.0,
249.0,
255.0,
244.0,
255.0,
206.0,
138.0,
3.0,
0.0,
7.0,
1.0,
0.0,
0.0,
0.0,
0.0,
0.0,
0.0,
0.0,
0.0,
0.0,
0.0,
0.0,
0.0,
2.0,
0.0,
149.0,
250.0,
248.0,
241.0,
245.0,
252.0,
247.0,
255.0,
255.0,
229.0,
115.0,
12.0,
14.0,
0.0,
0.0,
0.0,
0.0,
0.0,
0.0,
0.0,
0.0,
0.0,
0.0,
0.0,
0.0,
0.0,
8.0,
0.0,
154.0,
255.0,
253.0,
231.0,
235.0,
230.0,
253.0,
246.0,
250.0,
255.0,
232.0,
37.0,
0.0,
0.0,
0.0,
0.0,
0.0,
0.0,
0.0,
0.0,
0.0,
0.0,
0.0,
0.0,
0.0,
0.0,
0.0,
0.0,
38.0,
204.0,
116.0,
0.0,
0.0,
8.0,
86.0,
168.0,
254.0,
255.0,
228.0,
84.0,
0.0,
0.0,
0.0,
0.0,
0.0,
0.0,
0.0,
0.0,
0.0,
0.0,
0.0,
0.0,
0.0,
0.0,
9.0,
17.0,
0.0,
0.0,
0.0,
0.0,
18.0,
0.0,
5.0,
100.0,
239.0,
253.0,
255.0,
62.0,
11.0,
0.0,
0.0,
0.0,
0.0,
0.0,
0.0,
0.0,
0.0,
0.0,
0.0,
0.0,
0.0,
0.0,
0.0,
0.0,
0.0,
2.0,
7.0,
0.0,
30.0,
81.0,
172.0,
248.0,
248.0,
239.0,
255.0,
68.0,
0.0,
28.0,
0.0,
0.0,
0.0,
0.0,
0.0,
0.0,
0.0,
0.0,
0.0,
0.0,
0.0,
0.0,
12.0,
0.0,
3.0,
79.0,
133.0,
157.0,
206.0,
255.0,
255.0,
245.0,
255.0,
238.0,
99.0,
9.0,
0.0,
0.0,
0.0,
0.0,
0.0,
0.0,
0.0,
0.0,
0.0,
0.0,
0.0,
0.0,
0.0,
0.0,
0.0,
0.0,
43.0,
218.0,
255.0,
255.0,
255.0,
242.0,
250.0,
247.0,
223.0,
56.0,
13.0,
8.0,
0.0,
4.0,
0.0,
0.0,
0.0,
0.0,
0.0,
0.0,
0.0,
0.0,
0.0,
0.0,
0.0,
0.0,
7.0,
1.0,
36.0,
248.0,
255.0,
242.0,
253.0,
255.0,
255.0,
255.0,
255.0,
161.0,
0.0,
0.0,
0.0,
6.0,
0.0,
0.0,
0.0,
0.0,
0.0,
0.0,
0.0,
0.0,
0.0,
0.0,
0.0,
0.0,
0.0,
0.0,
4.0,
129.0,
197.0,
219.0,
238.0,
245.0,
255.0,
247.0,
239.0,
247.0,
1.0,
0.0,
5.0,
1.0,
0.0,
0.0,
0.0,
0.0,
0.0,
0.0,
0.0,
0.0,
0.0,
0.0,
0.0,
0.0,
0.0,
5.0,
0.0,
0.0,
12.0,
0.0,
19.0,
83.0,
129.0,
255.0,
254.0,
248.0,
75.0,
4.0,
0.0,
0.0,
0.0,
0.0,
0.0,
0.0,
0.0,
9.0,
0.0,
0.0,
4.0,
0.0,
6.0,
1.0,
2.0,
9.0,
0.0,
5.0,
0.0,
10.0,
3.0,
0.0,
12.0,
190.0,
241.0,
244.0,
25.0,
0.0,
0.0,
10.0,
0.0,
0.0,
0.0,
0.0,
0.0,
6.0,
11.0,
15.0,
0.0,
66.0,
113.0,
0.0,
0.0,
0.0,
0.0,
9.0,
13.0,
0.0,
0.0,
7.0,
0.0,
147.0,
255.0,
241.0,
0.0,
4.0,
14.0,
0.0,
0.0,
0.0,
0.0,
0.0,
0.0,
2.0,
0.0,
5.0,
41.0,
238.0,
253.0,
2.0,
4.0,
1.0,
10.0,
15.0,
0.0,
1.0,
16.0,
7.0,
70.0,
221.0,
255.0,
244.0,
57.0,
0.0,
0.0,
0.0,
0.0,
0.0,
0.0,
0.0,
0.0,
9.0,
0.0,
7.0,
66.0,
253.0,
227.0,
60.0,
0.0,
0.0,
0.0,
1.0,
9.0,
0.0,
13.0,
101.0,
239.0,
255.0,
246.0,
107.0,
0.0,
6.0,
0.0,
6.0,
0.0,
0.0,
0.0,
0.0,
12.0,
0.0,
0.0,
3.0,
69.0,
245.0,
255.0,
255.0,
198.0,
130.0,
121.0,
134.0,
112.0,
118.0,
196.0,
255.0,
250.0,
247.0,
101.0,
16.0,
16.0,
0.0,
0.0,
0.0,
0.0,
0.0,
0.0,
0.0,
3.0,
0.0,
5.0,
6.0,
60.0,
235.0,
255.0,
243.0,
239.0,
255.0,
253.0,
238.0,
255.0,
255.0,
250.0,
249.0,
245.0,
59.0,
8.0,
4.0,
0.0,
3.0,
0.0,
21.0,
0.0,
0.0,
0.0,
0.0,
3.0,
3.0,
8.0,
0.0,
0.0,
128.0,
231.0,
255.0,
255.0,
250.0,
255.0,
245.0,
250.0,
249.0,
254.0,
220.0,
63.0,
16.0,
0.0,
0.0,
1.0,
10.0,
3.0,
0.0,
0.0,
0.0,
0.0,
0.0,
0.0,
0.0,
0.0,
13.0,
0.0,
0.0,
61.0,
137.0,
133.0,
203.0,
223.0,
150.0,
145.0,
148.0,
109.0,
20.0,
0.0,
0.0,
9.0,
1.0,
0.0,
8.0,
0.0,
10.0,
0.0,
0.0,
0.0,
0.0,
0.0,
0.0,
0.0,
0.0,
0.0,
0.0,
0.0,
0.0,
0.0,
0.0,
0.0,
0.0,
0.0,
0.0,
0.0,
0.0,
0.0,
0.0,
0.0,
0.0,
0.0,
0.0,
0.0,
0.0,
0.0,
0.0,
0.0,
0.0,
0.0,
0.0,
0.0,
0.0,
0.0,
0.0,
0.0,
0.0,
0.0,
0.0,
0.0,
0.0,
0.0,
0.0,
0.0,
0.0,
0.0,
0.0,
0.0,
0.0,
0.0,
0.0,
0.0,
0.0,
0.0,
0.0,
0.0,
0.0,
0.0,
0.0,
0.0,
0.0,
0.0,
0.0,
0.0,
0.0,
0.0,
0.0,
0.0,
0.0,
0.0,
0.0,
0.0,
0.0,
0.0,
0.0,
0.0,
0.0,
0.0,
0.0,
0.0,
0.0,
0.0,
0.0,
0.0,
0.0,
0.0,
0.0,
0.0,
0.0,
0.0,
0.0,
0.0,
0.0,
0.0,
0.0,
0.0,
0.0,
0.0,
0.0,
0.0,
0.0,
0.0,
0.0,
0.0,
0.0,
0.0,
0.0,
0.0,
0.0,
0.0,
0.0,
0.0,
0.0,
