0.0,
0.0,
0.0,
0.0,
0.0,
0.0,
0.0,
0.0,
10.0,
1.0,
0.0,
0.0,
2.0,
0.0,
0.0,
9.0,
9.0,
0.0,
5.0,
0.0,
1.0,
0.0,
10.0,
0.0,
0.0,
0.0,
0.0,
0.0,
0.0,
0.0,
0.0,
0.0,
0.0,
0.0,
0.0,
0.0,
0.0,
0.0,
0.0,
0.0,
12.0,
15.0,
2.0,
0.0,
0.0,
2.0,
3.0,
9.0,
0.0,
5.0,
0.0,
16.0,
0.0,
0.0,
0.0,
0.0,
0.0,
0.0,
0.0,
0.0,
0.0,
0.0,
0.0,
0.0,
3.0,
7.0,
3.0,
0.0,
0.0,
0.0,
0.0,
9.0,
9.0,
0.0,
15.0,
0.0,
0.0,
0.0,
0.0,
0.0,
0.0,
0.0,
0.0,
0.0,
0.0,
0.0,
0.0,
0.0,
0.0,
0.0,
0.0,
0.0,
0.0,
0.0,
0.0,
0.0,
11.0,
10.0,
2.0,
3.0,
2.0,
0.0,
4.0,
0.0,
15.0,
17.0,
0.0,
8.0,
0.0,
0.0,
0.0,
0.0,
0.0,
0.0,
0.0,
0.0,
0.0,
0.0,
0.0,
0.0,
0.0,
13.0,
8.0,
0.0,
0.0,
3.0,
1.0,
0.0,
0.0,
56.0,
181.0,
214.0,
5.0,
0.0,
0.0,
3.0,
0.0,
0.0,
0.0,
0.0,
0.0,
0.0,
0.0,
0.0,
0.0,
0.0,
0.0,
0.0,
6.0,
0.0,
0.0,
8.0,
17.0,
0.0,
0.0,
10.0,
72.0,
187.0,
238.0,
255.0,
215.0,
110.0,
0.0,
3.0,
0.0,
0.0,
0.0,
0.0,
0.0,
0.0,
0.0,
0.0,
0.0,
0.0,
0.0,
0.0,
0.0,
0.0,
2.0,
2.0,
0.0,
7.0,
114.0,
244.0,
238.0,
255.0,
253.0,
246.0,
253.0,
80.0,
2.0,
0.0,
0.0,
0.0,
0.0,
0.0,
0.0,
0.0,
0.0,
0.0,
0.0,
0.0,
0.0,
0.0,
3.0,
4.0,
0.0,
19.0,
117.0,
219.0,
255.0,
248.0,
255.0,
237.0,
226.0,
250.0,
181.0,
11.0,
0.0,
4.0,
0.0,
0.0,
0.0,
0.0,
0.0,
15.0,
5.0,
0.0,
4.0,
2.0,
0.0,
1.0,
4.0,
30.0,
99.0,
200.0,
252.0,
255.0,
253.0,
180.0,
85.0,
55.0,
240.0,
219.0,
18.0,
4.0,
13.0,
0.0,
0.0,
0.0,
0.0,
0.0,
4.0,
6.0,
0.0,
0.0,
5.0,
2.0,
35.0,
105.0,
192.0,
244.0,
255.0,
255.0,
222.0,
125.0,
0.0,
3.0,
0.0,
98.0,
252.0,
46.0,
4.0,
0.0,
0.0,
3.0,
0.0,
0.0,
0.0,
0.0,
2.0,
0.0,
0.0,
4.0,
0.0,
0.0,
103.0,
254.0,
243.0,
255.0,
161.0,
85.0,
0.0,
2.0,
13.0,
11.0,
102.0,
211.0,
141.0,
0.0,
0.0,
3.0,
1.0,
7.0,
0.0,
0.0,
0.0,
0.0,
0.0,
0.0,
2.0,
10.0,
0.0,
0.0,
98.0,
239.0,
155.0,
44.0,
0.0,
10.0,
19.0,
8.0,
0.0,
141.0,
241.0,
174.0,
0.0,
13.0,
1.0,
0.0,
6.0,
0.0,
0.0,
0.0,
0.0,
0.0,
3.0,
0.0,
0.0,
3.0,
4.0,
2.0,
25.0,
64.0,
0.0,
12.0,
0.0,
0.0,
0.0,
17.0,
157.0,
255.0,
250.0,
107.0,
0.0,
0.0,
15.0,
0.0,
0.0,
3.0,
0.0,
0.0,
0.0,
0.0,
3.0,
3.0,
0.0,
0.0,
0.0,
4.0,
0.0,
0.0,
25.0,
0.0,
7.0,
16.0,
65.0,
198.0,
255.0,
248.0,
254.0,
247.0,
148.0,
0.0,
6.0,
1.0,
4.0,
9.0,
0.0,
0.0,
0.0,
0.0,
0.0,
1.0,
4.0,
0.0,
0.0,
0.0,
9.0,
7.0,
0.0,
16.0,
0.0,
116.0,
250.0,
255.0,
246.0,
202.0,
175.0,
255.0,
235.0,
54.0,
0.0,
0.0,
0.0,
0.0,
0.0,
0.0,
0.0,
0.0,
2.0,
0.0,
0.0,
7.0,
0.0,
0.0,
0.0,
0.0,
0.0,
0.0,
13.0,
224.0,
251.0,
112.0,
12.0,
7.0,
1.0,
46.0,
255.0,
133.0,
6.0,
11.0,
0.0,
6.0,
0.0,
0.0,
0.0,
0.0,
0.0,
2.0,
0.0,
14.0,
0.0,
8.0,
0.0,
6.0,
0.0,
8.0,
10.0,
97.0,
65.0,
0.0,
0.0,
7.0,
0.0,
26.0,
250.0,
164.0,
11.0,
0.0,
0.0,
6.0,
0.0,
0.0,
0.0,
0.0,
4.0,
3.0,
0.0,
4.0,
0.0,
0.0,
26.0,
0.0,
0.0,
0.0,
0.0,
12.0,
6.0,
0.0,
0.0,
0.0,
19.0,
0.0,
253.0,
168.0,
0.0,
12.0,
16.0,
0.0,
0.0,
0.0,
0.0,
0.0,
0.0,
3.0,
0.0,
10.0,
5.0,
0.0,
73.0,
25.0,
18.0,
0.0,
11.0,
0.0,
0.0,
3.0,
1.0,
0.0,
0.0,
6.0,
160.0,
166.0,
0.0,
0.0,
0.0,
0.0,
0.0,
0.0,
0.0,
0.0,
2.0,
8.0,
0.0,
0.0,
0.0,
4.0,
177.0,
237.0,
44.0,
0.0,
4.0,
0.0,
7.0,
0.0,
0.0,
7.0,
11.0,
19.0,
244.0,
158.0,
14.0,
6.0,
13.0,
5.0,
0.0,
0.0,
0.0,
0.0,
0.0,
3.0,
2.0,
11.0,
3.0,
0.0,
116.0,
255.0,
246.0,
128.0,
23.0,
0.0,
8.0,
0.0,
11.0,
0.0,
32.0,
214.0,
239.0,
96.0,
1.0,
0.0,
0.0,
0.0,
0.0,
0.0,
0.0,
0.0,
6.0,
0.0,
0.0,
0.0,
0.0,
7.0,
68.0,
226.0,
252.0,
248.0,
227.0,
193.0,
150.0,
122.0,
155.0,
164.0,
246.0,
255.0,
239.0,
10.0,
0.0,
0.0,
7.0,
1.0,
0.0,
0.0,
0.0,
0.0,
0.0,
0.0,
0.0,
3.0,
0.0,
0.0,
0.0,
51.0,
234.0,
242.0,
255.0,
255.0,
250.0,
255.0,
255.0,
250.0,
255.0,
206.0,
65.0,
0.0,
3.0,
0.0,
0.0,
7.0,
0.0,
0.0,
0.0,
0.0,
0.0,
0.0,
4.0,
0.0,
0.0,
8.0,
7.0,
0.0,
15.0,
68.0,
187.0,
246.0,
245.0,
255.0,
194.0,
189.0,
102.0,
15.0,
0.0,
8.0,
0.0,
0.0,
13.0,
0.0,
0.0,
0.0,
0.0,
0.0,
0.0,
0.0,
0.0,
0.0,
0.0,
0.0,
0.0,
0.0,
0.0,
0.0,
0.0,
0.0,
0.0,
0.0,
0.0,
0.0,
0.0,
0.0,
0.0,
0.0,
0.0,
0.0,
0.0,
0.0,
0.0,
0.0,
0.0,
0.0,
0.0,
0.0,
0.0,
0.0,
0.0,
0.0,
0.0,
0.0,
0.0,
0.0,
0.0,
0.0,
0.0,
0.0,
0.0,
0.0,
0.0,
0.0,
0.0,
0.0,
0.0,
0.0,
0.0,
0.0,
0.0,
0.0,
0.0,
0.0,
0.0,
0.0,
0.0,
0.0,
0.0,
0.0,
0.0,
0.0,
0.0,
0.0,
0.0,
0.0,
0.0,
0.0,
0.0,
0.0,
0.0,
0.0,
0.0,
0.0,
0.0,
0.0,
0.0,
0.0,
0.0,
0.0,
0.0,
0.0,
0.0,
0.0,
0.0,
0.0,
0.0,
0.0,
0.0,
0.0,
0.0,
0.0,
0.0,
0.0,
0.0,
0.0,
0.0,
0.0,
0.0,
0.0,
0.0,
0.0,
0.0,
0.0,
0.0,
0.0,
0.0,
0.0,
0.0,
0.0,
