0.0,
0.0,
0.0,
0.0,
0.0,
0.0,
0.0,
0.0,
2.0,
0.0,
9.0,
0.0,
2.0,
11.0,
0.0,
2.0,
0.0,
10.0,
0.0,
0.0,
0.0,
6.0,
0.0,
4.0,
0.0,
0.0,
0.0,
0.0,
0.0,
0.0,
0.0,
0.0,
0.0,
0.0,
0.0,
0.0,
0.0,
3.0,
0.0,
0.0,
4.0,
0.0,
0.0,
9.0,
6.0,
0.0,
14.0,
0.0,
11.0,
0.0,
20.0,
0.0,
0.0,
0.0,
0.0,
0.0,
0.0,
0.0,
0.0,
0.0,
0.0,
0.0,
0.0,
0.0,
4.0,
1.0,
7.0,
8.0,
0.0,
3.0,
18.0,
0.0,
0.0,
8.0,
0.0,
0.0,
0.0,
7.0,
0.0,
9.0,
0.0,
0.0,
0.0,
0.0,
0.0,
0.0,
0.0,
0.0,
0.0,
0.0,
0.0,
0.0,
0.0,
5.0,
0.0,
0.0,
12.0,
0.0,
0.0,
9.0,
1.0,
0.0,
14.0,
21.0,
0.0,
1.0,
17.0,
0.0,
0.0,
0.0,
0.0,
0.0,
0.0,
0.0,
0.0,
0.0,
0.0,
0.0,
0.0,
0.0,
0.0,
13.0,
18.0,
0.0,
7.0,
132.0,
203.0,
139.0,
250.0,
255.0,
191.0,
79.0,
2.0,
0.0,
0.0,
11.0,
0.0,
0.0,
0.0,
0.0,
0.0,
0.0,
0.0,
0.0,
0.0,
0.0,
0.0,
0.0,
4.0,
0.0,
5.0,
90.0,
197.0,
255.0,
249.0,
255.0,
255.0,
252.0,
255.0,
246.0,
86.0,
13.0,
0.0,
0.0,
0.0,
0.0,
0.0,
0.0,
0.0,
0.0,
0.0,
0.0,
0.0,
0.0,
0.0,
0.0,
11.0,
0.0,
121.0,
245.0,
255.0,
246.0,
156.0,
108.0,
118.0,
117.0,
255.0,
255.0,
228.0,
2.0,
0.0,
20.0,
0.0,
0.0,
0.0,
0.0,
0.0,
0.0,
0.0,
0.0,
0.0,
0.0,
0.0,
0.0,
0.0,
12.0,
163.0,
210.0,
152.0,
74.0,
0.0,
8.0,
1.0,
33.0,
233.0,
255.0,
227.0,
12.0,
5.0,
0.0,
0.0,
0.0,
0.0,
0.0,
0.0,
0.0,
0.0,
0.0,
0.0,
0.0,
0.0,
0.0,
3.0,
0.0,
22.0,
5.0,
5.0,
13.0,
0.0,
4.0,
8.0,
83.0,
255.0,
247.0,
223.0,
7.0,
0.0,
7.0,
0.0,
0.0,
0.0,
0.0,
0.0,
0.0,
0.0,
0.0,
0.0,
0.0,
0.0,
0.0,
4.0,
0.0,
1.0,
0.0,
0.0,
7.0,
3.0,
0.0,
84.0,
242.0,
255.0,
221.0,
47.0,
0.0,
8.0,
6.0,
0.0,
0.0,
0.0,
0.0,
0.0,
0.0,
0.0,
0.0,
0.0,
0.0,
0.0,
0.0,
3.0,
0.0,
0.0,
17.0,
0.0,
0.0,
95.0,
184.0,
243.0,
254.0,
230.0,
116.0,
0.0,
3.0,
0.0,
0.0,
0.0,
0.0,
0.0,
0.0,
0.0,
0.0,
0.0,
0.0,
0.0,
0.0,
0.0,
0.0,
0.0,
0.0,
21.0,
51.0,
91.0,
177.0,
251.0,
255.0,
255.0,
181.0,
41.0,
17.0,
0.0,
8.0,
11.0,
0.0,
0.0,
0.0,
0.0,
0.0,
0.0,
0.0,
0.0,
0.0,
0.0,
0.0,
0.0,
0.0,
11.0,
61.0,
204.0,
255.0,
251.0,
240.0,
237.0,
255.0,
245.0,
195.0,
57.0,
0.0,
0.0,
0.0,
17.0,
0.0,
0.0,
0.0,
0.0,
0.0,
0.0,
0.0,
0.0,
0.0,
0.0,
0.0,
0.0,
0.0,
0.0,
99.0,
252.0,
255.0,
216.0,
224.0,
198.0,
194.0,
252.0,
255.0,
236.0,
83.0,
14.0,
0.0,
0.0,
1.0,
0.0,
0.0,
0.0,
0.0,
0.0,
0.0,
0.0,
0.0,
0.0,
0.0,
0.0,
0.0,
0.0,
13.0,
59.0,
50.0,
14.0,
0.0,
0.0,
15.0,
116.0,
252.0,
236.0,
245.0,
32.0,
4.0,
2.0,
1.0,
0.0,
0.0,
0.0,
0.0,
0.0,
0.0,
0.0,
0.0,
0.0,
0.0,
0.0,
0.0,
1.0,
5.0,
0.0,
0.0,
5.0,
3.0,
3.0,
0.0,
0.0,
127.0,
255.0,
255.0,
40.0,
2.0,
0.0,
1.0,
0.0,
0.0,
0.0,
0.0,
5.0,
0.0,
15.0,
0.0,
0.0,
63.0,
54.0,
0.0,
2.0,
0.0,
0.0,
9.0,
1.0,
0.0,
11.0,
0.0,
6.0,
72.0,
255.0,
255.0,
137.0,
0.0,
0.0,
5.0,
0.0,
0.0,
0.0,
0.0,
0.0,
0.0,
0.0,
0.0,
13.0,
178.0,
237.0,
188.0,
0.0,
26.0,
12.0,
0.0,
0.0,
2.0,
9.0,
2.0,
0.0,
90.0,
241.0,
239.0,
87.0,
9.0,
0.0,
0.0,
0.0,
0.0,
0.0,
0.0,
8.0,
0.0,
0.0,
0.0,
0.0,
138.0,
255.0,
236.0,
150.0,
0.0,
0.0,
21.0,
3.0,
0.0,
5.0,
0.0,
0.0,
89.0,
253.0,
255.0,
25.0,
0.0,
11.0,
0.0,
0.0,
0.0,
0.0,
0.0,
2.0,
0.0,
10.0,
0.0,
6.0,
43.0,
210.0,
255.0,
255.0,
131.0,
23.0,
0.0,
0.0,
9.0,
0.0,
15.0,
43.0,
182.0,
255.0,
234.0,
40.0,
24.0,
0.0,
0.0,
0.0,
0.0,
0.0,
0.0,
8.0,
0.0,
3.0,
0.0,
3.0,
0.0,
121.0,
242.0,
237.0,
255.0,
202.0,
69.0,
6.0,
0.0,
0.0,
52.0,
206.0,
242.0,
255.0,
188.0,
10.0,
0.0,
0.0,
5.0,
0.0,
0.0,
0.0,
0.0,
0.0,
8.0,
0.0,
10.0,
9.0,
8.0,
71.0,
183.0,
255.0,
252.0,
252.0,
232.0,
213.0,
222.0,
229.0,
233.0,
248.0,
255.0,
176.0,
20.0,
0.0,
16.0,
2.0,
0.0,
0.0,
0.0,
0.0,
0.0,
0.0,
12.0,
0.0,
3.0,
0.0,
0.0,
0.0,
22.0,
177.0,
242.0,
255.0,
249.0,
252.0,
247.0,
252.0,
255.0,
226.0,
77.0,
0.0,
0.0,
11.0,
0.0,
0.0,
5.0,
0.0,
0.0,
0.0,
0.0,
0.0,
0.0,
9.0,
1.0,
0.0,
12.0,
0.0,
4.0,
15.0,
51.0,
155.0,
244.0,
206.0,
166.0,
153.0,
67.0,
23.0,
0.0,
8.0,
0.0,
0.0,
3.0,
6.0,
0.0,
0.0,
0.0,
0.0,
0.0,
0.0,
0.0,
0.0,
0.0,
0.0,
0.0,
0.0,
0.0,
0.0,
0.0,
0.0,
0.0,
0.0,
0.0,
0.0,
0.0,
0.0,
0.0,
0.0,
0.0,
0.0,
0.0,
0.0,
0.0,
0.0,
0.0,
0.0,
0.0,
0.0,
0.0,
0.0,
0.0,
0.0,
0.0,
0.0,
0.0,
0.0,
0.0,
0.0,
0.0,
0.0,
0.0,
0.0,
0.0,
0.0,
0.0,
0.0,
0.0,
0.0,
0.0,
0.0,
0.0,
0.0,
0.0,
0.0,
0.0,
0.0,
0.0,
0.0,
0.0,
0.0,
0.0,
0.0,
0.0,
0.0,
0.0,
0.0,
0.0,
0.0,
0.0,
0.0,
0.0,
0.0,
0.0,
0.0,
0.0,
0.0,
0.0,
0.0,
0.0,
0.0,
0.0,
0.0,
0.0,
0.0,
0.0,
0.0,
0.0,
0.0,
0.0,
0.0,
0.0,
0.0,
0.0,
0.0,
0.0,
0.0,
0.0,
0.0,
0.0,
0.0,
0.0,
0.0,
0.0,
0.0,
0.0,
0.0,
0.0,
0.0,
0.0,
0.0,
0.0,
