0.0,
1.0,
3.0,
1.0,
0.0,
1.0,
1.0,
0.0,
3.0,
11.0,
0.0,
6.0,
0.0,
0.0,
0.0,
0.0,
8.0,
0.0,
3.0,
2.0,
0.0,
0.0,
18.0,
0.0,
0.0,
0.0,
0.0,
0.0,
6.0,
6.0,
2.0,
0.0,
0.0,
0.0,
0.0,
0.0,
0.0,
5.0,
4.0,
7.0,
5.0,
0.0,
7.0,
3.0,
0.0,
0.0,
3.0,
4.0,
8.0,
0.0,
0.0,
3.0,
0.0,
0.0,
0.0,
0.0,
0.0,
0.0,
0.0,
3.0,
5.0,
5.0,
5.0,
5.0,
0.0,
0.0,
1.0,
0.0,
4.0,
0.0,
6.0,
0.0,
11.0,
2.0,
2.0,
0.0,
7.0,
0.0,
0.0,
3.0,
0.0,
0.0,
0.0,
0.0,
2.0,
0.0,
0.0,
0.0,
2.0,
0.0,
0.0,
0.0,
5.0,
4.0,
0.0,
0.0,
13.0,
1.0,
11.0,
0.0,
0.0,
0.0,
8.0,
0.0,
0.0,
9.0,
4.0,
0.0,
0.0,
0.0,
0.0,
0.0,
8.0,
0.0,
0.0,
0.0,
2.0,
2.0,
3.0,
7.0,
0.0,
5.0,
0.0,
4.0,
0.0,
0.0,
0.0,
0.0,
0.0,
0.0,
6.0,
17.0,
0.0,
0.0,
6.0,
0.0,
0.0,
0.0,
0.0,
0.0,
0.0,
0.0,
2.0,
7.0,
2.0,
0.0,
0.0,
2.0,
4.0,
80.0,
150.0,
238.0,
253.0,
255.0,
254.0,
251.0,
118.0,
42.0,
0.0,
12.0,
0.0,
0.0,
3.0,
0.0,
0.0,
0.0,
0.0,
0.0,
0.0,
0.0,
4.0,
0.0,
0.0,
0.0,
27.0,
64.0,
218.0,
244.0,
253.0,
255.0,
255.0,
243.0,
250.0,
250.0,
240.0,
156.0,
1.0,
0.0,
7.0,
0.0,
2.0,
0.0,
0.0,
0.0,
0.0,
0.0,
1.0,
0.0,
0.0,
0.0,
6.0,
65.0,
171.0,
255.0,
255.0,
254.0,
249.0,
243.0,
255.0,
245.0,
255.0,
252.0,
254.0,
237.0,
50.0,
0.0,
9.0,
0.0,
0.0,
2.0,
0.0,
0.0,
0.0,
0.0,
0.0,
2.0,
0.0,
12.0,
0.0,
162.0,
250.0,
250.0,
255.0,
239.0,
228.0,
119.0,
104.0,
108.0,
214.0,
246.0,
255.0,
253.0,
66.0,
3.0,
0.0,
7.0,
0.0,
2.0,
0.0,
0.0,
0.0,
0.0,
5.0,
10.0,
0.0,
4.0,
11.0,
188.0,
255.0,
249.0,
189.0,
40.0,
15.0,
0.0,
18.0,
0.0,
178.0,
255.0,
249.0,
223.0,
40.0,
6.0,
4.0,
0.0,
0.0,
0.0,
0.0,
0.0,
0.0,
0.0,
0.0,
0.0,
0.0,
0.0,
0.0,
103.0,
145.0,
105.0,
19.0,
0.0,
0.0,
4.0,
15.0,
107.0,
232.0,
242.0,
255.0,
183.0,
0.0,
0.0,
12.0,
0.0,
4.0,
11.0,
0.0,
0.0,
0.0,
0.0,
4.0,
0.0,
5.0,
7.0,
0.0,
2.0,
12.0,
0.0,
0.0,
22.0,
0.0,
8.0,
8.0,
210.0,
255.0,
255.0,
247.0,
177.0,
4.0,
0.0,
0.0,
0.0,
13.0,
0.0,
0.0,
0.0,
0.0,
0.0,
5.0,
0.0,
6.0,
6.0,
0.0,
0.0,
0.0,
2.0,
5.0,
2.0,
0.0,
0.0,
110.0,
255.0,
252.0,
246.0,
242.0,
235.0,
129.0,
72.0,
18.0,
0.0,
9.0,
0.0,
0.0,
0.0,
0.0,
0.0,
0.0,
0.0,
0.0,
0.0,
0.0,
6.0,
8.0,
2.0,
1.0,
0.0,
6.0,
1.0,
171.0,
255.0,
249.0,
250.0,
255.0,
255.0,
250.0,
226.0,
130.0,
11.0,
0.0,
14.0,
0.0,
0.0,
0.0,
0.0,
3.0,
12.0,
0.0,
0.0,
7.0,
10.0,
0.0,
0.0,
3.0,
0.0,
11.0,
119.0,
250.0,
255.0,
241.0,
255.0,
248.0,
233.0,
255.0,
255.0,
224.0,
92.0,
0.0,
9.0,
0.0,
0.0,
0.0,
0.0,
1.0,
3.0,
0.0,
3.0,
4.0,
0.0,
0.0,
16.0,
0.0,
0.0,
0.0,
129.0,
255.0,
247.0,
250.0,
211.0,
223.0,
224.0,
247.0,
237.0,
255.0,
226.0,
70.0,
0.0,
0.0,
0.0,
0.0,
0.0,
2.0,
4.0,
0.0,
0.0,
0.0,
0.0,
2.0,
0.0,
12.0,
0.0,
0.0,
3.0,
112.0,
105.0,
92.0,
0.0,
4.0,
30.0,
218.0,
237.0,
251.0,
255.0,
69.0,
7.0,
0.0,
0.0,
0.0,
0.0,
0.0,
4.0,
3.0,
11.0,
0.0,
1.0,
2.0,
7.0,
0.0,
0.0,
14.0,
0.0,
0.0,
0.0,
0.0,
0.0,
0.0,
3.0,
171.0,
255.0,
255.0,
240.0,
74.0,
0.0,
0.0,
0.0,
0.0,
0.0,
4.0,
6.0,
0.0,
3.0,
0.0,
2.0,
0.0,
1.0,
0.0,
4.0,
0.0,
5.0,
0.0,
14.0,
1.0,
0.0,
2.0,
71.0,
247.0,
249.0,
233.0,
235.0,
58.0,
0.0,
0.0,
0.0,
0.0,
0.0,
5.0,
0.0,
0.0,
4.0,
0.0,
21.0,
0.0,
3.0,
0.0,
9.0,
0.0,
3.0,
3.0,
0.0,
9.0,
0.0,
0.0,
91.0,
249.0,
255.0,
255.0,
156.0,
0.0,
16.0,
0.0,
0.0,
0.0,
0.0,
0.0,
0.0,
0.0,
11.0,
0.0,
1.0,
0.0,
2.0,
2.0,
0.0,
0.0,
1.0,
6.0,
8.0,
0.0,
0.0,
147.0,
242.0,
255.0,
242.0,
249.0,
49.0,
0.0,
0.0,
0.0,
0.0,
0.0,
0.0,
0.0,
4.0,
2.0,
4.0,
0.0,
0.0,
47.0,
102.0,
186.0,
133.0,
112.0,
39.0,
0.0,
94.0,
129.0,
255.0,
250.0,
252.0,
255.0,
253.0,
213.0,
14.0,
8.0,
16.0,
0.0,
0.0,
0.0,
0.0,
0.0,
3.0,
0.0,
0.0,
7.0,
5.0,
157.0,
251.0,
255.0,
234.0,
255.0,
239.0,
219.0,
255.0,
220.0,
255.0,
255.0,
247.0,
227.0,
87.0,
22.0,
0.0,
0.0,
0.0,
0.0,
0.0,
0.0,
0.0,
3.0,
7.0,
0.0,
0.0,
12.0,
0.0,
162.0,
253.0,
250.0,
255.0,
254.0,
242.0,
254.0,
242.0,
255.0,
250.0,
250.0,
217.0,
108.0,
9.0,
0.0,
4.0,
1.0,
7.0,
0.0,
0.0,
0.0,
0.0,
5.0,
0.0,
0.0,
7.0,
0.0,
0.0,
37.0,
100.0,
178.0,
244.0,
255.0,
247.0,
247.0,
255.0,
244.0,
178.0,
100.0,
37.0,
0.0,
0.0,
7.0,
0.0,
0.0,
5.0,
0.0,
0.0,
0.0,
0.0,
0.0,
0.0,
0.0,
7.0,
4.0,
0.0,
0.0,
13.0,
0.0,
6.0,
0.0,
1.0,
1.0,
0.0,
6.0,
0.0,
13.0,
0.0,
0.0,
4.0,
7.0,
0.0,
0.0,
0.0,
0.0,
0.0,
0.0,
0.0,
1.0,
2.0,
0.0,
0.0,
0.0,
4.0,
0.0,
0.0,
7.0,
1.0,
0.0,
3.0,
3.0,
0.0,
1.0,
7.0,
0.0,
0.0,
4.0,
0.0,
0.0,
0.0,
2.0,
1.0,
0.0,
0.0,
0.0,
0.0,
0.0,
5.0,
3.0,
0.0,
0.0,
4.0,
10.0,
7.0,
0.0,
1.0,
1.0,
0.0,
0.0,
1.0,
1.0,
0.0,
7.0,
10.0,
4.0,
0.0,
0.0,
3.0,
5.0,
0.0,
0.0,
0.0,
0.0,
0.0,
