0.0,
0.0,
0.0,
0.0,
0.0,
0.0,
0.0,
0.0,
4.0,
2.0,
0.0,
0.0,
0.0,
0.0,
0.0,
0.0,
0.0,
9.0,
0.0,
0.0,
0.0,
8.0,
0.0,
7.0,
0.0,
0.0,
0.0,
0.0,
0.0,
0.0,
0.0,
0.0,
0.0,
0.0,
0.0,
0.0,
0.0,
0.0,
0.0,
4.0,
7.0,
7.0,
5.0,
3.0,
1.0,
0.0,
7.0,
0.0,
13.0,
0.0,
1.0,
0.0,
0.0,
0.0,
0.0,
0.0,
0.0,
0.0,
0.0,
0.0,
0.0,
0.0,
0.0,
0.0,
13.0,
8.0,
2.0,
0.0,
0.0,
0.0,
0.0,
3.0,
0.0,
0.0,
0.0,
8.0,
0.0,
0.0,
6.0,
3.0,
0.0,
0.0,
0.0,
0.0,
0.0,
0.0,
0.0,
0.0,
0.0,
0.0,
0.0,
0.0,
0.0,
0.0,
0.0,
2.0,
3.0,
2.0,
0.0,
0.0,
2.0,
4.0,
0.0,
11.0,
0.0,
0.0,
0.0,
2.0,
0.0,
0.0,
0.0,
0.0,
0.0,
0.0,
0.0,
0.0,
0.0,
0.0,
0.0,
0.0,
9.0,
7.0,
4.0,
0.0,
0.0,
0.0,
2.0,
6.0,
0.0,
0.0,
7.0,
0.0,
20.0,
0.0,
0.0,
0.0,
0.0,
0.0,
0.0,
0.0,
0.0,
0.0,
0.0,
0.0,
0.0,
0.0,
0.0,
0.0,
0.0,
0.0,
0.0,
0.0,
0.0,
0.0,
0.0,
0.0,
13.0,
77.0,
163.0,
188.0,
222.0,
153.0,
16.0,
8.0,
0.0,
0.0,
0.0,
0.0,
0.0,
0.0,
0.0,
0.0,
0.0,
0.0,
0.0,
0.0,
3.0,
0.0,
0.0,
1.0,
25.0,
69.0,
118.0,
151.0,
249.0,
255.0,
236.0,
228.0,
255.0,
231.0,
0.0,
0.0,
0.0,
0.0,
0.0,
0.0,
0.0,
0.0,
0.0,
0.0,
0.0,
0.0,
0.0,
0.0,
0.0,
45.0,
116.0,
183.0,
226.0,
244.0,
247.0,
245.0,
154.0,
66.0,
4.0,
0.0,
228.0,
254.0,
23.0,
0.0,
0.0,
0.0,
0.0,
0.0,
0.0,
0.0,
0.0,
0.0,
0.0,
0.0,
0.0,
0.0,
0.0,
158.0,
254.0,
255.0,
219.0,
167.0,
52.0,
18.0,
0.0,
10.0,
0.0,
41.0,
240.0,
168.0,
0.0,
2.0,
0.0,
0.0,
0.0,
0.0,
0.0,
0.0,
0.0,
0.0,
0.0,
0.0,
0.0,
0.0,
0.0,
45.0,
107.0,
108.0,
8.0,
6.0,
0.0,
0.0,
0.0,
13.0,
15.0,
201.0,
239.0,
18.0,
0.0,
7.0,
0.0,
0.0,
0.0,
0.0,
0.0,
0.0,
0.0,
0.0,
0.0,
0.0,
0.0,
0.0,
2.0,
0.0,
12.0,
10.0,
8.0,
0.0,
0.0,
2.0,
11.0,
50.0,
219.0,
255.0,
72.0,
0.0,
8.0,
0.0,
0.0,
0.0,
0.0,
0.0,
0.0,
0.0,
0.0,
0.0,
0.0,
0.0,
0.0,
0.0,
11.0,
6.0,
0.0,
0.0,
1.0,
2.0,
0.0,
20.0,
131.0,
255.0,
170.0,
29.0,
0.0,
8.0,
0.0,
0.0,
0.0,
0.0,
0.0,
0.0,
0.0,
0.0,
0.0,
0.0,
0.0,
0.0,
0.0,
0.0,
0.0,
12.0,
0.0,
6.0,
16.0,
132.0,
185.0,
255.0,
253.0,
252.0,
61.0,
8.0,
3.0,
0.0,
29.0,
0.0,
0.0,
0.0,
0.0,
0.0,
0.0,
0.0,
0.0,
0.0,
0.0,
0.0,
0.0,
0.0,
0.0,
7.0,
0.0,
4.0,
166.0,
255.0,
255.0,
244.0,
250.0,
255.0,
163.0,
0.0,
0.0,
0.0,
0.0,
13.0,
0.0,
0.0,
0.0,
0.0,
0.0,
0.0,
0.0,
0.0,
0.0,
0.0,
0.0,
0.0,
0.0,
0.0,
0.0,
0.0,
202.0,
208.0,
136.0,
65.0,
30.0,
227.0,
215.0,
0.0,
15.0,
25.0,
1.0,
0.0,
0.0,
0.0,
0.0,
0.0,
0.0,
0.0,
0.0,
0.0,
0.0,
0.0,
0.0,
0.0,
2.0,
0.0,
1.0,
7.0,
0.0,
16.0,
0.0,
0.0,
5.0,
176.0,
247.0,
27.0,
1.0,
0.0,
8.0,
3.0,
0.0,
0.0,
0.0,
0.0,
0.0,
3.0,
1.0,
0.0,
0.0,
3.0,
11.0,
0.0,
9.0,
0.0,
6.0,
0.0,
1.0,
0.0,
3.0,
2.0,
4.0,
183.0,
252.0,
58.0,
3.0,
0.0,
0.0,
7.0,
0.0,
0.0,
0.0,
0.0,
14.0,
0.0,
5.0,
2.0,
14.0,
0.0,
0.0,
4.0,
0.0,
4.0,
11.0,
0.0,
3.0,
12.0,
10.0,
0.0,
4.0,
200.0,
219.0,
0.0,
5.0,
10.0,
0.0,
4.0,
0.0,
0.0,
0.0,
0.0,
0.0,
15.0,
0.0,
3.0,
0.0,
29.0,
1.0,
1.0,
0.0,
7.0,
1.0,
3.0,
0.0,
0.0,
0.0,
14.0,
38.0,
255.0,
119.0,
0.0,
2.0,
1.0,
5.0,
0.0,
0.0,
0.0,
0.0,
0.0,
11.0,
6.0,
0.0,
4.0,
42.0,
0.0,
1.0,
0.0,
5.0,
20.0,
0.0,
0.0,
3.0,
10.0,
0.0,
11.0,
168.0,
240.0,
30.0,
10.0,
2.0,
0.0,
0.0,
0.0,
0.0,
0.0,
0.0,
0.0,
0.0,
0.0,
11.0,
82.0,
157.0,
0.0,
4.0,
0.0,
0.0,
0.0,
0.0,
17.0,
2.0,
0.0,
25.0,
135.0,
255.0,
99.0,
9.0,
0.0,
4.0,
6.0,
0.0,
6.0,
0.0,
0.0,
0.0,
0.0,
3.0,
21.0,
1.0,
79.0,
147.0,
1.0,
7.0,
9.0,
11.0,
9.0,
0.0,
0.0,
0.0,
6.0,
110.0,
248.0,
165.0,
6.0,
0.0,
3.0,
0.0,
5.0,
2.0,
0.0,
0.0,
0.0,
0.0,
0.0,
0.0,
0.0,
8.0,
58.0,
211.0,
41.0,
11.0,
0.0,
0.0,
3.0,
0.0,
0.0,
84.0,
194.0,
238.0,
208.0,
20.0,
6.0,
0.0,
37.0,
0.0,
0.0,
9.0,
0.0,
0.0,
0.0,
0.0,
0.0,
0.0,
11.0,
0.0,
5.0,
183.0,
216.0,
155.0,
84.0,
77.0,
68.0,
121.0,
192.0,
254.0,
209.0,
115.0,
14.0,
0.0,
9.0,
0.0,
0.0,
0.0,
0.0,
3.0,
0.0,
0.0,
0.0,
0.0,
0.0,
0.0,
0.0,
2.0,
0.0,
23.0,
130.0,
233.0,
255.0,
251.0,
255.0,
240.0,
148.0,
51.0,
4.0,
0.0,
2.0,
0.0,
0.0,
0.0,
0.0,
0.0,
0.0,
0.0,
0.0,
0.0,
0.0,
0.0,
0.0,
3.0,
0.0,
11.0,
4.0,
0.0,
0.0,
6.0,
0.0,
0.0,
0.0,
0.0,
0.0,
0.0,
6.0,
8.0,
0.0,
0.0,
0.0,
0.0,
0.0,
0.0,
0.0,
0.0,
0.0,
0.0,
0.0,
0.0,
0.0,
2.0,
0.0,
0.0,
11.0,
0.0,
1.0,
14.0,
12.0,
7.0,
6.0,
4.0,
4.0,
7.0,
8.0,
0.0,
0.0,
0.0,
0.0,
0.0,
0.0,
0.0,
0.0,
0.0,
0.0,
0.0,
0.0,
0.0,
0.0,
9.0,
0.0,
0.0,
8.0,
0.0,
0.0,
0.0,
0.0,
0.0,
0.0,
4.0,
4.0,
0.0,
0.0,
0.0,
10.0,
0.0,
0.0,
0.0,
0.0,
0.0,
0.0,
0.0,
0.0,
0.0,
0.0,
0.0,
0.0,
