0.0,
0.0,
0.0,
0.0,
0.0,
0.0,
0.0,
0.0,
2.0,
0.0,
4.0,
2.0,
6.0,
0.0,
0.0,
0.0,
0.0,
8.0,
7.0,
0.0,
2.0,
3.0,
0.0,
0.0,
0.0,
0.0,
0.0,
0.0,
0.0,
0.0,
0.0,
0.0,
0.0,
0.0,
0.0,
0.0,
10.0,
2.0,
0.0,
0.0,
0.0,
3.0,
5.0,
3.0,
0.0,
0.0,
0.0,
2.0,
2.0,
0.0,
0.0,
9.0,
0.0,
0.0,
0.0,
0.0,
0.0,
0.0,
0.0,
0.0,
0.0,
0.0,
0.0,
0.0,
0.0,
2.0,
1.0,
14.0,
0.0,
11.0,
0.0,
1.0,
17.0,
0.0,
0.0,
0.0,
0.0,
0.0,
1.0,
1.0,
0.0,
0.0,
0.0,
0.0,
0.0,
0.0,
0.0,
0.0,
0.0,
0.0,
0.0,
0.0,
5.0,
2.0,
0.0,
0.0,
0.0,
6.0,
0.0,
2.0,
0.0,
0.0,
4.0,
6.0,
0.0,
1.0,
4.0,
0.0,
0.0,
0.0,
0.0,
0.0,
0.0,
0.0,
0.0,
0.0,
0.0,
0.0,
0.0,
0.0,
5.0,
4.0,
5.0,
1.0,
16.0,
0.0,
0.0,
4.0,
0.0,
0.0,
2.0,
4.0,
0.0,
0.0,
3.0,
3.0,
0.0,
0.0,
0.0,
0.0,
0.0,
0.0,
0.0,
0.0,
0.0,
0.0,
0.0,
0.0,
0.0,
0.0,
8.0,
44.0,
140.0,
164.0,
173.0,
171.0,
148.0,
87.0,
11.0,
0.0,
0.0,
2.0,
0.0,
1.0,
0.0,
0.0,
0.0,
0.0,
0.0,
0.0,
0.0,
0.0,
0.0,
0.0,
0.0,
0.0,
5.0,
123.0,
224.0,
255.0,
255.0,
246.0,
239.0,
255.0,
255.0,
218.0,
97.0,
2.0,
0.0,
5.0,
0.0,
0.0,
0.0,
0.0,
0.0,
0.0,
0.0,
0.0,
0.0,
0.0,
0.0,
0.0,
0.0,
0.0,
149.0,
234.0,
255.0,
249.0,
244.0,
255.0,
250.0,
255.0,
239.0,
255.0,
209.0,
58.0,
1.0,
2.0,
0.0,
4.0,
0.0,
0.0,
0.0,
0.0,
0.0,
6.0,
2.0,
0.0,
0.0,
3.0,
0.0,
0.0,
251.0,
255.0,
251.0,
247.0,
255.0,
253.0,
248.0,
253.0,
255.0,
249.0,
255.0,
152.0,
0.0,
0.0,
0.0,
4.0,
0.0,
0.0,
0.0,
0.0,
1.0,
3.0,
0.0,
0.0,
1.0,
0.0,
1.0,
21.0,
246.0,
255.0,
255.0,
220.0,
191.0,
201.0,
210.0,
250.0,
254.0,
245.0,
235.0,
164.0,
0.0,
0.0,
5.0,
0.0,
0.0,
0.0,
0.0,
0.0,
4.0,
0.0,
0.0,
5.0,
8.0,
0.0,
14.0,
55.0,
255.0,
255.0,
180.0,
57.0,
8.0,
12.0,
0.0,
161.0,
251.0,
246.0,
255.0,
153.0,
3.0,
0.0,
4.0,
0.0,
0.0,
0.0,
0.0,
0.0,
3.0,
0.0,
0.0,
4.0,
6.0,
0.0,
10.0,
47.0,
186.0,
7.0,
6.0,
0.0,
0.0,
3.0,
145.0,
245.0,
252.0,
252.0,
255.0,
97.0,
3.0,
0.0,
0.0,
5.0,
0.0,
0.0,
0.0,
0.0,
2.0,
5.0,
0.0,
0.0,
0.0,
0.0,
0.0,
6.0,
15.0,
0.0,
0.0,
13.0,
102.0,
222.0,
238.0,
249.0,
255.0,
251.0,
166.0,
22.0,
0.0,
3.0,
0.0,
7.0,
0.0,
0.0,
0.0,
0.0,
0.0,
6.0,
2.0,
0.0,
1.0,
4.0,
0.0,
0.0,
0.0,
4.0,
52.0,
233.0,
252.0,
249.0,
255.0,
253.0,
255.0,
244.0,
44.0,
0.0,
0.0,
2.0,
0.0,
0.0,
0.0,
0.0,
0.0,
0.0,
0.0,
2.0,
0.0,
0.0,
6.0,
10.0,
5.0,
4.0,
13.0,
0.0,
245.0,
251.0,
255.0,
249.0,
239.0,
255.0,
255.0,
245.0,
93.0,
5.0,
0.0,
0.0,
4.0,
0.0,
0.0,
0.0,
0.0,
0.0,
0.0,
3.0,
0.0,
0.0,
0.0,
0.0,
0.0,
1.0,
23.0,
248.0,
234.0,
255.0,
249.0,
242.0,
255.0,
238.0,
255.0,
253.0,
240.0,
43.0,
7.0,
0.0,
5.0,
0.0,
0.0,
0.0,
0.0,
0.0,
0.0,
0.0,
0.0,
0.0,
0.0,
0.0,
0.0,
0.0,
49.0,
255.0,
234.0,
255.0,
251.0,
243.0,
255.0,
253.0,
254.0,
242.0,
255.0,
147.0,
0.0,
2.0,
0.0,
11.0,
0.0,
0.0,
0.0,
0.0,
0.0,
0.0,
0.0,
0.0,
0.0,
0.0,
0.0,
0.0,
50.0,
249.0,
255.0,
209.0,
94.0,
59.0,
97.0,
187.0,
243.0,
255.0,
250.0,
148.0,
0.0,
16.0,
13.0,
0.0,
0.0,
0.0,
0.0,
0.0,
0.0,
0.0,
0.0,
0.0,
0.0,
0.0,
0.0,
0.0,
52.0,
247.0,
255.0,
43.0,
10.0,
0.0,
14.0,
0.0,
252.0,
253.0,
246.0,
236.0,
18.0,
0.0,
0.0,
0.0,
0.0,
0.0,
0.0,
0.0,
0.0,
0.0,
0.0,
0.0,
0.0,
0.0,
0.0,
0.0,
20.0,
233.0,
252.0,
117.0,
13.0,
0.0,
0.0,
29.0,
255.0,
255.0,
254.0,
219.0,
0.0,
0.0,
1.0,
2.0,
0.0,
0.0,
0.0,
0.0,
0.0,
0.0,
0.0,
0.0,
0.0,
0.0,
0.0,
0.0,
0.0,
100.0,
255.0,
246.0,
134.0,
109.0,
127.0,
217.0,
251.0,
245.0,
248.0,
162.0,
0.0,
4.0,
8.0,
0.0,
0.0,
0.0,
0.0,
0.0,
0.0,
0.0,
0.0,
0.0,
0.0,
0.0,
0.0,
0.0,
9.0,
0.0,
247.0,
255.0,
253.0,
250.0,
255.0,
252.0,
255.0,
255.0,
250.0,
134.0,
5.0,
0.0,
0.0,
0.0,
0.0,
0.0,
0.0,
0.0,
0.0,
0.0,
0.0,
0.0,
0.0,
0.0,
0.0,
0.0,
6.0,
0.0,
153.0,
255.0,
246.0,
248.0,
233.0,
254.0,
245.0,
252.0,
171.0,
38.0,
0.0,
0.0,
13.0,
3.0,
0.0,
0.0,
0.0,
0.0,
0.0,
0.0,
0.0,
0.0,
0.0,
0.0,
0.0,
0.0,
0.0,
18.0,
0.0,
117.0,
255.0,
255.0,
255.0,
253.0,
200.0,
136.0,
0.0,
0.0,
11.0,
0.0,
0.0,
1.0,
0.0,
0.0,
0.0,
0.0,
0.0,
0.0,
0.0,
0.0,
0.0,
0.0,
0.0,
0.0,
0.0,
2.0,
34.0,
158.0,
255.0,
255.0,
180.0,
74.0,
0.0,
0.0,
0.0,
0.0,
0.0,
0.0,
0.0,
0.0,
0.0,
0.0,
0.0,
0.0,
0.0,
0.0,
0.0,
0.0,
0.0,
0.0,
0.0,
0.0,
0.0,
1.0,
0.0,
7.0,
3.0,
0.0,
3.0,
2.0,
0.0,
0.0,
0.0,
0.0,
0.0,
0.0,
0.0,
0.0,
0.0,
0.0,
0.0,
0.0,
0.0,
0.0,
0.0,
0.0,
0.0,
0.0,
0.0,
0.0,
9.0,
10.0,
0.0,
5.0,
3.0,
0.0,
1.0,
0.0,
0.0,
0.0,
0.0,
0.0,
0.0,
0.0,
0.0,
0.0,
0.0,
0.0,
0.0,
0.0,
0.0,
0.0,
0.0,
0.0,
0.0,
0.0,
0.0,
0.0,
0.0,
0.0,
0.0,
0.0,
4.0,
3.0,
3.0,
0.0,
0.0,
0.0,
0.0,
0.0,
0.0,
0.0,
0.0,
0.0,
0.0,
0.0,
0.0,
0.0,
