2.0,
0.0,
2.0,
0.0,
0.0,
3.0,
0.0,
2.0,
0.0,
7.0,
9.0,
0.0,
0.0,
7.0,
0.0,
3.0,
0.0,
0.0,
0.0,
7.0,
0.0,
3.0,
3.0,
3.0,
0.0,
0.0,
0.0,
0.0,
1.0,
0.0,
3.0,
1.0,
0.0,
0.0,
0.0,
4.0,
0.0,
10.0,
0.0,
4.0,
11.0,
0.0,
7.0,
0.0,
11.0,
9.0,
0.0,
0.0,
0.0,
2.0,
0.0,
0.0,
0.0,
0.0,
0.0,
0.0,
5.0,
0.0,
0.0,
6.0,
1.0,
0.0,
7.0,
8.0,
14.0,
4.0,
0.0,
0.0,
0.0,
4.0,
0.0,
11.0,
0.0,
2.0,
0.0,
0.0,
7.0,
3.0,
0.0,
4.0,
0.0,
0.0,
0.0,
0.0,
5.0,
0.0,
0.0,
10.0,
1.0,
0.0,
0.0,
0.0,
0.0,
9.0,
0.0,
10.0,
15.0,
0.0,
1.0,
0.0,
13.0,
16.0,
0.0,
0.0,
5.0,
7.0,
0.0,
0.0,
0.0,
0.0,
0.0,
0.0,
0.0,
0.0,
0.0,
9.0,
0.0,
0.0,
44.0,
46.0,
99.0,
109.0,
219.0,
238.0,
255.0,
255.0,
169.0,
188.0,
96.0,
65.0,
14.0,
3.0,
0.0,
6.0,
1.0,
3.0,
0.0,
0.0,
0.0,
0.0,
0.0,
3.0,
0.0,
2.0,
0.0,
62.0,
194.0,
240.0,
252.0,
254.0,
255.0,
253.0,
254.0,
249.0,
239.0,
251.0,
255.0,
240.0,
194.0,
154.0,
8.0,
0.0,
0.0,
0.0,
0.0,
0.0,
0.0,
0.0,
0.0,
6.0,
0.0,
0.0,
1.0,
87.0,
235.0,
255.0,
254.0,
241.0,
231.0,
209.0,
214.0,
226.0,
214.0,
226.0,
249.0,
252.0,
255.0,
241.0,
6.0,
0.0,
5.0,
12.0,
0.0,
0.0,
0.0,
0.0,
0.0,
6.0,
0.0,
3.0,
0.0,
37.0,
119.0,
95.0,
110.0,
112.0,
26.0,
9.0,
4.0,
0.0,
16.0,
0.0,
255.0,
246.0,
255.0,
255.0,
0.0,
0.0,
7.0,
0.0,
0.0,
0.0,
0.0,
0.0,
0.0,
0.0,
0.0,
0.0,
0.0,
0.0,
0.0,
0.0,
0.0,
6.0,
0.0,
2.0,
1.0,
0.0,
12.0,
57.0,
244.0,
255.0,
239.0,
107.0,
8.0,
9.0,
0.0,
3.0,
0.0,
0.0,
0.0,
0.0,
0.0,
0.0,
0.0,
0.0,
0.0,
0.0,
0.0,
0.0,
1.0,
5.0,
13.0,
0.0,
3.0,
3.0,
145.0,
237.0,
255.0,
244.0,
231.0,
5.0,
0.0,
0.0,
15.0,
0.0,
0.0,
0.0,
0.0,
0.0,
0.0,
0.0,
0.0,
0.0,
0.0,
0.0,
0.0,
0.0,
0.0,
10.0,
0.0,
12.0,
31.0,
157.0,
239.0,
255.0,
234.0,
201.0,
60.0,
0.0,
15.0,
15.0,
0.0,
6.0,
0.0,
0.0,
0.0,
0.0,
0.0,
0.0,
0.0,
0.0,
0.0,
0.0,
0.0,
0.0,
14.0,
0.0,
98.0,
158.0,
244.0,
250.0,
255.0,
231.0,
255.0,
187.0,
0.0,
4.0,
10.0,
0.0,
0.0,
14.0,
0.0,
0.0,
0.0,
0.0,
0.0,
0.0,
0.0,
0.0,
0.0,
0.0,
0.0,
0.0,
0.0,
29.0,
220.0,
255.0,
253.0,
246.0,
245.0,
255.0,
255.0,
255.0,
143.0,
107.0,
0.0,
5.0,
25.0,
0.0,
0.0,
0.0,
0.0,
0.0,
0.0,
0.0,
0.0,
0.0,
0.0,
0.0,
0.0,
0.0,
0.0,
74.0,
255.0,
255.0,
235.0,
255.0,
250.0,
237.0,
252.0,
241.0,
255.0,
250.0,
217.0,
72.0,
0.0,
4.0,
0.0,
0.0,
0.0,
0.0,
0.0,
0.0,
0.0,
0.0,
0.0,
0.0,
0.0,
0.0,
0.0,
34.0,
86.0,
213.0,
156.0,
206.0,
102.0,
89.0,
133.0,
216.0,
226.0,
250.0,
252.0,
232.0,
69.0,
0.0,
0.0,
0.0,
0.0,
0.0,
0.0,
0.0,
0.0,
0.0,
0.0,
0.0,
0.0,
0.0,
3.0,
0.0,
0.0,
8.0,
0.0,
0.0,
4.0,
0.0,
0.0,
15.0,
71.0,
198.0,
248.0,
249.0,
211.0,
3.0,
0.0,
0.0,
0.0,
0.0,
1.0,
0.0,
2.0,
0.0,
0.0,
15.0,
0.0,
0.0,
5.0,
2.0,
0.0,
10.0,
0.0,
8.0,
1.0,
0.0,
11.0,
0.0,
0.0,
11.0,
191.0,
244.0,
219.0,
1.0,
0.0,
0.0,
0.0,
0.0,
0.0,
0.0,
0.0,
9.0,
15.0,
0.0,
0.0,
6.0,
0.0,
0.0,
0.0,
6.0,
0.0,
0.0,
0.0,
4.0,
0.0,
3.0,
7.0,
0.0,
126.0,
255.0,
205.0,
4.0,
0.0,
0.0,
0.0,
0.0,
0.0,
12.0,
0.0,
0.0,
4.0,
0.0,
20.0,
0.0,
8.0,
2.0,
5.0,
0.0,
1.0,
7.0,
10.0,
0.0,
14.0,
0.0,
0.0,
36.0,
116.0,
248.0,
215.0,
3.0,
0.0,
0.0,
0.0,
0.0,
10.0,
0.0,
4.0,
7.0,
5.0,
111.0,
163.0,
52.0,
1.0,
0.0,
9.0,
0.0,
0.0,
0.0,
2.0,
3.0,
0.0,
0.0,
37.0,
199.0,
250.0,
255.0,
216.0,
0.0,
0.0,
0.0,
0.0,
0.0,
0.0,
13.0,
0.0,
1.0,
99.0,
255.0,
249.0,
250.0,
245.0,
142.0,
91.0,
97.0,
130.0,
111.0,
114.0,
112.0,
119.0,
238.0,
226.0,
249.0,
255.0,
209.0,
142.0,
0.0,
0.0,
0.0,
0.0,
0.0,
11.0,
0.0,
7.0,
0.0,
17.0,
226.0,
255.0,
255.0,
255.0,
246.0,
255.0,
255.0,
255.0,
242.0,
246.0,
245.0,
242.0,
255.0,
255.0,
255.0,
211.0,
47.0,
0.0,
18.0,
0.0,
0.0,
0.0,
0.0,
0.0,
0.0,
5.0,
0.0,
10.0,
167.0,
214.0,
247.0,
252.0,
253.0,
251.0,
249.0,
237.0,
254.0,
255.0,
255.0,
255.0,
248.0,
218.0,
123.0,
48.0,
1.0,
0.0,
2.0,
0.0,
0.0,
0.0,
0.0,
6.0,
2.0,
0.0,
5.0,
1.0,
0.0,
0.0,
58.0,
109.0,
100.0,
142.0,
242.0,
255.0,
252.0,
237.0,
255.0,
107.0,
114.0,
25.0,
0.0,
12.0,
1.0,
0.0,
0.0,
0.0,
0.0,
0.0,
0.0,
0.0,
0.0,
0.0,
0.0,
0.0,
0.0,
0.0,
0.0,
0.0,
0.0,
0.0,
0.0,
0.0,
0.0,
0.0,
0.0,
0.0,
0.0,
0.0,
0.0,
0.0,
0.0,
0.0,
0.0,
0.0,
0.0,
0.0,
0.0,
0.0,
0.0,
0.0,
0.0,
0.0,
0.0,
0.0,
0.0,
0.0,
0.0,
0.0,
0.0,
0.0,
0.0,
0.0,
0.0,
0.0,
0.0,
0.0,
0.0,
0.0,
0.0,
0.0,
0.0,
0.0,
0.0,
0.0,
0.0,
0.0,
0.0,
0.0,
0.0,
0.0,
0.0,
0.0,
0.0,
0.0,
0.0,
0.0,
0.0,
0.0,
0.0,
0.0,
0.0,
0.0,
0.0,
0.0,
0.0,
0.0,
0.0,
0.0,
0.0,
0.0,
0.0,
0.0,
0.0,
0.0,
0.0,
0.0,
0.0,
0.0,
0.0,
0.0,
0.0,
0.0,
0.0,
0.0,
0.0,
0.0,
0.0,
0.0,
0.0,
0.0,
0.0,
0.0,
0.0,
0.0,
0.0,
0.0,
0.0,
0.0,
0.0,
0.0,
0.0,
