0.0,
0.0,
0.0,
0.0,
0.0,
0.0,
0.0,
0.0,
6.0,
1.0,
0.0,
0.0,
1.0,
4.0,
1.0,
0.0,
0.0,
3.0,
5.0,
1.0,
0.0,
3.0,
3.0,
0.0,
0.0,
0.0,
0.0,
0.0,
0.0,
0.0,
0.0,
0.0,
0.0,
0.0,
0.0,
0.0,
0.0,
0.0,
3.0,
3.0,
0.0,
0.0,
0.0,
3.0,
0.0,
0.0,
0.0,
0.0,
0.0,
4.0,
4.0,
0.0,
0.0,
0.0,
0.0,
0.0,
0.0,
0.0,
0.0,
0.0,
0.0,
0.0,
0.0,
0.0,
12.0,
5.0,
0.0,
0.0,
1.0,
2.0,
0.0,
0.0,
2.0,
1.0,
0.0,
0.0,
0.0,
4.0,
3.0,
0.0,
0.0,
0.0,
0.0,
0.0,
0.0,
0.0,
0.0,
0.0,
0.0,
0.0,
0.0,
0.0,
0.0,
0.0,
0.0,
0.0,
0.0,
0.0,
2.0,
9.0,
3.0,
4.0,
3.0,
1.0,
1.0,
1.0,
0.0,
0.0,
0.0,
0.0,
0.0,
0.0,
0.0,
0.0,
0.0,
0.0,
0.0,
0.0,
0.0,
0.0,
11.0,
6.0,
1.0,
2.0,
6.0,
4.0,
0.0,
0.0,
0.0,
0.0,
4.0,
5.0,
1.0,
0.0,
0.0,
1.0,
0.0,
0.0,
0.0,
0.0,
0.0,
0.0,
0.0,
0.0,
0.0,
0.0,
0.0,
0.0,
7.0,
2.0,
0.0,
0.0,
0.0,
1.0,
2.0,
2.0,
0.0,
0.0,
0.0,
2.0,
1.0,
0.0,
0.0,
2.0,
0.0,
0.0,
0.0,
0.0,
0.0,
0.0,
0.0,
0.0,
0.0,
0.0,
0.0,
0.0,
0.0,
0.0,
58.0,
160.0,
241.0,
228.0,
127.0,
30.0,
10.0,
1.0,
0.0,
0.0,
2.0,
1.0,
0.0,
0.0,
0.0,
0.0,
0.0,
0.0,
0.0,
0.0,
0.0,
0.0,
0.0,
0.0,
0.0,
0.0,
1.0,
89.0,
199.0,
255.0,
255.0,
245.0,
239.0,
246.0,
31.0,
12.0,
0.0,
0.0,
5.0,
5.0,
0.0,
0.0,
0.0,
0.0,
0.0,
0.0,
0.0,
0.0,
2.0,
7.0,
0.0,
0.0,
5.0,
0.0,
86.0,
248.0,
255.0,
212.0,
91.0,
54.0,
115.0,
213.0,
212.0,
12.0,
8.0,
0.0,
0.0,
10.0,
1.0,
0.0,
0.0,
0.0,
0.0,
0.0,
0.0,
3.0,
0.0,
0.0,
2.0,
4.0,
0.0,
14.0,
201.0,
255.0,
160.0,
9.0,
10.0,
0.0,
0.0,
63.0,
252.0,
121.0,
0.0,
0.0,
17.0,
0.0,
0.0,
9.0,
0.0,
0.0,
0.0,
0.0,
0.0,
9.0,
3.0,
1.0,
0.0,
0.0,
25.0,
158.0,
242.0,
215.0,
5.0,
0.0,
2.0,
3.0,
1.0,
5.0,
251.0,
166.0,
0.0,
0.0,
5.0,
0.0,
0.0,
5.0,
0.0,
0.0,
0.0,
0.0,
2.0,
0.0,
0.0,
8.0,
6.0,
0.0,
0.0,
152.0,
255.0,
73.0,
11.0,
0.0,
1.0,
0.0,
0.0,
109.0,
255.0,
99.0,
9.0,
0.0,
0.0,
12.0,
0.0,
0.0,
0.0,
0.0,
0.0,
0.0,
0.0,
11.0,
1.0,
2.0,
0.0,
0.0,
10.0,
184.0,
155.0,
0.0,
6.0,
0.0,
3.0,
0.0,
63.0,
244.0,
213.0,
16.0,
2.0,
7.0,
0.0,
8.0,
0.0,
0.0,
0.0,
0.0,
0.0,
0.0,
0.0,
9.0,
0.0,
0.0,
5.0,
18.0,
0.0,
8.0,
11.0,
0.0,
0.0,
61.0,
41.0,
85.0,
205.0,
240.0,
42.0,
0.0,
2.0,
3.0,
3.0,
0.0,
4.0,
4.0,
0.0,
0.0,
0.0,
0.0,
0.0,
10.0,
3.0,
0.0,
0.0,
6.0,
1.0,
11.0,
0.0,
37.0,
211.0,
236.0,
248.0,
248.0,
252.0,
154.0,
9.0,
5.0,
1.0,
0.0,
0.0,
0.0,
6.0,
1.0,
0.0,
0.0,
0.0,
0.0,
2.0,
0.0,
0.0,
9.0,
4.0,
0.0,
0.0,
0.0,
7.0,
140.0,
253.0,
255.0,
255.0,
255.0,
255.0,
251.0,
180.0,
51.0,
0.0,
7.0,
0.0,
7.0,
0.0,
3.0,
0.0,
0.0,
0.0,
0.0,
0.0,
0.0,
0.0,
0.0,
0.0,
0.0,
0.0,
0.0,
21.0,
201.0,
255.0,
175.0,
94.0,
49.0,
105.0,
238.0,
253.0,
234.0,
121.0,
5.0,
0.0,
0.0,
0.0,
4.0,
0.0,
0.0,
0.0,
0.0,
0.0,
0.0,
0.0,
0.0,
0.0,
0.0,
0.0,
0.0,
0.0,
15.0,
7.0,
0.0,
7.0,
6.0,
0.0,
3.0,
118.0,
232.0,
247.0,
196.0,
32.0,
1.0,
11.0,
0.0,
0.0,
0.0,
0.0,
0.0,
0.0,
0.0,
0.0,
0.0,
0.0,
0.0,
0.0,
0.0,
7.0,
0.0,
0.0,
6.0,
1.0,
0.0,
2.0,
0.0,
5.0,
93.0,
208.0,
248.0,
167.0,
0.0,
8.0,
0.0,
0.0,
0.0,
0.0,
0.0,
0.0,
0.0,
0.0,
0.0,
0.0,
0.0,
0.0,
0.0,
2.0,
0.0,
4.0,
15.0,
0.0,
0.0,
2.0,
3.0,
0.0,
0.0,
34.0,
193.0,
255.0,
112.0,
0.0,
10.0,
0.0,
0.0,
0.0,
0.0,
0.0,
0.0,
0.0,
0.0,
0.0,
0.0,
0.0,
0.0,
4.0,
1.0,
0.0,
0.0,
5.0,
7.0,
0.0,
0.0,
6.0,
0.0,
0.0,
82.0,
247.0,
217.0,
3.0,
0.0,
0.0,
0.0,
0.0,
0.0,
0.0,
0.0,
0.0,
0.0,
0.0,
0.0,
0.0,
0.0,
0.0,
11.0,
5.0,
0.0,
1.0,
2.0,
0.0,
3.0,
6.0,
0.0,
15.0,
0.0,
158.0,
238.0,
49.0,
0.0,
0.0,
0.0,
0.0,
0.0,
0.0,
0.0,
0.0,
0.0,
0.0,
0.0,
0.0,
0.0,
0.0,
3.0,
0.0,
0.0,
1.0,
5.0,
0.0,
0.0,
6.0,
0.0,
0.0,
0.0,
88.0,
255.0,
47.0,
16.0,
0.0,
0.0,
0.0,
0.0,
0.0,
0.0,
0.0,
0.0,
0.0,
0.0,
0.0,
0.0,
4.0,
0.0,
4.0,
9.0,
0.0,
0.0,
5.0,
3.0,
0.0,
0.0,
16.0,
0.0,
110.0,
239.0,
25.0,
0.0,
0.0,
0.0,
0.0,
0.0,
0.0,
0.0,
0.0,
0.0,
0.0,
0.0,
0.0,
0.0,
0.0,
0.0,
0.0,
0.0,
0.0,
0.0,
0.0,
0.0,
7.0,
0.0,
5.0,
134.0,
255.0,
182.0,
21.0,
0.0,
0.0,
0.0,
0.0,
0.0,
0.0,
0.0,
0.0,
0.0,
0.0,
0.0,
0.0,
0.0,
0.0,
0.0,
0.0,
0.0,
0.0,
0.0,
0.0,
0.0,
0.0,
1.0,
92.0,
238.0,
252.0,
92.0,
0.0,
21.0,
0.0,
0.0,
0.0,
0.0,
0.0,
0.0,
0.0,
0.0,
0.0,
0.0,
0.0,
0.0,
0.0,
0.0,
0.0,
0.0,
0.0,
0.0,
0.0,
0.0,
6.0,
0.0,
6.0,
11.0,
0.0,
0.0,
2.0,
0.0,
0.0,
0.0,
0.0,
0.0,
0.0,
0.0,
0.0,
0.0,
0.0,
0.0,
0.0,
0.0,
0.0,
0.0,
0.0,
0.0,
0.0,
0.0,
0.0,
0.0,
0.0,
0.0,
7.0,
0.0,
0.0,
10.0,
19.0,
0.0,
0.0,
0.0,
0.0,
0.0,
