0.0,
0.0,
1.0,
1.0,
3.0,
5.0,
3.0,
0.0,
4.0,
0.0,
0.0,
2.0,
1.0,
0.0,
0.0,
6.0,
0.0,
0.0,
2.0,
0.0,
1.0,
0.0,
13.0,
0.0,
0.0,
0.0,
0.0,
0.0,
0.0,
2.0,
2.0,
0.0,
0.0,
0.0,
0.0,
0.0,
0.0,
3.0,
8.0,
0.0,
1.0,
16.0,
10.0,
0.0,
5.0,
6.0,
10.0,
0.0,
10.0,
0.0,
0.0,
2.0,
0.0,
0.0,
0.0,
0.0,
1.0,
2.0,
3.0,
0.0,
0.0,
0.0,
0.0,
2.0,
10.0,
0.0,
0.0,
2.0,
0.0,
0.0,
0.0,
14.0,
0.0,
0.0,
0.0,
0.0,
4.0,
3.0,
0.0,
8.0,
0.0,
0.0,
0.0,
0.0,
3.0,
0.0,
0.0,
2.0,
2.0,
0.0,
1.0,
4.0,
0.0,
2.0,
1.0,
0.0,
3.0,
11.0,
6.0,
0.0,
5.0,
7.0,
19.0,
3.0,
4.0,
7.0,
0.0,
0.0,
0.0,
0.0,
0.0,
0.0,
5.0,
0.0,
0.0,
2.0,
5.0,
1.0,
0.0,
0.0,
0.0,
2.0,
4.0,
0.0,
0.0,
2.0,
0.0,
0.0,
13.0,
0.0,
0.0,
0.0,
0.0,
0.0,
3.0,
9.0,
0.0,
0.0,
0.0,
0.0,
6.0,
0.0,
0.0,
1.0,
2.0,
0.0,
0.0,
0.0,
5.0,
0.0,
30.0,
126.0,
218.0,
255.0,
255.0,
255.0,
223.0,
110.0,
3.0,
7.0,
3.0,
0.0,
0.0,
0.0,
0.0,
0.0,
0.0,
0.0,
3.0,
0.0,
0.0,
2.0,
0.0,
0.0,
1.0,
15.0,
67.0,
155.0,
238.0,
255.0,
247.0,
245.0,
249.0,
246.0,
255.0,
211.0,
31.0,
0.0,
0.0,
4.0,
7.0,
0.0,
0.0,
0.0,
0.0,
0.0,
0.0,
0.0,
1.0,
4.0,
0.0,
0.0,
12.0,
37.0,
243.0,
248.0,
255.0,
252.0,
225.0,
191.0,
176.0,
178.0,
208.0,
255.0,
100.0,
5.0,
0.0,
0.0,
8.0,
0.0,
0.0,
0.0,
0.0,
0.0,
10.0,
0.0,
8.0,
0.0,
5.0,
0.0,
0.0,
167.0,
254.0,
255.0,
248.0,
69.0,
16.0,
3.0,
0.0,
5.0,
114.0,
243.0,
202.0,
0.0,
0.0,
9.0,
0.0,
0.0,
0.0,
0.0,
0.0,
0.0,
0.0,
0.0,
4.0,
0.0,
9.0,
7.0,
12.0,
126.0,
251.0,
253.0,
149.0,
19.0,
2.0,
4.0,
4.0,
0.0,
111.0,
255.0,
223.0,
0.0,
0.0,
3.0,
0.0,
0.0,
0.0,
0.0,
0.0,
0.0,
3.0,
10.0,
12.0,
0.0,
0.0,
0.0,
0.0,
29.0,
31.0,
30.0,
3.0,
0.0,
0.0,
3.0,
19.0,
0.0,
112.0,
247.0,
224.0,
8.0,
0.0,
0.0,
0.0,
1.0,
0.0,
0.0,
0.0,
0.0,
0.0,
6.0,
2.0,
0.0,
0.0,
0.0,
0.0,
0.0,
6.0,
2.0,
2.0,
20.0,
87.0,
128.0,
98.0,
138.0,
235.0,
255.0,
169.0,
0.0,
6.0,
9.0,
1.0,
0.0,
0.0,
0.0,
0.0,
0.0,
0.0,
0.0,
0.0,
3.0,
4.0,
2.0,
11.0,
0.0,
0.0,
57.0,
181.0,
233.0,
253.0,
255.0,
255.0,
243.0,
255.0,
252.0,
164.0,
5.0,
0.0,
0.0,
0.0,
2.0,
0.0,
0.0,
0.0,
0.0,
6.0,
7.0,
0.0,
3.0,
1.0,
0.0,
0.0,
0.0,
0.0,
196.0,
255.0,
255.0,
255.0,
230.0,
249.0,
254.0,
242.0,
255.0,
224.0,
84.0,
0.0,
0.0,
1.0,
6.0,
0.0,
0.0,
0.0,
0.0,
0.0,
0.0,
0.0,
0.0,
1.0,
2.0,
0.0,
7.0,
61.0,
226.0,
255.0,
255.0,
253.0,
255.0,
254.0,
201.0,
224.0,
251.0,
251.0,
167.0,
24.0,
14.0,
6.0,
0.0,
0.0,
0.0,
0.0,
0.0,
2.0,
7.0,
8.0,
0.0,
3.0,
9.0,
0.0,
2.0,
22.0,
163.0,
179.0,
171.0,
168.0,
162.0,
45.0,
17.0,
21.0,
127.0,
254.0,
255.0,
62.0,
2.0,
0.0,
6.0,
0.0,
0.0,
0.0,
0.0,
0.0,
0.0,
0.0,
0.0,
0.0,
0.0,
0.0,
0.0,
10.0,
2.0,
0.0,
0.0,
0.0,
4.0,
6.0,
0.0,
0.0,
26.0,
255.0,
251.0,
165.0,
0.0,
8.0,
0.0,
0.0,
0.0,
0.0,
0.0,
0.0,
0.0,
0.0,
0.0,
0.0,
0.0,
0.0,
0.0,
0.0,
13.0,
59.0,
55.0,
23.0,
0.0,
0.0,
0.0,
21.0,
0.0,
97.0,
255.0,
191.0,
9.0,
0.0,
0.0,
0.0,
0.0,
0.0,
0.0,
0.0,
0.0,
0.0,
0.0,
0.0,
0.0,
0.0,
0.0,
4.0,
103.0,
255.0,
208.0,
0.0,
18.0,
0.0,
7.0,
0.0,
0.0,
30.0,
255.0,
163.0,
15.0,
4.0,
5.0,
0.0,
0.0,
0.0,
0.0,
0.0,
0.0,
0.0,
0.0,
0.0,
0.0,
0.0,
0.0,
0.0,
117.0,
252.0,
134.0,
3.0,
9.0,
0.0,
5.0,
13.0,
1.0,
37.0,
255.0,
186.0,
2.0,
0.0,
0.0,
0.0,
0.0,
0.0,
0.0,
0.0,
0.0,
0.0,
0.0,
0.0,
0.0,
0.0,
0.0,
0.0,
102.0,
255.0,
219.0,
101.0,
10.0,
17.0,
0.0,
0.0,
0.0,
117.0,
254.0,
196.0,
0.0,
0.0,
6.0,
0.0,
0.0,
0.0,
0.0,
0.0,
0.0,
0.0,
0.0,
0.0,
0.0,
0.0,
0.0,
6.0,
97.0,
255.0,
255.0,
241.0,
185.0,
50.0,
67.0,
64.0,
94.0,
247.0,
254.0,
183.0,
0.0,
9.0,
9.0,
0.0,
0.0,
0.0,
0.0,
0.0,
0.0,
0.0,
0.0,
0.0,
0.0,
0.0,
0.0,
0.0,
8.0,
250.0,
241.0,
255.0,
255.0,
238.0,
255.0,
255.0,
221.0,
255.0,
247.0,
153.0,
11.0,
0.0,
0.0,
0.0,
0.0,
0.0,
0.0,
0.0,
0.0,
0.0,
0.0,
0.0,
0.0,
0.0,
0.0,
6.0,
6.0,
88.0,
221.0,
242.0,
250.0,
255.0,
249.0,
248.0,
255.0,
250.0,
160.0,
20.0,
1.0,
0.0,
3.0,
0.0,
0.0,
0.0,
0.0,
0.0,
0.0,
0.0,
0.0,
0.0,
0.0,
0.0,
0.0,
3.0,
0.0,
0.0,
28.0,
125.0,
223.0,
255.0,
252.0,
196.0,
140.0,
65.0,
12.0,
0.0,
0.0,
2.0,
4.0,
0.0,
0.0,
0.0,
0.0,
0.0,
0.0,
0.0,
0.0,
0.0,
0.0,
0.0,
0.0,
1.0,
11.0,
11.0,
0.0,
0.0,
2.0,
2.0,
0.0,
4.0,
0.0,
0.0,
1.0,
10.0,
11.0,
2.0,
0.0,
0.0,
0.0,
0.0,
0.0,
0.0,
0.0,
0.0,
0.0,
0.0,
0.0,
0.0,
0.0,
0.0,
0.0,
4.0,
2.0,
0.0,
0.0,
4.0,
5.0,
0.0,
0.0,
0.0,
0.0,
0.0,
0.0,
0.0,
1.0,
0.0,
0.0,
0.0,
0.0,
0.0,
0.0,
0.0,
0.0,
0.0,
0.0,
0.0,
0.0,
14.0,
1.0,
0.0,
0.0,
0.0,
2.0,
0.0,
0.0,
7.0,
7.0,
6.0,
3.0,
0.0,
0.0,
0.0,
0.0,
0.0,
0.0,
0.0,
0.0,
