0.0,
0.0,
0.0,
0.0,
0.0,
0.0,
0.0,
0.0,
3.0,
4.0,
0.0,
1.0,
3.0,
0.0,
3.0,
0.0,
2.0,
2.0,
0.0,
2.0,
2.0,
0.0,
0.0,
1.0,
0.0,
0.0,
0.0,
0.0,
0.0,
0.0,
0.0,
0.0,
0.0,
0.0,
0.0,
0.0,
2.0,
0.0,
0.0,
5.0,
7.0,
0.0,
1.0,
0.0,
0.0,
4.0,
6.0,
0.0,
0.0,
1.0,
11.0,
2.0,
0.0,
0.0,
0.0,
0.0,
0.0,
0.0,
0.0,
0.0,
0.0,
0.0,
0.0,
0.0,
8.0,
2.0,
5.0,
0.0,
0.0,
10.0,
4.0,
0.0,
6.0,
0.0,
0.0,
6.0,
8.0,
3.0,
0.0,
0.0,
0.0,
0.0,
0.0,
0.0,
0.0,
0.0,
0.0,
0.0,
0.0,
0.0,
0.0,
0.0,
0.0,
0.0,
4.0,
8.0,
0.0,
0.0,
0.0,
2.0,
8.0,
0.0,
0.0,
3.0,
0.0,
0.0,
5.0,
12.0,
0.0,
0.0,
0.0,
0.0,
0.0,
0.0,
0.0,
0.0,
0.0,
0.0,
0.0,
0.0,
0.0,
0.0,
0.0,
11.0,
0.0,
10.0,
84.0,
205.0,
248.0,
255.0,
246.0,
118.0,
0.0,
0.0,
0.0,
0.0,
0.0,
0.0,
0.0,
0.0,
0.0,
0.0,
0.0,
0.0,
0.0,
0.0,
0.0,
0.0,
0.0,
76.0,
81.0,
124.0,
163.0,
213.0,
224.0,
244.0,
242.0,
255.0,
255.0,
131.0,
1.0,
0.0,
8.0,
5.0,
0.0,
0.0,
0.0,
0.0,
0.0,
0.0,
0.0,
0.0,
0.0,
0.0,
0.0,
0.0,
0.0,
221.0,
255.0,
251.0,
231.0,
255.0,
255.0,
255.0,
255.0,
245.0,
249.0,
143.0,
20.0,
0.0,
0.0,
0.0,
0.0,
0.0,
0.0,
0.0,
0.0,
0.0,
0.0,
0.0,
0.0,
0.0,
0.0,
0.0,
0.0,
222.0,
243.0,
255.0,
255.0,
254.0,
248.0,
249.0,
253.0,
248.0,
250.0,
119.0,
0.0,
0.0,
5.0,
1.0,
0.0,
0.0,
0.0,
0.0,
0.0,
0.0,
0.0,
0.0,
0.0,
0.0,
0.0,
0.0,
7.0,
144.0,
255.0,
198.0,
75.0,
134.0,
255.0,
244.0,
244.0,
229.0,
31.0,
0.0,
0.0,
14.0,
0.0,
8.0,
0.0,
0.0,
0.0,
0.0,
0.0,
0.0,
0.0,
0.0,
0.0,
0.0,
0.0,
0.0,
2.0,
6.0,
35.0,
10.0,
105.0,
245.0,
246.0,
255.0,
46.0,
7.0,
21.0,
0.0,
6.0,
1.0,
0.0,
0.0,
0.0,
0.0,
0.0,
0.0,
0.0,
0.0,
0.0,
0.0,
0.0,
0.0,
0.0,
0.0,
0.0,
14.0,
11.0,
0.0,
115.0,
255.0,
230.0,
158.0,
0.0,
4.0,
0.0,
0.0,
0.0,
0.0,
6.0,
4.0,
0.0,
0.0,
0.0,
0.0,
0.0,
0.0,
0.0,
0.0,
0.0,
0.0,
0.0,
0.0,
0.0,
0.0,
0.0,
3.0,
102.0,
238.0,
255.0,
255.0,
2.0,
19.0,
0.0,
11.0,
3.0,
0.0,
8.0,
0.0,
0.0,
0.0,
0.0,
0.0,
0.0,
0.0,
0.0,
0.0,
0.0,
0.0,
0.0,
0.0,
11.0,
0.0,
5.0,
0.0,
112.0,
255.0,
241.0,
245.0,
72.0,
0.0,
9.0,
8.0,
0.0,
3.0,
3.0,
0.0,
0.0,
0.0,
0.0,
0.0,
0.0,
0.0,
0.0,
0.0,
0.0,
0.0,
0.0,
0.0,
0.0,
0.0,
7.0,
0.0,
28.0,
172.0,
255.0,
255.0,
225.0,
94.0,
9.0,
0.0,
0.0,
5.0,
0.0,
9.0,
0.0,
0.0,
0.0,
0.0,
0.0,
0.0,
0.0,
0.0,
0.0,
0.0,
0.0,
0.0,
0.0,
0.0,
0.0,
36.0,
0.0,
19.0,
198.0,
255.0,
255.0,
226.0,
63.0,
0.0,
9.0,
12.0,
0.0,
4.0,
0.0,
0.0,
0.0,
0.0,
0.0,
0.0,
0.0,
0.0,
0.0,
0.0,
0.0,
0.0,
3.0,
8.0,
0.0,
0.0,
0.0,
5.0,
86.0,
181.0,
255.0,
247.0,
215.0,
10.0,
0.0,
0.0,
3.0,
0.0,
0.0,
0.0,
0.0,
0.0,
1.0,
1.0,
4.0,
6.0,
3.0,
0.0,
0.0,
1.0,
4.0,
4.0,
6.0,
0.0,
8.0,
0.0,
1.0,
3.0,
255.0,
255.0,
255.0,
112.0,
0.0,
2.0,
4.0,
2.0,
0.0,
0.0,
0.0,
0.0,
0.0,
5.0,
4.0,
0.0,
0.0,
0.0,
1.0,
6.0,
0.0,
0.0,
0.0,
0.0,
8.0,
9.0,
3.0,
0.0,
105.0,
222.0,
255.0,
206.0,
62.0,
7.0,
0.0,
0.0,
0.0,
0.0,
0.0,
0.0,
0.0,
4.0,
0.0,
0.0,
2.0,
5.0,
1.0,
1.0,
12.0,
7.0,
0.0,
1.0,
0.0,
0.0,
0.0,
15.0,
0.0,
225.0,
255.0,
248.0,
151.0,
15.0,
0.0,
9.0,
0.0,
0.0,
0.0,
0.0,
0.0,
0.0,
0.0,
2.0,
14.0,
1.0,
0.0,
1.0,
0.0,
0.0,
0.0,
12.0,
0.0,
7.0,
0.0,
0.0,
9.0,
209.0,
243.0,
255.0,
254.0,
37.0,
0.0,
0.0,
0.0,
0.0,
0.0,
0.0,
5.0,
0.0,
0.0,
5.0,
8.0,
0.0,
4.0,
73.0,
0.0,
12.0,
0.0,
0.0,
5.0,
94.0,
123.0,
105.0,
241.0,
255.0,
248.0,
255.0,
216.0,
16.0,
0.0,
7.0,
0.0,
0.0,
0.0,
0.0,
0.0,
0.0,
0.0,
4.0,
0.0,
0.0,
68.0,
209.0,
215.0,
213.0,
218.0,
221.0,
209.0,
239.0,
255.0,
248.0,
255.0,
243.0,
255.0,
249.0,
91.0,
4.0,
12.0,
0.0,
0.0,
0.0,
0.0,
0.0,
0.0,
2.0,
0.0,
0.0,
0.0,
3.0,
111.0,
255.0,
255.0,
239.0,
254.0,
255.0,
250.0,
245.0,
255.0,
252.0,
252.0,
248.0,
225.0,
149.0,
0.0,
0.0,
14.0,
0.0,
0.0,
0.0,
0.0,
0.0,
0.0,
8.0,
0.0,
0.0,
2.0,
8.0,
100.0,
249.0,
252.0,
250.0,
255.0,
245.0,
255.0,
255.0,
219.0,
106.0,
111.0,
99.0,
38.0,
0.0,
4.0,
2.0,
0.0,
3.0,
0.0,
0.0,
0.0,
0.0,
0.0,
0.0,
0.0,
0.0,
0.0,
0.0,
0.0,
0.0,
0.0,
0.0,
0.0,
0.0,
0.0,
0.0,
0.0,
0.0,
0.0,
0.0,
0.0,
0.0,
0.0,
0.0,
0.0,
0.0,
0.0,
0.0,
0.0,
0.0,
0.0,
0.0,
0.0,
0.0,
0.0,
0.0,
0.0,
0.0,
0.0,
0.0,
0.0,
0.0,
0.0,
0.0,
0.0,
0.0,
0.0,
0.0,
0.0,
0.0,
0.0,
0.0,
0.0,
0.0,
0.0,
0.0,
0.0,
0.0,
0.0,
0.0,
0.0,
0.0,
0.0,
0.0,
0.0,
0.0,
0.0,
0.0,
0.0,
0.0,
0.0,
0.0,
0.0,
0.0,
0.0,
0.0,
0.0,
0.0,
0.0,
0.0,
0.0,
0.0,
0.0,
0.0,
0.0,
0.0,
0.0,
0.0,
0.0,
0.0,
0.0,
0.0,
0.0,
0.0,
0.0,
0.0,
0.0,
0.0,
0.0,
0.0,
0.0,
0.0,
0.0,
0.0,
0.0,
0.0,
0.0,
0.0,
0.0,
0.0,
0.0,
0.0,
0.0,
0.0,
