1.0,
0.0,
11.0,
4.0,
0.0,
0.0,
7.0,
1.0,
15.0,
0.0,
0.0,
0.0,
0.0,
1.0,
0.0,
1.0,
0.0,
5.0,
1.0,
0.0,
0.0,
3.0,
13.0,
0.0,
0.0,
0.0,
0.0,
0.0,
0.0,
5.0,
0.0,
0.0,
18.0,
10.0,
0.0,
3.0,
0.0,
24.0,
2.0,
8.0,
7.0,
0.0,
0.0,
0.0,
0.0,
0.0,
0.0,
1.0,
2.0,
1.0,
2.0,
0.0,
0.0,
0.0,
0.0,
0.0,
0.0,
7.0,
2.0,
0.0,
4.0,
9.0,
0.0,
9.0,
6.0,
7.0,
0.0,
0.0,
15.0,
0.0,
17.0,
2.0,
1.0,
0.0,
0.0,
0.0,
5.0,
0.0,
0.0,
2.0,
0.0,
0.0,
0.0,
0.0,
2.0,
0.0,
11.0,
4.0,
0.0,
6.0,
0.0,
0.0,
0.0,
0.0,
5.0,
0.0,
4.0,
5.0,
0.0,
3.0,
2.0,
4.0,
3.0,
0.0,
0.0,
0.0,
0.0,
8.0,
0.0,
0.0,
0.0,
0.0,
8.0,
0.0,
1.0,
11.0,
0.0,
10.0,
0.0,
42.0,
109.0,
250.0,
129.0,
206.0,
221.0,
175.0,
137.0,
1.0,
0.0,
0.0,
8.0,
0.0,
0.0,
4.0,
0.0,
6.0,
0.0,
0.0,
0.0,
0.0,
1.0,
3.0,
0.0,
3.0,
5.0,
1.0,
8.0,
188.0,
248.0,
217.0,
202.0,
214.0,
235.0,
250.0,
255.0,
172.0,
12.0,
0.0,
5.0,
0.0,
0.0,
10.0,
0.0,
0.0,
0.0,
0.0,
0.0,
0.0,
0.0,
12.0,
0.0,
0.0,
0.0,
0.0,
10.0,
238.0,
228.0,
96.0,
115.0,
51.0,
19.0,
19.0,
150.0,
253.0,
70.0,
0.0,
0.0,
4.0,
0.0,
8.0,
0.0,
0.0,
0.0,
0.0,
0.0,
0.0,
0.0,
0.0,
0.0,
2.0,
0.0,
10.0,
0.0,
143.0,
25.0,
9.0,
0.0,
0.0,
0.0,
4.0,
0.0,
207.0,
132.0,
6.0,
0.0,
5.0,
0.0,
2.0,
0.0,
2.0,
0.0,
0.0,
0.0,
0.0,
0.0,
0.0,
0.0,
0.0,
0.0,
0.0,
0.0,
0.0,
7.0,
0.0,
13.0,
7.0,
0.0,
1.0,
4.0,
174.0,
101.0,
5.0,
0.0,
6.0,
1.0,
0.0,
0.0,
3.0,
0.0,
0.0,
0.0,
0.0,
0.0,
0.0,
0.0,
0.0,
0.0,
0.0,
0.0,
0.0,
0.0,
0.0,
0.0,
0.0,
0.0,
9.0,
68.0,
254.0,
47.0,
6.0,
1.0,
0.0,
0.0,
0.0,
12.0,
0.0,
0.0,
0.0,
0.0,
0.0,
0.0,
0.0,
0.0,
0.0,
0.0,
0.0,
0.0,
0.0,
5.0,
16.0,
10.0,
5.0,
79.0,
201.0,
255.0,
239.0,
188.0,
93.0,
0.0,
27.0,
0.0,
2.0,
7.0,
4.0,
0.0,
0.0,
0.0,
0.0,
0.0,
0.0,
0.0,
0.0,
0.0,
0.0,
0.0,
0.0,
2.0,
0.0,
0.0,
105.0,
246.0,
237.0,
250.0,
240.0,
173.0,
254.0,
156.0,
94.0,
13.0,
5.0,
0.0,
1.0,
0.0,
0.0,
0.0,
0.0,
0.0,
0.0,
0.0,
0.0,
0.0,
0.0,
0.0,
0.0,
7.0,
0.0,
15.0,
138.0,
226.0,
229.0,
245.0,
140.0,
36.0,
58.0,
194.0,
255.0,
198.0,
0.0,
0.0,
0.0,
0.0,
0.0,
0.0,
0.0,
0.0,
0.0,
0.0,
0.0,
0.0,
0.0,
0.0,
0.0,
0.0,
13.0,
8.0,
33.0,
45.0,
0.0,
4.0,
4.0,
0.0,
3.0,
16.0,
79.0,
228.0,
127.0,
0.0,
24.0,
0.0,
0.0,
0.0,
0.0,
0.0,
0.0,
0.0,
0.0,
0.0,
0.0,
0.0,
0.0,
16.0,
0.0,
0.0,
1.0,
0.0,
5.0,
7.0,
0.0,
5.0,
19.0,
0.0,
3.0,
114.0,
224.0,
23.0,
0.0,
0.0,
0.0,
0.0,
0.0,
0.0,
0.0,
0.0,
0.0,
0.0,
0.0,
0.0,
0.0,
0.0,
3.0,
6.0,
0.0,
0.0,
20.0,
0.0,
3.0,
0.0,
0.0,
16.0,
8.0,
34.0,
248.0,
109.0,
5.0,
0.0,
0.0,
0.0,
0.0,
0.0,
0.0,
0.0,
0.0,
0.0,
0.0,
0.0,
0.0,
0.0,
5.0,
0.0,
12.0,
0.0,
0.0,
16.0,
0.0,
0.0,
0.0,
3.0,
0.0,
7.0,
172.0,
152.0,
0.0,
0.0,
0.0,
0.0,
0.0,
0.0,
0.0,
0.0,
0.0,
0.0,
0.0,
0.0,
0.0,
161.0,
0.0,
0.0,
15.0,
0.0,
0.0,
0.0,
1.0,
10.0,
0.0,
14.0,
0.0,
0.0,
168.0,
110.0,
6.0,
0.0,
0.0,
0.0,
0.0,
0.0,
0.0,
0.0,
0.0,
0.0,
0.0,
0.0,
0.0,
229.0,
15.0,
0.0,
6.0,
0.0,
22.0,
0.0,
3.0,
0.0,
0.0,
0.0,
0.0,
18.0,
201.0,
48.0,
1.0,
0.0,
0.0,
0.0,
0.0,
0.0,
0.0,
0.0,
0.0,
0.0,
0.0,
0.0,
0.0,
235.0,
117.0,
3.0,
0.0,
12.0,
0.0,
0.0,
5.0,
10.0,
0.0,
22.0,
0.0,
165.0,
162.0,
8.0,
0.0,
0.0,
0.0,
0.0,
0.0,
0.0,
0.0,
0.0,
0.0,
0.0,
0.0,
0.0,
0.0,
122.0,
243.0,
160.0,
35.0,
0.0,
0.0,
20.0,
1.0,
0.0,
5.0,
73.0,
180.0,
253.0,
136.0,
0.0,
10.0,
0.0,
0.0,
0.0,
0.0,
0.0,
0.0,
0.0,
0.0,
0.0,
0.0,
0.0,
0.0,
10.0,
126.0,
215.0,
255.0,
239.0,
185.0,
169.0,
181.0,
193.0,
194.0,
255.0,
255.0,
198.0,
37.0,
8.0,
0.0,
0.0,
0.0,
0.0,
0.0,
0.0,
0.0,
0.0,
0.0,
0.0,
0.0,
0.0,
0.0,
0.0,
0.0,
28.0,
112.0,
201.0,
255.0,
255.0,
255.0,
255.0,
245.0,
168.0,
125.0,
0.0,
0.0,
9.0,
4.0,
0.0,
0.0,
0.0,
0.0,
0.0,
0.0,
0.0,
0.0,
0.0,
0.0,
0.0,
0.0,
2.0,
11.0,
0.0,
8.0,
54.0,
74.0,
88.0,
71.0,
175.0,
121.0,
21.0,
0.0,
7.0,
10.0,
1.0,
0.0,
0.0,
0.0,
0.0,
0.0,
0.0,
0.0,
0.0,
0.0,
0.0,
0.0,
0.0,
0.0,
0.0,
0.0,
0.0,
0.0,
0.0,
0.0,
0.0,
0.0,
0.0,
0.0,
0.0,
0.0,
0.0,
0.0,
0.0,
0.0,
0.0,
0.0,
0.0,
0.0,
0.0,
0.0,
0.0,
0.0,
0.0,
0.0,
0.0,
0.0,
0.0,
0.0,
0.0,
0.0,
0.0,
0.0,
0.0,
0.0,
0.0,
0.0,
0.0,
0.0,
0.0,
0.0,
0.0,
0.0,
0.0,
0.0,
0.0,
0.0,
0.0,
0.0,
0.0,
0.0,
0.0,
0.0,
0.0,
0.0,
0.0,
0.0,
0.0,
0.0,
0.0,
0.0,
0.0,
0.0,
0.0,
0.0,
0.0,
0.0,
0.0,
0.0,
0.0,
0.0,
0.0,
0.0,
0.0,
0.0,
0.0,
0.0,
0.0,
0.0,
0.0,
0.0,
0.0,
0.0,
0.0,
0.0,
0.0,
0.0,
0.0,
0.0,
0.0,
0.0,
0.0,
0.0,
0.0,
0.0,
0.0,
0.0,
0.0,
0.0,
0.0,
0.0,
0.0,
0.0,
