0.0,
0.0,
0.0,
0.0,
0.0,
0.0,
0.0,
0.0,
4.0,
1.0,
0.0,
0.0,
3.0,
0.0,
0.0,
8.0,
0.0,
1.0,
6.0,
1.0,
0.0,
3.0,
0.0,
0.0,
0.0,
0.0,
0.0,
0.0,
0.0,
0.0,
0.0,
0.0,
0.0,
0.0,
0.0,
0.0,
0.0,
2.0,
7.0,
1.0,
2.0,
3.0,
0.0,
0.0,
10.0,
0.0,
11.0,
0.0,
1.0,
18.0,
0.0,
4.0,
0.0,
0.0,
0.0,
0.0,
0.0,
0.0,
0.0,
0.0,
0.0,
0.0,
0.0,
0.0,
6.0,
0.0,
0.0,
8.0,
1.0,
0.0,
4.0,
11.0,
3.0,
12.0,
0.0,
3.0,
10.0,
0.0,
23.0,
0.0,
0.0,
0.0,
0.0,
0.0,
0.0,
0.0,
0.0,
0.0,
0.0,
0.0,
0.0,
0.0,
9.0,
0.0,
0.0,
13.0,
0.0,
0.0,
0.0,
0.0,
0.0,
0.0,
2.0,
0.0,
0.0,
0.0,
7.0,
0.0,
0.0,
0.0,
0.0,
0.0,
0.0,
0.0,
0.0,
0.0,
0.0,
0.0,
0.0,
0.0,
7.0,
0.0,
35.0,
148.0,
208.0,
255.0,
229.0,
164.0,
70.0,
49.0,
0.0,
0.0,
0.0,
10.0,
3.0,
0.0,
0.0,
0.0,
0.0,
0.0,
0.0,
0.0,
0.0,
0.0,
0.0,
0.0,
0.0,
0.0,
0.0,
0.0,
102.0,
255.0,
255.0,
254.0,
249.0,
253.0,
250.0,
216.0,
63.0,
8.0,
11.0,
0.0,
11.0,
0.0,
0.0,
0.0,
0.0,
0.0,
0.0,
0.0,
0.0,
0.0,
0.0,
0.0,
0.0,
0.0,
0.0,
18.0,
136.0,
237.0,
113.0,
58.0,
110.0,
202.0,
255.0,
255.0,
218.0,
13.0,
0.0,
7.0,
0.0,
7.0,
0.0,
0.0,
0.0,
0.0,
0.0,
0.0,
0.0,
0.0,
0.0,
0.0,
0.0,
0.0,
7.0,
0.0,
22.0,
69.0,
0.0,
1.0,
10.0,
0.0,
48.0,
235.0,
255.0,
28.0,
3.0,
0.0,
13.0,
0.0,
0.0,
0.0,
0.0,
0.0,
0.0,
13.0,
0.0,
0.0,
3.0,
0.0,
6.0,
0.0,
0.0,
16.0,
6.0,
0.0,
2.0,
7.0,
0.0,
12.0,
104.0,
247.0,
255.0,
13.0,
0.0,
7.0,
11.0,
0.0,
0.0,
0.0,
0.0,
0.0,
0.0,
4.0,
0.0,
6.0,
5.0,
0.0,
2.0,
0.0,
6.0,
0.0,
0.0,
22.0,
7.0,
0.0,
0.0,
41.0,
242.0,
251.0,
114.0,
24.0,
0.0,
0.0,
0.0,
10.0,
0.0,
0.0,
0.0,
0.0,
0.0,
0.0,
0.0,
10.0,
3.0,
0.0,
3.0,
1.0,
0.0,
11.0,
0.0,
5.0,
0.0,
9.0,
103.0,
218.0,
247.0,
171.0,
8.0,
0.0,
12.0,
5.0,
0.0,
1.0,
0.0,
0.0,
0.0,
0.0,
6.0,
0.0,
0.0,
4.0,
0.0,
0.0,
7.0,
2.0,
4.0,
2.0,
0.0,
6.0,
6.0,
92.0,
242.0,
244.0,
179.0,
3.0,
0.0,
11.0,
0.0,
0.0,
9.0,
4.0,
0.0,
0.0,
0.0,
0.0,
4.0,
1.0,
3.0,
0.0,
0.0,
4.0,
1.0,
0.0,
0.0,
3.0,
1.0,
52.0,
197.0,
255.0,
255.0,
145.0,
0.0,
0.0,
4.0,
0.0,
0.0,
24.0,
0.0,
0.0,
0.0,
0.0,
0.0,
0.0,
0.0,
3.0,
7.0,
0.0,
2.0,
3.0,
0.0,
6.0,
26.0,
55.0,
161.0,
237.0,
255.0,
246.0,
255.0,
182.0,
63.0,
43.0,
0.0,
2.0,
10.0,
0.0,
0.0,
0.0,
0.0,
0.0,
0.0,
0.0,
0.0,
2.0,
2.0,
0.0,
7.0,
0.0,
0.0,
59.0,
236.0,
245.0,
251.0,
255.0,
255.0,
250.0,
249.0,
252.0,
243.0,
235.0,
128.0,
19.0,
9.0,
0.0,
13.0,
10.0,
0.0,
0.0,
0.0,
0.0,
4.0,
0.0,
0.0,
0.0,
7.0,
0.0,
10.0,
118.0,
255.0,
244.0,
186.0,
134.0,
71.0,
142.0,
176.0,
205.0,
255.0,
253.0,
255.0,
200.0,
7.0,
13.0,
0.0,
0.0,
0.0,
0.0,
0.0,
0.0,
0.0,
1.0,
2.0,
0.0,
0.0,
1.0,
9.0,
16.0,
107.0,
53.0,
0.0,
0.0,
0.0,
7.0,
0.0,
7.0,
28.0,
162.0,
248.0,
255.0,
54.0,
7.0,
5.0,
0.0,
0.0,
0.0,
0.0,
0.0,
0.0,
1.0,
2.0,
0.0,
0.0,
0.0,
4.0,
9.0,
8.0,
0.0,
0.0,
0.0,
22.0,
0.0,
0.0,
0.0,
18.0,
0.0,
255.0,
255.0,
45.0,
0.0,
0.0,
0.0,
0.0,
0.0,
0.0,
0.0,
0.0,
1.0,
2.0,
0.0,
0.0,
0.0,
0.0,
1.0,
5.0,
14.0,
14.0,
9.0,
0.0,
0.0,
15.0,
1.0,
0.0,
85.0,
252.0,
255.0,
65.0,
10.0,
0.0,
15.0,
0.0,
0.0,
0.0,
0.0,
0.0,
0.0,
1.0,
0.0,
0.0,
0.0,
0.0,
0.0,
10.0,
212.0,
51.0,
0.0,
0.0,
31.0,
0.0,
11.0,
65.0,
237.0,
253.0,
186.0,
1.0,
11.0,
5.0,
0.0,
0.0,
0.0,
0.0,
0.0,
0.0,
0.0,
1.0,
1.0,
0.0,
0.0,
0.0,
0.0,
39.0,
241.0,
14.0,
9.0,
3.0,
0.0,
0.0,
108.0,
236.0,
240.0,
237.0,
0.0,
0.0,
9.0,
0.0,
4.0,
0.0,
0.0,
0.0,
0.0,
0.0,
0.0,
0.0,
1.0,
1.0,
1.0,
1.0,
1.0,
53.0,
255.0,
192.0,
167.0,
98.0,
128.0,
217.0,
254.0,
244.0,
230.0,
0.0,
8.0,
5.0,
1.0,
2.0,
5.0,
0.0,
0.0,
0.0,
0.0,
0.0,
0.0,
0.0,
0.0,
0.0,
1.0,
1.0,
0.0,
14.0,
203.0,
242.0,
255.0,
255.0,
244.0,
242.0,
245.0,
150.0,
15.0,
0.0,
0.0,
5.0,
0.0,
10.0,
0.0,
0.0,
0.0,
0.0,
0.0,
1.0,
0.0,
0.0,
0.0,
0.0,
0.0,
0.0,
0.0,
0.0,
29.0,
87.0,
150.0,
190.0,
218.0,
135.0,
45.0,
1.0,
2.0,
6.0,
0.0,
0.0,
6.0,
0.0,
11.0,
0.0,
0.0,
0.0,
0.0,
0.0,
0.0,
0.0,
0.0,
0.0,
0.0,
0.0,
0.0,
0.0,
0.0,
0.0,
0.0,
0.0,
0.0,
0.0,
0.0,
0.0,
0.0,
0.0,
0.0,
0.0,
0.0,
0.0,
0.0,
0.0,
0.0,
0.0,
0.0,
0.0,
0.0,
0.0,
0.0,
0.0,
0.0,
0.0,
0.0,
0.0,
0.0,
0.0,
0.0,
0.0,
0.0,
0.0,
0.0,
0.0,
0.0,
0.0,
0.0,
0.0,
0.0,
0.0,
0.0,
0.0,
0.0,
0.0,
0.0,
0.0,
0.0,
0.0,
0.0,
0.0,
0.0,
0.0,
0.0,
0.0,
0.0,
0.0,
0.0,
0.0,
0.0,
0.0,
0.0,
0.0,
0.0,
0.0,
0.0,
0.0,
0.0,
0.0,
0.0,
0.0,
0.0,
0.0,
0.0,
0.0,
0.0,
0.0,
0.0,
0.0,
0.0,
0.0,
0.0,
0.0,
0.0,
0.0,
0.0,
0.0,
0.0,
0.0,
0.0,
0.0,
0.0,
0.0,
0.0,
0.0,
0.0,
0.0,
0.0,
0.0,
0.0,
0.0,
0.0,
