0.0,
0.0,
0.0,
0.0,
0.0,
0.0,
0.0,
0.0,
0.0,
4.0,
0.0,
1.0,
0.0,
8.0,
0.0,
6.0,
0.0,
8.0,
0.0,
0.0,
0.0,
0.0,
0.0,
5.0,
0.0,
0.0,
0.0,
0.0,
0.0,
0.0,
0.0,
0.0,
0.0,
0.0,
0.0,
0.0,
3.0,
0.0,
0.0,
16.0,
0.0,
0.0,
12.0,
0.0,
0.0,
7.0,
1.0,
0.0,
1.0,
3.0,
3.0,
0.0,
0.0,
0.0,
0.0,
0.0,
0.0,
0.0,
0.0,
0.0,
0.0,
0.0,
0.0,
0.0,
10.0,
0.0,
13.0,
0.0,
0.0,
8.0,
0.0,
12.0,
0.0,
0.0,
2.0,
1.0,
2.0,
4.0,
6.0,
0.0,
0.0,
0.0,
0.0,
0.0,
0.0,
0.0,
0.0,
0.0,
0.0,
0.0,
0.0,
0.0,
0.0,
0.0,
6.0,
65.0,
168.0,
183.0,
156.0,
63.0,
23.0,
0.0,
0.0,
3.0,
2.0,
0.0,
3.0,
3.0,
0.0,
0.0,
0.0,
0.0,
0.0,
0.0,
0.0,
0.0,
0.0,
0.0,
0.0,
0.0,
7.0,
0.0,
174.0,
233.0,
222.0,
246.0,
255.0,
244.0,
126.0,
11.0,
0.0,
2.0,
6.0,
0.0,
0.0,
5.0,
0.0,
0.0,
0.0,
0.0,
0.0,
0.0,
0.0,
0.0,
0.0,
0.0,
0.0,
0.0,
0.0,
19.0,
128.0,
160.0,
54.0,
0.0,
118.0,
255.0,
241.0,
50.0,
0.0,
0.0,
12.0,
0.0,
1.0,
0.0,
0.0,
0.0,
0.0,
0.0,
0.0,
0.0,
0.0,
0.0,
0.0,
0.0,
0.0,
0.0,
10.0,
0.0,
0.0,
0.0,
6.0,
0.0,
3.0,
197.0,
255.0,
53.0,
3.0,
0.0,
10.0,
0.0,
5.0,
0.0,
0.0,
0.0,
0.0,
0.0,
0.0,
0.0,
0.0,
0.0,
0.0,
0.0,
0.0,
0.0,
0.0,
4.0,
0.0,
1.0,
2.0,
5.0,
59.0,
252.0,
223.0,
30.0,
6.0,
0.0,
4.0,
0.0,
8.0,
2.0,
0.0,
0.0,
0.0,
0.0,
0.0,
0.0,
0.0,
0.0,
0.0,
0.0,
0.0,
0.0,
0.0,
8.0,
0.0,
9.0,
0.0,
27.0,
203.0,
255.0,
68.0,
0.0,
14.0,
0.0,
9.0,
1.0,
0.0,
6.0,
0.0,
0.0,
0.0,
0.0,
0.0,
0.0,
0.0,
0.0,
0.0,
0.0,
0.0,
0.0,
0.0,
4.0,
0.0,
0.0,
50.0,
202.0,
243.0,
203.0,
7.0,
0.0,
6.0,
0.0,
0.0,
12.0,
20.0,
0.0,
0.0,
0.0,
0.0,
0.0,
0.0,
0.0,
0.0,
0.0,
0.0,
0.0,
0.0,
0.0,
0.0,
6.0,
18.0,
85.0,
216.0,
255.0,
255.0,
156.0,
20.0,
1.0,
1.0,
22.0,
0.0,
0.0,
11.0,
0.0,
0.0,
0.0,
0.0,
0.0,
0.0,
0.0,
0.0,
0.0,
0.0,
0.0,
0.0,
0.0,
2.0,
0.0,
0.0,
163.0,
255.0,
255.0,
253.0,
245.0,
229.0,
104.0,
0.0,
0.0,
9.0,
0.0,
3.0,
5.0,
0.0,
0.0,
0.0,
0.0,
0.0,
0.0,
0.0,
0.0,
0.0,
0.0,
0.0,
0.0,
0.0,
0.0,
15.0,
0.0,
36.0,
36.0,
118.0,
239.0,
255.0,
238.0,
147.0,
8.0,
6.0,
0.0,
0.0,
0.0,
0.0,
0.0,
0.0,
0.0,
0.0,
0.0,
0.0,
0.0,
0.0,
0.0,
0.0,
0.0,
5.0,
16.0,
0.0,
4.0,
0.0,
8.0,
0.0,
11.0,
202.0,
255.0,
220.0,
26.0,
0.0,
16.0,
13.0,
0.0,
0.0,
0.0,
0.0,
0.0,
0.0,
0.0,
0.0,
0.0,
0.0,
0.0,
0.0,
0.0,
0.0,
6.0,
0.0,
0.0,
20.0,
0.0,
19.0,
0.0,
39.0,
220.0,
255.0,
160.0,
14.0,
0.0,
1.0,
7.0,
0.0,
0.0,
0.0,
0.0,
0.0,
0.0,
0.0,
0.0,
0.0,
0.0,
0.0,
0.0,
0.0,
0.0,
15.0,
0.0,
0.0,
12.0,
0.0,
2.0,
2.0,
193.0,
252.0,
232.0,
35.0,
0.0,
7.0,
0.0,
0.0,
0.0,
0.0,
0.0,
0.0,
2.0,
5.0,
6.0,
0.0,
0.0,
10.0,
0.0,
5.0,
0.0,
0.0,
9.0,
0.0,
2.0,
0.0,
8.0,
0.0,
115.0,
253.0,
255.0,
20.0,
9.0,
4.0,
0.0,
0.0,
0.0,
0.0,
0.0,
6.0,
0.0,
0.0,
2.0,
1.0,
0.0,
0.0,
5.0,
0.0,
34.0,
0.0,
0.0,
13.0,
8.0,
0.0,
0.0,
4.0,
97.0,
253.0,
229.0,
18.0,
0.0,
0.0,
5.0,
0.0,
0.0,
0.0,
0.0,
10.0,
0.0,
0.0,
2.0,
6.0,
0.0,
0.0,
64.0,
189.0,
52.0,
5.0,
10.0,
0.0,
16.0,
3.0,
4.0,
18.0,
191.0,
255.0,
146.0,
10.0,
0.0,
16.0,
0.0,
0.0,
0.0,
0.0,
0.0,
4.0,
0.0,
8.0,
0.0,
3.0,
0.0,
9.0,
111.0,
255.0,
156.0,
0.0,
0.0,
2.0,
0.0,
8.0,
36.0,
158.0,
255.0,
242.0,
31.0,
0.0,
21.0,
0.0,
3.0,
0.0,
0.0,
0.0,
0.0,
2.0,
0.0,
12.0,
0.0,
0.0,
0.0,
0.0,
74.0,
253.0,
242.0,
164.0,
53.0,
43.0,
122.0,
148.0,
226.0,
255.0,
255.0,
89.0,
0.0,
5.0,
0.0,
0.0,
0.0,
0.0,
0.0,
0.0,
0.0,
2.0,
0.0,
4.0,
0.0,
2.0,
7.0,
0.0,
12.0,
77.0,
255.0,
255.0,
236.0,
252.0,
255.0,
246.0,
252.0,
180.0,
78.0,
13.0,
5.0,
0.0,
6.0,
0.0,
1.0,
0.0,
0.0,
0.0,
0.0,
0.0,
0.0,
0.0,
0.0,
5.0,
8.0,
0.0,
0.0,
4.0,
48.0,
147.0,
186.0,
148.0,
169.0,
139.0,
94.0,
14.0,
4.0,
0.0,
18.0,
0.0,
0.0,
18.0,
0.0,
0.0,
0.0,
0.0,
0.0,
0.0,
4.0,
3.0,
5.0,
0.0,
0.0,
6.0,
1.0,
1.0,
0.0,
0.0,
8.0,
0.0,
6.0,
1.0,
0.0,
0.0,
10.0,
0.0,
0.0,
13.0,
0.0,
0.0,
4.0,
0.0,
0.0,
0.0,
0.0,
0.0,
0.0,
0.0,
0.0,
0.0,
0.0,
0.0,
0.0,
0.0,
0.0,
0.0,
0.0,
0.0,
0.0,
0.0,
0.0,
0.0,
0.0,
0.0,
0.0,
0.0,
0.0,
0.0,
0.0,
0.0,
0.0,
0.0,
0.0,
0.0,
0.0,
0.0,
0.0,
0.0,
0.0,
0.0,
0.0,
0.0,
0.0,
0.0,
0.0,
0.0,
0.0,
0.0,
0.0,
0.0,
0.0,
0.0,
0.0,
0.0,
0.0,
0.0,
0.0,
0.0,
0.0,
0.0,
0.0,
0.0,
0.0,
0.0,
0.0,
0.0,
0.0,
0.0,
0.0,
0.0,
0.0,
0.0,
0.0,
0.0,
0.0,
0.0,
0.0,
0.0,
0.0,
0.0,
0.0,
0.0,
0.0,
0.0,
0.0,
0.0,
0.0,
0.0,
0.0,
0.0,
0.0,
0.0,
0.0,
0.0,
0.0,
0.0,
0.0,
0.0,
0.0,
0.0,
0.0,
0.0,
0.0,
0.0,
0.0,
0.0,
0.0,
0.0,
0.0,
0.0,
0.0,
0.0,
0.0,
0.0,
0.0,
0.0,
0.0,
