0.0,
0.0,
3.0,
7.0,
0.0,
0.0,
0.0,
3.0,
0.0,
1.0,
2.0,
2.0,
1.0,
0.0,
0.0,
0.0,
0.0,
0.0,
0.0,
11.0,
6.0,
0.0,
9.0,
0.0,
0.0,
0.0,
0.0,
0.0,
9.0,
1.0,
0.0,
0.0,
0.0,
2.0,
3.0,
4.0,
9.0,
7.0,
2.0,
0.0,
0.0,
0.0,
1.0,
2.0,
9.0,
12.0,
0.0,
0.0,
0.0,
0.0,
12.0,
0.0,
0.0,
0.0,
0.0,
0.0,
1.0,
1.0,
0.0,
0.0,
3.0,
5.0,
0.0,
0.0,
0.0,
0.0,
0.0,
5.0,
8.0,
5.0,
0.0,
0.0,
0.0,
8.0,
0.0,
0.0,
1.0,
0.0,
0.0,
1.0,
0.0,
0.0,
0.0,
0.0,
0.0,
0.0,
6.0,
4.0,
1.0,
2.0,
3.0,
0.0,
13.0,
9.0,
5.0,
0.0,
0.0,
0.0,
0.0,
0.0,
0.0,
0.0,
0.0,
6.0,
10.0,
0.0,
0.0,
8.0,
0.0,
0.0,
0.0,
0.0,
0.0,
1.0,
0.0,
0.0,
0.0,
1.0,
7.0,
9.0,
0.0,
0.0,
0.0,
0.0,
0.0,
2.0,
3.0,
3.0,
13.0,
2.0,
0.0,
0.0,
3.0,
3.0,
0.0,
3.0,
0.0,
0.0,
0.0,
0.0,
8.0,
0.0,
0.0,
0.0,
2.0,
0.0,
0.0,
0.0,
5.0,
2.0,
0.0,
0.0,
0.0,
0.0,
0.0,
1.0,
0.0,
0.0,
12.0,
2.0,
0.0,
4.0,
5.0,
0.0,
0.0,
0.0,
0.0,
0.0,
4.0,
0.0,
0.0,
7.0,
5.0,
0.0,
4.0,
20.0,
1.0,
37.0,
92.0,
138.0,
156.0,
144.0,
115.0,
93.0,
27.0,
0.0,
12.0,
13.0,
0.0,
0.0,
3.0,
0.0,
0.0,
0.0,
0.0,
0.0,
1.0,
0.0,
0.0,
2.0,
0.0,
2.0,
54.0,
114.0,
239.0,
241.0,
245.0,
249.0,
251.0,
253.0,
253.0,
252.0,
150.0,
15.0,
0.0,
5.0,
1.0,
4.0,
0.0,
0.0,
0.0,
0.0,
0.0,
0.0,
7.0,
0.0,
1.0,
7.0,
50.0,
158.0,
254.0,
253.0,
248.0,
249.0,
246.0,
248.0,
171.0,
166.0,
206.0,
255.0,
238.0,
50.0,
4.0,
1.0,
1.0,
0.0,
1.0,
1.0,
0.0,
0.0,
0.0,
0.0,
0.0,
0.0,
6.0,
70.0,
255.0,
248.0,
255.0,
242.0,
184.0,
115.0,
25.0,
23.0,
0.0,
0.0,
77.0,
238.0,
242.0,
57.0,
0.0,
0.0,
0.0,
7.0,
4.0,
0.0,
0.0,
0.0,
0.0,
0.0,
14.0,
17.0,
0.0,
244.0,
252.0,
171.0,
50.0,
1.0,
0.0,
7.0,
0.0,
0.0,
23.0,
48.0,
247.0,
255.0,
212.0,
35.0,
0.0,
5.0,
17.0,
0.0,
0.0,
6.0,
0.0,
0.0,
0.0,
0.0,
0.0,
0.0,
14.0,
228.0,
102.0,
9.0,
7.0,
3.0,
6.0,
0.0,
7.0,
3.0,
0.0,
163.0,
243.0,
246.0,
86.0,
6.0,
0.0,
0.0,
0.0,
0.0,
0.0,
0.0,
0.0,
0.0,
0.0,
0.0,
6.0,
0.0,
0.0,
24.0,
6.0,
0.0,
8.0,
0.0,
2.0,
6.0,
0.0,
4.0,
78.0,
251.0,
255.0,
232.0,
19.0,
0.0,
2.0,
0.0,
4.0,
0.0,
1.0,
9.0,
0.0,
0.0,
0.0,
0.0,
0.0,
19.0,
4.0,
5.0,
0.0,
18.0,
0.0,
9.0,
2.0,
0.0,
0.0,
71.0,
245.0,
246.0,
243.0,
32.0,
0.0,
2.0,
13.0,
0.0,
7.0,
0.0,
1.0,
0.0,
0.0,
0.0,
0.0,
0.0,
15.0,
0.0,
0.0,
0.0,
0.0,
1.0,
0.0,
0.0,
0.0,
17.0,
135.0,
245.0,
255.0,
255.0,
255.0,
244.0,
253.0,
255.0,
177.0,
39.0,
0.0,
3.0,
20.0,
0.0,
0.0,
0.0,
0.0,
0.0,
0.0,
1.0,
4.0,
5.0,
6.0,
0.0,
0.0,
7.0,
40.0,
164.0,
255.0,
252.0,
249.0,
239.0,
252.0,
254.0,
253.0,
249.0,
255.0,
255.0,
204.0,
58.0,
0.0,
1.0,
0.0,
0.0,
0.0,
0.0,
0.0,
0.0,
0.0,
0.0,
0.0,
2.0,
5.0,
8.0,
187.0,
255.0,
244.0,
249.0,
184.0,
166.0,
168.0,
165.0,
162.0,
172.0,
200.0,
255.0,
248.0,
236.0,
146.0,
1.0,
0.0,
0.0,
0.0,
0.0,
0.0,
0.0,
0.0,
0.0,
0.0,
2.0,
4.0,
6.0,
229.0,
208.0,
91.0,
18.0,
0.0,
4.0,
17.0,
0.0,
5.0,
4.0,
16.0,
143.0,
255.0,
255.0,
247.0,
0.0,
0.0,
0.0,
0.0,
0.0,
1.0,
0.0,
0.0,
0.0,
0.0,
1.0,
2.0,
4.0,
0.0,
4.0,
11.0,
17.0,
0.0,
0.0,
0.0,
1.0,
0.0,
12.0,
0.0,
13.0,
62.0,
254.0,
241.0,
12.0,
0.0,
0.0,
0.0,
0.0,
2.0,
1.0,
0.0,
0.0,
0.0,
0.0,
0.0,
1.0,
16.0,
0.0,
0.0,
0.0,
3.0,
6.0,
2.0,
2.0,
2.0,
11.0,
0.0,
4.0,
126.0,
255.0,
249.0,
1.0,
0.0,
0.0,
0.0,
0.0,
1.0,
1.0,
0.0,
0.0,
0.0,
0.0,
0.0,
0.0,
0.0,
1.0,
13.0,
0.0,
0.0,
8.0,
3.0,
0.0,
0.0,
0.0,
22.0,
92.0,
226.0,
255.0,
165.0,
0.0,
0.0,
0.0,
0.0,
0.0,
0.0,
0.0,
0.0,
0.0,
0.0,
0.0,
0.0,
0.0,
6.0,
9.0,
0.0,
1.0,
1.0,
0.0,
0.0,
8.0,
7.0,
75.0,
209.0,
255.0,
243.0,
216.0,
27.0,
2.0,
0.0,
0.0,
0.0,
0.0,
0.0,
0.0,
0.0,
0.0,
0.0,
0.0,
0.0,
0.0,
0.0,
7.0,
0.0,
68.0,
67.0,
28.0,
47.0,
135.0,
251.0,
253.0,
255.0,
233.0,
166.0,
16.0,
0.0,
2.0,
0.0,
0.0,
0.0,
0.0,
0.0,
0.0,
0.0,
0.0,
0.0,
0.0,
0.0,
0.0,
0.0,
11.0,
0.0,
138.0,
247.0,
255.0,
238.0,
255.0,
255.0,
244.0,
194.0,
83.0,
0.0,
8.0,
2.0,
0.0,
0.0,
0.0,
0.0,
0.0,
0.0,
0.0,
0.0,
0.0,
0.0,
0.0,
0.0,
0.0,
8.0,
2.0,
0.0,
26.0,
128.0,
224.0,
222.0,
163.0,
129.0,
67.0,
11.0,
0.0,
4.0,
1.0,
0.0,
2.0,
0.0,
0.0,
0.0,
0.0,
0.0,
0.0,
0.0,
0.0,
0.0,
0.0,
0.0,
0.0,
0.0,
0.0,
0.0,
0.0,
0.0,
21.0,
22.0,
3.0,
9.0,
0.0,
0.0,
0.0,
2.0,
0.0,
0.0,
2.0,
0.0,
0.0,
0.0,
0.0,
0.0,
0.0,
0.0,
0.0,
0.0,
0.0,
0.0,
0.0,
7.0,
10.0,
11.0,
6.0,
0.0,
0.0,
0.0,
0.0,
0.0,
1.0,
8.0,
9.0,
2.0,
0.0,
0.0,
1.0,
0.0,
0.0,
0.0,
0.0,
0.0,
0.0,
0.0,
0.0,
0.0,
0.0,
0.0,
0.0,
0.0,
0.0,
0.0,
0.0,
3.0,
2.0,
0.0,
0.0,
4.0,
4.0,
0.0,
0.0,
0.0,
2.0,
3.0,
1.0,
0.0,
0.0,
0.0,
0.0,
