0.0,
0.0,
0.0,
0.0,
3.0,
4.0,
2.0,
0.0,
0.0,
0.0,
1.0,
0.0,
0.0,
5.0,
3.0,
0.0,
5.0,
0.0,
2.0,
0.0,
0.0,
11.0,
1.0,
0.0,
0.0,
0.0,
0.0,
0.0,
0.0,
0.0,
1.0,
0.0,
0.0,
0.0,
0.0,
0.0,
8.0,
6.0,
0.0,
0.0,
0.0,
1.0,
4.0,
4.0,
0.0,
0.0,
6.0,
4.0,
1.0,
0.0,
0.0,
0.0,
0.0,
0.0,
0.0,
0.0,
0.0,
1.0,
1.0,
0.0,
0.0,
0.0,
0.0,
3.0,
0.0,
0.0,
7.0,
8.0,
0.0,
0.0,
0.0,
5.0,
0.0,
2.0,
0.0,
0.0,
3.0,
0.0,
0.0,
4.0,
0.0,
0.0,
0.0,
0.0,
1.0,
0.0,
0.0,
1.0,
2.0,
1.0,
2.0,
5.0,
8.0,
0.0,
0.0,
0.0,
4.0,
2.0,
2.0,
4.0,
0.0,
7.0,
0.0,
0.0,
4.0,
0.0,
3.0,
0.0,
0.0,
0.0,
0.0,
0.0,
4.0,
0.0,
0.0,
2.0,
5.0,
2.0,
0.0,
0.0,
7.0,
0.0,
0.0,
0.0,
1.0,
1.0,
0.0,
0.0,
0.0,
7.0,
3.0,
0.0,
0.0,
0.0,
1.0,
0.0,
0.0,
0.0,
0.0,
0.0,
6.0,
0.0,
0.0,
1.0,
3.0,
0.0,
0.0,
0.0,
0.0,
0.0,
33.0,
110.0,
190.0,
218.0,
181.0,
131.0,
5.0,
0.0,
6.0,
5.0,
0.0,
0.0,
0.0,
4.0,
0.0,
0.0,
0.0,
0.0,
3.0,
0.0,
0.0,
2.0,
0.0,
0.0,
3.0,
17.0,
40.0,
125.0,
219.0,
255.0,
255.0,
251.0,
244.0,
240.0,
84.0,
0.0,
0.0,
3.0,
0.0,
3.0,
0.0,
10.0,
0.0,
0.0,
0.0,
0.0,
0.0,
0.0,
2.0,
5.0,
0.0,
0.0,
14.0,
39.0,
215.0,
245.0,
255.0,
252.0,
246.0,
255.0,
255.0,
251.0,
194.0,
19.0,
0.0,
3.0,
0.0,
13.0,
0.0,
5.0,
0.0,
0.0,
0.0,
0.0,
1.0,
0.0,
0.0,
10.0,
0.0,
0.0,
6.0,
240.0,
255.0,
253.0,
240.0,
177.0,
161.0,
73.0,
23.0,
113.0,
249.0,
64.0,
0.0,
9.0,
0.0,
10.0,
0.0,
0.0,
0.0,
0.0,
0.0,
0.0,
0.0,
2.0,
0.0,
5.0,
0.0,
1.0,
0.0,
162.0,
220.0,
124.0,
28.0,
0.0,
0.0,
0.0,
22.0,
210.0,
255.0,
106.0,
0.0,
9.0,
1.0,
0.0,
0.0,
0.0,
0.0,
0.0,
0.0,
0.0,
0.0,
6.0,
0.0,
2.0,
0.0,
7.0,
0.0,
63.0,
75.0,
0.0,
1.0,
15.0,
30.0,
160.0,
255.0,
255.0,
233.0,
32.0,
0.0,
0.0,
0.0,
10.0,
0.0,
11.0,
0.0,
0.0,
0.0,
0.0,
0.0,
6.0,
0.0,
5.0,
0.0,
4.0,
0.0,
2.0,
0.0,
6.0,
5.0,
0.0,
199.0,
255.0,
243.0,
238.0,
230.0,
0.0,
0.0,
0.0,
0.0,
12.0,
0.0,
0.0,
0.0,
0.0,
0.0,
0.0,
0.0,
3.0,
0.0,
10.0,
0.0,
0.0,
0.0,
0.0,
11.0,
0.0,
0.0,
0.0,
183.0,
254.0,
255.0,
249.0,
241.0,
99.0,
3.0,
0.0,
0.0,
0.0,
20.0,
0.0,
0.0,
0.0,
0.0,
0.0,
0.0,
0.0,
0.0,
10.0,
0.0,
0.0,
4.0,
2.0,
0.0,
8.0,
4.0,
0.0,
93.0,
224.0,
255.0,
228.0,
255.0,
236.0,
121.0,
11.0,
0.0,
0.0,
5.0,
0.0,
0.0,
0.0,
0.0,
0.0,
1.0,
0.0,
6.0,
1.0,
0.0,
0.0,
1.0,
4.0,
9.0,
14.0,
0.0,
0.0,
0.0,
35.0,
54.0,
57.0,
213.0,
249.0,
255.0,
103.0,
0.0,
17.0,
0.0,
5.0,
0.0,
0.0,
0.0,
0.0,
1.0,
0.0,
10.0,
0.0,
0.0,
4.0,
0.0,
0.0,
0.0,
0.0,
4.0,
8.0,
11.0,
0.0,
3.0,
0.0,
36.0,
127.0,
245.0,
181.0,
0.0,
0.0,
8.0,
2.0,
0.0,
0.0,
0.0,
0.0,
0.0,
0.0,
0.0,
0.0,
0.0,
0.0,
0.0,
0.0,
0.0,
12.0,
2.0,
0.0,
0.0,
3.0,
2.0,
0.0,
0.0,
5.0,
128.0,
252.0,
57.0,
2.0,
0.0,
9.0,
0.0,
0.0,
0.0,
0.0,
0.0,
0.0,
0.0,
0.0,
0.0,
0.0,
0.0,
0.0,
3.0,
0.0,
0.0,
2.0,
0.0,
0.0,
7.0,
1.0,
0.0,
0.0,
37.0,
223.0,
98.0,
0.0,
12.0,
0.0,
0.0,
0.0,
0.0,
0.0,
0.0,
0.0,
0.0,
0.0,
0.0,
0.0,
0.0,
0.0,
1.0,
0.0,
1.0,
14.0,
8.0,
3.0,
6.0,
0.0,
12.0,
6.0,
0.0,
221.0,
115.0,
0.0,
10.0,
0.0,
0.0,
0.0,
0.0,
0.0,
0.0,
0.0,
0.0,
0.0,
0.0,
0.0,
0.0,
0.0,
5.0,
0.0,
3.0,
0.0,
0.0,
0.0,
0.0,
3.0,
3.0,
0.0,
48.0,
233.0,
125.0,
8.0,
0.0,
3.0,
0.0,
0.0,
0.0,
0.0,
0.0,
0.0,
0.0,
0.0,
0.0,
0.0,
0.0,
0.0,
0.0,
38.0,
62.0,
5.0,
8.0,
0.0,
0.0,
15.0,
0.0,
3.0,
175.0,
248.0,
124.0,
0.0,
2.0,
0.0,
0.0,
0.0,
0.0,
0.0,
0.0,
0.0,
0.0,
0.0,
0.0,
0.0,
0.0,
0.0,
0.0,
127.0,
253.0,
217.0,
187.0,
102.0,
27.0,
16.0,
104.0,
157.0,
251.0,
255.0,
63.0,
0.0,
4.0,
0.0,
0.0,
0.0,
0.0,
0.0,
0.0,
0.0,
0.0,
0.0,
0.0,
0.0,
0.0,
0.0,
19.0,
117.0,
255.0,
255.0,
255.0,
244.0,
250.0,
255.0,
233.0,
255.0,
247.0,
171.0,
0.0,
0.0,
0.0,
4.0,
0.0,
0.0,
0.0,
0.0,
0.0,
0.0,
0.0,
0.0,
0.0,
0.0,
0.0,
0.0,
0.0,
45.0,
222.0,
252.0,
254.0,
251.0,
255.0,
245.0,
255.0,
248.0,
219.0,
31.0,
0.0,
0.0,
2.0,
0.0,
0.0,
0.0,
0.0,
0.0,
0.0,
0.0,
0.0,
0.0,
0.0,
0.0,
0.0,
0.0,
0.0,
10.0,
4.0,
40.0,
104.0,
113.0,
129.0,
199.0,
232.0,
131.0,
28.0,
0.0,
0.0,
3.0,
0.0,
0.0,
0.0,
0.0,
0.0,
0.0,
0.0,
0.0,
0.0,
0.0,
0.0,
0.0,
0.0,
0.0,
0.0,
4.0,
0.0,
0.0,
9.0,
0.0,
0.0,
12.0,
12.0,
0.0,
0.0,
4.0,
6.0,
0.0,
0.0,
6.0,
0.0,
0.0,
0.0,
0.0,
0.0,
0.0,
0.0,
0.0,
0.0,
0.0,
0.0,
0.0,
0.0,
15.0,
11.0,
2.0,
8.0,
7.0,
0.0,
0.0,
0.0,
0.0,
0.0,
1.0,
0.0,
0.0,
0.0,
8.0,
0.0,
0.0,
0.0,
0.0,
0.0,
0.0,
0.0,
0.0,
0.0,
0.0,
0.0,
0.0,
0.0,
0.0,
0.0,
0.0,
0.0,
3.0,
7.0,
0.0,
8.0,
6.0,
2.0,
1.0,
5.0,
6.0,
0.0,
0.0,
0.0,
0.0,
0.0,
0.0,
