1.0,
0.0,
0.0,
0.0,
7.0,
0.0,
0.0,
3.0,
0.0,
3.0,
0.0,
0.0,
5.0,
7.0,
0.0,
0.0,
2.0,
0.0,
0.0,
9.0,
2.0,
0.0,
0.0,
0.0,
0.0,
0.0,
0.0,
0.0,
9.0,
5.0,
0.0,
0.0,
0.0,
0.0,
0.0,
1.0,
0.0,
6.0,
0.0,
0.0,
0.0,
0.0,
0.0,
4.0,
1.0,
5.0,
1.0,
0.0,
0.0,
12.0,
13.0,
0.0,
0.0,
0.0,
0.0,
0.0,
0.0,
0.0,
5.0,
7.0,
0.0,
3.0,
8.0,
3.0,
0.0,
0.0,
0.0,
4.0,
15.0,
9.0,
0.0,
0.0,
9.0,
6.0,
6.0,
5.0,
0.0,
0.0,
0.0,
0.0,
0.0,
0.0,
0.0,
0.0,
0.0,
0.0,
4.0,
4.0,
0.0,
0.0,
1.0,
0.0,
10.0,
8.0,
0.0,
0.0,
0.0,
0.0,
0.0,
2.0,
0.0,
0.0,
0.0,
8.0,
11.0,
0.0,
0.0,
12.0,
0.0,
0.0,
0.0,
0.0,
4.0,
0.0,
0.0,
0.0,
0.0,
6.0,
9.0,
3.0,
0.0,
2.0,
7.0,
3.0,
2.0,
0.0,
1.0,
13.0,
7.0,
16.0,
4.0,
0.0,
4.0,
10.0,
1.0,
0.0,
0.0,
0.0,
0.0,
0.0,
0.0,
3.0,
0.0,
0.0,
7.0,
0.0,
0.0,
0.0,
4.0,
9.0,
0.0,
0.0,
1.0,
9.0,
0.0,
0.0,
0.0,
3.0,
0.0,
0.0,
1.0,
0.0,
0.0,
10.0,
0.0,
0.0,
0.0,
0.0,
0.0,
10.0,
0.0,
0.0,
14.0,
0.0,
0.0,
18.0,
10.0,
24.0,
28.0,
53.0,
130.0,
214.0,
255.0,
255.0,
156.0,
154.0,
144.0,
145.0,
127.0,
51.0,
0.0,
0.0,
0.0,
0.0,
0.0,
0.0,
0.0,
11.0,
0.0,
4.0,
49.0,
62.0,
92.0,
169.0,
207.0,
251.0,
255.0,
244.0,
242.0,
255.0,
255.0,
249.0,
252.0,
255.0,
243.0,
253.0,
255.0,
198.0,
72.0,
0.0,
0.0,
0.0,
0.0,
0.0,
10.0,
0.0,
0.0,
165.0,
245.0,
247.0,
255.0,
241.0,
255.0,
238.0,
255.0,
248.0,
252.0,
254.0,
255.0,
251.0,
255.0,
248.0,
255.0,
255.0,
246.0,
255.0,
221.0,
11.0,
0.0,
0.0,
0.0,
0.0,
0.0,
10.0,
17.0,
246.0,
241.0,
251.0,
237.0,
255.0,
230.0,
227.0,
225.0,
146.0,
123.0,
130.0,
90.0,
11.0,
2.0,
17.0,
1.0,
66.0,
255.0,
255.0,
255.0,
0.0,
0.0,
0.0,
0.0,
0.0,
10.0,
0.0,
0.0,
150.0,
206.0,
198.0,
142.0,
79.0,
69.0,
14.0,
4.0,
0.0,
1.0,
0.0,
0.0,
1.0,
0.0,
1.0,
0.0,
10.0,
202.0,
252.0,
255.0,
7.0,
0.0,
0.0,
0.0,
0.0,
0.0,
0.0,
7.0,
0.0,
16.0,
0.0,
23.0,
0.0,
0.0,
0.0,
0.0,
6.0,
3.0,
0.0,
0.0,
8.0,
9.0,
1.0,
37.0,
208.0,
255.0,
246.0,
255.0,
0.0,
0.0,
0.0,
0.0,
0.0,
3.0,
5.0,
0.0,
4.0,
7.0,
2.0,
0.0,
0.0,
1.0,
13.0,
0.0,
0.0,
1.0,
20.0,
13.0,
0.0,
5.0,
155.0,
228.0,
242.0,
255.0,
241.0,
92.0,
13.0,
0.0,
0.0,
0.0,
0.0,
1.0,
9.0,
0.0,
0.0,
0.0,
11.0,
0.0,
8.0,
0.0,
5.0,
0.0,
6.0,
11.0,
57.0,
165.0,
255.0,
255.0,
255.0,
238.0,
255.0,
255.0,
133.0,
2.0,
0.0,
0.0,
0.0,
0.0,
0.0,
0.0,
0.0,
16.0,
0.0,
12.0,
16.0,
0.0,
0.0,
31.0,
79.0,
98.0,
170.0,
225.0,
255.0,
255.0,
247.0,
249.0,
237.0,
255.0,
249.0,
255.0,
176.0,
1.0,
1.0,
0.0,
0.0,
0.0,
0.0,
11.0,
0.0,
0.0,
7.0,
0.0,
0.0,
1.0,
101.0,
224.0,
255.0,
242.0,
255.0,
253.0,
255.0,
253.0,
255.0,
251.0,
253.0,
253.0,
255.0,
250.0,
236.0,
86.0,
0.0,
0.0,
0.0,
0.0,
0.0,
0.0,
4.0,
0.0,
1.0,
0.0,
4.0,
7.0,
175.0,
241.0,
255.0,
255.0,
255.0,
255.0,
214.0,
197.0,
109.0,
109.0,
115.0,
128.0,
240.0,
247.0,
255.0,
122.0,
0.0,
0.0,
0.0,
0.0,
0.0,
0.0,
7.0,
3.0,
6.0,
0.0,
0.0,
12.0,
144.0,
254.0,
181.0,
153.0,
127.0,
67.0,
0.0,
7.0,
0.0,
2.0,
25.0,
121.0,
255.0,
252.0,
194.0,
7.0,
4.0,
0.0,
0.0,
0.0,
0.0,
2.0,
0.0,
0.0,
7.0,
11.0,
1.0,
0.0,
6.0,
33.0,
4.0,
8.0,
0.0,
9.0,
4.0,
0.0,
6.0,
55.0,
175.0,
248.0,
255.0,
235.0,
55.0,
9.0,
0.0,
0.0,
0.0,
0.0,
0.0,
2.0,
2.0,
0.0,
1.0,
0.0,
0.0,
8.0,
0.0,
0.0,
0.0,
0.0,
0.0,
0.0,
0.0,
29.0,
108.0,
233.0,
248.0,
251.0,
215.0,
64.0,
0.0,
0.0,
8.0,
0.0,
0.0,
0.0,
0.0,
0.0,
1.0,
0.0,
0.0,
0.0,
0.0,
9.0,
0.0,
4.0,
0.0,
0.0,
7.0,
0.0,
70.0,
211.0,
251.0,
255.0,
255.0,
146.0,
0.0,
9.0,
3.0,
0.0,
0.0,
0.0,
0.0,
0.0,
0.0,
0.0,
0.0,
0.0,
4.0,
11.0,
5.0,
0.0,
0.0,
114.0,
194.0,
104.0,
80.0,
165.0,
232.0,
255.0,
255.0,
238.0,
157.0,
0.0,
24.0,
0.0,
0.0,
3.0,
1.0,
0.0,
0.0,
0.0,
0.0,
0.0,
9.0,
5.0,
3.0,
0.0,
0.0,
5.0,
122.0,
255.0,
241.0,
237.0,
255.0,
250.0,
255.0,
251.0,
193.0,
82.0,
9.0,
15.0,
0.0,
0.0,
14.0,
0.0,
4.0,
0.0,
0.0,
0.0,
0.0,
0.0,
11.0,
0.0,
0.0,
0.0,
5.0,
0.0,
143.0,
242.0,
255.0,
251.0,
249.0,
255.0,
215.0,
70.0,
1.0,
0.0,
0.0,
0.0,
0.0,
2.0,
4.0,
0.0,
3.0,
0.0,
0.0,
0.0,
0.0,
0.0,
0.0,
0.0,
0.0,
0.0,
0.0,
2.0,
2.0,
182.0,
255.0,
247.0,
241.0,
118.0,
37.0,
4.0,
0.0,
0.0,
0.0,
0.0,
0.0,
0.0,
0.0,
0.0,
0.0,
0.0,
0.0,
0.0,
0.0,
0.0,
0.0,
0.0,
0.0,
0.0,
0.0,
1.0,
2.0,
88.0,
248.0,
255.0,
168.0,
8.0,
0.0,
6.0,
0.0,
0.0,
0.0,
0.0,
0.0,
0.0,
0.0,
0.0,
0.0,
0.0,
0.0,
0.0,
0.0,
0.0,
0.0,
0.0,
0.0,
0.0,
0.0,
1.0,
2.0,
0.0,
12.0,
0.0,
15.0,
0.0,
1.0,
6.0,
4.0,
0.0,
0.0,
0.0,
0.0,
0.0,
0.0,
0.0,
0.0,
0.0,
0.0,
0.0,
0.0,
1.0,
0.0,
0.0,
0.0,
0.0,
0.0,
1.0,
1.0,
7.0,
7.0,
0.0,
15.0,
0.0,
0.0,
0.0,
3.0,
0.0,
0.0,
0.0,
0.0,
0.0,
0.0,
0.0,
0.0,
0.0,
0.0,
0.0,
0.0,
