0.0,
0.0,
0.0,
0.0,
0.0,
0.0,
0.0,
0.0,
0.0,
3.0,
4.0,
0.0,
0.0,
2.0,
15.0,
0.0,
1.0,
5.0,
0.0,
3.0,
2.0,
2.0,
4.0,
0.0,
0.0,
0.0,
0.0,
0.0,
0.0,
0.0,
0.0,
0.0,
0.0,
0.0,
0.0,
0.0,
10.0,
4.0,
0.0,
0.0,
9.0,
0.0,
0.0,
7.0,
0.0,
0.0,
3.0,
6.0,
0.0,
0.0,
0.0,
0.0,
0.0,
0.0,
0.0,
0.0,
0.0,
0.0,
0.0,
0.0,
0.0,
0.0,
0.0,
0.0,
0.0,
13.0,
6.0,
0.0,
11.0,
3.0,
0.0,
1.0,
12.0,
0.0,
0.0,
0.0,
11.0,
7.0,
5.0,
4.0,
0.0,
0.0,
0.0,
0.0,
0.0,
0.0,
0.0,
0.0,
0.0,
0.0,
0.0,
0.0,
0.0,
0.0,
0.0,
0.0,
4.0,
7.0,
0.0,
4.0,
0.0,
0.0,
3.0,
0.0,
1.0,
0.0,
0.0,
3.0,
0.0,
0.0,
0.0,
0.0,
0.0,
0.0,
0.0,
0.0,
0.0,
0.0,
0.0,
0.0,
12.0,
0.0,
72.0,
191.0,
243.0,
254.0,
250.0,
255.0,
255.0,
173.0,
92.0,
0.0,
0.0,
3.0,
2.0,
0.0,
0.0,
0.0,
0.0,
0.0,
0.0,
0.0,
0.0,
0.0,
0.0,
0.0,
0.0,
0.0,
0.0,
0.0,
132.0,
242.0,
255.0,
255.0,
249.0,
247.0,
244.0,
248.0,
239.0,
98.0,
18.0,
0.0,
0.0,
12.0,
0.0,
0.0,
0.0,
0.0,
0.0,
0.0,
0.0,
0.0,
0.0,
0.0,
0.0,
0.0,
0.0,
16.0,
94.0,
92.0,
61.0,
84.0,
93.0,
101.0,
247.0,
255.0,
255.0,
97.0,
11.0,
0.0,
0.0,
0.0,
0.0,
0.0,
0.0,
0.0,
0.0,
0.0,
0.0,
0.0,
0.0,
0.0,
0.0,
0.0,
0.0,
0.0,
16.0,
0.0,
0.0,
8.0,
0.0,
18.0,
254.0,
255.0,
233.0,
48.0,
0.0,
0.0,
12.0,
0.0,
0.0,
0.0,
0.0,
0.0,
0.0,
0.0,
0.0,
0.0,
0.0,
0.0,
0.0,
0.0,
0.0,
0.0,
1.0,
0.0,
11.0,
0.0,
10.0,
105.0,
255.0,
255.0,
84.0,
0.0,
8.0,
0.0,
0.0,
0.0,
0.0,
0.0,
0.0,
0.0,
0.0,
0.0,
0.0,
0.0,
0.0,
0.0,
0.0,
0.0,
15.0,
0.0,
7.0,
8.0,
0.0,
24.0,
103.0,
255.0,
240.0,
125.0,
0.0,
4.0,
12.0,
0.0,
0.0,
9.0,
0.0,
0.0,
0.0,
0.0,
0.0,
0.0,
0.0,
0.0,
0.0,
0.0,
0.0,
0.0,
0.0,
11.0,
8.0,
0.0,
9.0,
147.0,
255.0,
235.0,
84.0,
12.0,
0.0,
20.0,
0.0,
0.0,
8.0,
0.0,
0.0,
0.0,
0.0,
0.0,
0.0,
0.0,
0.0,
0.0,
0.0,
0.0,
0.0,
0.0,
0.0,
9.0,
8.0,
0.0,
166.0,
255.0,
229.0,
208.0,
0.0,
0.0,
1.0,
0.0,
10.0,
11.0,
0.0,
4.0,
0.0,
0.0,
0.0,
0.0,
0.0,
0.0,
0.0,
0.0,
0.0,
0.0,
0.0,
0.0,
2.0,
0.0,
5.0,
171.0,
254.0,
249.0,
255.0,
249.0,
173.0,
24.0,
13.0,
0.0,
0.0,
1.0,
21.0,
0.0,
0.0,
0.0,
0.0,
0.0,
0.0,
0.0,
0.0,
0.0,
0.0,
0.0,
0.0,
0.0,
0.0,
15.0,
102.0,
255.0,
237.0,
213.0,
153.0,
229.0,
255.0,
218.0,
138.0,
2.0,
2.0,
1.0,
0.0,
0.0,
0.0,
0.0,
0.0,
0.0,
0.0,
0.0,
0.0,
0.0,
0.0,
0.0,
0.0,
0.0,
0.0,
0.0,
37.0,
190.0,
89.0,
18.0,
9.0,
18.0,
140.0,
255.0,
255.0,
110.0,
0.0,
0.0,
5.0,
0.0,
0.0,
0.0,
0.0,
0.0,
0.0,
0.0,
0.0,
0.0,
0.0,
0.0,
0.0,
0.0,
4.0,
12.0,
0.0,
0.0,
9.0,
0.0,
0.0,
1.0,
0.0,
144.0,
247.0,
213.0,
30.0,
0.0,
3.0,
6.0,
0.0,
0.0,
0.0,
0.0,
0.0,
0.0,
0.0,
0.0,
5.0,
9.0,
4.0,
0.0,
0.0,
3.0,
1.0,
0.0,
1.0,
0.0,
0.0,
6.0,
0.0,
20.0,
190.0,
235.0,
117.0,
0.0,
3.0,
0.0,
0.0,
0.0,
0.0,
0.0,
8.0,
9.0,
1.0,
4.0,
0.0,
0.0,
0.0,
11.0,
0.0,
11.0,
3.0,
4.0,
0.0,
8.0,
0.0,
0.0,
0.0,
41.0,
229.0,
255.0,
110.0,
0.0,
0.0,
5.0,
0.0,
0.0,
0.0,
0.0,
0.0,
0.0,
0.0,
0.0,
0.0,
31.0,
15.0,
0.0,
0.0,
0.0,
0.0,
0.0,
0.0,
3.0,
4.0,
20.0,
59.0,
238.0,
249.0,
254.0,
58.0,
5.0,
6.0,
0.0,
0.0,
0.0,
0.0,
0.0,
2.0,
11.0,
0.0,
8.0,
20.0,
138.0,
111.0,
0.0,
10.0,
0.0,
9.0,
18.0,
5.0,
0.0,
26.0,
74.0,
255.0,
231.0,
255.0,
126.0,
5.0,
0.0,
10.0,
7.0,
0.0,
0.0,
0.0,
0.0,
0.0,
0.0,
0.0,
0.0,
0.0,
170.0,
194.0,
55.0,
0.0,
0.0,
9.0,
0.0,
22.0,
101.0,
224.0,
255.0,
254.0,
247.0,
212.0,
21.0,
0.0,
0.0,
0.0,
0.0,
0.0,
0.0,
0.0,
0.0,
8.0,
0.0,
11.0,
13.0,
0.0,
159.0,
255.0,
229.0,
149.0,
72.0,
94.0,
164.0,
240.0,
232.0,
255.0,
255.0,
247.0,
137.0,
0.0,
9.0,
0.0,
0.0,
26.0,
0.0,
0.0,
0.0,
0.0,
0.0,
0.0,
0.0,
0.0,
7.0,
0.0,
77.0,
199.0,
255.0,
255.0,
251.0,
249.0,
252.0,
255.0,
255.0,
205.0,
95.0,
9.0,
0.0,
6.0,
0.0,
15.0,
0.0,
0.0,
5.0,
0.0,
0.0,
0.0,
0.0,
7.0,
2.0,
1.0,
1.0,
0.0,
4.0,
78.0,
178.0,
249.0,
250.0,
251.0,
255.0,
153.0,
99.0,
30.0,
0.0,
11.0,
0.0,
0.0,
8.0,
0.0,
7.0,
0.0,
0.0,
0.0,
0.0,
0.0,
0.0,
0.0,
0.0,
0.0,
0.0,
0.0,
0.0,
0.0,
0.0,
0.0,
0.0,
0.0,
0.0,
0.0,
0.0,
0.0,
0.0,
0.0,
0.0,
0.0,
0.0,
0.0,
0.0,
0.0,
0.0,
0.0,
0.0,
0.0,
0.0,
0.0,
0.0,
0.0,
0.0,
0.0,
0.0,
0.0,
0.0,
0.0,
0.0,
0.0,
0.0,
0.0,
0.0,
0.0,
0.0,
0.0,
0.0,
0.0,
0.0,
0.0,
0.0,
0.0,
0.0,
0.0,
0.0,
0.0,
0.0,
0.0,
0.0,
0.0,
0.0,
0.0,
0.0,
0.0,
0.0,
0.0,
0.0,
0.0,
0.0,
0.0,
0.0,
0.0,
0.0,
0.0,
0.0,
0.0,
0.0,
0.0,
0.0,
0.0,
0.0,
0.0,
0.0,
0.0,
0.0,
0.0,
0.0,
0.0,
0.0,
0.0,
0.0,
0.0,
0.0,
0.0,
0.0,
0.0,
0.0,
0.0,
0.0,
0.0,
0.0,
0.0,
0.0,
0.0,
0.0,
0.0,
0.0,
0.0,
0.0,
0.0,
0.0,
0.0,
0.0,
