0.0,
0.0,
0.0,
0.0,
0.0,
0.0,
0.0,
1.0,
9.0,
0.0,
3.0,
0.0,
5.0,
8.0,
0.0,
8.0,
3.0,
0.0,
0.0,
18.0,
0.0,
0.0,
1.0,
3.0,
0.0,
0.0,
0.0,
0.0,
0.0,
0.0,
0.0,
0.0,
0.0,
0.0,
0.0,
0.0,
0.0,
2.0,
0.0,
0.0,
0.0,
0.0,
0.0,
0.0,
0.0,
3.0,
4.0,
8.0,
2.0,
4.0,
0.0,
0.0,
0.0,
0.0,
0.0,
0.0,
0.0,
0.0,
0.0,
0.0,
0.0,
0.0,
0.0,
0.0,
0.0,
10.0,
0.0,
6.0,
0.0,
0.0,
19.0,
0.0,
0.0,
3.0,
1.0,
0.0,
0.0,
0.0,
0.0,
10.0,
0.0,
0.0,
0.0,
0.0,
0.0,
0.0,
1.0,
1.0,
1.0,
0.0,
0.0,
0.0,
5.0,
0.0,
0.0,
6.0,
0.0,
0.0,
5.0,
0.0,
5.0,
0.0,
4.0,
6.0,
10.0,
0.0,
0.0,
0.0,
0.0,
0.0,
0.0,
0.0,
0.0,
0.0,
1.0,
1.0,
1.0,
0.0,
0.0,
0.0,
0.0,
0.0,
48.0,
117.0,
209.0,
255.0,
232.0,
177.0,
73.0,
18.0,
0.0,
0.0,
0.0,
0.0,
8.0,
2.0,
0.0,
0.0,
0.0,
0.0,
0.0,
0.0,
0.0,
0.0,
0.0,
1.0,
2.0,
3.0,
2.0,
88.0,
218.0,
254.0,
221.0,
174.0,
162.0,
233.0,
255.0,
200.0,
42.0,
6.0,
0.0,
0.0,
7.0,
0.0,
0.0,
0.0,
0.0,
0.0,
1.0,
0.0,
0.0,
0.0,
0.0,
1.0,
5.0,
7.0,
102.0,
222.0,
221.0,
79.0,
0.0,
3.0,
15.0,
26.0,
166.0,
234.0,
53.0,
0.0,
2.0,
7.0,
0.0,
0.0,
0.0,
0.0,
0.0,
0.0,
1.0,
0.0,
0.0,
0.0,
0.0,
2.0,
6.0,
9.0,
231.0,
169.0,
27.0,
0.0,
14.0,
0.0,
0.0,
0.0,
61.0,
255.0,
73.0,
0.0,
0.0,
4.0,
0.0,
6.0,
0.0,
0.0,
0.0,
0.0,
0.0,
1.0,
2.0,
0.0,
0.0,
1.0,
9.0,
16.0,
177.0,
5.0,
1.0,
4.0,
0.0,
0.0,
14.0,
0.0,
98.0,
171.0,
31.0,
4.0,
0.0,
0.0,
0.0,
4.0,
0.0,
0.0,
0.0,
0.0,
0.0,
1.0,
2.0,
0.0,
0.0,
0.0,
4.0,
9.0,
78.0,
9.0,
0.0,
0.0,
1.0,
17.0,
2.0,
36.0,
89.0,
98.0,
0.0,
0.0,
12.0,
7.0,
10.0,
0.0,
0.0,
0.0,
0.0,
0.0,
0.0,
1.0,
2.0,
0.0,
0.0,
0.0,
0.0,
1.0,
0.0,
0.0,
42.0,
17.0,
17.0,
80.0,
126.0,
224.0,
255.0,
248.0,
158.0,
66.0,
26.0,
0.0,
10.0,
0.0,
0.0,
0.0,
0.0,
0.0,
0.0,
0.0,
1.0,
0.0,
0.0,
0.0,
0.0,
0.0,
10.0,
10.0,
167.0,
186.0,
204.0,
245.0,
255.0,
251.0,
204.0,
206.0,
247.0,
244.0,
213.0,
30.0,
0.0,
16.0,
0.0,
0.0,
0.0,
0.0,
0.0,
0.0,
1.0,
1.0,
0.0,
0.0,
0.0,
0.0,
0.0,
0.0,
194.0,
253.0,
239.0,
204.0,
141.0,
36.0,
0.0,
0.0,
87.0,
167.0,
255.0,
100.0,
0.0,
1.0,
0.0,
0.0,
0.0,
0.0,
0.0,
0.0,
0.0,
1.0,
1.0,
1.0,
1.0,
1.0,
4.0,
0.0,
43.0,
43.0,
5.0,
5.0,
0.0,
0.0,
6.0,
2.0,
5.0,
23.0,
206.0,
163.0,
18.0,
0.0,
0.0,
0.0,
0.0,
0.0,
0.0,
0.0,
0.0,
0.0,
0.0,
1.0,
1.0,
0.0,
1.0,
2.0,
0.0,
0.0,
6.0,
7.0,
0.0,
0.0,
7.0,
0.0,
0.0,
9.0,
177.0,
159.0,
0.0,
0.0,
0.0,
0.0,
0.0,
0.0,
1.0,
0.0,
0.0,
0.0,
0.0,
0.0,
0.0,
0.0,
0.0,
3.0,
10.0,
0.0,
15.0,
0.0,
10.0,
0.0,
0.0,
12.0,
5.0,
0.0,
110.0,
149.0,
6.0,
4.0,
0.0,
0.0,
0.0,
0.0,
3.0,
0.0,
9.0,
0.0,
0.0,
14.0,
0.0,
11.0,
124.0,
103.0,
4.0,
8.0,
0.0,
7.0,
0.0,
3.0,
2.0,
0.0,
0.0,
0.0,
178.0,
159.0,
1.0,
0.0,
0.0,
0.0,
0.0,
0.0,
0.0,
0.0,
0.0,
0.0,
2.0,
0.0,
24.0,
167.0,
227.0,
65.0,
0.0,
0.0,
12.0,
0.0,
5.0,
0.0,
1.0,
0.0,
7.0,
75.0,
245.0,
156.0,
4.0,
0.0,
0.0,
0.0,
0.0,
0.0,
8.0,
7.0,
0.0,
6.0,
2.0,
0.0,
124.0,
243.0,
109.0,
4.0,
8.0,
0.0,
2.0,
0.0,
0.0,
3.0,
0.0,
5.0,
48.0,
239.0,
242.0,
1.0,
2.0,
5.0,
0.0,
0.0,
0.0,
0.0,
4.0,
0.0,
0.0,
4.0,
0.0,
26.0,
233.0,
153.0,
0.0,
0.0,
1.0,
0.0,
0.0,
5.0,
0.0,
6.0,
0.0,
77.0,
232.0,
240.0,
110.0,
0.0,
0.0,
0.0,
0.0,
0.0,
0.0,
0.0,
0.0,
0.0,
4.0,
0.0,
0.0,
6.0,
254.0,
85.0,
0.0,
9.0,
0.0,
8.0,
9.0,
0.0,
24.0,
68.0,
165.0,
236.0,
247.0,
86.0,
6.0,
15.0,
3.0,
0.0,
0.0,
0.0,
0.0,
0.0,
5.0,
12.0,
8.0,
0.0,
3.0,
0.0,
239.0,
205.0,
77.0,
31.0,
11.0,
7.0,
22.0,
59.0,
207.0,
254.0,
255.0,
201.0,
62.0,
8.0,
0.0,
0.0,
12.0,
0.0,
0.0,
0.0,
0.0,
0.0,
0.0,
0.0,
0.0,
0.0,
13.0,
13.0,
164.0,
252.0,
255.0,
246.0,
255.0,
255.0,
249.0,
254.0,
255.0,
199.0,
104.0,
10.0,
2.0,
4.0,
0.0,
17.0,
4.0,
0.0,
0.0,
0.0,
0.0,
0.0,
0.0,
0.0,
12.0,
0.0,
0.0,
3.0,
3.0,
75.0,
136.0,
212.0,
255.0,
255.0,
184.0,
147.0,
34.0,
10.0,
5.0,
0.0,
2.0,
2.0,
0.0,
0.0,
1.0,
11.0,
0.0,
0.0,
0.0,
0.0,
0.0,
0.0,
0.0,
0.0,
0.0,
0.0,
0.0,
0.0,
0.0,
0.0,
0.0,
0.0,
0.0,
0.0,
0.0,
0.0,
0.0,
0.0,
0.0,
0.0,
0.0,
0.0,
0.0,
0.0,
0.0,
0.0,
0.0,
0.0,
0.0,
0.0,
0.0,
0.0,
0.0,
0.0,
0.0,
0.0,
0.0,
0.0,
0.0,
0.0,
0.0,
0.0,
0.0,
0.0,
0.0,
0.0,
0.0,
0.0,
0.0,
0.0,
0.0,
0.0,
0.0,
0.0,
0.0,
0.0,
0.0,
0.0,
0.0,
0.0,
0.0,
0.0,
0.0,
0.0,
0.0,
0.0,
0.0,
0.0,
0.0,
0.0,
0.0,
0.0,
0.0,
0.0,
0.0,
0.0,
0.0,
0.0,
0.0,
0.0,
0.0,
0.0,
0.0,
0.0,
0.0,
0.0,
0.0,
0.0,
0.0,
0.0,
0.0,
0.0,
0.0,
0.0,
0.0,
0.0,
0.0,
0.0,
0.0,
0.0,
0.0,
0.0,
0.0,
0.0,
0.0,
0.0,
0.0,
0.0,
0.0,
0.0,
0.0,
0.0,
