0.0,
1.0,
4.0,
3.0,
4.0,
6.0,
4.0,
0.0,
0.0,
1.0,
0.0,
0.0,
2.0,
2.0,
0.0,
3.0,
0.0,
7.0,
6.0,
0.0,
0.0,
0.0,
0.0,
12.0,
0.0,
0.0,
0.0,
0.0,
9.0,
0.0,
0.0,
0.0,
0.0,
0.0,
0.0,
0.0,
0.0,
0.0,
0.0,
0.0,
5.0,
0.0,
0.0,
0.0,
0.0,
0.0,
0.0,
4.0,
1.0,
9.0,
0.0,
0.0,
0.0,
0.0,
0.0,
0.0,
2.0,
0.0,
0.0,
6.0,
10.0,
4.0,
3.0,
8.0,
1.0,
1.0,
0.0,
0.0,
0.0,
1.0,
4.0,
6.0,
7.0,
2.0,
2.0,
13.0,
0.0,
0.0,
8.0,
10.0,
0.0,
0.0,
0.0,
0.0,
1.0,
4.0,
5.0,
1.0,
0.0,
0.0,
0.0,
0.0,
4.0,
0.0,
1.0,
0.0,
0.0,
0.0,
1.0,
0.0,
0.0,
0.0,
0.0,
5.0,
1.0,
4.0,
0.0,
0.0,
0.0,
0.0,
0.0,
0.0,
1.0,
5.0,
1.0,
0.0,
0.0,
4.0,
9.0,
4.0,
0.0,
0.0,
3.0,
11.0,
3.0,
5.0,
10.0,
2.0,
0.0,
8.0,
4.0,
0.0,
7.0,
0.0,
0.0,
7.0,
0.0,
0.0,
0.0,
0.0,
0.0,
0.0,
0.0,
0.0,
7.0,
13.0,
1.0,
0.0,
11.0,
0.0,
3.0,
1.0,
0.0,
0.0,
0.0,
0.0,
0.0,
1.0,
0.0,
0.0,
9.0,
6.0,
0.0,
5.0,
0.0,
0.0,
0.0,
0.0,
4.0,
0.0,
0.0,
3.0,
0.0,
0.0,
0.0,
15.0,
0.0,
0.0,
40.0,
90.0,
125.0,
186.0,
247.0,
255.0,
255.0,
200.0,
107.0,
65.0,
0.0,
4.0,
0.0,
0.0,
0.0,
0.0,
0.0,
0.0,
3.0,
0.0,
0.0,
5.0,
1.0,
18.0,
93.0,
178.0,
212.0,
208.0,
238.0,
255.0,
241.0,
247.0,
255.0,
243.0,
244.0,
253.0,
248.0,
230.0,
15.0,
0.0,
0.0,
8.0,
0.0,
0.0,
0.0,
0.0,
1.0,
0.0,
9.0,
6.0,
28.0,
233.0,
249.0,
255.0,
249.0,
255.0,
254.0,
254.0,
252.0,
245.0,
236.0,
252.0,
248.0,
255.0,
249.0,
162.0,
6.0,
0.0,
8.0,
2.0,
0.0,
0.0,
0.0,
0.0,
3.0,
0.0,
0.0,
0.0,
53.0,
254.0,
255.0,
245.0,
245.0,
255.0,
191.0,
128.0,
141.0,
0.0,
127.0,
214.0,
255.0,
251.0,
253.0,
129.0,
8.0,
0.0,
0.0,
0.0,
0.0,
0.0,
0.0,
0.0,
1.0,
3.0,
1.0,
0.0,
21.0,
135.0,
158.0,
133.0,
37.0,
7.0,
34.0,
11.0,
0.0,
3.0,
85.0,
246.0,
245.0,
252.0,
255.0,
75.0,
0.0,
3.0,
3.0,
3.0,
0.0,
0.0,
0.0,
0.0,
0.0,
1.0,
4.0,
4.0,
0.0,
0.0,
12.0,
10.0,
0.0,
17.0,
2.0,
0.0,
11.0,
25.0,
225.0,
245.0,
255.0,
255.0,
247.0,
85.0,
26.0,
0.0,
0.0,
8.0,
0.0,
0.0,
0.0,
0.0,
1.0,
0.0,
0.0,
6.0,
8.0,
0.0,
0.0,
0.0,
0.0,
6.0,
0.0,
0.0,
98.0,
173.0,
234.0,
253.0,
244.0,
246.0,
255.0,
253.0,
219.0,
55.0,
0.0,
0.0,
0.0,
0.0,
0.0,
0.0,
0.0,
2.0,
0.0,
0.0,
7.0,
11.0,
15.0,
0.0,
13.0,
0.0,
10.0,
92.0,
248.0,
249.0,
255.0,
255.0,
255.0,
248.0,
235.0,
255.0,
239.0,
54.0,
0.0,
12.0,
0.0,
0.0,
0.0,
0.0,
0.0,
9.0,
5.0,
0.0,
0.0,
1.0,
0.0,
0.0,
0.0,
5.0,
5.0,
199.0,
240.0,
255.0,
245.0,
248.0,
203.0,
223.0,
255.0,
255.0,
249.0,
65.0,
6.0,
0.0,
0.0,
0.0,
0.0,
0.0,
2.0,
0.0,
0.0,
2.0,
0.0,
11.0,
0.0,
10.0,
6.0,
0.0,
0.0,
111.0,
255.0,
240.0,
143.0,
94.0,
3.0,
72.0,
247.0,
253.0,
255.0,
57.0,
0.0,
0.0,
0.0,
0.0,
0.0,
0.0,
4.0,
0.0,
3.0,
6.0,
0.0,
1.0,
6.0,
2.0,
2.0,
0.0,
5.0,
0.0,
3.0,
0.0,
5.0,
0.0,
17.0,
66.0,
255.0,
255.0,
239.0,
73.0,
0.0,
0.0,
0.0,
0.0,
0.0,
0.0,
1.0,
0.0,
2.0,
1.0,
0.0,
0.0,
0.0,
0.0,
4.0,
0.0,
0.0,
7.0,
6.0,
0.0,
0.0,
0.0,
0.0,
105.0,
255.0,
248.0,
248.0,
48.0,
5.0,
0.0,
0.0,
0.0,
0.0,
0.0,
0.0,
0.0,
1.0,
0.0,
0.0,
5.0,
3.0,
0.0,
0.0,
4.0,
0.0,
4.0,
0.0,
8.0,
0.0,
1.0,
98.0,
246.0,
255.0,
255.0,
145.0,
0.0,
2.0,
6.0,
0.0,
0.0,
0.0,
0.0,
0.0,
4.0,
2.0,
0.0,
2.0,
6.0,
2.0,
0.0,
0.0,
0.0,
0.0,
16.0,
3.0,
0.0,
2.0,
24.0,
255.0,
242.0,
252.0,
175.0,
24.0,
14.0,
0.0,
11.0,
0.0,
0.0,
0.0,
0.0,
0.0,
8.0,
1.0,
0.0,
0.0,
0.0,
0.0,
0.0,
0.0,
1.0,
8.0,
0.0,
0.0,
0.0,
36.0,
70.0,
255.0,
251.0,
245.0,
115.0,
14.0,
0.0,
19.0,
0.0,
0.0,
0.0,
0.0,
0.0,
0.0,
3.0,
0.0,
0.0,
5.0,
0.0,
0.0,
26.0,
110.0,
38.0,
9.0,
4.0,
21.0,
29.0,
147.0,
255.0,
249.0,
255.0,
215.0,
49.0,
0.0,
0.0,
0.0,
5.0,
0.0,
0.0,
0.0,
0.0,
0.0,
1.0,
0.0,
0.0,
11.0,
1.0,
9.0,
54.0,
250.0,
255.0,
207.0,
94.0,
79.0,
170.0,
247.0,
252.0,
254.0,
218.0,
33.0,
0.0,
0.0,
12.0,
0.0,
0.0,
0.0,
0.0,
0.0,
0.0,
4.0,
6.0,
0.0,
0.0,
8.0,
0.0,
0.0,
53.0,
227.0,
250.0,
250.0,
255.0,
244.0,
255.0,
255.0,
251.0,
255.0,
119.0,
11.0,
0.0,
8.0,
0.0,
0.0,
16.0,
0.0,
0.0,
0.0,
0.0,
0.0,
0.0,
0.0,
0.0,
0.0,
0.0,
0.0,
0.0,
71.0,
192.0,
255.0,
255.0,
245.0,
250.0,
255.0,
237.0,
123.0,
21.0,
0.0,
5.0,
0.0,
0.0,
10.0,
0.0,
0.0,
0.0,
0.0,
0.0,
0.0,
0.0,
0.0,
0.0,
0.0,
0.0,
0.0,
0.0,
0.0,
20.0,
142.0,
230.0,
255.0,
242.0,
137.0,
105.0,
27.0,
0.0,
0.0,
13.0,
0.0,
0.0,
6.0,
0.0,
0.0,
0.0,
0.0,
0.0,
0.0,
0.0,
0.0,
0.0,
0.0,
0.0,
0.0,
0.0,
0.0,
0.0,
0.0,
15.0,
10.0,
0.0,
0.0,
0.0,
0.0,
0.0,
6.0,
4.0,
0.0,
0.0,
5.0,
2.0,
0.0,
0.0,
0.0,
0.0,
0.0,
0.0,
0.0,
0.0,
0.0,
0.0,
0.0,
0.0,
0.0,
15.0,
0.0,
0.0,
0.0,
0.0,
18.0,
0.0,
3.0,
10.0,
4.0,
0.0,
0.0,
2.0,
3.0,
2.0,
0.0,
0.0,
0.0,
0.0,
