10.0,
0.0,
0.0,
8.0,
2.0,
0.0,
0.0,
4.0,
1.0,
0.0,
0.0,
0.0,
0.0,
0.0,
0.0,
6.0,
14.0,
0.0,
0.0,
8.0,
0.0,
0.0,
9.0,
0.0,
0.0,
0.0,
0.0,
0.0,
0.0,
5.0,
10.0,
0.0,
0.0,
5.0,
8.0,
0.0,
1.0,
4.0,
5.0,
0.0,
0.0,
2.0,
0.0,
0.0,
0.0,
0.0,
6.0,
1.0,
0.0,
3.0,
6.0,
0.0,
0.0,
0.0,
0.0,
0.0,
0.0,
1.0,
4.0,
0.0,
0.0,
2.0,
4.0,
1.0,
0.0,
0.0,
1.0,
0.0,
3.0,
7.0,
5.0,
0.0,
8.0,
2.0,
0.0,
0.0,
8.0,
0.0,
0.0,
8.0,
0.0,
0.0,
0.0,
0.0,
2.0,
0.0,
0.0,
0.0,
6.0,
1.0,
0.0,
2.0,
7.0,
5.0,
0.0,
5.0,
5.0,
0.0,
2.0,
1.0,
7.0,
0.0,
0.0,
7.0,
5.0,
0.0,
0.0,
2.0,
0.0,
0.0,
0.0,
0.0,
0.0,
11.0,
3.0,
0.0,
0.0,
6.0,
0.0,
0.0,
0.0,
8.0,
0.0,
0.0,
0.0,
0.0,
11.0,
1.0,
0.0,
0.0,
6.0,
10.0,
0.0,
0.0,
13.0,
0.0,
0.0,
0.0,
0.0,
0.0,
0.0,
4.0,
0.0,
0.0,
4.0,
0.0,
0.0,
32.0,
23.0,
120.0,
194.0,
253.0,
255.0,
255.0,
238.0,
171.0,
107.0,
27.0,
0.0,
0.0,
0.0,
0.0,
7.0,
0.0,
0.0,
0.0,
0.0,
0.0,
5.0,
0.0,
0.0,
12.0,
10.0,
0.0,
39.0,
158.0,
229.0,
255.0,
253.0,
255.0,
247.0,
238.0,
255.0,
243.0,
244.0,
139.0,
23.0,
0.0,
8.0,
0.0,
0.0,
10.0,
0.0,
0.0,
0.0,
0.0,
0.0,
6.0,
4.0,
1.0,
0.0,
5.0,
111.0,
255.0,
255.0,
200.0,
92.0,
52.0,
31.0,
46.0,
159.0,
233.0,
255.0,
247.0,
112.0,
0.0,
0.0,
10.0,
0.0,
0.0,
0.0,
0.0,
0.0,
0.0,
1.0,
2.0,
5.0,
0.0,
1.0,
95.0,
245.0,
255.0,
181.0,
33.0,
0.0,
8.0,
0.0,
0.0,
18.0,
74.0,
255.0,
251.0,
121.0,
0.0,
10.0,
0.0,
0.0,
4.0,
0.0,
0.0,
0.0,
0.0,
3.0,
0.0,
0.0,
22.0,
3.0,
98.0,
255.0,
178.0,
16.0,
0.0,
11.0,
0.0,
6.0,
24.0,
32.0,
158.0,
242.0,
255.0,
150.0,
0.0,
0.0,
0.0,
0.0,
3.0,
0.0,
0.0,
0.0,
0.0,
6.0,
12.0,
6.0,
0.0,
0.0,
135.0,
253.0,
44.0,
5.0,
15.0,
0.0,
0.0,
66.0,
183.0,
246.0,
252.0,
250.0,
255.0,
253.0,
139.0,
43.0,
0.0,
5.0,
0.0,
0.0,
0.0,
0.0,
0.0,
0.0,
6.0,
0.0,
0.0,
2.0,
69.0,
222.0,
230.0,
24.0,
3.0,
8.0,
133.0,
254.0,
255.0,
253.0,
255.0,
255.0,
244.0,
255.0,
251.0,
204.0,
96.0,
0.0,
0.0,
0.0,
0.0,
0.0,
0.0,
0.0,
0.0,
0.0,
10.0,
6.0,
0.0,
108.0,
255.0,
80.0,
0.0,
178.0,
255.0,
255.0,
249.0,
251.0,
240.0,
244.0,
128.0,
136.0,
255.0,
255.0,
255.0,
132.0,
3.0,
0.0,
0.0,
0.0,
0.0,
5.0,
0.0,
18.0,
0.0,
0.0,
0.0,
11.0,
22.0,
8.0,
200.0,
255.0,
255.0,
97.0,
255.0,
242.0,
248.0,
81.0,
0.0,
32.0,
11.0,
219.0,
241.0,
242.0,
86.0,
0.0,
0.0,
0.0,
0.0,
0.0,
0.0,
0.0,
0.0,
3.0,
1.0,
14.0,
0.0,
64.0,
240.0,
255.0,
251.0,
247.0,
254.0,
241.0,
73.0,
0.0,
0.0,
0.0,
11.0,
41.0,
197.0,
255.0,
211.0,
0.0,
0.0,
0.0,
0.0,
0.0,
16.0,
0.0,
0.0,
14.0,
0.0,
3.0,
0.0,
54.0,
255.0,
244.0,
253.0,
255.0,
152.0,
46.0,
0.0,
0.0,
8.0,
1.0,
0.0,
3.0,
110.0,
234.0,
231.0,
0.0,
0.0,
0.0,
0.0,
0.0,
4.0,
0.0,
0.0,
5.0,
0.0,
0.0,
6.0,
44.0,
225.0,
234.0,
222.0,
83.0,
19.0,
0.0,
11.0,
1.0,
3.0,
5.0,
6.0,
0.0,
144.0,
255.0,
216.0,
0.0,
0.0,
0.0,
0.0,
11.0,
0.0,
3.0,
7.0,
0.0,
0.0,
4.0,
0.0,
5.0,
2.0,
0.0,
4.0,
0.0,
0.0,
13.0,
0.0,
0.0,
0.0,
0.0,
0.0,
6.0,
210.0,
242.0,
100.0,
0.0,
0.0,
0.0,
0.0,
0.0,
0.0,
0.0,
2.0,
0.0,
0.0,
8.0,
13.0,
0.0,
0.0,
10.0,
19.0,
7.0,
0.0,
7.0,
5.0,
11.0,
0.0,
8.0,
9.0,
146.0,
255.0,
249.0,
102.0,
0.0,
0.0,
0.0,
0.0,
1.0,
20.0,
3.0,
5.0,
3.0,
0.0,
36.0,
76.0,
6.0,
0.0,
0.0,
0.0,
0.0,
6.0,
0.0,
16.0,
0.0,
8.0,
0.0,
37.0,
237.0,
255.0,
213.0,
0.0,
0.0,
0.0,
0.0,
0.0,
0.0,
14.0,
0.0,
0.0,
0.0,
58.0,
208.0,
245.0,
46.0,
12.0,
7.0,
0.0,
10.0,
10.0,
0.0,
0.0,
12.0,
0.0,
157.0,
240.0,
242.0,
238.0,
53.0,
17.0,
0.0,
0.0,
0.0,
0.0,
0.0,
5.0,
7.0,
27.0,
12.0,
103.0,
255.0,
243.0,
90.0,
0.0,
7.0,
0.0,
3.0,
0.0,
16.0,
4.0,
54.0,
202.0,
251.0,
252.0,
247.0,
160.0,
0.0,
0.0,
0.0,
0.0,
0.0,
0.0,
12.0,
0.0,
0.0,
0.0,
0.0,
57.0,
197.0,
255.0,
242.0,
178.0,
181.0,
117.0,
49.0,
41.0,
140.0,
186.0,
228.0,
245.0,
255.0,
204.0,
106.0,
9.0,
17.0,
0.0,
0.0,
0.0,
0.0,
0.0,
0.0,
0.0,
10.0,
1.0,
9.0,
0.0,
36.0,
213.0,
248.0,
255.0,
246.0,
251.0,
240.0,
255.0,
255.0,
245.0,
248.0,
240.0,
88.0,
12.0,
0.0,
0.0,
0.0,
4.0,
0.0,
0.0,
0.0,
0.0,
0.0,
0.0,
0.0,
0.0,
0.0,
0.0,
0.0,
0.0,
97.0,
202.0,
255.0,
248.0,
246.0,
255.0,
238.0,
160.0,
86.0,
21.0,
0.0,
0.0,
7.0,
0.0,
0.0,
0.0,
0.0,
0.0,
0.0,
0.0,
0.0,
0.0,
0.0,
0.0,
0.0,
0.0,
0.0,
0.0,
0.0,
0.0,
1.0,
2.0,
0.0,
0.0,
0.0,
1.0,
16.0,
0.0,
0.0,
2.0,
0.0,
0.0,
3.0,
4.0,
0.0,
0.0,
0.0,
0.0,
0.0,
0.0,
0.0,
0.0,
0.0,
0.0,
0.0,
0.0,
11.0,
2.0,
0.0,
7.0,
8.0,
1.0,
0.0,
2.0,
0.0,
0.0,
9.0,
7.0,
0.0,
1.0,
6.0,
0.0,
0.0,
0.0,
0.0,
0.0,
0.0,
0.0,
0.0,
0.0,
0.0,
0.0,
0.0,
0.0,
0.0,
0.0,
0.0,
0.0,
0.0,
8.0,
9.0,
0.0,
4.0,
5.0,
8.0,
3.0,
0.0,
4.0,
5.0,
0.0,
0.0,
0.0,
0.0,
0.0,
