0.0,
0.0,
0.0,
0.0,
0.0,
0.0,
0.0,
0.0,
3.0,
0.0,
12.0,
0.0,
0.0,
8.0,
0.0,
4.0,
0.0,
10.0,
0.0,
0.0,
10.0,
0.0,
0.0,
2.0,
0.0,
0.0,
0.0,
0.0,
0.0,
0.0,
0.0,
0.0,
0.0,
0.0,
0.0,
0.0,
2.0,
0.0,
0.0,
0.0,
0.0,
1.0,
0.0,
0.0,
0.0,
0.0,
15.0,
0.0,
9.0,
0.0,
8.0,
7.0,
0.0,
0.0,
0.0,
0.0,
0.0,
0.0,
0.0,
0.0,
0.0,
0.0,
0.0,
0.0,
0.0,
5.0,
7.0,
5.0,
0.0,
0.0,
10.0,
10.0,
10.0,
26.0,
0.0,
16.0,
0.0,
0.0,
10.0,
0.0,
0.0,
0.0,
0.0,
0.0,
0.0,
0.0,
0.0,
0.0,
0.0,
0.0,
0.0,
0.0,
3.0,
0.0,
0.0,
0.0,
1.0,
9.0,
0.0,
0.0,
0.0,
0.0,
6.0,
8.0,
11.0,
3.0,
0.0,
9.0,
0.0,
0.0,
0.0,
0.0,
0.0,
0.0,
0.0,
0.0,
0.0,
0.0,
0.0,
0.0,
8.0,
0.0,
1.0,
2.0,
5.0,
19.0,
59.0,
173.0,
207.0,
192.0,
22.0,
0.0,
0.0,
0.0,
5.0,
0.0,
0.0,
0.0,
0.0,
0.0,
0.0,
0.0,
0.0,
0.0,
0.0,
0.0,
0.0,
0.0,
0.0,
12.0,
13.0,
1.0,
101.0,
233.0,
255.0,
255.0,
254.0,
253.0,
240.0,
44.0,
22.0,
0.0,
4.0,
5.0,
0.0,
0.0,
0.0,
0.0,
0.0,
0.0,
0.0,
0.0,
0.0,
0.0,
0.0,
0.0,
0.0,
0.0,
4.0,
140.0,
255.0,
255.0,
250.0,
255.0,
244.0,
255.0,
250.0,
121.0,
5.0,
0.0,
5.0,
0.0,
0.0,
0.0,
0.0,
0.0,
0.0,
0.0,
0.0,
0.0,
0.0,
0.0,
0.0,
0.0,
0.0,
14.0,
0.0,
146.0,
255.0,
243.0,
252.0,
228.0,
255.0,
236.0,
255.0,
171.0,
1.0,
7.0,
0.0,
7.0,
0.0,
0.0,
0.0,
0.0,
0.0,
0.0,
0.0,
0.0,
0.0,
0.0,
0.0,
0.0,
19.0,
0.0,
7.0,
64.0,
240.0,
200.0,
79.0,
73.0,
249.0,
227.0,
255.0,
93.0,
0.0,
0.0,
1.0,
1.0,
0.0,
0.0,
0.0,
0.0,
0.0,
0.0,
0.0,
0.0,
0.0,
0.0,
0.0,
0.0,
0.0,
0.0,
14.0,
0.0,
39.0,
21.0,
0.0,
201.0,
244.0,
255.0,
219.0,
33.0,
5.0,
0.0,
7.0,
0.0,
0.0,
0.0,
0.0,
0.0,
0.0,
0.0,
0.0,
0.0,
0.0,
0.0,
0.0,
0.0,
2.0,
2.0,
8.0,
0.0,
5.0,
0.0,
131.0,
255.0,
243.0,
255.0,
100.0,
0.0,
0.0,
0.0,
9.0,
0.0,
0.0,
0.0,
0.0,
0.0,
0.0,
0.0,
0.0,
0.0,
0.0,
0.0,
0.0,
0.0,
5.0,
0.0,
0.0,
0.0,
34.0,
117.0,
255.0,
251.0,
255.0,
197.0,
4.0,
15.0,
2.0,
0.0,
0.0,
0.0,
0.0,
0.0,
0.0,
0.0,
0.0,
0.0,
0.0,
0.0,
0.0,
0.0,
0.0,
0.0,
2.0,
7.0,
3.0,
10.0,
57.0,
255.0,
252.0,
246.0,
250.0,
159.0,
2.0,
0.0,
1.0,
2.0,
0.0,
2.0,
0.0,
0.0,
0.0,
0.0,
0.0,
0.0,
0.0,
0.0,
0.0,
0.0,
0.0,
0.0,
0.0,
0.0,
0.0,
0.0,
25.0,
212.0,
252.0,
255.0,
255.0,
230.0,
128.0,
0.0,
0.0,
0.0,
0.0,
8.0,
0.0,
0.0,
0.0,
0.0,
0.0,
0.0,
0.0,
0.0,
0.0,
0.0,
0.0,
0.0,
8.0,
7.0,
13.0,
5.0,
0.0,
50.0,
213.0,
225.0,
224.0,
255.0,
255.0,
110.0,
13.0,
0.0,
0.0,
0.0,
0.0,
0.0,
0.0,
0.0,
0.0,
0.0,
0.0,
0.0,
0.0,
0.0,
0.0,
0.0,
0.0,
2.0,
0.0,
0.0,
4.0,
3.0,
2.0,
0.0,
39.0,
130.0,
252.0,
232.0,
33.0,
6.0,
0.0,
0.0,
0.0,
0.0,
0.0,
0.0,
0.0,
1.0,
1.0,
0.0,
0.0,
7.0,
79.0,
196.0,
98.0,
21.0,
4.0,
0.0,
10.0,
0.0,
0.0,
8.0,
1.0,
66.0,
255.0,
255.0,
123.0,
8.0,
0.0,
4.0,
0.0,
0.0,
0.0,
0.0,
3.0,
0.0,
0.0,
0.0,
0.0,
3.0,
207.0,
252.0,
239.0,
18.0,
0.0,
0.0,
0.0,
11.0,
0.0,
0.0,
45.0,
203.0,
244.0,
248.0,
138.0,
0.0,
13.0,
0.0,
0.0,
0.0,
0.0,
0.0,
2.0,
0.0,
3.0,
4.0,
0.0,
0.0,
200.0,
255.0,
189.0,
5.0,
0.0,
21.0,
0.0,
0.0,
24.0,
0.0,
124.0,
248.0,
246.0,
255.0,
98.0,
63.0,
6.0,
6.0,
0.0,
0.0,
0.0,
0.0,
1.0,
0.0,
0.0,
12.0,
0.0,
3.0,
61.0,
236.0,
245.0,
82.0,
0.0,
0.0,
25.0,
5.0,
0.0,
175.0,
255.0,
254.0,
248.0,
129.0,
15.0,
17.0,
0.0,
0.0,
0.0,
0.0,
0.0,
0.0,
2.0,
0.0,
0.0,
7.0,
0.0,
15.0,
0.0,
208.0,
255.0,
200.0,
21.0,
10.0,
86.0,
128.0,
214.0,
255.0,
237.0,
252.0,
138.0,
17.0,
15.0,
9.0,
8.0,
0.0,
0.0,
0.0,
0.0,
0.0,
0.0,
1.0,
0.0,
5.0,
0.0,
0.0,
4.0,
105.0,
245.0,
253.0,
251.0,
255.0,
255.0,
255.0,
255.0,
250.0,
255.0,
211.0,
15.0,
2.0,
0.0,
0.0,
0.0,
6.0,
0.0,
0.0,
0.0,
0.0,
0.0,
6.0,
6.0,
2.0,
0.0,
0.0,
7.0,
6.0,
109.0,
255.0,
245.0,
238.0,
246.0,
239.0,
255.0,
255.0,
139.0,
30.0,
0.0,
3.0,
11.0,
0.0,
0.0,
1.0,
0.0,
0.0,
0.0,
0.0,
0.0,
8.0,
0.0,
0.0,
0.0,
9.0,
0.0,
0.0,
6.0,
63.0,
147.0,
255.0,
255.0,
246.0,
155.0,
53.0,
3.0,
15.0,
0.0,
0.0,
6.0,
3.0,
0.0,
0.0,
0.0,
0.0,
0.0,
0.0,
0.0,
0.0,
0.0,
0.0,
0.0,
0.0,
0.0,
0.0,
0.0,
0.0,
0.0,
0.0,
0.0,
0.0,
0.0,
0.0,
0.0,
0.0,
0.0,
0.0,
0.0,
0.0,
0.0,
0.0,
0.0,
0.0,
0.0,
0.0,
0.0,
0.0,
0.0,
0.0,
0.0,
0.0,
0.0,
0.0,
0.0,
0.0,
0.0,
0.0,
0.0,
0.0,
0.0,
0.0,
0.0,
0.0,
0.0,
0.0,
0.0,
0.0,
0.0,
0.0,
0.0,
0.0,
0.0,
0.0,
0.0,
0.0,
0.0,
0.0,
0.0,
0.0,
0.0,
0.0,
0.0,
0.0,
0.0,
0.0,
0.0,
0.0,
0.0,
0.0,
0.0,
0.0,
0.0,
0.0,
0.0,
0.0,
0.0,
0.0,
0.0,
0.0,
0.0,
0.0,
0.0,
0.0,
0.0,
0.0,
0.0,
0.0,
0.0,
0.0,
0.0,
0.0,
0.0,
0.0,
0.0,
0.0,
0.0,
0.0,
0.0,
0.0,
0.0,
0.0,
0.0,
0.0,
0.0,
0.0,
0.0,
0.0,
0.0,
0.0,
