0.0,
0.0,
0.0,
0.0,
0.0,
0.0,
0.0,
0.0,
0.0,
4.0,
0.0,
0.0,
7.0,
1.0,
0.0,
1.0,
0.0,
4.0,
0.0,
0.0,
3.0,
0.0,
0.0,
10.0,
0.0,
0.0,
0.0,
0.0,
0.0,
0.0,
0.0,
0.0,
0.0,
0.0,
0.0,
0.0,
8.0,
0.0,
4.0,
7.0,
0.0,
0.0,
14.0,
3.0,
6.0,
0.0,
0.0,
11.0,
19.0,
8.0,
5.0,
0.0,
0.0,
0.0,
0.0,
0.0,
0.0,
0.0,
0.0,
0.0,
0.0,
0.0,
0.0,
0.0,
1.0,
0.0,
6.0,
20.0,
1.0,
0.0,
3.0,
0.0,
0.0,
4.0,
2.0,
0.0,
0.0,
0.0,
24.0,
6.0,
0.0,
0.0,
0.0,
0.0,
0.0,
0.0,
0.0,
0.0,
0.0,
0.0,
0.0,
0.0,
8.0,
5.0,
0.0,
0.0,
12.0,
0.0,
0.0,
19.0,
9.0,
0.0,
3.0,
3.0,
5.0,
10.0,
0.0,
0.0,
0.0,
0.0,
0.0,
0.0,
0.0,
0.0,
0.0,
0.0,
0.0,
0.0,
0.0,
0.0,
0.0,
15.0,
6.0,
0.0,
2.0,
0.0,
12.0,
90.0,
93.0,
94.0,
149.0,
164.0,
148.0,
78.0,
0.0,
6.0,
0.0,
0.0,
0.0,
0.0,
0.0,
0.0,
0.0,
0.0,
0.0,
0.0,
0.0,
0.0,
3.0,
0.0,
12.0,
47.0,
98.0,
163.0,
223.0,
253.0,
255.0,
242.0,
255.0,
250.0,
255.0,
233.0,
79.0,
0.0,
0.0,
0.0,
0.0,
0.0,
0.0,
0.0,
0.0,
0.0,
0.0,
0.0,
0.0,
0.0,
0.0,
116.0,
230.0,
255.0,
245.0,
252.0,
255.0,
252.0,
250.0,
255.0,
255.0,
242.0,
246.0,
255.0,
165.0,
2.0,
0.0,
0.0,
0.0,
0.0,
0.0,
0.0,
0.0,
0.0,
0.0,
0.0,
0.0,
0.0,
56.0,
206.0,
255.0,
238.0,
255.0,
255.0,
206.0,
178.0,
179.0,
168.0,
173.0,
237.0,
248.0,
249.0,
198.0,
0.0,
0.0,
0.0,
0.0,
0.0,
0.0,
0.0,
0.0,
0.0,
0.0,
0.0,
0.0,
0.0,
54.0,
255.0,
254.0,
211.0,
117.0,
22.0,
14.0,
0.0,
8.0,
0.0,
64.0,
247.0,
249.0,
251.0,
175.0,
0.0,
0.0,
0.0,
0.0,
0.0,
0.0,
0.0,
0.0,
0.0,
0.0,
0.0,
0.0,
0.0,
26.0,
122.0,
66.0,
17.0,
6.0,
0.0,
0.0,
5.0,
4.0,
156.0,
229.0,
255.0,
255.0,
212.0,
11.0,
0.0,
0.0,
0.0,
0.0,
0.0,
0.0,
0.0,
0.0,
0.0,
0.0,
0.0,
0.0,
0.0,
0.0,
0.0,
0.0,
9.0,
1.0,
0.0,
26.0,
125.0,
192.0,
255.0,
252.0,
248.0,
183.0,
55.0,
0.0,
13.0,
0.0,
0.0,
0.0,
0.0,
0.0,
0.0,
0.0,
0.0,
0.0,
0.0,
0.0,
0.0,
22.0,
0.0,
0.0,
24.0,
60.0,
169.0,
231.0,
255.0,
255.0,
240.0,
255.0,
204.0,
30.0,
0.0,
12.0,
0.0,
0.0,
0.0,
0.0,
0.0,
0.0,
0.0,
0.0,
0.0,
0.0,
0.0,
0.0,
0.0,
0.0,
65.0,
130.0,
226.0,
255.0,
255.0,
255.0,
255.0,
251.0,
251.0,
247.0,
233.0,
78.0,
10.0,
7.0,
0.0,
0.0,
0.0,
0.0,
0.0,
0.0,
0.0,
0.0,
0.0,
0.0,
0.0,
0.0,
0.0,
58.0,
252.0,
252.0,
231.0,
248.0,
249.0,
247.0,
253.0,
241.0,
255.0,
245.0,
255.0,
239.0,
39.0,
15.0,
6.0,
0.0,
0.0,
0.0,
0.0,
0.0,
0.0,
0.0,
0.0,
0.0,
0.0,
0.0,
0.0,
144.0,
255.0,
247.0,
255.0,
255.0,
250.0,
183.0,
147.0,
105.0,
127.0,
255.0,
246.0,
255.0,
121.0,
0.0,
0.0,
0.0,
0.0,
0.0,
0.0,
0.0,
0.0,
0.0,
0.0,
0.0,
0.0,
0.0,
0.0,
56.0,
184.0,
216.0,
171.0,
70.0,
27.0,
19.0,
0.0,
1.0,
2.0,
77.0,
244.0,
251.0,
197.0,
0.0,
7.0,
0.0,
0.0,
0.0,
0.0,
2.0,
1.0,
0.0,
5.0,
3.0,
0.0,
9.0,
0.0,
0.0,
0.0,
0.0,
7.0,
0.0,
0.0,
5.0,
0.0,
1.0,
2.0,
52.0,
247.0,
255.0,
227.0,
0.0,
7.0,
0.0,
0.0,
0.0,
0.0,
5.0,
0.0,
8.0,
0.0,
0.0,
0.0,
0.0,
3.0,
8.0,
0.0,
0.0,
5.0,
0.0,
0.0,
0.0,
0.0,
0.0,
0.0,
60.0,
253.0,
255.0,
128.0,
6.0,
2.0,
0.0,
0.0,
0.0,
0.0,
0.0,
3.0,
4.0,
0.0,
0.0,
24.0,
0.0,
0.0,
6.0,
0.0,
8.0,
0.0,
0.0,
9.0,
2.0,
5.0,
7.0,
96.0,
231.0,
233.0,
239.0,
61.0,
7.0,
0.0,
0.0,
0.0,
0.0,
0.0,
8.0,
12.0,
0.0,
0.0,
46.0,
103.0,
107.0,
124.0,
179.0,
61.0,
11.0,
0.0,
4.0,
14.0,
0.0,
15.0,
76.0,
244.0,
254.0,
255.0,
128.0,
0.0,
0.0,
10.0,
0.0,
0.0,
0.0,
0.0,
0.0,
0.0,
6.0,
89.0,
243.0,
237.0,
255.0,
249.0,
191.0,
18.0,
0.0,
14.0,
15.0,
0.0,
77.0,
255.0,
254.0,
243.0,
253.0,
146.0,
6.0,
0.0,
0.0,
11.0,
0.0,
0.0,
0.0,
0.0,
23.0,
8.0,
0.0,
158.0,
255.0,
249.0,
251.0,
249.0,
255.0,
237.0,
234.0,
217.0,
233.0,
255.0,
255.0,
242.0,
252.0,
248.0,
83.0,
12.0,
0.0,
22.0,
0.0,
0.0,
0.0,
0.0,
0.0,
0.0,
0.0,
0.0,
0.0,
176.0,
239.0,
255.0,
251.0,
255.0,
252.0,
245.0,
255.0,
255.0,
255.0,
249.0,
233.0,
219.0,
148.0,
3.0,
1.0,
0.0,
0.0,
2.0,
11.0,
0.0,
0.0,
0.0,
0.0,
0.0,
13.0,
0.0,
14.0,
41.0,
117.0,
126.0,
169.0,
153.0,
156.0,
164.0,
159.0,
141.0,
99.0,
59.0,
36.0,
3.0,
0.0,
13.0,
1.0,
0.0,
0.0,
0.0,
0.0,
0.0,
0.0,
0.0,
0.0,
0.0,
0.0,
0.0,
0.0,
0.0,
0.0,
0.0,
0.0,
0.0,
0.0,
0.0,
0.0,
0.0,
0.0,
0.0,
0.0,
0.0,
0.0,
0.0,
0.0,
0.0,
0.0,
0.0,
0.0,
0.0,
0.0,
0.0,
0.0,
0.0,
0.0,
0.0,
0.0,
0.0,
0.0,
0.0,
0.0,
0.0,
0.0,
0.0,
0.0,
0.0,
0.0,
0.0,
0.0,
0.0,
0.0,
0.0,
0.0,
0.0,
0.0,
0.0,
0.0,
0.0,
0.0,
0.0,
0.0,
0.0,
0.0,
0.0,
0.0,
0.0,
0.0,
0.0,
0.0,
0.0,
0.0,
0.0,
0.0,
0.0,
0.0,
0.0,
0.0,
0.0,
0.0,
0.0,
0.0,
0.0,
0.0,
0.0,
0.0,
0.0,
0.0,
0.0,
0.0,
0.0,
0.0,
0.0,
0.0,
0.0,
0.0,
0.0,
0.0,
0.0,
0.0,
0.0,
0.0,
0.0,
0.0,
0.0,
0.0,
0.0,
0.0,
0.0,
0.0,
0.0,
0.0,
0.0,
0.0,
0.0,
0.0,
0.0,
0.0,
0.0,
