0.0,
11.0,
8.0,
4.0,
0.0,
2.0,
0.0,
0.0,
3.0,
0.0,
9.0,
0.0,
1.0,
0.0,
5.0,
2.0,
14.0,
0.0,
0.0,
16.0,
0.0,
0.0,
12.0,
0.0,
0.0,
0.0,
0.0,
0.0,
0.0,
0.0,
0.0,
0.0,
4.0,
4.0,
6.0,
1.0,
3.0,
0.0,
7.0,
6.0,
3.0,
0.0,
13.0,
0.0,
0.0,
9.0,
4.0,
0.0,
14.0,
7.0,
0.0,
0.0,
0.0,
0.0,
0.0,
0.0,
7.0,
2.0,
16.0,
1.0,
10.0,
0.0,
2.0,
1.0,
10.0,
14.0,
2.0,
0.0,
4.0,
0.0,
0.0,
4.0,
23.0,
1.0,
0.0,
1.0,
1.0,
1.0,
4.0,
0.0,
0.0,
0.0,
0.0,
0.0,
4.0,
0.0,
0.0,
0.0,
7.0,
0.0,
4.0,
1.0,
0.0,
0.0,
3.0,
7.0,
4.0,
0.0,
18.0,
0.0,
0.0,
2.0,
2.0,
4.0,
0.0,
5.0,
2.0,
3.0,
0.0,
0.0,
0.0,
0.0,
0.0,
9.0,
15.0,
5.0,
11.0,
0.0,
6.0,
31.0,
153.0,
148.0,
128.0,
148.0,
249.0,
255.0,
244.0,
249.0,
255.0,
76.0,
0.0,
21.0,
0.0,
0.0,
10.0,
3.0,
0.0,
0.0,
0.0,
0.0,
0.0,
6.0,
0.0,
0.0,
68.0,
120.0,
195.0,
255.0,
251.0,
240.0,
254.0,
252.0,
255.0,
244.0,
255.0,
254.0,
255.0,
235.0,
130.0,
2.0,
6.0,
0.0,
0.0,
1.0,
0.0,
0.0,
0.0,
0.0,
4.0,
0.0,
0.0,
13.0,
237.0,
255.0,
255.0,
233.0,
253.0,
200.0,
115.0,
81.0,
154.0,
171.0,
177.0,
202.0,
233.0,
255.0,
231.0,
111.0,
0.0,
0.0,
5.0,
0.0,
0.0,
0.0,
0.0,
0.0,
0.0,
0.0,
13.0,
2.0,
255.0,
241.0,
212.0,
149.0,
25.0,
14.0,
0.0,
0.0,
14.0,
0.0,
0.0,
10.0,
47.0,
206.0,
255.0,
232.0,
6.0,
9.0,
0.0,
6.0,
0.0,
0.0,
0.0,
0.0,
6.0,
8.0,
0.0,
4.0,
13.0,
47.0,
0.0,
0.0,
2.0,
0.0,
5.0,
0.0,
9.0,
0.0,
1.0,
0.0,
8.0,
173.0,
245.0,
255.0,
0.0,
0.0,
6.0,
0.0,
0.0,
0.0,
0.0,
0.0,
0.0,
8.0,
0.0,
0.0,
0.0,
9.0,
0.0,
13.0,
1.0,
0.0,
1.0,
0.0,
0.0,
3.0,
6.0,
0.0,
0.0,
184.0,
255.0,
242.0,
6.0,
6.0,
2.0,
7.0,
0.0,
0.0,
0.0,
0.0,
5.0,
3.0,
0.0,
14.0,
10.0,
0.0,
0.0,
0.0,
0.0,
4.0,
3.0,
7.0,
0.0,
2.0,
0.0,
3.0,
172.0,
255.0,
231.0,
255.0,
10.0,
0.0,
7.0,
0.0,
0.0,
0.0,
0.0,
0.0,
2.0,
3.0,
0.0,
4.0,
1.0,
0.0,
5.0,
5.0,
0.0,
1.0,
0.0,
9.0,
0.0,
49.0,
129.0,
219.0,
245.0,
247.0,
255.0,
195.0,
0.0,
13.0,
0.0,
16.0,
0.0,
0.0,
0.0,
0.0,
0.0,
6.0,
0.0,
0.0,
0.0,
2.0,
4.0,
0.0,
21.0,
91.0,
171.0,
249.0,
255.0,
255.0,
248.0,
245.0,
254.0,
247.0,
255.0,
255.0,
232.0,
66.0,
0.0,
3.0,
0.0,
0.0,
0.0,
0.0,
5.0,
0.0,
0.0,
11.0,
10.0,
1.0,
11.0,
91.0,
215.0,
255.0,
255.0,
255.0,
234.0,
253.0,
255.0,
250.0,
253.0,
219.0,
255.0,
239.0,
255.0,
235.0,
42.0,
0.0,
0.0,
0.0,
0.0,
0.0,
0.0,
0.0,
3.0,
15.0,
0.0,
0.0,
21.0,
219.0,
249.0,
246.0,
246.0,
247.0,
255.0,
241.0,
152.0,
53.0,
49.0,
47.0,
91.0,
199.0,
249.0,
253.0,
143.0,
1.0,
0.0,
0.0,
0.0,
0.0,
6.0,
2.0,
0.0,
0.0,
0.0,
20.0,
0.0,
88.0,
255.0,
253.0,
252.0,
204.0,
144.0,
53.0,
16.0,
0.0,
4.0,
0.0,
9.0,
9.0,
204.0,
251.0,
219.0,
5.0,
0.0,
0.0,
0.0,
0.0,
0.0,
8.0,
0.0,
0.0,
16.0,
0.0,
8.0,
0.0,
0.0,
0.0,
7.0,
8.0,
0.0,
3.0,
10.0,
0.0,
2.0,
1.0,
3.0,
0.0,
20.0,
255.0,
236.0,
95.0,
0.0,
0.0,
0.0,
0.0,
5.0,
0.0,
10.0,
9.0,
0.0,
16.0,
0.0,
11.0,
17.0,
1.0,
0.0,
0.0,
0.0,
0.0,
0.0,
3.0,
0.0,
0.0,
5.0,
6.0,
141.0,
245.0,
254.0,
147.0,
0.0,
0.0,
0.0,
0.0,
0.0,
0.0,
0.0,
3.0,
12.0,
0.0,
0.0,
4.0,
0.0,
4.0,
6.0,
0.0,
4.0,
4.0,
0.0,
3.0,
11.0,
10.0,
0.0,
18.0,
250.0,
255.0,
239.0,
97.0,
0.0,
0.0,
0.0,
0.0,
15.0,
0.0,
4.0,
6.0,
4.0,
27.0,
118.0,
67.0,
6.0,
1.0,
1.0,
0.0,
0.0,
5.0,
6.0,
0.0,
1.0,
0.0,
135.0,
255.0,
255.0,
243.0,
237.0,
6.0,
0.0,
0.0,
0.0,
0.0,
0.0,
8.0,
0.0,
0.0,
69.0,
247.0,
255.0,
246.0,
115.0,
16.0,
0.0,
6.0,
0.0,
0.0,
26.0,
30.0,
149.0,
215.0,
232.0,
255.0,
249.0,
143.0,
23.0,
0.0,
0.0,
0.0,
0.0,
0.0,
8.0,
0.0,
0.0,
1.0,
28.0,
154.0,
245.0,
248.0,
255.0,
187.0,
169.0,
181.0,
160.0,
177.0,
231.0,
249.0,
252.0,
251.0,
255.0,
206.0,
78.0,
13.0,
0.0,
3.0,
0.0,
0.0,
0.0,
0.0,
0.0,
9.0,
4.0,
0.0,
4.0,
0.0,
149.0,
255.0,
245.0,
250.0,
255.0,
250.0,
240.0,
247.0,
255.0,
255.0,
242.0,
207.0,
135.0,
22.0,
6.0,
0.0,
0.0,
8.0,
0.0,
0.0,
0.0,
0.0,
6.0,
0.0,
0.0,
7.0,
0.0,
6.0,
13.0,
73.0,
251.0,
255.0,
248.0,
251.0,
255.0,
221.0,
150.0,
128.0,
39.0,
0.0,
0.0,
3.0,
7.0,
0.0,
6.0,
0.0,
0.0,
0.0,
0.0,
0.0,
0.0,
0.0,
0.0,
0.0,
0.0,
0.0,
0.0,
0.0,
0.0,
0.0,
0.0,
0.0,
0.0,
0.0,
0.0,
0.0,
0.0,
0.0,
0.0,
0.0,
0.0,
0.0,
0.0,
0.0,
0.0,
0.0,
0.0,
0.0,
0.0,
0.0,
0.0,
0.0,
0.0,
0.0,
0.0,
0.0,
0.0,
0.0,
0.0,
0.0,
0.0,
0.0,
0.0,
0.0,
0.0,
0.0,
0.0,
0.0,
0.0,
0.0,
0.0,
0.0,
0.0,
0.0,
0.0,
0.0,
0.0,
0.0,
0.0,
0.0,
0.0,
0.0,
0.0,
0.0,
0.0,
0.0,
0.0,
0.0,
0.0,
0.0,
0.0,
0.0,
0.0,
0.0,
0.0,
0.0,
0.0,
0.0,
0.0,
0.0,
0.0,
0.0,
0.0,
0.0,
0.0,
0.0,
0.0,
0.0,
0.0,
0.0,
0.0,
0.0,
0.0,
0.0,
0.0,
0.0,
0.0,
0.0,
0.0,
0.0,
0.0,
0.0,
0.0,
0.0,
0.0,
0.0,
0.0,
0.0,
0.0,
0.0,
0.0,
0.0,
