0.0,
5.0,
0.0,
0.0,
1.0,
0.0,
0.0,
2.0,
0.0,
10.0,
0.0,
2.0,
4.0,
0.0,
0.0,
0.0,
1.0,
4.0,
0.0,
6.0,
3.0,
4.0,
0.0,
4.0,
0.0,
0.0,
0.0,
0.0,
6.0,
0.0,
0.0,
0.0,
2.0,
0.0,
3.0,
4.0,
0.0,
0.0,
0.0,
0.0,
1.0,
5.0,
0.0,
2.0,
0.0,
1.0,
11.0,
0.0,
3.0,
3.0,
10.0,
0.0,
0.0,
0.0,
0.0,
0.0,
4.0,
0.0,
0.0,
6.0,
4.0,
1.0,
0.0,
0.0,
9.0,
0.0,
4.0,
0.0,
0.0,
14.0,
0.0,
9.0,
15.0,
0.0,
6.0,
0.0,
0.0,
12.0,
0.0,
1.0,
0.0,
0.0,
0.0,
0.0,
0.0,
0.0,
8.0,
5.0,
0.0,
2.0,
2.0,
0.0,
0.0,
0.0,
0.0,
0.0,
2.0,
2.0,
0.0,
0.0,
0.0,
4.0,
0.0,
15.0,
8.0,
0.0,
17.0,
0.0,
0.0,
0.0,
0.0,
0.0,
5.0,
0.0,
7.0,
0.0,
0.0,
7.0,
2.0,
3.0,
0.0,
19.0,
0.0,
5.0,
6.0,
0.0,
10.0,
5.0,
8.0,
0.0,
17.0,
0.0,
11.0,
0.0,
4.0,
2.0,
0.0,
0.0,
0.0,
0.0,
1.0,
0.0,
5.0,
0.0,
2.0,
6.0,
0.0,
0.0,
7.0,
89.0,
127.0,
215.0,
255.0,
240.0,
255.0,
242.0,
145.0,
50.0,
0.0,
0.0,
0.0,
27.0,
0.0,
13.0,
0.0,
0.0,
0.0,
0.0,
0.0,
0.0,
6.0,
0.0,
9.0,
0.0,
0.0,
82.0,
228.0,
255.0,
241.0,
255.0,
255.0,
241.0,
255.0,
250.0,
247.0,
207.0,
0.0,
18.0,
0.0,
0.0,
0.0,
0.0,
0.0,
0.0,
0.0,
0.0,
7.0,
0.0,
3.0,
0.0,
0.0,
0.0,
54.0,
228.0,
247.0,
255.0,
247.0,
249.0,
254.0,
247.0,
250.0,
251.0,
254.0,
248.0,
196.0,
0.0,
2.0,
4.0,
0.0,
0.0,
0.0,
0.0,
0.0,
0.0,
4.0,
0.0,
13.0,
0.0,
2.0,
0.0,
47.0,
255.0,
255.0,
245.0,
249.0,
228.0,
210.0,
167.0,
231.0,
219.0,
245.0,
255.0,
254.0,
91.0,
0.0,
0.0,
1.0,
0.0,
0.0,
0.0,
0.0,
0.0,
8.0,
0.0,
3.0,
0.0,
0.0,
9.0,
46.0,
192.0,
245.0,
255.0,
250.0,
50.0,
3.0,
0.0,
0.0,
7.0,
191.0,
248.0,
251.0,
149.0,
2.0,
2.0,
2.0,
9.0,
0.0,
0.0,
0.0,
0.0,
0.0,
0.0,
4.0,
0.0,
4.0,
0.0,
0.0,
26.0,
139.0,
137.0,
160.0,
13.0,
3.0,
7.0,
0.0,
2.0,
206.0,
249.0,
238.0,
159.0,
0.0,
0.0,
0.0,
0.0,
0.0,
0.0,
0.0,
0.0,
5.0,
5.0,
0.0,
0.0,
3.0,
0.0,
0.0,
0.0,
15.0,
0.0,
0.0,
6.0,
15.0,
33.0,
101.0,
126.0,
253.0,
254.0,
251.0,
140.0,
0.0,
1.0,
8.0,
0.0,
0.0,
0.0,
0.0,
0.0,
2.0,
1.0,
0.0,
5.0,
9.0,
3.0,
13.0,
6.0,
0.0,
65.0,
117.0,
200.0,
191.0,
211.0,
255.0,
249.0,
247.0,
240.0,
255.0,
136.0,
0.0,
2.0,
0.0,
7.0,
0.0,
0.0,
0.0,
0.0,
0.0,
0.0,
0.0,
11.0,
7.0,
0.0,
0.0,
0.0,
131.0,
238.0,
255.0,
255.0,
243.0,
255.0,
252.0,
249.0,
255.0,
253.0,
246.0,
166.0,
9.0,
12.0,
0.0,
0.0,
0.0,
0.0,
0.0,
0.0,
10.0,
5.0,
0.0,
0.0,
0.0,
0.0,
9.0,
41.0,
225.0,
255.0,
255.0,
238.0,
255.0,
255.0,
249.0,
251.0,
248.0,
255.0,
251.0,
229.0,
96.0,
20.0,
0.0,
2.0,
0.0,
0.0,
0.0,
0.0,
0.0,
1.0,
7.0,
0.0,
2.0,
4.0,
0.0,
25.0,
255.0,
248.0,
254.0,
249.0,
255.0,
234.0,
255.0,
217.0,
147.0,
206.0,
252.0,
255.0,
166.0,
0.0,
0.0,
1.0,
0.0,
0.0,
0.0,
0.0,
4.0,
0.0,
0.0,
0.0,
3.0,
0.0,
3.0,
26.0,
251.0,
244.0,
242.0,
194.0,
152.0,
32.0,
21.0,
27.0,
0.0,
49.0,
244.0,
255.0,
234.0,
54.0,
0.0,
4.0,
0.0,
0.0,
0.0,
0.0,
1.0,
1.0,
0.0,
0.0,
4.0,
0.0,
0.0,
13.0,
55.0,
75.0,
52.0,
0.0,
11.0,
0.0,
4.0,
0.0,
9.0,
7.0,
255.0,
255.0,
250.0,
65.0,
0.0,
7.0,
0.0,
0.0,
0.0,
0.0,
0.0,
3.0,
0.0,
0.0,
4.0,
0.0,
0.0,
0.0,
0.0,
2.0,
0.0,
5.0,
17.0,
0.0,
0.0,
11.0,
31.0,
55.0,
248.0,
255.0,
245.0,
38.0,
12.0,
0.0,
0.0,
0.0,
0.0,
0.0,
0.0,
6.0,
2.0,
0.0,
3.0,
3.0,
0.0,
0.0,
16.0,
0.0,
0.0,
13.0,
0.0,
0.0,
16.0,
0.0,
188.0,
255.0,
249.0,
236.0,
197.0,
45.0,
0.0,
6.0,
0.0,
0.0,
0.0,
0.0,
0.0,
7.0,
2.0,
0.0,
1.0,
4.0,
2.0,
5.0,
59.0,
103.0,
17.0,
0.0,
18.0,
0.0,
47.0,
250.0,
255.0,
248.0,
255.0,
201.0,
17.0,
0.0,
0.0,
0.0,
0.0,
0.0,
0.0,
0.0,
0.0,
5.0,
1.0,
0.0,
0.0,
1.0,
5.0,
18.0,
233.0,
255.0,
231.0,
213.0,
212.0,
229.0,
233.0,
255.0,
246.0,
255.0,
193.0,
93.0,
7.0,
0.0,
0.0,
12.0,
0.0,
0.0,
0.0,
0.0,
0.0,
3.0,
0.0,
0.0,
1.0,
0.0,
4.0,
26.0,
251.0,
255.0,
241.0,
255.0,
255.0,
255.0,
255.0,
245.0,
243.0,
169.0,
36.0,
0.0,
7.0,
2.0,
13.0,
0.0,
0.0,
0.0,
0.0,
0.0,
0.0,
1.0,
0.0,
2.0,
1.0,
0.0,
1.0,
29.0,
253.0,
255.0,
249.0,
255.0,
255.0,
252.0,
234.0,
183.0,
72.0,
0.0,
0.0,
3.0,
0.0,
7.0,
0.0,
13.0,
0.0,
0.0,
0.0,
0.0,
0.0,
0.0,
0.0,
0.0,
0.0,
1.0,
1.0,
1.0,
122.0,
168.0,
252.0,
249.0,
232.0,
124.0,
58.0,
0.0,
0.0,
0.0,
0.0,
0.0,
0.0,
0.0,
0.0,
0.0,
0.0,
0.0,
0.0,
0.0,
0.0,
0.0,
0.0,
0.0,
0.0,
1.0,
1.0,
1.0,
0.0,
0.0,
16.0,
0.0,
7.0,
0.0,
4.0,
4.0,
0.0,
0.0,
0.0,
0.0,
0.0,
0.0,
0.0,
0.0,
0.0,
0.0,
0.0,
0.0,
0.0,
0.0,
0.0,
0.0,
0.0,
0.0,
1.0,
1.0,
0.0,
0.0,
0.0,
0.0,
0.0,
0.0,
3.0,
5.0,
0.0,
0.0,
0.0,
0.0,
0.0,
0.0,
0.0,
0.0,
0.0,
0.0,
0.0,
0.0,
0.0,
0.0,
0.0,
0.0,
0.0,
0.0,
0.0,
0.0,
0.0,
5.0,
2.0,
14.0,
4.0,
9.0,
0.0,
0.0,
0.0,
0.0,
0.0,
0.0,
0.0,
0.0,
0.0,
0.0,
0.0,
0.0,
0.0,
0.0,
