0.0,
0.0,
0.0,
0.0,
0.0,
0.0,
0.0,
0.0,
0.0,
0.0,
8.0,
7.0,
0.0,
0.0,
0.0,
8.0,
0.0,
15.0,
1.0,
0.0,
0.0,
6.0,
0.0,
7.0,
0.0,
0.0,
0.0,
0.0,
0.0,
0.0,
0.0,
0.0,
0.0,
0.0,
0.0,
0.0,
15.0,
18.0,
0.0,
0.0,
6.0,
8.0,
0.0,
0.0,
10.0,
0.0,
3.0,
5.0,
0.0,
7.0,
20.0,
0.0,
0.0,
0.0,
0.0,
0.0,
0.0,
0.0,
0.0,
0.0,
0.0,
0.0,
0.0,
0.0,
0.0,
0.0,
7.0,
4.0,
0.0,
1.0,
15.0,
9.0,
0.0,
13.0,
13.0,
0.0,
14.0,
0.0,
0.0,
0.0,
0.0,
0.0,
0.0,
0.0,
0.0,
0.0,
0.0,
0.0,
0.0,
0.0,
0.0,
0.0,
1.0,
8.0,
5.0,
0.0,
13.0,
14.0,
0.0,
2.0,
0.0,
0.0,
0.0,
6.0,
0.0,
0.0,
21.0,
0.0,
0.0,
0.0,
0.0,
0.0,
0.0,
0.0,
0.0,
0.0,
0.0,
0.0,
0.0,
0.0,
0.0,
0.0,
174.0,
255.0,
255.0,
242.0,
148.0,
117.0,
17.0,
8.0,
0.0,
16.0,
0.0,
0.0,
8.0,
0.0,
0.0,
0.0,
0.0,
0.0,
0.0,
0.0,
0.0,
0.0,
0.0,
0.0,
0.0,
0.0,
11.0,
0.0,
174.0,
255.0,
241.0,
255.0,
241.0,
251.0,
249.0,
192.0,
26.0,
0.0,
2.0,
3.0,
0.0,
5.0,
0.0,
0.0,
0.0,
0.0,
0.0,
0.0,
0.0,
0.0,
0.0,
0.0,
0.0,
0.0,
0.0,
5.0,
19.0,
44.0,
141.0,
172.0,
152.0,
254.0,
239.0,
255.0,
236.0,
202.0,
98.0,
1.0,
0.0,
0.0,
0.0,
0.0,
0.0,
0.0,
0.0,
0.0,
0.0,
0.0,
0.0,
0.0,
0.0,
0.0,
2.0,
0.0,
0.0,
5.0,
6.0,
0.0,
4.0,
36.0,
91.0,
204.0,
245.0,
255.0,
235.0,
78.0,
6.0,
0.0,
0.0,
0.0,
0.0,
0.0,
0.0,
0.0,
0.0,
0.0,
0.0,
0.0,
0.0,
0.0,
17.0,
0.0,
1.0,
0.0,
3.0,
0.0,
7.0,
0.0,
0.0,
18.0,
114.0,
247.0,
255.0,
106.0,
0.0,
0.0,
0.0,
0.0,
0.0,
0.0,
0.0,
0.0,
0.0,
0.0,
0.0,
0.0,
0.0,
0.0,
0.0,
1.0,
0.0,
1.0,
0.0,
0.0,
2.0,
0.0,
19.0,
19.0,
163.0,
234.0,
255.0,
71.0,
16.0,
0.0,
0.0,
0.0,
0.0,
0.0,
0.0,
0.0,
0.0,
0.0,
0.0,
0.0,
0.0,
0.0,
0.0,
13.0,
3.0,
9.0,
11.0,
2.0,
5.0,
0.0,
3.0,
162.0,
255.0,
255.0,
185.0,
52.0,
0.0,
8.0,
0.0,
0.0,
0.0,
0.0,
0.0,
0.0,
0.0,
0.0,
0.0,
0.0,
0.0,
0.0,
4.0,
0.0,
0.0,
30.0,
77.0,
19.0,
28.0,
27.0,
190.0,
242.0,
242.0,
213.0,
32.0,
0.0,
0.0,
6.0,
0.0,
0.0,
0.0,
0.0,
0.0,
0.0,
0.0,
0.0,
0.0,
0.0,
0.0,
0.0,
0.0,
0.0,
12.0,
153.0,
247.0,
207.0,
238.0,
255.0,
241.0,
255.0,
202.0,
86.0,
10.0,
4.0,
0.0,
4.0,
0.0,
0.0,
0.0,
0.0,
0.0,
0.0,
0.0,
0.0,
0.0,
0.0,
0.0,
0.0,
0.0,
3.0,
0.0,
171.0,
255.0,
244.0,
255.0,
249.0,
208.0,
70.0,
0.0,
0.0,
0.0,
0.0,
5.0,
0.0,
0.0,
0.0,
0.0,
0.0,
0.0,
0.0,
0.0,
0.0,
0.0,
0.0,
0.0,
0.0,
0.0,
13.0,
0.0,
109.0,
237.0,
252.0,
255.0,
133.0,
14.0,
5.0,
0.0,
8.0,
2.0,
11.0,
0.0,
4.0,
0.0,
0.0,
0.0,
0.0,
0.0,
0.0,
0.0,
0.0,
0.0,
0.0,
0.0,
0.0,
1.0,
1.0,
0.0,
17.0,
220.0,
241.0,
255.0,
14.0,
8.0,
0.0,
4.0,
7.0,
0.0,
0.0,
11.0,
0.0,
0.0,
0.0,
0.0,
0.0,
0.0,
0.0,
0.0,
0.0,
7.0,
6.0,
0.0,
0.0,
0.0,
1.0,
0.0,
1.0,
32.0,
242.0,
252.0,
65.0,
0.0,
0.0,
0.0,
0.0,
5.0,
9.0,
0.0,
0.0,
0.0,
0.0,
0.0,
0.0,
1.0,
9.0,
3.0,
0.0,
0.0,
0.0,
0.0,
6.0,
7.0,
0.0,
19.0,
4.0,
0.0,
159.0,
247.0,
240.0,
38.0,
0.0,
0.0,
0.0,
0.0,
2.0,
2.0,
5.0,
0.0,
0.0,
0.0,
0.0,
0.0,
0.0,
0.0,
3.0,
12.0,
5.0,
0.0,
0.0,
111.0,
0.0,
0.0,
0.0,
7.0,
109.0,
254.0,
252.0,
113.0,
0.0,
8.0,
0.0,
0.0,
0.0,
1.0,
3.0,
0.0,
0.0,
0.0,
0.0,
5.0,
0.0,
0.0,
0.0,
0.0,
0.0,
13.0,
59.0,
153.0,
22.0,
10.0,
3.0,
0.0,
4.0,
255.0,
231.0,
163.0,
0.0,
10.0,
0.0,
3.0,
0.0,
0.0,
0.0,
0.0,
0.0,
0.0,
0.0,
0.0,
0.0,
0.0,
5.0,
1.0,
26.0,
139.0,
255.0,
255.0,
172.0,
92.0,
18.0,
0.0,
10.0,
255.0,
255.0,
168.0,
0.0,
0.0,
0.0,
2.0,
0.0,
3.0,
0.0,
0.0,
0.0,
0.0,
0.0,
8.0,
5.0,
3.0,
0.0,
0.0,
0.0,
67.0,
175.0,
239.0,
255.0,
236.0,
189.0,
175.0,
203.0,
253.0,
250.0,
144.0,
8.0,
0.0,
0.0,
0.0,
0.0,
2.0,
2.0,
0.0,
0.0,
0.0,
0.0,
0.0,
0.0,
0.0,
3.0,
4.0,
0.0,
0.0,
22.0,
93.0,
190.0,
250.0,
255.0,
245.0,
254.0,
254.0,
240.0,
78.0,
15.0,
4.0,
0.0,
3.0,
0.0,
0.0,
2.0,
0.0,
0.0,
0.0,
0.0,
0.0,
4.0,
0.0,
0.0,
3.0,
9.0,
0.0,
0.0,
0.0,
7.0,
88.0,
197.0,
255.0,
233.0,
196.0,
5.0,
0.0,
0.0,
0.0,
2.0,
6.0,
2.0,
0.0,
3.0,
0.0,
0.0,
0.0,
0.0,
0.0,
0.0,
0.0,
0.0,
0.0,
0.0,
0.0,
0.0,
0.0,
0.0,
0.0,
0.0,
0.0,
0.0,
0.0,
0.0,
0.0,
0.0,
0.0,
0.0,
0.0,
0.0,
0.0,
0.0,
0.0,
0.0,
0.0,
0.0,
0.0,
0.0,
0.0,
0.0,
0.0,
0.0,
0.0,
0.0,
0.0,
0.0,
0.0,
0.0,
0.0,
0.0,
0.0,
0.0,
0.0,
0.0,
0.0,
0.0,
0.0,
0.0,
0.0,
0.0,
0.0,
0.0,
0.0,
0.0,
0.0,
0.0,
0.0,
0.0,
0.0,
0.0,
0.0,
0.0,
0.0,
0.0,
0.0,
0.0,
0.0,
0.0,
0.0,
0.0,
0.0,
0.0,
0.0,
0.0,
0.0,
0.0,
0.0,
0.0,
0.0,
0.0,
0.0,
0.0,
0.0,
0.0,
0.0,
0.0,
0.0,
0.0,
0.0,
0.0,
0.0,
0.0,
0.0,
0.0,
0.0,
0.0,
0.0,
0.0,
0.0,
0.0,
0.0,
0.0,
0.0,
0.0,
0.0,
0.0,
0.0,
0.0,
0.0,
0.0,
