0.0,
0.0,
0.0,
0.0,
0.0,
0.0,
0.0,
0.0,
0.0,
2.0,
4.0,
0.0,
4.0,
0.0,
13.0,
0.0,
0.0,
0.0,
7.0,
6.0,
0.0,
0.0,
6.0,
0.0,
0.0,
0.0,
0.0,
0.0,
0.0,
0.0,
0.0,
0.0,
0.0,
0.0,
0.0,
0.0,
27.0,
0.0,
5.0,
0.0,
4.0,
17.0,
0.0,
11.0,
12.0,
0.0,
0.0,
1.0,
14.0,
5.0,
0.0,
0.0,
0.0,
0.0,
0.0,
0.0,
0.0,
0.0,
0.0,
0.0,
0.0,
0.0,
0.0,
0.0,
0.0,
7.0,
4.0,
9.0,
8.0,
0.0,
0.0,
15.0,
0.0,
7.0,
3.0,
0.0,
3.0,
5.0,
0.0,
1.0,
0.0,
0.0,
0.0,
0.0,
0.0,
0.0,
0.0,
0.0,
0.0,
0.0,
0.0,
0.0,
20.0,
4.0,
0.0,
1.0,
0.0,
0.0,
0.0,
0.0,
6.0,
8.0,
2.0,
0.0,
0.0,
0.0,
2.0,
9.0,
0.0,
0.0,
0.0,
0.0,
0.0,
0.0,
0.0,
0.0,
0.0,
0.0,
0.0,
0.0,
0.0,
3.0,
28.0,
159.0,
197.0,
186.0,
255.0,
241.0,
142.0,
32.0,
0.0,
3.0,
10.0,
0.0,
0.0,
6.0,
0.0,
0.0,
0.0,
0.0,
0.0,
0.0,
0.0,
0.0,
0.0,
0.0,
0.0,
0.0,
0.0,
25.0,
215.0,
250.0,
251.0,
255.0,
245.0,
255.0,
255.0,
128.0,
26.0,
1.0,
0.0,
0.0,
0.0,
0.0,
0.0,
0.0,
0.0,
0.0,
0.0,
0.0,
0.0,
0.0,
0.0,
0.0,
0.0,
0.0,
9.0,
89.0,
255.0,
249.0,
255.0,
228.0,
222.0,
249.0,
255.0,
232.0,
114.0,
0.0,
0.0,
6.0,
3.0,
0.0,
0.0,
0.0,
0.0,
0.0,
0.0,
0.0,
0.0,
0.0,
0.0,
0.0,
0.0,
0.0,
3.0,
94.0,
255.0,
253.0,
222.0,
82.0,
88.0,
217.0,
248.0,
255.0,
148.0,
10.0,
1.0,
7.0,
0.0,
11.0,
0.0,
0.0,
0.0,
0.0,
0.0,
6.0,
3.0,
4.0,
4.0,
0.0,
0.0,
0.0,
3.0,
80.0,
255.0,
250.0,
255.0,
207.0,
246.0,
255.0,
255.0,
253.0,
97.0,
4.0,
0.0,
5.0,
0.0,
1.0,
0.0,
0.0,
0.0,
0.0,
6.0,
0.0,
0.0,
0.0,
0.0,
5.0,
4.0,
0.0,
0.0,
8.0,
204.0,
255.0,
253.0,
252.0,
255.0,
254.0,
253.0,
196.0,
29.0,
0.0,
2.0,
0.0,
0.0,
3.0,
0.0,
0.0,
0.0,
0.0,
6.0,
0.0,
8.0,
3.0,
0.0,
3.0,
0.0,
5.0,
18.0,
33.0,
134.0,
255.0,
250.0,
239.0,
255.0,
239.0,
189.0,
33.0,
0.0,
9.0,
0.0,
4.0,
0.0,
0.0,
0.0,
0.0,
0.0,
0.0,
0.0,
0.0,
19.0,
3.0,
0.0,
0.0,
4.0,
86.0,
214.0,
255.0,
249.0,
255.0,
253.0,
253.0,
239.0,
152.0,
0.0,
11.0,
0.0,
8.0,
0.0,
0.0,
6.0,
1.0,
0.0,
0.0,
0.0,
0.0,
0.0,
3.0,
9.0,
0.0,
0.0,
0.0,
16.0,
162.0,
241.0,
237.0,
255.0,
235.0,
255.0,
255.0,
167.0,
131.0,
61.0,
0.0,
6.0,
10.0,
0.0,
22.0,
0.0,
0.0,
0.0,
0.0,
0.0,
0.0,
0.0,
6.0,
0.0,
0.0,
15.0,
0.0,
0.0,
119.0,
255.0,
243.0,
255.0,
250.0,
255.0,
245.0,
241.0,
255.0,
250.0,
168.0,
9.0,
0.0,
16.0,
0.0,
0.0,
10.0,
0.0,
0.0,
0.0,
0.0,
0.0,
2.0,
0.0,
0.0,
15.0,
0.0,
0.0,
31.0,
130.0,
247.0,
246.0,
228.0,
248.0,
247.0,
255.0,
243.0,
255.0,
253.0,
198.0,
102.0,
0.0,
0.0,
9.0,
4.0,
0.0,
0.0,
0.0,
0.0,
0.0,
0.0,
0.0,
0.0,
0.0,
0.0,
10.0,
7.0,
31.0,
114.0,
53.0,
33.0,
110.0,
117.0,
107.0,
153.0,
151.0,
228.0,
255.0,
255.0,
121.0,
7.0,
3.0,
0.0,
0.0,
0.0,
0.0,
0.0,
0.0,
12.0,
0.0,
0.0,
0.0,
8.0,
0.0,
0.0,
0.0,
13.0,
0.0,
10.0,
3.0,
0.0,
0.0,
4.0,
0.0,
160.0,
227.0,
255.0,
199.0,
32.0,
0.0,
0.0,
0.0,
0.0,
0.0,
0.0,
5.0,
0.0,
0.0,
5.0,
0.0,
0.0,
22.0,
0.0,
14.0,
0.0,
0.0,
8.0,
0.0,
0.0,
14.0,
0.0,
16.0,
0.0,
38.0,
248.0,
255.0,
38.0,
0.0,
0.0,
0.0,
0.0,
0.0,
0.0,
6.0,
0.0,
15.0,
2.0,
0.0,
3.0,
89.0,
58.0,
0.0,
1.0,
20.0,
0.0,
0.0,
1.0,
10.0,
2.0,
2.0,
0.0,
141.0,
238.0,
255.0,
66.0,
4.0,
0.0,
0.0,
0.0,
0.0,
0.0,
6.0,
7.0,
0.0,
0.0,
36.0,
0.0,
41.0,
246.0,
180.0,
6.0,
0.0,
13.0,
17.0,
0.0,
0.0,
4.0,
1.0,
106.0,
255.0,
255.0,
246.0,
79.0,
2.0,
6.0,
0.0,
0.0,
0.0,
0.0,
0.0,
3.0,
16.0,
0.0,
0.0,
11.0,
47.0,
251.0,
255.0,
188.0,
96.0,
31.0,
106.0,
148.0,
177.0,
254.0,
255.0,
255.0,
251.0,
255.0,
251.0,
40.0,
10.0,
0.0,
0.0,
0.0,
0.0,
0.0,
0.0,
0.0,
1.0,
0.0,
8.0,
1.0,
0.0,
160.0,
252.0,
243.0,
240.0,
231.0,
255.0,
255.0,
249.0,
251.0,
233.0,
255.0,
246.0,
249.0,
81.0,
4.0,
0.0,
4.0,
0.0,
0.0,
0.0,
0.0,
0.0,
0.0,
15.0,
0.0,
0.0,
7.0,
7.0,
15.0,
102.0,
225.0,
255.0,
252.0,
251.0,
255.0,
249.0,
255.0,
255.0,
186.0,
214.0,
12.0,
4.0,
0.0,
28.0,
0.0,
0.0,
0.0,
0.0,
0.0,
1.0,
2.0,
0.0,
0.0,
16.0,
0.0,
0.0,
0.0,
0.0,
42.0,
107.0,
227.0,
253.0,
253.0,
255.0,
249.0,
168.0,
79.0,
16.0,
0.0,
7.0,
10.0,
0.0,
12.0,
0.0,
0.0,
0.0,
0.0,
0.0,
0.0,
0.0,
0.0,
0.0,
0.0,
0.0,
0.0,
0.0,
0.0,
0.0,
0.0,
0.0,
0.0,
0.0,
0.0,
0.0,
0.0,
0.0,
0.0,
0.0,
0.0,
0.0,
0.0,
0.0,
0.0,
0.0,
0.0,
0.0,
0.0,
0.0,
0.0,
0.0,
0.0,
0.0,
0.0,
0.0,
0.0,
0.0,
0.0,
0.0,
0.0,
0.0,
0.0,
0.0,
0.0,
0.0,
0.0,
0.0,
0.0,
0.0,
0.0,
0.0,
0.0,
0.0,
0.0,
0.0,
0.0,
0.0,
0.0,
0.0,
0.0,
0.0,
0.0,
0.0,
0.0,
0.0,
0.0,
0.0,
0.0,
0.0,
0.0,
0.0,
0.0,
0.0,
0.0,
0.0,
0.0,
0.0,
0.0,
0.0,
0.0,
0.0,
0.0,
0.0,
0.0,
0.0,
0.0,
0.0,
0.0,
0.0,
0.0,
0.0,
0.0,
0.0,
0.0,
0.0,
0.0,
0.0,
0.0,
0.0,
0.0,
0.0,
0.0,
0.0,
0.0,
0.0,
0.0,
0.0,
0.0,
0.0,
0.0,
