0.0,
9.0,
0.0,
0.0,
6.0,
1.0,
0.0,
4.0,
0.0,
0.0,
2.0,
2.0,
0.0,
0.0,
0.0,
3.0,
0.0,
0.0,
0.0,
0.0,
2.0,
3.0,
0.0,
0.0,
0.0,
0.0,
0.0,
0.0,
0.0,
12.0,
3.0,
14.0,
0.0,
0.0,
0.0,
3.0,
1.0,
0.0,
0.0,
3.0,
12.0,
13.0,
5.0,
0.0,
0.0,
0.0,
0.0,
0.0,
0.0,
0.0,
3.0,
9.0,
0.0,
0.0,
0.0,
0.0,
8.0,
4.0,
0.0,
0.0,
0.0,
11.0,
6.0,
11.0,
7.0,
7.0,
3.0,
0.0,
0.0,
0.0,
0.0,
2.0,
5.0,
7.0,
9.0,
7.0,
2.0,
0.0,
0.0,
0.0,
0.0,
0.0,
0.0,
0.0,
1.0,
0.0,
9.0,
0.0,
1.0,
0.0,
0.0,
0.0,
0.0,
0.0,
0.0,
0.0,
7.0,
12.0,
7.0,
0.0,
0.0,
0.0,
0.0,
0.0,
2.0,
2.0,
0.0,
0.0,
0.0,
0.0,
0.0,
0.0,
3.0,
0.0,
0.0,
0.0,
1.0,
15.0,
0.0,
5.0,
0.0,
8.0,
10.0,
1.0,
0.0,
0.0,
0.0,
0.0,
4.0,
0.0,
0.0,
2.0,
0.0,
0.0,
0.0,
7.0,
0.0,
0.0,
0.0,
0.0,
0.0,
4.0,
0.0,
4.0,
0.0,
14.0,
0.0,
5.0,
0.0,
0.0,
4.0,
0.0,
0.0,
1.0,
2.0,
0.0,
0.0,
0.0,
3.0,
10.0,
5.0,
0.0,
0.0,
3.0,
0.0,
0.0,
0.0,
0.0,
0.0,
8.0,
7.0,
0.0,
39.0,
107.0,
153.0,
254.0,
255.0,
252.0,
240.0,
248.0,
255.0,
254.0,
193.0,
131.0,
41.0,
15.0,
0.0,
0.0,
0.0,
0.0,
0.0,
0.0,
0.0,
0.0,
0.0,
0.0,
12.0,
0.0,
10.0,
7.0,
211.0,
247.0,
247.0,
250.0,
242.0,
253.0,
255.0,
250.0,
247.0,
252.0,
253.0,
248.0,
233.0,
143.0,
43.0,
0.0,
0.0,
5.0,
1.0,
0.0,
0.0,
0.0,
0.0,
0.0,
10.0,
0.0,
11.0,
2.0,
182.0,
252.0,
252.0,
120.0,
128.0,
71.0,
60.0,
47.0,
50.0,
62.0,
98.0,
214.0,
244.0,
255.0,
225.0,
145.0,
16.0,
0.0,
0.0,
7.0,
0.0,
0.0,
0.0,
0.0,
5.0,
0.0,
3.0,
0.0,
55.0,
80.0,
72.0,
0.0,
4.0,
0.0,
1.0,
11.0,
3.0,
0.0,
0.0,
25.0,
106.0,
219.0,
242.0,
251.0,
65.0,
0.0,
0.0,
0.0,
0.0,
0.0,
0.0,
0.0,
0.0,
1.0,
2.0,
0.0,
0.0,
2.0,
0.0,
0.0,
17.0,
0.0,
0.0,
1.0,
0.0,
4.0,
6.0,
0.0,
0.0,
4.0,
166.0,
255.0,
47.0,
3.0,
2.0,
3.0,
0.0,
0.0,
0.0,
0.0,
1.0,
3.0,
1.0,
11.0,
0.0,
0.0,
0.0,
10.0,
0.0,
0.0,
2.0,
5.0,
0.0,
0.0,
7.0,
0.0,
7.0,
3.0,
191.0,
252.0,
34.0,
12.0,
0.0,
4.0,
0.0,
0.0,
0.0,
0.0,
3.0,
0.0,
0.0,
0.0,
3.0,
0.0,
0.0,
0.0,
0.0,
10.0,
0.0,
0.0,
4.0,
0.0,
0.0,
4.0,
0.0,
163.0,
254.0,
203.0,
64.0,
7.0,
0.0,
0.0,
0.0,
0.0,
0.0,
0.0,
0.0,
0.0,
5.0,
0.0,
9.0,
1.0,
10.0,
2.0,
0.0,
5.0,
6.0,
1.0,
3.0,
18.0,
76.0,
157.0,
210.0,
255.0,
211.0,
69.0,
0.0,
0.0,
0.0,
14.0,
0.0,
0.0,
0.0,
0.0,
1.0,
1.0,
8.0,
0.0,
2.0,
0.0,
0.0,
0.0,
14.0,
0.0,
36.0,
109.0,
167.0,
224.0,
242.0,
252.0,
248.0,
139.0,
56.0,
2.0,
0.0,
14.0,
0.0,
0.0,
0.0,
0.0,
0.0,
0.0,
1.0,
0.0,
0.0,
4.0,
2.0,
2.0,
1.0,
6.0,
0.0,
10.0,
180.0,
255.0,
241.0,
254.0,
255.0,
254.0,
237.0,
148.0,
0.0,
3.0,
2.0,
0.0,
5.0,
2.0,
0.0,
0.0,
0.0,
0.0,
0.0,
0.0,
0.0,
0.0,
0.0,
0.0,
0.0,
0.0,
6.0,
0.0,
104.0,
156.0,
127.0,
141.0,
147.0,
225.0,
255.0,
245.0,
191.0,
74.0,
0.0,
6.0,
0.0,
3.0,
0.0,
0.0,
0.0,
0.0,
0.0,
0.0,
0.0,
0.0,
0.0,
0.0,
0.0,
0.0,
0.0,
5.0,
8.0,
0.0,
5.0,
7.0,
0.0,
32.0,
121.0,
209.0,
255.0,
243.0,
49.0,
7.0,
0.0,
0.0,
0.0,
0.0,
0.0,
0.0,
0.0,
0.0,
0.0,
0.0,
0.0,
0.0,
0.0,
0.0,
0.0,
4.0,
0.0,
0.0,
4.0,
1.0,
0.0,
0.0,
11.0,
26.0,
229.0,
242.0,
211.0,
67.0,
4.0,
0.0,
0.0,
0.0,
0.0,
0.0,
0.0,
0.0,
0.0,
0.0,
0.0,
0.0,
0.0,
0.0,
9.0,
1.0,
0.0,
0.0,
4.0,
0.0,
12.0,
0.0,
0.0,
0.0,
34.0,
224.0,
255.0,
66.0,
2.0,
1.0,
0.0,
0.0,
0.0,
0.0,
0.0,
0.0,
0.0,
0.0,
0.0,
0.0,
0.0,
0.0,
0.0,
11.0,
0.0,
2.0,
9.0,
0.0,
0.0,
13.0,
5.0,
10.0,
0.0,
234.0,
252.0,
73.0,
0.0,
3.0,
0.0,
0.0,
0.0,
0.0,
0.0,
0.0,
0.0,
0.0,
0.0,
0.0,
0.0,
0.0,
23.0,
0.0,
0.0,
5.0,
0.0,
15.0,
9.0,
0.0,
0.0,
0.0,
175.0,
247.0,
230.0,
69.0,
3.0,
0.0,
0.0,
0.0,
0.0,
0.0,
0.0,
0.0,
0.0,
0.0,
0.0,
0.0,
0.0,
0.0,
0.0,
0.0,
183.0,
207.0,
1.0,
0.0,
0.0,
6.0,
33.0,
146.0,
255.0,
255.0,
117.0,
0.0,
14.0,
0.0,
0.0,
0.0,
0.0,
0.0,
0.0,
0.0,
0.0,
0.0,
0.0,
0.0,
0.0,
0.0,
8.0,
6.0,
192.0,
233.0,
46.0,
65.0,
63.0,
160.0,
187.0,
255.0,
222.0,
151.0,
14.0,
0.0,
1.0,
3.0,
0.0,
0.0,
0.0,
0.0,
0.0,
0.0,
0.0,
0.0,
0.0,
0.0,
0.0,
0.0,
5.0,
0.0,
167.0,
255.0,
235.0,
255.0,
255.0,
250.0,
255.0,
179.0,
67.0,
5.0,
0.0,
0.0,
1.0,
2.0,
0.0,
0.0,
0.0,
0.0,
0.0,
0.0,
0.0,
0.0,
0.0,
0.0,
0.0,
0.0,
0.0,
6.0,
9.0,
79.0,
255.0,
255.0,
114.0,
113.0,
74.0,
32.0,
0.0,
0.0,
0.0,
5.0,
2.0,
0.0,
0.0,
0.0,
0.0,
0.0,
0.0,
0.0,
0.0,
0.0,
0.0,
0.0,
0.0,
0.0,
0.0,
0.0,
9.0,
4.0,
2.0,
0.0,
0.0,
3.0,
6.0,
0.0,
0.0,
1.0,
7.0,
3.0,
0.0,
0.0,
0.0,
0.0,
0.0,
0.0,
0.0,
0.0,
0.0,
0.0,
0.0,
0.0,
0.0,
0.0,
12.0,
0.0,
0.0,
0.0,
0.0,
5.0,
20.0,
0.0,
6.0,
3.0,
2.0,
3.0,
0.0,
0.0,
0.0,
8.0,
0.0,
0.0,
0.0,
0.0,
