0.0,
0.0,
0.0,
0.0,
0.0,
0.0,
0.0,
0.0,
0.0,
8.0,
5.0,
7.0,
6.0,
0.0,
5.0,
0.0,
0.0,
3.0,
1.0,
0.0,
7.0,
4.0,
0.0,
0.0,
0.0,
0.0,
0.0,
0.0,
0.0,
0.0,
0.0,
0.0,
0.0,
0.0,
0.0,
0.0,
13.0,
0.0,
0.0,
0.0,
0.0,
3.0,
0.0,
19.0,
0.0,
3.0,
0.0,
6.0,
0.0,
0.0,
0.0,
8.0,
0.0,
0.0,
0.0,
0.0,
0.0,
0.0,
0.0,
0.0,
0.0,
0.0,
0.0,
0.0,
0.0,
5.0,
5.0,
12.0,
0.0,
6.0,
0.0,
3.0,
8.0,
10.0,
0.0,
9.0,
0.0,
5.0,
0.0,
0.0,
0.0,
0.0,
0.0,
0.0,
0.0,
0.0,
0.0,
0.0,
0.0,
0.0,
0.0,
0.0,
12.0,
4.0,
0.0,
175.0,
254.0,
251.0,
255.0,
245.0,
234.0,
97.0,
8.0,
0.0,
17.0,
0.0,
1.0,
11.0,
0.0,
0.0,
0.0,
0.0,
0.0,
0.0,
0.0,
0.0,
0.0,
0.0,
0.0,
0.0,
0.0,
1.0,
1.0,
190.0,
255.0,
245.0,
255.0,
255.0,
247.0,
255.0,
219.0,
71.0,
0.0,
0.0,
13.0,
0.0,
0.0,
0.0,
0.0,
0.0,
0.0,
0.0,
0.0,
0.0,
0.0,
0.0,
0.0,
0.0,
9.0,
2.0,
0.0,
50.0,
96.0,
146.0,
111.0,
80.0,
177.0,
242.0,
243.0,
176.0,
21.0,
2.0,
0.0,
8.0,
0.0,
0.0,
0.0,
0.0,
0.0,
0.0,
0.0,
0.0,
0.0,
0.0,
0.0,
0.0,
5.0,
0.0,
0.0,
1.0,
0.0,
0.0,
0.0,
14.0,
0.0,
172.0,
255.0,
227.0,
31.0,
15.0,
0.0,
0.0,
0.0,
0.0,
0.0,
0.0,
0.0,
0.0,
0.0,
0.0,
0.0,
0.0,
0.0,
0.0,
0.0,
11.0,
1.0,
2.0,
4.0,
0.0,
10.0,
0.0,
1.0,
167.0,
255.0,
180.0,
0.0,
0.0,
3.0,
0.0,
0.0,
0.0,
0.0,
0.0,
0.0,
0.0,
0.0,
0.0,
0.0,
0.0,
0.0,
0.0,
0.0,
10.0,
0.0,
0.0,
0.0,
12.0,
0.0,
0.0,
29.0,
226.0,
253.0,
155.0,
0.0,
0.0,
2.0,
1.0,
0.0,
0.0,
0.0,
0.0,
0.0,
0.0,
0.0,
0.0,
0.0,
0.0,
0.0,
0.0,
15.0,
0.0,
3.0,
3.0,
3.0,
0.0,
6.0,
16.0,
168.0,
255.0,
210.0,
1.0,
6.0,
0.0,
10.0,
0.0,
0.0,
0.0,
0.0,
0.0,
0.0,
0.0,
0.0,
0.0,
0.0,
0.0,
0.0,
0.0,
0.0,
3.0,
0.0,
9.0,
0.0,
105.0,
91.0,
160.0,
238.0,
248.0,
52.0,
0.0,
4.0,
19.0,
0.0,
10.0,
0.0,
0.0,
0.0,
0.0,
0.0,
0.0,
0.0,
0.0,
0.0,
0.0,
0.0,
0.0,
2.0,
6.0,
0.0,
131.0,
236.0,
241.0,
255.0,
255.0,
249.0,
171.0,
40.0,
0.0,
0.0,
0.0,
0.0,
0.0,
0.0,
0.0,
0.0,
0.0,
0.0,
0.0,
0.0,
0.0,
0.0,
0.0,
0.0,
0.0,
0.0,
6.0,
200.0,
254.0,
246.0,
238.0,
243.0,
251.0,
255.0,
224.0,
220.0,
45.0,
0.0,
9.0,
4.0,
10.0,
0.0,
0.0,
0.0,
0.0,
0.0,
0.0,
0.0,
0.0,
0.0,
0.0,
0.0,
0.0,
3.0,
120.0,
253.0,
251.0,
255.0,
237.0,
71.0,
21.0,
130.0,
255.0,
255.0,
164.0,
3.0,
1.0,
0.0,
0.0,
0.0,
0.0,
0.0,
0.0,
0.0,
0.0,
0.0,
0.0,
0.0,
0.0,
0.0,
0.0,
16.0,
8.0,
227.0,
165.0,
63.0,
8.0,
0.0,
0.0,
10.0,
157.0,
242.0,
255.0,
64.0,
0.0,
17.0,
0.0,
0.0,
0.0,
0.0,
0.0,
0.0,
0.0,
0.0,
0.0,
0.0,
0.0,
0.0,
0.0,
0.0,
2.0,
0.0,
8.0,
0.0,
0.0,
5.0,
3.0,
0.0,
37.0,
246.0,
255.0,
25.0,
14.0,
0.0,
0.0,
0.0,
0.0,
0.0,
0.0,
1.0,
0.0,
2.0,
0.0,
0.0,
5.0,
7.0,
0.0,
6.0,
0.0,
0.0,
0.0,
0.0,
0.0,
11.0,
0.0,
0.0,
10.0,
177.0,
251.0,
130.0,
0.0,
0.0,
4.0,
0.0,
0.0,
0.0,
0.0,
6.0,
1.0,
2.0,
1.0,
0.0,
0.0,
0.0,
16.0,
52.0,
45.0,
0.0,
27.0,
0.0,
7.0,
0.0,
3.0,
6.0,
0.0,
181.0,
255.0,
155.0,
10.0,
16.0,
0.0,
0.0,
0.0,
0.0,
0.0,
2.0,
0.0,
0.0,
2.0,
0.0,
14.0,
26.0,
163.0,
253.0,
241.0,
192.0,
146.0,
74.0,
7.0,
0.0,
9.0,
7.0,
44.0,
189.0,
255.0,
71.0,
0.0,
4.0,
2.0,
0.0,
0.0,
0.0,
0.0,
0.0,
3.0,
0.0,
0.0,
0.0,
2.0,
31.0,
243.0,
247.0,
255.0,
252.0,
240.0,
253.0,
205.0,
203.0,
200.0,
212.0,
232.0,
248.0,
227.0,
27.0,
9.0,
6.0,
0.0,
0.0,
0.0,
0.0,
0.0,
0.0,
0.0,
3.0,
9.0,
0.0,
0.0,
3.0,
196.0,
255.0,
241.0,
160.0,
166.0,
202.0,
255.0,
255.0,
255.0,
247.0,
250.0,
235.0,
123.0,
24.0,
0.0,
4.0,
1.0,
0.0,
0.0,
0.0,
0.0,
2.0,
0.0,
0.0,
6.0,
7.0,
10.0,
0.0,
110.0,
246.0,
255.0,
243.0,
224.0,
231.0,
238.0,
255.0,
250.0,
255.0,
173.0,
63.0,
0.0,
0.0,
0.0,
1.0,
0.0,
0.0,
0.0,
0.0,
0.0,
14.0,
0.0,
0.0,
0.0,
0.0,
0.0,
0.0,
17.0,
45.0,
122.0,
236.0,
248.0,
251.0,
171.0,
175.0,
137.0,
50.0,
21.0,
0.0,
2.0,
5.0,
11.0,
0.0,
0.0,
0.0,
0.0,
0.0,
0.0,
0.0,
0.0,
5.0,
2.0,
1.0,
6.0,
4.0,
0.0,
6.0,
0.0,
0.0,
6.0,
0.0,
0.0,
9.0,
0.0,
4.0,
0.0,
7.0,
1.0,
1.0,
0.0,
7.0,
1.0,
0.0,
0.0,
0.0,
0.0,
0.0,
0.0,
0.0,
0.0,
0.0,
0.0,
0.0,
0.0,
0.0,
0.0,
0.0,
0.0,
0.0,
0.0,
0.0,
0.0,
0.0,
0.0,
0.0,
0.0,
0.0,
0.0,
0.0,
0.0,
0.0,
0.0,
0.0,
0.0,
0.0,
0.0,
0.0,
0.0,
0.0,
0.0,
0.0,
0.0,
0.0,
0.0,
0.0,
0.0,
0.0,
0.0,
0.0,
0.0,
0.0,
0.0,
0.0,
0.0,
0.0,
0.0,
0.0,
0.0,
0.0,
0.0,
0.0,
0.0,
0.0,
0.0,
0.0,
0.0,
0.0,
0.0,
0.0,
0.0,
0.0,
0.0,
0.0,
0.0,
0.0,
0.0,
0.0,
0.0,
0.0,
0.0,
0.0,
0.0,
0.0,
0.0,
0.0,
0.0,
0.0,
0.0,
0.0,
0.0,
0.0,
0.0,
0.0,
0.0,
0.0,
0.0,
0.0,
0.0,
0.0,
0.0,
0.0,
0.0,
0.0,
0.0,
0.0,
0.0,
0.0,
0.0,
0.0,
0.0,
0.0,
0.0,
0.0,
0.0,
0.0,
0.0,
0.0,
0.0,
