0.0,
0.0,
0.0,
0.0,
0.0,
0.0,
0.0,
0.0,
8.0,
0.0,
0.0,
11.0,
0.0,
5.0,
3.0,
1.0,
4.0,
0.0,
1.0,
1.0,
0.0,
6.0,
0.0,
0.0,
0.0,
0.0,
0.0,
0.0,
0.0,
0.0,
0.0,
0.0,
0.0,
0.0,
0.0,
0.0,
0.0,
0.0,
21.0,
2.0,
4.0,
1.0,
0.0,
0.0,
11.0,
0.0,
9.0,
0.0,
0.0,
0.0,
17.0,
11.0,
0.0,
0.0,
0.0,
0.0,
0.0,
0.0,
0.0,
0.0,
0.0,
0.0,
0.0,
0.0,
7.0,
3.0,
0.0,
0.0,
0.0,
0.0,
11.0,
0.0,
0.0,
1.0,
0.0,
26.0,
0.0,
0.0,
0.0,
0.0,
0.0,
0.0,
0.0,
0.0,
0.0,
0.0,
0.0,
0.0,
0.0,
0.0,
0.0,
0.0,
0.0,
16.0,
0.0,
15.0,
0.0,
0.0,
10.0,
3.0,
4.0,
0.0,
0.0,
0.0,
16.0,
0.0,
11.0,
5.0,
0.0,
0.0,
0.0,
0.0,
0.0,
0.0,
0.0,
0.0,
0.0,
0.0,
0.0,
0.0,
0.0,
0.0,
15.0,
0.0,
54.0,
126.0,
133.0,
122.0,
112.0,
255.0,
255.0,
241.0,
130.0,
78.0,
0.0,
0.0,
0.0,
0.0,
0.0,
0.0,
0.0,
0.0,
0.0,
0.0,
0.0,
0.0,
0.0,
0.0,
10.0,
20.0,
0.0,
255.0,
255.0,
255.0,
250.0,
255.0,
255.0,
255.0,
250.0,
255.0,
255.0,
120.0,
0.0,
9.0,
0.0,
0.0,
0.0,
0.0,
0.0,
0.0,
0.0,
0.0,
0.0,
0.0,
0.0,
0.0,
0.0,
0.0,
141.0,
236.0,
255.0,
253.0,
252.0,
255.0,
244.0,
255.0,
254.0,
255.0,
246.0,
255.0,
79.0,
0.0,
0.0,
0.0,
0.0,
0.0,
0.0,
0.0,
0.0,
0.0,
0.0,
0.0,
0.0,
0.0,
1.0,
8.0,
63.0,
255.0,
255.0,
239.0,
255.0,
252.0,
255.0,
239.0,
255.0,
255.0,
248.0,
255.0,
107.0,
7.0,
0.0,
0.0,
0.0,
0.0,
0.0,
0.0,
0.0,
0.0,
0.0,
0.0,
0.0,
0.0,
0.0,
10.0,
4.0,
2.0,
126.0,
0.0,
0.0,
0.0,
6.0,
0.0,
184.0,
255.0,
255.0,
244.0,
134.0,
0.0,
0.0,
0.0,
0.0,
0.0,
0.0,
0.0,
0.0,
0.0,
0.0,
0.0,
0.0,
0.0,
6.0,
0.0,
0.0,
0.0,
10.0,
11.0,
0.0,
17.0,
0.0,
135.0,
254.0,
245.0,
255.0,
255.0,
138.0,
0.0,
0.0,
0.0,
0.0,
0.0,
0.0,
0.0,
0.0,
0.0,
0.0,
0.0,
0.0,
0.0,
0.0,
24.0,
3.0,
19.0,
0.0,
2.0,
4.0,
54.0,
188.0,
254.0,
255.0,
245.0,
255.0,
182.0,
0.0,
15.0,
0.0,
0.0,
0.0,
0.0,
0.0,
0.0,
0.0,
0.0,
0.0,
0.0,
0.0,
0.0,
5.0,
0.0,
0.0,
0.0,
146.0,
131.0,
116.0,
255.0,
255.0,
255.0,
255.0,
247.0,
118.0,
0.0,
0.0,
0.0,
0.0,
0.0,
0.0,
0.0,
0.0,
0.0,
0.0,
0.0,
0.0,
0.0,
0.0,
0.0,
0.0,
12.0,
66.0,
255.0,
255.0,
255.0,
253.0,
255.0,
247.0,
245.0,
255.0,
135.0,
0.0,
4.0,
21.0,
12.0,
0.0,
0.0,
0.0,
0.0,
0.0,
0.0,
0.0,
0.0,
0.0,
0.0,
0.0,
0.0,
9.0,
104.0,
249.0,
255.0,
241.0,
255.0,
255.0,
255.0,
251.0,
255.0,
131.0,
0.0,
14.0,
0.0,
0.0,
0.0,
0.0,
0.0,
0.0,
0.0,
0.0,
0.0,
0.0,
0.0,
0.0,
0.0,
0.0,
0.0,
4.0,
136.0,
255.0,
249.0,
254.0,
255.0,
255.0,
246.0,
255.0,
238.0,
192.0,
1.0,
0.0,
16.0,
4.0,
9.0,
0.0,
0.0,
0.0,
0.0,
0.0,
0.0,
0.0,
0.0,
0.0,
0.0,
0.0,
0.0,
0.0,
73.0,
254.0,
248.0,
255.0,
111.0,
4.0,
67.0,
247.0,
255.0,
255.0,
66.0,
2.0,
0.0,
6.0,
0.0,
0.0,
0.0,
0.0,
0.0,
0.0,
8.0,
3.0,
0.0,
10.0,
0.0,
7.0,
2.0,
12.0,
0.0,
0.0,
0.0,
9.0,
0.0,
1.0,
0.0,
255.0,
242.0,
255.0,
75.0,
0.0,
0.0,
0.0,
12.0,
0.0,
0.0,
0.0,
0.0,
0.0,
12.0,
4.0,
1.0,
0.0,
124.0,
143.0,
0.0,
0.0,
2.0,
4.0,
3.0,
4.0,
4.0,
13.0,
60.0,
255.0,
246.0,
255.0,
0.0,
0.0,
23.0,
5.0,
0.0,
0.0,
0.0,
0.0,
0.0,
10.0,
0.0,
0.0,
8.0,
197.0,
253.0,
255.0,
131.0,
3.0,
5.0,
0.0,
3.0,
0.0,
0.0,
12.0,
189.0,
254.0,
255.0,
255.0,
3.0,
10.0,
0.0,
0.0,
12.0,
0.0,
0.0,
0.0,
0.0,
0.0,
12.0,
10.0,
124.0,
255.0,
255.0,
239.0,
196.0,
0.0,
4.0,
25.0,
0.0,
0.0,
147.0,
236.0,
255.0,
254.0,
252.0,
135.0,
0.0,
1.0,
7.0,
21.0,
0.0,
0.0,
0.0,
0.0,
0.0,
0.0,
0.0,
0.0,
120.0,
251.0,
254.0,
251.0,
255.0,
255.0,
231.0,
254.0,
253.0,
255.0,
254.0,
255.0,
255.0,
253.0,
192.0,
63.0,
20.0,
5.0,
0.0,
4.0,
0.0,
0.0,
0.0,
0.0,
0.0,
14.0,
0.0,
0.0,
72.0,
241.0,
255.0,
255.0,
250.0,
255.0,
255.0,
255.0,
236.0,
255.0,
255.0,
254.0,
243.0,
248.0,
76.0,
0.0,
0.0,
2.0,
0.0,
0.0,
17.0,
0.0,
0.0,
0.0,
0.0,
0.0,
0.0,
0.0,
12.0,
5.0,
181.0,
245.0,
253.0,
245.0,
252.0,
255.0,
255.0,
246.0,
255.0,
239.0,
86.0,
7.0,
0.0,
18.0,
3.0,
0.0,
7.0,
1.0,
0.0,
0.0,
0.0,
0.0,
0.0,
0.0,
8.0,
2.0,
0.0,
0.0,
4.0,
3.0,
129.0,
132.0,
255.0,
184.0,
133.0,
123.0,
72.0,
10.0,
0.0,
0.0,
7.0,
0.0,
4.0,
0.0,
0.0,
6.0,
0.0,
0.0,
0.0,
0.0,
0.0,
0.0,
0.0,
0.0,
0.0,
0.0,
0.0,
0.0,
0.0,
0.0,
0.0,
0.0,
0.0,
0.0,
0.0,
0.0,
0.0,
0.0,
0.0,
0.0,
0.0,
0.0,
0.0,
0.0,
0.0,
0.0,
0.0,
0.0,
0.0,
0.0,
0.0,
0.0,
0.0,
0.0,
0.0,
0.0,
0.0,
0.0,
0.0,
0.0,
0.0,
0.0,
0.0,
0.0,
0.0,
0.0,
0.0,
0.0,
0.0,
0.0,
0.0,
0.0,
0.0,
0.0,
0.0,
0.0,
0.0,
0.0,
0.0,
0.0,
0.0,
0.0,
0.0,
0.0,
0.0,
0.0,
0.0,
0.0,
0.0,
0.0,
0.0,
0.0,
0.0,
0.0,
0.0,
0.0,
0.0,
0.0,
0.0,
0.0,
0.0,
0.0,
0.0,
0.0,
0.0,
0.0,
0.0,
0.0,
0.0,
0.0,
0.0,
0.0,
0.0,
0.0,
0.0,
0.0,
0.0,
0.0,
0.0,
0.0,
0.0,
0.0,
0.0,
0.0,
0.0,
0.0,
0.0,
0.0,
0.0,
0.0,
0.0,
0.0,
0.0,
