1.0,
4.0,
0.0,
0.0,
15.0,
0.0,
2.0,
0.0,
0.0,
9.0,
0.0,
0.0,
17.0,
0.0,
5.0,
0.0,
0.0,
0.0,
0.0,
0.0,
0.0,
0.0,
0.0,
0.0,
0.0,
0.0,
0.0,
0.0,
0.0,
0.0,
8.0,
0.0,
9.0,
0.0,
0.0,
0.0,
0.0,
0.0,
0.0,
11.0,
0.0,
4.0,
7.0,
0.0,
0.0,
0.0,
0.0,
0.0,
0.0,
0.0,
0.0,
0.0,
0.0,
0.0,
0.0,
0.0,
0.0,
0.0,
6.0,
0.0,
0.0,
0.0,
6.0,
9.0,
0.0,
12.0,
0.0,
0.0,
7.0,
9.0,
0.0,
1.0,
0.0,
0.0,
0.0,
0.0,
0.0,
0.0,
0.0,
0.0,
0.0,
0.0,
0.0,
0.0,
9.0,
0.0,
0.0,
0.0,
1.0,
5.0,
1.0,
2.0,
0.0,
0.0,
1.0,
3.0,
5.0,
0.0,
9.0,
8.0,
0.0,
0.0,
0.0,
0.0,
0.0,
0.0,
0.0,
0.0,
0.0,
0.0,
0.0,
0.0,
3.0,
0.0,
5.0,
7.0,
5.0,
2.0,
0.0,
9.0,
96.0,
255.0,
255.0,
255.0,
213.0,
133.0,
25.0,
0.0,
0.0,
0.0,
0.0,
0.0,
0.0,
0.0,
0.0,
0.0,
0.0,
0.0,
0.0,
0.0,
0.0,
0.0,
5.0,
4.0,
0.0,
0.0,
3.0,
85.0,
255.0,
247.0,
227.0,
145.0,
239.0,
244.0,
236.0,
39.0,
0.0,
0.0,
0.0,
0.0,
0.0,
0.0,
0.0,
0.0,
0.0,
0.0,
0.0,
0.0,
1.0,
1.0,
0.0,
0.0,
0.0,
0.0,
16.0,
145.0,
232.0,
126.0,
19.0,
0.0,
18.0,
229.0,
242.0,
149.0,
0.0,
0.0,
0.0,
0.0,
0.0,
0.0,
0.0,
0.0,
0.0,
0.0,
0.0,
0.0,
1.0,
1.0,
0.0,
2.0,
7.0,
1.0,
0.0,
129.0,
228.0,
0.0,
0.0,
0.0,
31.0,
223.0,
246.0,
108.0,
0.0,
0.0,
0.0,
0.0,
0.0,
0.0,
0.0,
0.0,
0.0,
0.0,
0.0,
0.0,
1.0,
0.0,
0.0,
0.0,
0.0,
2.0,
6.0,
9.0,
13.0,
0.0,
0.0,
17.0,
153.0,
249.0,
221.0,
16.0,
7.0,
0.0,
5.0,
6.0,
0.0,
0.0,
2.0,
0.0,
0.0,
0.0,
0.0,
0.0,
1.0,
0.0,
0.0,
0.0,
0.0,
1.0,
5.0,
7.0,
0.0,
0.0,
0.0,
168.0,
255.0,
206.0,
24.0,
0.0,
0.0,
0.0,
0.0,
0.0,
4.0,
0.0,
0.0,
10.0,
0.0,
0.0,
0.0,
0.0,
0.0,
0.0,
0.0,
0.0,
0.0,
1.0,
2.0,
3.0,
0.0,
2.0,
149.0,
250.0,
249.0,
127.0,
0.0,
5.0,
1.0,
4.0,
14.0,
0.0,
6.0,
1.0,
5.0,
0.0,
0.0,
0.0,
0.0,
0.0,
0.0,
0.0,
1.0,
1.0,
1.0,
0.0,
0.0,
0.0,
10.0,
0.0,
230.0,
241.0,
255.0,
240.0,
255.0,
220.0,
125.0,
61.0,
0.0,
0.0,
9.0,
0.0,
0.0,
10.0,
0.0,
0.0,
0.0,
0.0,
0.0,
0.0,
1.0,
1.0,
1.0,
0.0,
0.0,
0.0,
0.0,
0.0,
151.0,
161.0,
153.0,
158.0,
180.0,
255.0,
255.0,
245.0,
95.0,
13.0,
0.0,
12.0,
0.0,
3.0,
0.0,
0.0,
0.0,
0.0,
0.0,
0.0,
0.0,
0.0,
0.0,
0.0,
0.0,
0.0,
18.0,
0.0,
9.0,
0.0,
8.0,
13.0,
0.0,
9.0,
160.0,
241.0,
250.0,
184.0,
16.0,
0.0,
17.0,
0.0,
0.0,
0.0,
0.0,
0.0,
0.0,
0.0,
0.0,
0.0,
0.0,
0.0,
0.0,
0.0,
0.0,
0.0,
13.0,
0.0,
0.0,
2.0,
18.0,
0.0,
0.0,
28.0,
164.0,
255.0,
151.0,
0.0,
0.0,
6.0,
0.0,
0.0,
0.0,
0.0,
0.0,
0.0,
0.0,
0.0,
0.0,
0.0,
0.0,
1.0,
5.0,
3.0,
0.0,
10.0,
12.0,
0.0,
0.0,
0.0,
4.0,
0.0,
17.0,
146.0,
255.0,
91.0,
0.0,
1.0,
0.0,
0.0,
0.0,
0.0,
0.0,
0.0,
0.0,
0.0,
0.0,
0.0,
0.0,
0.0,
0.0,
5.0,
3.0,
1.0,
0.0,
0.0,
6.0,
0.0,
0.0,
6.0,
0.0,
49.0,
237.0,
213.0,
0.0,
8.0,
0.0,
0.0,
0.0,
0.0,
0.0,
0.0,
0.0,
0.0,
0.0,
0.0,
0.0,
0.0,
0.0,
3.0,
0.0,
7.0,
3.0,
0.0,
0.0,
21.0,
5.0,
0.0,
0.0,
2.0,
182.0,
238.0,
35.0,
0.0,
0.0,
0.0,
0.0,
0.0,
0.0,
0.0,
0.0,
0.0,
0.0,
0.0,
0.0,
0.0,
0.0,
11.0,
0.0,
0.0,
2.0,
0.0,
0.0,
0.0,
0.0,
5.0,
7.0,
0.0,
175.0,
254.0,
58.0,
21.0,
0.0,
0.0,
0.0,
0.0,
0.0,
0.0,
0.0,
0.0,
0.0,
0.0,
0.0,
0.0,
1.0,
0.0,
10.0,
3.0,
0.0,
0.0,
25.0,
0.0,
0.0,
10.0,
0.0,
23.0,
227.0,
222.0,
0.0,
0.0,
0.0,
0.0,
0.0,
0.0,
0.0,
0.0,
0.0,
0.0,
0.0,
0.0,
0.0,
0.0,
0.0,
19.0,
31.0,
38.0,
0.0,
0.0,
2.0,
0.0,
0.0,
5.0,
0.0,
98.0,
255.0,
195.0,
13.0,
11.0,
0.0,
0.0,
0.0,
0.0,
0.0,
0.0,
0.0,
0.0,
0.0,
0.0,
0.0,
0.0,
29.0,
194.0,
255.0,
235.0,
18.0,
0.0,
0.0,
6.0,
11.0,
71.0,
155.0,
248.0,
239.0,
107.0,
4.0,
0.0,
0.0,
0.0,
0.0,
0.0,
0.0,
0.0,
0.0,
0.0,
0.0,
0.0,
0.0,
0.0,
11.0,
251.0,
251.0,
247.0,
255.0,
232.0,
127.0,
187.0,
241.0,
244.0,
255.0,
215.0,
90.0,
4.0,
0.0,
8.0,
0.0,
0.0,
0.0,
0.0,
0.0,
0.0,
0.0,
0.0,
0.0,
0.0,
0.0,
0.0,
2.0,
41.0,
135.0,
236.0,
255.0,
238.0,
254.0,
255.0,
254.0,
179.0,
112.0,
35.0,
0.0,
3.0,
0.0,
1.0,
0.0,
0.0,
0.0,
0.0,
0.0,
0.0,
0.0,
0.0,
0.0,
0.0,
0.0,
0.0,
0.0,
0.0,
0.0,
0.0,
0.0,
0.0,
0.0,
0.0,
0.0,
0.0,
0.0,
0.0,
0.0,
0.0,
0.0,
0.0,
0.0,
0.0,
0.0,
0.0,
0.0,
0.0,
0.0,
0.0,
0.0,
0.0,
0.0,
0.0,
0.0,
0.0,
0.0,
0.0,
0.0,
0.0,
0.0,
0.0,
0.0,
0.0,
0.0,
0.0,
0.0,
0.0,
0.0,
0.0,
0.0,
0.0,
0.0,
0.0,
0.0,
0.0,
0.0,
0.0,
0.0,
0.0,
0.0,
0.0,
0.0,
0.0,
0.0,
0.0,
0.0,
0.0,
0.0,
0.0,
0.0,
0.0,
0.0,
0.0,
0.0,
0.0,
0.0,
0.0,
0.0,
0.0,
0.0,
0.0,
0.0,
0.0,
0.0,
0.0,
0.0,
0.0,
0.0,
0.0,
0.0,
0.0,
0.0,
0.0,
0.0,
0.0,
0.0,
0.0,
0.0,
0.0,
0.0,
0.0,
0.0,
0.0,
0.0,
0.0,
0.0,
0.0,
0.0,
0.0,
