4.0,
0.0,
0.0,
0.0,
6.0,
0.0,
3.0,
0.0,
0.0,
0.0,
2.0,
3.0,
4.0,
3.0,
1.0,
0.0,
0.0,
2.0,
8.0,
3.0,
0.0,
3.0,
5.0,
2.0,
0.0,
0.0,
0.0,
0.0,
0.0,
1.0,
5.0,
0.0,
0.0,
1.0,
12.0,
11.0,
0.0,
0.0,
1.0,
0.0,
0.0,
0.0,
0.0,
2.0,
7.0,
0.0,
0.0,
0.0,
2.0,
0.0,
0.0,
0.0,
0.0,
0.0,
0.0,
0.0,
0.0,
4.0,
8.0,
0.0,
0.0,
4.0,
0.0,
0.0,
1.0,
2.0,
1.0,
0.0,
0.0,
0.0,
2.0,
4.0,
0.0,
0.0,
5.0,
4.0,
0.0,
0.0,
2.0,
12.0,
0.0,
0.0,
0.0,
0.0,
7.0,
5.0,
0.0,
0.0,
0.0,
13.0,
7.0,
19.0,
8.0,
0.0,
0.0,
0.0,
3.0,
5.0,
0.0,
0.0,
0.0,
1.0,
0.0,
0.0,
0.0,
11.0,
4.0,
0.0,
0.0,
0.0,
0.0,
0.0,
0.0,
1.0,
1.0,
14.0,
6.0,
0.0,
0.0,
3.0,
0.0,
0.0,
0.0,
2.0,
3.0,
3.0,
2.0,
1.0,
0.0,
1.0,
6.0,
5.0,
1.0,
0.0,
0.0,
0.0,
0.0,
0.0,
0.0,
0.0,
5.0,
4.0,
0.0,
1.0,
0.0,
0.0,
139.0,
210.0,
255.0,
210.0,
147.0,
136.0,
153.0,
136.0,
65.0,
0.0,
10.0,
0.0,
0.0,
1.0,
0.0,
0.0,
0.0,
17.0,
0.0,
0.0,
0.0,
0.0,
0.0,
3.0,
0.0,
2.0,
1.0,
0.0,
209.0,
255.0,
241.0,
243.0,
246.0,
250.0,
252.0,
252.0,
250.0,
247.0,
120.0,
73.0,
19.0,
0.0,
1.0,
9.0,
0.0,
0.0,
0.0,
0.0,
0.0,
0.0,
0.0,
6.0,
0.0,
0.0,
2.0,
0.0,
224.0,
250.0,
255.0,
254.0,
254.0,
254.0,
254.0,
253.0,
251.0,
248.0,
247.0,
250.0,
189.0,
74.0,
0.0,
0.0,
9.0,
4.0,
0.0,
0.0,
0.0,
0.0,
0.0,
14.0,
2.0,
0.0,
0.0,
11.0,
29.0,
37.0,
45.0,
28.0,
72.0,
165.0,
172.0,
255.0,
244.0,
255.0,
255.0,
241.0,
255.0,
210.0,
33.0,
0.0,
0.0,
5.0,
0.0,
0.0,
0.0,
0.0,
0.0,
0.0,
2.0,
7.0,
0.0,
0.0,
9.0,
9.0,
7.0,
0.0,
0.0,
14.0,
0.0,
47.0,
45.0,
122.0,
244.0,
249.0,
242.0,
255.0,
68.0,
0.0,
12.0,
0.0,
0.0,
0.0,
0.0,
0.0,
9.0,
0.0,
0.0,
8.0,
0.0,
0.0,
3.0,
0.0,
0.0,
15.0,
13.0,
2.0,
0.0,
0.0,
9.0,
121.0,
252.0,
248.0,
255.0,
252.0,
89.0,
0.0,
17.0,
0.0,
0.0,
0.0,
0.0,
0.0,
3.0,
4.0,
0.0,
0.0,
0.0,
8.0,
0.0,
3.0,
12.0,
0.0,
0.0,
0.0,
8.0,
0.0,
44.0,
198.0,
255.0,
255.0,
242.0,
194.0,
25.0,
2.0,
0.0,
13.0,
0.0,
0.0,
0.0,
0.0,
0.0,
12.0,
0.0,
3.0,
7.0,
0.0,
0.0,
79.0,
145.0,
176.0,
163.0,
93.0,
104.0,
177.0,
233.0,
254.0,
236.0,
253.0,
188.0,
25.0,
0.0,
14.0,
11.0,
0.0,
0.0,
0.0,
0.0,
0.0,
0.0,
11.0,
0.0,
2.0,
4.0,
0.0,
8.0,
200.0,
255.0,
249.0,
252.0,
243.0,
240.0,
252.0,
255.0,
254.0,
255.0,
212.0,
29.0,
0.0,
0.0,
0.0,
0.0,
16.0,
0.0,
0.0,
0.0,
0.0,
5.0,
7.0,
0.0,
1.0,
0.0,
0.0,
18.0,
211.0,
252.0,
255.0,
254.0,
255.0,
249.0,
255.0,
255.0,
245.0,
242.0,
245.0,
123.0,
5.0,
0.0,
0.0,
27.0,
0.0,
0.0,
0.0,
0.0,
0.0,
0.0,
4.0,
0.0,
11.0,
0.0,
6.0,
0.0,
113.0,
230.0,
253.0,
245.0,
255.0,
255.0,
251.0,
245.0,
255.0,
255.0,
255.0,
245.0,
154.0,
46.0,
0.0,
0.0,
4.0,
0.0,
0.0,
0.0,
0.0,
0.0,
0.0,
0.0,
0.0,
0.0,
0.0,
0.0,
0.0,
12.0,
0.0,
20.0,
16.0,
5.0,
0.0,
28.0,
177.0,
255.0,
251.0,
253.0,
249.0,
227.0,
35.0,
4.0,
0.0,
0.0,
0.0,
0.0,
0.0,
0.0,
0.0,
0.0,
0.0,
0.0,
0.0,
0.0,
0.0,
2.0,
18.0,
0.0,
0.0,
6.0,
0.0,
1.0,
18.0,
64.0,
221.0,
250.0,
255.0,
233.0,
216.0,
6.0,
6.0,
0.0,
0.0,
0.0,
0.0,
0.0,
0.0,
0.0,
0.0,
0.0,
0.0,
0.0,
0.0,
0.0,
0.0,
15.0,
0.0,
0.0,
21.0,
0.0,
0.0,
10.0,
112.0,
255.0,
245.0,
255.0,
222.0,
0.0,
1.0,
0.0,
0.0,
0.0,
0.0,
0.0,
0.0,
0.0,
0.0,
0.0,
0.0,
0.0,
0.0,
3.0,
0.0,
0.0,
1.0,
3.0,
0.0,
4.0,
16.0,
0.0,
118.0,
250.0,
242.0,
243.0,
230.0,
6.0,
0.0,
0.0,
0.0,
0.0,
0.0,
0.0,
0.0,
0.0,
0.0,
0.0,
0.0,
0.0,
0.0,
7.0,
0.0,
23.0,
0.0,
0.0,
4.0,
0.0,
0.0,
33.0,
219.0,
251.0,
255.0,
242.0,
197.0,
4.0,
0.0,
0.0,
0.0,
0.0,
0.0,
0.0,
0.0,
0.0,
0.0,
0.0,
0.0,
0.0,
0.0,
11.0,
0.0,
32.0,
168.0,
174.0,
44.0,
110.0,
111.0,
196.0,
252.0,
255.0,
255.0,
206.0,
34.0,
0.0,
0.0,
0.0,
0.0,
0.0,
0.0,
0.0,
0.0,
0.0,
0.0,
0.0,
0.0,
0.0,
0.0,
0.0,
57.0,
216.0,
251.0,
249.0,
241.0,
255.0,
240.0,
255.0,
254.0,
247.0,
241.0,
85.0,
0.0,
20.0,
0.0,
0.0,
0.0,
0.0,
0.0,
0.0,
0.0,
0.0,
0.0,
0.0,
0.0,
0.0,
0.0,
7.0,
41.0,
252.0,
255.0,
247.0,
253.0,
243.0,
255.0,
242.0,
251.0,
255.0,
250.0,
84.0,
0.0,
3.0,
3.0,
0.0,
0.0,
0.0,
0.0,
0.0,
0.0,
0.0,
0.0,
0.0,
0.0,
0.0,
0.0,
0.0,
0.0,
106.0,
242.0,
255.0,
251.0,
255.0,
249.0,
251.0,
214.0,
136.0,
78.0,
14.0,
2.0,
0.0,
0.0,
0.0,
0.0,
0.0,
0.0,
0.0,
0.0,
0.0,
0.0,
0.0,
0.0,
0.0,
0.0,
14.0,
0.0,
2.0,
15.0,
0.0,
0.0,
4.0,
0.0,
0.0,
0.0,
0.0,
0.0,
0.0,
5.0,
1.0,
7.0,
0.0,
0.0,
0.0,
0.0,
0.0,
0.0,
0.0,
0.0,
0.0,
0.0,
0.0,
0.0,
0.0,
0.0,
0.0,
0.0,
0.0,
6.0,
14.0,
0.0,
5.0,
10.0,
7.0,
14.0,
4.0,
5.0,
0.0,
0.0,
0.0,
0.0,
0.0,
0.0,
0.0,
0.0,
0.0,
0.0,
0.0,
0.0,
0.0,
0.0,
5.0,
4.0,
2.0,
4.0,
5.0,
0.0,
0.0,
0.0,
0.0,
0.0,
0.0,
0.0,
0.0,
1.0,
6.0,
11.0,
0.0,
0.0,
0.0,
0.0,
