0.0,
0.0,
0.0,
0.0,
0.0,
0.0,
0.0,
0.0,
6.0,
0.0,
0.0,
7.0,
6.0,
0.0,
10.0,
2.0,
5.0,
0.0,
0.0,
8.0,
16.0,
0.0,
0.0,
5.0,
0.0,
0.0,
0.0,
0.0,
0.0,
0.0,
0.0,
0.0,
0.0,
0.0,
0.0,
0.0,
0.0,
0.0,
17.0,
0.0,
0.0,
6.0,
0.0,
0.0,
0.0,
7.0,
3.0,
0.0,
0.0,
7.0,
5.0,
0.0,
0.0,
0.0,
0.0,
0.0,
0.0,
0.0,
0.0,
0.0,
0.0,
0.0,
0.0,
0.0,
0.0,
0.0,
0.0,
0.0,
19.0,
4.0,
0.0,
0.0,
0.0,
2.0,
1.0,
0.0,
0.0,
0.0,
0.0,
4.0,
0.0,
0.0,
0.0,
0.0,
0.0,
0.0,
0.0,
0.0,
0.0,
0.0,
0.0,
0.0,
0.0,
23.0,
9.0,
0.0,
0.0,
0.0,
0.0,
16.0,
1.0,
0.0,
2.0,
10.0,
2.0,
0.0,
0.0,
2.0,
0.0,
0.0,
0.0,
0.0,
0.0,
0.0,
0.0,
0.0,
0.0,
0.0,
0.0,
0.0,
5.0,
0.0,
0.0,
64.0,
196.0,
235.0,
114.0,
0.0,
0.0,
0.0,
4.0,
0.0,
0.0,
5.0,
8.0,
0.0,
0.0,
0.0,
0.0,
0.0,
0.0,
0.0,
0.0,
0.0,
0.0,
0.0,
0.0,
0.0,
8.0,
9.0,
0.0,
210.0,
254.0,
255.0,
255.0,
219.0,
54.0,
3.0,
0.0,
0.0,
0.0,
0.0,
4.0,
0.0,
0.0,
0.0,
0.0,
0.0,
0.0,
0.0,
0.0,
0.0,
0.0,
0.0,
0.0,
0.0,
0.0,
3.0,
98.0,
243.0,
200.0,
29.0,
201.0,
255.0,
178.0,
46.0,
0.0,
5.0,
10.0,
0.0,
0.0,
7.0,
0.0,
0.0,
0.0,
0.0,
0.0,
0.0,
0.0,
0.0,
0.0,
0.0,
0.0,
0.0,
0.0,
8.0,
101.0,
255.0,
0.0,
6.0,
9.0,
174.0,
255.0,
114.0,
5.0,
0.0,
1.0,
2.0,
4.0,
0.0,
0.0,
0.0,
0.0,
0.0,
0.0,
0.0,
0.0,
0.0,
0.0,
0.0,
0.0,
0.0,
0.0,
13.0,
91.0,
246.0,
0.0,
8.0,
0.0,
65.0,
255.0,
204.0,
0.0,
5.0,
13.0,
0.0,
7.0,
0.0,
0.0,
0.0,
0.0,
0.0,
0.0,
0.0,
0.0,
0.0,
0.0,
0.0,
0.0,
0.0,
4.0,
0.0,
124.0,
242.0,
0.0,
1.0,
12.0,
51.0,
232.0,
233.0,
0.0,
0.0,
2.0,
0.0,
0.0,
3.0,
0.0,
0.0,
0.0,
0.0,
0.0,
0.0,
0.0,
0.0,
0.0,
0.0,
0.0,
0.0,
4.0,
0.0,
15.0,
40.0,
0.0,
20.0,
0.0,
112.0,
255.0,
205.0,
7.0,
0.0,
3.0,
5.0,
5.0,
8.0,
0.0,
0.0,
0.0,
0.0,
0.0,
0.0,
0.0,
0.0,
0.0,
0.0,
0.0,
0.0,
11.0,
0.0,
11.0,
107.0,
181.0,
226.0,
191.0,
255.0,
249.0,
69.0,
13.0,
0.0,
0.0,
1.0,
6.0,
0.0,
0.0,
0.0,
0.0,
0.0,
0.0,
0.0,
0.0,
0.0,
0.0,
0.0,
0.0,
0.0,
0.0,
8.0,
105.0,
255.0,
255.0,
255.0,
252.0,
255.0,
228.0,
20.0,
0.0,
2.0,
0.0,
0.0,
6.0,
0.0,
0.0,
0.0,
0.0,
0.0,
0.0,
0.0,
0.0,
0.0,
0.0,
0.0,
0.0,
0.0,
0.0,
10.0,
5.0,
125.0,
181.0,
171.0,
141.0,
147.0,
255.0,
155.0,
4.0,
3.0,
9.0,
0.0,
6.0,
6.0,
0.0,
0.0,
0.0,
0.0,
0.0,
0.0,
0.0,
0.0,
0.0,
0.0,
0.0,
0.0,
0.0,
0.0,
0.0,
22.0,
3.0,
0.0,
3.0,
24.0,
202.0,
255.0,
70.0,
0.0,
0.0,
0.0,
0.0,
0.0,
0.0,
0.0,
0.0,
0.0,
0.0,
0.0,
0.0,
0.0,
0.0,
0.0,
0.0,
0.0,
7.0,
0.0,
2.0,
0.0,
3.0,
5.0,
0.0,
0.0,
57.0,
252.0,
173.0,
6.0,
0.0,
0.0,
2.0,
3.0,
0.0,
0.0,
0.0,
0.0,
13.0,
0.0,
5.0,
2.0,
1.0,
0.0,
0.0,
0.0,
6.0,
0.0,
3.0,
6.0,
0.0,
1.0,
3.0,
0.0,
30.0,
255.0,
199.0,
2.0,
9.0,
0.0,
0.0,
13.0,
0.0,
0.0,
0.0,
0.0,
0.0,
0.0,
0.0,
2.0,
0.0,
7.0,
10.0,
4.0,
0.0,
12.0,
7.0,
0.0,
5.0,
13.0,
0.0,
0.0,
16.0,
209.0,
243.0,
11.0,
0.0,
7.0,
0.0,
0.0,
0.0,
0.0,
0.0,
0.0,
3.0,
13.0,
1.0,
17.0,
0.0,
0.0,
25.0,
75.0,
0.0,
0.0,
0.0,
0.0,
9.0,
0.0,
0.0,
12.0,
35.0,
245.0,
232.0,
32.0,
13.0,
0.0,
19.0,
0.0,
0.0,
0.0,
0.0,
0.0,
0.0,
0.0,
0.0,
15.0,
0.0,
4.0,
52.0,
233.0,
22.0,
0.0,
6.0,
0.0,
0.0,
10.0,
13.0,
0.0,
60.0,
255.0,
217.0,
0.0,
0.0,
0.0,
0.0,
0.0,
0.0,
0.0,
0.0,
0.0,
14.0,
12.0,
0.0,
2.0,
0.0,
0.0,
5.0,
242.0,
113.0,
13.0,
0.0,
6.0,
2.0,
0.0,
0.0,
7.0,
147.0,
255.0,
162.0,
4.0,
0.0,
11.0,
14.0,
4.0,
0.0,
0.0,
0.0,
0.0,
0.0,
0.0,
0.0,
0.0,
7.0,
14.0,
0.0,
162.0,
250.0,
144.0,
42.0,
0.0,
1.0,
1.0,
56.0,
178.0,
255.0,
198.0,
13.0,
10.0,
0.0,
0.0,
21.0,
0.0,
0.0,
0.0,
0.0,
0.0,
3.0,
16.0,
2.0,
0.0,
7.0,
2.0,
0.0,
32.0,
186.0,
245.0,
249.0,
187.0,
184.0,
223.0,
232.0,
246.0,
229.0,
59.0,
0.0,
3.0,
7.0,
10.0,
0.0,
10.0,
0.0,
0.0,
0.0,
0.0,
0.0,
1.0,
0.0,
6.0,
3.0,
0.0,
15.0,
0.0,
0.0,
68.0,
189.0,
244.0,
250.0,
255.0,
210.0,
146.0,
7.0,
0.0,
7.0,
0.0,
1.0,
4.0,
0.0,
0.0,
0.0,
0.0,
0.0,
0.0,
0.0,
0.0,
0.0,
0.0,
0.0,
0.0,
0.0,
0.0,
0.0,
0.0,
0.0,
0.0,
0.0,
0.0,
0.0,
0.0,
0.0,
0.0,
0.0,
0.0,
0.0,
0.0,
0.0,
0.0,
0.0,
0.0,
0.0,
0.0,
0.0,
0.0,
0.0,
0.0,
0.0,
0.0,
0.0,
0.0,
0.0,
0.0,
0.0,
0.0,
0.0,
0.0,
0.0,
0.0,
0.0,
0.0,
0.0,
0.0,
0.0,
0.0,
0.0,
0.0,
0.0,
0.0,
0.0,
0.0,
0.0,
0.0,
0.0,
0.0,
0.0,
0.0,
0.0,
0.0,
0.0,
0.0,
0.0,
0.0,
0.0,
0.0,
0.0,
0.0,
0.0,
0.0,
0.0,
0.0,
0.0,
0.0,
0.0,
0.0,
0.0,
0.0,
0.0,
0.0,
0.0,
0.0,
0.0,
0.0,
0.0,
0.0,
0.0,
0.0,
0.0,
0.0,
0.0,
0.0,
0.0,
0.0,
0.0,
0.0,
0.0,
0.0,
0.0,
0.0,
0.0,
0.0,
0.0,
0.0,
0.0,
0.0,
0.0,
0.0,
