0.0,
5.0,
0.0,
0.0,
7.0,
2.0,
0.0,
9.0,
4.0,
2.0,
1.0,
2.0,
2.0,
0.0,
0.0,
0.0,
5.0,
0.0,
5.0,
7.0,
0.0,
0.0,
0.0,
0.0,
0.0,
0.0,
0.0,
0.0,
8.0,
0.0,
14.0,
7.0,
0.0,
7.0,
7.0,
0.0,
0.0,
0.0,
0.0,
0.0,
0.0,
0.0,
0.0,
0.0,
1.0,
5.0,
0.0,
13.0,
14.0,
0.0,
9.0,
5.0,
0.0,
0.0,
0.0,
0.0,
2.0,
0.0,
0.0,
3.0,
8.0,
0.0,
0.0,
2.0,
6.0,
5.0,
3.0,
1.0,
2.0,
5.0,
8.0,
9.0,
9.0,
0.0,
17.0,
0.0,
2.0,
7.0,
0.0,
7.0,
0.0,
0.0,
0.0,
0.0,
0.0,
20.0,
0.0,
0.0,
18.0,
0.0,
3.0,
2.0,
0.0,
2.0,
7.0,
3.0,
0.0,
0.0,
0.0,
0.0,
0.0,
2.0,
3.0,
0.0,
0.0,
1.0,
14.0,
0.0,
0.0,
0.0,
0.0,
0.0,
0.0,
3.0,
11.0,
7.0,
0.0,
1.0,
21.0,
0.0,
5.0,
0.0,
0.0,
0.0,
4.0,
13.0,
9.0,
0.0,
26.0,
0.0,
0.0,
18.0,
0.0,
0.0,
12.0,
0.0,
0.0,
0.0,
0.0,
0.0,
13.0,
0.0,
19.0,
7.0,
0.0,
0.0,
0.0,
50.0,
62.0,
148.0,
238.0,
255.0,
250.0,
236.0,
247.0,
255.0,
200.0,
47.0,
0.0,
0.0,
0.0,
5.0,
0.0,
14.0,
0.0,
0.0,
0.0,
0.0,
9.0,
0.0,
0.0,
2.0,
8.0,
0.0,
34.0,
178.0,
247.0,
252.0,
253.0,
250.0,
255.0,
255.0,
255.0,
245.0,
255.0,
195.0,
58.0,
0.0,
15.0,
0.0,
13.0,
0.0,
0.0,
0.0,
0.0,
0.0,
0.0,
14.0,
0.0,
9.0,
0.0,
14.0,
178.0,
255.0,
253.0,
255.0,
255.0,
246.0,
243.0,
252.0,
255.0,
253.0,
234.0,
255.0,
215.0,
0.0,
10.0,
0.0,
7.0,
0.0,
0.0,
0.0,
0.0,
0.0,
0.0,
0.0,
8.0,
0.0,
0.0,
0.0,
237.0,
239.0,
255.0,
255.0,
245.0,
253.0,
248.0,
172.0,
255.0,
247.0,
250.0,
243.0,
255.0,
2.0,
0.0,
6.0,
0.0,
15.0,
0.0,
0.0,
0.0,
0.0,
7.0,
0.0,
0.0,
0.0,
0.0,
2.0,
181.0,
255.0,
245.0,
47.0,
81.0,
88.0,
66.0,
10.0,
128.0,
255.0,
255.0,
255.0,
251.0,
0.0,
6.0,
9.0,
1.0,
0.0,
0.0,
0.0,
0.0,
0.0,
1.0,
0.0,
5.0,
6.0,
0.0,
0.0,
57.0,
168.0,
59.0,
12.0,
0.0,
0.0,
15.0,
54.0,
255.0,
238.0,
242.0,
255.0,
200.0,
0.0,
2.0,
0.0,
8.0,
0.0,
0.0,
0.0,
0.0,
0.0,
0.0,
3.0,
10.0,
3.0,
0.0,
2.0,
0.0,
18.0,
0.0,
0.0,
12.0,
0.0,
57.0,
217.0,
255.0,
255.0,
254.0,
193.0,
37.0,
0.0,
5.0,
9.0,
0.0,
0.0,
0.0,
0.0,
0.0,
0.0,
0.0,
1.0,
2.0,
0.0,
0.0,
6.0,
6.0,
0.0,
0.0,
16.0,
0.0,
191.0,
232.0,
255.0,
251.0,
243.0,
243.0,
152.0,
0.0,
4.0,
0.0,
0.0,
0.0,
21.0,
0.0,
0.0,
0.0,
0.0,
7.0,
0.0,
0.0,
0.0,
1.0,
0.0,
23.0,
1.0,
3.0,
0.0,
0.0,
235.0,
250.0,
255.0,
252.0,
255.0,
249.0,
135.0,
7.0,
2.0,
3.0,
0.0,
2.0,
0.0,
0.0,
0.0,
0.0,
0.0,
4.0,
0.0,
2.0,
4.0,
3.0,
0.0,
1.0,
0.0,
6.0,
0.0,
18.0,
187.0,
255.0,
255.0,
236.0,
251.0,
255.0,
216.0,
177.0,
116.0,
13.0,
0.0,
21.0,
8.0,
0.0,
0.0,
0.0,
0.0,
0.0,
5.0,
0.0,
0.0,
3.0,
11.0,
0.0,
2.0,
0.0,
7.0,
0.0,
39.0,
210.0,
245.0,
255.0,
255.0,
255.0,
255.0,
254.0,
187.0,
0.0,
0.0,
0.0,
0.0,
0.0,
0.0,
0.0,
0.0,
0.0,
0.0,
0.0,
0.0,
0.0,
0.0,
0.0,
0.0,
0.0,
3.0,
2.0,
5.0,
49.0,
100.0,
255.0,
249.0,
251.0,
252.0,
247.0,
239.0,
56.0,
6.0,
0.0,
5.0,
0.0,
0.0,
0.0,
0.0,
0.0,
0.0,
0.0,
0.0,
0.0,
0.0,
0.0,
0.0,
0.0,
16.0,
2.0,
0.0,
0.0,
1.0,
26.0,
136.0,
226.0,
244.0,
248.0,
251.0,
229.0,
34.0,
7.0,
3.0,
0.0,
0.0,
0.0,
0.0,
0.0,
0.0,
0.0,
0.0,
0.0,
0.0,
0.0,
0.0,
12.0,
0.0,
4.0,
102.0,
64.0,
19.0,
2.0,
0.0,
40.0,
238.0,
255.0,
249.0,
254.0,
30.0,
6.0,
0.0,
0.0,
0.0,
0.0,
0.0,
0.0,
0.0,
0.0,
0.0,
0.0,
0.0,
0.0,
0.0,
1.0,
11.0,
119.0,
231.0,
211.0,
39.0,
2.0,
3.0,
159.0,
255.0,
236.0,
255.0,
248.0,
29.0,
5.0,
17.0,
0.0,
0.0,
0.0,
0.0,
0.0,
0.0,
0.0,
0.0,
0.0,
0.0,
0.0,
0.0,
2.0,
62.0,
235.0,
255.0,
255.0,
123.0,
78.0,
163.0,
255.0,
249.0,
239.0,
255.0,
226.0,
26.0,
0.0,
0.0,
0.0,
0.0,
0.0,
0.0,
0.0,
0.0,
0.0,
0.0,
0.0,
0.0,
0.0,
0.0,
4.0,
175.0,
255.0,
248.0,
255.0,
255.0,
239.0,
255.0,
236.0,
255.0,
255.0,
197.0,
46.0,
0.0,
0.0,
9.0,
0.0,
0.0,
0.0,
0.0,
0.0,
0.0,
0.0,
0.0,
0.0,
0.0,
0.0,
0.0,
0.0,
255.0,
255.0,
234.0,
248.0,
255.0,
247.0,
254.0,
252.0,
255.0,
245.0,
153.0,
12.0,
12.0,
0.0,
7.0,
0.0,
0.0,
0.0,
0.0,
0.0,
0.0,
0.0,
0.0,
0.0,
0.0,
0.0,
0.0,
10.0,
124.0,
204.0,
255.0,
236.0,
255.0,
255.0,
249.0,
250.0,
197.0,
154.0,
0.0,
0.0,
0.0,
0.0,
0.0,
0.0,
0.0,
0.0,
0.0,
0.0,
0.0,
0.0,
0.0,
0.0,
0.0,
0.0,
0.0,
0.0,
1.0,
66.0,
202.0,
255.0,
255.0,
237.0,
255.0,
86.0,
45.0,
5.0,
0.0,
0.0,
0.0,
1.0,
5.0,
0.0,
0.0,
0.0,
0.0,
0.0,
0.0,
0.0,
0.0,
0.0,
0.0,
0.0,
0.0,
11.0,
5.0,
0.0,
9.0,
1.0,
8.0,
0.0,
4.0,
15.0,
0.0,
0.0,
2.0,
8.0,
4.0,
0.0,
0.0,
0.0,
0.0,
0.0,
0.0,
0.0,
0.0,
0.0,
0.0,
0.0,
0.0,
0.0,
0.0,
0.0,
0.0,
0.0,
0.0,
0.0,
7.0,
3.0,
0.0,
0.0,
0.0,
0.0,
1.0,
4.0,
0.0,
0.0,
1.0,
0.0,
0.0,
0.0,
0.0,
0.0,
0.0,
0.0,
0.0,
0.0,
0.0,
0.0,
0.0,
6.0,
6.0,
5.0,
9.0,
1.0,
0.0,
0.0,
0.0,
11.0,
4.0,
0.0,
0.0,
0.0,
0.0,
0.0,
6.0,
0.0,
0.0,
0.0,
0.0,
