0.0,
0.0,
0.0,
0.0,
0.0,
0.0,
0.0,
0.0,
3.0,
0.0,
0.0,
0.0,
0.0,
9.0,
9.0,
0.0,
0.0,
18.0,
0.0,
1.0,
0.0,
4.0,
0.0,
0.0,
0.0,
0.0,
0.0,
0.0,
0.0,
0.0,
0.0,
0.0,
0.0,
0.0,
0.0,
0.0,
0.0,
1.0,
9.0,
2.0,
0.0,
0.0,
6.0,
1.0,
9.0,
7.0,
1.0,
0.0,
4.0,
0.0,
0.0,
6.0,
0.0,
0.0,
0.0,
0.0,
0.0,
0.0,
0.0,
0.0,
0.0,
0.0,
0.0,
0.0,
9.0,
0.0,
0.0,
2.0,
2.0,
0.0,
0.0,
8.0,
0.0,
0.0,
3.0,
4.0,
12.0,
8.0,
0.0,
0.0,
0.0,
0.0,
0.0,
0.0,
0.0,
0.0,
0.0,
0.0,
0.0,
0.0,
0.0,
0.0,
0.0,
13.0,
10.0,
0.0,
0.0,
5.0,
1.0,
0.0,
0.0,
13.0,
0.0,
1.0,
0.0,
0.0,
1.0,
0.0,
0.0,
0.0,
0.0,
0.0,
0.0,
0.0,
0.0,
0.0,
0.0,
0.0,
0.0,
0.0,
2.0,
0.0,
0.0,
0.0,
10.0,
2.0,
0.0,
16.0,
0.0,
3.0,
0.0,
2.0,
17.0,
0.0,
12.0,
3.0,
0.0,
0.0,
0.0,
0.0,
0.0,
0.0,
0.0,
0.0,
0.0,
0.0,
0.0,
0.0,
0.0,
2.0,
2.0,
6.0,
0.0,
0.0,
20.0,
111.0,
109.0,
180.0,
255.0,
255.0,
211.0,
17.0,
0.0,
6.0,
0.0,
0.0,
0.0,
0.0,
0.0,
0.0,
0.0,
0.0,
0.0,
0.0,
0.0,
0.0,
0.0,
0.0,
0.0,
20.0,
141.0,
240.0,
255.0,
246.0,
255.0,
250.0,
255.0,
238.0,
227.0,
106.0,
0.0,
0.0,
0.0,
0.0,
0.0,
0.0,
0.0,
0.0,
0.0,
0.0,
0.0,
0.0,
0.0,
0.0,
3.0,
0.0,
17.0,
122.0,
238.0,
255.0,
239.0,
254.0,
245.0,
252.0,
249.0,
255.0,
239.0,
213.0,
3.0,
0.0,
0.0,
0.0,
0.0,
0.0,
0.0,
0.0,
0.0,
0.0,
0.0,
0.0,
0.0,
0.0,
0.0,
0.0,
0.0,
248.0,
255.0,
236.0,
220.0,
201.0,
115.0,
74.0,
134.0,
243.0,
255.0,
216.0,
0.0,
1.0,
0.0,
0.0,
0.0,
0.0,
0.0,
0.0,
0.0,
0.0,
0.0,
0.0,
0.0,
0.0,
5.0,
9.0,
12.0,
78.0,
85.0,
84.0,
26.0,
0.0,
3.0,
30.0,
192.0,
255.0,
238.0,
100.0,
0.0,
8.0,
0.0,
0.0,
0.0,
0.0,
0.0,
0.0,
0.0,
0.0,
0.0,
0.0,
0.0,
0.0,
0.0,
0.0,
0.0,
0.0,
0.0,
17.0,
0.0,
4.0,
26.0,
243.0,
254.0,
240.0,
216.0,
61.0,
0.0,
2.0,
0.0,
0.0,
0.0,
0.0,
0.0,
0.0,
0.0,
0.0,
0.0,
0.0,
0.0,
0.0,
0.0,
7.0,
0.0,
32.0,
0.0,
0.0,
8.0,
83.0,
179.0,
255.0,
249.0,
221.0,
92.0,
2.0,
0.0,
0.0,
0.0,
0.0,
0.0,
0.0,
0.0,
0.0,
0.0,
0.0,
0.0,
0.0,
0.0,
0.0,
14.0,
0.0,
11.0,
94.0,
146.0,
240.0,
252.0,
255.0,
255.0,
233.0,
255.0,
162.0,
5.0,
0.0,
14.0,
12.0,
0.0,
0.0,
0.0,
0.0,
0.0,
0.0,
0.0,
0.0,
0.0,
0.0,
0.0,
0.0,
0.0,
24.0,
220.0,
252.0,
255.0,
255.0,
247.0,
244.0,
240.0,
255.0,
109.0,
26.0,
0.0,
0.0,
0.0,
0.0,
0.0,
0.0,
0.0,
0.0,
0.0,
0.0,
0.0,
0.0,
0.0,
0.0,
0.0,
0.0,
11.0,
75.0,
255.0,
247.0,
246.0,
245.0,
241.0,
255.0,
251.0,
232.0,
0.0,
7.0,
8.0,
0.0,
11.0,
0.0,
0.0,
0.0,
0.0,
0.0,
0.0,
0.0,
0.0,
0.0,
0.0,
0.0,
0.0,
0.0,
11.0,
149.0,
255.0,
253.0,
250.0,
255.0,
255.0,
246.0,
252.0,
221.0,
109.0,
0.0,
2.0,
0.0,
0.0,
0.0,
0.0,
0.0,
0.0,
0.0,
0.0,
0.0,
1.0,
14.0,
4.0,
0.0,
19.0,
0.0,
4.0,
0.0,
238.0,
255.0,
206.0,
197.0,
88.0,
180.0,
252.0,
245.0,
167.0,
4.0,
0.0,
0.0,
7.0,
0.0,
0.0,
0.0,
0.0,
0.0,
2.0,
5.0,
0.0,
0.0,
0.0,
5.0,
2.0,
0.0,
5.0,
11.0,
0.0,
103.0,
23.0,
0.0,
16.0,
17.0,
239.0,
255.0,
239.0,
40.0,
1.0,
8.0,
0.0,
11.0,
0.0,
0.0,
0.0,
0.0,
0.0,
6.0,
0.0,
0.0,
0.0,
4.0,
0.0,
7.0,
0.0,
0.0,
2.0,
0.0,
0.0,
0.0,
25.0,
145.0,
254.0,
248.0,
79.0,
0.0,
14.0,
0.0,
0.0,
2.0,
0.0,
0.0,
0.0,
0.0,
0.0,
0.0,
2.0,
12.0,
0.0,
0.0,
34.0,
90.0,
11.0,
0.0,
0.0,
1.0,
22.0,
0.0,
52.0,
242.0,
255.0,
241.0,
107.0,
2.0,
0.0,
7.0,
0.0,
0.0,
0.0,
0.0,
0.0,
0.0,
3.0,
0.0,
0.0,
1.0,
0.0,
3.0,
169.0,
213.0,
12.0,
20.0,
0.0,
0.0,
0.0,
111.0,
220.0,
255.0,
255.0,
128.0,
0.0,
2.0,
7.0,
12.0,
0.0,
4.0,
0.0,
0.0,
0.0,
0.0,
0.0,
0.0,
3.0,
0.0,
0.0,
31.0,
244.0,
255.0,
222.0,
106.0,
61.0,
76.0,
121.0,
243.0,
253.0,
248.0,
182.0,
113.0,
0.0,
6.0,
0.0,
0.0,
24.0,
0.0,
0.0,
0.0,
0.0,
0.0,
0.0,
0.0,
5.0,
0.0,
1.0,
27.0,
204.0,
237.0,
254.0,
255.0,
255.0,
230.0,
253.0,
252.0,
245.0,
219.0,
56.0,
0.0,
6.0,
14.0,
1.0,
12.0,
0.0,
15.0,
0.0,
0.0,
0.0,
0.0,
6.0,
0.0,
0.0,
5.0,
0.0,
2.0,
143.0,
242.0,
251.0,
242.0,
250.0,
255.0,
247.0,
255.0,
138.0,
35.0,
10.0,
3.0,
0.0,
0.0,
0.0,
7.0,
0.0,
0.0,
0.0,
0.0,
0.0,
0.0,
0.0,
0.0,
1.0,
0.0,
0.0,
2.0,
9.0,
15.0,
219.0,
243.0,
255.0,
252.0,
198.0,
117.0,
40.0,
0.0,
0.0,
0.0,
0.0,
0.0,
0.0,
0.0,
0.0,
0.0,
0.0,
0.0,
0.0,
0.0,
0.0,
1.0,
1.0,
0.0,
0.0,
0.0,
4.0,
8.0,
0.0,
0.0,
3.0,
3.0,
0.0,
0.0,
0.0,
4.0,
0.0,
0.0,
0.0,
0.0,
0.0,
0.0,
0.0,
0.0,
0.0,
0.0,
0.0,
0.0,
0.0,
0.0,
0.0,
0.0,
0.0,
0.0,
0.0,
0.0,
0.0,
1.0,
3.0,
2.0,
0.0,
0.0,
0.0,
1.0,
0.0,
0.0,
0.0,
0.0,
0.0,
0.0,
0.0,
0.0,
0.0,
0.0,
0.0,
0.0,
0.0,
0.0,
0.0,
0.0,
0.0,
0.0,
0.0,
0.0,
1.0,
0.0,
0.0,
0.0,
0.0,
2.0,
4.0,
5.0,
0.0,
0.0,
0.0,
0.0,
0.0,
0.0,
0.0,
0.0,
0.0,
0.0,
0.0,
0.0,
