0.0,
0.0,
0.0,
0.0,
0.0,
0.0,
0.0,
0.0,
0.0,
5.0,
6.0,
0.0,
0.0,
0.0,
5.0,
0.0,
4.0,
7.0,
0.0,
7.0,
0.0,
6.0,
0.0,
0.0,
0.0,
0.0,
0.0,
0.0,
0.0,
0.0,
0.0,
0.0,
0.0,
0.0,
0.0,
0.0,
19.0,
0.0,
0.0,
0.0,
0.0,
3.0,
11.0,
0.0,
0.0,
0.0,
5.0,
0.0,
0.0,
2.0,
0.0,
5.0,
0.0,
0.0,
0.0,
0.0,
0.0,
0.0,
0.0,
0.0,
0.0,
0.0,
0.0,
0.0,
2.0,
0.0,
0.0,
20.0,
5.0,
0.0,
0.0,
4.0,
0.0,
9.0,
0.0,
0.0,
14.0,
0.0,
0.0,
0.0,
0.0,
0.0,
0.0,
0.0,
0.0,
0.0,
0.0,
0.0,
0.0,
0.0,
0.0,
0.0,
0.0,
21.0,
0.0,
0.0,
6.0,
4.0,
29.0,
162.0,
255.0,
211.0,
28.0,
0.0,
2.0,
0.0,
13.0,
0.0,
0.0,
0.0,
0.0,
0.0,
0.0,
0.0,
0.0,
0.0,
0.0,
0.0,
0.0,
0.0,
11.0,
0.0,
0.0,
9.0,
0.0,
109.0,
212.0,
255.0,
255.0,
250.0,
110.0,
12.0,
13.0,
0.0,
6.0,
0.0,
0.0,
0.0,
0.0,
0.0,
0.0,
0.0,
0.0,
0.0,
0.0,
0.0,
0.0,
0.0,
0.0,
8.0,
0.0,
0.0,
75.0,
244.0,
255.0,
255.0,
245.0,
255.0,
193.0,
0.0,
0.0,
0.0,
0.0,
9.0,
0.0,
0.0,
0.0,
0.0,
0.0,
0.0,
0.0,
0.0,
0.0,
0.0,
0.0,
0.0,
1.0,
7.0,
0.0,
0.0,
45.0,
233.0,
255.0,
246.0,
255.0,
248.0,
102.0,
0.0,
8.0,
15.0,
3.0,
0.0,
0.0,
0.0,
0.0,
0.0,
0.0,
0.0,
0.0,
0.0,
0.0,
0.0,
0.0,
0.0,
5.0,
0.0,
9.0,
6.0,
0.0,
154.0,
238.0,
255.0,
247.0,
252.0,
10.0,
8.0,
8.0,
0.0,
0.0,
7.0,
0.0,
0.0,
0.0,
0.0,
0.0,
0.0,
0.0,
0.0,
0.0,
0.0,
0.0,
0.0,
10.0,
0.0,
12.0,
0.0,
6.0,
68.0,
238.0,
253.0,
255.0,
208.0,
16.0,
3.0,
0.0,
2.0,
2.0,
3.0,
0.0,
0.0,
0.0,
0.0,
0.0,
0.0,
0.0,
0.0,
0.0,
0.0,
0.0,
0.0,
3.0,
0.0,
3.0,
0.0,
68.0,
234.0,
255.0,
255.0,
242.0,
191.0,
0.0,
0.0,
11.0,
3.0,
0.0,
0.0,
0.0,
0.0,
0.0,
0.0,
0.0,
0.0,
0.0,
0.0,
0.0,
0.0,
0.0,
0.0,
0.0,
4.0,
10.0,
121.0,
248.0,
243.0,
247.0,
244.0,
254.0,
243.0,
78.0,
0.0,
5.0,
7.0,
0.0,
0.0,
0.0,
0.0,
0.0,
0.0,
0.0,
0.0,
0.0,
0.0,
0.0,
0.0,
0.0,
0.0,
0.0,
93.0,
228.0,
238.0,
248.0,
255.0,
255.0,
255.0,
254.0,
248.0,
219.0,
9.0,
0.0,
5.0,
3.0,
7.0,
0.0,
0.0,
0.0,
0.0,
0.0,
0.0,
0.0,
0.0,
0.0,
0.0,
0.0,
0.0,
35.0,
249.0,
255.0,
254.0,
255.0,
222.0,
109.0,
183.0,
255.0,
236.0,
255.0,
89.0,
1.0,
0.0,
0.0,
2.0,
0.0,
0.0,
0.0,
0.0,
0.0,
0.0,
0.0,
0.0,
0.0,
0.0,
0.0,
0.0,
130.0,
255.0,
216.0,
255.0,
195.0,
60.0,
12.0,
45.0,
238.0,
255.0,
254.0,
194.0,
10.0,
0.0,
4.0,
0.0,
0.0,
0.0,
0.0,
0.0,
0.0,
0.0,
0.0,
0.0,
0.0,
0.0,
0.0,
0.0,
48.0,
248.0,
204.0,
68.0,
2.0,
0.0,
0.0,
6.0,
142.0,
255.0,
241.0,
221.0,
0.0,
0.0,
14.0,
0.0,
0.0,
0.0,
0.0,
0.0,
0.0,
0.0,
0.0,
0.0,
0.0,
0.0,
0.0,
0.0,
47.0,
250.0,
70.0,
18.0,
0.0,
7.0,
3.0,
0.0,
139.0,
255.0,
255.0,
215.0,
0.0,
5.0,
0.0,
0.0,
0.0,
0.0,
0.0,
0.0,
4.0,
0.0,
0.0,
0.0,
8.0,
0.0,
0.0,
37.0,
203.0,
255.0,
201.0,
0.0,
10.0,
0.0,
0.0,
1.0,
216.0,
252.0,
243.0,
230.0,
0.0,
0.0,
12.0,
0.0,
0.0,
0.0,
0.0,
0.0,
0.0,
0.0,
0.0,
0.0,
5.0,
0.0,
0.0,
50.0,
255.0,
255.0,
245.0,
57.0,
0.0,
0.0,
24.0,
97.0,
255.0,
255.0,
252.0,
127.0,
0.0,
0.0,
4.0,
0.0,
0.0,
0.0,
0.0,
0.0,
0.0,
0.0,
4.0,
0.0,
1.0,
0.0,
7.0,
59.0,
253.0,
255.0,
255.0,
80.0,
40.0,
37.0,
49.0,
255.0,
250.0,
255.0,
222.0,
31.0,
0.0,
2.0,
9.0,
0.0,
0.0,
0.0,
0.0,
0.0,
0.0,
0.0,
5.0,
0.0,
0.0,
0.0,
6.0,
47.0,
239.0,
255.0,
235.0,
255.0,
255.0,
222.0,
255.0,
255.0,
252.0,
236.0,
104.0,
0.0,
0.0,
0.0,
9.0,
0.0,
0.0,
0.0,
0.0,
0.0,
0.0,
0.0,
4.0,
0.0,
0.0,
1.0,
0.0,
22.0,
234.0,
255.0,
245.0,
245.0,
251.0,
255.0,
255.0,
234.0,
245.0,
132.0,
0.0,
0.0,
15.0,
0.0,
0.0,
8.0,
0.0,
0.0,
0.0,
0.0,
3.0,
0.0,
4.0,
0.0,
0.0,
2.0,
0.0,
1.0,
77.0,
227.0,
255.0,
255.0,
255.0,
239.0,
255.0,
254.0,
114.0,
16.0,
0.0,
0.0,
7.0,
0.0,
0.0,
6.0,
0.0,
0.0,
0.0,
0.0,
3.0,
0.0,
6.0,
0.0,
0.0,
4.0,
0.0,
0.0,
7.0,
75.0,
246.0,
255.0,
235.0,
206.0,
117.0,
44.0,
0.0,
0.0,
22.0,
0.0,
0.0,
2.0,
4.0,
0.0,
0.0,
0.0,
0.0,
0.0,
2.0,
0.0,
9.0,
1.0,
0.0,
5.0,
1.0,
0.0,
0.0,
0.0,
6.0,
0.0,
7.0,
0.0,
0.0,
0.0,
0.0,
9.0,
0.0,
4.0,
3.0,
0.0,
8.0,
0.0,
0.0,
0.0,
0.0,
0.0,
0.0,
0.0,
0.0,
0.0,
0.0,
0.0,
0.0,
0.0,
0.0,
0.0,
0.0,
0.0,
0.0,
0.0,
0.0,
0.0,
0.0,
0.0,
0.0,
0.0,
0.0,
0.0,
0.0,
0.0,
0.0,
0.0,
0.0,
0.0,
0.0,
0.0,
0.0,
0.0,
0.0,
0.0,
0.0,
0.0,
0.0,
0.0,
0.0,
0.0,
0.0,
0.0,
0.0,
0.0,
0.0,
0.0,
0.0,
0.0,
0.0,
0.0,
0.0,
0.0,
0.0,
0.0,
0.0,
0.0,
0.0,
0.0,
0.0,
0.0,
0.0,
0.0,
0.0,
0.0,
0.0,
0.0,
0.0,
0.0,
0.0,
0.0,
0.0,
0.0,
0.0,
0.0,
0.0,
0.0,
0.0,
0.0,
0.0,
0.0,
0.0,
0.0,
0.0,
0.0,
0.0,
0.0,
0.0,
0.0,
0.0,
0.0,
0.0,
0.0,
0.0,
0.0,
0.0,
0.0,
0.0,
0.0,
0.0,
0.0,
0.0,
0.0,
0.0,
0.0,
0.0,
0.0,
0.0,
0.0,
0.0,
0.0,
0.0,
0.0,
