0.0,
0.0,
0.0,
0.0,
0.0,
0.0,
0.0,
0.0,
0.0,
1.0,
8.0,
0.0,
9.0,
0.0,
6.0,
0.0,
2.0,
0.0,
1.0,
2.0,
0.0,
0.0,
0.0,
2.0,
0.0,
0.0,
0.0,
0.0,
0.0,
0.0,
0.0,
0.0,
0.0,
0.0,
0.0,
0.0,
9.0,
0.0,
0.0,
0.0,
6.0,
0.0,
10.0,
13.0,
0.0,
0.0,
4.0,
5.0,
0.0,
5.0,
6.0,
0.0,
0.0,
0.0,
0.0,
0.0,
0.0,
0.0,
0.0,
0.0,
0.0,
0.0,
0.0,
0.0,
0.0,
0.0,
7.0,
5.0,
4.0,
0.0,
0.0,
0.0,
3.0,
0.0,
0.0,
0.0,
2.0,
1.0,
0.0,
0.0,
0.0,
0.0,
0.0,
0.0,
0.0,
0.0,
0.0,
0.0,
0.0,
0.0,
0.0,
0.0,
4.0,
0.0,
5.0,
0.0,
1.0,
7.0,
6.0,
8.0,
9.0,
2.0,
0.0,
0.0,
4.0,
0.0,
0.0,
12.0,
0.0,
0.0,
0.0,
0.0,
0.0,
0.0,
0.0,
0.0,
0.0,
0.0,
0.0,
0.0,
7.0,
0.0,
0.0,
0.0,
0.0,
3.0,
0.0,
0.0,
0.0,
3.0,
0.0,
0.0,
4.0,
4.0,
0.0,
0.0,
0.0,
0.0,
0.0,
0.0,
0.0,
0.0,
0.0,
0.0,
0.0,
0.0,
0.0,
0.0,
0.0,
0.0,
7.0,
5.0,
0.0,
0.0,
19.0,
85.0,
175.0,
253.0,
255.0,
208.0,
104.0,
17.0,
0.0,
11.0,
0.0,
0.0,
0.0,
0.0,
0.0,
0.0,
0.0,
0.0,
0.0,
0.0,
0.0,
0.0,
6.0,
0.0,
3.0,
0.0,
10.0,
110.0,
173.0,
253.0,
255.0,
249.0,
244.0,
254.0,
224.0,
108.0,
2.0,
0.0,
0.0,
0.0,
0.0,
0.0,
0.0,
0.0,
0.0,
0.0,
0.0,
0.0,
0.0,
0.0,
2.0,
0.0,
0.0,
2.0,
86.0,
246.0,
255.0,
247.0,
199.0,
136.0,
139.0,
243.0,
255.0,
128.0,
5.0,
9.0,
0.0,
0.0,
0.0,
0.0,
0.0,
6.0,
2.0,
0.0,
0.0,
0.0,
0.0,
3.0,
2.0,
18.0,
0.0,
0.0,
2.0,
78.0,
82.0,
75.0,
9.0,
0.0,
110.0,
240.0,
243.0,
123.0,
0.0,
4.0,
0.0,
0.0,
0.0,
0.0,
0.0,
0.0,
0.0,
1.0,
14.0,
14.0,
5.0,
5.0,
0.0,
0.0,
0.0,
20.0,
0.0,
13.0,
3.0,
2.0,
0.0,
107.0,
216.0,
248.0,
151.0,
21.0,
10.0,
6.0,
0.0,
0.0,
0.0,
0.0,
0.0,
5.0,
0.0,
0.0,
0.0,
0.0,
0.0,
0.0,
3.0,
4.0,
4.0,
0.0,
0.0,
1.0,
10.0,
0.0,
109.0,
221.0,
255.0,
188.0,
46.0,
0.0,
0.0,
0.0,
0.0,
0.0,
0.0,
0.0,
0.0,
1.0,
0.0,
0.0,
5.0,
3.0,
0.0,
7.0,
1.0,
0.0,
5.0,
35.0,
57.0,
104.0,
173.0,
207.0,
255.0,
244.0,
184.0,
24.0,
0.0,
0.0,
11.0,
0.0,
0.0,
0.0,
0.0,
0.0,
2.0,
0.0,
0.0,
0.0,
14.0,
9.0,
0.0,
0.0,
31.0,
96.0,
182.0,
224.0,
238.0,
255.0,
255.0,
241.0,
250.0,
255.0,
40.0,
7.0,
0.0,
19.0,
0.0,
4.0,
0.0,
0.0,
0.0,
0.0,
0.0,
5.0,
3.0,
0.0,
0.0,
0.0,
2.0,
31.0,
235.0,
255.0,
255.0,
248.0,
243.0,
255.0,
248.0,
231.0,
252.0,
255.0,
143.0,
0.0,
21.0,
0.0,
0.0,
0.0,
0.0,
0.0,
0.0,
0.0,
0.0,
4.0,
9.0,
3.0,
0.0,
0.0,
32.0,
81.0,
253.0,
255.0,
241.0,
255.0,
217.0,
127.0,
32.0,
33.0,
215.0,
249.0,
245.0,
57.0,
1.0,
0.0,
0.0,
18.0,
0.0,
0.0,
0.0,
0.0,
4.0,
0.0,
0.0,
0.0,
7.0,
0.0,
0.0,
6.0,
132.0,
208.0,
158.0,
72.0,
0.0,
10.0,
0.0,
7.0,
33.0,
189.0,
253.0,
177.0,
24.0,
5.0,
0.0,
0.0,
0.0,
0.0,
0.0,
0.0,
3.0,
4.0,
2.0,
0.0,
9.0,
7.0,
4.0,
0.0,
0.0,
0.0,
4.0,
0.0,
3.0,
0.0,
7.0,
0.0,
0.0,
112.0,
255.0,
255.0,
43.0,
2.0,
8.0,
0.0,
0.0,
0.0,
0.0,
0.0,
0.0,
0.0,
0.0,
40.0,
0.0,
0.0,
3.0,
6.0,
0.0,
4.0,
2.0,
0.0,
5.0,
14.0,
0.0,
2.0,
75.0,
246.0,
249.0,
134.0,
6.0,
0.0,
0.0,
8.0,
0.0,
0.0,
0.0,
0.0,
6.0,
1.0,
0.0,
0.0,
0.0,
17.0,
8.0,
0.0,
0.0,
0.0,
3.0,
0.0,
1.0,
0.0,
0.0,
119.0,
219.0,
255.0,
239.0,
76.0,
0.0,
18.0,
0.0,
0.0,
0.0,
0.0,
0.0,
0.0,
0.0,
5.0,
3.0,
0.0,
14.0,
0.0,
0.0,
17.0,
6.0,
0.0,
18.0,
0.0,
0.0,
4.0,
101.0,
255.0,
249.0,
205.0,
75.0,
6.0,
15.0,
0.0,
6.0,
0.0,
0.0,
0.0,
0.0,
0.0,
0.0,
4.0,
2.0,
11.0,
0.0,
7.0,
0.0,
0.0,
0.0,
0.0,
13.0,
83.0,
164.0,
255.0,
255.0,
212.0,
155.0,
4.0,
3.0,
0.0,
0.0,
0.0,
9.0,
0.0,
0.0,
0.0,
0.0,
0.0,
2.0,
7.0,
0.0,
0.0,
72.0,
49.0,
13.0,
6.0,
16.0,
90.0,
158.0,
255.0,
232.0,
253.0,
174.0,
65.0,
0.0,
10.0,
0.0,
0.0,
31.0,
0.0,
5.0,
0.0,
0.0,
0.0,
0.0,
0.0,
12.0,
0.0,
0.0,
22.0,
209.0,
91.0,
78.0,
170.0,
247.0,
253.0,
255.0,
234.0,
137.0,
80.0,
17.0,
0.0,
0.0,
0.0,
18.0,
0.0,
0.0,
0.0,
5.0,
4.0,
0.0,
0.0,
0.0,
0.0,
0.0,
0.0,
0.0,
28.0,
232.0,
249.0,
245.0,
255.0,
253.0,
197.0,
175.0,
29.0,
11.0,
0.0,
0.0,
8.0,
9.0,
0.0,
0.0,
7.0,
0.0,
1.0,
12.0,
0.0,
0.0,
0.0,
0.0,
0.0,
2.0,
0.0,
0.0,
5.0,
202.0,
251.0,
227.0,
152.0,
31.0,
18.0,
2.0,
0.0,
0.0,
3.0,
2.0,
0.0,
0.0,
0.0,
0.0,
0.0,
0.0,
0.0,
0.0,
0.0,
0.0,
0.0,
0.0,
0.0,
0.0,
18.0,
15.0,
0.0,
10.0,
0.0,
0.0,
0.0,
13.0,
5.0,
0.0,
0.0,
0.0,
3.0,
3.0,
0.0,
0.0,
0.0,
0.0,
0.0,
0.0,
0.0,
0.0,
0.0,
0.0,
0.0,
0.0,
0.0,
0.0,
2.0,
0.0,
0.0,
0.0,
7.0,
0.0,
18.0,
0.0,
0.0,
0.0,
0.0,
1.0,
2.0,
2.0,
1.0,
0.0,
0.0,
0.0,
0.0,
0.0,
0.0,
0.0,
0.0,
0.0,
0.0,
0.0,
0.0,
12.0,
6.0,
0.0,
16.0,
0.0,
3.0,
0.0,
0.0,
0.0,
0.0,
1.0,
2.0,
1.0,
1.0,
1.0,
1.0,
0.0,
0.0,
0.0,
0.0,
0.0,
0.0,
0.0,
0.0,
0.0,
0.0,
0.0,
0.0,
