0.0,
0.0,
0.0,
0.0,
0.0,
0.0,
0.0,
0.0,
1.0,
0.0,
0.0,
2.0,
0.0,
0.0,
7.0,
5.0,
4.0,
0.0,
1.0,
7.0,
0.0,
0.0,
8.0,
0.0,
0.0,
0.0,
0.0,
0.0,
0.0,
0.0,
0.0,
0.0,
0.0,
0.0,
0.0,
0.0,
14.0,
0.0,
0.0,
9.0,
13.0,
6.0,
0.0,
0.0,
0.0,
13.0,
0.0,
0.0,
11.0,
1.0,
0.0,
10.0,
0.0,
0.0,
0.0,
0.0,
0.0,
0.0,
0.0,
0.0,
0.0,
0.0,
0.0,
0.0,
0.0,
5.0,
23.0,
0.0,
0.0,
6.0,
10.0,
13.0,
3.0,
0.0,
5.0,
1.0,
0.0,
2.0,
12.0,
0.0,
0.0,
0.0,
0.0,
0.0,
0.0,
0.0,
0.0,
0.0,
0.0,
0.0,
0.0,
0.0,
18.0,
0.0,
3.0,
1.0,
11.0,
11.0,
0.0,
0.0,
0.0,
0.0,
0.0,
2.0,
10.0,
4.0,
0.0,
0.0,
0.0,
0.0,
0.0,
0.0,
0.0,
0.0,
0.0,
0.0,
0.0,
0.0,
0.0,
0.0,
0.0,
0.0,
0.0,
0.0,
3.0,
8.0,
0.0,
6.0,
11.0,
0.0,
0.0,
2.0,
0.0,
0.0,
13.0,
4.0,
0.0,
0.0,
0.0,
0.0,
0.0,
0.0,
0.0,
0.0,
0.0,
0.0,
0.0,
0.0,
0.0,
10.0,
0.0,
25.0,
149.0,
255.0,
255.0,
221.0,
172.0,
242.0,
144.0,
2.0,
0.0,
6.0,
0.0,
0.0,
0.0,
0.0,
0.0,
0.0,
0.0,
0.0,
0.0,
0.0,
0.0,
0.0,
0.0,
0.0,
0.0,
0.0,
0.0,
113.0,
230.0,
249.0,
254.0,
253.0,
236.0,
255.0,
225.0,
89.0,
3.0,
5.0,
12.0,
0.0,
0.0,
0.0,
0.0,
0.0,
0.0,
0.0,
0.0,
0.0,
0.0,
0.0,
0.0,
0.0,
0.0,
5.0,
3.0,
138.0,
254.0,
246.0,
253.0,
254.0,
255.0,
235.0,
255.0,
248.0,
102.0,
1.0,
0.0,
0.0,
0.0,
0.0,
0.0,
0.0,
0.0,
0.0,
0.0,
0.0,
0.0,
0.0,
0.0,
0.0,
0.0,
0.0,
0.0,
140.0,
113.0,
75.0,
83.0,
26.0,
132.0,
242.0,
255.0,
250.0,
147.0,
3.0,
1.0,
2.0,
0.0,
0.0,
0.0,
0.0,
0.0,
0.0,
0.0,
0.0,
0.0,
0.0,
0.0,
0.0,
0.0,
15.0,
14.0,
0.0,
0.0,
0.0,
27.0,
128.0,
223.0,
245.0,
255.0,
246.0,
142.0,
0.0,
0.0,
0.0,
0.0,
0.0,
0.0,
0.0,
0.0,
0.0,
0.0,
0.0,
0.0,
0.0,
0.0,
0.0,
8.0,
0.0,
2.0,
5.0,
14.0,
105.0,
235.0,
224.0,
215.0,
243.0,
255.0,
238.0,
28.0,
0.0,
15.0,
0.0,
0.0,
0.0,
0.0,
0.0,
0.0,
0.0,
0.0,
0.0,
0.0,
0.0,
0.0,
0.0,
0.0,
13.0,
0.0,
6.0,
6.0,
162.0,
249.0,
226.0,
240.0,
230.0,
150.0,
37.0,
0.0,
3.0,
0.0,
4.0,
0.0,
0.0,
0.0,
0.0,
0.0,
0.0,
0.0,
0.0,
0.0,
0.0,
0.0,
0.0,
0.0,
10.0,
3.0,
0.0,
6.0,
215.0,
213.0,
242.0,
208.0,
47.0,
4.0,
6.0,
10.0,
0.0,
0.0,
3.0,
0.0,
0.0,
0.0,
0.0,
0.0,
0.0,
0.0,
0.0,
0.0,
0.0,
0.0,
0.0,
16.0,
0.0,
4.0,
0.0,
4.0,
182.0,
235.0,
176.0,
12.0,
0.0,
0.0,
0.0,
0.0,
19.0,
12.0,
0.0,
0.0,
0.0,
0.0,
0.0,
0.0,
0.0,
0.0,
0.0,
0.0,
0.0,
0.0,
0.0,
0.0,
8.0,
0.0,
0.0,
5.0,
120.0,
255.0,
239.0,
139.0,
10.0,
0.0,
2.0,
8.0,
0.0,
15.0,
0.0,
0.0,
0.0,
0.0,
0.0,
0.0,
0.0,
0.0,
0.0,
0.0,
0.0,
0.0,
0.0,
2.0,
0.0,
17.0,
0.0,
0.0,
128.0,
240.0,
255.0,
249.0,
167.0,
11.0,
0.0,
0.0,
12.0,
0.0,
5.0,
0.0,
0.0,
0.0,
0.0,
5.0,
0.0,
9.0,
0.0,
9.0,
0.0,
0.0,
0.0,
0.0,
1.0,
0.0,
3.0,
0.0,
27.0,
135.0,
174.0,
247.0,
239.0,
115.0,
0.0,
8.0,
10.0,
0.0,
1.0,
0.0,
0.0,
0.0,
0.0,
0.0,
17.0,
0.0,
0.0,
0.0,
102.0,
30.0,
4.0,
0.0,
0.0,
0.0,
10.0,
6.0,
0.0,
0.0,
9.0,
11.0,
163.0,
235.0,
15.0,
3.0,
0.0,
8.0,
4.0,
0.0,
0.0,
0.0,
0.0,
0.0,
13.0,
0.0,
8.0,
10.0,
109.0,
228.0,
153.0,
19.0,
0.0,
5.0,
0.0,
0.0,
12.0,
10.0,
0.0,
12.0,
68.0,
243.0,
117.0,
0.0,
0.0,
9.0,
0.0,
0.0,
0.0,
0.0,
0.0,
2.0,
0.0,
7.0,
0.0,
0.0,
14.0,
255.0,
255.0,
188.0,
52.0,
0.0,
0.0,
0.0,
0.0,
0.0,
13.0,
3.0,
104.0,
226.0,
91.0,
9.0,
4.0,
0.0,
1.0,
0.0,
0.0,
0.0,
0.0,
9.0,
0.0,
2.0,
0.0,
0.0,
3.0,
85.0,
214.0,
253.0,
255.0,
204.0,
92.0,
54.0,
40.0,
27.0,
90.0,
209.0,
255.0,
220.0,
0.0,
4.0,
4.0,
11.0,
0.0,
0.0,
0.0,
0.0,
0.0,
0.0,
0.0,
0.0,
11.0,
9.0,
6.0,
14.0,
104.0,
255.0,
234.0,
255.0,
255.0,
216.0,
230.0,
255.0,
240.0,
252.0,
250.0,
170.0,
16.0,
0.0,
0.0,
10.0,
8.0,
0.0,
0.0,
0.0,
0.0,
0.0,
5.0,
0.0,
11.0,
0.0,
0.0,
15.0,
6.0,
118.0,
243.0,
255.0,
235.0,
255.0,
255.0,
234.0,
248.0,
254.0,
219.0,
67.0,
0.0,
0.0,
23.0,
0.0,
0.0,
0.0,
0.0,
0.0,
0.0,
0.0,
12.0,
0.0,
0.0,
0.0,
14.0,
0.0,
1.0,
0.0,
61.0,
135.0,
213.0,
235.0,
226.0,
249.0,
250.0,
153.0,
21.0,
0.0,
13.0,
0.0,
0.0,
14.0,
0.0,
0.0,
0.0,
0.0,
0.0,
0.0,
0.0,
0.0,
0.0,
0.0,
0.0,
0.0,
0.0,
0.0,
7.0,
0.0,
45.0,
44.0,
86.0,
183.0,
80.0,
0.0,
0.0,
0.0,
0.0,
0.0,
0.0,
0.0,
0.0,
0.0,
0.0,
0.0,
0.0,
0.0,
0.0,
0.0,
0.0,
0.0,
0.0,
0.0,
0.0,
4.0,
7.0,
0.0,
2.0,
0.0,
0.0,
31.0,
0.0,
0.0,
0.0,
0.0,
0.0,
0.0,
0.0,
0.0,
0.0,
0.0,
0.0,
0.0,
0.0,
0.0,
0.0,
0.0,
0.0,
0.0,
0.0,
0.0,
0.0,
0.0,
0.0,
0.0,
0.0,
4.0,
0.0,
0.0,
0.0,
0.0,
0.0,
0.0,
0.0,
0.0,
0.0,
0.0,
0.0,
0.0,
0.0,
0.0,
0.0,
0.0,
0.0,
0.0,
0.0,
0.0,
0.0,
0.0,
0.0,
0.0,
0.0,
6.0,
0.0,
13.0,
10.0,
0.0,
16.0,
0.0,
0.0,
0.0,
0.0,
0.0,
0.0,
0.0,
0.0,
0.0,
0.0,
0.0,
0.0,
