0.0,
0.0,
0.0,
0.0,
0.0,
0.0,
0.0,
0.0,
7.0,
0.0,
0.0,
8.0,
0.0,
0.0,
3.0,
3.0,
0.0,
3.0,
0.0,
4.0,
2.0,
1.0,
3.0,
0.0,
0.0,
0.0,
0.0,
0.0,
0.0,
0.0,
0.0,
0.0,
0.0,
0.0,
0.0,
0.0,
0.0,
13.0,
0.0,
0.0,
10.0,
1.0,
8.0,
0.0,
5.0,
8.0,
0.0,
0.0,
3.0,
3.0,
0.0,
0.0,
0.0,
0.0,
0.0,
0.0,
0.0,
0.0,
0.0,
0.0,
0.0,
0.0,
0.0,
0.0,
11.0,
3.0,
0.0,
0.0,
4.0,
7.0,
0.0,
9.0,
0.0,
3.0,
2.0,
0.0,
4.0,
0.0,
0.0,
0.0,
0.0,
0.0,
0.0,
0.0,
0.0,
0.0,
0.0,
0.0,
0.0,
0.0,
0.0,
0.0,
0.0,
0.0,
10.0,
14.0,
0.0,
9.0,
0.0,
0.0,
0.0,
0.0,
9.0,
0.0,
5.0,
0.0,
0.0,
8.0,
0.0,
0.0,
0.0,
0.0,
0.0,
0.0,
0.0,
0.0,
0.0,
0.0,
0.0,
0.0,
21.0,
0.0,
40.0,
212.0,
250.0,
252.0,
255.0,
239.0,
40.0,
0.0,
7.0,
0.0,
6.0,
0.0,
0.0,
5.0,
0.0,
0.0,
0.0,
0.0,
0.0,
0.0,
0.0,
0.0,
0.0,
0.0,
0.0,
0.0,
0.0,
39.0,
182.0,
228.0,
115.0,
50.0,
47.0,
205.0,
123.0,
9.0,
0.0,
0.0,
5.0,
0.0,
2.0,
0.0,
0.0,
0.0,
0.0,
0.0,
0.0,
0.0,
0.0,
0.0,
0.0,
0.0,
0.0,
0.0,
0.0,
204.0,
253.0,
96.0,
0.0,
2.0,
6.0,
214.0,
170.0,
9.0,
0.0,
0.0,
4.0,
0.0,
7.0,
0.0,
0.0,
0.0,
0.0,
0.0,
0.0,
0.0,
0.0,
0.0,
0.0,
0.0,
0.0,
0.0,
1.0,
255.0,
75.0,
0.0,
15.0,
0.0,
71.0,
255.0,
170.0,
0.0,
3.0,
5.0,
3.0,
0.0,
9.0,
0.0,
0.0,
0.0,
0.0,
0.0,
0.0,
0.0,
0.0,
0.0,
0.0,
0.0,
0.0,
0.0,
0.0,
81.0,
4.0,
0.0,
4.0,
81.0,
227.0,
203.0,
20.0,
0.0,
11.0,
2.0,
0.0,
7.0,
5.0,
0.0,
0.0,
0.0,
0.0,
0.0,
0.0,
0.0,
0.0,
0.0,
0.0,
0.0,
0.0,
0.0,
5.0,
0.0,
0.0,
13.0,
121.0,
243.0,
249.0,
45.0,
1.0,
0.0,
1.0,
0.0,
10.0,
0.0,
0.0,
16.0,
0.0,
0.0,
0.0,
0.0,
0.0,
0.0,
0.0,
0.0,
0.0,
0.0,
0.0,
0.0,
2.0,
1.0,
72.0,
191.0,
255.0,
236.0,
48.0,
0.0,
4.0,
0.0,
1.0,
0.0,
0.0,
3.0,
0.0,
0.0,
0.0,
0.0,
0.0,
0.0,
0.0,
0.0,
0.0,
0.0,
0.0,
0.0,
0.0,
0.0,
43.0,
202.0,
255.0,
255.0,
216.0,
26.0,
17.0,
0.0,
10.0,
0.0,
12.0,
8.0,
0.0,
2.0,
20.0,
0.0,
0.0,
0.0,
0.0,
0.0,
0.0,
0.0,
0.0,
0.0,
0.0,
0.0,
0.0,
0.0,
40.0,
251.0,
247.0,
234.0,
246.0,
202.0,
74.0,
41.0,
0.0,
5.0,
0.0,
0.0,
9.0,
0.0,
0.0,
0.0,
0.0,
0.0,
0.0,
0.0,
0.0,
0.0,
0.0,
0.0,
0.0,
0.0,
0.0,
0.0,
2.0,
53.0,
102.0,
156.0,
193.0,
171.0,
248.0,
242.0,
202.0,
151.0,
59.0,
0.0,
0.0,
6.0,
15.0,
0.0,
0.0,
0.0,
0.0,
0.0,
0.0,
0.0,
0.0,
0.0,
0.0,
0.0,
0.0,
0.0,
6.0,
0.0,
0.0,
4.0,
0.0,
9.0,
13.0,
97.0,
169.0,
212.0,
255.0,
227.0,
75.0,
0.0,
1.0,
6.0,
0.0,
0.0,
0.0,
0.0,
0.0,
0.0,
0.0,
0.0,
0.0,
0.0,
0.0,
0.0,
0.0,
11.0,
0.0,
0.0,
13.0,
0.0,
0.0,
3.0,
8.0,
9.0,
79.0,
221.0,
218.0,
60.0,
0.0,
0.0,
0.0,
0.0,
0.0,
0.0,
0.0,
6.0,
6.0,
1.0,
3.0,
0.0,
0.0,
2.0,
6.0,
0.0,
1.0,
10.0,
0.0,
0.0,
0.0,
8.0,
6.0,
0.0,
0.0,
34.0,
231.0,
232.0,
20.0,
9.0,
0.0,
0.0,
0.0,
0.0,
1.0,
6.0,
0.0,
0.0,
1.0,
1.0,
0.0,
5.0,
0.0,
10.0,
1.0,
0.0,
0.0,
28.0,
11.0,
0.0,
0.0,
10.0,
0.0,
3.0,
5.0,
255.0,
42.0,
0.0,
0.0,
0.0,
0.0,
0.0,
2.0,
4.0,
0.0,
0.0,
2.0,
1.0,
0.0,
0.0,
5.0,
2.0,
0.0,
7.0,
0.0,
0.0,
0.0,
6.0,
0.0,
0.0,
15.0,
15.0,
114.0,
255.0,
45.0,
11.0,
0.0,
0.0,
0.0,
0.0,
0.0,
1.0,
0.0,
0.0,
6.0,
0.0,
0.0,
0.0,
0.0,
3.0,
0.0,
0.0,
5.0,
0.0,
6.0,
2.0,
3.0,
12.0,
0.0,
49.0,
242.0,
201.0,
24.0,
0.0,
0.0,
0.0,
0.0,
0.0,
0.0,
1.0,
1.0,
2.0,
4.0,
0.0,
2.0,
19.0,
121.0,
73.0,
0.0,
3.0,
13.0,
0.0,
0.0,
2.0,
1.0,
13.0,
97.0,
198.0,
255.0,
38.0,
0.0,
5.0,
0.0,
0.0,
0.0,
0.0,
0.0,
2.0,
0.0,
0.0,
1.0,
0.0,
14.0,
40.0,
252.0,
162.0,
10.0,
11.0,
0.0,
0.0,
20.0,
101.0,
95.0,
206.0,
255.0,
235.0,
74.0,
20.0,
0.0,
0.0,
0.0,
0.0,
0.0,
0.0,
2.0,
3.0,
0.0,
0.0,
2.0,
0.0,
9.0,
33.0,
200.0,
255.0,
251.0,
252.0,
255.0,
250.0,
254.0,
238.0,
255.0,
215.0,
168.0,
42.0,
0.0,
0.0,
2.0,
1.0,
0.0,
0.0,
0.0,
0.0,
1.0,
1.0,
0.0,
2.0,
6.0,
0.0,
0.0,
9.0,
0.0,
78.0,
148.0,
144.0,
234.0,
175.0,
206.0,
157.0,
72.0,
18.0,
0.0,
3.0,
0.0,
4.0,
15.0,
0.0,
0.0,
0.0,
0.0,
0.0,
0.0,
0.0,
0.0,
0.0,
0.0,
0.0,
0.0,
0.0,
0.0,
0.0,
0.0,
0.0,
0.0,
0.0,
0.0,
0.0,
0.0,
0.0,
0.0,
0.0,
0.0,
0.0,
0.0,
0.0,
0.0,
0.0,
0.0,
0.0,
0.0,
0.0,
0.0,
0.0,
0.0,
0.0,
0.0,
0.0,
0.0,
0.0,
0.0,
0.0,
0.0,
0.0,
0.0,
0.0,
0.0,
0.0,
0.0,
0.0,
0.0,
0.0,
0.0,
0.0,
0.0,
0.0,
0.0,
0.0,
0.0,
0.0,
0.0,
0.0,
0.0,
0.0,
0.0,
0.0,
0.0,
0.0,
0.0,
0.0,
0.0,
0.0,
0.0,
0.0,
0.0,
0.0,
0.0,
0.0,
0.0,
0.0,
0.0,
0.0,
0.0,
0.0,
0.0,
0.0,
0.0,
0.0,
0.0,
0.0,
0.0,
0.0,
0.0,
0.0,
0.0,
0.0,
0.0,
0.0,
0.0,
0.0,
0.0,
0.0,
0.0,
0.0,
0.0,
0.0,
0.0,
0.0,
0.0,
0.0,
0.0,
0.0,
0.0,
0.0,
