0.0,
0.0,
0.0,
0.0,
0.0,
0.0,
0.0,
0.0,
0.0,
0.0,
0.0,
9.0,
0.0,
15.0,
5.0,
0.0,
0.0,
4.0,
5.0,
0.0,
0.0,
0.0,
0.0,
7.0,
0.0,
0.0,
0.0,
0.0,
0.0,
0.0,
0.0,
0.0,
0.0,
0.0,
0.0,
0.0,
3.0,
15.0,
13.0,
0.0,
0.0,
0.0,
0.0,
21.0,
5.0,
2.0,
0.0,
0.0,
14.0,
0.0,
6.0,
0.0,
0.0,
0.0,
0.0,
0.0,
0.0,
0.0,
0.0,
0.0,
0.0,
0.0,
0.0,
0.0,
0.0,
0.0,
1.0,
0.0,
6.0,
17.0,
0.0,
0.0,
2.0,
0.0,
5.0,
0.0,
2.0,
0.0,
7.0,
0.0,
0.0,
0.0,
0.0,
0.0,
0.0,
0.0,
0.0,
0.0,
0.0,
0.0,
0.0,
0.0,
9.0,
0.0,
0.0,
26.0,
0.0,
0.0,
7.0,
0.0,
1.0,
0.0,
28.0,
6.0,
0.0,
16.0,
0.0,
0.0,
0.0,
0.0,
0.0,
0.0,
0.0,
0.0,
0.0,
0.0,
0.0,
0.0,
0.0,
0.0,
15.0,
59.0,
83.0,
243.0,
255.0,
255.0,
221.0,
137.0,
25.0,
0.0,
0.0,
0.0,
0.0,
18.0,
0.0,
5.0,
0.0,
0.0,
0.0,
0.0,
0.0,
0.0,
0.0,
0.0,
0.0,
0.0,
0.0,
0.0,
80.0,
254.0,
245.0,
255.0,
239.0,
252.0,
255.0,
238.0,
231.0,
168.0,
11.0,
18.0,
8.0,
0.0,
2.0,
0.0,
0.0,
0.0,
0.0,
0.0,
0.0,
0.0,
0.0,
0.0,
0.0,
0.0,
0.0,
0.0,
21.0,
208.0,
255.0,
247.0,
252.0,
255.0,
255.0,
255.0,
255.0,
227.0,
83.0,
0.0,
0.0,
0.0,
10.0,
9.0,
0.0,
0.0,
0.0,
0.0,
0.0,
0.0,
0.0,
0.0,
0.0,
0.0,
0.0,
0.0,
5.0,
11.0,
43.0,
32.0,
42.0,
24.0,
74.0,
162.0,
245.0,
255.0,
232.0,
28.0,
1.0,
10.0,
0.0,
0.0,
0.0,
0.0,
0.0,
0.0,
0.0,
0.0,
0.0,
0.0,
0.0,
0.0,
0.0,
0.0,
5.0,
0.0,
0.0,
4.0,
8.0,
5.0,
0.0,
61.0,
253.0,
255.0,
242.0,
73.0,
1.0,
4.0,
0.0,
3.0,
0.0,
0.0,
0.0,
0.0,
0.0,
0.0,
0.0,
0.0,
0.0,
0.0,
0.0,
0.0,
6.0,
0.0,
9.0,
0.0,
0.0,
0.0,
21.0,
132.0,
242.0,
255.0,
253.0,
81.0,
4.0,
0.0,
15.0,
0.0,
0.0,
0.0,
0.0,
0.0,
0.0,
0.0,
0.0,
0.0,
0.0,
0.0,
0.0,
0.0,
0.0,
0.0,
11.0,
3.0,
0.0,
2.0,
75.0,
242.0,
250.0,
255.0,
107.0,
0.0,
3.0,
9.0,
0.0,
11.0,
0.0,
0.0,
0.0,
0.0,
0.0,
0.0,
0.0,
0.0,
0.0,
0.0,
0.0,
0.0,
3.0,
0.0,
0.0,
0.0,
140.0,
191.0,
253.0,
255.0,
251.0,
181.0,
32.0,
2.0,
0.0,
14.0,
0.0,
4.0,
0.0,
0.0,
0.0,
0.0,
0.0,
0.0,
0.0,
0.0,
0.0,
0.0,
0.0,
0.0,
0.0,
13.0,
0.0,
144.0,
246.0,
255.0,
251.0,
244.0,
251.0,
79.0,
5.0,
0.0,
22.0,
0.0,
0.0,
6.0,
0.0,
0.0,
0.0,
0.0,
0.0,
0.0,
0.0,
0.0,
0.0,
0.0,
0.0,
0.0,
0.0,
15.0,
6.0,
213.0,
255.0,
253.0,
230.0,
255.0,
252.0,
255.0,
237.0,
76.0,
0.0,
0.0,
6.0,
0.0,
0.0,
0.0,
0.0,
0.0,
0.0,
0.0,
0.0,
0.0,
0.0,
0.0,
0.0,
0.0,
7.0,
0.0,
1.0,
45.0,
223.0,
243.0,
255.0,
233.0,
255.0,
239.0,
249.0,
252.0,
59.0,
2.0,
7.0,
0.0,
0.0,
0.0,
0.0,
0.0,
0.0,
0.0,
0.0,
0.0,
0.0,
0.0,
0.0,
0.0,
0.0,
0.0,
3.0,
1.0,
0.0,
7.0,
26.0,
130.0,
233.0,
255.0,
249.0,
248.0,
119.0,
5.0,
0.0,
0.0,
0.0,
0.0,
0.0,
0.0,
9.0,
0.0,
3.0,
1.0,
1.0,
3.0,
0.0,
2.0,
5.0,
0.0,
0.0,
9.0,
1.0,
0.0,
12.0,
0.0,
32.0,
183.0,
247.0,
255.0,
193.0,
12.0,
0.0,
4.0,
0.0,
0.0,
0.0,
0.0,
0.0,
8.0,
0.0,
0.0,
14.0,
0.0,
0.0,
4.0,
0.0,
4.0,
5.0,
5.0,
0.0,
0.0,
7.0,
0.0,
5.0,
111.0,
246.0,
253.0,
214.0,
0.0,
0.0,
0.0,
0.0,
0.0,
0.0,
0.0,
0.0,
14.0,
0.0,
0.0,
0.0,
0.0,
9.0,
0.0,
5.0,
0.0,
0.0,
0.0,
12.0,
5.0,
0.0,
7.0,
67.0,
255.0,
244.0,
255.0,
108.0,
3.0,
17.0,
0.0,
0.0,
0.0,
0.0,
0.0,
0.0,
0.0,
7.0,
7.0,
0.0,
0.0,
11.0,
0.0,
0.0,
2.0,
18.0,
0.0,
0.0,
17.0,
50.0,
129.0,
233.0,
243.0,
255.0,
230.0,
48.0,
0.0,
0.0,
13.0,
0.0,
0.0,
0.0,
0.0,
10.0,
0.0,
5.0,
1.0,
7.0,
8.0,
0.0,
41.0,
48.0,
78.0,
122.0,
144.0,
203.0,
255.0,
247.0,
255.0,
255.0,
255.0,
216.0,
34.0,
4.0,
11.0,
3.0,
0.0,
0.0,
0.0,
0.0,
0.0,
1.0,
1.0,
7.0,
0.0,
13.0,
0.0,
0.0,
180.0,
252.0,
255.0,
255.0,
255.0,
250.0,
242.0,
233.0,
249.0,
241.0,
237.0,
37.0,
0.0,
4.0,
0.0,
0.0,
6.0,
0.0,
0.0,
0.0,
0.0,
0.0,
5.0,
10.0,
0.0,
1.0,
0.0,
6.0,
165.0,
246.0,
251.0,
255.0,
255.0,
255.0,
255.0,
251.0,
229.0,
130.0,
1.0,
0.0,
25.0,
0.0,
1.0,
6.0,
0.0,
0.0,
0.0,
0.0,
0.0,
6.0,
0.0,
0.0,
4.0,
1.0,
7.0,
1.0,
0.0,
151.0,
226.0,
216.0,
127.0,
50.0,
55.0,
64.0,
0.0,
0.0,
0.0,
2.0,
0.0,
0.0,
14.0,
0.0,
3.0,
0.0,
0.0,
0.0,
0.0,
0.0,
0.0,
0.0,
0.0,
0.0,
0.0,
0.0,
0.0,
0.0,
0.0,
0.0,
0.0,
0.0,
0.0,
0.0,
0.0,
0.0,
0.0,
0.0,
0.0,
0.0,
0.0,
0.0,
0.0,
0.0,
0.0,
0.0,
0.0,
0.0,
0.0,
0.0,
0.0,
0.0,
0.0,
0.0,
0.0,
0.0,
0.0,
0.0,
0.0,
0.0,
0.0,
0.0,
0.0,
0.0,
0.0,
0.0,
0.0,
0.0,
0.0,
0.0,
0.0,
0.0,
0.0,
0.0,
0.0,
0.0,
0.0,
0.0,
0.0,
0.0,
0.0,
0.0,
0.0,
0.0,
0.0,
0.0,
0.0,
0.0,
0.0,
0.0,
0.0,
0.0,
0.0,
0.0,
0.0,
0.0,
0.0,
0.0,
0.0,
0.0,
0.0,
0.0,
0.0,
0.0,
0.0,
0.0,
0.0,
0.0,
0.0,
0.0,
0.0,
0.0,
0.0,
0.0,
0.0,
0.0,
0.0,
0.0,
0.0,
0.0,
0.0,
0.0,
0.0,
0.0,
0.0,
0.0,
0.0,
0.0,
0.0,
0.0,
0.0,
