0.0,
4.0,
6.0,
0.0,
10.0,
11.0,
0.0,
6.0,
12.0,
0.0,
7.0,
0.0,
0.0,
0.0,
6.0,
0.0,
6.0,
0.0,
7.0,
0.0,
0.0,
5.0,
2.0,
0.0,
0.0,
0.0,
0.0,
0.0,
7.0,
7.0,
0.0,
1.0,
0.0,
0.0,
0.0,
0.0,
0.0,
6.0,
9.0,
0.0,
7.0,
8.0,
0.0,
0.0,
2.0,
0.0,
9.0,
8.0,
0.0,
0.0,
1.0,
3.0,
0.0,
0.0,
0.0,
0.0,
0.0,
7.0,
0.0,
7.0,
0.0,
0.0,
26.0,
2.0,
11.0,
8.0,
0.0,
0.0,
0.0,
1.0,
0.0,
6.0,
0.0,
1.0,
0.0,
3.0,
0.0,
0.0,
4.0,
6.0,
0.0,
0.0,
0.0,
0.0,
0.0,
3.0,
4.0,
0.0,
0.0,
0.0,
3.0,
0.0,
0.0,
12.0,
0.0,
5.0,
0.0,
1.0,
0.0,
0.0,
0.0,
7.0,
0.0,
0.0,
2.0,
0.0,
6.0,
0.0,
0.0,
0.0,
0.0,
0.0,
5.0,
0.0,
2.0,
0.0,
8.0,
0.0,
0.0,
50.0,
112.0,
233.0,
194.0,
142.0,
147.0,
133.0,
49.0,
5.0,
0.0,
4.0,
3.0,
3.0,
0.0,
2.0,
4.0,
0.0,
0.0,
0.0,
0.0,
0.0,
10.0,
0.0,
8.0,
0.0,
5.0,
0.0,
32.0,
232.0,
248.0,
254.0,
249.0,
255.0,
242.0,
255.0,
230.0,
95.0,
12.0,
0.0,
4.0,
6.0,
0.0,
2.0,
2.0,
0.0,
0.0,
0.0,
0.0,
0.0,
1.0,
0.0,
10.0,
0.0,
0.0,
0.0,
68.0,
254.0,
255.0,
246.0,
159.0,
169.0,
255.0,
252.0,
250.0,
255.0,
106.0,
0.0,
0.0,
2.0,
0.0,
6.0,
0.0,
8.0,
0.0,
0.0,
0.0,
0.0,
3.0,
0.0,
0.0,
0.0,
0.0,
0.0,
14.0,
64.0,
85.0,
31.0,
0.0,
0.0,
16.0,
54.0,
195.0,
243.0,
233.0,
38.0,
0.0,
0.0,
0.0,
12.0,
0.0,
1.0,
0.0,
0.0,
0.0,
0.0,
1.0,
0.0,
0.0,
0.0,
0.0,
1.0,
2.0,
1.0,
7.0,
0.0,
4.0,
0.0,
2.0,
8.0,
31.0,
251.0,
244.0,
130.0,
0.0,
5.0,
0.0,
0.0,
7.0,
0.0,
0.0,
0.0,
0.0,
0.0,
0.0,
0.0,
0.0,
0.0,
0.0,
0.0,
0.0,
0.0,
0.0,
10.0,
0.0,
0.0,
12.0,
0.0,
32.0,
255.0,
255.0,
117.0,
0.0,
2.0,
0.0,
0.0,
1.0,
0.0,
0.0,
0.0,
0.0,
0.0,
0.0,
0.0,
0.0,
0.0,
0.0,
0.0,
0.0,
0.0,
5.0,
0.0,
9.0,
0.0,
5.0,
3.0,
51.0,
231.0,
244.0,
119.0,
12.0,
0.0,
0.0,
11.0,
0.0,
9.0,
0.0,
0.0,
0.0,
0.0,
0.0,
0.0,
1.0,
1.0,
0.0,
0.0,
0.0,
0.0,
0.0,
7.0,
9.0,
4.0,
0.0,
35.0,
207.0,
255.0,
239.0,
20.0,
0.0,
18.0,
0.0,
2.0,
0.0,
0.0,
0.0,
0.0,
0.0,
0.0,
0.0,
0.0,
1.0,
1.0,
0.0,
0.0,
0.0,
0.0,
15.0,
0.0,
0.0,
0.0,
52.0,
183.0,
255.0,
246.0,
112.0,
2.0,
0.0,
0.0,
0.0,
7.0,
0.0,
0.0,
0.0,
0.0,
0.0,
0.0,
0.0,
0.0,
2.0,
0.0,
0.0,
0.0,
1.0,
5.0,
25.0,
119.0,
169.0,
221.0,
255.0,
248.0,
255.0,
214.0,
28.0,
4.0,
15.0,
0.0,
0.0,
11.0,
0.0,
15.0,
0.0,
0.0,
0.0,
0.0,
0.0,
1.0,
2.0,
0.0,
0.0,
0.0,
4.0,
10.0,
208.0,
238.0,
255.0,
244.0,
252.0,
255.0,
233.0,
255.0,
167.0,
7.0,
6.0,
19.0,
0.0,
0.0,
16.0,
0.0,
0.0,
0.0,
0.0,
0.0,
0.0,
1.0,
2.0,
0.0,
0.0,
0.0,
7.0,
14.0,
231.0,
248.0,
255.0,
255.0,
235.0,
255.0,
254.0,
254.0,
253.0,
216.0,
130.0,
7.0,
0.0,
0.0,
3.0,
5.0,
0.0,
0.0,
0.0,
0.0,
0.0,
0.0,
0.0,
0.0,
0.0,
0.0,
0.0,
0.0,
50.0,
153.0,
144.0,
47.0,
31.0,
53.0,
124.0,
220.0,
241.0,
255.0,
252.0,
159.0,
8.0,
0.0,
10.0,
0.0,
0.0,
0.0,
0.0,
0.0,
0.0,
0.0,
0.0,
0.0,
0.0,
0.0,
0.0,
0.0,
2.0,
1.0,
1.0,
0.0,
8.0,
0.0,
0.0,
10.0,
44.0,
159.0,
236.0,
255.0,
70.0,
18.0,
0.0,
0.0,
0.0,
0.0,
0.0,
0.0,
0.0,
0.0,
0.0,
0.0,
0.0,
0.0,
0.0,
0.0,
0.0,
2.0,
0.0,
0.0,
11.0,
5.0,
0.0,
13.0,
15.0,
15.0,
182.0,
246.0,
245.0,
66.0,
0.0,
1.0,
0.0,
0.0,
0.0,
0.0,
0.0,
0.0,
0.0,
0.0,
0.0,
0.0,
0.0,
0.0,
8.0,
0.0,
56.0,
216.0,
105.0,
53.0,
0.0,
0.0,
0.0,
4.0,
55.0,
254.0,
253.0,
93.0,
0.0,
9.0,
0.0,
0.0,
0.0,
0.0,
0.0,
0.0,
0.0,
0.0,
0.0,
0.0,
0.0,
0.0,
0.0,
0.0,
166.0,
253.0,
255.0,
43.0,
0.0,
0.0,
13.0,
17.0,
186.0,
253.0,
244.0,
106.0,
15.0,
0.0,
0.0,
0.0,
0.0,
0.0,
0.0,
0.0,
0.0,
0.0,
0.0,
0.0,
0.0,
0.0,
11.0,
3.0,
116.0,
242.0,
239.0,
198.0,
177.0,
149.0,
141.0,
251.0,
255.0,
254.0,
251.0,
80.0,
0.0,
4.0,
0.0,
0.0,
0.0,
0.0,
0.0,
0.0,
0.0,
0.0,
0.0,
0.0,
0.0,
0.0,
4.0,
0.0,
1.0,
128.0,
240.0,
255.0,
241.0,
253.0,
255.0,
244.0,
254.0,
193.0,
69.0,
9.0,
0.0,
7.0,
0.0,
0.0,
0.0,
0.0,
0.0,
0.0,
0.0,
0.0,
0.0,
0.0,
0.0,
0.0,
0.0,
15.0,
3.0,
0.0,
27.0,
121.0,
203.0,
255.0,
205.0,
202.0,
107.0,
6.0,
1.0,
0.0,
0.0,
2.0,
0.0,
0.0,
0.0,
0.0,
0.0,
0.0,
0.0,
0.0,
0.0,
0.0,
0.0,
0.0,
0.0,
0.0,
0.0,
0.0,
0.0,
0.0,
0.0,
0.0,
0.0,
0.0,
0.0,
0.0,
0.0,
0.0,
0.0,
0.0,
0.0,
0.0,
0.0,
0.0,
0.0,
0.0,
0.0,
0.0,
0.0,
0.0,
0.0,
0.0,
0.0,
0.0,
0.0,
0.0,
0.0,
0.0,
0.0,
0.0,
0.0,
0.0,
0.0,
0.0,
0.0,
0.0,
0.0,
0.0,
0.0,
0.0,
0.0,
0.0,
0.0,
0.0,
0.0,
0.0,
0.0,
0.0,
0.0,
0.0,
0.0,
0.0,
0.0,
0.0,
0.0,
0.0,
0.0,
0.0,
0.0,
0.0,
0.0,
0.0,
0.0,
0.0,
0.0,
0.0,
0.0,
0.0,
0.0,
0.0,
0.0,
0.0,
0.0,
0.0,
0.0,
0.0,
0.0,
0.0,
0.0,
0.0,
0.0,
0.0,
0.0,
0.0,
0.0,
0.0,
0.0,
0.0,
0.0,
0.0,
0.0,
0.0,
0.0,
0.0,
0.0,
0.0,
0.0,
0.0,
