0.0,
0.0,
0.0,
1.0,
1.0,
0.0,
0.0,
0.0,
0.0,
0.0,
0.0,
0.0,
0.0,
7.0,
1.0,
4.0,
12.0,
0.0,
7.0,
0.0,
0.0,
10.0,
0.0,
1.0,
0.0,
0.0,
0.0,
0.0,
0.0,
0.0,
1.0,
1.0,
0.0,
0.0,
0.0,
0.0,
7.0,
4.0,
3.0,
1.0,
14.0,
4.0,
0.0,
0.0,
0.0,
0.0,
10.0,
6.0,
0.0,
0.0,
7.0,
0.0,
0.0,
0.0,
0.0,
0.0,
1.0,
1.0,
1.0,
0.0,
0.0,
0.0,
0.0,
0.0,
0.0,
7.0,
9.0,
0.0,
4.0,
0.0,
0.0,
0.0,
7.0,
5.0,
0.0,
10.0,
4.0,
0.0,
10.0,
0.0,
0.0,
0.0,
0.0,
0.0,
2.0,
2.0,
1.0,
0.0,
0.0,
0.0,
0.0,
0.0,
4.0,
2.0,
0.0,
0.0,
2.0,
2.0,
9.0,
2.0,
10.0,
2.0,
0.0,
2.0,
3.0,
0.0,
12.0,
0.0,
0.0,
0.0,
0.0,
0.0,
2.0,
2.0,
0.0,
0.0,
0.0,
0.0,
0.0,
0.0,
2.0,
7.0,
0.0,
23.0,
0.0,
0.0,
10.0,
0.0,
0.0,
0.0,
14.0,
0.0,
0.0,
12.0,
6.0,
0.0,
0.0,
0.0,
0.0,
0.0,
2.0,
1.0,
0.0,
0.0,
0.0,
0.0,
1.0,
2.0,
0.0,
0.0,
60.0,
253.0,
255.0,
236.0,
172.0,
126.0,
83.0,
12.0,
0.0,
0.0,
1.0,
2.0,
0.0,
6.0,
0.0,
0.0,
0.0,
0.0,
0.0,
0.0,
0.0,
0.0,
0.0,
0.0,
2.0,
4.0,
20.0,
178.0,
237.0,
255.0,
233.0,
255.0,
255.0,
225.0,
226.0,
81.0,
0.0,
0.0,
12.0,
0.0,
0.0,
11.0,
0.0,
0.0,
0.0,
0.0,
0.0,
0.0,
0.0,
0.0,
0.0,
1.0,
4.0,
5.0,
184.0,
255.0,
235.0,
255.0,
255.0,
244.0,
243.0,
255.0,
255.0,
151.0,
21.0,
0.0,
0.0,
0.0,
14.0,
0.0,
0.0,
0.0,
0.0,
0.0,
0.0,
0.0,
1.0,
14.0,
0.0,
2.0,
9.0,
189.0,
238.0,
255.0,
251.0,
117.0,
106.0,
115.0,
255.0,
242.0,
246.0,
225.0,
0.0,
1.0,
1.0,
13.0,
0.0,
1.0,
0.0,
0.0,
0.0,
0.0,
0.0,
16.0,
0.0,
0.0,
7.0,
92.0,
249.0,
251.0,
255.0,
158.0,
67.0,
0.0,
9.0,
0.0,
148.0,
255.0,
249.0,
255.0,
97.0,
0.0,
8.0,
0.0,
6.0,
15.0,
0.0,
0.0,
0.0,
0.0,
3.0,
0.0,
6.0,
0.0,
91.0,
255.0,
234.0,
242.0,
45.0,
15.0,
10.0,
0.0,
0.0,
25.0,
6.0,
244.0,
255.0,
252.0,
240.0,
0.0,
0.0,
8.0,
9.0,
0.0,
0.0,
0.0,
0.0,
0.0,
0.0,
11.0,
8.0,
4.0,
212.0,
255.0,
203.0,
29.0,
8.0,
1.0,
0.0,
1.0,
22.0,
0.0,
107.0,
255.0,
249.0,
247.0,
237.0,
5.0,
0.0,
15.0,
0.0,
0.0,
0.0,
0.0,
0.0,
0.0,
10.0,
0.0,
4.0,
0.0,
220.0,
210.0,
8.0,
7.0,
0.0,
0.0,
15.0,
2.0,
0.0,
18.0,
205.0,
247.0,
243.0,
243.0,
55.0,
0.0,
6.0,
0.0,
0.0,
11.0,
0.0,
0.0,
0.0,
0.0,
0.0,
0.0,
2.0,
18.0,
25.0,
124.0,
0.0,
0.0,
13.0,
8.0,
0.0,
0.0,
74.0,
255.0,
250.0,
255.0,
255.0,
233.0,
82.0,
82.0,
0.0,
0.0,
8.0,
0.0,
0.0,
0.0,
0.0,
0.0,
0.0,
0.0,
0.0,
0.0,
7.0,
0.0,
0.0,
11.0,
0.0,
8.0,
0.0,
12.0,
197.0,
255.0,
237.0,
255.0,
253.0,
246.0,
255.0,
233.0,
66.0,
9.0,
9.0,
6.0,
0.0,
0.0,
0.0,
0.0,
5.0,
1.0,
0.0,
0.0,
0.0,
0.0,
13.0,
0.0,
3.0,
0.0,
7.0,
0.0,
111.0,
251.0,
254.0,
255.0,
255.0,
244.0,
251.0,
248.0,
228.0,
54.0,
0.0,
0.0,
0.0,
0.0,
0.0,
0.0,
2.0,
5.0,
0.0,
0.0,
1.0,
0.0,
7.0,
3.0,
0.0,
7.0,
5.0,
0.0,
39.0,
123.0,
250.0,
255.0,
204.0,
126.0,
251.0,
255.0,
250.0,
63.0,
7.0,
0.0,
0.0,
0.0,
0.0,
0.0,
0.0,
3.0,
2.0,
0.0,
6.0,
4.0,
0.0,
0.0,
0.0,
0.0,
8.0,
1.0,
9.0,
13.0,
0.0,
0.0,
11.0,
16.0,
0.0,
254.0,
255.0,
145.0,
0.0,
1.0,
0.0,
0.0,
0.0,
0.0,
0.0,
0.0,
7.0,
0.0,
8.0,
9.0,
0.0,
16.0,
32.0,
28.0,
0.0,
0.0,
11.0,
0.0,
0.0,
1.0,
0.0,
0.0,
146.0,
235.0,
255.0,
180.0,
1.0,
0.0,
0.0,
0.0,
0.0,
0.0,
1.0,
0.0,
8.0,
0.0,
3.0,
5.0,
0.0,
76.0,
191.0,
179.0,
45.0,
9.0,
0.0,
16.0,
2.0,
3.0,
48.0,
53.0,
229.0,
255.0,
255.0,
67.0,
0.0,
2.0,
0.0,
0.0,
0.0,
0.0,
5.0,
0.0,
7.0,
0.0,
0.0,
0.0,
4.0,
115.0,
255.0,
250.0,
242.0,
0.0,
0.0,
0.0,
0.0,
5.0,
212.0,
255.0,
243.0,
245.0,
246.0,
56.0,
21.0,
0.0,
0.0,
0.0,
0.0,
0.0,
1.0,
0.0,
6.0,
2.0,
1.0,
0.0,
2.0,
92.0,
243.0,
255.0,
255.0,
240.0,
138.0,
120.0,
101.0,
255.0,
251.0,
247.0,
255.0,
255.0,
220.0,
56.0,
0.0,
0.0,
0.0,
0.0,
0.0,
0.0,
0.0,
0.0,
2.0,
2.0,
2.0,
0.0,
1.0,
33.0,
83.0,
233.0,
241.0,
255.0,
239.0,
255.0,
254.0,
244.0,
255.0,
253.0,
190.0,
134.0,
14.0,
0.0,
8.0,
0.0,
0.0,
0.0,
0.0,
0.0,
0.0,
6.0,
0.0,
0.0,
0.0,
3.0,
6.0,
0.0,
1.0,
150.0,
238.0,
248.0,
253.0,
244.0,
255.0,
248.0,
214.0,
124.0,
32.0,
0.0,
11.0,
0.0,
0.0,
4.0,
0.0,
0.0,
0.0,
0.0,
0.0,
0.0,
0.0,
0.0,
0.0,
0.0,
0.0,
0.0,
0.0,
0.0,
61.0,
112.0,
112.0,
133.0,
152.0,
121.0,
2.0,
2.0,
0.0,
0.0,
0.0,
0.0,
0.0,
0.0,
0.0,
0.0,
0.0,
0.0,
0.0,
0.0,
0.0,
0.0,
0.0,
0.0,
0.0,
0.0,
5.0,
0.0,
1.0,
9.0,
0.0,
0.0,
11.0,
0.0,
2.0,
1.0,
0.0,
0.0,
0.0,
0.0,
0.0,
0.0,
0.0,
0.0,
0.0,
0.0,
0.0,
0.0,
0.0,
0.0,
0.0,
0.0,
0.0,
0.0,
12.0,
3.0,
6.0,
7.0,
0.0,
0.0,
7.0,
0.0,
2.0,
1.0,
0.0,
0.0,
0.0,
0.0,
0.0,
0.0,
0.0,
0.0,
0.0,
0.0,
0.0,
0.0,
0.0,
0.0,
0.0,
0.0,
0.0,
0.0,
0.0,
0.0,
0.0,
1.0,
5.0,
2.0,
0.0,
0.0,
1.0,
1.0,
0.0,
0.0,
0.0,
0.0,
0.0,
1.0,
0.0,
0.0,
0.0,
0.0,
