0.0,
9.0,
0.0,
1.0,
3.0,
0.0,
0.0,
0.0,
8.0,
0.0,
2.0,
0.0,
7.0,
0.0,
7.0,
0.0,
0.0,
0.0,
9.0,
0.0,
9.0,
0.0,
3.0,
0.0,
0.0,
0.0,
0.0,
0.0,
0.0,
0.0,
0.0,
1.0,
2.0,
0.0,
1.0,
10.0,
0.0,
1.0,
11.0,
1.0,
0.0,
0.0,
0.0,
0.0,
4.0,
3.0,
0.0,
0.0,
0.0,
3.0,
1.0,
0.0,
0.0,
0.0,
0.0,
0.0,
5.0,
0.0,
0.0,
0.0,
0.0,
0.0,
0.0,
2.0,
1.0,
0.0,
0.0,
8.0,
0.0,
0.0,
1.0,
18.0,
1.0,
6.0,
0.0,
9.0,
0.0,
9.0,
0.0,
0.0,
0.0,
0.0,
0.0,
0.0,
8.0,
0.0,
3.0,
1.0,
12.0,
7.0,
0.0,
0.0,
0.0,
7.0,
0.0,
0.0,
0.0,
12.0,
0.0,
0.0,
0.0,
0.0,
0.0,
4.0,
0.0,
3.0,
0.0,
1.0,
0.0,
0.0,
0.0,
0.0,
6.0,
0.0,
9.0,
0.0,
0.0,
0.0,
5.0,
10.0,
0.0,
71.0,
108.0,
129.0,
164.0,
249.0,
249.0,
208.0,
93.0,
54.0,
20.0,
0.0,
0.0,
0.0,
2.0,
4.0,
0.0,
0.0,
0.0,
0.0,
7.0,
0.0,
7.0,
0.0,
0.0,
0.0,
109.0,
159.0,
184.0,
224.0,
249.0,
254.0,
247.0,
255.0,
254.0,
244.0,
252.0,
206.0,
135.0,
34.0,
3.0,
0.0,
7.0,
0.0,
0.0,
0.0,
0.0,
0.0,
0.0,
0.0,
0.0,
0.0,
6.0,
33.0,
210.0,
255.0,
255.0,
248.0,
255.0,
255.0,
247.0,
210.0,
220.0,
250.0,
247.0,
255.0,
240.0,
103.0,
7.0,
0.0,
7.0,
0.0,
0.0,
0.0,
0.0,
0.0,
0.0,
3.0,
0.0,
1.0,
1.0,
0.0,
150.0,
185.0,
53.0,
54.0,
65.0,
47.0,
52.0,
39.0,
52.0,
52.0,
89.0,
231.0,
255.0,
137.0,
0.0,
0.0,
8.0,
0.0,
0.0,
0.0,
0.0,
0.0,
0.0,
2.0,
2.0,
0.0,
0.0,
0.0,
0.0,
1.0,
3.0,
0.0,
6.0,
0.0,
2.0,
5.0,
9.0,
44.0,
135.0,
242.0,
255.0,
129.0,
3.0,
0.0,
7.0,
5.0,
0.0,
0.0,
0.0,
0.0,
0.0,
1.0,
1.0,
0.0,
0.0,
0.0,
0.0,
0.0,
2.0,
1.0,
14.0,
0.0,
6.0,
0.0,
0.0,
130.0,
250.0,
255.0,
226.0,
87.0,
0.0,
4.0,
10.0,
0.0,
0.0,
0.0,
0.0,
0.0,
1.0,
0.0,
0.0,
0.0,
0.0,
0.0,
0.0,
0.0,
0.0,
0.0,
1.0,
7.0,
9.0,
29.0,
133.0,
253.0,
245.0,
177.0,
86.0,
20.0,
0.0,
0.0,
6.0,
9.0,
0.0,
0.0,
0.0,
0.0,
3.0,
0.0,
0.0,
0.0,
1.0,
0.0,
0.0,
0.0,
6.0,
5.0,
0.0,
0.0,
22.0,
255.0,
255.0,
255.0,
220.0,
108.0,
8.0,
0.0,
1.0,
0.0,
0.0,
0.0,
0.0,
0.0,
0.0,
0.0,
3.0,
0.0,
0.0,
0.0,
2.0,
0.0,
0.0,
4.0,
4.0,
0.0,
12.0,
36.0,
227.0,
241.0,
245.0,
181.0,
7.0,
2.0,
0.0,
0.0,
0.0,
0.0,
1.0,
1.0,
0.0,
0.0,
0.0,
0.0,
3.0,
0.0,
0.0,
1.0,
1.0,
0.0,
3.0,
13.0,
69.0,
129.0,
239.0,
245.0,
255.0,
255.0,
99.0,
4.0,
0.0,
2.0,
4.0,
2.0,
3.0,
4.0,
2.0,
0.0,
0.0,
0.0,
0.0,
0.0,
2.0,
0.0,
0.0,
2.0,
0.0,
0.0,
7.0,
23.0,
255.0,
240.0,
255.0,
255.0,
238.0,
243.0,
217.0,
161.0,
172.0,
97.0,
16.0,
0.0,
0.0,
3.0,
2.0,
0.0,
0.0,
0.0,
0.0,
0.0,
2.0,
0.0,
0.0,
3.0,
0.0,
0.0,
9.0,
29.0,
255.0,
244.0,
255.0,
248.0,
251.0,
255.0,
237.0,
255.0,
253.0,
255.0,
217.0,
112.0,
21.0,
0.0,
0.0,
3.0,
0.0,
0.0,
0.0,
0.0,
0.0,
0.0,
0.0,
0.0,
0.0,
0.0,
0.0,
0.0,
70.0,
49.0,
78.0,
210.0,
141.0,
65.0,
68.0,
227.0,
231.0,
247.0,
237.0,
255.0,
187.0,
67.0,
15.0,
0.0,
0.0,
0.0,
0.0,
0.0,
0.0,
0.0,
0.0,
0.0,
0.0,
0.0,
0.0,
0.0,
0.0,
84.0,
0.0,
0.0,
0.0,
0.0,
0.0,
4.0,
0.0,
72.0,
144.0,
186.0,
255.0,
159.0,
10.0,
0.0,
0.0,
0.0,
0.0,
0.0,
0.0,
0.0,
0.0,
0.0,
0.0,
0.0,
0.0,
0.0,
110.0,
195.0,
24.0,
0.0,
17.0,
0.0,
0.0,
13.0,
0.0,
0.0,
2.0,
162.0,
246.0,
255.0,
2.0,
6.0,
0.0,
0.0,
0.0,
0.0,
0.0,
0.0,
0.0,
0.0,
0.0,
0.0,
0.0,
0.0,
110.0,
255.0,
129.0,
0.0,
0.0,
24.0,
0.0,
0.0,
6.0,
64.0,
157.0,
230.0,
253.0,
252.0,
23.0,
0.0,
0.0,
0.0,
0.0,
0.0,
0.0,
0.0,
0.0,
0.0,
0.0,
0.0,
0.0,
0.0,
141.0,
240.0,
147.0,
14.0,
0.0,
0.0,
47.0,
129.0,
210.0,
246.0,
242.0,
255.0,
255.0,
213.0,
19.0,
0.0,
0.0,
0.0,
0.0,
0.0,
0.0,
0.0,
0.0,
0.0,
0.0,
0.0,
0.0,
0.0,
41.0,
236.0,
253.0,
178.0,
144.0,
144.0,
220.0,
241.0,
255.0,
246.0,
254.0,
253.0,
199.0,
52.0,
0.0,
13.0,
0.0,
0.0,
0.0,
0.0,
0.0,
0.0,
0.0,
0.0,
0.0,
0.0,
0.0,
0.0,
5.0,
168.0,
244.0,
238.0,
255.0,
248.0,
255.0,
252.0,
244.0,
255.0,
191.0,
186.0,
31.0,
6.0,
0.0,
0.0,
0.0,
0.0,
0.0,
0.0,
0.0,
0.0,
0.0,
0.0,
0.0,
0.0,
0.0,
0.0,
1.0,
12.0,
87.0,
138.0,
242.0,
201.0,
88.0,
87.0,
84.0,
98.0,
15.0,
0.0,
9.0,
0.0,
0.0,
12.0,
0.0,
0.0,
0.0,
0.0,
0.0,
0.0,
0.0,
0.0,
0.0,
0.0,
0.0,
0.0,
0.0,
0.0,
0.0,
0.0,
0.0,
0.0,
0.0,
0.0,
0.0,
0.0,
0.0,
0.0,
0.0,
0.0,
0.0,
0.0,
0.0,
0.0,
0.0,
0.0,
0.0,
0.0,
0.0,
0.0,
0.0,
0.0,
0.0,
0.0,
0.0,
0.0,
0.0,
0.0,
0.0,
0.0,
0.0,
0.0,
0.0,
0.0,
0.0,
0.0,
0.0,
0.0,
0.0,
0.0,
0.0,
0.0,
0.0,
0.0,
0.0,
0.0,
0.0,
0.0,
0.0,
0.0,
0.0,
0.0,
0.0,
0.0,
0.0,
0.0,
0.0,
0.0,
0.0,
0.0,
0.0,
0.0,
0.0,
0.0,
0.0,
0.0,
0.0,
0.0,
0.0,
0.0,
0.0,
0.0,
0.0,
0.0,
0.0,
0.0,
0.0,
0.0,
0.0,
0.0,
0.0,
0.0,
0.0,
0.0,
0.0,
0.0,
0.0,
0.0,
0.0,
0.0,
0.0,
0.0,
0.0,
0.0,
0.0,
0.0,
0.0,
0.0,
0.0,
0.0,
