0.0,
0.0,
0.0,
0.0,
0.0,
0.0,
0.0,
0.0,
0.0,
0.0,
0.0,
5.0,
1.0,
0.0,
0.0,
1.0,
0.0,
0.0,
5.0,
0.0,
0.0,
3.0,
10.0,
0.0,
0.0,
0.0,
0.0,
0.0,
0.0,
0.0,
0.0,
0.0,
0.0,
0.0,
0.0,
0.0,
1.0,
3.0,
0.0,
0.0,
1.0,
8.0,
2.0,
0.0,
0.0,
7.0,
0.0,
12.0,
0.0,
4.0,
0.0,
2.0,
0.0,
0.0,
0.0,
0.0,
0.0,
0.0,
0.0,
0.0,
0.0,
0.0,
0.0,
0.0,
0.0,
0.0,
0.0,
4.0,
0.0,
0.0,
0.0,
15.0,
2.0,
0.0,
4.0,
0.0,
20.0,
0.0,
12.0,
1.0,
0.0,
0.0,
0.0,
0.0,
0.0,
0.0,
0.0,
0.0,
0.0,
0.0,
0.0,
0.0,
10.0,
0.0,
0.0,
2.0,
8.0,
2.0,
0.0,
0.0,
3.0,
7.0,
5.0,
5.0,
2.0,
0.0,
0.0,
0.0,
0.0,
0.0,
0.0,
0.0,
0.0,
0.0,
0.0,
0.0,
0.0,
0.0,
0.0,
0.0,
0.0,
7.0,
9.0,
0.0,
0.0,
3.0,
4.0,
0.0,
7.0,
2.0,
0.0,
0.0,
3.0,
3.0,
5.0,
14.0,
0.0,
0.0,
0.0,
0.0,
0.0,
0.0,
0.0,
0.0,
0.0,
0.0,
0.0,
0.0,
6.0,
0.0,
0.0,
0.0,
0.0,
0.0,
16.0,
49.0,
124.0,
160.0,
236.0,
207.0,
196.0,
50.0,
7.0,
0.0,
0.0,
0.0,
0.0,
0.0,
0.0,
0.0,
0.0,
0.0,
0.0,
0.0,
0.0,
0.0,
9.0,
7.0,
43.0,
114.0,
172.0,
199.0,
222.0,
248.0,
255.0,
238.0,
229.0,
255.0,
255.0,
145.0,
24.0,
0.0,
0.0,
0.0,
0.0,
0.0,
0.0,
0.0,
0.0,
0.0,
0.0,
0.0,
0.0,
0.0,
0.0,
130.0,
240.0,
255.0,
242.0,
254.0,
255.0,
247.0,
192.0,
164.0,
208.0,
235.0,
241.0,
62.0,
0.0,
8.0,
0.0,
0.0,
0.0,
0.0,
0.0,
0.0,
0.0,
0.0,
0.0,
0.0,
0.0,
0.0,
4.0,
203.0,
247.0,
233.0,
234.0,
165.0,
139.0,
17.0,
2.0,
52.0,
223.0,
255.0,
128.0,
0.0,
0.0,
10.0,
0.0,
0.0,
0.0,
0.0,
0.0,
0.0,
0.0,
0.0,
0.0,
0.0,
0.0,
0.0,
2.0,
13.0,
29.0,
0.0,
7.0,
0.0,
0.0,
21.0,
79.0,
231.0,
255.0,
162.0,
14.0,
4.0,
17.0,
0.0,
0.0,
0.0,
0.0,
0.0,
0.0,
0.0,
0.0,
0.0,
0.0,
0.0,
0.0,
0.0,
4.0,
0.0,
0.0,
9.0,
4.0,
0.0,
25.0,
93.0,
243.0,
255.0,
211.0,
41.0,
0.0,
0.0,
0.0,
11.0,
0.0,
0.0,
0.0,
0.0,
0.0,
0.0,
0.0,
0.0,
0.0,
0.0,
0.0,
0.0,
0.0,
8.0,
0.0,
0.0,
0.0,
133.0,
200.0,
251.0,
253.0,
255.0,
245.0,
233.0,
221.0,
0.0,
0.0,
0.0,
0.0,
0.0,
0.0,
0.0,
0.0,
0.0,
0.0,
0.0,
0.0,
0.0,
0.0,
0.0,
0.0,
0.0,
17.0,
0.0,
3.0,
252.0,
235.0,
255.0,
255.0,
236.0,
255.0,
255.0,
216.0,
83.0,
18.0,
0.0,
0.0,
0.0,
0.0,
0.0,
0.0,
0.0,
0.0,
0.0,
0.0,
0.0,
0.0,
0.0,
0.0,
0.0,
0.0,
3.0,
9.0,
185.0,
176.0,
187.0,
170.0,
64.0,
109.0,
255.0,
241.0,
9.0,
0.0,
0.0,
0.0,
0.0,
0.0,
0.0,
0.0,
0.0,
0.0,
0.0,
0.0,
0.0,
0.0,
0.0,
0.0,
18.0,
0.0,
10.0,
0.0,
0.0,
2.0,
0.0,
0.0,
0.0,
195.0,
252.0,
200.0,
15.0,
0.0,
0.0,
0.0,
0.0,
0.0,
0.0,
0.0,
0.0,
0.0,
0.0,
0.0,
0.0,
0.0,
0.0,
0.0,
0.0,
7.0,
0.0,
11.0,
0.0,
1.0,
3.0,
0.0,
64.0,
222.0,
253.0,
127.0,
0.0,
0.0,
4.0,
0.0,
0.0,
0.0,
0.0,
1.0,
0.0,
6.0,
0.0,
6.0,
0.0,
7.0,
0.0,
0.0,
0.0,
3.0,
0.0,
0.0,
8.0,
2.0,
1.0,
18.0,
224.0,
255.0,
153.0,
5.0,
0.0,
4.0,
0.0,
0.0,
0.0,
0.0,
0.0,
0.0,
7.0,
0.0,
13.0,
0.0,
8.0,
7.0,
4.0,
0.0,
22.0,
0.0,
0.0,
9.0,
0.0,
0.0,
42.0,
158.0,
252.0,
255.0,
29.0,
7.0,
0.0,
1.0,
1.0,
0.0,
0.0,
0.0,
0.0,
4.0,
15.0,
0.0,
2.0,
2.0,
0.0,
0.0,
2.0,
0.0,
0.0,
11.0,
6.0,
0.0,
17.0,
89.0,
227.0,
255.0,
239.0,
67.0,
13.0,
0.0,
6.0,
1.0,
1.0,
0.0,
0.0,
0.0,
0.0,
0.0,
0.0,
0.0,
0.0,
7.0,
7.0,
0.0,
6.0,
0.0,
23.0,
0.0,
0.0,
0.0,
67.0,
223.0,
255.0,
237.0,
73.0,
0.0,
0.0,
2.0,
10.0,
0.0,
4.0,
0.0,
0.0,
0.0,
0.0,
9.0,
5.0,
5.0,
9.0,
36.0,
142.0,
41.0,
0.0,
15.0,
0.0,
0.0,
36.0,
153.0,
255.0,
250.0,
213.0,
101.0,
0.0,
7.0,
0.0,
12.0,
0.0,
9.0,
0.0,
0.0,
0.0,
0.0,
0.0,
0.0,
0.0,
0.0,
0.0,
69.0,
238.0,
128.0,
3.0,
1.0,
5.0,
102.0,
245.0,
235.0,
243.0,
255.0,
101.0,
0.0,
28.0,
0.0,
14.0,
4.0,
0.0,
0.0,
3.0,
0.0,
0.0,
0.0,
0.0,
0.0,
0.0,
12.0,
1.0,
90.0,
255.0,
255.0,
156.0,
155.0,
243.0,
255.0,
249.0,
255.0,
220.0,
107.0,
0.0,
1.0,
0.0,
2.0,
0.0,
7.0,
14.0,
0.0,
14.0,
0.0,
0.0,
0.0,
0.0,
0.0,
14.0,
0.0,
14.0,
5.0,
168.0,
255.0,
249.0,
247.0,
255.0,
246.0,
233.0,
126.0,
0.0,
0.0,
1.0,
0.0,
4.0,
3.0,
3.0,
0.0,
0.0,
16.0,
0.0,
0.0,
0.0,
0.0,
0.0,
3.0,
0.0,
1.0,
1.0,
0.0,
26.0,
136.0,
250.0,
167.0,
120.0,
58.0,
13.0,
0.0,
0.0,
1.0,
1.0,
0.0,
0.0,
0.0,
0.0,
0.0,
0.0,
0.0,
0.0,
0.0,
0.0,
0.0,
0.0,
2.0,
0.0,
0.0,
6.0,
4.0,
0.0,
0.0,
11.0,
10.0,
2.0,
0.0,
0.0,
1.0,
4.0,
1.0,
0.0,
0.0,
0.0,
0.0,
0.0,
0.0,
0.0,
0.0,
0.0,
0.0,
0.0,
0.0,
0.0,
0.0,
3.0,
0.0,
0.0,
0.0,
0.0,
0.0,
0.0,
0.0,
0.0,
0.0,
3.0,
4.0,
2.0,
0.0,
0.0,
0.0,
0.0,
0.0,
0.0,
0.0,
0.0,
0.0,
0.0,
0.0,
0.0,
0.0,
0.0,
0.0,
3.0,
8.0,
0.0,
0.0,
1.0,
9.0,
10.0,
8.0,
7.0,
4.0,
0.0,
0.0,
0.0,
3.0,
8.0,
0.0,
0.0,
0.0,
0.0,
0.0,
0.0,
0.0,
0.0,
0.0,
0.0,
0.0,
0.0,
