0.0,
3.0,
0.0,
0.0,
9.0,
0.0,
5.0,
2.0,
0.0,
0.0,
0.0,
9.0,
7.0,
0.0,
0.0,
7.0,
1.0,
0.0,
0.0,
10.0,
0.0,
13.0,
0.0,
0.0,
0.0,
0.0,
0.0,
0.0,
1.0,
17.0,
5.0,
2.0,
0.0,
0.0,
4.0,
0.0,
13.0,
11.0,
1.0,
0.0,
0.0,
1.0,
2.0,
0.0,
8.0,
4.0,
5.0,
3.0,
0.0,
4.0,
6.0,
8.0,
0.0,
0.0,
0.0,
0.0,
0.0,
0.0,
0.0,
5.0,
6.0,
5.0,
11.0,
0.0,
0.0,
1.0,
8.0,
2.0,
0.0,
6.0,
2.0,
0.0,
0.0,
0.0,
0.0,
0.0,
0.0,
0.0,
1.0,
0.0,
0.0,
0.0,
0.0,
0.0,
13.0,
0.0,
0.0,
10.0,
5.0,
0.0,
0.0,
0.0,
7.0,
0.0,
0.0,
0.0,
4.0,
3.0,
1.0,
1.0,
3.0,
4.0,
0.0,
2.0,
12.0,
0.0,
2.0,
0.0,
0.0,
0.0,
0.0,
0.0,
7.0,
0.0,
3.0,
1.0,
0.0,
0.0,
0.0,
12.0,
0.0,
1.0,
1.0,
0.0,
0.0,
0.0,
0.0,
3.0,
0.0,
3.0,
0.0,
7.0,
1.0,
0.0,
0.0,
11.0,
0.0,
0.0,
0.0,
0.0,
0.0,
0.0,
3.0,
0.0,
3.0,
14.0,
0.0,
0.0,
0.0,
0.0,
7.0,
46.0,
135.0,
230.0,
255.0,
248.0,
255.0,
186.0,
75.0,
0.0,
0.0,
17.0,
0.0,
0.0,
0.0,
0.0,
0.0,
0.0,
5.0,
10.0,
6.0,
0.0,
11.0,
6.0,
0.0,
19.0,
85.0,
169.0,
241.0,
252.0,
243.0,
250.0,
255.0,
248.0,
251.0,
247.0,
222.0,
32.0,
7.0,
0.0,
3.0,
5.0,
0.0,
0.0,
0.0,
0.0,
0.0,
0.0,
1.0,
0.0,
0.0,
0.0,
23.0,
166.0,
246.0,
253.0,
255.0,
249.0,
250.0,
255.0,
255.0,
250.0,
254.0,
255.0,
255.0,
3.0,
0.0,
0.0,
11.0,
0.0,
0.0,
0.0,
0.0,
0.0,
0.0,
0.0,
7.0,
0.0,
6.0,
1.0,
60.0,
252.0,
250.0,
253.0,
251.0,
227.0,
198.0,
133.0,
66.0,
202.0,
242.0,
255.0,
255.0,
8.0,
4.0,
0.0,
0.0,
0.0,
0.0,
0.0,
0.0,
0.0,
6.0,
1.0,
0.0,
0.0,
0.0,
0.0,
49.0,
191.0,
243.0,
237.0,
203.0,
44.0,
0.0,
5.0,
40.0,
186.0,
255.0,
238.0,
250.0,
15.0,
0.0,
0.0,
19.0,
2.0,
0.0,
0.0,
0.0,
0.0,
0.0,
2.0,
2.0,
3.0,
5.0,
0.0,
0.0,
41.0,
112.0,
40.0,
9.0,
0.0,
18.0,
71.0,
218.0,
255.0,
248.0,
255.0,
235.0,
16.0,
4.0,
5.0,
6.0,
0.0,
0.0,
0.0,
0.0,
0.0,
0.0,
6.0,
0.0,
0.0,
1.0,
0.0,
5.0,
2.0,
2.0,
0.0,
3.0,
11.0,
159.0,
248.0,
255.0,
249.0,
238.0,
194.0,
55.0,
0.0,
5.0,
0.0,
0.0,
18.0,
0.0,
0.0,
0.0,
0.0,
0.0,
6.0,
0.0,
0.0,
0.0,
1.0,
8.0,
0.0,
0.0,
38.0,
104.0,
239.0,
255.0,
240.0,
255.0,
250.0,
255.0,
238.0,
125.0,
108.0,
22.0,
0.0,
11.0,
0.0,
0.0,
0.0,
0.0,
0.0,
0.0,
0.0,
7.0,
3.0,
0.0,
0.0,
0.0,
0.0,
67.0,
190.0,
249.0,
251.0,
253.0,
255.0,
219.0,
255.0,
255.0,
255.0,
234.0,
255.0,
173.0,
15.0,
0.0,
10.0,
0.0,
0.0,
0.0,
0.0,
10.0,
0.0,
2.0,
0.0,
0.0,
3.0,
15.0,
69.0,
237.0,
255.0,
244.0,
255.0,
244.0,
254.0,
255.0,
255.0,
247.0,
255.0,
250.0,
255.0,
255.0,
178.0,
38.0,
0.0,
0.0,
0.0,
0.0,
0.0,
5.0,
0.0,
8.0,
0.0,
2.0,
1.0,
0.0,
69.0,
253.0,
251.0,
255.0,
253.0,
224.0,
204.0,
106.0,
58.0,
70.0,
63.0,
148.0,
237.0,
245.0,
255.0,
87.0,
6.0,
0.0,
0.0,
0.0,
0.0,
3.0,
0.0,
0.0,
4.0,
0.0,
0.0,
20.0,
55.0,
235.0,
222.0,
219.0,
86.0,
80.0,
2.0,
5.0,
0.0,
0.0,
7.0,
0.0,
238.0,
255.0,
252.0,
217.0,
0.0,
0.0,
0.0,
0.0,
0.0,
4.0,
0.0,
0.0,
5.0,
1.0,
0.0,
0.0,
10.0,
0.0,
0.0,
28.0,
146.0,
244.0,
25.0,
7.0,
0.0,
7.0,
0.0,
31.0,
229.0,
255.0,
247.0,
211.0,
5.0,
0.0,
0.0,
0.0,
0.0,
1.0,
0.0,
0.0,
4.0,
5.0,
0.0,
0.0,
0.0,
0.0,
8.0,
8.0,
239.0,
255.0,
174.0,
0.0,
0.0,
0.0,
0.0,
195.0,
249.0,
250.0,
255.0,
75.0,
0.0,
0.0,
0.0,
0.0,
0.0,
0.0,
0.0,
0.0,
0.0,
2.0,
7.0,
6.0,
1.0,
8.0,
6.0,
13.0,
255.0,
251.0,
98.0,
0.0,
11.0,
12.0,
172.0,
249.0,
254.0,
249.0,
247.0,
77.0,
10.0,
0.0,
0.0,
0.0,
0.0,
0.0,
3.0,
1.0,
0.0,
0.0,
0.0,
0.0,
0.0,
0.0,
0.0,
61.0,
249.0,
162.0,
24.0,
0.0,
58.0,
177.0,
255.0,
246.0,
255.0,
239.0,
137.0,
4.0,
0.0,
0.0,
0.0,
0.0,
0.0,
0.0,
0.0,
3.0,
1.0,
0.0,
0.0,
0.0,
0.0,
17.0,
0.0,
167.0,
243.0,
221.0,
191.0,
213.0,
237.0,
232.0,
255.0,
237.0,
213.0,
141.0,
3.0,
1.0,
3.0,
0.0,
0.0,
0.0,
0.0,
0.0,
0.0,
1.0,
5.0,
4.0,
2.0,
2.0,
4.0,
0.0,
1.0,
40.0,
255.0,
248.0,
252.0,
255.0,
247.0,
255.0,
241.0,
233.0,
57.0,
0.0,
5.0,
0.0,
3.0,
0.0,
0.0,
0.0,
0.0,
10.0,
1.0,
0.0,
0.0,
0.0,
0.0,
0.0,
1.0,
14.0,
0.0,
31.0,
226.0,
255.0,
247.0,
253.0,
248.0,
233.0,
152.0,
0.0,
0.0,
12.0,
0.0,
2.0,
0.0,
0.0,
0.0,
0.0,
0.0,
0.0,
0.0,
0.0,
0.0,
0.0,
0.0,
0.0,
0.0,
6.0,
0.0,
3.0,
64.0,
173.0,
255.0,
252.0,
206.0,
0.0,
0.0,
0.0,
0.0,
0.0,
0.0,
0.0,
0.0,
0.0,
0.0,
0.0,
0.0,
0.0,
0.0,
0.0,
0.0,
0.0,
0.0,
0.0,
0.0,
0.0,
2.0,
0.0,
0.0,
0.0,
7.0,
0.0,
0.0,
0.0,
0.0,
0.0,
0.0,
0.0,
0.0,
0.0,
0.0,
0.0,
0.0,
0.0,
0.0,
0.0,
0.0,
0.0,
0.0,
0.0,
0.0,
0.0,
0.0,
0.0,
1.0,
6.0,
2.0,
0.0,
0.0,
8.0,
14.0,
0.0,
0.0,
0.0,
0.0,
0.0,
0.0,
0.0,
0.0,
0.0,
0.0,
0.0,
0.0,
0.0,
0.0,
0.0,
0.0,
0.0,
0.0,
0.0,
0.0,
11.0,
4.0,
0.0,
0.0,
0.0,
0.0,
0.0,
0.0,
0.0,
0.0,
0.0,
0.0,
0.0,
0.0,
0.0,
0.0,
0.0,
0.0,
0.0,
0.0,
