0.0,
0.0,
0.0,
0.0,
0.0,
0.0,
0.0,
0.0,
0.0,
8.0,
5.0,
0.0,
8.0,
0.0,
9.0,
0.0,
5.0,
0.0,
5.0,
0.0,
0.0,
1.0,
2.0,
1.0,
0.0,
0.0,
0.0,
0.0,
0.0,
0.0,
0.0,
0.0,
0.0,
0.0,
0.0,
0.0,
0.0,
0.0,
0.0,
5.0,
0.0,
1.0,
0.0,
0.0,
0.0,
1.0,
11.0,
0.0,
18.0,
2.0,
0.0,
0.0,
0.0,
0.0,
0.0,
0.0,
0.0,
0.0,
0.0,
0.0,
0.0,
0.0,
0.0,
0.0,
3.0,
7.0,
7.0,
1.0,
0.0,
2.0,
12.0,
10.0,
0.0,
4.0,
0.0,
7.0,
0.0,
0.0,
0.0,
4.0,
0.0,
0.0,
0.0,
0.0,
0.0,
0.0,
0.0,
0.0,
0.0,
0.0,
0.0,
0.0,
0.0,
4.0,
0.0,
4.0,
2.0,
0.0,
13.0,
0.0,
0.0,
6.0,
0.0,
15.0,
8.0,
0.0,
0.0,
8.0,
0.0,
0.0,
0.0,
0.0,
0.0,
0.0,
0.0,
0.0,
0.0,
0.0,
0.0,
0.0,
6.0,
0.0,
0.0,
4.0,
2.0,
13.0,
2.0,
5.0,
0.0,
10.0,
0.0,
0.0,
13.0,
3.0,
8.0,
0.0,
0.0,
0.0,
0.0,
0.0,
0.0,
0.0,
0.0,
0.0,
0.0,
0.0,
0.0,
0.0,
1.0,
0.0,
16.0,
0.0,
5.0,
110.0,
13.0,
19.0,
130.0,
214.0,
255.0,
241.0,
31.0,
0.0,
7.0,
0.0,
0.0,
0.0,
0.0,
0.0,
0.0,
0.0,
0.0,
0.0,
0.0,
0.0,
0.0,
0.0,
2.0,
0.0,
0.0,
0.0,
89.0,
255.0,
242.0,
255.0,
255.0,
252.0,
250.0,
254.0,
47.0,
0.0,
16.0,
0.0,
0.0,
0.0,
0.0,
0.0,
0.0,
0.0,
0.0,
0.0,
0.0,
0.0,
0.0,
0.0,
0.0,
0.0,
9.0,
60.0,
241.0,
250.0,
255.0,
246.0,
255.0,
248.0,
255.0,
240.0,
236.0,
16.0,
0.0,
5.0,
0.0,
0.0,
0.0,
0.0,
0.0,
0.0,
0.0,
0.0,
0.0,
0.0,
0.0,
0.0,
0.0,
8.0,
20.0,
177.0,
255.0,
255.0,
242.0,
253.0,
188.0,
120.0,
251.0,
250.0,
198.0,
26.0,
0.0,
0.0,
0.0,
0.0,
0.0,
0.0,
0.0,
0.0,
0.0,
0.0,
0.0,
0.0,
0.0,
0.0,
10.0,
0.0,
164.0,
255.0,
243.0,
252.0,
233.0,
112.0,
0.0,
139.0,
247.0,
250.0,
123.0,
0.0,
7.0,
8.0,
0.0,
0.0,
0.0,
0.0,
0.0,
0.0,
0.0,
0.0,
0.0,
0.0,
0.0,
0.0,
0.0,
10.0,
176.0,
230.0,
255.0,
217.0,
28.0,
0.0,
71.0,
228.0,
255.0,
255.0,
59.0,
0.0,
0.0,
1.0,
0.0,
0.0,
0.0,
0.0,
0.0,
0.0,
0.0,
0.0,
0.0,
0.0,
0.0,
0.0,
0.0,
5.0,
17.0,
167.0,
155.0,
44.0,
0.0,
75.0,
237.0,
248.0,
244.0,
181.0,
6.0,
6.0,
0.0,
0.0,
0.0,
0.0,
0.0,
0.0,
0.0,
0.0,
0.0,
0.0,
0.0,
0.0,
0.0,
0.0,
3.0,
0.0,
0.0,
0.0,
0.0,
104.0,
163.0,
220.0,
255.0,
238.0,
212.0,
49.0,
0.0,
23.0,
1.0,
0.0,
0.0,
0.0,
0.0,
0.0,
0.0,
0.0,
0.0,
0.0,
0.0,
0.0,
0.0,
0.0,
1.0,
9.0,
87.0,
156.0,
230.0,
242.0,
255.0,
255.0,
247.0,
255.0,
190.0,
0.0,
5.0,
2.0,
0.0,
1.0,
0.0,
0.0,
0.0,
0.0,
0.0,
0.0,
0.0,
0.0,
0.0,
0.0,
0.0,
0.0,
0.0,
9.0,
230.0,
251.0,
255.0,
255.0,
247.0,
252.0,
248.0,
255.0,
187.0,
2.0,
13.0,
0.0,
0.0,
7.0,
0.0,
0.0,
0.0,
0.0,
0.0,
0.0,
0.0,
0.0,
0.0,
0.0,
0.0,
0.0,
0.0,
87.0,
247.0,
255.0,
248.0,
251.0,
246.0,
251.0,
254.0,
254.0,
248.0,
71.0,
0.0,
0.0,
12.0,
0.0,
0.0,
0.0,
0.0,
0.0,
0.0,
0.0,
2.0,
3.0,
2.0,
3.0,
11.0,
0.0,
6.0,
0.0,
193.0,
229.0,
228.0,
117.0,
54.0,
20.0,
244.0,
255.0,
244.0,
61.0,
5.0,
0.0,
1.0,
0.0,
0.0,
0.0,
0.0,
0.0,
7.0,
0.0,
3.0,
0.0,
0.0,
0.0,
0.0,
16.0,
69.0,
60.0,
0.0,
3.0,
12.0,
0.0,
0.0,
32.0,
255.0,
237.0,
233.0,
26.0,
0.0,
0.0,
0.0,
3.0,
0.0,
0.0,
0.0,
0.0,
3.0,
0.0,
6.0,
0.0,
5.0,
8.0,
11.0,
113.0,
245.0,
230.0,
43.0,
0.0,
0.0,
0.0,
25.0,
40.0,
253.0,
238.0,
184.0,
4.0,
0.0,
8.0,
0.0,
1.0,
0.0,
0.0,
0.0,
0.0,
5.0,
0.0,
8.0,
0.0,
0.0,
5.0,
15.0,
190.0,
251.0,
241.0,
61.0,
5.0,
0.0,
22.0,
25.0,
230.0,
240.0,
255.0,
108.0,
1.0,
1.0,
9.0,
0.0,
5.0,
0.0,
0.0,
0.0,
0.0,
3.0,
0.0,
9.0,
0.0,
0.0,
8.0,
27.0,
249.0,
255.0,
249.0,
41.0,
0.0,
7.0,
53.0,
221.0,
240.0,
255.0,
226.0,
46.0,
0.0,
0.0,
0.0,
1.0,
9.0,
0.0,
0.0,
0.0,
0.0,
0.0,
0.0,
4.0,
0.0,
0.0,
14.0,
34.0,
255.0,
233.0,
255.0,
124.0,
86.0,
86.0,
255.0,
255.0,
255.0,
234.0,
76.0,
12.0,
0.0,
3.0,
0.0,
4.0,
0.0,
0.0,
0.0,
0.0,
0.0,
2.0,
6.0,
0.0,
0.0,
0.0,
0.0,
0.0,
189.0,
255.0,
255.0,
252.0,
255.0,
223.0,
250.0,
252.0,
198.0,
94.0,
0.0,
0.0,
0.0,
11.0,
4.0,
0.0,
0.0,
0.0,
0.0,
0.0,
0.0,
0.0,
4.0,
0.0,
6.0,
4.0,
5.0,
0.0,
163.0,
243.0,
255.0,
236.0,
252.0,
255.0,
245.0,
193.0,
7.0,
0.0,
19.0,
0.0,
0.0,
2.0,
0.0,
0.0,
5.0,
0.0,
0.0,
0.0,
0.0,
0.0,
0.0,
0.0,
0.0,
0.0,
0.0,
0.0,
0.0,
137.0,
241.0,
255.0,
150.0,
126.0,
32.0,
0.0,
12.0,
0.0,
0.0,
0.0,
0.0,
0.0,
0.0,
0.0,
0.0,
0.0,
0.0,
0.0,
0.0,
0.0,
0.0,
0.0,
0.0,
0.0,
0.0,
0.0,
0.0,
0.0,
12.0,
16.0,
0.0,
8.0,
0.0,
0.0,
0.0,
0.0,
0.0,
0.0,
0.0,
0.0,
0.0,
0.0,
0.0,
0.0,
0.0,
0.0,
0.0,
0.0,
0.0,
0.0,
0.0,
0.0,
0.0,
0.0,
0.0,
12.0,
0.0,
0.0,
0.0,
2.0,
8.0,
15.0,
4.0,
0.0,
0.0,
0.0,
0.0,
0.0,
0.0,
0.0,
0.0,
0.0,
0.0,
0.0,
0.0,
0.0,
0.0,
0.0,
0.0,
0.0,
0.0,
0.0,
0.0,
9.0,
0.0,
0.0,
20.0,
0.0,
0.0,
0.0,
0.0,
0.0,
0.0,
0.0,
0.0,
0.0,
0.0,
0.0,
0.0,
0.0,
0.0,
0.0,
0.0,
