0.0,
0.0,
0.0,
0.0,
0.0,
0.0,
0.0,
0.0,
3.0,
2.0,
4.0,
0.0,
1.0,
0.0,
0.0,
2.0,
13.0,
0.0,
13.0,
0.0,
3.0,
6.0,
7.0,
0.0,
0.0,
0.0,
0.0,
0.0,
0.0,
0.0,
0.0,
0.0,
0.0,
0.0,
0.0,
0.0,
0.0,
6.0,
0.0,
4.0,
1.0,
6.0,
6.0,
3.0,
0.0,
0.0,
4.0,
14.0,
0.0,
0.0,
0.0,
9.0,
0.0,
0.0,
0.0,
0.0,
0.0,
0.0,
0.0,
0.0,
0.0,
0.0,
0.0,
0.0,
0.0,
5.0,
0.0,
7.0,
5.0,
11.0,
0.0,
0.0,
19.0,
11.0,
5.0,
0.0,
11.0,
5.0,
0.0,
0.0,
0.0,
0.0,
0.0,
0.0,
0.0,
0.0,
0.0,
0.0,
0.0,
0.0,
0.0,
0.0,
0.0,
11.0,
0.0,
2.0,
0.0,
0.0,
2.0,
147.0,
235.0,
253.0,
255.0,
189.0,
139.0,
17.0,
0.0,
8.0,
0.0,
0.0,
0.0,
0.0,
0.0,
0.0,
0.0,
0.0,
0.0,
0.0,
0.0,
0.0,
1.0,
2.0,
0.0,
0.0,
2.0,
2.0,
0.0,
220.0,
255.0,
255.0,
241.0,
255.0,
255.0,
184.0,
21.0,
0.0,
0.0,
0.0,
0.0,
0.0,
0.0,
0.0,
0.0,
0.0,
0.0,
0.0,
0.0,
0.0,
6.0,
0.0,
0.0,
0.0,
15.0,
7.0,
0.0,
206.0,
248.0,
255.0,
251.0,
241.0,
252.0,
255.0,
68.0,
0.0,
0.0,
0.0,
0.0,
0.0,
0.0,
0.0,
0.0,
0.0,
0.0,
0.0,
0.0,
0.0,
0.0,
1.0,
17.0,
0.0,
0.0,
0.0,
22.0,
182.0,
240.0,
228.0,
255.0,
242.0,
252.0,
255.0,
57.0,
0.0,
0.0,
0.0,
0.0,
0.0,
0.0,
0.0,
0.0,
0.0,
0.0,
0.0,
0.0,
0.0,
6.0,
0.0,
0.0,
5.0,
8.0,
0.0,
0.0,
0.0,
49.0,
0.0,
82.0,
248.0,
255.0,
249.0,
0.0,
13.0,
0.0,
0.0,
0.0,
0.0,
3.0,
0.0,
7.0,
7.0,
5.0,
0.0,
7.0,
3.0,
0.0,
1.0,
1.0,
1.0,
12.0,
0.0,
11.0,
0.0,
0.0,
0.0,
151.0,
246.0,
252.0,
249.0,
5.0,
0.0,
0.0,
0.0,
0.0,
0.0,
2.0,
7.0,
0.0,
0.0,
0.0,
5.0,
0.0,
0.0,
0.0,
49.0,
144.0,
57.0,
79.0,
40.0,
29.0,
26.0,
5.0,
30.0,
214.0,
254.0,
253.0,
99.0,
6.0,
8.0,
0.0,
0.0,
0.0,
0.0,
0.0,
11.0,
9.0,
2.0,
11.0,
8.0,
0.0,
0.0,
10.0,
171.0,
250.0,
252.0,
255.0,
254.0,
215.0,
186.0,
170.0,
200.0,
255.0,
255.0,
255.0,
28.0,
0.0,
0.0,
0.0,
0.0,
0.0,
0.0,
3.0,
0.0,
1.0,
0.0,
6.0,
0.0,
1.0,
3.0,
0.0,
157.0,
255.0,
249.0,
253.0,
225.0,
255.0,
255.0,
242.0,
255.0,
255.0,
240.0,
142.0,
5.0,
0.0,
10.0,
0.0,
0.0,
0.0,
0.0,
13.0,
0.0,
0.0,
0.0,
0.0,
3.0,
11.0,
0.0,
0.0,
72.0,
231.0,
252.0,
255.0,
255.0,
252.0,
245.0,
252.0,
245.0,
246.0,
152.0,
7.0,
0.0,
1.0,
3.0,
0.0,
0.0,
0.0,
0.0,
0.0,
5.0,
4.0,
9.0,
0.0,
2.0,
2.0,
0.0,
0.0,
3.0,
79.0,
189.0,
212.0,
255.0,
255.0,
242.0,
255.0,
255.0,
254.0,
22.0,
0.0,
9.0,
0.0,
0.0,
0.0,
0.0,
0.0,
0.0,
0.0,
0.0,
0.0,
0.0,
19.0,
0.0,
0.0,
16.0,
9.0,
0.0,
0.0,
4.0,
47.0,
66.0,
179.0,
186.0,
130.0,
215.0,
255.0,
16.0,
11.0,
0.0,
0.0,
22.0,
0.0,
0.0,
0.0,
0.0,
12.0,
0.0,
17.0,
40.0,
188.0,
50.0,
0.0,
0.0,
0.0,
0.0,
5.0,
4.0,
0.0,
17.0,
0.0,
1.0,
2.0,
122.0,
254.0,
122.0,
6.0,
1.0,
16.0,
0.0,
0.0,
0.0,
0.0,
0.0,
4.0,
0.0,
4.0,
179.0,
253.0,
233.0,
78.0,
2.0,
7.0,
0.0,
2.0,
3.0,
0.0,
6.0,
9.0,
0.0,
0.0,
24.0,
236.0,
231.0,
18.0,
0.0,
11.0,
0.0,
0.0,
0.0,
0.0,
0.0,
0.0,
0.0,
9.0,
245.0,
252.0,
240.0,
255.0,
123.0,
0.0,
0.0,
6.0,
11.0,
0.0,
0.0,
0.0,
4.0,
7.0,
0.0,
184.0,
248.0,
169.0,
4.0,
2.0,
6.0,
0.0,
0.0,
0.0,
0.0,
0.0,
5.0,
0.0,
156.0,
252.0,
255.0,
235.0,
255.0,
212.0,
49.0,
0.0,
7.0,
10.0,
0.0,
0.0,
0.0,
0.0,
0.0,
16.0,
234.0,
242.0,
13.0,
0.0,
5.0,
0.0,
0.0,
0.0,
0.0,
0.0,
0.0,
2.0,
13.0,
91.0,
255.0,
240.0,
255.0,
236.0,
255.0,
196.0,
99.0,
97.0,
121.0,
110.0,
100.0,
103.0,
133.0,
197.0,
242.0,
255.0,
114.0,
3.0,
0.0,
0.0,
0.0,
0.0,
0.0,
8.0,
12.0,
7.0,
1.0,
3.0,
153.0,
247.0,
255.0,
250.0,
240.0,
251.0,
255.0,
255.0,
248.0,
247.0,
247.0,
254.0,
244.0,
236.0,
255.0,
252.0,
189.0,
20.0,
7.0,
0.0,
0.0,
0.0,
0.0,
0.0,
9.0,
0.0,
0.0,
8.0,
1.0,
46.0,
138.0,
255.0,
243.0,
255.0,
255.0,
238.0,
252.0,
255.0,
254.0,
250.0,
255.0,
255.0,
240.0,
206.0,
9.0,
1.0,
0.0,
0.0,
0.0,
0.0,
0.0,
4.0,
11.0,
8.0,
12.0,
0.0,
0.0,
0.0,
2.0,
23.0,
133.0,
158.0,
179.0,
255.0,
242.0,
146.0,
128.0,
130.0,
133.0,
123.0,
22.0,
0.0,
0.0,
0.0,
16.0,
0.0,
0.0,
0.0,
0.0,
0.0,
8.0,
0.0,
1.0,
4.0,
0.0,
0.0,
10.0,
4.0,
0.0,
0.0,
2.0,
0.0,
4.0,
9.0,
0.0,
0.0,
3.0,
3.0,
0.0,
8.0,
8.0,
0.0,
0.0,
0.0,
0.0,
0.0,
0.0,
0.0,
0.0,
0.0,
0.0,
0.0,
0.0,
0.0,
0.0,
0.0,
0.0,
0.0,
0.0,
0.0,
0.0,
0.0,
0.0,
0.0,
0.0,
0.0,
0.0,
0.0,
0.0,
0.0,
0.0,
0.0,
0.0,
0.0,
0.0,
0.0,
0.0,
0.0,
0.0,
0.0,
0.0,
0.0,
0.0,
0.0,
0.0,
0.0,
0.0,
0.0,
0.0,
0.0,
0.0,
0.0,
0.0,
0.0,
0.0,
0.0,
0.0,
0.0,
0.0,
0.0,
0.0,
0.0,
0.0,
0.0,
0.0,
0.0,
0.0,
0.0,
0.0,
0.0,
0.0,
0.0,
0.0,
0.0,
0.0,
0.0,
0.0,
0.0,
0.0,
0.0,
0.0,
0.0,
0.0,
0.0,
0.0,
0.0,
0.0,
0.0,
0.0,
0.0,
0.0,
0.0,
0.0,
0.0,
0.0,
0.0,
0.0,
0.0,
0.0,
0.0,
0.0,
0.0,
0.0,
0.0,
0.0,
0.0,
0.0,
0.0,
0.0,
0.0,
0.0,
0.0,
0.0,
0.0,
0.0,
0.0,
0.0,
0.0,
0.0,
