8.0,
0.0,
1.0,
8.0,
0.0,
7.0,
8.0,
0.0,
1.0,
6.0,
0.0,
2.0,
7.0,
0.0,
0.0,
2.0,
2.0,
0.0,
0.0,
0.0,
0.0,
5.0,
4.0,
0.0,
0.0,
0.0,
0.0,
0.0,
0.0,
12.0,
4.0,
0.0,
0.0,
0.0,
12.0,
4.0,
0.0,
4.0,
0.0,
0.0,
5.0,
2.0,
7.0,
4.0,
4.0,
5.0,
12.0,
9.0,
0.0,
0.0,
5.0,
6.0,
0.0,
0.0,
0.0,
0.0,
0.0,
0.0,
10.0,
14.0,
1.0,
4.0,
4.0,
0.0,
0.0,
15.0,
1.0,
0.0,
0.0,
0.0,
0.0,
0.0,
0.0,
0.0,
0.0,
1.0,
0.0,
1.0,
0.0,
0.0,
0.0,
0.0,
0.0,
0.0,
14.0,
0.0,
0.0,
4.0,
0.0,
18.0,
0.0,
9.0,
0.0,
11.0,
0.0,
0.0,
5.0,
1.0,
7.0,
5.0,
2.0,
0.0,
6.0,
6.0,
0.0,
0.0,
10.0,
18.0,
0.0,
0.0,
0.0,
0.0,
0.0,
13.0,
0.0,
0.0,
6.0,
0.0,
0.0,
6.0,
2.0,
1.0,
0.0,
0.0,
1.0,
0.0,
0.0,
8.0,
6.0,
0.0,
0.0,
8.0,
6.0,
2.0,
0.0,
0.0,
0.0,
0.0,
0.0,
0.0,
0.0,
5.0,
0.0,
0.0,
4.0,
41.0,
250.0,
244.0,
255.0,
235.0,
183.0,
154.0,
112.0,
49.0,
24.0,
23.0,
17.0,
0.0,
0.0,
2.0,
0.0,
0.0,
5.0,
4.0,
0.0,
0.0,
0.0,
0.0,
5.0,
0.0,
0.0,
15.0,
0.0,
24.0,
230.0,
252.0,
253.0,
255.0,
240.0,
252.0,
255.0,
244.0,
251.0,
255.0,
198.0,
186.0,
166.0,
113.0,
33.0,
0.0,
0.0,
10.0,
0.0,
0.0,
0.0,
0.0,
0.0,
14.0,
0.0,
5.0,
0.0,
15.0,
41.0,
199.0,
248.0,
255.0,
248.0,
253.0,
255.0,
251.0,
255.0,
254.0,
253.0,
244.0,
253.0,
255.0,
215.0,
138.0,
56.0,
0.0,
0.0,
0.0,
0.0,
0.0,
0.0,
0.0,
0.0,
0.0,
0.0,
1.0,
1.0,
1.0,
131.0,
29.0,
26.0,
30.0,
23.0,
19.0,
120.0,
140.0,
135.0,
230.0,
255.0,
245.0,
251.0,
242.0,
246.0,
174.0,
0.0,
0.0,
0.0,
0.0,
0.0,
0.0,
0.0,
0.0,
0.0,
1.0,
1.0,
1.0,
3.0,
0.0,
1.0,
0.0,
2.0,
10.0,
10.0,
0.0,
0.0,
0.0,
0.0,
131.0,
255.0,
255.0,
255.0,
255.0,
0.0,
0.0,
0.0,
0.0,
0.0,
0.0,
0.0,
0.0,
0.0,
0.0,
1.0,
1.0,
8.0,
0.0,
19.0,
17.0,
0.0,
0.0,
0.0,
0.0,
0.0,
47.0,
143.0,
242.0,
252.0,
237.0,
253.0,
214.0,
0.0,
0.0,
0.0,
0.0,
0.0,
0.0,
0.0,
0.0,
0.0,
0.0,
0.0,
0.0,
0.0,
11.0,
0.0,
0.0,
12.0,
10.0,
25.0,
90.0,
206.0,
225.0,
255.0,
252.0,
254.0,
246.0,
200.0,
43.0,
0.0,
0.0,
0.0,
0.0,
0.0,
0.0,
0.0,
0.0,
0.0,
0.0,
0.0,
0.0,
10.0,
6.0,
4.0,
0.0,
34.0,
90.0,
214.0,
244.0,
252.0,
250.0,
255.0,
243.0,
247.0,
80.0,
0.0,
0.0,
0.0,
0.0,
0.0,
0.0,
1.0,
1.0,
0.0,
0.0,
0.0,
0.0,
0.0,
0.0,
0.0,
0.0,
21.0,
89.0,
235.0,
255.0,
255.0,
253.0,
250.0,
233.0,
153.0,
5.0,
8.0,
0.0,
12.0,
10.0,
0.0,
0.0,
0.0,
0.0,
1.0,
1.0,
1.0,
0.0,
0.0,
0.0,
0.0,
0.0,
0.0,
0.0,
159.0,
248.0,
255.0,
247.0,
224.0,
200.0,
87.0,
20.0,
0.0,
0.0,
0.0,
3.0,
9.0,
0.0,
0.0,
0.0,
0.0,
0.0,
1.0,
1.0,
1.0,
0.0,
0.0,
0.0,
0.0,
0.0,
0.0,
10.0,
192.0,
255.0,
252.0,
243.0,
90.0,
0.0,
0.0,
0.0,
0.0,
14.0,
0.0,
2.0,
0.0,
10.0,
0.0,
0.0,
0.0,
0.0,
6.0,
0.0,
0.0,
7.0,
0.0,
6.0,
12.0,
0.0,
6.0,
7.0,
141.0,
244.0,
255.0,
250.0,
194.0,
114.0,
0.0,
8.0,
2.0,
0.0,
0.0,
14.0,
0.0,
5.0,
0.0,
0.0,
0.0,
0.0,
0.0,
4.0,
14.0,
0.0,
0.0,
0.0,
4.0,
14.0,
5.0,
0.0,
40.0,
161.0,
255.0,
255.0,
226.0,
255.0,
245.0,
67.0,
5.0,
9.0,
5.0,
0.0,
1.0,
0.0,
0.0,
0.0,
0.0,
0.0,
0.0,
0.0,
2.0,
0.0,
19.0,
0.0,
0.0,
0.0,
4.0,
5.0,
12.0,
0.0,
24.0,
164.0,
253.0,
254.0,
252.0,
246.0,
153.0,
28.0,
0.0,
9.0,
1.0,
5.0,
0.0,
0.0,
0.0,
0.0,
1.0,
3.0,
0.0,
0.0,
1.0,
0.0,
2.0,
14.0,
0.0,
6.0,
0.0,
1.0,
8.0,
3.0,
38.0,
151.0,
254.0,
253.0,
231.0,
229.0,
14.0,
9.0,
0.0,
6.0,
0.0,
0.0,
0.0,
0.0,
7.0,
0.0,
0.0,
9.0,
0.0,
5.0,
0.0,
0.0,
0.0,
15.0,
0.0,
2.0,
8.0,
8.0,
30.0,
117.0,
246.0,
255.0,
255.0,
255.0,
0.0,
17.0,
0.0,
11.0,
0.0,
0.0,
0.0,
0.0,
0.0,
0.0,
0.0,
1.0,
2.0,
0.0,
0.0,
9.0,
2.0,
28.0,
70.0,
144.0,
141.0,
198.0,
247.0,
255.0,
255.0,
229.0,
255.0,
239.0,
0.0,
0.0,
7.0,
0.0,
0.0,
0.0,
0.0,
0.0,
0.0,
11.0,
10.0,
0.0,
61.0,
56.0,
98.0,
162.0,
182.0,
255.0,
250.0,
255.0,
235.0,
255.0,
255.0,
249.0,
247.0,
211.0,
149.0,
52.0,
7.0,
0.0,
0.0,
7.0,
0.0,
0.0,
0.0,
0.0,
0.0,
0.0,
0.0,
13.0,
251.0,
255.0,
244.0,
254.0,
252.0,
250.0,
244.0,
255.0,
167.0,
173.0,
172.0,
114.0,
47.0,
0.0,
7.0,
0.0,
2.0,
0.0,
7.0,
0.0,
0.0,
0.0,
0.0,
0.0,
4.0,
0.0,
0.0,
9.0,
136.0,
147.0,
144.0,
141.0,
127.0,
80.0,
36.0,
19.0,
9.0,
0.0,
0.0,
4.0,
0.0,
0.0,
0.0,
0.0,
0.0,
0.0,
0.0,
0.0,
0.0,
0.0,
0.0,
0.0,
0.0,
1.0,
0.0,
0.0,
14.0,
0.0,
0.0,
4.0,
6.0,
0.0,
0.0,
2.0,
7.0,
0.0,
0.0,
4.0,
0.0,
0.0,
0.0,
0.0,
0.0,
0.0,
0.0,
0.0,
0.0,
0.0,
0.0,
0.0,
1.0,
12.0,
11.0,
2.0,
6.0,
0.0,
0.0,
7.0,
0.0,
0.0,
2.0,
5.0,
2.0,
0.0,
0.0,
0.0,
0.0,
0.0,
0.0,
0.0,
0.0,
0.0,
0.0,
0.0,
0.0,
0.0,
0.0,
0.0,
0.0,
0.0,
0.0,
0.0,
0.0,
12.0,
3.0,
0.0,
5.0,
7.0,
5.0,
0.0,
0.0,
0.0,
3.0,
6.0,
0.0,
0.0,
0.0,
0.0,
0.0,
0.0,
0.0,
0.0,
0.0,
0.0,
0.0,
0.0,
