0.0,
0.0,
0.0,
0.0,
0.0,
0.0,
0.0,
0.0,
2.0,
0.0,
5.0,
2.0,
1.0,
0.0,
0.0,
10.0,
13.0,
0.0,
0.0,
3.0,
11.0,
0.0,
11.0,
0.0,
0.0,
0.0,
0.0,
0.0,
0.0,
0.0,
0.0,
0.0,
0.0,
0.0,
0.0,
0.0,
0.0,
7.0,
0.0,
0.0,
5.0,
8.0,
12.0,
1.0,
0.0,
1.0,
11.0,
0.0,
0.0,
0.0,
4.0,
4.0,
0.0,
0.0,
0.0,
0.0,
0.0,
0.0,
0.0,
0.0,
0.0,
0.0,
0.0,
0.0,
6.0,
0.0,
11.0,
0.0,
2.0,
0.0,
0.0,
1.0,
3.0,
0.0,
3.0,
0.0,
9.0,
15.0,
4.0,
0.0,
0.0,
0.0,
0.0,
0.0,
0.0,
0.0,
0.0,
0.0,
0.0,
0.0,
0.0,
0.0,
0.0,
0.0,
9.0,
0.0,
0.0,
14.0,
3.0,
6.0,
0.0,
0.0,
7.0,
8.0,
0.0,
0.0,
0.0,
2.0,
0.0,
0.0,
0.0,
0.0,
0.0,
0.0,
0.0,
0.0,
0.0,
0.0,
0.0,
0.0,
0.0,
1.0,
70.0,
145.0,
196.0,
148.0,
130.0,
146.0,
85.0,
11.0,
0.0,
6.0,
0.0,
0.0,
3.0,
4.0,
0.0,
0.0,
0.0,
0.0,
0.0,
0.0,
0.0,
0.0,
0.0,
0.0,
0.0,
0.0,
10.0,
27.0,
238.0,
255.0,
242.0,
167.0,
92.0,
205.0,
239.0,
129.0,
10.0,
0.0,
0.0,
8.0,
8.0,
0.0,
0.0,
0.0,
0.0,
0.0,
0.0,
0.0,
0.0,
0.0,
0.0,
0.0,
0.0,
0.0,
0.0,
47.0,
231.0,
89.0,
18.0,
26.0,
0.0,
60.0,
255.0,
244.0,
80.0,
8.0,
0.0,
0.0,
0.0,
9.0,
0.0,
0.0,
0.0,
0.0,
0.0,
0.0,
0.0,
0.0,
0.0,
0.0,
0.0,
0.0,
0.0,
9.0,
37.0,
0.0,
5.0,
0.0,
6.0,
14.0,
201.0,
255.0,
84.0,
0.0,
8.0,
3.0,
0.0,
3.0,
0.0,
0.0,
0.0,
0.0,
3.0,
3.0,
0.0,
0.0,
0.0,
3.0,
6.0,
3.0,
0.0,
10.0,
0.0,
10.0,
0.0,
0.0,
22.0,
160.0,
255.0,
247.0,
45.0,
5.0,
0.0,
0.0,
5.0,
0.0,
0.0,
0.0,
0.0,
0.0,
0.0,
0.0,
1.0,
2.0,
1.0,
0.0,
0.0,
0.0,
0.0,
0.0,
9.0,
0.0,
11.0,
20.0,
145.0,
255.0,
255.0,
93.0,
17.0,
0.0,
0.0,
14.0,
0.0,
4.0,
0.0,
0.0,
0.0,
0.0,
0.0,
0.0,
0.0,
6.0,
3.0,
0.0,
0.0,
3.0,
7.0,
9.0,
11.0,
27.0,
14.0,
157.0,
245.0,
245.0,
158.0,
17.0,
0.0,
0.0,
2.0,
0.0,
0.0,
0.0,
0.0,
0.0,
0.0,
0.0,
5.0,
0.0,
0.0,
2.0,
0.0,
0.0,
8.0,
27.0,
143.0,
221.0,
248.0,
225.0,
224.0,
255.0,
255.0,
226.0,
1.0,
0.0,
9.0,
0.0,
0.0,
12.0,
15.0,
0.0,
0.0,
0.0,
0.0,
0.0,
7.0,
0.0,
0.0,
0.0,
0.0,
0.0,
12.0,
34.0,
255.0,
243.0,
237.0,
255.0,
245.0,
255.0,
245.0,
239.0,
168.0,
27.0,
2.0,
15.0,
0.0,
0.0,
0.0,
16.0,
0.0,
0.0,
0.0,
0.0,
2.0,
0.0,
0.0,
2.0,
1.0,
0.0,
4.0,
15.0,
110.0,
194.0,
153.0,
150.0,
40.0,
33.0,
47.0,
215.0,
243.0,
247.0,
165.0,
66.0,
0.0,
3.0,
5.0,
0.0,
0.0,
0.0,
0.0,
0.0,
0.0,
0.0,
1.0,
1.0,
0.0,
0.0,
0.0,
0.0,
7.0,
0.0,
0.0,
0.0,
9.0,
0.0,
7.0,
0.0,
73.0,
223.0,
255.0,
231.0,
146.0,
9.0,
6.0,
8.0,
0.0,
0.0,
0.0,
0.0,
1.0,
3.0,
1.0,
0.0,
0.0,
0.0,
0.0,
0.0,
0.0,
1.0,
2.0,
0.0,
7.0,
0.0,
0.0,
0.0,
9.0,
0.0,
158.0,
255.0,
250.0,
87.0,
7.0,
0.0,
0.0,
0.0,
0.0,
0.0,
0.0,
0.0,
0.0,
6.0,
0.0,
0.0,
5.0,
2.0,
0.0,
5.0,
0.0,
0.0,
1.0,
0.0,
0.0,
7.0,
0.0,
3.0,
2.0,
102.0,
255.0,
222.0,
4.0,
3.0,
0.0,
0.0,
0.0,
0.0,
4.0,
4.0,
2.0,
0.0,
3.0,
8.0,
0.0,
0.0,
0.0,
0.0,
1.0,
0.0,
0.0,
10.0,
11.0,
0.0,
12.0,
4.0,
0.0,
6.0,
245.0,
255.0,
23.0,
0.0,
0.0,
0.0,
0.0,
0.0,
4.0,
0.0,
3.0,
0.0,
3.0,
6.0,
0.0,
20.0,
0.0,
9.0,
23.0,
0.0,
13.0,
0.0,
0.0,
18.0,
0.0,
0.0,
15.0,
90.0,
255.0,
206.0,
8.0,
0.0,
0.0,
0.0,
0.0,
0.0,
2.0,
0.0,
4.0,
0.0,
3.0,
0.0,
0.0,
93.0,
145.0,
0.0,
0.0,
3.0,
0.0,
1.0,
14.0,
0.0,
0.0,
15.0,
71.0,
223.0,
255.0,
111.0,
0.0,
1.0,
0.0,
0.0,
0.0,
0.0,
4.0,
0.0,
11.0,
4.0,
3.0,
0.0,
3.0,
109.0,
210.0,
21.0,
0.0,
8.0,
0.0,
0.0,
2.0,
0.0,
31.0,
145.0,
240.0,
243.0,
188.0,
16.0,
0.0,
6.0,
0.0,
0.0,
0.0,
0.0,
1.0,
1.0,
11.0,
0.0,
0.0,
1.0,
0.0,
46.0,
255.0,
227.0,
137.0,
47.0,
27.0,
12.0,
22.0,
135.0,
211.0,
233.0,
255.0,
247.0,
0.0,
14.0,
7.0,
0.0,
0.0,
0.0,
0.0,
0.0,
0.0,
2.0,
3.0,
0.0,
0.0,
1.0,
0.0,
0.0,
177.0,
235.0,
250.0,
255.0,
246.0,
255.0,
244.0,
255.0,
255.0,
190.0,
150.0,
9.0,
12.0,
1.0,
0.0,
6.0,
0.0,
0.0,
0.0,
0.0,
1.0,
0.0,
0.0,
9.0,
4.0,
0.0,
7.0,
1.0,
40.0,
142.0,
162.0,
221.0,
248.0,
255.0,
172.0,
140.0,
63.0,
9.0,
0.0,
7.0,
0.0,
1.0,
10.0,
0.0,
0.0,
0.0,
0.0,
0.0,
0.0,
0.0,
0.0,
0.0,
0.0,
0.0,
0.0,
0.0,
0.0,
0.0,
0.0,
0.0,
0.0,
0.0,
0.0,
0.0,
0.0,
0.0,
0.0,
0.0,
0.0,
0.0,
0.0,
0.0,
0.0,
0.0,
0.0,
0.0,
0.0,
0.0,
0.0,
0.0,
0.0,
0.0,
0.0,
0.0,
0.0,
0.0,
0.0,
0.0,
0.0,
0.0,
0.0,
0.0,
0.0,
0.0,
0.0,
0.0,
0.0,
0.0,
0.0,
0.0,
0.0,
0.0,
0.0,
0.0,
0.0,
0.0,
0.0,
0.0,
0.0,
0.0,
0.0,
0.0,
0.0,
0.0,
0.0,
0.0,
0.0,
0.0,
0.0,
0.0,
0.0,
0.0,
0.0,
0.0,
0.0,
0.0,
0.0,
0.0,
0.0,
0.0,
0.0,
0.0,
0.0,
0.0,
0.0,
0.0,
0.0,
0.0,
0.0,
0.0,
0.0,
0.0,
0.0,
0.0,
0.0,
0.0,
0.0,
0.0,
0.0,
0.0,
0.0,
0.0,
0.0,
0.0,
0.0,
0.0,
0.0,
0.0,
0.0,
0.0,
