3.0,
0.0,
0.0,
4.0,
0.0,
2.0,
3.0,
0.0,
4.0,
0.0,
0.0,
10.0,
0.0,
4.0,
0.0,
0.0,
5.0,
3.0,
0.0,
9.0,
4.0,
0.0,
6.0,
0.0,
0.0,
0.0,
0.0,
0.0,
0.0,
0.0,
2.0,
2.0,
0.0,
1.0,
4.0,
0.0,
1.0,
4.0,
6.0,
5.0,
0.0,
1.0,
9.0,
8.0,
0.0,
10.0,
6.0,
0.0,
0.0,
4.0,
20.0,
0.0,
0.0,
0.0,
0.0,
0.0,
0.0,
3.0,
5.0,
0.0,
0.0,
0.0,
3.0,
1.0,
0.0,
0.0,
7.0,
7.0,
0.0,
0.0,
0.0,
0.0,
11.0,
0.0,
3.0,
19.0,
10.0,
0.0,
0.0,
3.0,
0.0,
0.0,
0.0,
0.0,
0.0,
5.0,
4.0,
0.0,
0.0,
1.0,
0.0,
0.0,
16.0,
0.0,
0.0,
0.0,
1.0,
0.0,
8.0,
10.0,
4.0,
0.0,
0.0,
0.0,
0.0,
14.0,
0.0,
0.0,
0.0,
0.0,
0.0,
0.0,
0.0,
5.0,
0.0,
0.0,
4.0,
2.0,
0.0,
0.0,
0.0,
0.0,
7.0,
2.0,
0.0,
0.0,
0.0,
0.0,
7.0,
0.0,
21.0,
2.0,
0.0,
0.0,
0.0,
9.0,
0.0,
0.0,
0.0,
0.0,
0.0,
4.0,
0.0,
0.0,
8.0,
1.0,
0.0,
16.0,
31.0,
132.0,
217.0,
255.0,
251.0,
255.0,
222.0,
161.0,
128.0,
44.0,
0.0,
0.0,
9.0,
8.0,
0.0,
0.0,
0.0,
0.0,
0.0,
0.0,
0.0,
3.0,
0.0,
0.0,
9.0,
0.0,
2.0,
45.0,
233.0,
255.0,
250.0,
238.0,
197.0,
255.0,
254.0,
239.0,
251.0,
255.0,
229.0,
138.0,
29.0,
0.0,
0.0,
7.0,
0.0,
0.0,
0.0,
0.0,
0.0,
3.0,
0.0,
0.0,
7.0,
0.0,
8.0,
68.0,
192.0,
159.0,
73.0,
57.0,
4.0,
62.0,
60.0,
75.0,
100.0,
176.0,
243.0,
255.0,
154.0,
29.0,
0.0,
0.0,
0.0,
0.0,
0.0,
0.0,
0.0,
0.0,
0.0,
0.0,
0.0,
0.0,
0.0,
0.0,
0.0,
6.0,
0.0,
0.0,
1.0,
6.0,
0.0,
6.0,
5.0,
0.0,
176.0,
251.0,
210.0,
0.0,
0.0,
5.0,
0.0,
0.0,
0.0,
0.0,
0.0,
0.0,
0.0,
0.0,
0.0,
0.0,
0.0,
0.0,
6.0,
0.0,
11.0,
1.0,
0.0,
0.0,
11.0,
0.0,
118.0,
220.0,
255.0,
236.0,
56.0,
1.0,
0.0,
16.0,
0.0,
0.0,
0.0,
0.0,
0.0,
0.0,
0.0,
0.0,
0.0,
0.0,
0.0,
0.0,
4.0,
0.0,
6.0,
0.0,
0.0,
15.0,
27.0,
167.0,
254.0,
255.0,
228.0,
162.0,
2.0,
10.0,
13.0,
0.0,
0.0,
0.0,
0.0,
0.0,
0.0,
0.0,
0.0,
0.0,
0.0,
0.0,
0.0,
0.0,
0.0,
2.0,
31.0,
57.0,
171.0,
158.0,
254.0,
251.0,
245.0,
154.0,
56.0,
0.0,
4.0,
0.0,
0.0,
0.0,
0.0,
0.0,
0.0,
0.0,
0.0,
0.0,
0.0,
0.0,
0.0,
0.0,
0.0,
0.0,
0.0,
3.0,
143.0,
255.0,
248.0,
245.0,
253.0,
152.0,
45.0,
0.0,
0.0,
19.0,
0.0,
11.0,
21.0,
0.0,
0.0,
0.0,
0.0,
0.0,
0.0,
0.0,
0.0,
0.0,
0.0,
0.0,
0.0,
0.0,
0.0,
216.0,
251.0,
251.0,
255.0,
50.0,
43.0,
12.0,
2.0,
17.0,
0.0,
0.0,
0.0,
0.0,
0.0,
0.0,
0.0,
0.0,
0.0,
0.0,
0.0,
0.0,
0.0,
0.0,
0.0,
0.0,
0.0,
0.0,
70.0,
239.0,
255.0,
248.0,
238.0,
240.0,
242.0,
196.0,
73.0,
3.0,
0.0,
0.0,
16.0,
1.0,
12.0,
0.0,
0.0,
0.0,
0.0,
0.0,
0.0,
0.0,
0.0,
0.0,
0.0,
0.0,
0.0,
0.0,
0.0,
16.0,
12.0,
122.0,
225.0,
227.0,
255.0,
250.0,
255.0,
151.0,
40.0,
0.0,
1.0,
0.0,
0.0,
5.0,
0.0,
0.0,
0.0,
0.0,
0.0,
5.0,
7.0,
0.0,
0.0,
2.0,
2.0,
0.0,
0.0,
7.0,
0.0,
0.0,
5.0,
11.0,
139.0,
210.0,
238.0,
252.0,
244.0,
98.0,
7.0,
0.0,
21.0,
0.0,
0.0,
0.0,
0.0,
0.0,
2.0,
0.0,
0.0,
0.0,
1.0,
4.0,
3.0,
0.0,
0.0,
10.0,
12.0,
0.0,
2.0,
0.0,
18.0,
2.0,
77.0,
244.0,
255.0,
226.0,
28.0,
9.0,
0.0,
0.0,
0.0,
0.0,
0.0,
0.0,
0.0,
0.0,
5.0,
9.0,
3.0,
0.0,
0.0,
0.0,
10.0,
0.0,
0.0,
0.0,
6.0,
0.0,
0.0,
0.0,
8.0,
31.0,
135.0,
244.0,
245.0,
48.0,
4.0,
0.0,
0.0,
0.0,
0.0,
0.0,
8.0,
4.0,
0.0,
0.0,
0.0,
0.0,
5.0,
13.0,
4.0,
0.0,
0.0,
3.0,
7.0,
0.0,
0.0,
13.0,
0.0,
0.0,
68.0,
255.0,
213.0,
41.0,
0.0,
18.0,
0.0,
0.0,
0.0,
0.0,
0.0,
0.0,
0.0,
0.0,
3.0,
3.0,
0.0,
0.0,
0.0,
6.0,
15.0,
4.0,
0.0,
7.0,
0.0,
0.0,
17.0,
7.0,
123.0,
252.0,
198.0,
0.0,
2.0,
0.0,
0.0,
0.0,
0.0,
0.0,
0.0,
2.0,
11.0,
6.0,
0.0,
11.0,
54.0,
95.0,
8.0,
0.0,
0.0,
2.0,
0.0,
0.0,
0.0,
6.0,
33.0,
162.0,
255.0,
255.0,
89.0,
9.0,
25.0,
0.0,
0.0,
0.0,
0.0,
0.0,
6.0,
3.0,
4.0,
0.0,
0.0,
20.0,
134.0,
250.0,
189.0,
125.0,
44.0,
66.0,
66.0,
76.0,
130.0,
187.0,
238.0,
255.0,
234.0,
176.0,
28.0,
0.0,
0.0,
12.0,
0.0,
0.0,
0.0,
0.0,
6.0,
0.0,
0.0,
12.0,
1.0,
0.0,
60.0,
151.0,
199.0,
210.0,
191.0,
255.0,
255.0,
245.0,
254.0,
251.0,
252.0,
208.0,
114.0,
5.0,
7.0,
0.0,
6.0,
0.0,
0.0,
0.0,
0.0,
0.0,
0.0,
0.0,
0.0,
0.0,
0.0,
0.0,
0.0,
0.0,
14.0,
0.0,
44.0,
149.0,
202.0,
169.0,
129.0,
125.0,
17.0,
14.0,
8.0,
3.0,
0.0,
0.0,
0.0,
2.0,
0.0,
0.0,
0.0,
0.0,
0.0,
0.0,
0.0,
0.0,
0.0,
0.0,
0.0,
0.0,
4.0,
0.0,
0.0,
0.0,
4.0,
1.0,
0.0,
2.0,
4.0,
3.0,
0.0,
0.0,
0.0,
0.0,
2.0,
3.0,
0.0,
0.0,
0.0,
0.0,
0.0,
0.0,
0.0,
0.0,
0.0,
0.0,
0.0,
0.0,
0.0,
8.0,
13.0,
2.0,
0.0,
0.0,
0.0,
0.0,
0.0,
0.0,
0.0,
0.0,
0.0,
0.0,
2.0,
3.0,
0.0,
0.0,
0.0,
0.0,
0.0,
0.0,
0.0,
0.0,
0.0,
0.0,
0.0,
0.0,
2.0,
0.0,
0.0,
2.0,
4.0,
1.0,
1.0,
5.0,
0.0,
1.0,
1.0,
1.0,
1.0,
0.0,
0.0,
0.0,
0.0,
0.0,
0.0,
0.0,
