0.0,
0.0,
0.0,
0.0,
0.0,
0.0,
0.0,
0.0,
0.0,
12.0,
2.0,
0.0,
13.0,
0.0,
4.0,
0.0,
6.0,
0.0,
2.0,
0.0,
6.0,
3.0,
1.0,
0.0,
0.0,
0.0,
0.0,
0.0,
0.0,
0.0,
0.0,
0.0,
0.0,
0.0,
0.0,
0.0,
8.0,
0.0,
0.0,
0.0,
3.0,
4.0,
0.0,
5.0,
3.0,
0.0,
8.0,
0.0,
0.0,
0.0,
11.0,
13.0,
0.0,
0.0,
0.0,
0.0,
0.0,
0.0,
0.0,
0.0,
0.0,
0.0,
0.0,
0.0,
0.0,
2.0,
0.0,
3.0,
0.0,
6.0,
4.0,
1.0,
0.0,
7.0,
10.0,
1.0,
3.0,
0.0,
0.0,
0.0,
0.0,
0.0,
0.0,
0.0,
0.0,
0.0,
0.0,
0.0,
0.0,
0.0,
0.0,
0.0,
1.0,
6.0,
0.0,
5.0,
0.0,
0.0,
17.0,
0.0,
0.0,
5.0,
0.0,
0.0,
3.0,
8.0,
20.0,
0.0,
0.0,
0.0,
0.0,
0.0,
0.0,
0.0,
0.0,
0.0,
0.0,
0.0,
0.0,
0.0,
0.0,
4.0,
103.0,
142.0,
205.0,
232.0,
255.0,
253.0,
136.0,
126.0,
92.0,
39.0,
0.0,
0.0,
6.0,
0.0,
0.0,
0.0,
0.0,
0.0,
0.0,
0.0,
0.0,
0.0,
0.0,
0.0,
0.0,
0.0,
4.0,
64.0,
255.0,
217.0,
241.0,
255.0,
223.0,
226.0,
252.0,
255.0,
255.0,
163.0,
17.0,
0.0,
5.0,
4.0,
0.0,
0.0,
0.0,
0.0,
0.0,
0.0,
0.0,
0.0,
0.0,
0.0,
0.0,
0.0,
0.0,
67.0,
213.0,
104.0,
79.0,
82.0,
9.0,
0.0,
88.0,
141.0,
250.0,
187.0,
12.0,
0.0,
0.0,
6.0,
0.0,
0.0,
0.0,
0.0,
0.0,
0.0,
0.0,
0.0,
0.0,
0.0,
0.0,
0.0,
1.0,
0.0,
5.0,
0.0,
9.0,
7.0,
0.0,
7.0,
0.0,
74.0,
247.0,
207.0,
20.0,
7.0,
0.0,
0.0,
0.0,
0.0,
0.0,
0.0,
0.0,
0.0,
0.0,
0.0,
0.0,
0.0,
0.0,
0.0,
3.0,
2.0,
2.0,
7.0,
2.0,
0.0,
4.0,
0.0,
31.0,
231.0,
255.0,
163.0,
16.0,
0.0,
0.0,
2.0,
0.0,
0.0,
0.0,
0.0,
0.0,
0.0,
0.0,
0.0,
0.0,
0.0,
0.0,
0.0,
0.0,
4.0,
0.0,
8.0,
0.0,
0.0,
9.0,
42.0,
152.0,
249.0,
231.0,
92.0,
0.0,
1.0,
3.0,
0.0,
0.0,
0.0,
0.0,
0.0,
0.0,
0.0,
0.0,
0.0,
0.0,
0.0,
0.0,
0.0,
7.0,
0.0,
3.0,
7.0,
21.0,
0.0,
95.0,
240.0,
255.0,
174.0,
83.0,
0.0,
0.0,
21.0,
3.0,
0.0,
0.0,
0.0,
0.0,
0.0,
0.0,
0.0,
0.0,
0.0,
0.0,
0.0,
1.0,
1.0,
0.0,
1.0,
7.0,
84.0,
128.0,
230.0,
254.0,
226.0,
115.0,
31.0,
0.0,
0.0,
0.0,
0.0,
0.0,
22.0,
0.0,
0.0,
0.0,
0.0,
0.0,
0.0,
0.0,
0.0,
0.0,
1.0,
2.0,
3.0,
51.0,
95.0,
210.0,
235.0,
247.0,
255.0,
255.0,
82.0,
16.0,
4.0,
0.0,
15.0,
5.0,
0.0,
2.0,
3.0,
0.0,
0.0,
0.0,
0.0,
0.0,
0.0,
0.0,
0.0,
0.0,
1.0,
3.0,
4.0,
158.0,
255.0,
241.0,
251.0,
255.0,
234.0,
111.0,
108.0,
0.0,
1.0,
0.0,
13.0,
10.0,
0.0,
0.0,
0.0,
0.0,
0.0,
0.0,
0.0,
1.0,
0.0,
0.0,
0.0,
0.0,
1.0,
4.0,
5.0,
216.0,
244.0,
253.0,
229.0,
236.0,
231.0,
255.0,
255.0,
254.0,
178.0,
60.0,
0.0,
0.0,
4.0,
9.0,
0.0,
0.0,
0.0,
0.0,
0.0,
1.0,
0.0,
0.0,
0.0,
0.0,
1.0,
4.0,
6.0,
87.0,
70.0,
5.0,
0.0,
5.0,
0.0,
59.0,
172.0,
235.0,
255.0,
226.0,
49.0,
6.0,
0.0,
2.0,
2.0,
0.0,
0.0,
0.0,
0.0,
6.0,
0.0,
0.0,
8.0,
3.0,
0.0,
4.0,
5.0,
0.0,
6.0,
2.0,
3.0,
0.0,
5.0,
6.0,
0.0,
89.0,
205.0,
255.0,
176.0,
8.0,
5.0,
0.0,
0.0,
0.0,
0.0,
0.0,
0.0,
2.0,
2.0,
0.0,
0.0,
0.0,
4.0,
3.0,
0.0,
0.0,
0.0,
0.0,
6.0,
13.0,
9.0,
0.0,
0.0,
2.0,
8.0,
217.0,
252.0,
52.0,
0.0,
5.0,
0.0,
0.0,
0.0,
0.0,
0.0,
0.0,
0.0,
1.0,
0.0,
0.0,
0.0,
4.0,
8.0,
21.0,
0.0,
4.0,
0.0,
1.0,
0.0,
0.0,
3.0,
0.0,
4.0,
162.0,
255.0,
130.0,
0.0,
0.0,
3.0,
0.0,
0.0,
0.0,
0.0,
0.0,
0.0,
6.0,
0.0,
0.0,
2.0,
0.0,
0.0,
0.0,
6.0,
8.0,
4.0,
3.0,
3.0,
5.0,
0.0,
8.0,
13.0,
214.0,
247.0,
77.0,
11.0,
0.0,
2.0,
0.0,
0.0,
0.0,
0.0,
0.0,
3.0,
8.0,
0.0,
0.0,
11.0,
0.0,
0.0,
7.0,
43.0,
0.0,
5.0,
0.0,
0.0,
2.0,
0.0,
34.0,
169.0,
255.0,
233.0,
42.0,
0.0,
9.0,
0.0,
0.0,
0.0,
0.0,
0.0,
4.0,
0.0,
0.0,
0.0,
1.0,
0.0,
10.0,
99.0,
211.0,
168.0,
11.0,
1.0,
0.0,
44.0,
105.0,
163.0,
254.0,
255.0,
243.0,
136.0,
0.0,
14.0,
0.0,
0.0,
0.0,
0.0,
0.0,
0.0,
8.0,
0.0,
0.0,
9.0,
4.0,
0.0,
14.0,
148.0,
252.0,
251.0,
210.0,
234.0,
238.0,
255.0,
229.0,
255.0,
243.0,
227.0,
62.0,
0.0,
9.0,
10.0,
0.0,
16.0,
0.0,
0.0,
0.0,
0.0,
0.0,
1.0,
14.0,
0.0,
0.0,
6.0,
0.0,
40.0,
128.0,
177.0,
244.0,
254.0,
254.0,
244.0,
137.0,
132.0,
61.0,
14.0,
0.0,
0.0,
7.0,
0.0,
0.0,
0.0,
0.0,
0.0,
0.0,
0.0,
0.0,
0.0,
0.0,
0.0,
0.0,
0.0,
0.0,
0.0,
0.0,
0.0,
0.0,
0.0,
0.0,
0.0,
0.0,
0.0,
0.0,
0.0,
0.0,
0.0,
0.0,
0.0,
0.0,
0.0,
0.0,
0.0,
0.0,
0.0,
0.0,
0.0,
0.0,
0.0,
0.0,
0.0,
0.0,
0.0,
0.0,
0.0,
0.0,
0.0,
0.0,
0.0,
0.0,
0.0,
0.0,
0.0,
0.0,
0.0,
0.0,
0.0,
0.0,
0.0,
0.0,
0.0,
0.0,
0.0,
0.0,
0.0,
0.0,
0.0,
0.0,
0.0,
0.0,
0.0,
0.0,
0.0,
0.0,
0.0,
0.0,
0.0,
0.0,
0.0,
0.0,
0.0,
0.0,
0.0,
0.0,
0.0,
0.0,
0.0,
0.0,
0.0,
0.0,
0.0,
0.0,
0.0,
0.0,
0.0,
0.0,
0.0,
0.0,
0.0,
0.0,
0.0,
0.0,
0.0,
0.0,
0.0,
0.0,
0.0,
0.0,
0.0,
0.0,
0.0,
0.0,
0.0,
0.0,
0.0,
0.0,
0.0,
0.0,
0.0,
