0.0,
0.0,
0.0,
0.0,
0.0,
0.0,
0.0,
0.0,
0.0,
13.0,
0.0,
0.0,
8.0,
10.0,
0.0,
11.0,
12.0,
0.0,
4.0,
11.0,
0.0,
0.0,
0.0,
5.0,
0.0,
0.0,
0.0,
0.0,
0.0,
0.0,
0.0,
0.0,
0.0,
0.0,
0.0,
0.0,
0.0,
0.0,
17.0,
0.0,
0.0,
0.0,
32.0,
0.0,
0.0,
6.0,
2.0,
0.0,
2.0,
3.0,
11.0,
0.0,
0.0,
0.0,
0.0,
0.0,
0.0,
0.0,
0.0,
0.0,
0.0,
0.0,
0.0,
0.0,
21.0,
2.0,
6.0,
9.0,
0.0,
20.0,
0.0,
1.0,
7.0,
9.0,
0.0,
0.0,
19.0,
0.0,
0.0,
11.0,
0.0,
0.0,
0.0,
0.0,
0.0,
0.0,
0.0,
0.0,
0.0,
0.0,
0.0,
0.0,
29.0,
220.0,
255.0,
248.0,
132.0,
127.0,
21.0,
5.0,
0.0,
4.0,
15.0,
0.0,
0.0,
0.0,
9.0,
0.0,
0.0,
0.0,
0.0,
0.0,
0.0,
0.0,
0.0,
0.0,
0.0,
0.0,
0.0,
0.0,
46.0,
214.0,
246.0,
255.0,
255.0,
240.0,
255.0,
164.0,
29.0,
0.0,
0.0,
0.0,
1.0,
9.0,
3.0,
0.0,
0.0,
0.0,
0.0,
0.0,
0.0,
0.0,
0.0,
0.0,
0.0,
0.0,
0.0,
0.0,
0.0,
39.0,
99.0,
131.0,
255.0,
250.0,
255.0,
252.0,
193.0,
59.0,
0.0,
9.0,
12.0,
0.0,
0.0,
11.0,
0.0,
0.0,
0.0,
0.0,
0.0,
0.0,
0.0,
0.0,
0.0,
0.0,
0.0,
0.0,
0.0,
0.0,
4.0,
4.0,
141.0,
242.0,
239.0,
250.0,
255.0,
215.0,
44.0,
0.0,
0.0,
4.0,
5.0,
0.0,
0.0,
0.0,
0.0,
0.0,
0.0,
0.0,
0.0,
0.0,
0.0,
0.0,
0.0,
0.0,
0.0,
12.0,
0.0,
9.0,
0.0,
33.0,
235.0,
249.0,
244.0,
255.0,
55.0,
4.0,
0.0,
0.0,
5.0,
0.0,
0.0,
0.0,
0.0,
0.0,
1.0,
0.0,
0.0,
5.0,
0.0,
0.0,
5.0,
0.0,
6.0,
0.0,
1.0,
1.0,
0.0,
0.0,
173.0,
255.0,
255.0,
255.0,
52.0,
1.0,
10.0,
0.0,
9.0,
0.0,
0.0,
0.0,
0.0,
0.0,
4.0,
6.0,
1.0,
0.0,
0.0,
11.0,
8.0,
2.0,
0.0,
11.0,
0.0,
0.0,
50.0,
141.0,
253.0,
249.0,
244.0,
245.0,
54.0,
0.0,
0.0,
9.0,
0.0,
4.0,
0.0,
0.0,
0.0,
0.0,
0.0,
0.0,
12.0,
0.0,
3.0,
1.0,
0.0,
5.0,
78.0,
98.0,
97.0,
159.0,
224.0,
255.0,
255.0,
248.0,
255.0,
198.0,
18.0,
6.0,
4.0,
0.0,
0.0,
4.0,
0.0,
0.0,
0.0,
0.0,
5.0,
0.0,
4.0,
0.0,
0.0,
0.0,
12.0,
114.0,
239.0,
255.0,
250.0,
252.0,
255.0,
241.0,
242.0,
250.0,
245.0,
242.0,
110.0,
0.0,
2.0,
12.0,
0.0,
0.0,
0.0,
0.0,
0.0,
0.0,
5.0,
0.0,
4.0,
0.0,
0.0,
0.0,
12.0,
114.0,
255.0,
243.0,
247.0,
252.0,
247.0,
143.0,
162.0,
242.0,
255.0,
248.0,
255.0,
106.0,
0.0,
15.0,
0.0,
2.0,
0.0,
0.0,
0.0,
0.0,
0.0,
0.0,
12.0,
0.0,
3.0,
1.0,
0.0,
5.0,
99.0,
116.0,
94.0,
0.0,
3.0,
0.0,
10.0,
22.0,
202.0,
251.0,
255.0,
255.0,
89.0,
0.0,
5.0,
3.0,
0.0,
0.0,
0.0,
0.0,
4.0,
6.0,
1.0,
0.0,
0.0,
11.0,
8.0,
2.0,
0.0,
0.0,
5.0,
0.0,
10.0,
0.0,
0.0,
0.0,
45.0,
255.0,
236.0,
239.0,
226.0,
18.0,
0.0,
1.0,
0.0,
0.0,
0.0,
0.0,
1.0,
0.0,
0.0,
5.0,
0.0,
0.0,
5.0,
0.0,
4.0,
2.0,
0.0,
0.0,
3.0,
5.0,
0.0,
2.0,
4.0,
145.0,
255.0,
249.0,
255.0,
19.0,
0.0,
6.0,
0.0,
0.0,
0.0,
0.0,
4.0,
0.0,
0.0,
2.0,
3.0,
3.0,
0.0,
9.0,
0.0,
0.0,
11.0,
0.0,
0.0,
11.0,
0.0,
0.0,
2.0,
65.0,
255.0,
252.0,
254.0,
28.0,
0.0,
6.0,
0.0,
0.0,
0.0,
0.0,
2.0,
0.0,
1.0,
0.0,
0.0,
2.0,
25.0,
0.0,
1.0,
0.0,
0.0,
0.0,
4.0,
6.0,
0.0,
4.0,
18.0,
202.0,
255.0,
246.0,
250.0,
35.0,
0.0,
0.0,
0.0,
0.0,
0.0,
0.0,
0.0,
12.0,
0.0,
29.0,
0.0,
0.0,
0.0,
10.0,
3.0,
0.0,
3.0,
0.0,
0.0,
0.0,
18.0,
85.0,
203.0,
255.0,
230.0,
255.0,
180.0,
3.0,
0.0,
6.0,
0.0,
0.0,
0.0,
0.0,
5.0,
0.0,
17.0,
0.0,
0.0,
81.0,
215.0,
189.0,
36.0,
10.0,
0.0,
16.0,
88.0,
144.0,
195.0,
255.0,
248.0,
252.0,
255.0,
224.0,
37.0,
0.0,
13.0,
0.0,
0.0,
0.0,
0.0,
0.0,
0.0,
15.0,
0.0,
0.0,
70.0,
241.0,
249.0,
255.0,
237.0,
227.0,
205.0,
217.0,
251.0,
255.0,
254.0,
255.0,
255.0,
251.0,
225.0,
105.0,
0.0,
10.0,
0.0,
0.0,
0.0,
0.0,
0.0,
0.0,
3.0,
0.0,
15.0,
0.0,
160.0,
255.0,
235.0,
255.0,
239.0,
255.0,
255.0,
254.0,
244.0,
242.0,
255.0,
251.0,
224.0,
142.0,
46.0,
9.0,
15.0,
3.0,
0.0,
8.0,
0.0,
0.0,
0.0,
0.0,
11.0,
0.0,
6.0,
5.0,
19.0,
199.0,
255.0,
245.0,
255.0,
254.0,
250.0,
248.0,
202.0,
147.0,
100.0,
26.0,
24.0,
5.0,
0.0,
0.0,
2.0,
0.0,
5.0,
1.0,
0.0,
0.0,
0.0,
0.0,
1.0,
0.0,
10.0,
0.0,
0.0,
0.0,
0.0,
4.0,
1.0,
0.0,
0.0,
14.0,
0.0,
0.0,
19.0,
0.0,
0.0,
4.0,
4.0,
0.0,
6.0,
7.0,
0.0,
2.0,
0.0,
0.0,
0.0,
0.0,
0.0,
0.0,
0.0,
0.0,
0.0,
0.0,
0.0,
0.0,
0.0,
0.0,
0.0,
0.0,
0.0,
0.0,
0.0,
0.0,
0.0,
0.0,
0.0,
0.0,
0.0,
0.0,
0.0,
0.0,
0.0,
0.0,
0.0,
0.0,
0.0,
0.0,
0.0,
0.0,
0.0,
0.0,
0.0,
0.0,
0.0,
0.0,
0.0,
0.0,
0.0,
0.0,
0.0,
0.0,
0.0,
0.0,
0.0,
0.0,
0.0,
0.0,
0.0,
0.0,
0.0,
0.0,
0.0,
0.0,
0.0,
0.0,
0.0,
0.0,
0.0,
0.0,
0.0,
0.0,
0.0,
0.0,
0.0,
0.0,
0.0,
0.0,
0.0,
0.0,
0.0,
0.0,
0.0,
0.0,
0.0,
0.0,
0.0,
0.0,
0.0,
0.0,
0.0,
0.0,
0.0,
0.0,
0.0,
0.0,
0.0,
0.0,
0.0,
0.0,
0.0,
0.0,
0.0,
0.0,
0.0,
0.0,
0.0,
0.0,
0.0,
0.0,
0.0,
0.0,
0.0,
0.0,
0.0,
0.0,
0.0,
0.0,
0.0,
0.0,
