9.0,
0.0,
0.0,
0.0,
0.0,
0.0,
0.0,
0.0,
4.0,
0.0,
0.0,
0.0,
3.0,
0.0,
0.0,
0.0,
6.0,
0.0,
0.0,
9.0,
0.0,
2.0,
0.0,
6.0,
0.0,
0.0,
0.0,
0.0,
0.0,
0.0,
1.0,
5.0,
5.0,
2.0,
2.0,
4.0,
0.0,
0.0,
6.0,
5.0,
2.0,
2.0,
1.0,
0.0,
1.0,
0.0,
0.0,
9.0,
0.0,
10.0,
0.0,
0.0,
0.0,
0.0,
0.0,
0.0,
0.0,
1.0,
4.0,
2.0,
0.0,
0.0,
0.0,
0.0,
0.0,
7.0,
6.0,
0.0,
0.0,
0.0,
2.0,
0.0,
0.0,
1.0,
0.0,
0.0,
0.0,
6.0,
3.0,
0.0,
0.0,
0.0,
0.0,
0.0,
0.0,
3.0,
1.0,
0.0,
0.0,
0.0,
1.0,
0.0,
3.0,
0.0,
0.0,
0.0,
0.0,
4.0,
3.0,
0.0,
0.0,
11.0,
0.0,
2.0,
2.0,
0.0,
0.0,
0.0,
0.0,
0.0,
0.0,
0.0,
0.0,
0.0,
0.0,
0.0,
1.0,
6.0,
5.0,
0.0,
4.0,
0.0,
0.0,
9.0,
7.0,
0.0,
0.0,
3.0,
0.0,
4.0,
0.0,
0.0,
5.0,
0.0,
0.0,
18.0,
0.0,
0.0,
0.0,
0.0,
0.0,
0.0,
0.0,
2.0,
4.0,
0.0,
0.0,
0.0,
0.0,
0.0,
0.0,
5.0,
0.0,
0.0,
9.0,
47.0,
79.0,
93.0,
143.0,
164.0,
158.0,
70.0,
0.0,
0.0,
0.0,
0.0,
0.0,
0.0,
4.0,
0.0,
0.0,
5.0,
0.0,
0.0,
0.0,
10.0,
0.0,
59.0,
152.0,
234.0,
255.0,
254.0,
242.0,
244.0,
255.0,
229.0,
255.0,
255.0,
250.0,
134.0,
12.0,
17.0,
0.0,
0.0,
0.0,
0.0,
4.0,
0.0,
0.0,
5.0,
1.0,
0.0,
21.0,
56.0,
242.0,
246.0,
251.0,
255.0,
255.0,
253.0,
248.0,
244.0,
183.0,
136.0,
205.0,
240.0,
255.0,
143.0,
0.0,
0.0,
0.0,
0.0,
0.0,
0.0,
9.0,
0.0,
4.0,
0.0,
0.0,
0.0,
12.0,
199.0,
248.0,
255.0,
240.0,
241.0,
132.0,
16.0,
35.0,
18.0,
0.0,
124.0,
226.0,
248.0,
221.0,
39.0,
0.0,
4.0,
0.0,
0.0,
0.0,
0.0,
0.0,
0.0,
5.0,
0.0,
0.0,
2.0,
0.0,
111.0,
192.0,
117.0,
40.0,
23.0,
4.0,
8.0,
0.0,
8.0,
138.0,
237.0,
255.0,
210.0,
22.0,
2.0,
0.0,
5.0,
0.0,
0.0,
0.0,
0.0,
0.0,
3.0,
1.0,
0.0,
0.0,
5.0,
0.0,
21.0,
17.0,
0.0,
0.0,
0.0,
2.0,
0.0,
17.0,
120.0,
214.0,
229.0,
204.0,
10.0,
0.0,
3.0,
15.0,
0.0,
0.0,
0.0,
0.0,
0.0,
0.0,
7.0,
0.0,
0.0,
0.0,
3.0,
0.0,
0.0,
0.0,
0.0,
9.0,
9.0,
0.0,
34.0,
135.0,
253.0,
250.0,
255.0,
199.0,
218.0,
204.0,
171.0,
0.0,
11.0,
0.0,
0.0,
0.0,
0.0,
0.0,
4.0,
0.0,
0.0,
1.0,
0.0,
9.0,
0.0,
11.0,
0.0,
0.0,
63.0,
93.0,
255.0,
255.0,
253.0,
255.0,
251.0,
241.0,
247.0,
255.0,
239.0,
121.0,
0.0,
0.0,
0.0,
0.0,
0.0,
0.0,
0.0,
2.0,
1.0,
6.0,
0.0,
4.0,
3.0,
0.0,
14.0,
201.0,
247.0,
241.0,
255.0,
247.0,
230.0,
159.0,
148.0,
97.0,
62.0,
138.0,
255.0,
203.0,
2.0,
0.0,
0.0,
0.0,
0.0,
0.0,
0.0,
8.0,
0.0,
8.0,
0.0,
0.0,
2.0,
7.0,
20.0,
229.0,
254.0,
253.0,
127.0,
62.0,
10.0,
2.0,
10.0,
0.0,
17.0,
165.0,
234.0,
99.0,
0.0,
0.0,
0.0,
0.0,
0.0,
1.0,
0.0,
9.0,
0.0,
7.0,
2.0,
0.0,
2.0,
0.0,
1.0,
0.0,
0.0,
0.0,
0.0,
15.0,
0.0,
0.0,
0.0,
0.0,
3.0,
216.0,
255.0,
84.0,
0.0,
0.0,
0.0,
0.0,
0.0,
0.0,
8.0,
0.0,
2.0,
6.0,
0.0,
3.0,
4.0,
0.0,
0.0,
0.0,
10.0,
2.0,
0.0,
0.0,
9.0,
11.0,
0.0,
12.0,
131.0,
255.0,
194.0,
0.0,
2.0,
0.0,
0.0,
0.0,
0.0,
5.0,
0.0,
0.0,
0.0,
4.0,
3.0,
0.0,
0.0,
0.0,
17.0,
5.0,
0.0,
0.0,
15.0,
5.0,
0.0,
0.0,
0.0,
45.0,
248.0,
238.0,
70.0,
15.0,
5.0,
0.0,
0.0,
0.0,
0.0,
6.0,
1.0,
12.0,
0.0,
0.0,
13.0,
0.0,
11.0,
8.0,
0.0,
0.0,
3.0,
0.0,
0.0,
0.0,
3.0,
0.0,
10.0,
178.0,
255.0,
127.0,
23.0,
0.0,
0.0,
0.0,
0.0,
0.0,
0.0,
0.0,
0.0,
6.0,
0.0,
1.0,
3.0,
0.0,
0.0,
0.0,
0.0,
2.0,
7.0,
3.0,
8.0,
5.0,
0.0,
13.0,
96.0,
245.0,
242.0,
70.0,
0.0,
0.0,
7.0,
0.0,
0.0,
0.0,
0.0,
14.0,
0.0,
0.0,
63.0,
135.0,
115.0,
84.0,
37.0,
11.0,
0.0,
0.0,
0.0,
0.0,
0.0,
2.0,
5.0,
36.0,
224.0,
255.0,
109.0,
2.0,
8.0,
11.0,
0.0,
0.0,
0.0,
0.0,
0.0,
0.0,
3.0,
25.0,
180.0,
255.0,
234.0,
250.0,
246.0,
108.0,
40.0,
21.0,
20.0,
3.0,
0.0,
28.0,
70.0,
199.0,
254.0,
177.0,
20.0,
3.0,
0.0,
0.0,
7.0,
0.0,
0.0,
0.0,
0.0,
6.0,
0.0,
0.0,
108.0,
226.0,
250.0,
255.0,
251.0,
255.0,
248.0,
250.0,
209.0,
193.0,
213.0,
255.0,
248.0,
239.0,
211.0,
59.0,
0.0,
12.0,
0.0,
30.0,
0.0,
0.0,
0.0,
0.0,
0.0,
0.0,
15.0,
4.0,
0.0,
23.0,
69.0,
123.0,
147.0,
154.0,
171.0,
236.0,
252.0,
249.0,
237.0,
250.0,
222.0,
149.0,
0.0,
2.0,
4.0,
0.0,
0.0,
0.0,
5.0,
0.0,
0.0,
0.0,
0.0,
0.0,
0.0,
0.0,
0.0,
0.0,
0.0,
0.0,
0.0,
1.0,
0.0,
9.0,
33.0,
33.0,
9.0,
0.0,
1.0,
0.0,
0.0,
0.0,
0.0,
0.0,
0.0,
0.0,
0.0,
0.0,
0.0,
0.0,
0.0,
0.0,
0.0,
0.0,
0.0,
0.0,
0.0,
0.0,
0.0,
0.0,
0.0,
0.0,
9.0,
9.0,
0.0,
0.0,
0.0,
0.0,
0.0,
0.0,
0.0,
0.0,
0.0,
0.0,
0.0,
0.0,
0.0,
0.0,
0.0,
0.0,
0.0,
0.0,
0.0,
0.0,
0.0,
0.0,
0.0,
1.0,
0.0,
0.0,
0.0,
0.0,
0.0,
0.0,
1.0,
0.0,
0.0,
0.0,
0.0,
0.0,
0.0,
0.0,
0.0,
0.0,
0.0,
0.0,
0.0,
0.0,
0.0,
0.0,
0.0,
0.0,
0.0,
0.0,
0.0,
0.0,
1.0,
3.0,
1.0,
1.0,
3.0,
1.0,
0.0,
0.0,
0.0,
0.0,
0.0,
0.0,
0.0,
0.0,
0.0,
0.0,
0.0,
0.0,
0.0,
