0.0,
0.0,
0.0,
0.0,
0.0,
0.0,
0.0,
0.0,
0.0,
5.0,
0.0,
0.0,
7.0,
6.0,
0.0,
0.0,
4.0,
0.0,
0.0,
4.0,
0.0,
6.0,
11.0,
0.0,
0.0,
0.0,
0.0,
0.0,
0.0,
0.0,
0.0,
0.0,
0.0,
0.0,
0.0,
0.0,
0.0,
0.0,
4.0,
2.0,
0.0,
0.0,
5.0,
5.0,
2.0,
4.0,
3.0,
0.0,
0.0,
0.0,
0.0,
18.0,
0.0,
0.0,
0.0,
0.0,
0.0,
0.0,
0.0,
0.0,
0.0,
0.0,
0.0,
0.0,
5.0,
0.0,
4.0,
7.0,
0.0,
0.0,
5.0,
0.0,
0.0,
10.0,
1.0,
0.0,
4.0,
9.0,
1.0,
0.0,
0.0,
0.0,
0.0,
0.0,
0.0,
0.0,
0.0,
0.0,
0.0,
0.0,
0.0,
0.0,
6.0,
0.0,
0.0,
0.0,
0.0,
3.0,
7.0,
7.0,
0.0,
4.0,
0.0,
0.0,
11.0,
0.0,
27.0,
0.0,
0.0,
0.0,
0.0,
0.0,
0.0,
0.0,
0.0,
0.0,
0.0,
0.0,
0.0,
0.0,
0.0,
11.0,
7.0,
5.0,
11.0,
0.0,
0.0,
3.0,
6.0,
91.0,
187.0,
255.0,
242.0,
99.0,
0.0,
0.0,
0.0,
0.0,
0.0,
0.0,
0.0,
0.0,
0.0,
0.0,
0.0,
0.0,
0.0,
0.0,
0.0,
2.0,
0.0,
0.0,
0.0,
7.0,
55.0,
116.0,
241.0,
255.0,
247.0,
255.0,
255.0,
187.0,
0.0,
27.0,
0.0,
0.0,
0.0,
0.0,
0.0,
0.0,
0.0,
0.0,
0.0,
0.0,
0.0,
0.0,
1.0,
0.0,
14.0,
39.0,
52.0,
115.0,
212.0,
255.0,
252.0,
212.0,
183.0,
226.0,
250.0,
163.0,
0.0,
0.0,
0.0,
0.0,
0.0,
0.0,
0.0,
0.0,
0.0,
0.0,
0.0,
0.0,
0.0,
0.0,
1.0,
15.0,
139.0,
245.0,
242.0,
254.0,
255.0,
218.0,
74.0,
13.0,
85.0,
247.0,
244.0,
28.0,
4.0,
0.0,
0.0,
0.0,
0.0,
0.0,
0.0,
0.0,
0.0,
0.0,
0.0,
0.0,
0.0,
0.0,
1.0,
191.0,
249.0,
250.0,
240.0,
170.0,
54.0,
22.0,
0.0,
32.0,
211.0,
254.0,
155.0,
16.0,
0.0,
0.0,
0.0,
0.0,
0.0,
0.0,
0.0,
0.0,
0.0,
0.0,
0.0,
0.0,
0.0,
0.0,
2.0,
150.0,
191.0,
110.0,
14.0,
0.0,
0.0,
0.0,
25.0,
100.0,
244.0,
225.0,
95.0,
0.0,
8.0,
5.0,
0.0,
0.0,
0.0,
0.0,
0.0,
0.0,
0.0,
0.0,
0.0,
0.0,
0.0,
0.0,
4.0,
6.0,
1.0,
1.0,
4.0,
0.0,
12.0,
1.0,
0.0,
255.0,
243.0,
162.0,
5.0,
0.0,
13.0,
0.0,
0.0,
0.0,
0.0,
0.0,
0.0,
0.0,
0.0,
0.0,
0.0,
0.0,
0.0,
0.0,
0.0,
8.0,
0.0,
0.0,
11.0,
0.0,
8.0,
25.0,
223.0,
246.0,
130.0,
1.0,
0.0,
0.0,
0.0,
10.0,
0.0,
0.0,
0.0,
0.0,
0.0,
0.0,
0.0,
0.0,
0.0,
0.0,
0.0,
0.0,
13.0,
2.0,
0.0,
2.0,
16.0,
0.0,
89.0,
210.0,
255.0,
177.0,
20.0,
17.0,
0.0,
2.0,
13.0,
0.0,
0.0,
0.0,
0.0,
0.0,
0.0,
0.0,
0.0,
0.0,
0.0,
0.0,
0.0,
0.0,
0.0,
8.0,
12.0,
0.0,
0.0,
92.0,
226.0,
255.0,
208.0,
8.0,
0.0,
0.0,
17.0,
0.0,
0.0,
17.0,
0.0,
0.0,
0.0,
0.0,
0.0,
0.0,
0.0,
0.0,
0.0,
0.0,
0.0,
0.0,
7.0,
0.0,
0.0,
54.0,
138.0,
230.0,
255.0,
217.0,
10.0,
12.0,
15.0,
8.0,
0.0,
3.0,
0.0,
0.0,
0.0,
0.0,
0.0,
0.0,
0.0,
0.0,
0.0,
0.0,
0.0,
0.0,
0.0,
0.0,
43.0,
166.0,
204.0,
230.0,
253.0,
255.0,
250.0,
254.0,
83.0,
0.0,
1.0,
3.0,
0.0,
4.0,
4.0,
2.0,
0.0,
0.0,
0.0,
0.0,
2.0,
0.0,
0.0,
0.0,
2.0,
0.0,
15.0,
0.0,
137.0,
253.0,
251.0,
255.0,
242.0,
219.0,
227.0,
253.0,
255.0,
144.0,
13.0,
0.0,
0.0,
0.0,
4.0,
0.0,
0.0,
0.0,
0.0,
0.0,
0.0,
0.0,
0.0,
14.0,
0.0,
4.0,
1.0,
0.0,
135.0,
239.0,
238.0,
150.0,
28.0,
0.0,
6.0,
84.0,
251.0,
239.0,
99.0,
7.0,
9.0,
2.0,
0.0,
4.0,
0.0,
0.0,
0.0,
0.0,
0.0,
11.0,
0.0,
0.0,
16.0,
8.0,
0.0,
9.0,
2.0,
17.0,
14.0,
0.0,
0.0,
16.0,
0.0,
6.0,
172.0,
224.0,
230.0,
0.0,
3.0,
2.0,
0.0,
6.0,
0.0,
0.0,
0.0,
0.0,
0.0,
2.0,
0.0,
0.0,
0.0,
0.0,
0.0,
6.0,
0.0,
0.0,
0.0,
2.0,
0.0,
1.0,
0.0,
0.0,
55.0,
255.0,
210.0,
22.0,
9.0,
6.0,
0.0,
2.0,
0.0,
0.0,
0.0,
0.0,
0.0,
0.0,
3.0,
27.0,
0.0,
21.0,
9.0,
0.0,
4.0,
1.0,
0.0,
8.0,
3.0,
0.0,
35.0,
37.0,
234.0,
252.0,
219.0,
18.0,
0.0,
0.0,
16.0,
0.0,
0.0,
0.0,
0.0,
0.0,
15.0,
3.0,
7.0,
0.0,
94.0,
109.0,
59.0,
26.0,
28.0,
39.0,
24.0,
44.0,
68.0,
98.0,
219.0,
255.0,
255.0,
231.0,
47.0,
10.0,
0.0,
0.0,
2.0,
2.0,
0.0,
0.0,
0.0,
0.0,
0.0,
0.0,
2.0,
0.0,
210.0,
255.0,
255.0,
255.0,
246.0,
255.0,
250.0,
249.0,
255.0,
255.0,
254.0,
201.0,
80.0,
0.0,
0.0,
0.0,
17.0,
6.0,
0.0,
0.0,
0.0,
0.0,
0.0,
0.0,
7.0,
0.0,
0.0,
25.0,
63.0,
236.0,
249.0,
255.0,
255.0,
242.0,
211.0,
149.0,
167.0,
156.0,
87.0,
1.0,
2.0,
1.0,
12.0,
0.0,
0.0,
0.0,
0.0,
16.0,
0.0,
0.0,
0.0,
0.0,
0.0,
0.0,
0.0,
0.0,
0.0,
0.0,
0.0,
0.0,
0.0,
0.0,
0.0,
0.0,
0.0,
0.0,
0.0,
0.0,
0.0,
0.0,
0.0,
0.0,
0.0,
0.0,
0.0,
0.0,
0.0,
0.0,
0.0,
0.0,
0.0,
0.0,
0.0,
0.0,
0.0,
0.0,
0.0,
0.0,
0.0,
0.0,
0.0,
0.0,
0.0,
0.0,
0.0,
0.0,
0.0,
0.0,
0.0,
0.0,
0.0,
0.0,
0.0,
0.0,
0.0,
0.0,
0.0,
0.0,
0.0,
0.0,
0.0,
0.0,
0.0,
0.0,
0.0,
0.0,
0.0,
0.0,
0.0,
0.0,
0.0,
0.0,
0.0,
0.0,
0.0,
0.0,
0.0,
0.0,
0.0,
0.0,
0.0,
0.0,
0.0,
0.0,
0.0,
0.0,
0.0,
0.0,
0.0,
0.0,
0.0,
0.0,
0.0,
0.0,
0.0,
0.0,
0.0,
0.0,
0.0,
0.0,
0.0,
0.0,
0.0,
0.0,
0.0,
0.0,
0.0,
0.0,
0.0,
0.0,
0.0,
0.0,
0.0,
0.0,
