0.0,
1.0,
1.0,
0.0,
0.0,
2.0,
8.0,
0.0,
9.0,
0.0,
3.0,
9.0,
0.0,
2.0,
9.0,
0.0,
5.0,
0.0,
5.0,
0.0,
8.0,
0.0,
5.0,
0.0,
0.0,
0.0,
0.0,
0.0,
6.0,
0.0,
13.0,
0.0,
0.0,
0.0,
0.0,
6.0,
0.0,
7.0,
0.0,
0.0,
11.0,
4.0,
0.0,
2.0,
0.0,
2.0,
8.0,
0.0,
0.0,
10.0,
0.0,
14.0,
0.0,
0.0,
0.0,
0.0,
0.0,
6.0,
6.0,
0.0,
12.0,
18.0,
0.0,
0.0,
6.0,
0.0,
12.0,
3.0,
0.0,
0.0,
7.0,
0.0,
15.0,
12.0,
0.0,
14.0,
0.0,
3.0,
0.0,
0.0,
0.0,
0.0,
0.0,
0.0,
0.0,
5.0,
0.0,
13.0,
2.0,
0.0,
0.0,
12.0,
15.0,
0.0,
1.0,
3.0,
1.0,
0.0,
21.0,
1.0,
0.0,
7.0,
0.0,
7.0,
7.0,
0.0,
3.0,
0.0,
0.0,
0.0,
0.0,
0.0,
9.0,
0.0,
0.0,
20.0,
0.0,
14.0,
9.0,
0.0,
0.0,
62.0,
130.0,
166.0,
224.0,
196.0,
144.0,
118.0,
12.0,
20.0,
0.0,
0.0,
10.0,
0.0,
0.0,
8.0,
0.0,
0.0,
0.0,
0.0,
8.0,
0.0,
1.0,
0.0,
0.0,
31.0,
0.0,
26.0,
107.0,
217.0,
255.0,
254.0,
255.0,
255.0,
249.0,
255.0,
167.0,
0.0,
10.0,
4.0,
0.0,
6.0,
2.0,
0.0,
0.0,
0.0,
0.0,
0.0,
0.0,
0.0,
0.0,
13.0,
19.0,
0.0,
31.0,
211.0,
248.0,
255.0,
247.0,
200.0,
127.0,
118.0,
151.0,
239.0,
253.0,
34.0,
0.0,
8.0,
0.0,
2.0,
12.0,
0.0,
0.0,
0.0,
0.0,
0.0,
0.0,
13.0,
0.0,
0.0,
0.0,
1.0,
229.0,
255.0,
252.0,
208.0,
52.0,
13.0,
7.0,
0.0,
5.0,
179.0,
252.0,
204.0,
29.0,
0.0,
7.0,
0.0,
1.0,
0.0,
0.0,
0.0,
0.0,
0.0,
7.0,
1.0,
7.0,
0.0,
5.0,
134.0,
252.0,
255.0,
237.0,
47.0,
0.0,
0.0,
0.0,
0.0,
16.0,
39.0,
244.0,
255.0,
63.0,
9.0,
6.0,
0.0,
0.0,
3.0,
0.0,
0.0,
0.0,
0.0,
0.0,
0.0,
3.0,
4.0,
16.0,
98.0,
174.0,
178.0,
39.0,
0.0,
10.0,
0.0,
7.0,
2.0,
14.0,
0.0,
192.0,
255.0,
66.0,
0.0,
0.0,
14.0,
0.0,
0.0,
0.0,
0.0,
0.0,
0.0,
8.0,
0.0,
0.0,
0.0,
0.0,
0.0,
6.0,
3.0,
12.0,
3.0,
0.0,
3.0,
0.0,
0.0,
0.0,
7.0,
198.0,
254.0,
79.0,
9.0,
3.0,
7.0,
0.0,
5.0,
0.0,
0.0,
0.0,
0.0,
0.0,
0.0,
0.0,
2.0,
7.0,
4.0,
2.0,
7.0,
0.0,
0.0,
0.0,
0.0,
16.0,
13.0,
24.0,
86.0,
240.0,
234.0,
83.0,
2.0,
0.0,
0.0,
0.0,
5.0,
0.0,
0.0,
0.0,
0.0,
1.0,
7.0,
0.0,
0.0,
0.0,
0.0,
0.0,
0.0,
60.0,
127.0,
173.0,
147.0,
206.0,
194.0,
226.0,
246.0,
255.0,
237.0,
148.0,
38.0,
2.0,
0.0,
16.0,
0.0,
0.0,
0.0,
0.0,
0.0,
0.0,
2.0,
0.0,
0.0,
4.0,
9.0,
5.0,
5.0,
213.0,
255.0,
255.0,
251.0,
245.0,
255.0,
255.0,
255.0,
255.0,
255.0,
255.0,
206.0,
116.0,
8.0,
0.0,
0.0,
0.0,
0.0,
0.0,
0.0,
0.0,
0.0,
0.0,
1.0,
0.0,
0.0,
0.0,
0.0,
81.0,
142.0,
153.0,
255.0,
242.0,
255.0,
197.0,
166.0,
158.0,
160.0,
216.0,
255.0,
234.0,
87.0,
0.0,
2.0,
0.0,
0.0,
0.0,
0.0,
5.0,
0.0,
0.0,
9.0,
2.0,
0.0,
1.0,
7.0,
3.0,
1.0,
6.0,
9.0,
13.0,
0.0,
22.0,
0.0,
4.0,
0.0,
10.0,
164.0,
253.0,
191.0,
14.0,
0.0,
0.0,
0.0,
0.0,
0.0,
0.0,
5.0,
0.0,
0.0,
11.0,
0.0,
0.0,
21.0,
9.0,
0.0,
2.0,
0.0,
1.0,
0.0,
3.0,
6.0,
0.0,
4.0,
0.0,
109.0,
253.0,
231.0,
38.0,
0.0,
0.0,
0.0,
0.0,
0.0,
3.0,
0.0,
5.0,
1.0,
0.0,
11.0,
10.0,
21.0,
21.0,
26.0,
18.0,
24.0,
1.0,
10.0,
0.0,
0.0,
6.0,
0.0,
0.0,
6.0,
205.0,
255.0,
151.0,
1.0,
0.0,
0.0,
0.0,
0.0,
0.0,
6.0,
0.0,
0.0,
14.0,
0.0,
115.0,
234.0,
255.0,
241.0,
108.0,
10.0,
0.0,
10.0,
0.0,
9.0,
0.0,
30.0,
0.0,
35.0,
255.0,
246.0,
157.0,
0.0,
0.0,
0.0,
0.0,
0.0,
0.0,
0.0,
9.0,
0.0,
0.0,
8.0,
255.0,
255.0,
195.0,
45.0,
0.0,
2.0,
16.0,
0.0,
0.0,
0.0,
0.0,
0.0,
4.0,
58.0,
250.0,
255.0,
55.0,
3.0,
0.0,
0.0,
0.0,
0.0,
4.0,
0.0,
7.0,
0.0,
0.0,
2.0,
189.0,
238.0,
232.0,
154.0,
70.0,
0.0,
0.0,
0.0,
15.0,
4.0,
6.0,
2.0,
104.0,
213.0,
246.0,
167.0,
0.0,
4.0,
0.0,
0.0,
0.0,
0.0,
0.0,
11.0,
0.0,
0.0,
12.0,
0.0,
8.0,
199.0,
255.0,
250.0,
249.0,
188.0,
31.0,
4.0,
24.0,
10.0,
116.0,
213.0,
250.0,
255.0,
190.0,
20.0,
0.0,
0.0,
0.0,
0.0,
0.0,
0.0,
0.0,
0.0,
2.0,
5.0,
0.0,
14.0,
0.0,
0.0,
44.0,
182.0,
255.0,
255.0,
238.0,
255.0,
254.0,
255.0,
249.0,
255.0,
212.0,
40.0,
13.0,
7.0,
0.0,
0.0,
0.0,
0.0,
0.0,
0.0,
2.0,
2.0,
0.0,
0.0,
10.0,
0.0,
29.0,
0.0,
0.0,
15.0,
59.0,
135.0,
250.0,
253.0,
243.0,
255.0,
173.0,
52.0,
16.0,
2.0,
1.0,
0.0,
0.0,
8.0,
0.0,
0.0,
0.0,
0.0,
0.0,
0.0,
0.0,
0.0,
0.0,
0.0,
0.0,
0.0,
0.0,
0.0,
0.0,
0.0,
0.0,
0.0,
0.0,
0.0,
0.0,
0.0,
0.0,
0.0,
0.0,
0.0,
0.0,
0.0,
0.0,
0.0,
0.0,
0.0,
0.0,
0.0,
0.0,
0.0,
0.0,
0.0,
0.0,
0.0,
0.0,
0.0,
0.0,
0.0,
0.0,
0.0,
0.0,
0.0,
0.0,
0.0,
0.0,
0.0,
0.0,
0.0,
0.0,
0.0,
0.0,
0.0,
0.0,
0.0,
0.0,
0.0,
0.0,
0.0,
0.0,
0.0,
0.0,
0.0,
0.0,
0.0,
0.0,
0.0,
0.0,
0.0,
0.0,
0.0,
0.0,
0.0,
0.0,
0.0,
0.0,
0.0,
0.0,
0.0,
0.0,
0.0,
0.0,
0.0,
0.0,
0.0,
0.0,
0.0,
0.0,
0.0,
0.0,
0.0,
0.0,
0.0,
0.0,
0.0,
0.0,
0.0,
0.0,
0.0,
0.0,
0.0,
0.0,
0.0,
0.0,
0.0,
0.0,
0.0,
0.0,
0.0,
0.0,
0.0,
