0.0,
0.0,
0.0,
0.0,
0.0,
0.0,
0.0,
0.0,
3.0,
0.0,
1.0,
0.0,
0.0,
10.0,
16.0,
0.0,
0.0,
5.0,
2.0,
7.0,
0.0,
2.0,
0.0,
10.0,
0.0,
0.0,
0.0,
0.0,
0.0,
0.0,
0.0,
0.0,
0.0,
0.0,
0.0,
0.0,
0.0,
4.0,
7.0,
3.0,
0.0,
0.0,
0.0,
10.0,
1.0,
0.0,
0.0,
0.0,
0.0,
12.0,
0.0,
0.0,
0.0,
0.0,
0.0,
0.0,
0.0,
0.0,
0.0,
0.0,
0.0,
0.0,
0.0,
0.0,
0.0,
3.0,
0.0,
0.0,
8.0,
3.0,
0.0,
4.0,
0.0,
0.0,
2.0,
4.0,
0.0,
0.0,
7.0,
1.0,
0.0,
0.0,
0.0,
0.0,
0.0,
0.0,
0.0,
0.0,
0.0,
0.0,
0.0,
0.0,
0.0,
5.0,
6.0,
1.0,
4.0,
8.0,
2.0,
0.0,
1.0,
5.0,
0.0,
0.0,
0.0,
0.0,
0.0,
4.0,
0.0,
0.0,
0.0,
0.0,
0.0,
0.0,
0.0,
0.0,
0.0,
0.0,
0.0,
0.0,
12.0,
0.0,
0.0,
0.0,
0.0,
1.0,
13.0,
0.0,
0.0,
16.0,
0.0,
0.0,
17.0,
12.0,
5.0,
0.0,
0.0,
0.0,
0.0,
0.0,
0.0,
0.0,
0.0,
0.0,
0.0,
0.0,
0.0,
0.0,
0.0,
0.0,
5.0,
11.0,
3.0,
31.0,
93.0,
135.0,
241.0,
240.0,
146.0,
71.0,
0.0,
0.0,
0.0,
0.0,
0.0,
0.0,
0.0,
0.0,
0.0,
0.0,
0.0,
0.0,
0.0,
0.0,
0.0,
0.0,
0.0,
27.0,
37.0,
77.0,
176.0,
248.0,
255.0,
255.0,
241.0,
241.0,
235.0,
251.0,
84.0,
8.0,
9.0,
0.0,
0.0,
0.0,
0.0,
0.0,
0.0,
0.0,
0.0,
0.0,
0.0,
0.0,
0.0,
0.0,
3.0,
181.0,
233.0,
167.0,
137.0,
93.0,
32.0,
26.0,
36.0,
9.0,
99.0,
255.0,
96.0,
0.0,
6.0,
1.0,
0.0,
0.0,
0.0,
0.0,
0.0,
0.0,
0.0,
0.0,
0.0,
0.0,
0.0,
0.0,
5.0,
193.0,
27.0,
6.0,
0.0,
1.0,
0.0,
11.0,
0.0,
36.0,
219.0,
252.0,
4.0,
0.0,
0.0,
6.0,
0.0,
0.0,
0.0,
0.0,
0.0,
0.0,
0.0,
0.0,
0.0,
0.0,
0.0,
0.0,
1.0,
5.0,
0.0,
0.0,
0.0,
22.0,
29.0,
0.0,
44.0,
225.0,
243.0,
149.0,
12.0,
1.0,
14.0,
0.0,
0.0,
0.0,
0.0,
0.0,
0.0,
0.0,
0.0,
0.0,
0.0,
0.0,
0.0,
0.0,
0.0,
7.0,
0.0,
0.0,
11.0,
0.0,
0.0,
2.0,
180.0,
255.0,
124.0,
0.0,
5.0,
0.0,
4.0,
0.0,
0.0,
0.0,
0.0,
0.0,
0.0,
0.0,
0.0,
0.0,
0.0,
0.0,
0.0,
0.0,
7.0,
0.0,
10.0,
2.0,
0.0,
6.0,
37.0,
234.0,
255.0,
141.0,
24.0,
0.0,
7.0,
3.0,
0.0,
10.0,
0.0,
0.0,
0.0,
0.0,
0.0,
0.0,
0.0,
0.0,
0.0,
0.0,
0.0,
0.0,
0.0,
4.0,
0.0,
15.0,
0.0,
81.0,
218.0,
246.0,
139.0,
0.0,
0.0,
21.0,
0.0,
0.0,
0.0,
8.0,
0.0,
0.0,
0.0,
0.0,
0.0,
0.0,
0.0,
0.0,
0.0,
0.0,
0.0,
0.0,
1.0,
8.0,
4.0,
0.0,
106.0,
237.0,
255.0,
190.0,
107.0,
19.0,
0.0,
4.0,
0.0,
0.0,
5.0,
0.0,
0.0,
0.0,
0.0,
0.0,
0.0,
0.0,
0.0,
0.0,
0.0,
0.0,
0.0,
0.0,
0.0,
0.0,
0.0,
77.0,
255.0,
253.0,
252.0,
243.0,
231.0,
200.0,
90.0,
0.0,
22.0,
1.0,
9.0,
0.0,
0.0,
0.0,
0.0,
0.0,
0.0,
0.0,
0.0,
0.0,
0.0,
0.0,
0.0,
0.0,
0.0,
0.0,
155.0,
246.0,
249.0,
178.0,
149.0,
90.0,
205.0,
255.0,
185.0,
0.0,
10.0,
0.0,
0.0,
0.0,
0.0,
0.0,
0.0,
0.0,
0.0,
12.0,
0.0,
0.0,
14.0,
0.0,
0.0,
5.0,
10.0,
0.0,
106.0,
165.0,
50.0,
17.0,
0.0,
0.0,
12.0,
132.0,
195.0,
3.0,
3.0,
0.0,
11.0,
0.0,
0.0,
0.0,
0.0,
0.0,
2.0,
4.0,
0.0,
0.0,
0.0,
0.0,
0.0,
0.0,
0.0,
9.0,
0.0,
11.0,
0.0,
0.0,
13.0,
2.0,
0.0,
136.0,
207.0,
1.0,
0.0,
0.0,
0.0,
7.0,
0.0,
0.0,
0.0,
0.0,
0.0,
0.0,
6.0,
8.0,
0.0,
7.0,
9.0,
0.0,
6.0,
0.0,
5.0,
0.0,
5.0,
13.0,
0.0,
12.0,
8.0,
144.0,
225.0,
36.0,
0.0,
0.0,
0.0,
0.0,
0.0,
0.0,
0.0,
0.0,
5.0,
0.0,
4.0,
1.0,
0.0,
0.0,
0.0,
0.0,
1.0,
11.0,
1.0,
2.0,
0.0,
2.0,
8.0,
0.0,
0.0,
184.0,
213.0,
23.0,
1.0,
1.0,
3.0,
0.0,
0.0,
0.0,
0.0,
0.0,
10.0,
1.0,
0.0,
0.0,
0.0,
0.0,
0.0,
13.0,
0.0,
0.0,
0.0,
1.0,
5.0,
0.0,
5.0,
5.0,
94.0,
255.0,
180.0,
0.0,
4.0,
0.0,
0.0,
2.0,
0.0,
0.0,
0.0,
0.0,
0.0,
2.0,
0.0,
2.0,
4.0,
3.0,
8.0,
0.0,
21.0,
2.0,
8.0,
0.0,
14.0,
0.0,
12.0,
132.0,
247.0,
196.0,
73.0,
11.0,
3.0,
0.0,
11.0,
0.0,
0.0,
0.0,
0.0,
0.0,
0.0,
4.0,
0.0,
6.0,
0.0,
24.0,
76.0,
0.0,
0.0,
17.0,
0.0,
22.0,
72.0,
89.0,
212.0,
255.0,
179.0,
22.0,
0.0,
13.0,
0.0,
0.0,
15.0,
0.0,
0.0,
0.0,
0.0,
0.0,
5.0,
2.0,
0.0,
12.0,
1.0,
111.0,
245.0,
143.0,
81.0,
61.0,
155.0,
248.0,
255.0,
195.0,
142.0,
54.0,
8.0,
0.0,
7.0,
0.0,
2.0,
17.0,
0.0,
1.0,
0.0,
0.0,
0.0,
0.0,
0.0,
0.0,
1.0,
0.0,
0.0,
31.0,
131.0,
228.0,
255.0,
239.0,
179.0,
98.0,
35.0,
7.0,
0.0,
0.0,
0.0,
0.0,
0.0,
0.0,
0.0,
0.0,
0.0,
0.0,
0.0,
0.0,
0.0,
0.0,
7.0,
0.0,
0.0,
5.0,
6.0,
0.0,
0.0,
9.0,
0.0,
4.0,
6.0,
0.0,
0.0,
0.0,
6.0,
6.0,
0.0,
0.0,
0.0,
0.0,
0.0,
0.0,
0.0,
0.0,
0.0,
0.0,
0.0,
0.0,
10.0,
0.0,
0.0,
0.0,
1.0,
0.0,
0.0,
0.0,
0.0,
8.0,
11.0,
4.0,
0.0,
1.0,
0.0,
0.0,
0.0,
0.0,
0.0,
0.0,
0.0,
0.0,
0.0,
0.0,
0.0,
0.0,
0.0,
0.0,
0.0,
0.0,
5.0,
3.0,
0.0,
2.0,
6.0,
9.0,
0.0,
0.0,
0.0,
0.0,
0.0,
5.0,
9.0,
7.0,
0.0,
0.0,
0.0,
0.0,
0.0,
0.0,
0.0,
0.0,
0.0,
0.0,
0.0,
0.0,
