0.0,
8.0,
6.0,
6.0,
0.0,
5.0,
0.0,
1.0,
0.0,
0.0,
11.0,
0.0,
3.0,
0.0,
3.0,
0.0,
3.0,
14.0,
4.0,
0.0,
0.0,
9.0,
4.0,
0.0,
0.0,
0.0,
0.0,
0.0,
15.0,
0.0,
0.0,
7.0,
4.0,
2.0,
11.0,
5.0,
1.0,
2.0,
0.0,
0.0,
0.0,
4.0,
1.0,
0.0,
0.0,
0.0,
5.0,
8.0,
4.0,
0.0,
0.0,
5.0,
0.0,
0.0,
0.0,
0.0,
1.0,
0.0,
0.0,
17.0,
1.0,
0.0,
2.0,
0.0,
0.0,
2.0,
0.0,
2.0,
0.0,
15.0,
2.0,
2.0,
6.0,
0.0,
0.0,
1.0,
2.0,
0.0,
0.0,
1.0,
0.0,
0.0,
0.0,
0.0,
0.0,
11.0,
6.0,
0.0,
0.0,
4.0,
11.0,
14.0,
0.0,
6.0,
4.0,
6.0,
0.0,
0.0,
0.0,
0.0,
3.0,
2.0,
0.0,
0.0,
0.0,
10.0,
10.0,
0.0,
0.0,
0.0,
0.0,
0.0,
0.0,
13.0,
0.0,
0.0,
0.0,
24.0,
0.0,
0.0,
0.0,
0.0,
9.0,
2.0,
11.0,
5.0,
9.0,
1.0,
0.0,
0.0,
3.0,
7.0,
0.0,
1.0,
6.0,
0.0,
0.0,
0.0,
0.0,
0.0,
0.0,
6.0,
0.0,
6.0,
6.0,
1.0,
0.0,
59.0,
136.0,
186.0,
233.0,
184.0,
124.0,
74.0,
111.0,
148.0,
80.0,
14.0,
0.0,
8.0,
3.0,
0.0,
0.0,
1.0,
0.0,
0.0,
0.0,
0.0,
4.0,
5.0,
0.0,
0.0,
0.0,
0.0,
136.0,
232.0,
248.0,
253.0,
255.0,
255.0,
255.0,
255.0,
255.0,
253.0,
218.0,
81.0,
0.0,
0.0,
0.0,
0.0,
0.0,
0.0,
0.0,
0.0,
0.0,
0.0,
0.0,
0.0,
0.0,
1.0,
9.0,
0.0,
218.0,
255.0,
250.0,
255.0,
245.0,
255.0,
244.0,
255.0,
251.0,
251.0,
255.0,
128.0,
22.0,
0.0,
0.0,
0.0,
7.0,
0.0,
0.0,
0.0,
0.0,
0.0,
0.0,
12.0,
0.0,
0.0,
11.0,
8.0,
184.0,
255.0,
250.0,
255.0,
214.0,
156.0,
164.0,
145.0,
29.0,
130.0,
253.0,
152.0,
3.0,
6.0,
0.0,
4.0,
0.0,
0.0,
0.0,
0.0,
0.0,
0.0,
0.0,
10.0,
0.0,
0.0,
5.0,
0.0,
48.0,
64.0,
94.0,
73.0,
0.0,
8.0,
10.0,
0.0,
29.0,
255.0,
253.0,
157.0,
0.0,
3.0,
3.0,
6.0,
0.0,
11.0,
0.0,
0.0,
0.0,
0.0,
0.0,
0.0,
0.0,
5.0,
11.0,
0.0,
6.0,
0.0,
7.0,
0.0,
34.0,
0.0,
0.0,
19.0,
183.0,
245.0,
250.0,
155.0,
0.0,
0.0,
6.0,
0.0,
0.0,
4.0,
0.0,
0.0,
0.0,
0.0,
0.0,
2.0,
0.0,
0.0,
0.0,
7.0,
0.0,
1.0,
1.0,
0.0,
0.0,
46.0,
109.0,
178.0,
255.0,
255.0,
255.0,
179.0,
44.0,
5.0,
0.0,
0.0,
5.0,
14.0,
0.0,
0.0,
0.0,
0.0,
0.0,
4.0,
4.0,
5.0,
0.0,
8.0,
0.0,
0.0,
4.0,
8.0,
53.0,
204.0,
255.0,
230.0,
254.0,
252.0,
226.0,
255.0,
248.0,
148.0,
38.0,
0.0,
10.0,
0.0,
0.0,
0.0,
0.0,
0.0,
0.0,
1.0,
0.0,
5.0,
0.0,
17.0,
2.0,
8.0,
0.0,
8.0,
239.0,
255.0,
255.0,
255.0,
240.0,
242.0,
255.0,
240.0,
249.0,
255.0,
182.0,
8.0,
0.0,
9.0,
0.0,
0.0,
0.0,
0.0,
7.0,
4.0,
0.0,
0.0,
0.0,
0.0,
0.0,
0.0,
0.0,
19.0,
255.0,
255.0,
244.0,
217.0,
20.0,
51.0,
20.0,
120.0,
218.0,
255.0,
252.0,
81.0,
11.0,
0.0,
0.0,
0.0,
0.0,
0.0,
0.0,
4.0,
0.0,
12.0,
7.0,
0.0,
5.0,
7.0,
3.0,
7.0,
245.0,
252.0,
214.0,
68.0,
23.0,
0.0,
4.0,
4.0,
26.0,
140.0,
255.0,
100.0,
0.0,
1.0,
0.0,
0.0,
0.0,
0.0,
0.0,
0.0,
9.0,
0.0,
0.0,
0.0,
12.0,
4.0,
0.0,
6.0,
35.0,
140.0,
54.0,
0.0,
8.0,
0.0,
7.0,
0.0,
10.0,
66.0,
255.0,
167.0,
0.0,
0.0,
0.0,
0.0,
0.0,
0.0,
0.0,
7.0,
0.0,
0.0,
1.0,
25.0,
0.0,
0.0,
0.0,
17.0,
0.0,
0.0,
0.0,
8.0,
3.0,
0.0,
0.0,
11.0,
0.0,
72.0,
255.0,
206.0,
5.0,
19.0,
0.0,
0.0,
0.0,
0.0,
0.0,
0.0,
0.0,
11.0,
9.0,
0.0,
12.0,
1.0,
3.0,
0.0,
0.0,
0.0,
18.0,
4.0,
0.0,
11.0,
0.0,
16.0,
6.0,
59.0,
242.0,
236.0,
0.0,
0.0,
0.0,
0.0,
0.0,
0.0,
7.0,
0.0,
0.0,
8.0,
0.0,
0.0,
168.0,
106.0,
2.0,
0.0,
13.0,
0.0,
0.0,
0.0,
5.0,
0.0,
1.0,
0.0,
30.0,
255.0,
249.0,
152.0,
22.0,
4.0,
0.0,
0.0,
0.0,
0.0,
0.0,
8.0,
0.0,
0.0,
0.0,
8.0,
204.0,
127.0,
202.0,
79.0,
0.0,
1.0,
2.0,
0.0,
12.0,
30.0,
73.0,
70.0,
169.0,
242.0,
252.0,
87.0,
0.0,
0.0,
0.0,
0.0,
0.0,
0.0,
0.0,
2.0,
1.0,
6.0,
0.0,
6.0,
82.0,
126.0,
245.0,
247.0,
166.0,
107.0,
89.0,
119.0,
179.0,
232.0,
249.0,
255.0,
253.0,
235.0,
255.0,
1.0,
0.0,
11.0,
0.0,
0.0,
0.0,
0.0,
9.0,
0.0,
0.0,
3.0,
0.0,
0.0,
25.0,
134.0,
255.0,
241.0,
249.0,
244.0,
255.0,
249.0,
242.0,
255.0,
248.0,
244.0,
255.0,
209.0,
63.0,
17.0,
0.0,
0.0,
0.0,
0.0,
0.0,
0.0,
0.0,
0.0,
7.0,
2.0,
4.0,
0.0,
5.0,
0.0,
51.0,
58.0,
221.0,
254.0,
255.0,
254.0,
251.0,
224.0,
255.0,
186.0,
141.0,
11.0,
7.0,
0.0,
0.0,
5.0,
0.0,
0.0,
0.0,
0.0,
0.0,
0.0,
0.0,
0.0,
0.0,
0.0,
0.0,
0.0,
5.0,
2.0,
20.0,
117.0,
203.0,
149.0,
60.0,
57.0,
26.0,
14.0,
2.0,
0.0,
1.0,
4.0,
1.0,
0.0,
0.0,
0.0,
0.0,
0.0,
0.0,
0.0,
0.0,
0.0,
0.0,
0.0,
0.0,
0.0,
0.0,
5.0,
0.0,
0.0,
11.0,
0.0,
0.0,
8.0,
9.0,
3.0,
0.0,
0.0,
1.0,
4.0,
1.0,
0.0,
0.0,
0.0,
0.0,
0.0,
0.0,
0.0,
0.0,
0.0,
0.0,
0.0,
0.0,
0.0,
0.0,
12.0,
11.0,
0.0,
0.0,
5.0,
5.0,
10.0,
0.0,
0.0,
0.0,
0.0,
2.0,
2.0,
0.0,
0.0,
0.0,
0.0,
0.0,
0.0,
0.0,
0.0,
0.0,
0.0,
0.0,
0.0,
0.0,
0.0,
1.0,
0.0,
0.0,
0.0,
1.0,
0.0,
0.0,
0.0,
0.0,
0.0,
3.0,
3.0,
2.0,
0.0,
0.0,
0.0,
0.0,
0.0,
0.0,
0.0,
