0.0,
0.0,
0.0,
0.0,
0.0,
0.0,
0.0,
0.0,
0.0,
1.0,
0.0,
0.0,
8.0,
10.0,
0.0,
11.0,
0.0,
12.0,
0.0,
0.0,
0.0,
13.0,
0.0,
4.0,
0.0,
0.0,
0.0,
0.0,
0.0,
0.0,
0.0,
0.0,
0.0,
0.0,
0.0,
0.0,
0.0,
1.0,
4.0,
0.0,
0.0,
0.0,
22.0,
4.0,
26.0,
0.0,
0.0,
8.0,
0.0,
5.0,
0.0,
0.0,
0.0,
0.0,
0.0,
0.0,
0.0,
0.0,
0.0,
0.0,
0.0,
0.0,
0.0,
0.0,
0.0,
4.0,
0.0,
0.0,
16.0,
1.0,
0.0,
0.0,
0.0,
4.0,
2.0,
0.0,
0.0,
0.0,
8.0,
0.0,
0.0,
0.0,
0.0,
0.0,
0.0,
0.0,
0.0,
0.0,
0.0,
0.0,
0.0,
0.0,
16.0,
0.0,
16.0,
6.0,
0.0,
0.0,
3.0,
19.0,
3.0,
7.0,
6.0,
0.0,
4.0,
6.0,
0.0,
4.0,
0.0,
0.0,
0.0,
0.0,
0.0,
0.0,
0.0,
0.0,
0.0,
0.0,
0.0,
0.0,
0.0,
196.0,
241.0,
254.0,
254.0,
227.0,
172.0,
217.0,
148.0,
9.0,
1.0,
0.0,
0.0,
17.0,
0.0,
2.0,
0.0,
0.0,
0.0,
0.0,
0.0,
0.0,
0.0,
0.0,
0.0,
0.0,
0.0,
0.0,
32.0,
255.0,
255.0,
253.0,
211.0,
233.0,
252.0,
252.0,
249.0,
154.0,
0.0,
3.0,
3.0,
0.0,
4.0,
4.0,
0.0,
0.0,
0.0,
0.0,
0.0,
0.0,
0.0,
0.0,
0.0,
0.0,
0.0,
0.0,
1.0,
125.0,
58.0,
9.0,
1.0,
23.0,
38.0,
125.0,
254.0,
255.0,
4.0,
0.0,
8.0,
0.0,
17.0,
3.0,
0.0,
0.0,
0.0,
0.0,
0.0,
0.0,
0.0,
0.0,
0.0,
0.0,
0.0,
0.0,
6.0,
0.0,
12.0,
4.0,
0.0,
5.0,
1.0,
177.0,
255.0,
190.0,
12.0,
6.0,
0.0,
17.0,
0.0,
0.0,
0.0,
0.0,
0.0,
0.0,
0.0,
0.0,
0.0,
0.0,
0.0,
0.0,
0.0,
0.0,
0.0,
0.0,
0.0,
2.0,
0.0,
0.0,
30.0,
221.0,
240.0,
45.0,
3.0,
8.0,
0.0,
10.0,
0.0,
1.0,
0.0,
0.0,
0.0,
0.0,
0.0,
0.0,
0.0,
0.0,
0.0,
0.0,
0.0,
0.0,
0.0,
12.0,
8.0,
0.0,
5.0,
88.0,
235.0,
245.0,
85.0,
0.0,
0.0,
13.0,
0.0,
0.0,
9.0,
0.0,
0.0,
0.0,
0.0,
0.0,
0.0,
0.0,
0.0,
0.0,
0.0,
0.0,
0.0,
0.0,
2.0,
0.0,
0.0,
25.0,
119.0,
243.0,
251.0,
55.0,
0.0,
0.0,
2.0,
5.0,
2.0,
0.0,
10.0,
0.0,
0.0,
0.0,
0.0,
0.0,
0.0,
0.0,
0.0,
0.0,
0.0,
0.0,
0.0,
0.0,
2.0,
12.0,
0.0,
169.0,
255.0,
255.0,
251.0,
142.0,
44.0,
3.0,
7.0,
0.0,
0.0,
10.0,
0.0,
0.0,
0.0,
0.0,
0.0,
0.0,
0.0,
0.0,
0.0,
0.0,
0.0,
0.0,
0.0,
0.0,
0.0,
3.0,
3.0,
31.0,
97.0,
201.0,
227.0,
255.0,
218.0,
63.0,
3.0,
2.0,
0.0,
0.0,
0.0,
4.0,
0.0,
0.0,
0.0,
0.0,
0.0,
0.0,
0.0,
0.0,
0.0,
0.0,
0.0,
0.0,
1.0,
0.0,
3.0,
1.0,
0.0,
0.0,
105.0,
172.0,
255.0,
225.0,
66.0,
0.0,
10.0,
0.0,
3.0,
7.0,
0.0,
0.0,
0.0,
0.0,
0.0,
0.0,
0.0,
0.0,
0.0,
0.0,
0.0,
0.0,
9.0,
0.0,
9.0,
0.0,
1.0,
7.0,
3.0,
0.0,
121.0,
255.0,
172.0,
22.0,
10.0,
0.0,
0.0,
0.0,
0.0,
0.0,
0.0,
0.0,
0.0,
0.0,
0.0,
0.0,
0.0,
0.0,
0.0,
0.0,
0.0,
12.0,
0.0,
10.0,
0.0,
0.0,
0.0,
8.0,
2.0,
186.0,
255.0,
123.0,
1.0,
0.0,
12.0,
0.0,
0.0,
0.0,
0.0,
0.0,
2.0,
1.0,
0.0,
0.0,
5.0,
4.0,
0.0,
28.0,
170.0,
0.0,
0.0,
4.0,
7.0,
8.0,
0.0,
0.0,
0.0,
111.0,
242.0,
204.0,
0.0,
0.0,
11.0,
0.0,
0.0,
0.0,
0.0,
0.0,
0.0,
0.0,
4.0,
2.0,
7.0,
0.0,
0.0,
51.0,
255.0,
81.0,
8.0,
0.0,
0.0,
0.0,
0.0,
6.0,
0.0,
0.0,
171.0,
255.0,
33.0,
15.0,
0.0,
9.0,
0.0,
0.0,
0.0,
0.0,
2.0,
2.0,
0.0,
0.0,
4.0,
0.0,
11.0,
112.0,
241.0,
54.0,
0.0,
20.0,
0.0,
3.0,
13.0,
0.0,
17.0,
0.0,
206.0,
189.0,
9.0,
0.0,
12.0,
0.0,
0.0,
0.0,
0.0,
0.0,
1.0,
5.0,
0.0,
0.0,
4.0,
0.0,
20.0,
121.0,
255.0,
82.0,
0.0,
15.0,
0.0,
7.0,
11.0,
0.0,
0.0,
54.0,
252.0,
200.0,
0.0,
0.0,
2.0,
6.0,
0.0,
0.0,
0.0,
0.0,
0.0,
4.0,
5.0,
0.0,
9.0,
0.0,
0.0,
50.0,
236.0,
183.0,
36.0,
0.0,
0.0,
5.0,
0.0,
11.0,
62.0,
193.0,
255.0,
147.0,
4.0,
0.0,
0.0,
3.0,
0.0,
0.0,
0.0,
0.0,
0.0,
2.0,
5.0,
0.0,
1.0,
1.0,
0.0,
4.0,
156.0,
243.0,
186.0,
67.0,
15.0,
25.0,
73.0,
150.0,
243.0,
255.0,
165.0,
0.0,
0.0,
0.0,
14.0,
0.0,
0.0,
0.0,
0.0,
0.0,
9.0,
0.0,
2.0,
0.0,
0.0,
4.0,
0.0,
5.0,
3.0,
134.0,
247.0,
250.0,
241.0,
244.0,
253.0,
255.0,
202.0,
133.0,
0.0,
3.0,
0.0,
7.0,
0.0,
12.0,
0.0,
0.0,
0.0,
0.0,
5.0,
0.0,
7.0,
12.0,
0.0,
3.0,
0.0,
0.0,
0.0,
2.0,
32.0,
97.0,
240.0,
249.0,
156.0,
95.0,
3.0,
0.0,
0.0,
15.0,
0.0,
0.0,
11.0,
0.0,
0.0,
0.0,
0.0,
0.0,
0.0,
0.0,
0.0,
0.0,
0.0,
0.0,
0.0,
0.0,
0.0,
0.0,
0.0,
0.0,
0.0,
0.0,
0.0,
0.0,
0.0,
0.0,
0.0,
0.0,
0.0,
0.0,
0.0,
0.0,
0.0,
0.0,
0.0,
0.0,
0.0,
0.0,
0.0,
0.0,
0.0,
0.0,
0.0,
0.0,
0.0,
0.0,
0.0,
0.0,
0.0,
0.0,
0.0,
0.0,
0.0,
0.0,
0.0,
0.0,
0.0,
0.0,
0.0,
0.0,
0.0,
0.0,
0.0,
0.0,
0.0,
0.0,
0.0,
0.0,
0.0,
0.0,
0.0,
0.0,
0.0,
0.0,
0.0,
0.0,
0.0,
0.0,
0.0,
0.0,
0.0,
0.0,
0.0,
0.0,
0.0,
0.0,
0.0,
0.0,
0.0,
0.0,
0.0,
0.0,
0.0,
0.0,
0.0,
0.0,
0.0,
0.0,
0.0,
0.0,
0.0,
0.0,
0.0,
0.0,
0.0,
0.0,
0.0,
0.0,
0.0,
0.0,
0.0,
0.0,
0.0,
0.0,
0.0,
0.0,
0.0,
0.0,
0.0,
0.0,
