0.0,
0.0,
0.0,
0.0,
0.0,
0.0,
0.0,
0.0,
0.0,
13.0,
0.0,
8.0,
7.0,
4.0,
0.0,
0.0,
0.0,
6.0,
0.0,
0.0,
1.0,
6.0,
0.0,
7.0,
0.0,
0.0,
0.0,
0.0,
0.0,
0.0,
0.0,
0.0,
0.0,
0.0,
0.0,
0.0,
3.0,
6.0,
0.0,
0.0,
1.0,
0.0,
0.0,
12.0,
6.0,
9.0,
12.0,
4.0,
11.0,
0.0,
0.0,
0.0,
0.0,
0.0,
0.0,
0.0,
0.0,
0.0,
0.0,
0.0,
0.0,
0.0,
0.0,
0.0,
5.0,
0.0,
0.0,
0.0,
10.0,
9.0,
0.0,
0.0,
0.0,
0.0,
5.0,
0.0,
3.0,
0.0,
3.0,
3.0,
0.0,
0.0,
0.0,
0.0,
0.0,
0.0,
0.0,
0.0,
0.0,
0.0,
0.0,
0.0,
0.0,
0.0,
7.0,
5.0,
0.0,
0.0,
0.0,
9.0,
11.0,
8.0,
5.0,
0.0,
0.0,
6.0,
8.0,
0.0,
0.0,
0.0,
0.0,
0.0,
0.0,
0.0,
0.0,
0.0,
0.0,
0.0,
0.0,
0.0,
0.0,
0.0,
4.0,
0.0,
6.0,
11.0,
10.0,
5.0,
0.0,
0.0,
0.0,
9.0,
2.0,
0.0,
0.0,
2.0,
0.0,
0.0,
0.0,
0.0,
0.0,
0.0,
0.0,
0.0,
0.0,
0.0,
0.0,
0.0,
0.0,
58.0,
128.0,
149.0,
243.0,
237.0,
255.0,
235.0,
255.0,
162.0,
29.0,
0.0,
0.0,
12.0,
0.0,
4.0,
0.0,
0.0,
0.0,
0.0,
0.0,
0.0,
0.0,
0.0,
0.0,
0.0,
0.0,
0.0,
65.0,
216.0,
255.0,
254.0,
251.0,
213.0,
253.0,
255.0,
249.0,
248.0,
169.0,
21.0,
5.0,
0.0,
0.0,
7.0,
0.0,
0.0,
0.0,
0.0,
0.0,
0.0,
0.0,
0.0,
0.0,
0.0,
0.0,
0.0,
140.0,
255.0,
163.0,
108.0,
16.0,
9.0,
28.0,
64.0,
205.0,
255.0,
212.0,
0.0,
2.0,
0.0,
22.0,
0.0,
0.0,
0.0,
0.0,
0.0,
0.0,
0.0,
0.0,
0.0,
0.0,
0.0,
0.0,
0.0,
19.0,
120.0,
14.0,
0.0,
13.0,
0.0,
0.0,
1.0,
185.0,
248.0,
202.0,
7.0,
0.0,
3.0,
4.0,
0.0,
0.0,
0.0,
0.0,
0.0,
0.0,
0.0,
0.0,
0.0,
0.0,
0.0,
0.0,
0.0,
0.0,
17.0,
1.0,
7.0,
0.0,
0.0,
12.0,
110.0,
214.0,
255.0,
218.0,
0.0,
0.0,
9.0,
0.0,
0.0,
0.0,
0.0,
0.0,
0.0,
0.0,
0.0,
0.0,
0.0,
0.0,
0.0,
0.0,
0.0,
16.0,
0.0,
2.0,
8.0,
10.0,
14.0,
167.0,
239.0,
255.0,
245.0,
135.0,
0.0,
0.0,
0.0,
0.0,
14.0,
0.0,
0.0,
0.0,
0.0,
0.0,
0.0,
0.0,
0.0,
0.0,
0.0,
0.0,
0.0,
6.0,
16.0,
83.0,
81.0,
161.0,
233.0,
251.0,
250.0,
216.0,
131.0,
0.0,
0.0,
9.0,
9.0,
3.0,
0.0,
0.0,
0.0,
0.0,
0.0,
0.0,
0.0,
0.0,
0.0,
0.0,
0.0,
0.0,
0.0,
30.0,
255.0,
253.0,
248.0,
255.0,
255.0,
244.0,
235.0,
23.0,
4.0,
0.0,
22.0,
0.0,
0.0,
4.0,
5.0,
0.0,
0.0,
0.0,
0.0,
0.0,
0.0,
0.0,
0.0,
0.0,
0.0,
0.0,
0.0,
30.0,
144.0,
206.0,
182.0,
231.0,
251.0,
254.0,
245.0,
102.0,
0.0,
0.0,
0.0,
8.0,
14.0,
0.0,
0.0,
0.0,
0.0,
0.0,
0.0,
0.0,
0.0,
0.0,
0.0,
0.0,
0.0,
0.0,
0.0,
0.0,
0.0,
9.0,
1.0,
40.0,
55.0,
191.0,
250.0,
245.0,
131.0,
16.0,
0.0,
3.0,
5.0,
0.0,
15.0,
0.0,
0.0,
0.0,
0.0,
0.0,
0.0,
0.0,
0.0,
0.0,
0.0,
0.0,
0.0,
0.0,
13.0,
0.0,
7.0,
0.0,
6.0,
0.0,
195.0,
252.0,
250.0,
14.0,
7.0,
0.0,
11.0,
0.0,
5.0,
0.0,
0.0,
0.0,
0.0,
0.0,
12.0,
0.0,
0.0,
9.0,
7.0,
0.0,
0.0,
4.0,
0.0,
10.0,
0.0,
0.0,
0.0,
0.0,
11.0,
179.0,
255.0,
184.0,
0.0,
5.0,
0.0,
11.0,
0.0,
0.0,
0.0,
0.0,
0.0,
0.0,
0.0,
10.0,
14.0,
0.0,
0.0,
176.0,
242.0,
163.0,
14.0,
0.0,
6.0,
15.0,
3.0,
6.0,
0.0,
123.0,
227.0,
246.0,
41.0,
0.0,
0.0,
0.0,
4.0,
0.0,
0.0,
0.0,
0.0,
8.0,
0.0,
0.0,
9.0,
0.0,
23.0,
250.0,
174.0,
48.0,
0.0,
8.0,
5.0,
0.0,
0.0,
0.0,
7.0,
3.0,
218.0,
236.0,
208.0,
6.0,
13.0,
2.0,
0.0,
0.0,
0.0,
0.0,
0.0,
2.0,
5.0,
0.0,
0.0,
0.0,
34.0,
240.0,
149.0,
0.0,
0.0,
10.0,
0.0,
2.0,
16.0,
16.0,
3.0,
0.0,
159.0,
255.0,
235.0,
15.0,
9.0,
0.0,
5.0,
0.0,
0.0,
0.0,
0.0,
0.0,
7.0,
0.0,
5.0,
0.0,
7.0,
173.0,
255.0,
89.0,
0.0,
0.0,
10.0,
0.0,
0.0,
2.0,
0.0,
2.0,
147.0,
255.0,
205.0,
6.0,
0.0,
0.0,
2.0,
0.0,
0.0,
0.0,
0.0,
0.0,
2.0,
0.0,
3.0,
8.0,
0.0,
57.0,
203.0,
222.0,
70.0,
0.0,
0.0,
16.0,
0.0,
0.0,
14.0,
81.0,
231.0,
237.0,
174.0,
2.0,
0.0,
20.0,
0.0,
0.0,
0.0,
0.0,
0.0,
0.0,
5.0,
8.0,
0.0,
0.0,
1.0,
1.0,
103.0,
246.0,
247.0,
208.0,
133.0,
133.0,
117.0,
141.0,
221.0,
250.0,
255.0,
237.0,
45.0,
0.0,
0.0,
0.0,
0.0,
0.0,
0.0,
0.0,
0.0,
8.0,
0.0,
6.0,
1.0,
2.0,
9.0,
0.0,
11.0,
54.0,
158.0,
255.0,
245.0,
249.0,
255.0,
255.0,
245.0,
253.0,
230.0,
103.0,
0.0,
1.0,
0.0,
3.0,
3.0,
0.0,
0.0,
0.0,
0.0,
0.0,
0.0,
0.0,
0.0,
0.0,
0.0,
0.0,
0.0,
3.0,
6.0,
33.0,
124.0,
134.0,
164.0,
238.0,
161.0,
103.0,
39.0,
0.0,
0.0,
7.0,
0.0,
0.0,
2.0,
0.0,
0.0,
0.0,
0.0,
0.0,
0.0,
0.0,
0.0,
0.0,
0.0,
0.0,
0.0,
0.0,
0.0,
0.0,
13.0,
5.0,
0.0,
32.0,
0.0,
14.0,
2.0,
0.0,
5.0,
6.0,
0.0,
0.0,
0.0,
0.0,
0.0,
0.0,
0.0,
0.0,
0.0,
0.0,
0.0,
0.0,
0.0,
0.0,
0.0,
1.0,
19.0,
0.0,
0.0,
3.0,
0.0,
0.0,
0.0,
0.0,
0.0,
5.0,
0.0,
0.0,
0.0,
2.0,
0.0,
0.0,
0.0,
0.0,
0.0,
0.0,
0.0,
0.0,
0.0,
0.0,
0.0,
0.0,
0.0,
0.0,
1.0,
1.0,
0.0,
7.0,
5.0,
0.0,
11.0,
5.0,
9.0,
3.0,
0.0,
0.0,
3.0,
6.0,
0.0,
0.0,
0.0,
0.0,
0.0,
