0.0,
0.0,
0.0,
0.0,
0.0,
0.0,
0.0,
0.0,
3.0,
0.0,
9.0,
0.0,
0.0,
1.0,
0.0,
3.0,
6.0,
0.0,
0.0,
13.0,
0.0,
0.0,
7.0,
0.0,
0.0,
0.0,
0.0,
0.0,
0.0,
0.0,
0.0,
0.0,
0.0,
0.0,
0.0,
0.0,
0.0,
0.0,
2.0,
9.0,
9.0,
4.0,
0.0,
0.0,
2.0,
10.0,
8.0,
0.0,
2.0,
14.0,
1.0,
2.0,
0.0,
0.0,
0.0,
0.0,
0.0,
0.0,
0.0,
0.0,
0.0,
0.0,
0.0,
0.0,
16.0,
4.0,
0.0,
0.0,
1.0,
0.0,
2.0,
2.0,
0.0,
2.0,
7.0,
0.0,
0.0,
4.0,
0.0,
2.0,
0.0,
0.0,
0.0,
0.0,
0.0,
0.0,
0.0,
0.0,
0.0,
0.0,
0.0,
0.0,
0.0,
2.0,
0.0,
4.0,
0.0,
0.0,
7.0,
5.0,
0.0,
0.0,
4.0,
17.0,
6.0,
0.0,
0.0,
1.0,
0.0,
0.0,
0.0,
0.0,
0.0,
0.0,
0.0,
0.0,
0.0,
0.0,
0.0,
0.0,
0.0,
7.0,
0.0,
0.0,
0.0,
8.0,
2.0,
0.0,
0.0,
8.0,
0.0,
0.0,
9.0,
0.0,
5.0,
4.0,
0.0,
0.0,
0.0,
0.0,
0.0,
0.0,
0.0,
0.0,
0.0,
0.0,
0.0,
0.0,
0.0,
3.0,
10.0,
0.0,
14.0,
81.0,
134.0,
175.0,
144.0,
164.0,
78.0,
0.0,
1.0,
0.0,
0.0,
0.0,
0.0,
0.0,
0.0,
0.0,
0.0,
0.0,
0.0,
0.0,
0.0,
0.0,
0.0,
0.0,
17.0,
0.0,
10.0,
63.0,
168.0,
255.0,
243.0,
244.0,
255.0,
255.0,
239.0,
107.0,
8.0,
8.0,
0.0,
0.0,
0.0,
0.0,
0.0,
0.0,
0.0,
0.0,
0.0,
0.0,
0.0,
0.0,
0.0,
0.0,
0.0,
31.0,
181.0,
250.0,
255.0,
196.0,
58.0,
26.0,
108.0,
94.0,
244.0,
167.0,
0.0,
0.0,
8.0,
2.0,
0.0,
0.0,
0.0,
0.0,
0.0,
0.0,
0.0,
0.0,
0.0,
0.0,
0.0,
0.0,
5.0,
72.0,
238.0,
187.0,
74.0,
0.0,
4.0,
0.0,
0.0,
142.0,
253.0,
84.0,
0.0,
0.0,
1.0,
8.0,
0.0,
0.0,
0.0,
0.0,
0.0,
0.0,
0.0,
0.0,
0.0,
0.0,
0.0,
0.0,
0.0,
0.0,
23.0,
0.0,
4.0,
13.0,
0.0,
1.0,
90.0,
237.0,
197.0,
15.0,
2.0,
4.0,
0.0,
0.0,
0.0,
0.0,
0.0,
0.0,
0.0,
0.0,
0.0,
0.0,
0.0,
0.0,
0.0,
0.0,
11.0,
0.0,
8.0,
7.0,
0.0,
0.0,
0.0,
72.0,
225.0,
255.0,
153.0,
43.0,
0.0,
0.0,
20.0,
9.0,
0.0,
0.0,
0.0,
0.0,
0.0,
0.0,
0.0,
0.0,
0.0,
0.0,
0.0,
0.0,
0.0,
0.0,
2.0,
8.0,
0.0,
45.0,
122.0,
222.0,
255.0,
236.0,
254.0,
255.0,
173.0,
39.0,
0.0,
0.0,
0.0,
0.0,
0.0,
0.0,
0.0,
0.0,
0.0,
0.0,
0.0,
0.0,
0.0,
0.0,
0.0,
2.0,
0.0,
37.0,
170.0,
251.0,
249.0,
243.0,
132.0,
70.0,
62.0,
126.0,
254.0,
200.0,
0.0,
0.0,
0.0,
0.0,
0.0,
0.0,
0.0,
0.0,
0.0,
0.0,
0.0,
0.0,
0.0,
0.0,
3.0,
7.0,
143.0,
252.0,
255.0,
244.0,
181.0,
37.0,
0.0,
5.0,
0.0,
0.0,
209.0,
230.0,
0.0,
0.0,
0.0,
0.0,
0.0,
0.0,
0.0,
0.0,
0.0,
0.0,
0.0,
0.0,
0.0,
0.0,
23.0,
182.0,
255.0,
255.0,
210.0,
99.0,
0.0,
4.0,
0.0,
6.0,
0.0,
13.0,
211.0,
199.0,
14.0,
0.0,
0.0,
0.0,
0.0,
0.0,
0.0,
0.0,
0.0,
0.0,
0.0,
0.0,
0.0,
0.0,
126.0,
255.0,
239.0,
132.0,
8.0,
16.0,
1.0,
0.0,
4.0,
0.0,
0.0,
100.0,
255.0,
141.0,
0.0,
6.0,
0.0,
0.0,
0.0,
0.0,
0.0,
7.0,
163.0,
89.0,
0.0,
0.0,
15.0,
0.0,
17.0,
127.0,
64.0,
2.0,
8.0,
0.0,
4.0,
0.0,
12.0,
0.0,
21.0,
198.0,
214.0,
53.0,
4.0,
0.0,
0.0,
0.0,
0.0,
0.0,
0.0,
0.0,
85.0,
255.0,
112.0,
3.0,
0.0,
5.0,
2.0,
5.0,
0.0,
0.0,
0.0,
2.0,
10.0,
7.0,
0.0,
11.0,
146.0,
255.0,
131.0,
0.0,
11.0,
0.0,
0.0,
0.0,
0.0,
0.0,
15.0,
8.0,
0.0,
106.0,
228.0,
174.0,
24.0,
0.0,
10.0,
0.0,
0.0,
0.0,
8.0,
8.0,
0.0,
8.0,
77.0,
206.0,
255.0,
161.0,
4.0,
0.0,
18.0,
0.0,
0.0,
0.0,
0.0,
0.0,
0.0,
6.0,
0.0,
30.0,
188.0,
233.0,
249.0,
105.0,
17.0,
0.0,
12.0,
10.0,
5.0,
1.0,
43.0,
187.0,
244.0,
251.0,
138.0,
5.0,
0.0,
12.0,
0.0,
1.0,
0.0,
0.0,
0.0,
0.0,
16.0,
0.0,
0.0,
16.0,
0.0,
89.0,
230.0,
244.0,
237.0,
181.0,
159.0,
142.0,
139.0,
202.0,
249.0,
236.0,
172.0,
80.0,
5.0,
0.0,
6.0,
11.0,
0.0,
4.0,
0.0,
0.0,
0.0,
0.0,
0.0,
0.0,
1.0,
0.0,
0.0,
16.0,
0.0,
107.0,
170.0,
234.0,
255.0,
255.0,
255.0,
241.0,
177.0,
55.0,
7.0,
0.0,
11.0,
3.0,
0.0,
0.0,
8.0,
1.0,
0.0,
0.0,
0.0,
0.0,
0.0,
24.0,
2.0,
0.0,
15.0,
0.0,
1.0,
5.0,
0.0,
10.0,
1.0,
52.0,
96.0,
49.0,
4.0,
1.0,
5.0,
2.0,
0.0,
0.0,
9.0,
1.0,
0.0,
0.0,
0.0,
0.0,
0.0,
0.0,
0.0,
0.0,
2.0,
0.0,
0.0,
3.0,
0.0,
3.0,
0.0,
2.0,
10.0,
5.0,
0.0,
0.0,
3.0,
0.0,
0.0,
5.0,
0.0,
3.0,
1.0,
0.0,
6.0,
0.0,
0.0,
0.0,
0.0,
0.0,
0.0,
0.0,
0.0,
0.0,
0.0,
0.0,
0.0,
0.0,
0.0,
0.0,
0.0,
0.0,
0.0,
0.0,
0.0,
0.0,
0.0,
0.0,
0.0,
0.0,
0.0,
0.0,
0.0,
0.0,
0.0,
0.0,
0.0,
0.0,
0.0,
0.0,
0.0,
0.0,
0.0,
0.0,
0.0,
0.0,
0.0,
0.0,
0.0,
0.0,
0.0,
0.0,
0.0,
0.0,
0.0,
0.0,
0.0,
0.0,
0.0,
0.0,
0.0,
0.0,
0.0,
0.0,
0.0,
0.0,
0.0,
0.0,
0.0,
0.0,
0.0,
0.0,
0.0,
0.0,
0.0,
0.0,
0.0,
0.0,
0.0,
0.0,
0.0,
0.0,
0.0,
0.0,
0.0,
0.0,
0.0,
0.0,
0.0,
0.0,
0.0,
0.0,
0.0,
0.0,
0.0,
0.0,
0.0,
0.0,
0.0,
0.0,
0.0,
0.0,
0.0,
0.0,
0.0,
0.0,
0.0,
0.0,
0.0,
0.0,
0.0,
0.0,
0.0,
0.0,
0.0,
0.0,
0.0,
0.0,
0.0,
0.0,
0.0,
0.0,
