0.0,
0.0,
0.0,
0.0,
0.0,
0.0,
0.0,
0.0,
7.0,
0.0,
0.0,
6.0,
0.0,
12.0,
0.0,
2.0,
7.0,
0.0,
4.0,
0.0,
5.0,
14.0,
0.0,
0.0,
0.0,
0.0,
0.0,
0.0,
0.0,
0.0,
0.0,
0.0,
0.0,
0.0,
0.0,
0.0,
0.0,
21.0,
7.0,
6.0,
0.0,
0.0,
8.0,
0.0,
0.0,
0.0,
8.0,
6.0,
0.0,
0.0,
12.0,
0.0,
0.0,
0.0,
0.0,
0.0,
0.0,
0.0,
0.0,
0.0,
0.0,
0.0,
0.0,
0.0,
11.0,
8.0,
0.0,
0.0,
15.0,
0.0,
5.0,
0.0,
6.0,
7.0,
0.0,
5.0,
9.0,
0.0,
5.0,
3.0,
0.0,
0.0,
0.0,
0.0,
0.0,
0.0,
0.0,
0.0,
0.0,
0.0,
0.0,
0.0,
0.0,
0.0,
21.0,
0.0,
0.0,
3.0,
2.0,
4.0,
0.0,
18.0,
0.0,
0.0,
23.0,
4.0,
0.0,
1.0,
0.0,
0.0,
0.0,
0.0,
0.0,
0.0,
0.0,
0.0,
0.0,
0.0,
0.0,
0.0,
4.0,
9.0,
161.0,
255.0,
252.0,
171.0,
80.0,
12.0,
0.0,
5.0,
15.0,
0.0,
0.0,
11.0,
0.0,
0.0,
0.0,
0.0,
0.0,
0.0,
0.0,
0.0,
0.0,
0.0,
0.0,
0.0,
0.0,
0.0,
1.0,
0.0,
58.0,
196.0,
254.0,
248.0,
255.0,
214.0,
77.0,
0.0,
0.0,
10.0,
0.0,
2.0,
6.0,
0.0,
0.0,
0.0,
0.0,
0.0,
0.0,
0.0,
0.0,
0.0,
0.0,
0.0,
0.0,
0.0,
0.0,
21.0,
1.0,
0.0,
16.0,
98.0,
208.0,
242.0,
208.0,
62.0,
0.0,
7.0,
8.0,
0.0,
0.0,
4.0,
0.0,
0.0,
0.0,
0.0,
0.0,
0.0,
0.0,
0.0,
0.0,
0.0,
0.0,
0.0,
5.0,
0.0,
0.0,
10.0,
0.0,
0.0,
12.0,
152.0,
255.0,
192.0,
30.0,
0.0,
12.0,
0.0,
0.0,
5.0,
0.0,
0.0,
0.0,
0.0,
0.0,
0.0,
0.0,
0.0,
0.0,
0.0,
0.0,
0.0,
0.0,
5.0,
10.0,
0.0,
12.0,
0.0,
0.0,
8.0,
144.0,
250.0,
136.0,
0.0,
0.0,
7.0,
4.0,
0.0,
0.0,
0.0,
0.0,
0.0,
0.0,
0.0,
0.0,
0.0,
0.0,
0.0,
0.0,
0.0,
5.0,
0.0,
0.0,
0.0,
12.0,
0.0,
0.0,
6.0,
109.0,
255.0,
214.0,
21.0,
0.0,
0.0,
5.0,
0.0,
0.0,
0.0,
0.0,
0.0,
0.0,
0.0,
0.0,
0.0,
0.0,
0.0,
0.0,
0.0,
0.0,
11.0,
0.0,
0.0,
0.0,
13.0,
2.0,
1.0,
132.0,
249.0,
160.0,
0.0,
0.0,
2.0,
0.0,
12.0,
0.0,
0.0,
0.0,
0.0,
0.0,
0.0,
0.0,
0.0,
0.0,
0.0,
0.0,
0.0,
0.0,
28.0,
59.0,
145.0,
162.0,
105.0,
89.0,
195.0,
255.0,
234.0,
55.0,
0.0,
3.0,
15.0,
0.0,
2.0,
0.0,
0.0,
0.0,
0.0,
0.0,
0.0,
0.0,
0.0,
0.0,
0.0,
0.0,
0.0,
0.0,
203.0,
255.0,
255.0,
255.0,
255.0,
233.0,
255.0,
251.0,
168.0,
0.0,
0.0,
0.0,
1.0,
19.0,
0.0,
0.0,
0.0,
0.0,
0.0,
0.0,
0.0,
0.0,
0.0,
0.0,
0.0,
0.0,
0.0,
2.0,
176.0,
248.0,
235.0,
232.0,
213.0,
193.0,
243.0,
249.0,
255.0,
127.0,
5.0,
4.0,
0.0,
8.0,
0.0,
0.0,
0.0,
0.0,
0.0,
0.0,
0.0,
0.0,
0.0,
0.0,
0.0,
0.0,
0.0,
0.0,
15.0,
46.0,
63.0,
49.0,
0.0,
0.0,
52.0,
122.0,
245.0,
215.0,
36.0,
16.0,
3.0,
0.0,
3.0,
0.0,
0.0,
0.0,
0.0,
0.0,
0.0,
0.0,
0.0,
0.0,
0.0,
0.0,
0.0,
8.0,
0.0,
2.0,
0.0,
0.0,
0.0,
18.0,
0.0,
2.0,
130.0,
255.0,
140.0,
0.0,
4.0,
0.0,
4.0,
0.0,
0.0,
0.0,
0.0,
0.0,
3.0,
0.0,
0.0,
3.0,
2.0,
0.0,
2.0,
3.0,
6.0,
0.0,
0.0,
1.0,
0.0,
10.0,
0.0,
0.0,
83.0,
238.0,
196.0,
0.0,
2.0,
0.0,
10.0,
0.0,
0.0,
0.0,
0.0,
0.0,
3.0,
1.0,
0.0,
0.0,
0.0,
0.0,
2.0,
0.0,
5.0,
12.0,
0.0,
0.0,
6.0,
0.0,
0.0,
20.0,
174.0,
255.0,
124.0,
1.0,
11.0,
0.0,
0.0,
0.0,
0.0,
0.0,
0.0,
0.0,
4.0,
0.0,
0.0,
1.0,
3.0,
3.0,
10.0,
11.0,
0.0,
0.0,
0.0,
0.0,
6.0,
0.0,
18.0,
91.0,
252.0,
242.0,
29.0,
0.0,
4.0,
1.0,
6.0,
0.0,
0.0,
0.0,
0.0,
0.0,
1.0,
0.0,
0.0,
6.0,
2.0,
0.0,
0.0,
0.0,
0.0,
16.0,
10.0,
0.0,
0.0,
30.0,
95.0,
240.0,
255.0,
160.0,
0.0,
3.0,
0.0,
0.0,
7.0,
0.0,
0.0,
0.0,
0.0,
0.0,
0.0,
0.0,
0.0,
0.0,
0.0,
6.0,
39.0,
3.0,
5.0,
0.0,
0.0,
67.0,
168.0,
245.0,
249.0,
239.0,
151.0,
32.0,
0.0,
6.0,
0.0,
1.0,
0.0,
0.0,
0.0,
0.0,
0.0,
0.0,
2.0,
2.0,
0.0,
0.0,
9.0,
97.0,
200.0,
34.0,
110.0,
161.0,
216.0,
247.0,
251.0,
253.0,
208.0,
76.0,
8.0,
0.0,
10.0,
0.0,
0.0,
7.0,
2.0,
0.0,
0.0,
0.0,
0.0,
5.0,
1.0,
0.0,
1.0,
0.0,
18.0,
138.0,
255.0,
255.0,
254.0,
250.0,
246.0,
206.0,
128.0,
51.0,
0.0,
1.0,
0.0,
9.0,
23.0,
0.0,
0.0,
0.0,
7.0,
0.0,
0.0,
0.0,
0.0,
0.0,
0.0,
0.0,
13.0,
0.0,
0.0,
80.0,
202.0,
240.0,
182.0,
119.0,
37.0,
4.0,
14.0,
0.0,
0.0,
1.0,
7.0,
0.0,
0.0,
1.0,
15.0,
0.0,
0.0,
0.0,
0.0,
0.0,
0.0,
0.0,
0.0,
0.0,
0.0,
0.0,
0.0,
0.0,
0.0,
0.0,
0.0,
0.0,
0.0,
0.0,
0.0,
0.0,
0.0,
0.0,
0.0,
0.0,
0.0,
0.0,
0.0,
0.0,
0.0,
0.0,
0.0,
0.0,
0.0,
0.0,
0.0,
0.0,
0.0,
0.0,
0.0,
0.0,
0.0,
0.0,
0.0,
0.0,
0.0,
0.0,
0.0,
0.0,
0.0,
0.0,
0.0,
0.0,
0.0,
0.0,
0.0,
0.0,
0.0,
0.0,
0.0,
0.0,
0.0,
0.0,
0.0,
0.0,
0.0,
0.0,
0.0,
0.0,
0.0,
0.0,
0.0,
0.0,
0.0,
0.0,
0.0,
0.0,
0.0,
0.0,
0.0,
0.0,
0.0,
0.0,
0.0,
0.0,
0.0,
0.0,
0.0,
0.0,
0.0,
0.0,
0.0,
0.0,
0.0,
0.0,
0.0,
0.0,
0.0,
0.0,
0.0,
0.0,
0.0,
0.0,
0.0,
0.0,
0.0,
0.0,
0.0,
0.0,
0.0,
0.0,
0.0,
0.0,
0.0,
0.0,
0.0,
0.0,
0.0,
