2.0,
4.0,
6.0,
0.0,
0.0,
0.0,
8.0,
0.0,
4.0,
0.0,
0.0,
2.0,
1.0,
0.0,
0.0,
4.0,
0.0,
11.0,
0.0,
0.0,
0.0,
0.0,
0.0,
9.0,
0.0,
0.0,
0.0,
0.0,
5.0,
0.0,
0.0,
7.0,
6.0,
0.0,
0.0,
0.0,
0.0,
1.0,
4.0,
1.0,
0.0,
0.0,
0.0,
0.0,
14.0,
11.0,
0.0,
11.0,
11.0,
1.0,
0.0,
0.0,
0.0,
0.0,
0.0,
0.0,
0.0,
0.0,
0.0,
5.0,
2.0,
0.0,
0.0,
12.0,
0.0,
4.0,
6.0,
0.0,
0.0,
4.0,
7.0,
2.0,
0.0,
0.0,
0.0,
0.0,
0.0,
0.0,
3.0,
7.0,
0.0,
0.0,
0.0,
0.0,
0.0,
7.0,
5.0,
0.0,
0.0,
1.0,
0.0,
0.0,
6.0,
5.0,
0.0,
0.0,
0.0,
0.0,
0.0,
0.0,
4.0,
0.0,
22.0,
7.0,
0.0,
1.0,
4.0,
0.0,
0.0,
0.0,
0.0,
0.0,
0.0,
5.0,
0.0,
0.0,
8.0,
4.0,
0.0,
1.0,
1.0,
0.0,
0.0,
5.0,
14.0,
7.0,
0.0,
0.0,
16.0,
0.0,
0.0,
0.0,
0.0,
5.0,
6.0,
0.0,
0.0,
0.0,
0.0,
0.0,
0.0,
0.0,
0.0,
5.0,
1.0,
0.0,
35.0,
126.0,
136.0,
132.0,
156.0,
207.0,
243.0,
250.0,
252.0,
255.0,
199.0,
102.0,
0.0,
15.0,
8.0,
0.0,
0.0,
1.0,
0.0,
0.0,
0.0,
0.0,
0.0,
3.0,
3.0,
5.0,
0.0,
0.0,
93.0,
249.0,
249.0,
243.0,
248.0,
255.0,
255.0,
255.0,
249.0,
250.0,
255.0,
168.0,
0.0,
1.0,
0.0,
0.0,
2.0,
9.0,
0.0,
0.0,
0.0,
0.0,
0.0,
6.0,
0.0,
0.0,
4.0,
21.0,
119.0,
255.0,
255.0,
255.0,
254.0,
251.0,
248.0,
249.0,
254.0,
255.0,
251.0,
203.0,
14.0,
11.0,
0.0,
8.0,
5.0,
0.0,
0.0,
0.0,
0.0,
0.0,
0.0,
9.0,
0.0,
2.0,
6.0,
0.0,
34.0,
167.0,
235.0,
224.0,
245.0,
255.0,
251.0,
240.0,
255.0,
243.0,
254.0,
170.0,
2.0,
2.0,
9.0,
1.0,
0.0,
1.0,
0.0,
0.0,
0.0,
0.0,
0.0,
8.0,
0.0,
0.0,
6.0,
0.0,
0.0,
9.0,
0.0,
10.0,
188.0,
248.0,
255.0,
250.0,
242.0,
251.0,
249.0,
201.0,
133.0,
4.0,
0.0,
10.0,
12.0,
0.0,
0.0,
0.0,
0.0,
0.0,
0.0,
6.0,
2.0,
0.0,
8.0,
13.0,
0.0,
0.0,
5.0,
89.0,
255.0,
236.0,
243.0,
252.0,
255.0,
255.0,
255.0,
247.0,
242.0,
124.0,
19.0,
0.0,
0.0,
0.0,
0.0,
0.0,
0.0,
0.0,
7.0,
2.0,
3.0,
3.0,
0.0,
0.0,
2.0,
12.0,
6.0,
31.0,
243.0,
255.0,
255.0,
252.0,
208.0,
252.0,
241.0,
255.0,
253.0,
252.0,
112.0,
0.0,
0.0,
3.0,
0.0,
0.0,
0.0,
0.0,
11.0,
0.0,
0.0,
7.0,
2.0,
0.0,
0.0,
0.0,
0.0,
0.0,
75.0,
195.0,
177.0,
71.0,
53.0,
76.0,
120.0,
231.0,
245.0,
255.0,
160.0,
0.0,
6.0,
3.0,
0.0,
0.0,
0.0,
0.0,
0.0,
0.0,
0.0,
6.0,
7.0,
11.0,
10.0,
0.0,
14.0,
0.0,
0.0,
17.0,
0.0,
6.0,
0.0,
9.0,
14.0,
133.0,
255.0,
241.0,
209.0,
16.0,
4.0,
0.0,
0.0,
0.0,
0.0,
0.0,
0.0,
8.0,
7.0,
0.0,
0.0,
0.0,
0.0,
0.0,
0.0,
6.0,
0.0,
5.0,
4.0,
0.0,
8.0,
0.0,
0.0,
45.0,
252.0,
255.0,
252.0,
24.0,
0.0,
0.0,
0.0,
0.0,
0.0,
0.0,
1.0,
0.0,
0.0,
0.0,
8.0,
4.0,
0.0,
6.0,
0.0,
2.0,
10.0,
0.0,
3.0,
0.0,
10.0,
4.0,
6.0,
9.0,
199.0,
255.0,
246.0,
24.0,
0.0,
1.0,
0.0,
0.0,
0.0,
0.0,
0.0,
0.0,
0.0,
5.0,
0.0,
0.0,
7.0,
0.0,
0.0,
2.0,
0.0,
0.0,
9.0,
10.0,
0.0,
9.0,
2.0,
0.0,
219.0,
255.0,
243.0,
128.0,
0.0,
7.0,
0.0,
0.0,
0.0,
0.0,
0.0,
8.0,
0.0,
0.0,
3.0,
0.0,
2.0,
74.0,
193.0,
217.0,
106.0,
4.0,
1.0,
0.0,
32.0,
0.0,
5.0,
2.0,
208.0,
250.0,
255.0,
43.0,
0.0,
0.0,
0.0,
0.0,
0.0,
0.0,
0.0,
17.0,
0.0,
0.0,
7.0,
0.0,
0.0,
167.0,
255.0,
254.0,
197.0,
1.0,
17.0,
4.0,
0.0,
7.0,
0.0,
89.0,
254.0,
248.0,
248.0,
35.0,
0.0,
28.0,
0.0,
0.0,
0.0,
0.0,
0.0,
13.0,
0.0,
0.0,
5.0,
3.0,
2.0,
189.0,
251.0,
255.0,
217.0,
27.0,
0.0,
0.0,
2.0,
0.0,
7.0,
120.0,
255.0,
242.0,
163.0,
0.0,
11.0,
0.0,
0.0,
0.0,
0.0,
0.0,
0.0,
1.0,
0.0,
8.0,
0.0,
7.0,
0.0,
126.0,
240.0,
251.0,
255.0,
204.0,
78.0,
0.0,
17.0,
7.0,
120.0,
255.0,
231.0,
255.0,
115.0,
7.0,
1.0,
4.0,
0.0,
0.0,
0.0,
0.0,
2.0,
0.0,
1.0,
10.0,
0.0,
3.0,
0.0,
40.0,
225.0,
252.0,
237.0,
251.0,
251.0,
225.0,
212.0,
232.0,
240.0,
255.0,
255.0,
200.0,
0.0,
13.0,
0.0,
1.0,
0.0,
0.0,
0.0,
0.0,
1.0,
0.0,
0.0,
5.0,
0.0,
0.0,
0.0,
0.0,
37.0,
243.0,
254.0,
255.0,
255.0,
245.0,
255.0,
248.0,
255.0,
234.0,
255.0,
33.0,
6.0,
0.0,
0.0,
10.0,
0.0,
0.0,
0.0,
0.0,
0.0,
2.0,
0.0,
0.0,
3.0,
1.0,
8.0,
0.0,
2.0,
36.0,
208.0,
255.0,
235.0,
255.0,
241.0,
254.0,
249.0,
217.0,
86.0,
15.0,
0.0,
0.0,
13.0,
0.0,
0.0,
0.0,
0.0,
0.0,
0.0,
0.0,
0.0,
0.0,
0.0,
0.0,
0.0,
0.0,
7.0,
0.0,
8.0,
117.0,
237.0,
215.0,
140.0,
136.0,
110.0,
42.0,
0.0,
0.0,
5.0,
0.0,
0.0,
6.0,
0.0,
0.0,
0.0,
0.0,
0.0,
0.0,
0.0,
0.0,
0.0,
0.0,
0.0,
0.0,
0.0,
6.0,
0.0,
0.0,
16.0,
9.0,
0.0,
10.0,
20.0,
3.0,
0.0,
1.0,
5.0,
0.0,
0.0,
0.0,
0.0,
0.0,
0.0,
0.0,
0.0,
0.0,
0.0,
0.0,
0.0,
0.0,
0.0,
0.0,
0.0,
14.0,
14.0,
0.0,
0.0,
0.0,
0.0,
0.0,
0.0,
0.0,
2.0,
0.0,
0.0,
0.0,
2.0,
0.0,
0.0,
0.0,
0.0,
0.0,
0.0,
0.0,
0.0,
0.0,
0.0,
0.0,
0.0,
0.0,
0.0,
0.0,
0.0,
0.0,
0.0,
3.0,
5.0,
2.0,
4.0,
7.0,
2.0,
0.0,
0.0,
3.0,
5.0,
0.0,
0.0,
0.0,
0.0,
0.0,
