0.0,
3.0,
0.0,
0.0,
5.0,
0.0,
10.0,
0.0,
0.0,
4.0,
3.0,
0.0,
2.0,
1.0,
0.0,
1.0,
0.0,
1.0,
0.0,
6.0,
0.0,
3.0,
0.0,
7.0,
0.0,
0.0,
0.0,
0.0,
7.0,
0.0,
5.0,
25.0,
0.0,
11.0,
0.0,
19.0,
12.0,
1.0,
0.0,
0.0,
0.0,
0.0,
0.0,
0.0,
0.0,
13.0,
7.0,
8.0,
0.0,
11.0,
0.0,
0.0,
0.0,
0.0,
0.0,
0.0,
0.0,
0.0,
13.0,
0.0,
6.0,
0.0,
3.0,
0.0,
0.0,
0.0,
8.0,
16.0,
0.0,
0.0,
0.0,
0.0,
0.0,
0.0,
0.0,
0.0,
0.0,
0.0,
1.0,
17.0,
0.0,
0.0,
0.0,
0.0,
0.0,
4.0,
0.0,
0.0,
0.0,
0.0,
24.0,
5.0,
18.0,
0.0,
0.0,
0.0,
0.0,
6.0,
17.0,
0.0,
7.0,
0.0,
0.0,
4.0,
8.0,
4.0,
0.0,
0.0,
0.0,
0.0,
0.0,
0.0,
24.0,
0.0,
7.0,
4.0,
0.0,
2.0,
9.0,
32.0,
241.0,
255.0,
255.0,
163.0,
31.0,
0.0,
0.0,
0.0,
0.0,
6.0,
13.0,
0.0,
0.0,
0.0,
4.0,
7.0,
0.0,
0.0,
0.0,
0.0,
0.0,
19.0,
0.0,
0.0,
5.0,
35.0,
244.0,
255.0,
255.0,
247.0,
248.0,
255.0,
255.0,
247.0,
152.0,
33.0,
34.0,
3.0,
0.0,
5.0,
17.0,
0.0,
0.0,
0.0,
0.0,
0.0,
0.0,
0.0,
6.0,
0.0,
1.0,
2.0,
3.0,
255.0,
236.0,
250.0,
249.0,
255.0,
255.0,
246.0,
245.0,
253.0,
252.0,
239.0,
248.0,
131.0,
31.0,
0.0,
9.0,
0.0,
0.0,
0.0,
0.0,
0.0,
0.0,
0.0,
0.0,
7.0,
0.0,
5.0,
0.0,
248.0,
253.0,
255.0,
252.0,
252.0,
248.0,
252.0,
255.0,
255.0,
249.0,
255.0,
241.0,
255.0,
238.0,
119.0,
43.0,
5.0,
10.0,
0.0,
0.0,
0.0,
0.0,
0.0,
0.0,
14.0,
0.0,
0.0,
4.0,
197.0,
198.0,
251.0,
239.0,
192.0,
191.0,
201.0,
220.0,
238.0,
255.0,
241.0,
255.0,
239.0,
255.0,
247.0,
255.0,
53.0,
0.0,
0.0,
0.0,
0.0,
0.0,
0.0,
0.0,
4.0,
9.0,
18.0,
0.0,
0.0,
8.0,
179.0,
143.0,
3.0,
0.0,
1.0,
77.0,
175.0,
211.0,
255.0,
232.0,
255.0,
240.0,
250.0,
246.0,
106.0,
13.0,
0.0,
0.0,
0.0,
0.0,
0.0,
19.0,
0.0,
0.0,
0.0,
7.0,
15.0,
2.0,
3.0,
1.0,
6.0,
12.0,
0.0,
0.0,
54.0,
160.0,
248.0,
255.0,
255.0,
244.0,
255.0,
255.0,
241.0,
21.0,
5.0,
0.0,
0.0,
0.0,
0.0,
1.0,
0.0,
12.0,
17.0,
0.0,
0.0,
10.0,
0.0,
0.0,
17.0,
0.0,
0.0,
44.0,
166.0,
249.0,
255.0,
247.0,
242.0,
254.0,
255.0,
246.0,
255.0,
34.0,
0.0,
1.0,
1.0,
0.0,
0.0,
0.0,
9.0,
0.0,
0.0,
7.0,
0.0,
0.0,
12.0,
6.0,
0.0,
3.0,
16.0,
102.0,
254.0,
252.0,
250.0,
255.0,
255.0,
236.0,
251.0,
249.0,
237.0,
140.0,
7.0,
3.0,
2.0,
1.0,
0.0,
0.0,
15.0,
0.0,
2.0,
0.0,
12.0,
1.0,
0.0,
0.0,
0.0,
0.0,
0.0,
45.0,
189.0,
250.0,
255.0,
253.0,
239.0,
255.0,
250.0,
255.0,
255.0,
250.0,
123.0,
4.0,
3.0,
1.0,
0.0,
22.0,
0.0,
0.0,
16.0,
1.0,
0.0,
0.0,
5.0,
0.0,
13.0,
12.0,
7.0,
3.0,
40.0,
122.0,
114.0,
118.0,
116.0,
230.0,
241.0,
237.0,
249.0,
255.0,
250.0,
5.0,
4.0,
1.0,
0.0,
0.0,
5.0,
3.0,
0.0,
5.0,
0.0,
30.0,
141.0,
125.0,
0.0,
0.0,
0.0,
11.0,
3.0,
0.0,
4.0,
5.0,
0.0,
70.0,
208.0,
255.0,
250.0,
251.0,
252.0,
6.0,
4.0,
1.0,
0.0,
0.0,
4.0,
0.0,
0.0,
13.0,
4.0,
161.0,
250.0,
194.0,
7.0,
0.0,
0.0,
0.0,
9.0,
0.0,
7.0,
0.0,
0.0,
108.0,
224.0,
254.0,
247.0,
250.0,
255.0,
10.0,
4.0,
0.0,
0.0,
0.0,
3.0,
0.0,
0.0,
10.0,
20.0,
250.0,
255.0,
245.0,
115.0,
3.0,
9.0,
2.0,
7.0,
0.0,
0.0,
3.0,
112.0,
205.0,
255.0,
249.0,
255.0,
243.0,
234.0,
9.0,
4.0,
0.0,
0.0,
0.0,
8.0,
0.0,
0.0,
0.0,
4.0,
255.0,
231.0,
255.0,
189.0,
14.0,
0.0,
57.0,
166.0,
188.0,
184.0,
175.0,
235.0,
244.0,
255.0,
242.0,
252.0,
255.0,
255.0,
7.0,
3.0,
0.0,
0.0,
0.0,
2.0,
2.0,
11.0,
4.0,
23.0,
233.0,
255.0,
251.0,
232.0,
182.0,
191.0,
224.0,
255.0,
237.0,
255.0,
255.0,
246.0,
255.0,
255.0,
248.0,
243.0,
254.0,
78.0,
5.0,
2.0,
0.0,
0.0,
6.0,
3.0,
5.0,
0.0,
0.0,
0.0,
80.0,
246.0,
255.0,
255.0,
255.0,
249.0,
249.0,
255.0,
242.0,
247.0,
249.0,
255.0,
237.0,
241.0,
253.0,
98.0,
33.0,
2.0,
3.0,
1.0,
0.0,
0.0,
1.0,
0.0,
0.0,
0.0,
1.0,
18.0,
24.0,
234.0,
241.0,
252.0,
250.0,
255.0,
252.0,
242.0,
255.0,
255.0,
247.0,
255.0,
255.0,
245.0,
98.0,
0.0,
4.0,
8.0,
1.0,
1.0,
1.0,
1.0,
5.0,
0.0,
0.0,
0.0,
0.0,
0.0,
0.0,
87.0,
255.0,
251.0,
238.0,
255.0,
255.0,
243.0,
237.0,
255.0,
252.0,
112.0,
8.0,
29.0,
2.0,
4.0,
0.0,
0.0,
0.0,
0.0,
1.0,
1.0,
0.0,
0.0,
0.0,
10.0,
0.0,
3.0,
9.0,
0.0,
1.0,
20.0,
13.0,
0.0,
103.0,
255.0,
127.0,
11.0,
8.0,
0.0,
6.0,
4.0,
0.0,
0.0,
0.0,
12.0,
0.0,
0.0,
1.0,
1.0,
0.0,
0.0,
0.0,
0.0,
0.0,
0.0,
0.0,
0.0,
0.0,
0.0,
0.0,
0.0,
0.0,
0.0,
0.0,
0.0,
0.0,
0.0,
0.0,
0.0,
0.0,
0.0,
0.0,
0.0,
0.0,
0.0,
0.0,
0.0,
0.0,
0.0,
0.0,
0.0,
0.0,
0.0,
0.0,
0.0,
0.0,
0.0,
0.0,
0.0,
0.0,
0.0,
0.0,
0.0,
0.0,
0.0,
0.0,
0.0,
0.0,
0.0,
0.0,
0.0,
0.0,
0.0,
0.0,
0.0,
0.0,
0.0,
0.0,
0.0,
0.0,
0.0,
0.0,
0.0,
0.0,
0.0,
0.0,
0.0,
0.0,
0.0,
0.0,
0.0,
0.0,
0.0,
0.0,
0.0,
0.0,
0.0,
0.0,
0.0,
0.0,
0.0,
0.0,
0.0,
0.0,
0.0,
0.0,
0.0,
0.0,
0.0,
0.0,
0.0,
0.0,
0.0,
0.0,
0.0,
0.0,
0.0,
0.0,
0.0,
0.0,
0.0,
0.0,
0.0,
0.0,
0.0,
0.0,
0.0,
0.0,
0.0,
0.0,
0.0,
