0.0,
0.0,
0.0,
0.0,
0.0,
0.0,
0.0,
0.0,
3.0,
0.0,
2.0,
3.0,
0.0,
0.0,
0.0,
0.0,
0.0,
4.0,
1.0,
0.0,
0.0,
0.0,
0.0,
5.0,
0.0,
0.0,
0.0,
0.0,
0.0,
0.0,
0.0,
0.0,
0.0,
0.0,
0.0,
0.0,
3.0,
0.0,
0.0,
1.0,
1.0,
0.0,
5.0,
12.0,
3.0,
0.0,
3.0,
0.0,
0.0,
13.0,
10.0,
0.0,
0.0,
0.0,
0.0,
0.0,
0.0,
0.0,
0.0,
0.0,
0.0,
0.0,
0.0,
0.0,
3.0,
2.0,
0.0,
0.0,
4.0,
0.0,
0.0,
0.0,
1.0,
0.0,
0.0,
0.0,
3.0,
0.0,
0.0,
3.0,
0.0,
0.0,
0.0,
0.0,
0.0,
0.0,
0.0,
0.0,
0.0,
0.0,
0.0,
0.0,
0.0,
3.0,
0.0,
0.0,
0.0,
5.0,
4.0,
12.0,
1.0,
0.0,
0.0,
3.0,
2.0,
0.0,
5.0,
14.0,
0.0,
0.0,
0.0,
0.0,
0.0,
0.0,
0.0,
0.0,
0.0,
0.0,
0.0,
0.0,
0.0,
4.0,
6.0,
2.0,
5.0,
6.0,
0.0,
0.0,
0.0,
0.0,
10.0,
6.0,
0.0,
7.0,
16.0,
0.0,
0.0,
0.0,
0.0,
0.0,
0.0,
0.0,
0.0,
0.0,
0.0,
0.0,
0.0,
0.0,
3.0,
0.0,
0.0,
3.0,
0.0,
0.0,
2.0,
0.0,
0.0,
11.0,
0.0,
0.0,
7.0,
0.0,
0.0,
14.0,
0.0,
0.0,
0.0,
0.0,
0.0,
0.0,
0.0,
0.0,
0.0,
0.0,
0.0,
0.0,
13.0,
0.0,
12.0,
65.0,
69.0,
84.0,
131.0,
158.0,
182.0,
217.0,
230.0,
246.0,
254.0,
177.0,
56.0,
0.0,
0.0,
0.0,
0.0,
0.0,
0.0,
0.0,
0.0,
0.0,
0.0,
0.0,
0.0,
0.0,
0.0,
0.0,
109.0,
247.0,
255.0,
241.0,
251.0,
255.0,
255.0,
190.0,
201.0,
200.0,
188.0,
255.0,
230.0,
7.0,
0.0,
0.0,
0.0,
0.0,
0.0,
0.0,
0.0,
0.0,
0.0,
0.0,
0.0,
0.0,
0.0,
0.0,
85.0,
212.0,
168.0,
124.0,
100.0,
40.0,
25.0,
9.0,
0.0,
0.0,
31.0,
201.0,
253.0,
2.0,
0.0,
0.0,
0.0,
0.0,
0.0,
0.0,
0.0,
0.0,
0.0,
0.0,
0.0,
0.0,
9.0,
25.0,
0.0,
0.0,
0.0,
1.0,
0.0,
2.0,
0.0,
10.0,
0.0,
2.0,
100.0,
230.0,
180.0,
0.0,
0.0,
0.0,
0.0,
0.0,
1.0,
0.0,
0.0,
0.0,
0.0,
0.0,
0.0,
1.0,
0.0,
0.0,
0.0,
20.0,
0.0,
0.0,
8.0,
0.0,
0.0,
3.0,
15.0,
67.0,
249.0,
235.0,
13.0,
1.0,
0.0,
0.0,
0.0,
0.0,
1.0,
0.0,
0.0,
0.0,
0.0,
0.0,
0.0,
1.0,
0.0,
21.0,
1.0,
0.0,
1.0,
6.0,
0.0,
3.0,
10.0,
56.0,
172.0,
255.0,
169.0,
4.0,
4.0,
0.0,
0.0,
0.0,
0.0,
0.0,
0.0,
0.0,
0.0,
0.0,
0.0,
0.0,
0.0,
0.0,
20.0,
0.0,
0.0,
16.0,
19.0,
0.0,
45.0,
152.0,
216.0,
255.0,
240.0,
63.0,
10.0,
12.0,
1.0,
0.0,
0.0,
0.0,
0.0,
0.0,
0.0,
0.0,
0.0,
0.0,
0.0,
0.0,
0.0,
0.0,
0.0,
0.0,
12.0,
0.0,
45.0,
175.0,
255.0,
251.0,
244.0,
255.0,
235.0,
133.0,
19.0,
0.0,
0.0,
0.0,
0.0,
0.0,
0.0,
0.0,
0.0,
0.0,
2.0,
4.0,
4.0,
2.0,
0.0,
0.0,
0.0,
15.0,
0.0,
16.0,
196.0,
255.0,
195.0,
145.0,
73.0,
111.0,
241.0,
233.0,
0.0,
0.0,
14.0,
3.0,
0.0,
0.0,
0.0,
0.0,
0.0,
2.0,
5.0,
7.0,
7.0,
5.0,
2.0,
0.0,
3.0,
0.0,
0.0,
0.0,
74.0,
55.0,
0.0,
5.0,
4.0,
0.0,
36.0,
253.0,
59.0,
0.0,
1.0,
0.0,
0.0,
0.0,
0.0,
0.0,
0.0,
21.0,
0.0,
130.0,
106.0,
0.0,
0.0,
6.0,
0.0,
1.0,
0.0,
0.0,
0.0,
5.0,
2.0,
2.0,
0.0,
12.0,
23.0,
255.0,
131.0,
0.0,
5.0,
8.0,
0.0,
0.0,
0.0,
0.0,
12.0,
0.0,
3.0,
227.0,
0.0,
22.0,
7.0,
0.0,
0.0,
12.0,
16.0,
6.0,
2.0,
0.0,
0.0,
0.0,
0.0,
0.0,
89.0,
244.0,
23.0,
9.0,
0.0,
0.0,
0.0,
0.0,
0.0,
0.0,
0.0,
0.0,
15.0,
202.0,
2.0,
0.0,
0.0,
0.0,
18.0,
0.0,
0.0,
4.0,
0.0,
0.0,
12.0,
3.0,
1.0,
52.0,
217.0,
216.0,
0.0,
0.0,
14.0,
2.0,
0.0,
0.0,
0.0,
0.0,
1.0,
9.0,
0.0,
206.0,
66.0,
0.0,
0.0,
5.0,
0.0,
8.0,
20.0,
10.0,
0.0,
4.0,
4.0,
0.0,
58.0,
242.0,
219.0,
48.0,
6.0,
3.0,
0.0,
7.0,
0.0,
0.0,
0.0,
0.0,
0.0,
17.0,
7.0,
185.0,
178.0,
57.0,
9.0,
0.0,
5.0,
4.0,
0.0,
0.0,
11.0,
0.0,
25.0,
169.0,
229.0,
230.0,
66.0,
0.0,
0.0,
10.0,
0.0,
0.0,
0.0,
0.0,
0.0,
0.0,
2.0,
7.0,
0.0,
23.0,
198.0,
249.0,
167.0,
74.0,
7.0,
14.0,
22.0,
27.0,
68.0,
169.0,
243.0,
246.0,
197.0,
41.0,
0.0,
24.0,
0.0,
0.0,
15.0,
1.0,
0.0,
0.0,
0.0,
0.0,
0.0,
0.0,
0.0,
1.0,
1.0,
205.0,
255.0,
250.0,
216.0,
203.0,
239.0,
255.0,
241.0,
255.0,
210.0,
84.0,
0.0,
0.0,
14.0,
0.0,
11.0,
0.0,
0.0,
2.0,
0.0,
0.0,
0.0,
0.0,
11.0,
0.0,
2.0,
5.0,
0.0,
0.0,
75.0,
153.0,
197.0,
241.0,
213.0,
156.0,
128.0,
70.0,
7.0,
1.0,
2.0,
12.0,
0.0,
13.0,
0.0,
0.0,
0.0,
7.0,
0.0,
0.0,
0.0,
0.0,
0.0,
0.0,
0.0,
0.0,
0.0,
0.0,
0.0,
0.0,
0.0,
0.0,
0.0,
0.0,
0.0,
0.0,
0.0,
0.0,
0.0,
0.0,
0.0,
0.0,
0.0,
0.0,
0.0,
0.0,
0.0,
0.0,
0.0,
0.0,
0.0,
0.0,
0.0,
0.0,
0.0,
0.0,
0.0,
0.0,
0.0,
0.0,
0.0,
0.0,
0.0,
0.0,
0.0,
0.0,
0.0,
0.0,
0.0,
0.0,
0.0,
0.0,
0.0,
0.0,
0.0,
0.0,
0.0,
0.0,
0.0,
0.0,
0.0,
0.0,
0.0,
0.0,
0.0,
0.0,
0.0,
0.0,
0.0,
0.0,
0.0,
0.0,
0.0,
0.0,
0.0,
0.0,
0.0,
0.0,
0.0,
0.0,
0.0,
0.0,
0.0,
0.0,
0.0,
0.0,
0.0,
0.0,
0.0,
0.0,
0.0,
0.0,
0.0,
0.0,
0.0,
0.0,
0.0,
0.0,
0.0,
0.0,
0.0,
0.0,
0.0,
0.0,
0.0,
0.0,
0.0,
0.0,
0.0,
0.0,
0.0,
0.0,
0.0,
0.0,
