0.0,
0.0,
7.0,
0.0,
0.0,
6.0,
0.0,
5.0,
0.0,
0.0,
0.0,
5.0,
5.0,
0.0,
0.0,
0.0,
5.0,
0.0,
5.0,
7.0,
1.0,
0.0,
11.0,
0.0,
0.0,
0.0,
0.0,
0.0,
2.0,
0.0,
0.0,
0.0,
2.0,
3.0,
0.0,
0.0,
8.0,
1.0,
0.0,
0.0,
0.0,
0.0,
2.0,
8.0,
0.0,
2.0,
10.0,
0.0,
0.0,
24.0,
0.0,
4.0,
0.0,
0.0,
0.0,
0.0,
5.0,
0.0,
0.0,
3.0,
1.0,
0.0,
4.0,
0.0,
0.0,
0.0,
1.0,
10.0,
11.0,
3.0,
0.0,
0.0,
4.0,
0.0,
0.0,
3.0,
4.0,
1.0,
0.0,
7.0,
0.0,
0.0,
0.0,
0.0,
0.0,
3.0,
0.0,
5.0,
0.0,
0.0,
13.0,
1.0,
8.0,
6.0,
5.0,
1.0,
0.0,
0.0,
0.0,
8.0,
0.0,
5.0,
0.0,
11.0,
0.0,
0.0,
21.0,
0.0,
0.0,
0.0,
0.0,
0.0,
0.0,
4.0,
2.0,
0.0,
0.0,
0.0,
3.0,
0.0,
0.0,
0.0,
0.0,
0.0,
6.0,
8.0,
0.0,
0.0,
0.0,
0.0,
0.0,
4.0,
6.0,
0.0,
0.0,
12.0,
0.0,
0.0,
0.0,
0.0,
3.0,
0.0,
0.0,
0.0,
4.0,
4.0,
0.0,
5.0,
41.0,
103.0,
173.0,
197.0,
179.0,
171.0,
205.0,
247.0,
255.0,
253.0,
0.0,
7.0,
0.0,
9.0,
5.0,
3.0,
0.0,
0.0,
0.0,
0.0,
6.0,
0.0,
4.0,
0.0,
4.0,
0.0,
0.0,
92.0,
252.0,
247.0,
246.0,
252.0,
255.0,
255.0,
254.0,
253.0,
245.0,
246.0,
242.0,
28.0,
0.0,
8.0,
0.0,
0.0,
0.0,
0.0,
0.0,
0.0,
3.0,
0.0,
15.0,
0.0,
0.0,
0.0,
14.0,
192.0,
255.0,
255.0,
255.0,
255.0,
255.0,
253.0,
254.0,
255.0,
255.0,
253.0,
249.0,
219.0,
7.0,
4.0,
0.0,
7.0,
0.0,
0.0,
0.0,
0.0,
3.0,
0.0,
15.0,
0.0,
0.0,
0.0,
14.0,
192.0,
250.0,
255.0,
255.0,
239.0,
255.0,
255.0,
246.0,
255.0,
201.0,
253.0,
249.0,
255.0,
81.0,
4.0,
10.0,
0.0,
0.0,
0.0,
0.0,
0.0,
6.0,
0.0,
4.0,
0.0,
4.0,
0.0,
0.0,
92.0,
135.0,
79.0,
77.0,
66.0,
47.0,
66.0,
66.0,
51.0,
0.0,
127.0,
255.0,
250.0,
75.0,
0.0,
12.0,
0.0,
0.0,
0.0,
0.0,
0.0,
3.0,
0.0,
0.0,
0.0,
4.0,
4.0,
0.0,
5.0,
9.0,
0.0,
0.0,
8.0,
0.0,
0.0,
15.0,
1.0,
0.0,
38.0,
252.0,
255.0,
58.0,
0.0,
12.0,
0.0,
0.0,
0.0,
0.0,
0.0,
0.0,
4.0,
2.0,
0.0,
0.0,
0.0,
3.0,
0.0,
2.0,
7.0,
7.0,
0.0,
0.0,
1.0,
0.0,
3.0,
0.0,
86.0,
239.0,
255.0,
62.0,
13.0,
0.0,
15.0,
0.0,
0.0,
0.0,
0.0,
0.0,
3.0,
0.0,
5.0,
0.0,
0.0,
13.0,
1.0,
0.0,
0.0,
0.0,
0.0,
16.0,
12.0,
0.0,
0.0,
17.0,
166.0,
255.0,
241.0,
0.0,
6.0,
6.0,
1.0,
0.0,
0.0,
0.0,
0.0,
5.0,
0.0,
0.0,
3.0,
1.0,
0.0,
4.0,
0.0,
11.0,
0.0,
9.0,
26.0,
0.0,
0.0,
2.0,
3.0,
20.0,
219.0,
247.0,
154.0,
3.0,
0.0,
0.0,
2.0,
0.0,
0.0,
0.0,
0.0,
2.0,
0.0,
0.0,
0.0,
2.0,
3.0,
0.0,
0.0,
0.0,
104.0,
205.0,
251.0,
223.0,
181.0,
179.0,
168.0,
217.0,
255.0,
252.0,
144.0,
8.0,
0.0,
14.0,
1.0,
0.0,
0.0,
0.0,
0.0,
0.0,
0.0,
7.0,
0.0,
0.0,
6.0,
0.0,
5.0,
9.0,
194.0,
255.0,
248.0,
255.0,
251.0,
249.0,
255.0,
255.0,
255.0,
251.0,
255.0,
247.0,
228.0,
114.0,
0.0,
0.0,
0.0,
0.0,
0.0,
0.0,
3.0,
0.0,
0.0,
4.0,
2.0,
0.0,
11.0,
1.0,
142.0,
253.0,
255.0,
253.0,
248.0,
255.0,
249.0,
255.0,
242.0,
251.0,
255.0,
254.0,
255.0,
169.0,
0.0,
0.0,
0.0,
0.0,
0.0,
0.0,
5.0,
3.0,
9.0,
0.0,
0.0,
0.0,
0.0,
0.0,
13.0,
24.0,
22.0,
178.0,
255.0,
255.0,
255.0,
251.0,
229.0,
255.0,
254.0,
245.0,
253.0,
255.0,
12.0,
0.0,
0.0,
0.0,
0.0,
0.0,
5.0,
0.0,
0.0,
3.0,
0.0,
10.0,
1.0,
13.0,
0.0,
58.0,
241.0,
251.0,
242.0,
164.0,
27.0,
21.0,
36.0,
0.0,
56.0,
255.0,
255.0,
208.0,
0.0,
0.0,
0.0,
0.0,
0.0,
0.0,
12.0,
9.0,
0.0,
4.0,
0.0,
0.0,
1.0,
47.0,
192.0,
255.0,
232.0,
255.0,
169.0,
14.0,
23.0,
9.0,
0.0,
21.0,
219.0,
255.0,
226.0,
158.0,
0.0,
0.0,
0.0,
0.0,
0.0,
10.0,
0.0,
0.0,
0.0,
11.0,
17.0,
48.0,
149.0,
255.0,
255.0,
230.0,
236.0,
47.0,
3.0,
16.0,
0.0,
0.0,
2.0,
0.0,
141.0,
170.0,
123.0,
23.0,
5.0,
0.0,
0.0,
0.0,
0.0,
1.0,
0.0,
10.0,
0.0,
32.0,
189.0,
255.0,
239.0,
250.0,
241.0,
216.0,
69.0,
0.0,
0.0,
0.0,
3.0,
0.0,
4.0,
0.0,
6.0,
6.0,
7.0,
0.0,
11.0,
0.0,
0.0,
0.0,
0.0,
0.0,
21.0,
0.0,
83.0,
255.0,
255.0,
233.0,
255.0,
251.0,
152.0,
3.0,
0.0,
1.0,
8.0,
3.0,
2.0,
0.0,
0.0,
11.0,
0.0,
0.0,
3.0,
7.0,
0.0,
0.0,
0.0,
0.0,
0.0,
3.0,
0.0,
0.0,
165.0,
255.0,
245.0,
255.0,
164.0,
90.0,
0.0,
0.0,
3.0,
6.0,
0.0,
9.0,
0.0,
0.0,
6.0,
0.0,
0.0,
2.0,
0.0,
0.0,
3.0,
0.0,
0.0,
0.0,
0.0,
6.0,
0.0,
8.0,
175.0,
161.0,
117.0,
0.0,
0.0,
0.0,
0.0,
0.0,
0.0,
0.0,
0.0,
0.0,
0.0,
0.0,
0.0,
0.0,
0.0,
0.0,
0.0,
0.0,
0.0,
0.0,
0.0,
0.0,
0.0,
0.0,
4.0,
0.0,
11.0,
0.0,
21.0,
0.0,
3.0,
0.0,
0.0,
0.0,
0.0,
0.0,
0.0,
0.0,
0.0,
0.0,
0.0,
0.0,
0.0,
0.0,
0.0,
0.0,
0.0,
0.0,
0.0,
0.0,
0.0,
0.0,
2.0,
8.0,
0.0,
0.0,
0.0,
0.0,
0.0,
0.0,
0.0,
0.0,
0.0,
0.0,
0.0,
0.0,
0.0,
0.0,
0.0,
0.0,
0.0,
0.0,
0.0,
0.0,
0.0,
0.0,
0.0,
0.0,
0.0,
3.0,
0.0,
2.0,
9.0,
16.0,
0.0,
0.0,
4.0,
0.0,
0.0,
0.0,
0.0,
0.0,
0.0,
0.0,
0.0,
0.0,
0.0,
0.0,
0.0,
0.0,
0.0,
0.0,
0.0,
0.0,
0.0,
0.0,
0.0,
