0.0,
0.0,
0.0,
0.0,
0.0,
0.0,
0.0,
0.0,
0.0,
0.0,
4.0,
9.0,
0.0,
0.0,
6.0,
0.0,
0.0,
8.0,
2.0,
0.0,
0.0,
7.0,
0.0,
0.0,
0.0,
0.0,
0.0,
0.0,
0.0,
0.0,
0.0,
0.0,
0.0,
0.0,
0.0,
0.0,
11.0,
0.0,
0.0,
0.0,
0.0,
6.0,
0.0,
0.0,
6.0,
0.0,
0.0,
0.0,
3.0,
0.0,
0.0,
11.0,
0.0,
0.0,
0.0,
0.0,
0.0,
0.0,
0.0,
0.0,
0.0,
0.0,
0.0,
0.0,
0.0,
0.0,
10.0,
0.0,
4.0,
6.0,
0.0,
13.0,
0.0,
2.0,
5.0,
0.0,
1.0,
0.0,
0.0,
5.0,
0.0,
0.0,
0.0,
0.0,
0.0,
0.0,
0.0,
0.0,
0.0,
0.0,
0.0,
0.0,
8.0,
0.0,
10.0,
0.0,
0.0,
12.0,
0.0,
0.0,
0.0,
4.0,
0.0,
0.0,
13.0,
10.0,
0.0,
0.0,
0.0,
0.0,
0.0,
0.0,
0.0,
0.0,
0.0,
0.0,
0.0,
0.0,
0.0,
0.0,
3.0,
0.0,
29.0,
76.0,
147.0,
239.0,
255.0,
255.0,
255.0,
225.0,
114.0,
0.0,
0.0,
0.0,
0.0,
13.0,
0.0,
0.0,
0.0,
0.0,
0.0,
0.0,
0.0,
0.0,
0.0,
0.0,
0.0,
0.0,
19.0,
106.0,
211.0,
255.0,
255.0,
250.0,
230.0,
186.0,
149.0,
255.0,
212.0,
22.0,
0.0,
1.0,
1.0,
0.0,
0.0,
0.0,
0.0,
0.0,
0.0,
0.0,
0.0,
0.0,
0.0,
0.0,
0.0,
0.0,
162.0,
255.0,
255.0,
188.0,
103.0,
29.0,
10.0,
0.0,
14.0,
238.0,
232.0,
3.0,
0.0,
5.0,
11.0,
0.0,
0.0,
0.0,
0.0,
0.0,
0.0,
0.0,
0.0,
0.0,
0.0,
0.0,
0.0,
0.0,
160.0,
223.0,
104.0,
8.0,
8.0,
0.0,
2.0,
0.0,
96.0,
255.0,
222.0,
4.0,
7.0,
2.0,
0.0,
7.0,
0.0,
0.0,
0.0,
0.0,
0.0,
0.0,
0.0,
0.0,
0.0,
0.0,
0.0,
0.0,
4.0,
0.0,
0.0,
0.0,
8.0,
1.0,
0.0,
8.0,
193.0,
244.0,
193.0,
0.0,
9.0,
0.0,
0.0,
0.0,
0.0,
0.0,
0.0,
0.0,
0.0,
0.0,
0.0,
0.0,
0.0,
0.0,
0.0,
0.0,
0.0,
7.0,
2.0,
11.0,
0.0,
0.0,
9.0,
118.0,
231.0,
255.0,
115.0,
0.0,
0.0,
0.0,
4.0,
0.0,
0.0,
0.0,
0.0,
0.0,
0.0,
0.0,
0.0,
0.0,
0.0,
0.0,
0.0,
0.0,
18.0,
0.0,
12.0,
0.0,
0.0,
11.0,
147.0,
254.0,
255.0,
141.0,
0.0,
1.0,
18.0,
0.0,
0.0,
3.0,
0.0,
0.0,
0.0,
0.0,
0.0,
0.0,
0.0,
0.0,
0.0,
0.0,
0.0,
0.0,
0.0,
9.0,
8.0,
3.0,
22.0,
199.0,
255.0,
235.0,
120.0,
0.0,
0.0,
5.0,
0.0,
0.0,
2.0,
8.0,
0.0,
0.0,
0.0,
0.0,
0.0,
0.0,
0.0,
0.0,
0.0,
0.0,
0.0,
0.0,
19.0,
0.0,
0.0,
0.0,
179.0,
247.0,
239.0,
227.0,
95.0,
0.0,
4.0,
0.0,
0.0,
4.0,
0.0,
1.0,
0.0,
0.0,
0.0,
0.0,
0.0,
0.0,
0.0,
0.0,
0.0,
0.0,
0.0,
0.0,
0.0,
21.0,
0.0,
7.0,
110.0,
246.0,
245.0,
255.0,
248.0,
182.0,
47.0,
0.0,
15.0,
13.0,
0.0,
1.0,
0.0,
0.0,
0.0,
0.0,
0.0,
0.0,
0.0,
0.0,
0.0,
0.0,
0.0,
0.0,
3.0,
0.0,
18.0,
0.0,
3.0,
23.0,
57.0,
61.0,
193.0,
255.0,
200.0,
35.0,
0.0,
2.0,
2.0,
5.0,
0.0,
0.0,
0.0,
0.0,
0.0,
0.0,
0.0,
0.0,
0.0,
0.0,
0.0,
0.0,
1.0,
0.0,
0.0,
0.0,
0.0,
6.0,
0.0,
5.0,
11.0,
112.0,
253.0,
95.0,
9.0,
0.0,
4.0,
0.0,
0.0,
0.0,
0.0,
0.0,
0.0,
9.0,
0.0,
0.0,
8.0,
0.0,
0.0,
0.0,
9.0,
2.0,
6.0,
0.0,
2.0,
5.0,
0.0,
5.0,
0.0,
1.0,
222.0,
239.0,
21.0,
11.0,
0.0,
9.0,
0.0,
0.0,
0.0,
0.0,
0.0,
3.0,
0.0,
0.0,
8.0,
0.0,
1.0,
55.0,
228.0,
64.0,
8.0,
0.0,
0.0,
2.0,
0.0,
0.0,
11.0,
0.0,
241.0,
246.0,
108.0,
10.0,
0.0,
0.0,
0.0,
0.0,
0.0,
0.0,
3.0,
0.0,
0.0,
0.0,
7.0,
0.0,
7.0,
111.0,
198.0,
1.0,
0.0,
13.0,
0.0,
9.0,
0.0,
15.0,
0.0,
0.0,
209.0,
255.0,
74.0,
0.0,
4.0,
5.0,
0.0,
0.0,
0.0,
0.0,
5.0,
0.0,
2.0,
0.0,
7.0,
0.0,
1.0,
114.0,
252.0,
88.0,
9.0,
0.0,
0.0,
6.0,
0.0,
0.0,
4.0,
180.0,
255.0,
219.0,
0.0,
16.0,
0.0,
0.0,
0.0,
0.0,
0.0,
0.0,
3.0,
0.0,
5.0,
0.0,
5.0,
4.0,
0.0,
67.0,
245.0,
252.0,
154.0,
40.0,
1.0,
0.0,
22.0,
73.0,
176.0,
249.0,
255.0,
162.0,
0.0,
0.0,
12.0,
0.0,
0.0,
0.0,
0.0,
0.0,
1.0,
0.0,
5.0,
0.0,
1.0,
6.0,
0.0,
15.0,
104.0,
250.0,
253.0,
203.0,
199.0,
191.0,
210.0,
239.0,
255.0,
255.0,
147.0,
13.0,
0.0,
12.0,
4.0,
0.0,
0.0,
0.0,
0.0,
0.0,
0.0,
0.0,
3.0,
1.0,
0.0,
2.0,
0.0,
0.0,
0.0,
105.0,
205.0,
249.0,
255.0,
250.0,
255.0,
255.0,
244.0,
132.0,
26.0,
13.0,
0.0,
0.0,
0.0,
5.0,
0.0,
0.0,
0.0,
0.0,
0.0,
0.0,
2.0,
8.0,
0.0,
0.0,
10.0,
0.0,
19.0,
0.0,
39.0,
160.0,
223.0,
253.0,
210.0,
131.0,
54.0,
4.0,
0.0,
1.0,
1.0,
1.0,
0.0,
0.0,
0.0,
0.0,
0.0,
0.0,
0.0,
0.0,
0.0,
0.0,
0.0,
0.0,
0.0,
0.0,
0.0,
0.0,
0.0,
0.0,
0.0,
0.0,
0.0,
0.0,
0.0,
0.0,
0.0,
0.0,
0.0,
0.0,
0.0,
0.0,
0.0,
0.0,
0.0,
0.0,
0.0,
0.0,
0.0,
0.0,
0.0,
0.0,
0.0,
0.0,
0.0,
0.0,
0.0,
0.0,
0.0,
0.0,
0.0,
0.0,
0.0,
0.0,
0.0,
0.0,
0.0,
0.0,
0.0,
0.0,
0.0,
0.0,
0.0,
0.0,
0.0,
0.0,
0.0,
0.0,
0.0,
0.0,
0.0,
0.0,
0.0,
0.0,
0.0,
0.0,
0.0,
0.0,
0.0,
0.0,
0.0,
0.0,
0.0,
0.0,
0.0,
0.0,
0.0,
0.0,
0.0,
0.0,
0.0,
0.0,
0.0,
0.0,
0.0,
0.0,
0.0,
0.0,
0.0,
0.0,
0.0,
0.0,
0.0,
0.0,
0.0,
0.0,
0.0,
0.0,
0.0,
0.0,
0.0,
0.0,
0.0,
0.0,
0.0,
0.0,
0.0,
0.0,
0.0,
0.0,
