0.0,
0.0,
0.0,
0.0,
0.0,
0.0,
0.0,
0.0,
3.0,
0.0,
0.0,
5.0,
0.0,
0.0,
2.0,
5.0,
0.0,
11.0,
0.0,
0.0,
0.0,
5.0,
0.0,
3.0,
0.0,
0.0,
0.0,
0.0,
0.0,
0.0,
0.0,
0.0,
0.0,
0.0,
0.0,
0.0,
6.0,
4.0,
4.0,
0.0,
0.0,
8.0,
7.0,
0.0,
2.0,
0.0,
5.0,
3.0,
7.0,
0.0,
0.0,
0.0,
0.0,
0.0,
0.0,
0.0,
0.0,
0.0,
0.0,
0.0,
0.0,
0.0,
0.0,
0.0,
0.0,
0.0,
5.0,
8.0,
0.0,
0.0,
0.0,
12.0,
0.0,
0.0,
1.0,
0.0,
0.0,
3.0,
4.0,
0.0,
0.0,
0.0,
0.0,
0.0,
0.0,
0.0,
0.0,
0.0,
0.0,
0.0,
0.0,
0.0,
4.0,
0.0,
0.0,
0.0,
6.0,
4.0,
2.0,
8.0,
13.0,
3.0,
0.0,
4.0,
0.0,
9.0,
5.0,
0.0,
0.0,
0.0,
0.0,
0.0,
0.0,
0.0,
0.0,
0.0,
0.0,
0.0,
0.0,
0.0,
0.0,
12.0,
9.0,
0.0,
7.0,
7.0,
0.0,
0.0,
0.0,
0.0,
0.0,
13.0,
15.0,
0.0,
0.0,
6.0,
0.0,
0.0,
0.0,
0.0,
0.0,
0.0,
0.0,
0.0,
0.0,
0.0,
0.0,
0.0,
8.0,
0.0,
0.0,
20.0,
95.0,
151.0,
205.0,
255.0,
255.0,
255.0,
255.0,
230.0,
179.0,
3.0,
0.0,
0.0,
0.0,
0.0,
0.0,
0.0,
0.0,
0.0,
0.0,
0.0,
0.0,
0.0,
0.0,
0.0,
0.0,
7.0,
47.0,
151.0,
255.0,
255.0,
226.0,
214.0,
127.0,
248.0,
255.0,
254.0,
167.0,
0.0,
3.0,
5.0,
0.0,
0.0,
0.0,
0.0,
0.0,
0.0,
0.0,
0.0,
0.0,
0.0,
0.0,
0.0,
0.0,
132.0,
230.0,
255.0,
255.0,
206.0,
89.0,
1.0,
7.0,
248.0,
251.0,
255.0,
110.0,
8.0,
0.0,
0.0,
0.0,
0.0,
0.0,
0.0,
0.0,
7.0,
0.0,
0.0,
8.0,
0.0,
0.0,
67.0,
181.0,
254.0,
255.0,
232.0,
159.0,
18.0,
7.0,
0.0,
115.0,
252.0,
243.0,
255.0,
96.0,
1.0,
0.0,
2.0,
0.0,
0.0,
0.0,
0.0,
6.0,
2.0,
2.0,
0.0,
0.0,
0.0,
83.0,
248.0,
255.0,
247.0,
186.0,
45.0,
0.0,
8.0,
9.0,
34.0,
228.0,
255.0,
249.0,
210.0,
23.0,
0.0,
25.0,
0.0,
0.0,
0.0,
0.0,
0.0,
2.0,
0.0,
0.0,
10.0,
10.0,
0.0,
0.0,
54.0,
90.0,
29.0,
2.0,
3.0,
9.0,
7.0,
0.0,
147.0,
247.0,
240.0,
254.0,
59.0,
8.0,
0.0,
0.0,
8.0,
0.0,
0.0,
0.0,
0.0,
7.0,
0.0,
2.0,
0.0,
0.0,
3.0,
2.0,
10.0,
0.0,
13.0,
0.0,
0.0,
0.0,
0.0,
110.0,
255.0,
253.0,
255.0,
71.0,
0.0,
0.0,
18.0,
0.0,
0.0,
0.0,
0.0,
0.0,
0.0,
2.0,
0.0,
8.0,
15.0,
1.0,
0.0,
0.0,
0.0,
0.0,
7.0,
4.0,
0.0,
0.0,
110.0,
255.0,
231.0,
247.0,
180.0,
0.0,
20.0,
0.0,
1.0,
12.0,
0.0,
0.0,
0.0,
0.0,
0.0,
9.0,
0.0,
0.0,
0.0,
0.0,
19.0,
15.0,
8.0,
9.0,
9.0,
0.0,
13.0,
175.0,
252.0,
255.0,
248.0,
180.0,
14.0,
4.0,
4.0,
4.0,
0.0,
0.0,
4.0,
0.0,
0.0,
0.0,
0.0,
0.0,
5.0,
21.0,
0.0,
0.0,
0.0,
0.0,
0.0,
0.0,
0.0,
95.0,
177.0,
222.0,
255.0,
255.0,
242.0,
187.0,
103.0,
2.0,
0.0,
0.0,
2.0,
3.0,
2.0,
0.0,
0.0,
0.0,
0.0,
11.0,
0.0,
0.0,
2.0,
7.0,
1.0,
7.0,
54.0,
172.0,
254.0,
245.0,
250.0,
254.0,
198.0,
145.0,
215.0,
251.0,
255.0,
214.0,
66.0,
5.0,
1.0,
0.0,
0.0,
0.0,
0.0,
0.0,
0.0,
2.0,
0.0,
0.0,
8.0,
0.0,
0.0,
18.0,
134.0,
247.0,
255.0,
231.0,
145.0,
47.0,
0.0,
0.0,
12.0,
138.0,
255.0,
255.0,
232.0,
70.0,
6.0,
0.0,
6.0,
0.0,
0.0,
0.0,
0.0,
0.0,
1.0,
0.0,
4.0,
2.0,
10.0,
0.0,
18.0,
90.0,
58.0,
21.0,
3.0,
0.0,
0.0,
0.0,
0.0,
2.0,
255.0,
233.0,
255.0,
104.0,
0.0,
0.0,
7.0,
0.0,
0.0,
0.0,
0.0,
0.0,
0.0,
0.0,
0.0,
0.0,
12.0,
0.0,
4.0,
0.0,
0.0,
5.0,
4.0,
0.0,
0.0,
0.0,
10.0,
0.0,
225.0,
255.0,
246.0,
123.0,
10.0,
0.0,
4.0,
0.0,
0.0,
0.0,
0.0,
5.0,
0.0,
0.0,
0.0,
0.0,
0.0,
0.0,
2.0,
4.0,
0.0,
0.0,
0.0,
0.0,
11.0,
5.0,
0.0,
63.0,
255.0,
247.0,
255.0,
61.0,
3.0,
4.0,
0.0,
0.0,
0.0,
0.0,
0.0,
1.0,
0.0,
3.0,
10.0,
10.0,
3.0,
2.0,
0.0,
2.0,
6.0,
11.0,
12.0,
5.0,
0.0,
1.0,
9.0,
144.0,
255.0,
255.0,
178.0,
11.0,
0.0,
7.0,
0.0,
0.0,
0.0,
0.0,
0.0,
0.0,
6.0,
1.0,
0.0,
0.0,
0.0,
14.0,
0.0,
4.0,
0.0,
0.0,
0.0,
0.0,
0.0,
15.0,
61.0,
252.0,
255.0,
247.0,
28.0,
11.0,
1.0,
0.0,
0.0,
0.0,
0.0,
0.0,
0.0,
0.0,
12.0,
0.0,
0.0,
14.0,
0.0,
0.0,
0.0,
0.0,
2.0,
8.0,
3.0,
2.0,
48.0,
147.0,
237.0,
255.0,
229.0,
77.0,
5.0,
0.0,
0.0,
9.0,
0.0,
0.0,
0.0,
0.0,
0.0,
0.0,
0.0,
2.0,
63.0,
135.0,
76.0,
32.0,
3.0,
1.0,
0.0,
0.0,
17.0,
107.0,
214.0,
255.0,
247.0,
202.0,
76.0,
0.0,
7.0,
0.0,
0.0,
0.0,
6.0,
0.0,
0.0,
0.0,
0.0,
2.0,
0.0,
71.0,
234.0,
255.0,
255.0,
179.0,
102.0,
101.0,
157.0,
199.0,
215.0,
247.0,
255.0,
198.0,
103.0,
0.0,
0.0,
0.0,
0.0,
0.0,
0.0,
0.0,
0.0,
0.0,
0.0,
0.0,
0.0,
5.0,
0.0,
0.0,
25.0,
0.0,
6.0,
5.0,
0.0,
0.0,
3.0,
1.0,
0.0,
1.0,
9.0,
5.0,
0.0,
0.0,
0.0,
0.0,
0.0,
0.0,
0.0,
0.0,
0.0,
0.0,
0.0,
0.0,
0.0,
3.0,
4.0,
7.0,
1.0,
0.0,
0.0,
5.0,
0.0,
1.0,
0.0,
0.0,
4.0,
0.0,
0.0,
0.0,
4.0,
0.0,
0.0,
0.0,
0.0,
0.0,
0.0,
0.0,
0.0,
0.0,
0.0,
0.0,
0.0,
0.0,
0.0,
1.0,
0.0,
11.0,
10.0,
9.0,
0.0,
0.0,
3.0,
4.0,
1.0,
3.0,
7.0,
5.0,
0.0,
0.0,
0.0,
0.0,
0.0,
0.0,
0.0,
0.0,
0.0,
0.0,
0.0,
0.0,
0.0,
