0.0,
0.0,
0.0,
0.0,
0.0,
0.0,
0.0,
0.0,
0.0,
0.0,
0.0,
1.0,
0.0,
9.0,
0.0,
7.0,
0.0,
4.0,
1.0,
2.0,
10.0,
0.0,
0.0,
4.0,
0.0,
0.0,
0.0,
0.0,
0.0,
0.0,
0.0,
0.0,
0.0,
0.0,
0.0,
0.0,
0.0,
7.0,
2.0,
0.0,
0.0,
0.0,
0.0,
0.0,
0.0,
0.0,
0.0,
0.0,
0.0,
0.0,
0.0,
0.0,
0.0,
0.0,
0.0,
0.0,
0.0,
0.0,
0.0,
0.0,
0.0,
0.0,
0.0,
0.0,
0.0,
0.0,
0.0,
6.0,
5.0,
0.0,
2.0,
4.0,
15.0,
0.0,
0.0,
6.0,
8.0,
0.0,
0.0,
0.0,
0.0,
0.0,
0.0,
0.0,
0.0,
0.0,
0.0,
0.0,
0.0,
0.0,
0.0,
0.0,
8.0,
0.0,
0.0,
4.0,
0.0,
10.0,
0.0,
1.0,
0.0,
11.0,
3.0,
0.0,
0.0,
11.0,
7.0,
1.0,
0.0,
0.0,
0.0,
0.0,
0.0,
0.0,
0.0,
0.0,
0.0,
0.0,
0.0,
0.0,
0.0,
0.0,
13.0,
2.0,
0.0,
129.0,
159.0,
221.0,
255.0,
252.0,
250.0,
255.0,
250.0,
114.0,
0.0,
0.0,
0.0,
0.0,
0.0,
0.0,
0.0,
0.0,
0.0,
0.0,
0.0,
0.0,
0.0,
0.0,
0.0,
0.0,
0.0,
4.0,
61.0,
255.0,
255.0,
239.0,
251.0,
255.0,
243.0,
237.0,
255.0,
243.0,
127.0,
11.0,
0.0,
0.0,
0.0,
0.0,
0.0,
0.0,
0.0,
0.0,
0.0,
0.0,
0.0,
0.0,
0.0,
8.0,
12.0,
0.0,
13.0,
141.0,
231.0,
253.0,
152.0,
133.0,
175.0,
234.0,
255.0,
255.0,
164.0,
0.0,
0.0,
0.0,
0.0,
0.0,
0.0,
0.0,
0.0,
0.0,
0.0,
0.0,
0.0,
0.0,
10.0,
0.0,
0.0,
1.0,
2.0,
0.0,
61.0,
45.0,
3.0,
0.0,
141.0,
255.0,
248.0,
232.0,
160.0,
0.0,
0.0,
0.0,
0.0,
0.0,
0.0,
0.0,
0.0,
0.0,
0.0,
0.0,
0.0,
0.0,
4.0,
1.0,
0.0,
11.0,
0.0,
5.0,
8.0,
0.0,
0.0,
88.0,
243.0,
238.0,
255.0,
194.0,
8.0,
0.0,
0.0,
0.0,
0.0,
0.0,
0.0,
0.0,
0.0,
0.0,
0.0,
0.0,
0.0,
0.0,
0.0,
9.0,
6.0,
0.0,
0.0,
0.0,
9.0,
65.0,
106.0,
226.0,
255.0,
244.0,
144.0,
20.0,
0.0,
12.0,
0.0,
0.0,
0.0,
0.0,
0.0,
0.0,
0.0,
0.0,
0.0,
0.0,
0.0,
0.0,
20.0,
0.0,
28.0,
90.0,
180.0,
220.0,
217.0,
238.0,
255.0,
255.0,
183.0,
99.0,
13.0,
0.0,
0.0,
0.0,
0.0,
0.0,
0.0,
0.0,
0.0,
0.0,
0.0,
0.0,
0.0,
0.0,
0.0,
0.0,
0.0,
2.0,
176.0,
255.0,
255.0,
250.0,
250.0,
255.0,
248.0,
219.0,
37.0,
0.0,
0.0,
0.0,
28.0,
0.0,
0.0,
0.0,
0.0,
0.0,
0.0,
0.0,
0.0,
0.0,
0.0,
0.0,
0.0,
0.0,
5.0,
8.0,
168.0,
249.0,
250.0,
239.0,
248.0,
255.0,
255.0,
234.0,
72.0,
0.0,
11.0,
0.0,
0.0,
2.0,
0.0,
0.0,
0.0,
0.0,
0.0,
0.0,
0.0,
0.0,
0.0,
0.0,
0.0,
0.0,
0.0,
0.0,
35.0,
48.0,
64.0,
64.0,
79.0,
136.0,
229.0,
255.0,
210.0,
22.0,
3.0,
14.0,
0.0,
7.0,
0.0,
0.0,
0.0,
0.0,
0.0,
0.0,
0.0,
0.0,
0.0,
0.0,
0.0,
0.0,
2.0,
6.0,
0.0,
0.0,
6.0,
2.0,
0.0,
9.0,
77.0,
252.0,
252.0,
91.0,
2.0,
0.0,
13.0,
0.0,
0.0,
0.0,
0.0,
0.0,
0.0,
0.0,
0.0,
0.0,
0.0,
0.0,
0.0,
0.0,
0.0,
2.0,
0.0,
11.0,
0.0,
0.0,
11.0,
5.0,
154.0,
246.0,
255.0,
109.0,
0.0,
13.0,
0.0,
4.0,
0.0,
0.0,
0.0,
0.0,
4.0,
0.0,
0.0,
0.0,
0.0,
0.0,
4.0,
4.0,
9.0,
1.0,
0.0,
0.0,
5.0,
0.0,
0.0,
51.0,
255.0,
235.0,
255.0,
86.0,
81.0,
60.0,
0.0,
0.0,
0.0,
0.0,
0.0,
0.0,
4.0,
0.0,
19.0,
7.0,
8.0,
0.0,
1.0,
0.0,
0.0,
2.0,
7.0,
0.0,
3.0,
3.0,
0.0,
42.0,
245.0,
255.0,
213.0,
0.0,
0.0,
8.0,
0.0,
0.0,
0.0,
0.0,
0.0,
0.0,
3.0,
0.0,
0.0,
12.0,
87.0,
125.0,
12.0,
0.0,
7.0,
0.0,
0.0,
9.0,
5.0,
0.0,
21.0,
138.0,
243.0,
255.0,
95.0,
0.0,
32.0,
0.0,
0.0,
1.0,
0.0,
0.0,
0.0,
0.0,
3.0,
3.0,
10.0,
195.0,
247.0,
255.0,
103.0,
23.0,
0.0,
12.0,
11.0,
0.0,
0.0,
35.0,
138.0,
249.0,
255.0,
237.0,
103.0,
0.0,
0.0,
8.0,
8.0,
0.0,
0.0,
0.0,
0.0,
0.0,
0.0,
2.0,
0.0,
255.0,
255.0,
228.0,
255.0,
216.0,
146.0,
157.0,
144.0,
137.0,
168.0,
216.0,
246.0,
247.0,
255.0,
228.0,
34.0,
0.0,
8.0,
0.0,
3.0,
2.0,
0.0,
0.0,
0.0,
0.0,
0.0,
4.0,
5.0,
156.0,
255.0,
255.0,
255.0,
249.0,
246.0,
255.0,
255.0,
255.0,
253.0,
246.0,
255.0,
255.0,
208.0,
49.0,
0.0,
7.0,
1.0,
6.0,
0.0,
5.0,
0.0,
0.0,
0.0,
0.0,
2.0,
0.0,
0.0,
1.0,
167.0,
255.0,
243.0,
255.0,
252.0,
255.0,
248.0,
253.0,
247.0,
204.0,
124.0,
19.0,
3.0,
7.0,
0.0,
0.0,
0.0,
0.0,
3.0,
0.0,
0.0,
0.0,
0.0,
0.0,
0.0,
0.0,
0.0,
7.0,
0.0,
40.0,
136.0,
117.0,
128.0,
116.0,
113.0,
134.0,
87.0,
8.0,
0.0,
3.0,
0.0,
0.0,
8.0,
3.0,
5.0,
0.0,
1.0,
2.0,
0.0,
0.0,
0.0,
0.0,
0.0,
0.0,
0.0,
0.0,
0.0,
0.0,
0.0,
0.0,
0.0,
0.0,
0.0,
0.0,
0.0,
0.0,
0.0,
0.0,
0.0,
0.0,
0.0,
0.0,
0.0,
0.0,
0.0,
0.0,
0.0,
0.0,
0.0,
0.0,
0.0,
0.0,
0.0,
0.0,
0.0,
0.0,
0.0,
0.0,
0.0,
0.0,
0.0,
0.0,
0.0,
0.0,
0.0,
0.0,
0.0,
0.0,
0.0,
0.0,
0.0,
0.0,
0.0,
0.0,
0.0,
0.0,
0.0,
0.0,
0.0,
0.0,
0.0,
0.0,
0.0,
0.0,
0.0,
0.0,
0.0,
0.0,
0.0,
0.0,
0.0,
0.0,
0.0,
0.0,
0.0,
0.0,
0.0,
0.0,
0.0,
0.0,
0.0,
0.0,
0.0,
0.0,
0.0,
0.0,
0.0,
0.0,
0.0,
0.0,
0.0,
0.0,
0.0,
0.0,
0.0,
0.0,
0.0,
0.0,
0.0,
0.0,
0.0,
0.0,
0.0,
0.0,
0.0,
0.0,
0.0,
0.0,
0.0,
0.0,
0.0,
0.0,
0.0,
0.0,
