0.0,
0.0,
0.0,
0.0,
0.0,
0.0,
0.0,
0.0,
0.0,
10.0,
0.0,
0.0,
11.0,
5.0,
0.0,
20.0,
6.0,
1.0,
0.0,
0.0,
0.0,
6.0,
0.0,
1.0,
0.0,
0.0,
0.0,
0.0,
0.0,
0.0,
0.0,
0.0,
0.0,
0.0,
0.0,
0.0,
3.0,
0.0,
2.0,
0.0,
0.0,
0.0,
22.0,
0.0,
0.0,
2.0,
13.0,
0.0,
11.0,
1.0,
0.0,
4.0,
0.0,
0.0,
0.0,
0.0,
0.0,
0.0,
0.0,
0.0,
0.0,
0.0,
0.0,
0.0,
5.0,
0.0,
0.0,
3.0,
2.0,
0.0,
0.0,
27.0,
8.0,
0.0,
4.0,
0.0,
0.0,
0.0,
7.0,
0.0,
0.0,
0.0,
0.0,
0.0,
0.0,
0.0,
0.0,
0.0,
0.0,
0.0,
0.0,
0.0,
1.0,
0.0,
4.0,
0.0,
0.0,
25.0,
0.0,
0.0,
0.0,
0.0,
0.0,
7.0,
15.0,
0.0,
5.0,
6.0,
0.0,
0.0,
0.0,
0.0,
0.0,
0.0,
0.0,
0.0,
0.0,
0.0,
0.0,
0.0,
0.0,
5.0,
0.0,
0.0,
12.0,
0.0,
98.0,
255.0,
135.0,
17.0,
36.0,
135.0,
113.0,
142.0,
143.0,
7.0,
0.0,
0.0,
0.0,
0.0,
0.0,
0.0,
0.0,
0.0,
0.0,
0.0,
0.0,
0.0,
5.0,
0.0,
6.0,
3.0,
0.0,
0.0,
242.0,
255.0,
255.0,
255.0,
233.0,
255.0,
255.0,
248.0,
244.0,
231.0,
0.0,
0.0,
0.0,
0.0,
0.0,
0.0,
0.0,
0.0,
0.0,
0.0,
0.0,
0.0,
6.0,
0.0,
1.0,
4.0,
9.0,
0.0,
184.0,
250.0,
196.0,
198.0,
178.0,
180.0,
255.0,
250.0,
254.0,
189.0,
0.0,
0.0,
0.0,
0.0,
0.0,
0.0,
0.0,
0.0,
0.0,
0.0,
0.0,
0.0,
4.0,
0.0,
6.0,
0.0,
0.0,
14.0,
24.0,
41.0,
24.0,
0.0,
14.0,
79.0,
238.0,
255.0,
245.0,
21.0,
0.0,
0.0,
0.0,
0.0,
0.0,
0.0,
0.0,
0.0,
0.0,
0.0,
0.0,
0.0,
1.0,
7.0,
0.0,
0.0,
0.0,
3.0,
2.0,
0.0,
6.0,
0.0,
104.0,
247.0,
251.0,
217.0,
57.0,
0.0,
0.0,
0.0,
0.0,
0.0,
0.0,
0.0,
0.0,
0.0,
0.0,
0.0,
0.0,
0.0,
7.0,
0.0,
7.0,
12.0,
0.0,
0.0,
0.0,
0.0,
7.0,
158.0,
251.0,
255.0,
200.0,
31.0,
0.0,
7.0,
0.0,
0.0,
0.0,
0.0,
0.0,
0.0,
0.0,
0.0,
0.0,
0.0,
0.0,
0.0,
11.0,
0.0,
3.0,
5.0,
0.0,
3.0,
28.0,
64.0,
174.0,
255.0,
178.0,
92.0,
51.0,
0.0,
3.0,
0.0,
0.0,
0.0,
0.0,
0.0,
0.0,
0.0,
0.0,
0.0,
0.0,
0.0,
0.0,
0.0,
3.0,
9.0,
51.0,
68.0,
109.0,
172.0,
200.0,
241.0,
238.0,
103.0,
21.0,
8.0,
0.0,
2.0,
0.0,
9.0,
0.0,
0.0,
0.0,
0.0,
0.0,
0.0,
0.0,
0.0,
0.0,
0.0,
0.0,
0.0,
0.0,
117.0,
230.0,
244.0,
255.0,
255.0,
242.0,
255.0,
140.0,
0.0,
18.0,
0.0,
0.0,
7.0,
9.0,
0.0,
0.0,
0.0,
0.0,
0.0,
0.0,
0.0,
0.0,
0.0,
0.0,
0.0,
0.0,
0.0,
26.0,
175.0,
255.0,
252.0,
252.0,
254.0,
249.0,
255.0,
210.0,
27.0,
0.0,
8.0,
17.0,
0.0,
0.0,
8.0,
0.0,
0.0,
0.0,
0.0,
0.0,
0.0,
0.0,
0.0,
0.0,
0.0,
0.0,
0.0,
0.0,
145.0,
235.0,
222.0,
140.0,
116.0,
202.0,
255.0,
247.0,
106.0,
0.0,
12.0,
0.0,
14.0,
0.0,
0.0,
0.0,
0.0,
0.0,
0.0,
0.0,
0.0,
0.0,
0.0,
0.0,
0.0,
0.0,
0.0,
0.0,
1.0,
0.0,
12.0,
0.0,
54.0,
210.0,
250.0,
250.0,
50.0,
0.0,
4.0,
0.0,
4.0,
0.0,
5.0,
0.0,
0.0,
0.0,
0.0,
0.0,
0.0,
8.0,
0.0,
6.0,
0.0,
0.0,
0.0,
0.0,
0.0,
15.0,
0.0,
12.0,
4.0,
17.0,
255.0,
255.0,
42.0,
9.0,
0.0,
1.0,
0.0,
3.0,
0.0,
0.0,
0.0,
0.0,
0.0,
17.0,
0.0,
3.0,
0.0,
6.0,
0.0,
0.0,
0.0,
24.0,
0.0,
0.0,
17.0,
0.0,
0.0,
130.0,
245.0,
251.0,
41.0,
6.0,
0.0,
6.0,
0.0,
0.0,
0.0,
0.0,
0.0,
0.0,
0.0,
0.0,
0.0,
0.0,
5.0,
0.0,
8.0,
0.0,
17.0,
0.0,
11.0,
11.0,
0.0,
6.0,
47.0,
242.0,
255.0,
211.0,
28.0,
0.0,
0.0,
9.0,
0.0,
0.0,
4.0,
0.0,
0.0,
0.0,
0.0,
3.0,
0.0,
13.0,
12.0,
75.0,
166.0,
141.0,
6.0,
19.0,
0.0,
3.0,
0.0,
1.0,
89.0,
247.0,
255.0,
133.0,
7.0,
0.0,
0.0,
5.0,
0.0,
0.0,
4.0,
0.0,
0.0,
0.0,
0.0,
11.0,
3.0,
0.0,
0.0,
255.0,
252.0,
244.0,
255.0,
162.0,
113.0,
53.0,
38.0,
145.0,
243.0,
246.0,
240.0,
52.0,
0.0,
2.0,
0.0,
0.0,
3.0,
0.0,
0.0,
0.0,
0.0,
0.0,
0.0,
0.0,
0.0,
0.0,
0.0,
151.0,
243.0,
255.0,
240.0,
255.0,
245.0,
253.0,
253.0,
233.0,
255.0,
240.0,
109.0,
6.0,
0.0,
10.0,
0.0,
0.0,
6.0,
0.0,
0.0,
0.0,
0.0,
0.0,
0.0,
0.0,
20.0,
0.0,
0.0,
10.0,
119.0,
179.0,
255.0,
255.0,
248.0,
250.0,
255.0,
255.0,
192.0,
100.0,
0.0,
0.0,
1.0,
7.0,
0.0,
0.0,
5.0,
0.0,
0.0,
0.0,
0.0,
0.0,
0.0,
1.0,
0.0,
5.0,
0.0,
8.0,
1.0,
2.0,
16.0,
21.0,
79.0,
145.0,
57.0,
24.0,
7.0,
9.0,
2.0,
0.0,
1.0,
0.0,
0.0,
0.0,
3.0,
0.0,
7.0,
0.0,
0.0,
0.0,
0.0,
0.0,
0.0,
0.0,
0.0,
0.0,
0.0,
0.0,
0.0,
0.0,
0.0,
0.0,
0.0,
0.0,
0.0,
0.0,
0.0,
0.0,
0.0,
0.0,
0.0,
0.0,
0.0,
0.0,
0.0,
0.0,
0.0,
0.0,
0.0,
0.0,
0.0,
0.0,
0.0,
0.0,
0.0,
0.0,
0.0,
0.0,
0.0,
0.0,
0.0,
0.0,
0.0,
0.0,
0.0,
0.0,
0.0,
0.0,
0.0,
0.0,
0.0,
0.0,
0.0,
0.0,
0.0,
0.0,
0.0,
0.0,
0.0,
0.0,
0.0,
0.0,
0.0,
0.0,
0.0,
0.0,
0.0,
0.0,
0.0,
0.0,
0.0,
0.0,
0.0,
0.0,
0.0,
0.0,
0.0,
0.0,
0.0,
0.0,
0.0,
0.0,
0.0,
0.0,
0.0,
0.0,
0.0,
0.0,
0.0,
0.0,
0.0,
0.0,
0.0,
0.0,
0.0,
0.0,
0.0,
0.0,
0.0,
0.0,
0.0,
0.0,
0.0,
0.0,
0.0,
0.0,
0.0,
0.0,
0.0,
0.0,
0.0,
0.0,
0.0,
