0.0,
0.0,
0.0,
0.0,
0.0,
0.0,
0.0,
0.0,
0.0,
10.0,
0.0,
0.0,
0.0,
10.0,
0.0,
0.0,
9.0,
1.0,
0.0,
0.0,
1.0,
3.0,
3.0,
3.0,
0.0,
0.0,
0.0,
0.0,
0.0,
0.0,
0.0,
0.0,
0.0,
0.0,
0.0,
0.0,
0.0,
1.0,
0.0,
8.0,
0.0,
8.0,
1.0,
12.0,
0.0,
1.0,
9.0,
2.0,
0.0,
4.0,
2.0,
0.0,
0.0,
0.0,
0.0,
0.0,
0.0,
0.0,
0.0,
0.0,
0.0,
0.0,
0.0,
0.0,
13.0,
0.0,
0.0,
9.0,
6.0,
10.0,
0.0,
0.0,
7.0,
4.0,
3.0,
2.0,
0.0,
0.0,
0.0,
9.0,
0.0,
0.0,
0.0,
0.0,
0.0,
0.0,
0.0,
0.0,
0.0,
0.0,
0.0,
0.0,
0.0,
0.0,
0.0,
2.0,
0.0,
0.0,
14.0,
14.0,
0.0,
0.0,
0.0,
2.0,
3.0,
0.0,
0.0,
0.0,
0.0,
0.0,
0.0,
0.0,
0.0,
0.0,
0.0,
0.0,
0.0,
0.0,
0.0,
0.0,
0.0,
7.0,
5.0,
7.0,
4.0,
0.0,
7.0,
0.0,
0.0,
11.0,
8.0,
0.0,
0.0,
5.0,
10.0,
1.0,
0.0,
0.0,
0.0,
0.0,
0.0,
0.0,
0.0,
0.0,
0.0,
0.0,
0.0,
0.0,
0.0,
13.0,
0.0,
0.0,
6.0,
0.0,
15.0,
8.0,
27.0,
20.0,
26.0,
40.0,
34.0,
10.0,
0.0,
0.0,
0.0,
0.0,
0.0,
0.0,
0.0,
0.0,
0.0,
0.0,
0.0,
0.0,
0.0,
0.0,
0.0,
10.0,
0.0,
7.0,
62.0,
63.0,
136.0,
191.0,
255.0,
246.0,
250.0,
255.0,
247.0,
159.0,
53.0,
0.0,
0.0,
0.0,
0.0,
0.0,
0.0,
0.0,
0.0,
0.0,
0.0,
0.0,
0.0,
0.0,
2.0,
5.0,
0.0,
104.0,
254.0,
250.0,
252.0,
250.0,
247.0,
255.0,
249.0,
240.0,
255.0,
255.0,
149.0,
11.0,
0.0,
0.0,
0.0,
0.0,
0.0,
0.0,
0.0,
0.0,
0.0,
0.0,
0.0,
0.0,
0.0,
9.0,
0.0,
197.0,
255.0,
255.0,
246.0,
255.0,
236.0,
255.0,
202.0,
193.0,
255.0,
255.0,
188.0,
0.0,
0.0,
0.0,
0.0,
0.0,
0.0,
0.0,
0.0,
0.0,
0.0,
0.0,
0.0,
0.0,
8.0,
0.0,
0.0,
79.0,
225.0,
169.0,
114.0,
38.0,
26.0,
0.0,
5.0,
162.0,
255.0,
232.0,
204.0,
4.0,
0.0,
0.0,
0.0,
0.0,
0.0,
0.0,
0.0,
0.0,
0.0,
0.0,
0.0,
0.0,
5.0,
0.0,
6.0,
0.0,
3.0,
0.0,
16.0,
4.0,
30.0,
102.0,
217.0,
237.0,
255.0,
210.0,
52.0,
0.0,
0.0,
0.0,
0.0,
0.0,
0.0,
0.0,
0.0,
0.0,
0.0,
0.0,
0.0,
0.0,
0.0,
8.0,
0.0,
0.0,
10.0,
64.0,
67.0,
147.0,
236.0,
243.0,
255.0,
248.0,
202.0,
26.0,
2.0,
11.0,
0.0,
0.0,
0.0,
0.0,
0.0,
0.0,
0.0,
0.0,
0.0,
0.0,
0.0,
0.0,
9.0,
0.0,
100.0,
124.0,
180.0,
246.0,
255.0,
255.0,
255.0,
254.0,
147.0,
121.0,
0.0,
29.0,
0.0,
0.0,
0.0,
0.0,
0.0,
0.0,
0.0,
0.0,
0.0,
0.0,
0.0,
0.0,
0.0,
0.0,
8.0,
115.0,
255.0,
237.0,
252.0,
253.0,
244.0,
255.0,
157.0,
40.0,
0.0,
0.0,
15.0,
0.0,
4.0,
1.0,
0.0,
0.0,
0.0,
0.0,
0.0,
0.0,
0.0,
0.0,
0.0,
0.0,
0.0,
0.0,
0.0,
96.0,
247.0,
255.0,
191.0,
225.0,
227.0,
244.0,
218.0,
0.0,
6.0,
4.0,
0.0,
19.0,
0.0,
2.0,
0.0,
0.0,
0.0,
0.0,
0.0,
0.0,
0.0,
0.0,
0.0,
0.0,
0.0,
0.0,
0.0,
18.0,
59.0,
45.0,
0.0,
22.0,
22.0,
60.0,
152.0,
198.0,
29.0,
4.0,
0.0,
0.0,
2.0,
0.0,
0.0,
0.0,
0.0,
0.0,
8.0,
0.0,
5.0,
1.0,
0.0,
4.0,
0.0,
0.0,
0.0,
0.0,
3.0,
0.0,
0.0,
6.0,
9.0,
0.0,
46.0,
255.0,
116.0,
6.0,
0.0,
0.0,
12.0,
1.0,
0.0,
0.0,
0.0,
0.0,
6.0,
6.0,
0.0,
4.0,
2.0,
0.0,
6.0,
12.0,
11.0,
0.0,
0.0,
0.0,
0.0,
0.0,
4.0,
0.0,
70.0,
230.0,
144.0,
12.0,
5.0,
2.0,
0.0,
0.0,
0.0,
0.0,
0.0,
0.0,
0.0,
0.0,
10.0,
0.0,
9.0,
70.0,
2.0,
0.0,
2.0,
0.0,
11.0,
13.0,
16.0,
0.0,
6.0,
7.0,
81.0,
255.0,
148.0,
0.0,
0.0,
10.0,
0.0,
10.0,
0.0,
0.0,
0.0,
0.0,
6.0,
0.0,
3.0,
56.0,
158.0,
243.0,
87.0,
6.0,
6.0,
0.0,
6.0,
0.0,
0.0,
0.0,
49.0,
82.0,
240.0,
217.0,
29.0,
20.0,
0.0,
9.0,
6.0,
0.0,
0.0,
0.0,
0.0,
0.0,
0.0,
13.0,
0.0,
152.0,
255.0,
255.0,
184.0,
105.0,
107.0,
103.0,
116.0,
108.0,
126.0,
162.0,
233.0,
255.0,
255.0,
208.0,
20.0,
0.0,
0.0,
5.0,
1.0,
5.0,
0.0,
0.0,
0.0,
0.0,
0.0,
10.0,
0.0,
121.0,
206.0,
236.0,
255.0,
255.0,
255.0,
255.0,
255.0,
254.0,
245.0,
253.0,
255.0,
247.0,
237.0,
43.0,
0.0,
8.0,
7.0,
1.0,
0.0,
0.0,
0.0,
0.0,
0.0,
0.0,
9.0,
0.0,
0.0,
27.0,
108.0,
215.0,
243.0,
253.0,
247.0,
248.0,
248.0,
255.0,
244.0,
239.0,
210.0,
201.0,
63.0,
5.0,
14.0,
0.0,
7.0,
0.0,
0.0,
11.0,
0.0,
0.0,
0.0,
0.0,
0.0,
6.0,
0.0,
0.0,
0.0,
20.0,
62.0,
55.0,
48.0,
73.0,
101.0,
157.0,
101.0,
64.0,
3.0,
0.0,
1.0,
0.0,
0.0,
1.0,
12.0,
0.0,
0.0,
0.0,
0.0,
0.0,
0.0,
0.0,
0.0,
0.0,
0.0,
0.0,
0.0,
0.0,
0.0,
0.0,
0.0,
0.0,
0.0,
0.0,
0.0,
0.0,
0.0,
0.0,
0.0,
0.0,
0.0,
0.0,
0.0,
0.0,
0.0,
0.0,
0.0,
0.0,
0.0,
0.0,
0.0,
0.0,
0.0,
0.0,
0.0,
0.0,
0.0,
0.0,
0.0,
0.0,
0.0,
0.0,
0.0,
0.0,
0.0,
0.0,
0.0,
0.0,
0.0,
0.0,
0.0,
0.0,
0.0,
0.0,
0.0,
0.0,
0.0,
0.0,
0.0,
0.0,
0.0,
0.0,
0.0,
0.0,
0.0,
0.0,
0.0,
0.0,
0.0,
0.0,
0.0,
0.0,
0.0,
0.0,
0.0,
0.0,
0.0,
0.0,
0.0,
0.0,
0.0,
0.0,
0.0,
0.0,
0.0,
0.0,
0.0,
0.0,
0.0,
0.0,
0.0,
0.0,
0.0,
0.0,
0.0,
0.0,
0.0,
0.0,
0.0,
0.0,
0.0,
0.0,
0.0,
0.0,
0.0,
0.0,
0.0,
0.0,
0.0,
0.0,
0.0,
0.0,
0.0,
0.0,
