3.0,
0.0,
3.0,
0.0,
0.0,
3.0,
0.0,
4.0,
0.0,
2.0,
9.0,
2.0,
0.0,
0.0,
5.0,
0.0,
1.0,
0.0,
0.0,
0.0,
2.0,
0.0,
0.0,
0.0,
0.0,
0.0,
0.0,
0.0,
10.0,
15.0,
0.0,
0.0,
9.0,
0.0,
19.0,
0.0,
14.0,
0.0,
0.0,
12.0,
13.0,
0.0,
0.0,
0.0,
5.0,
6.0,
5.0,
1.0,
0.0,
0.0,
0.0,
6.0,
0.0,
0.0,
0.0,
0.0,
0.0,
0.0,
1.0,
19.0,
0.0,
13.0,
0.0,
0.0,
0.0,
0.0,
0.0,
0.0,
0.0,
0.0,
8.0,
9.0,
0.0,
0.0,
1.0,
1.0,
0.0,
0.0,
1.0,
2.0,
0.0,
0.0,
0.0,
0.0,
13.0,
0.0,
19.0,
0.0,
0.0,
9.0,
0.0,
7.0,
1.0,
6.0,
9.0,
0.0,
0.0,
12.0,
6.0,
0.0,
0.0,
0.0,
0.0,
0.0,
1.0,
3.0,
0.0,
0.0,
0.0,
0.0,
0.0,
0.0,
3.0,
0.0,
1.0,
0.0,
28.0,
0.0,
17.0,
0.0,
0.0,
0.0,
0.0,
7.0,
0.0,
0.0,
1.0,
11.0,
11.0,
7.0,
3.0,
0.0,
0.0,
0.0,
0.0,
0.0,
0.0,
0.0,
0.0,
0.0,
0.0,
1.0,
0.0,
0.0,
4.0,
3.0,
0.0,
12.0,
1.0,
1.0,
7.0,
5.0,
0.0,
0.0,
2.0,
0.0,
0.0,
0.0,
0.0,
4.0,
3.0,
0.0,
0.0,
5.0,
0.0,
0.0,
0.0,
0.0,
5.0,
1.0,
6.0,
42.0,
95.0,
184.0,
127.0,
242.0,
255.0,
253.0,
246.0,
244.0,
255.0,
255.0,
220.0,
142.0,
87.0,
36.0,
0.0,
0.0,
7.0,
1.0,
0.0,
3.0,
0.0,
0.0,
0.0,
0.0,
1.0,
0.0,
7.0,
68.0,
254.0,
255.0,
237.0,
255.0,
255.0,
251.0,
255.0,
255.0,
247.0,
249.0,
255.0,
255.0,
255.0,
142.0,
23.0,
0.0,
0.0,
1.0,
0.0,
0.0,
0.0,
0.0,
0.0,
0.0,
5.0,
0.0,
0.0,
26.0,
92.0,
144.0,
153.0,
138.0,
143.0,
149.0,
147.0,
141.0,
251.0,
246.0,
255.0,
249.0,
236.0,
255.0,
166.0,
91.0,
4.0,
0.0,
8.0,
0.0,
0.0,
0.0,
0.0,
0.0,
3.0,
0.0,
0.0,
0.0,
0.0,
8.0,
7.0,
0.0,
17.0,
0.0,
3.0,
0.0,
68.0,
63.0,
48.0,
189.0,
255.0,
232.0,
255.0,
176.0,
13.0,
0.0,
0.0,
13.0,
0.0,
0.0,
0.0,
0.0,
0.0,
5.0,
11.0,
5.0,
0.0,
0.0,
0.0,
0.0,
0.0,
0.0,
3.0,
13.0,
0.0,
0.0,
21.0,
14.0,
251.0,
253.0,
249.0,
202.0,
0.0,
0.0,
2.0,
1.0,
0.0,
0.0,
0.0,
0.0,
0.0,
0.0,
0.0,
0.0,
0.0,
1.0,
2.0,
1.0,
2.0,
5.0,
14.0,
0.0,
0.0,
0.0,
0.0,
62.0,
250.0,
250.0,
254.0,
62.0,
0.0,
10.0,
1.0,
0.0,
0.0,
0.0,
0.0,
0.0,
13.0,
6.0,
1.0,
2.0,
6.0,
6.0,
1.0,
0.0,
0.0,
0.0,
1.0,
0.0,
20.0,
0.0,
72.0,
215.0,
255.0,
255.0,
180.0,
2.0,
0.0,
4.0,
2.0,
4.0,
0.0,
0.0,
0.0,
0.0,
0.0,
0.0,
0.0,
0.0,
0.0,
0.0,
0.0,
0.0,
15.0,
10.0,
12.0,
0.0,
53.0,
77.0,
233.0,
255.0,
243.0,
210.0,
13.0,
22.0,
0.0,
0.0,
3.0,
0.0,
0.0,
0.0,
0.0,
0.0,
2.0,
2.0,
5.0,
5.0,
0.0,
0.0,
0.0,
7.0,
0.0,
0.0,
148.0,
155.0,
255.0,
255.0,
229.0,
255.0,
250.0,
126.0,
4.0,
0.0,
4.0,
9.0,
0.0,
0.0,
0.0,
0.0,
0.0,
0.0,
0.0,
0.0,
0.0,
3.0,
3.0,
0.0,
0.0,
2.0,
3.0,
0.0,
232.0,
255.0,
242.0,
250.0,
255.0,
253.0,
255.0,
208.0,
41.0,
7.0,
3.0,
0.0,
0.0,
8.0,
0.0,
0.0,
0.0,
0.0,
0.0,
0.0,
0.0,
0.0,
0.0,
0.0,
0.0,
0.0,
0.0,
10.0,
225.0,
249.0,
236.0,
241.0,
255.0,
242.0,
253.0,
247.0,
217.0,
137.0,
9.0,
0.0,
0.0,
5.0,
0.0,
0.0,
0.0,
0.0,
0.0,
0.0,
0.0,
0.0,
0.0,
0.0,
0.0,
0.0,
9.0,
0.0,
106.0,
9.0,
1.0,
13.0,
147.0,
165.0,
254.0,
251.0,
255.0,
241.0,
154.0,
4.0,
24.0,
0.0,
0.0,
0.0,
0.0,
0.0,
0.0,
0.0,
0.0,
0.0,
0.0,
0.0,
0.0,
0.0,
5.0,
0.0,
0.0,
4.0,
0.0,
6.0,
0.0,
10.0,
72.0,
201.0,
250.0,
255.0,
255.0,
23.0,
0.0,
0.0,
0.0,
0.0,
0.0,
0.0,
0.0,
0.0,
0.0,
0.0,
0.0,
0.0,
0.0,
0.0,
0.0,
0.0,
0.0,
1.0,
0.0,
0.0,
0.0,
8.0,
2.0,
26.0,
255.0,
237.0,
251.0,
189.0,
4.0,
14.0,
0.0,
0.0,
0.0,
0.0,
0.0,
0.0,
0.0,
0.0,
0.0,
0.0,
0.0,
0.0,
0.0,
0.0,
16.0,
9.0,
5.0,
0.0,
9.0,
0.0,
3.0,
45.0,
255.0,
242.0,
255.0,
168.0,
0.0,
0.0,
0.0,
0.0,
0.0,
0.0,
0.0,
0.0,
0.0,
0.0,
0.0,
0.0,
0.0,
0.0,
0.0,
1.0,
0.0,
0.0,
131.0,
54.0,
0.0,
10.0,
0.0,
49.0,
247.0,
255.0,
255.0,
87.0,
0.0,
14.0,
0.0,
0.0,
0.0,
0.0,
0.0,
0.0,
0.0,
0.0,
0.0,
0.0,
0.0,
0.0,
4.0,
7.0,
20.0,
0.0,
255.0,
102.0,
12.0,
17.0,
131.0,
236.0,
230.0,
251.0,
235.0,
19.0,
0.0,
0.0,
0.0,
0.0,
0.0,
0.0,
0.0,
0.0,
0.0,
0.0,
0.0,
0.0,
0.0,
0.0,
2.0,
0.0,
0.0,
9.0,
230.0,
255.0,
214.0,
151.0,
255.0,
255.0,
255.0,
220.0,
38.0,
0.0,
20.0,
0.0,
0.0,
0.0,
0.0,
0.0,
0.0,
0.0,
0.0,
0.0,
0.0,
0.0,
0.0,
0.0,
0.0,
6.0,
0.0,
1.0,
253.0,
241.0,
255.0,
247.0,
255.0,
243.0,
220.0,
48.0,
0.0,
0.0,
6.0,
0.0,
0.0,
0.0,
0.0,
0.0,
0.0,
0.0,
0.0,
0.0,
0.0,
0.0,
0.0,
0.0,
1.0,
0.0,
5.0,
0.0,
80.0,
107.0,
238.0,
255.0,
179.0,
87.0,
43.0,
0.0,
0.0,
2.0,
0.0,
14.0,
0.0,
0.0,
0.0,
0.0,
0.0,
0.0,
0.0,
0.0,
0.0,
0.0,
0.0,
0.0,
5.0,
0.0,
0.0,
13.0,
0.0,
0.0,
22.0,
0.0,
11.0,
0.0,
10.0,
3.0,
2.0,
0.0,
0.0,
7.0,
0.0,
0.0,
0.0,
0.0,
0.0,
0.0,
0.0,
0.0,
0.0,
0.0,
0.0,
0.0,
0.0,
7.0,
0.0,
0.0,
1.0,
1.0,
6.0,
0.0,
0.0,
0.0,
11.0,
2.0,
0.0,
18.0,
0.0,
0.0,
0.0,
0.0,
0.0,
0.0,
