0.0,
0.0,
0.0,
0.0,
0.0,
0.0,
0.0,
0.0,
0.0,
0.0,
3.0,
0.0,
13.0,
2.0,
0.0,
1.0,
0.0,
0.0,
5.0,
12.0,
0.0,
6.0,
1.0,
0.0,
0.0,
0.0,
0.0,
0.0,
0.0,
0.0,
0.0,
0.0,
0.0,
0.0,
0.0,
0.0,
5.0,
1.0,
4.0,
0.0,
0.0,
0.0,
6.0,
0.0,
11.0,
0.0,
0.0,
0.0,
1.0,
1.0,
0.0,
2.0,
0.0,
0.0,
0.0,
0.0,
0.0,
0.0,
0.0,
0.0,
0.0,
0.0,
0.0,
0.0,
0.0,
0.0,
0.0,
7.0,
0.0,
4.0,
14.0,
0.0,
0.0,
10.0,
9.0,
6.0,
9.0,
0.0,
0.0,
15.0,
0.0,
0.0,
0.0,
0.0,
0.0,
0.0,
0.0,
0.0,
0.0,
0.0,
0.0,
0.0,
6.0,
3.0,
0.0,
0.0,
0.0,
0.0,
0.0,
0.0,
0.0,
9.0,
0.0,
0.0,
0.0,
12.0,
3.0,
0.0,
0.0,
0.0,
0.0,
0.0,
0.0,
0.0,
0.0,
0.0,
0.0,
0.0,
0.0,
0.0,
0.0,
0.0,
1.0,
2.0,
12.0,
0.0,
0.0,
16.0,
0.0,
3.0,
0.0,
21.0,
0.0,
0.0,
7.0,
0.0,
0.0,
0.0,
0.0,
0.0,
0.0,
0.0,
0.0,
0.0,
0.0,
0.0,
0.0,
0.0,
5.0,
0.0,
45.0,
28.0,
55.0,
68.0,
85.0,
153.0,
181.0,
185.0,
186.0,
212.0,
109.0,
4.0,
0.0,
7.0,
0.0,
0.0,
0.0,
0.0,
0.0,
0.0,
0.0,
0.0,
0.0,
0.0,
0.0,
0.0,
6.0,
40.0,
231.0,
242.0,
255.0,
255.0,
245.0,
255.0,
252.0,
245.0,
242.0,
255.0,
241.0,
64.0,
0.0,
2.0,
0.0,
0.0,
0.0,
0.0,
0.0,
0.0,
0.0,
0.0,
0.0,
0.0,
0.0,
0.0,
0.0,
24.0,
255.0,
255.0,
242.0,
254.0,
255.0,
250.0,
249.0,
255.0,
252.0,
246.0,
255.0,
59.0,
0.0,
0.0,
0.0,
0.0,
0.0,
0.0,
0.0,
0.0,
0.0,
0.0,
0.0,
0.0,
0.0,
0.0,
0.0,
36.0,
201.0,
203.0,
204.0,
196.0,
168.0,
126.0,
61.0,
173.0,
241.0,
255.0,
246.0,
61.0,
0.0,
0.0,
0.0,
0.0,
0.0,
0.0,
0.0,
0.0,
0.0,
0.0,
0.0,
0.0,
0.0,
0.0,
12.0,
0.0,
0.0,
9.0,
0.0,
4.0,
3.0,
9.0,
146.0,
253.0,
255.0,
252.0,
86.0,
0.0,
16.0,
0.0,
0.0,
0.0,
0.0,
0.0,
0.0,
0.0,
0.0,
0.0,
0.0,
0.0,
0.0,
0.0,
0.0,
11.0,
16.0,
4.0,
0.0,
9.0,
5.0,
184.0,
246.0,
252.0,
244.0,
212.0,
21.0,
8.0,
0.0,
4.0,
0.0,
0.0,
0.0,
0.0,
0.0,
0.0,
0.0,
0.0,
0.0,
0.0,
0.0,
0.0,
0.0,
5.0,
0.0,
0.0,
24.0,
112.0,
231.0,
252.0,
254.0,
254.0,
219.0,
49.0,
0.0,
0.0,
0.0,
3.0,
0.0,
0.0,
0.0,
0.0,
0.0,
0.0,
0.0,
0.0,
0.0,
0.0,
0.0,
0.0,
4.0,
13.0,
111.0,
195.0,
241.0,
255.0,
240.0,
255.0,
255.0,
241.0,
21.0,
6.0,
0.0,
11.0,
0.0,
0.0,
0.0,
0.0,
0.0,
0.0,
0.0,
0.0,
0.0,
0.0,
0.0,
0.0,
0.0,
0.0,
102.0,
255.0,
245.0,
239.0,
255.0,
255.0,
248.0,
255.0,
246.0,
255.0,
141.0,
0.0,
3.0,
0.0,
27.0,
0.0,
0.0,
0.0,
0.0,
0.0,
0.0,
0.0,
0.0,
0.0,
0.0,
0.0,
0.0,
0.0,
188.0,
247.0,
254.0,
255.0,
255.0,
255.0,
235.0,
188.0,
247.0,
255.0,
230.0,
31.0,
1.0,
0.0,
0.0,
5.0,
0.0,
0.0,
0.0,
0.0,
0.0,
0.0,
0.0,
0.0,
0.0,
0.0,
0.0,
0.0,
220.0,
255.0,
240.0,
164.0,
90.0,
0.0,
17.0,
0.0,
43.0,
245.0,
253.0,
68.0,
7.0,
7.0,
0.0,
3.0,
0.0,
0.0,
0.0,
0.0,
0.0,
5.0,
2.0,
4.0,
0.0,
0.0,
1.0,
3.0,
6.0,
68.0,
12.0,
3.0,
0.0,
0.0,
12.0,
0.0,
0.0,
227.0,
246.0,
168.0,
0.0,
0.0,
11.0,
0.0,
0.0,
0.0,
0.0,
0.0,
0.0,
0.0,
0.0,
2.0,
1.0,
0.0,
0.0,
0.0,
4.0,
0.0,
0.0,
4.0,
15.0,
0.0,
4.0,
9.0,
19.0,
240.0,
255.0,
127.0,
11.0,
2.0,
0.0,
4.0,
0.0,
0.0,
0.0,
0.0,
0.0,
0.0,
7.0,
2.0,
0.0,
3.0,
10.0,
2.0,
18.0,
0.0,
7.0,
0.0,
9.0,
9.0,
0.0,
23.0,
217.0,
253.0,
255.0,
102.0,
17.0,
0.0,
0.0,
8.0,
0.0,
0.0,
0.0,
0.0,
5.0,
0.0,
5.0,
0.0,
0.0,
5.0,
0.0,
0.0,
0.0,
1.0,
13.0,
7.0,
0.0,
2.0,
63.0,
255.0,
255.0,
255.0,
249.0,
69.0,
0.0,
1.0,
12.0,
0.0,
0.0,
0.0,
0.0,
0.0,
5.0,
0.0,
0.0,
0.0,
7.0,
7.0,
0.0,
1.0,
0.0,
21.0,
0.0,
0.0,
43.0,
190.0,
242.0,
243.0,
255.0,
240.0,
139.0,
15.0,
0.0,
2.0,
0.0,
3.0,
0.0,
0.0,
0.0,
0.0,
0.0,
0.0,
7.0,
0.0,
1.0,
0.0,
20.0,
125.0,
203.0,
91.0,
112.0,
219.0,
255.0,
240.0,
255.0,
250.0,
251.0,
131.0,
4.0,
0.0,
15.0,
0.0,
0.0,
7.0,
0.0,
0.0,
0.0,
0.0,
0.0,
5.0,
13.0,
0.0,
0.0,
0.0,
58.0,
250.0,
253.0,
255.0,
255.0,
249.0,
246.0,
255.0,
251.0,
125.0,
61.0,
15.0,
0.0,
4.0,
0.0,
0.0,
23.0,
0.0,
0.0,
0.0,
0.0,
0.0,
2.0,
0.0,
0.0,
0.0,
17.0,
3.0,
53.0,
255.0,
246.0,
255.0,
241.0,
255.0,
255.0,
207.0,
73.0,
4.0,
2.0,
0.0,
0.0,
0.0,
13.0,
0.0,
0.0,
0.0,
0.0,
0.0,
0.0,
0.0,
0.0,
3.0,
0.0,
5.0,
2.0,
0.0,
57.0,
181.0,
255.0,
239.0,
202.0,
147.0,
77.0,
18.0,
0.0,
0.0,
0.0,
0.0,
0.0,
0.0,
0.0,
0.0,
0.0,
0.0,
0.0,
0.0,
0.0,
0.0,
1.0,
11.0,
0.0,
0.0,
4.0,
0.0,
0.0,
10.0,
0.0,
0.0,
0.0,
0.0,
0.0,
0.0,
0.0,
11.0,
0.0,
0.0,
0.0,
0.0,
0.0,
0.0,
0.0,
0.0,
0.0,
0.0,
0.0,
0.0,
0.0,
10.0,
3.0,
0.0,
11.0,
17.0,
0.0,
0.0,
13.0,
6.0,
3.0,
6.0,
4.0,
0.0,
0.0,
0.0,
0.0,
0.0,
0.0,
0.0,
0.0,
0.0,
0.0,
0.0,
0.0,
0.0,
0.0,
0.0,
0.0,
7.0,
2.0,
0.0,
0.0,
0.0,
0.0,
16.0,
0.0,
0.0,
0.0,
0.0,
4.0,
3.0,
3.0,
5.0,
0.0,
0.0,
0.0,
0.0,
0.0,
0.0,
0.0,
0.0,
0.0,
0.0,
0.0,
0.0,
