0.0,
0.0,
0.0,
0.0,
0.0,
2.0,
2.0,
1.0,
0.0,
0.0,
1.0,
7.0,
5.0,
0.0,
0.0,
3.0,
0.0,
0.0,
0.0,
5.0,
1.0,
0.0,
2.0,
0.0,
0.0,
0.0,
0.0,
0.0,
0.0,
0.0,
1.0,
2.0,
2.0,
0.0,
0.0,
0.0,
1.0,
4.0,
0.0,
0.0,
0.0,
3.0,
5.0,
0.0,
4.0,
0.0,
0.0,
3.0,
0.0,
0.0,
0.0,
8.0,
0.0,
0.0,
0.0,
0.0,
2.0,
0.0,
0.0,
0.0,
0.0,
1.0,
4.0,
7.0,
0.0,
0.0,
0.0,
3.0,
9.0,
9.0,
4.0,
0.0,
0.0,
0.0,
0.0,
0.0,
6.0,
0.0,
0.0,
0.0,
0.0,
0.0,
0.0,
0.0,
0.0,
0.0,
0.0,
0.0,
0.0,
0.0,
1.0,
5.0,
10.0,
0.0,
0.0,
4.0,
2.0,
0.0,
0.0,
2.0,
3.0,
6.0,
0.0,
0.0,
6.0,
6.0,
0.0,
0.0,
0.0,
0.0,
0.0,
0.0,
0.0,
0.0,
3.0,
9.0,
5.0,
0.0,
0.0,
0.0,
0.0,
8.0,
14.0,
0.0,
0.0,
13.0,
19.0,
7.0,
2.0,
10.0,
6.0,
0.0,
0.0,
4.0,
5.0,
4.0,
0.0,
0.0,
0.0,
0.0,
3.0,
0.0,
0.0,
1.0,
0.0,
0.0,
4.0,
16.0,
6.0,
138.0,
243.0,
255.0,
255.0,
239.0,
131.0,
0.0,
0.0,
0.0,
0.0,
8.0,
0.0,
0.0,
3.0,
1.0,
0.0,
0.0,
0.0,
0.0,
10.0,
0.0,
0.0,
0.0,
0.0,
0.0,
18.0,
39.0,
240.0,
255.0,
255.0,
246.0,
255.0,
255.0,
246.0,
190.0,
80.0,
6.0,
0.0,
11.0,
3.0,
0.0,
0.0,
0.0,
0.0,
0.0,
0.0,
0.0,
0.0,
0.0,
1.0,
8.0,
4.0,
0.0,
0.0,
11.0,
196.0,
130.0,
121.0,
196.0,
253.0,
247.0,
243.0,
255.0,
245.0,
79.0,
0.0,
3.0,
0.0,
0.0,
7.0,
0.0,
0.0,
0.0,
0.0,
0.0,
0.0,
0.0,
0.0,
0.0,
0.0,
0.0,
0.0,
0.0,
8.0,
0.0,
5.0,
124.0,
255.0,
188.0,
196.0,
254.0,
255.0,
182.0,
5.0,
3.0,
1.0,
0.0,
3.0,
0.0,
0.0,
0.0,
0.0,
0.0,
0.0,
0.0,
0.0,
0.0,
0.0,
0.0,
0.0,
0.0,
0.0,
1.0,
0.0,
141.0,
255.0,
128.0,
0.0,
128.0,
252.0,
247.0,
0.0,
0.0,
6.0,
0.0,
2.0,
1.0,
0.0,
0.0,
0.0,
0.0,
0.0,
0.0,
0.0,
0.0,
0.0,
0.0,
0.0,
0.0,
1.0,
15.0,
9.0,
101.0,
251.0,
255.0,
57.0,
131.0,
247.0,
255.0,
0.0,
0.0,
11.0,
0.0,
1.0,
0.0,
0.0,
0.0,
0.0,
0.0,
0.0,
0.0,
0.0,
0.0,
0.0,
0.0,
0.0,
0.0,
0.0,
0.0,
0.0,
73.0,
195.0,
238.0,
255.0,
254.0,
253.0,
239.0,
1.0,
0.0,
8.0,
0.0,
0.0,
0.0,
0.0,
0.0,
0.0,
0.0,
0.0,
0.0,
0.0,
0.0,
0.0,
0.0,
0.0,
0.0,
5.0,
0.0,
0.0,
26.0,
0.0,
255.0,
255.0,
244.0,
255.0,
129.0,
2.0,
0.0,
0.0,
0.0,
1.0,
2.0,
0.0,
0.0,
0.0,
0.0,
0.0,
0.0,
0.0,
0.0,
0.0,
0.0,
0.0,
0.0,
2.0,
0.0,
10.0,
0.0,
16.0,
167.0,
255.0,
255.0,
255.0,
71.0,
0.0,
0.0,
0.0,
3.0,
2.0,
4.0,
0.0,
0.0,
0.0,
0.0,
0.0,
0.0,
0.0,
0.0,
0.0,
0.0,
0.0,
0.0,
0.0,
0.0,
11.0,
0.0,
124.0,
255.0,
255.0,
249.0,
254.0,
118.0,
1.0,
0.0,
0.0,
0.0,
0.0,
2.0,
0.0,
0.0,
0.0,
0.0,
0.0,
0.0,
0.0,
0.0,
0.0,
0.0,
0.0,
0.0,
3.0,
4.0,
0.0,
125.0,
255.0,
247.0,
252.0,
255.0,
255.0,
197.0,
6.0,
0.0,
8.0,
0.0,
0.0,
0.0,
0.0,
0.0,
0.0,
0.0,
0.0,
0.0,
0.0,
0.0,
0.0,
0.0,
0.0,
0.0,
0.0,
5.0,
0.0,
66.0,
123.0,
255.0,
248.0,
255.0,
252.0,
255.0,
64.0,
0.0,
0.0,
0.0,
0.0,
5.0,
0.0,
0.0,
0.0,
0.0,
0.0,
0.0,
0.0,
0.0,
0.0,
0.0,
0.0,
0.0,
0.0,
12.0,
8.0,
0.0,
22.0,
0.0,
204.0,
253.0,
252.0,
255.0,
0.0,
0.0,
7.0,
0.0,
0.0,
0.0,
0.0,
0.0,
0.0,
0.0,
0.0,
0.0,
0.0,
0.0,
0.0,
0.0,
0.0,
0.0,
0.0,
0.0,
0.0,
2.0,
23.0,
0.0,
117.0,
255.0,
250.0,
252.0,
6.0,
0.0,
0.0,
0.0,
1.0,
6.0,
0.0,
0.0,
0.0,
0.0,
0.0,
0.0,
0.0,
0.0,
0.0,
0.0,
0.0,
0.0,
1.0,
6.0,
4.0,
2.0,
0.0,
6.0,
157.0,
243.0,
255.0,
255.0,
121.0,
17.0,
0.0,
4.0,
6.0,
0.0,
0.0,
0.0,
0.0,
0.0,
0.0,
0.0,
0.0,
0.0,
0.0,
0.0,
0.0,
0.0,
0.0,
0.0,
13.0,
0.0,
9.0,
0.0,
54.0,
250.0,
248.0,
255.0,
135.0,
13.0,
0.0,
10.0,
0.0,
0.0,
0.0,
0.0,
0.0,
0.0,
0.0,
0.0,
0.0,
0.0,
0.0,
0.0,
0.0,
0.0,
5.0,
132.0,
255.0,
68.0,
0.0,
9.0,
50.0,
255.0,
255.0,
255.0,
50.0,
0.0,
3.0,
9.0,
0.0,
16.0,
0.0,
0.0,
0.0,
0.0,
0.0,
0.0,
0.0,
0.0,
0.0,
0.0,
0.0,
0.0,
3.0,
55.0,
245.0,
247.0,
188.0,
123.0,
255.0,
248.0,
255.0,
187.0,
16.0,
1.0,
5.0,
4.0,
0.0,
10.0,
0.0,
0.0,
0.0,
0.0,
0.0,
0.0,
0.0,
0.0,
0.0,
0.0,
0.0,
0.0,
0.0,
6.0,
62.0,
255.0,
255.0,
255.0,
253.0,
253.0,
127.0,
1.0,
0.0,
3.0,
0.0,
3.0,
6.0,
0.0,
0.0,
0.0,
0.0,
0.0,
0.0,
0.0,
0.0,
0.0,
0.0,
0.0,
0.0,
0.0,
6.0,
0.0,
2.0,
68.0,
188.0,
254.0,
184.0,
69.0,
0.0,
0.0,
0.0,
0.0,
0.0,
0.0,
0.0,
0.0,
0.0,
0.0,
0.0,
0.0,
0.0,
0.0,
0.0,
0.0,
0.0,
0.0,
0.0,
0.0,
0.0,
0.0,
5.0,
0.0,
0.0,
10.0,
7.0,
0.0,
0.0,
0.0,
0.0,
0.0,
0.0,
0.0,
0.0,
0.0,
0.0,
0.0,
0.0,
0.0,
0.0,
0.0,
0.0,
0.0,
0.0,
0.0,
0.0,
0.0,
15.0,
6.0,
0.0,
0.0,
0.0,
0.0,
0.0,
5.0,
0.0,
0.0,
0.0,
0.0,
0.0,
0.0,
0.0,
0.0,
0.0,
0.0,
0.0,
0.0,
0.0,
0.0,
0.0,
0.0,
0.0,
0.0,
0.0,
0.0,
0.0,
0.0,
0.0,
4.0,
7.0,
0.0,
0.0,
1.0,
0.0,
0.0,
0.0,
0.0,
0.0,
0.0,
0.0,
0.0,
0.0,
0.0,
0.0,
0.0,
