0.0,
0.0,
0.0,
0.0,
0.0,
0.0,
0.0,
0.0,
3.0,
0.0,
0.0,
1.0,
6.0,
0.0,
0.0,
11.0,
0.0,
0.0,
15.0,
0.0,
0.0,
5.0,
0.0,
1.0,
0.0,
0.0,
0.0,
0.0,
0.0,
0.0,
0.0,
0.0,
0.0,
0.0,
0.0,
0.0,
0.0,
8.0,
0.0,
0.0,
11.0,
0.0,
0.0,
0.0,
10.0,
0.0,
0.0,
5.0,
7.0,
0.0,
7.0,
4.0,
0.0,
0.0,
0.0,
0.0,
0.0,
0.0,
0.0,
0.0,
0.0,
0.0,
0.0,
0.0,
5.0,
0.0,
4.0,
0.0,
0.0,
0.0,
11.0,
2.0,
0.0,
3.0,
2.0,
17.0,
3.0,
0.0,
8.0,
0.0,
0.0,
0.0,
0.0,
0.0,
0.0,
0.0,
0.0,
0.0,
0.0,
0.0,
0.0,
0.0,
5.0,
0.0,
3.0,
9.0,
0.0,
0.0,
8.0,
0.0,
15.0,
0.0,
2.0,
0.0,
0.0,
18.0,
0.0,
3.0,
0.0,
0.0,
0.0,
0.0,
0.0,
0.0,
0.0,
0.0,
0.0,
0.0,
0.0,
0.0,
0.0,
1.0,
0.0,
53.0,
163.0,
229.0,
250.0,
255.0,
189.0,
82.0,
0.0,
0.0,
4.0,
12.0,
0.0,
9.0,
0.0,
0.0,
0.0,
0.0,
0.0,
0.0,
0.0,
0.0,
0.0,
0.0,
0.0,
0.0,
0.0,
37.0,
185.0,
255.0,
233.0,
237.0,
255.0,
228.0,
255.0,
210.0,
12.0,
3.0,
8.0,
0.0,
2.0,
0.0,
0.0,
0.0,
0.0,
0.0,
0.0,
0.0,
0.0,
0.0,
0.0,
0.0,
0.0,
0.0,
2.0,
153.0,
235.0,
246.0,
251.0,
195.0,
131.0,
141.0,
221.0,
243.0,
31.0,
0.0,
0.0,
0.0,
20.0,
0.0,
0.0,
0.0,
0.0,
0.0,
0.0,
0.0,
0.0,
0.0,
0.0,
0.0,
0.0,
0.0,
2.0,
155.0,
255.0,
188.0,
49.0,
0.0,
7.0,
33.0,
250.0,
255.0,
59.0,
6.0,
8.0,
2.0,
0.0,
0.0,
0.0,
0.0,
0.0,
0.0,
0.0,
0.0,
0.0,
0.0,
0.0,
0.0,
0.0,
0.0,
0.0,
42.0,
55.0,
0.0,
16.0,
0.0,
15.0,
114.0,
252.0,
235.0,
0.0,
0.0,
1.0,
0.0,
4.0,
4.0,
0.0,
0.0,
0.0,
0.0,
0.0,
0.0,
0.0,
0.0,
0.0,
0.0,
0.0,
0.0,
5.0,
0.0,
4.0,
5.0,
0.0,
3.0,
45.0,
249.0,
255.0,
149.0,
10.0,
22.0,
0.0,
0.0,
0.0,
0.0,
0.0,
0.0,
0.0,
0.0,
0.0,
0.0,
0.0,
0.0,
0.0,
0.0,
0.0,
0.0,
0.0,
0.0,
2.0,
13.0,
5.0,
20.0,
208.0,
246.0,
218.0,
0.0,
1.0,
0.0,
14.0,
14.0,
0.0,
7.0,
0.0,
0.0,
0.0,
0.0,
0.0,
0.0,
0.0,
0.0,
0.0,
0.0,
0.0,
0.0,
11.0,
0.0,
6.0,
0.0,
23.0,
182.0,
255.0,
243.0,
255.0,
172.0,
44.0,
11.0,
0.0,
0.0,
4.0,
4.0,
0.0,
0.0,
0.0,
0.0,
0.0,
0.0,
0.0,
0.0,
0.0,
0.0,
0.0,
0.0,
0.0,
0.0,
6.0,
13.0,
182.0,
253.0,
234.0,
255.0,
219.0,
251.0,
255.0,
85.0,
0.0,
0.0,
2.0,
0.0,
0.0,
0.0,
0.0,
0.0,
0.0,
0.0,
0.0,
0.0,
0.0,
0.0,
0.0,
0.0,
0.0,
14.0,
6.0,
0.0,
214.0,
252.0,
181.0,
50.0,
16.0,
134.0,
239.0,
238.0,
7.0,
16.0,
3.0,
0.0,
0.0,
0.0,
0.0,
0.0,
0.0,
0.0,
0.0,
0.0,
0.0,
0.0,
0.0,
0.0,
11.0,
0.0,
5.0,
19.0,
31.0,
67.0,
0.0,
15.0,
2.0,
0.0,
208.0,
254.0,
23.0,
2.0,
0.0,
6.0,
0.0,
0.0,
0.0,
0.0,
0.0,
0.0,
0.0,
0.0,
0.0,
0.0,
0.0,
0.0,
0.0,
19.0,
0.0,
0.0,
0.0,
0.0,
7.0,
0.0,
0.0,
7.0,
158.0,
255.0,
30.0,
1.0,
0.0,
10.0,
0.0,
0.0,
0.0,
0.0,
0.0,
3.0,
0.0,
0.0,
4.0,
0.0,
0.0,
0.0,
2.0,
0.0,
0.0,
0.0,
4.0,
0.0,
0.0,
3.0,
2.0,
0.0,
146.0,
241.0,
105.0,
11.0,
0.0,
6.0,
0.0,
0.0,
0.0,
0.0,
2.0,
0.0,
0.0,
13.0,
4.0,
0.0,
9.0,
13.0,
0.0,
0.0,
0.0,
0.0,
0.0,
0.0,
4.0,
11.0,
0.0,
21.0,
205.0,
255.0,
88.0,
0.0,
0.0,
0.0,
0.0,
0.0,
0.0,
0.0,
0.0,
4.0,
0.0,
4.0,
0.0,
0.0,
6.0,
0.0,
3.0,
0.0,
0.0,
2.0,
0.0,
0.0,
0.0,
0.0,
0.0,
57.0,
255.0,
250.0,
0.0,
25.0,
0.0,
12.0,
0.0,
0.0,
0.0,
0.0,
0.0,
3.0,
7.0,
0.0,
0.0,
2.0,
2.0,
39.0,
35.0,
6.0,
0.0,
1.0,
0.0,
2.0,
11.0,
11.0,
38.0,
222.0,
255.0,
86.0,
15.0,
0.0,
0.0,
0.0,
0.0,
0.0,
0.0,
0.0,
5.0,
0.0,
10.0,
0.0,
6.0,
0.0,
8.0,
192.0,
250.0,
183.0,
104.0,
42.0,
0.0,
0.0,
27.0,
65.0,
225.0,
255.0,
207.0,
13.0,
0.0,
15.0,
9.0,
1.0,
0.0,
0.0,
0.0,
0.0,
3.0,
0.0,
11.0,
0.0,
8.0,
0.0,
1.0,
181.0,
255.0,
255.0,
251.0,
233.0,
223.0,
217.0,
233.0,
255.0,
242.0,
206.0,
2.0,
0.0,
0.0,
0.0,
0.0,
3.0,
0.0,
0.0,
0.0,
0.0,
0.0,
2.0,
5.0,
0.0,
5.0,
9.0,
0.0,
45.0,
197.0,
250.0,
255.0,
241.0,
255.0,
255.0,
244.0,
244.0,
193.0,
51.0,
10.0,
0.0,
13.0,
0.0,
12.0,
1.0,
0.0,
0.0,
0.0,
0.0,
0.0,
0.0,
0.0,
6.0,
7.0,
0.0,
2.0,
0.0,
4.0,
108.0,
156.0,
179.0,
245.0,
252.0,
171.0,
109.0,
22.0,
0.0,
2.0,
0.0,
5.0,
0.0,
2.0,
1.0,
0.0,
0.0,
0.0,
0.0,
0.0,
0.0,
0.0,
0.0,
0.0,
0.0,
0.0,
0.0,
0.0,
0.0,
0.0,
0.0,
0.0,
0.0,
0.0,
0.0,
0.0,
0.0,
0.0,
0.0,
0.0,
0.0,
0.0,
0.0,
0.0,
0.0,
0.0,
0.0,
0.0,
0.0,
0.0,
0.0,
0.0,
0.0,
0.0,
0.0,
0.0,
0.0,
0.0,
0.0,
0.0,
0.0,
0.0,
0.0,
0.0,
0.0,
0.0,
0.0,
0.0,
0.0,
0.0,
0.0,
0.0,
0.0,
0.0,
0.0,
0.0,
0.0,
0.0,
0.0,
0.0,
0.0,
0.0,
0.0,
0.0,
0.0,
0.0,
0.0,
0.0,
0.0,
0.0,
0.0,
0.0,
0.0,
0.0,
0.0,
0.0,
0.0,
0.0,
0.0,
0.0,
0.0,
0.0,
0.0,
0.0,
0.0,
0.0,
0.0,
0.0,
0.0,
0.0,
0.0,
0.0,
0.0,
0.0,
0.0,
0.0,
0.0,
0.0,
0.0,
0.0,
0.0,
0.0,
0.0,
0.0,
0.0,
0.0,
0.0,
0.0,
0.0,
0.0,
0.0,
