0.0,
8.0,
2.0,
0.0,
0.0,
0.0,
9.0,
0.0,
0.0,
2.0,
3.0,
0.0,
0.0,
0.0,
0.0,
0.0,
0.0,
10.0,
3.0,
0.0,
1.0,
0.0,
0.0,
8.0,
0.0,
0.0,
0.0,
0.0,
0.0,
0.0,
0.0,
19.0,
22.0,
0.0,
0.0,
1.0,
0.0,
0.0,
0.0,
1.0,
0.0,
0.0,
0.0,
5.0,
14.0,
0.0,
0.0,
0.0,
10.0,
1.0,
0.0,
0.0,
0.0,
0.0,
0.0,
0.0,
12.0,
0.0,
0.0,
0.0,
0.0,
0.0,
0.0,
0.0,
5.0,
0.0,
0.0,
1.0,
2.0,
0.0,
0.0,
9.0,
0.0,
0.0,
12.0,
8.0,
0.0,
4.0,
3.0,
0.0,
0.0,
0.0,
0.0,
0.0,
0.0,
1.0,
16.0,
8.0,
1.0,
5.0,
3.0,
7.0,
1.0,
0.0,
0.0,
0.0,
0.0,
0.0,
0.0,
0.0,
24.0,
0.0,
0.0,
1.0,
0.0,
0.0,
7.0,
7.0,
0.0,
0.0,
0.0,
0.0,
15.0,
0.0,
0.0,
0.0,
0.0,
0.0,
0.0,
12.0,
0.0,
2.0,
3.0,
2.0,
5.0,
8.0,
5.0,
0.0,
0.0,
0.0,
5.0,
9.0,
0.0,
0.0,
7.0,
0.0,
0.0,
0.0,
0.0,
0.0,
0.0,
0.0,
17.0,
0.0,
0.0,
54.0,
92.0,
135.0,
0.0,
0.0,
0.0,
3.0,
7.0,
7.0,
2.0,
0.0,
7.0,
4.0,
6.0,
5.0,
1.0,
2.0,
1.0,
0.0,
0.0,
0.0,
0.0,
0.0,
6.0,
0.0,
0.0,
0.0,
96.0,
242.0,
255.0,
222.0,
216.0,
199.0,
198.0,
214.0,
217.0,
202.0,
196.0,
205.0,
195.0,
87.0,
0.0,
0.0,
11.0,
0.0,
0.0,
17.0,
0.0,
0.0,
0.0,
0.0,
0.0,
0.0,
12.0,
0.0,
45.0,
175.0,
231.0,
255.0,
245.0,
211.0,
205.0,
232.0,
232.0,
200.0,
194.0,
217.0,
255.0,
249.0,
150.0,
18.0,
0.0,
4.0,
8.0,
0.0,
0.0,
0.0,
0.0,
0.0,
0.0,
1.0,
1.0,
0.0,
0.0,
10.0,
31.0,
49.0,
44.0,
7.0,
0.0,
52.0,
14.0,
0.0,
7.0,
1.0,
102.0,
242.0,
233.0,
5.0,
0.0,
3.0,
0.0,
9.0,
0.0,
0.0,
0.0,
0.0,
0.0,
2.0,
4.0,
1.0,
0.0,
0.0,
1.0,
7.0,
8.0,
0.0,
3.0,
8.0,
0.0,
11.0,
14.0,
0.0,
120.0,
255.0,
239.0,
0.0,
20.0,
5.0,
0.0,
0.0,
0.0,
0.0,
0.0,
0.0,
0.0,
0.0,
3.0,
4.0,
1.0,
0.0,
0.0,
0.0,
0.0,
0.0,
0.0,
2.0,
2.0,
19.0,
0.0,
0.0,
203.0,
233.0,
149.0,
1.0,
0.0,
9.0,
7.0,
0.0,
0.0,
0.0,
0.0,
0.0,
1.0,
0.0,
0.0,
0.0,
1.0,
2.0,
2.0,
2.0,
0.0,
21.0,
2.0,
0.0,
2.0,
0.0,
31.0,
229.0,
255.0,
231.0,
82.0,
8.0,
0.0,
8.0,
0.0,
4.0,
0.0,
0.0,
0.0,
0.0,
5.0,
2.0,
0.0,
0.0,
0.0,
0.0,
0.0,
0.0,
9.0,
0.0,
0.0,
19.0,
0.0,
87.0,
219.0,
238.0,
241.0,
62.0,
0.0,
4.0,
2.0,
0.0,
24.0,
0.0,
0.0,
0.0,
0.0,
0.0,
0.0,
0.0,
0.0,
1.0,
2.0,
1.0,
0.0,
0.0,
0.0,
13.0,
38.0,
151.0,
214.0,
247.0,
255.0,
226.0,
22.0,
0.0,
1.0,
0.0,
0.0,
7.0,
7.0,
0.0,
0.0,
0.0,
0.0,
0.0,
0.0,
0.0,
0.0,
3.0,
3.0,
3.0,
3.0,
3.0,
1.0,
146.0,
248.0,
255.0,
229.0,
255.0,
253.0,
217.0,
211.0,
74.0,
1.0,
16.0,
0.0,
8.0,
0.0,
12.0,
0.0,
0.0,
0.0,
0.0,
1.0,
1.0,
0.0,
0.0,
0.0,
0.0,
0.0,
1.0,
0.0,
13.0,
109.0,
202.0,
206.0,
208.0,
204.0,
255.0,
243.0,
255.0,
214.0,
21.0,
0.0,
4.0,
0.0,
0.0,
0.0,
0.0,
0.0,
0.0,
0.0,
1.0,
0.0,
0.0,
3.0,
0.0,
0.0,
2.0,
0.0,
6.0,
0.0,
8.0,
1.0,
0.0,
12.0,
51.0,
134.0,
255.0,
246.0,
196.0,
27.0,
0.0,
0.0,
0.0,
0.0,
0.0,
0.0,
0.0,
2.0,
3.0,
0.0,
0.0,
2.0,
0.0,
0.0,
6.0,
4.0,
0.0,
1.0,
0.0,
12.0,
0.0,
0.0,
0.0,
0.0,
13.0,
140.0,
255.0,
168.0,
0.0,
0.0,
3.0,
0.0,
0.0,
0.0,
0.0,
5.0,
4.0,
0.0,
0.0,
4.0,
0.0,
0.0,
2.0,
0.0,
18.0,
7.0,
7.0,
0.0,
13.0,
0.0,
4.0,
7.0,
0.0,
27.0,
196.0,
243.0,
10.0,
5.0,
9.0,
0.0,
0.0,
0.0,
0.0,
0.0,
1.0,
0.0,
2.0,
6.0,
0.0,
0.0,
2.0,
14.0,
55.0,
93.0,
0.0,
6.0,
0.0,
0.0,
12.0,
0.0,
14.0,
0.0,
186.0,
254.0,
0.0,
0.0,
0.0,
0.0,
0.0,
0.0,
0.0,
0.0,
0.0,
1.0,
2.0,
2.0,
0.0,
0.0,
23.0,
150.0,
247.0,
62.0,
2.0,
0.0,
1.0,
24.0,
0.0,
11.0,
0.0,
64.0,
255.0,
199.0,
0.0,
14.0,
1.0,
0.0,
0.0,
0.0,
0.0,
0.0,
1.0,
0.0,
0.0,
0.0,
0.0,
13.0,
47.0,
255.0,
30.0,
22.0,
15.0,
0.0,
0.0,
4.0,
0.0,
0.0,
22.0,
177.0,
236.0,
43.0,
0.0,
2.0,
0.0,
0.0,
0.0,
0.0,
0.0,
1.0,
1.0,
0.0,
0.0,
0.0,
0.0,
11.0,
44.0,
255.0,
207.0,
122.0,
28.0,
3.0,
21.0,
0.0,
28.0,
11.0,
155.0,
255.0,
152.0,
0.0,
10.0,
0.0,
4.0,
0.0,
0.0,
0.0,
0.0,
1.0,
0.0,
0.0,
4.0,
5.0,
0.0,
0.0,
23.0,
145.0,
247.0,
255.0,
251.0,
175.0,
42.0,
65.0,
142.0,
230.0,
254.0,
163.0,
15.0,
1.0,
0.0,
0.0,
1.0,
0.0,
0.0,
0.0,
0.0,
0.0,
0.0,
0.0,
0.0,
0.0,
0.0,
0.0,
0.0,
0.0,
54.0,
137.0,
209.0,
249.0,
255.0,
254.0,
248.0,
240.0,
109.0,
2.0,
0.0,
12.0,
0.0,
0.0,
3.0,
0.0,
0.0,
0.0,
0.0,
0.0,
0.0,
0.0,
0.0,
0.0,
0.0,
0.0,
0.0,
0.0,
4.0,
7.0,
4.0,
0.0,
0.0,
0.0,
5.0,
9.0,
0.0,
0.0,
0.0,
4.0,
1.0,
0.0,
2.0,
0.0,
0.0,
0.0,
0.0,
0.0,
0.0,
0.0,
0.0,
0.0,
0.0,
0.0,
0.0,
0.0,
0.0,
1.0,
2.0,
1.0,
0.0,
0.0,
0.0,
0.0,
3.0,
9.0,
0.0,
0.0,
0.0,
5.0,
5.0,
0.0,
0.0,
0.0,
0.0,
0.0,
0.0,
0.0,
0.0,
0.0,
0.0,
0.0,
0.0,
6.0,
4.0,
2.0,
1.0,
1.0,
1.0,
0.0,
0.0,
9.0,
3.0,
3.0,
8.0,
8.0,
1.0,
0.0,
0.0,
0.0,
0.0,
0.0,
0.0,
