0.0,
1.0,
0.0,
0.0,
6.0,
3.0,
0.0,
0.0,
0.0,
13.0,
0.0,
6.0,
0.0,
0.0,
0.0,
5.0,
2.0,
1.0,
0.0,
0.0,
0.0,
0.0,
2.0,
9.0,
0.0,
0.0,
0.0,
0.0,
0.0,
6.0,
6.0,
0.0,
0.0,
0.0,
7.0,
6.0,
0.0,
1.0,
0.0,
0.0,
0.0,
7.0,
1.0,
0.0,
0.0,
2.0,
3.0,
4.0,
4.0,
2.0,
0.0,
0.0,
0.0,
0.0,
0.0,
0.0,
0.0,
0.0,
3.0,
2.0,
0.0,
2.0,
2.0,
0.0,
0.0,
0.0,
8.0,
2.0,
0.0,
0.0,
0.0,
0.0,
0.0,
0.0,
0.0,
0.0,
0.0,
0.0,
5.0,
10.0,
0.0,
0.0,
0.0,
0.0,
5.0,
0.0,
0.0,
12.0,
4.0,
0.0,
0.0,
0.0,
18.0,
0.0,
3.0,
4.0,
0.0,
0.0,
0.0,
12.0,
4.0,
0.0,
0.0,
3.0,
8.0,
4.0,
0.0,
0.0,
0.0,
0.0,
0.0,
0.0,
0.0,
1.0,
5.0,
3.0,
0.0,
0.0,
4.0,
14.0,
2.0,
0.0,
0.0,
0.0,
3.0,
9.0,
2.0,
0.0,
0.0,
0.0,
2.0,
0.0,
0.0,
0.0,
5.0,
15.0,
0.0,
0.0,
0.0,
0.0,
0.0,
10.0,
1.0,
0.0,
0.0,
7.0,
0.0,
0.0,
0.0,
24.0,
2.0,
1.0,
0.0,
11.0,
5.0,
0.0,
0.0,
12.0,
11.0,
0.0,
0.0,
7.0,
2.0,
0.0,
0.0,
0.0,
0.0,
0.0,
0.0,
9.0,
0.0,
0.0,
12.0,
6.0,
0.0,
18.0,
78.0,
109.0,
10.0,
7.0,
0.0,
0.0,
0.0,
2.0,
5.0,
155.0,
234.0,
143.0,
20.0,
0.0,
3.0,
6.0,
0.0,
0.0,
0.0,
0.0,
0.0,
7.0,
0.0,
1.0,
6.0,
0.0,
15.0,
133.0,
227.0,
183.0,
0.0,
0.0,
2.0,
5.0,
0.0,
2.0,
46.0,
203.0,
255.0,
121.0,
0.0,
0.0,
11.0,
0.0,
0.0,
0.0,
0.0,
0.0,
4.0,
0.0,
0.0,
8.0,
6.0,
0.0,
0.0,
224.0,
255.0,
184.0,
4.0,
0.0,
3.0,
0.0,
0.0,
0.0,
34.0,
224.0,
252.0,
121.0,
14.0,
0.0,
9.0,
0.0,
0.0,
0.0,
0.0,
0.0,
4.0,
0.0,
5.0,
12.0,
0.0,
0.0,
21.0,
150.0,
251.0,
194.0,
0.0,
0.0,
2.0,
7.0,
3.0,
0.0,
12.0,
226.0,
244.0,
159.0,
0.0,
14.0,
0.0,
2.0,
0.0,
0.0,
0.0,
0.0,
4.0,
5.0,
0.0,
0.0,
0.0,
7.0,
84.0,
255.0,
250.0,
75.0,
7.0,
0.0,
7.0,
0.0,
5.0,
3.0,
134.0,
254.0,
240.0,
19.0,
0.0,
0.0,
14.0,
0.0,
0.0,
0.0,
0.0,
0.0,
0.0,
5.0,
0.0,
5.0,
13.0,
0.0,
70.0,
255.0,
250.0,
134.0,
0.0,
3.0,
0.0,
0.0,
0.0,
7.0,
175.0,
241.0,
255.0,
180.0,
0.0,
8.0,
0.0,
2.0,
0.0,
0.0,
0.0,
0.0,
13.0,
0.0,
0.0,
0.0,
0.0,
6.0,
117.0,
246.0,
255.0,
32.0,
6.0,
0.0,
5.0,
0.0,
1.0,
0.0,
100.0,
255.0,
249.0,
28.0,
0.0,
9.0,
3.0,
1.0,
0.0,
0.0,
0.0,
0.0,
0.0,
0.0,
1.0,
11.0,
1.0,
0.0,
39.0,
185.0,
244.0,
146.0,
0.0,
5.0,
2.0,
5.0,
0.0,
1.0,
14.0,
218.0,
232.0,
41.0,
0.0,
1.0,
0.0,
0.0,
0.0,
0.0,
0.0,
0.0,
0.0,
9.0,
0.0,
0.0,
11.0,
2.0,
13.0,
212.0,
255.0,
238.0,
155.0,
22.0,
0.0,
21.0,
19.0,
0.0,
103.0,
255.0,
178.0,
0.0,
0.0,
20.0,
0.0,
1.0,
0.0,
0.0,
0.0,
0.0,
0.0,
2.0,
2.0,
0.0,
0.0,
15.0,
0.0,
80.0,
178.0,
255.0,
243.0,
246.0,
185.0,
148.0,
121.0,
161.0,
191.0,
238.0,
245.0,
181.0,
113.0,
14.0,
12.0,
0.0,
0.0,
0.0,
0.0,
0.0,
0.0,
0.0,
0.0,
0.0,
0.0,
0.0,
0.0,
0.0,
20.0,
151.0,
249.0,
254.0,
241.0,
250.0,
255.0,
252.0,
255.0,
245.0,
255.0,
233.0,
255.0,
82.0,
0.0,
1.0,
0.0,
0.0,
0.0,
0.0,
0.0,
0.0,
0.0,
0.0,
0.0,
0.0,
0.0,
0.0,
0.0,
3.0,
49.0,
123.0,
148.0,
127.0,
157.0,
232.0,
223.0,
255.0,
232.0,
137.0,
124.0,
0.0,
0.0,
7.0,
0.0,
0.0,
0.0,
0.0,
0.0,
0.0,
0.0,
0.0,
0.0,
0.0,
0.0,
0.0,
6.0,
3.0,
0.0,
0.0,
0.0,
0.0,
0.0,
10.0,
209.0,
250.0,
198.0,
3.0,
0.0,
11.0,
0.0,
0.0,
0.0,
0.0,
0.0,
0.0,
0.0,
0.0,
0.0,
0.0,
0.0,
0.0,
0.0,
0.0,
0.0,
3.0,
1.0,
1.0,
7.0,
5.0,
4.0,
14.0,
246.0,
250.0,
112.0,
0.0,
6.0,
0.0,
12.0,
6.0,
0.0,
0.0,
0.0,
0.0,
0.0,
0.0,
0.0,
0.0,
0.0,
0.0,
0.0,
0.0,
0.0,
0.0,
0.0,
3.0,
4.0,
0.0,
0.0,
19.0,
192.0,
248.0,
201.0,
24.0,
0.0,
12.0,
0.0,
0.0,
0.0,
0.0,
0.0,
0.0,
0.0,
0.0,
0.0,
0.0,
0.0,
0.0,
0.0,
0.0,
0.0,
9.0,
3.0,
0.0,
0.0,
7.0,
7.0,
7.0,
251.0,
255.0,
121.0,
0.0,
0.0,
0.0,
11.0,
3.0,
0.0,
0.0,
0.0,
0.0,
0.0,
0.0,
0.0,
0.0,
0.0,
0.0,
0.0,
0.0,
2.0,
0.0,
0.0,
4.0,
9.0,
0.0,
0.0,
9.0,
177.0,
249.0,
201.0,
14.0,
0.0,
11.0,
1.0,
0.0,
0.0,
0.0,
0.0,
0.0,
0.0,
0.0,
0.0,
0.0,
0.0,
0.0,
0.0,
0.0,
0.0,
8.0,
7.0,
0.0,
0.0,
0.0,
3.0,
15.0,
218.0,
255.0,
166.0,
1.0,
0.0,
0.0,
7.0,
0.0,
0.0,
0.0,
0.0,
0.0,
0.0,
0.0,
0.0,
0.0,
0.0,
0.0,
0.0,
0.0,
0.0,
0.0,
0.0,
0.0,
0.0,
1.0,
4.0,
5.0,
231.0,
255.0,
149.0,
0.0,
0.0,
0.0,
0.0,
5.0,
0.0,
0.0,
0.0,
0.0,
0.0,
0.0,
0.0,
0.0,
0.0,
0.0,
0.0,
0.0,
0.0,
0.0,
0.0,
0.0,
0.0,
0.0,
2.0,
4.0,
161.0,
244.0,
184.0,
20.0,
0.0,
10.0,
3.0,
0.0,
0.0,
0.0,
0.0,
0.0,
0.0,
0.0,
0.0,
0.0,
0.0,
0.0,
0.0,
0.0,
2.0,
1.0,
0.0,
0.0,
0.0,
0.0,
1.0,
2.0,
0.0,
10.0,
3.0,
0.0,
9.0,
0.0,
0.0,
24.0,
0.0,
0.0,
0.0,
0.0,
0.0,
0.0,
0.0,
0.0,
0.0,
0.0,
0.0,
0.0,
2.0,
2.0,
0.0,
0.0,
0.0,
0.0,
0.0,
0.0,
9.0,
0.0,
0.0,
0.0,
10.0,
4.0,
0.0,
0.0,
0.0,
0.0,
0.0,
0.0,
