11.0,
0.0,
0.0,
4.0,
0.0,
0.0,
12.0,
0.0,
0.0,
0.0,
0.0,
1.0,
2.0,
6.0,
3.0,
0.0,
4.0,
2.0,
6.0,
0.0,
0.0,
0.0,
6.0,
0.0,
0.0,
0.0,
0.0,
0.0,
0.0,
0.0,
6.0,
9.0,
5.0,
0.0,
0.0,
2.0,
4.0,
6.0,
11.0,
2.0,
0.0,
0.0,
5.0,
6.0,
0.0,
4.0,
0.0,
9.0,
7.0,
5.0,
0.0,
20.0,
0.0,
0.0,
0.0,
0.0,
0.0,
4.0,
5.0,
0.0,
0.0,
13.0,
0.0,
15.0,
0.0,
0.0,
2.0,
3.0,
0.0,
2.0,
4.0,
0.0,
8.0,
0.0,
4.0,
0.0,
0.0,
0.0,
1.0,
0.0,
0.0,
0.0,
0.0,
0.0,
0.0,
3.0,
3.0,
0.0,
2.0,
4.0,
0.0,
0.0,
14.0,
4.0,
2.0,
1.0,
0.0,
1.0,
4.0,
0.0,
0.0,
0.0,
16.0,
12.0,
0.0,
0.0,
18.0,
1.0,
0.0,
0.0,
0.0,
0.0,
4.0,
0.0,
0.0,
20.0,
4.0,
0.0,
10.0,
6.0,
0.0,
0.0,
0.0,
9.0,
0.0,
0.0,
0.0,
5.0,
0.0,
12.0,
0.0,
1.0,
9.0,
2.0,
0.0,
2.0,
0.0,
0.0,
0.0,
0.0,
7.0,
1.0,
0.0,
0.0,
0.0,
0.0,
12.0,
0.0,
65.0,
17.0,
0.0,
3.0,
6.0,
0.0,
0.0,
1.0,
16.0,
0.0,
14.0,
0.0,
0.0,
66.0,
254.0,
195.0,
0.0,
0.0,
0.0,
0.0,
0.0,
0.0,
16.0,
0.0,
0.0,
4.0,
0.0,
14.0,
252.0,
121.0,
9.0,
0.0,
0.0,
0.0,
2.0,
6.0,
0.0,
11.0,
0.0,
1.0,
214.0,
234.0,
255.0,
110.0,
0.0,
0.0,
0.0,
0.0,
9.0,
0.0,
15.0,
0.0,
5.0,
0.0,
14.0,
242.0,
255.0,
122.0,
11.0,
0.0,
7.0,
1.0,
0.0,
1.0,
0.0,
0.0,
0.0,
191.0,
255.0,
246.0,
198.0,
2.0,
0.0,
0.0,
0.0,
0.0,
5.0,
0.0,
1.0,
1.0,
4.0,
0.0,
0.0,
255.0,
255.0,
50.0,
19.0,
0.0,
7.0,
1.0,
0.0,
0.0,
3.0,
0.0,
64.0,
255.0,
255.0,
180.0,
17.0,
0.0,
0.0,
0.0,
0.0,
0.0,
0.0,
9.0,
0.0,
3.0,
0.0,
0.0,
158.0,
236.0,
255.0,
10.0,
0.0,
0.0,
0.0,
3.0,
0.0,
18.0,
0.0,
87.0,
244.0,
245.0,
250.0,
62.0,
0.0,
3.0,
0.0,
0.0,
0.0,
0.0,
0.0,
0.0,
14.0,
0.0,
1.0,
2.0,
238.0,
255.0,
245.0,
0.0,
0.0,
8.0,
1.0,
13.0,
12.0,
0.0,
0.0,
197.0,
245.0,
253.0,
150.0,
1.0,
1.0,
10.0,
0.0,
0.0,
0.0,
0.0,
0.0,
0.0,
15.0,
0.0,
12.0,
6.0,
246.0,
255.0,
201.0,
6.0,
6.0,
0.0,
7.0,
0.0,
0.0,
0.0,
66.0,
255.0,
255.0,
255.0,
62.0,
0.0,
0.0,
0.0,
0.0,
0.0,
0.0,
0.0,
4.0,
1.0,
0.0,
0.0,
0.0,
4.0,
245.0,
242.0,
255.0,
0.0,
6.0,
12.0,
0.0,
17.0,
0.0,
10.0,
255.0,
244.0,
254.0,
53.0,
10.0,
4.0,
15.0,
0.0,
0.0,
0.0,
0.0,
0.0,
0.0,
2.0,
2.0,
5.0,
0.0,
1.0,
127.0,
255.0,
255.0,
193.0,
0.0,
0.0,
10.0,
0.0,
5.0,
119.0,
250.0,
245.0,
211.0,
0.0,
0.0,
0.0,
0.0,
1.0,
0.0,
0.0,
0.0,
0.0,
0.0,
0.0,
12.0,
0.0,
4.0,
3.0,
0.0,
247.0,
255.0,
255.0,
181.0,
63.0,
13.0,
16.0,
43.0,
255.0,
255.0,
248.0,
61.0,
11.0,
0.0,
13.0,
0.0,
0.0,
0.0,
0.0,
0.0,
0.0,
0.0,
7.0,
0.0,
3.0,
0.0,
8.0,
0.0,
132.0,
253.0,
255.0,
252.0,
255.0,
240.0,
124.0,
191.0,
254.0,
248.0,
136.0,
0.0,
10.0,
4.0,
0.0,
2.0,
3.0,
0.0,
0.0,
0.0,
0.0,
0.0,
0.0,
0.0,
0.0,
0.0,
0.0,
0.0,
0.0,
70.0,
184.0,
255.0,
248.0,
248.0,
255.0,
250.0,
254.0,
244.0,
255.0,
243.0,
149.0,
53.0,
9.0,
1.0,
0.0,
0.0,
0.0,
0.0,
0.0,
0.0,
0.0,
0.0,
0.0,
0.0,
0.0,
0.0,
0.0,
0.0,
0.0,
0.0,
136.0,
144.0,
246.0,
253.0,
255.0,
255.0,
231.0,
145.0,
49.0,
0.0,
0.0,
3.0,
1.0,
0.0,
0.0,
0.0,
0.0,
0.0,
0.0,
0.0,
0.0,
0.0,
0.0,
0.0,
0.0,
0.0,
20.0,
19.0,
0.0,
0.0,
249.0,
255.0,
253.0,
1.0,
2.0,
0.0,
0.0,
0.0,
6.0,
2.0,
0.0,
0.0,
0.0,
0.0,
0.0,
0.0,
0.0,
0.0,
0.0,
0.0,
0.0,
0.0,
0.0,
2.0,
0.0,
0.0,
0.0,
200.0,
255.0,
255.0,
130.0,
0.0,
1.0,
6.0,
4.0,
0.0,
0.0,
1.0,
12.0,
0.0,
0.0,
0.0,
0.0,
0.0,
0.0,
0.0,
0.0,
0.0,
0.0,
0.0,
0.0,
0.0,
4.0,
8.0,
9.0,
255.0,
246.0,
249.0,
65.0,
0.0,
0.0,
0.0,
7.0,
8.0,
0.0,
0.0,
0.0,
0.0,
0.0,
0.0,
0.0,
0.0,
0.0,
0.0,
0.0,
0.0,
0.0,
0.0,
0.0,
18.0,
0.0,
3.0,
69.0,
235.0,
250.0,
145.0,
0.0,
11.0,
0.0,
0.0,
0.0,
0.0,
0.0,
0.0,
8.0,
0.0,
0.0,
0.0,
0.0,
0.0,
0.0,
0.0,
0.0,
0.0,
0.0,
0.0,
0.0,
0.0,
15.0,
0.0,
137.0,
252.0,
255.0,
129.0,
14.0,
0.0,
0.0,
5.0,
9.0,
4.0,
0.0,
0.0,
2.0,
0.0,
0.0,
0.0,
0.0,
0.0,
0.0,
0.0,
0.0,
0.0,
0.0,
0.0,
0.0,
1.0,
0.0,
9.0,
122.0,
255.0,
249.0,
6.0,
0.0,
4.0,
1.0,
0.0,
0.0,
0.0,
2.0,
0.0,
0.0,
0.0,
0.0,
0.0,
0.0,
0.0,
0.0,
0.0,
0.0,
0.0,
0.0,
0.0,
0.0,
0.0,
32.0,
0.0,
63.0,
255.0,
187.0,
0.0,
0.0,
0.0,
0.0,
0.0,
0.0,
0.0,
0.0,
0.0,
0.0,
0.0,
0.0,
0.0,
0.0,
0.0,
0.0,
0.0,
0.0,
0.0,
0.0,
0.0,
0.0,
2.0,
0.0,
0.0,
11.0,
12.0,
1.0,
2.0,
14.0,
0.0,
0.0,
0.0,
0.0,
0.0,
0.0,
0.0,
0.0,
0.0,
0.0,
0.0,
0.0,
0.0,
0.0,
0.0,
0.0,
0.0,
0.0,
0.0,
0.0,
2.0,
0.0,
2.0,
1.0,
0.0,
0.0,
3.0,
0.0,
0.0,
0.0,
0.0,
0.0,
0.0,
0.0,
0.0,
0.0,
0.0,
0.0,
0.0,
0.0,
0.0,
0.0,
0.0,
0.0,
0.0,
0.0,
0.0,
0.0,
0.0,
15.0,
5.0,
0.0,
11.0,
10.0,
0.0,
5.0,
0.0,
0.0,
0.0,
0.0,
0.0,
0.0,
0.0,
0.0,
0.0,
0.0,
0.0,
0.0,
