0.0,
0.0,
0.0,
0.0,
0.0,
0.0,
0.0,
0.0,
0.0,
0.0,
0.0,
7.0,
0.0,
0.0,
9.0,
3.0,
1.0,
0.0,
3.0,
0.0,
0.0,
6.0,
7.0,
0.0,
0.0,
0.0,
0.0,
0.0,
0.0,
0.0,
0.0,
0.0,
0.0,
0.0,
0.0,
0.0,
2.0,
0.0,
26.0,
0.0,
0.0,
3.0,
0.0,
0.0,
12.0,
2.0,
0.0,
9.0,
9.0,
0.0,
0.0,
5.0,
0.0,
0.0,
0.0,
0.0,
0.0,
0.0,
0.0,
0.0,
0.0,
0.0,
0.0,
0.0,
0.0,
6.0,
0.0,
7.0,
10.0,
0.0,
2.0,
1.0,
0.0,
5.0,
0.0,
0.0,
2.0,
0.0,
9.0,
3.0,
0.0,
0.0,
0.0,
0.0,
0.0,
0.0,
0.0,
0.0,
0.0,
0.0,
0.0,
0.0,
0.0,
14.0,
13.0,
10.0,
0.0,
0.0,
2.0,
0.0,
0.0,
10.0,
10.0,
0.0,
0.0,
5.0,
5.0,
0.0,
0.0,
0.0,
0.0,
0.0,
0.0,
0.0,
0.0,
0.0,
0.0,
0.0,
0.0,
0.0,
11.0,
49.0,
215.0,
4.0,
0.0,
1.0,
8.0,
0.0,
1.0,
0.0,
4.0,
6.0,
0.0,
0.0,
0.0,
1.0,
0.0,
0.0,
0.0,
0.0,
0.0,
0.0,
0.0,
0.0,
0.0,
0.0,
0.0,
0.0,
5.0,
105.0,
228.0,
22.0,
1.0,
7.0,
13.0,
0.0,
0.0,
29.0,
37.0,
0.0,
0.0,
6.0,
0.0,
3.0,
0.0,
0.0,
0.0,
0.0,
0.0,
0.0,
0.0,
0.0,
0.0,
0.0,
0.0,
0.0,
0.0,
176.0,
95.0,
19.0,
0.0,
0.0,
0.0,
0.0,
16.0,
170.0,
111.0,
1.0,
2.0,
10.0,
6.0,
0.0,
0.0,
0.0,
0.0,
0.0,
0.0,
0.0,
0.0,
0.0,
0.0,
0.0,
0.0,
0.0,
49.0,
255.0,
96.0,
0.0,
2.0,
0.0,
0.0,
8.0,
0.0,
215.0,
105.0,
0.0,
13.0,
0.0,
0.0,
5.0,
0.0,
0.0,
0.0,
0.0,
0.0,
0.0,
0.0,
0.0,
0.0,
0.0,
0.0,
0.0,
117.0,
253.0,
50.0,
0.0,
15.0,
0.0,
0.0,
7.0,
83.0,
220.0,
44.0,
0.0,
0.0,
3.0,
10.0,
0.0,
0.0,
0.0,
0.0,
0.0,
0.0,
0.0,
0.0,
0.0,
0.0,
0.0,
0.0,
0.0,
142.0,
255.0,
0.0,
0.0,
0.0,
19.0,
2.0,
0.0,
135.0,
166.0,
3.0,
3.0,
3.0,
0.0,
3.0,
0.0,
0.0,
0.0,
0.0,
0.0,
0.0,
0.0,
0.0,
0.0,
0.0,
0.0,
0.0,
0.0,
168.0,
253.0,
0.0,
18.0,
0.0,
1.0,
0.0,
1.0,
221.0,
145.0,
0.0,
5.0,
3.0,
0.0,
14.0,
4.0,
0.0,
0.0,
0.0,
0.0,
0.0,
0.0,
0.0,
0.0,
0.0,
0.0,
0.0,
0.0,
218.0,
255.0,
0.0,
3.0,
6.0,
0.0,
10.0,
0.0,
255.0,
147.0,
4.0,
0.0,
0.0,
0.0,
9.0,
0.0,
0.0,
0.0,
0.0,
0.0,
0.0,
0.0,
0.0,
0.0,
0.0,
0.0,
0.0,
0.0,
204.0,
253.0,
8.0,
0.0,
0.0,
0.0,
16.0,
0.0,
253.0,
151.0,
8.0,
0.0,
10.0,
4.0,
0.0,
0.0,
0.0,
0.0,
0.0,
0.0,
0.0,
0.0,
0.0,
0.0,
0.0,
0.0,
0.0,
0.0,
222.0,
248.0,
1.0,
13.0,
0.0,
0.0,
0.0,
0.0,
255.0,
150.0,
0.0,
0.0,
12.0,
2.0,
0.0,
7.0,
0.0,
0.0,
0.0,
0.0,
0.0,
0.0,
0.0,
0.0,
0.0,
0.0,
0.0,
0.0,
245.0,
252.0,
12.0,
0.0,
0.0,
8.0,
0.0,
8.0,
252.0,
158.0,
0.0,
19.0,
0.0,
0.0,
0.0,
4.0,
0.0,
0.0,
0.0,
0.0,
0.0,
0.0,
0.0,
0.0,
0.0,
0.0,
0.0,
0.0,
108.0,
254.0,
140.0,
14.0,
0.0,
0.0,
5.0,
0.0,
250.0,
195.0,
66.0,
88.0,
12.0,
0.0,
13.0,
0.0,
0.0,
0.0,
0.0,
0.0,
0.0,
0.0,
0.0,
0.0,
0.0,
0.0,
0.0,
0.0,
23.0,
202.0,
254.0,
90.0,
5.0,
25.0,
38.0,
102.0,
255.0,
248.0,
237.0,
133.0,
0.0,
2.0,
5.0,
0.0,
0.0,
0.0,
0.0,
0.0,
0.0,
0.0,
0.0,
0.0,
0.0,
0.0,
0.0,
0.0,
0.0,
73.0,
249.0,
255.0,
191.0,
221.0,
255.0,
250.0,
253.0,
251.0,
80.0,
10.0,
0.0,
1.0,
10.0,
0.0,
0.0,
0.0,
0.0,
0.0,
0.0,
0.0,
0.0,
0.0,
0.0,
0.0,
0.0,
0.0,
8.0,
0.0,
78.0,
172.0,
195.0,
204.0,
157.0,
92.0,
255.0,
255.0,
11.0,
0.0,
7.0,
0.0,
0.0,
0.0,
0.0,
0.0,
0.0,
0.0,
0.0,
0.0,
0.0,
0.0,
0.0,
0.0,
0.0,
0.0,
4.0,
5.0,
2.0,
0.0,
7.0,
1.0,
0.0,
21.0,
254.0,
249.0,
52.0,
5.0,
12.0,
4.0,
0.0,
4.0,
0.0,
0.0,
0.0,
0.0,
0.0,
0.0,
0.0,
0.0,
0.0,
0.0,
0.0,
0.0,
0.0,
0.0,
0.0,
0.0,
10.0,
16.0,
0.0,
0.0,
190.0,
248.0,
84.0,
0.0,
0.0,
10.0,
0.0,
3.0,
0.0,
0.0,
0.0,
0.0,
0.0,
0.0,
0.0,
0.0,
0.0,
0.0,
0.0,
0.0,
8.0,
0.0,
1.0,
1.0,
0.0,
0.0,
7.0,
10.0,
72.0,
254.0,
135.0,
0.0,
0.0,
0.0,
6.0,
0.0,
0.0,
0.0,
0.0,
0.0,
0.0,
0.0,
0.0,
0.0,
0.0,
0.0,
0.0,
0.0,
0.0,
0.0,
0.0,
6.0,
5.0,
0.0,
0.0,
0.0,
0.0,
208.0,
215.0,
58.0,
1.0,
0.0,
0.0,
1.0,
0.0,
0.0,
0.0,
0.0,
0.0,
0.0,
0.0,
0.0,
0.0,
0.0,
0.0,
0.0,
8.0,
0.0,
0.0,
7.0,
0.0,
0.0,
13.0,
0.0,
0.0,
125.0,
255.0,
108.0,
1.0,
6.0,
0.0,
4.0,
0.0,
0.0,
0.0,
0.0,
0.0,
0.0,
0.0,
0.0,
0.0,
0.0,
0.0,
0.0,
0.0,
0.0,
0.0,
0.0,
0.0,
0.0,
0.0,
0.0,
0.0,
0.0,
0.0,
0.0,
0.0,
0.0,
0.0,
0.0,
0.0,
0.0,
0.0,
0.0,
0.0,
0.0,
0.0,
0.0,
0.0,
0.0,
0.0,
0.0,
0.0,
0.0,
0.0,
0.0,
0.0,
0.0,
0.0,
0.0,
0.0,
0.0,
0.0,
0.0,
0.0,
0.0,
0.0,
0.0,
0.0,
0.0,
0.0,
0.0,
0.0,
0.0,
0.0,
0.0,
0.0,
0.0,
0.0,
0.0,
0.0,
0.0,
0.0,
0.0,
0.0,
0.0,
0.0,
0.0,
0.0,
0.0,
0.0,
0.0,
0.0,
0.0,
0.0,
0.0,
0.0,
0.0,
0.0,
0.0,
0.0,
0.0,
0.0,
0.0,
0.0,
0.0,
0.0,
0.0,
0.0,
0.0,
0.0,
0.0,
0.0,
0.0,
0.0,
0.0,
0.0,
0.0,
0.0,
0.0,
0.0,
0.0,
0.0,
0.0,
0.0,
0.0,
0.0,
0.0,
