0.0,
0.0,
0.0,
0.0,
0.0,
0.0,
0.0,
0.0,
1.0,
2.0,
0.0,
4.0,
0.0,
2.0,
6.0,
0.0,
0.0,
0.0,
4.0,
3.0,
0.0,
4.0,
7.0,
0.0,
0.0,
0.0,
0.0,
0.0,
0.0,
0.0,
0.0,
0.0,
0.0,
0.0,
0.0,
0.0,
0.0,
0.0,
1.0,
12.0,
0.0,
0.0,
0.0,
15.0,
14.0,
0.0,
0.0,
1.0,
0.0,
0.0,
0.0,
15.0,
1.0,
1.0,
1.0,
0.0,
0.0,
0.0,
0.0,
0.0,
0.0,
0.0,
0.0,
0.0,
0.0,
4.0,
14.0,
0.0,
23.0,
21.0,
0.0,
0.0,
0.0,
10.0,
0.0,
0.0,
19.0,
19.0,
0.0,
0.0,
0.0,
1.0,
3.0,
3.0,
0.0,
0.0,
0.0,
0.0,
0.0,
0.0,
0.0,
0.0,
9.0,
0.0,
0.0,
18.0,
0.0,
0.0,
5.0,
1.0,
0.0,
0.0,
2.0,
4.0,
0.0,
0.0,
0.0,
16.0,
0.0,
0.0,
1.0,
3.0,
0.0,
0.0,
0.0,
0.0,
0.0,
0.0,
0.0,
0.0,
0.0,
3.0,
10.0,
5.0,
13.0,
0.0,
15.0,
0.0,
9.0,
0.0,
8.0,
7.0,
0.0,
0.0,
18.0,
0.0,
0.0,
0.0,
0.0,
1.0,
0.0,
0.0,
0.0,
0.0,
0.0,
0.0,
0.0,
0.0,
4.0,
9.0,
0.0,
0.0,
0.0,
0.0,
4.0,
0.0,
0.0,
5.0,
0.0,
0.0,
11.0,
10.0,
2.0,
10.0,
8.0,
0.0,
0.0,
0.0,
0.0,
0.0,
0.0,
0.0,
0.0,
0.0,
0.0,
0.0,
9.0,
0.0,
118.0,
224.0,
1.0,
8.0,
0.0,
5.0,
1.0,
7.0,
0.0,
6.0,
15.0,
0.0,
43.0,
218.0,
21.0,
5.0,
0.0,
0.0,
0.0,
0.0,
0.0,
0.0,
0.0,
0.0,
0.0,
0.0,
0.0,
63.0,
255.0,
119.0,
20.0,
0.0,
1.0,
0.0,
5.0,
0.0,
6.0,
0.0,
0.0,
63.0,
201.0,
255.0,
31.0,
11.0,
0.0,
1.0,
0.0,
0.0,
3.0,
0.0,
5.0,
0.0,
0.0,
3.0,
12.0,
171.0,
255.0,
86.0,
0.0,
7.0,
0.0,
0.0,
0.0,
0.0,
10.0,
0.0,
0.0,
134.0,
253.0,
255.0,
29.0,
9.0,
0.0,
0.0,
0.0,
4.0,
11.0,
0.0,
3.0,
0.0,
9.0,
0.0,
140.0,
238.0,
211.0,
12.0,
6.0,
0.0,
3.0,
0.0,
8.0,
0.0,
0.0,
15.0,
0.0,
127.0,
243.0,
139.0,
18.0,
3.0,
0.0,
0.0,
0.0,
7.0,
7.0,
0.0,
6.0,
2.0,
0.0,
60.0,
246.0,
245.0,
96.0,
0.0,
0.0,
0.0,
10.0,
0.0,
4.0,
0.0,
3.0,
0.0,
56.0,
253.0,
205.0,
0.0,
4.0,
0.0,
0.0,
2.0,
2.0,
2.0,
0.0,
1.0,
4.0,
6.0,
0.0,
196.0,
255.0,
146.0,
0.0,
12.0,
0.0,
0.0,
12.0,
5.0,
0.0,
6.0,
1.0,
18.0,
172.0,
227.0,
115.0,
0.0,
0.0,
0.0,
0.0,
2.0,
6.0,
2.0,
0.0,
0.0,
0.0,
5.0,
90.0,
255.0,
242.0,
84.0,
0.0,
0.0,
16.0,
0.0,
0.0,
0.0,
3.0,
0.0,
10.0,
11.0,
222.0,
215.0,
46.0,
0.0,
1.0,
0.0,
1.0,
2.0,
0.0,
1.0,
6.0,
0.0,
5.0,
18.0,
248.0,
250.0,
254.0,
234.0,
195.0,
148.0,
92.0,
40.0,
0.0,
46.0,
6.0,
0.0,
11.0,
140.0,
246.0,
34.0,
0.0,
13.0,
3.0,
3.0,
2.0,
1.0,
0.0,
0.0,
7.0,
0.0,
5.0,
28.0,
255.0,
245.0,
253.0,
255.0,
240.0,
250.0,
246.0,
255.0,
192.0,
207.0,
180.0,
150.0,
192.0,
239.0,
255.0,
128.0,
0.0,
0.0,
1.0,
1.0,
1.0,
0.0,
6.0,
0.0,
0.0,
1.0,
0.0,
20.0,
172.0,
255.0,
248.0,
247.0,
255.0,
252.0,
254.0,
245.0,
255.0,
252.0,
255.0,
236.0,
255.0,
244.0,
252.0,
183.0,
3.0,
5.0,
0.0,
0.0,
0.0,
0.0,
0.0,
0.0,
0.0,
0.0,
0.0,
0.0,
0.0,
0.0,
0.0,
2.0,
12.0,
48.0,
62.0,
120.0,
117.0,
209.0,
219.0,
250.0,
253.0,
224.0,
54.0,
127.0,
0.0,
0.0,
0.0,
0.0,
0.0,
0.0,
0.0,
0.0,
0.0,
0.0,
0.0,
0.0,
0.0,
0.0,
0.0,
1.0,
0.0,
0.0,
0.0,
0.0,
0.0,
29.0,
0.0,
220.0,
254.0,
175.0,
1.0,
0.0,
0.0,
14.0,
0.0,
0.0,
0.0,
0.0,
0.0,
0.0,
0.0,
0.0,
0.0,
0.0,
0.0,
0.0,
11.0,
4.0,
15.0,
4.0,
7.0,
2.0,
0.0,
0.0,
97.0,
245.0,
211.0,
17.0,
5.0,
0.0,
5.0,
0.0,
0.0,
0.0,
0.0,
0.0,
0.0,
0.0,
0.0,
0.0,
0.0,
0.0,
0.0,
0.0,
1.0,
0.0,
5.0,
0.0,
0.0,
4.0,
7.0,
7.0,
187.0,
253.0,
152.0,
0.0,
1.0,
0.0,
0.0,
5.0,
0.0,
0.0,
0.0,
0.0,
0.0,
0.0,
0.0,
0.0,
0.0,
0.0,
0.0,
0.0,
11.0,
0.0,
11.0,
0.0,
3.0,
2.0,
0.0,
129.0,
243.0,
215.0,
0.0,
13.0,
0.0,
4.0,
4.0,
0.0,
0.0,
0.0,
0.0,
0.0,
0.0,
0.0,
0.0,
0.0,
0.0,
0.0,
0.0,
0.0,
0.0,
9.0,
0.0,
0.0,
19.0,
0.0,
10.0,
248.0,
255.0,
125.0,
0.0,
5.0,
0.0,
0.0,
2.0,
10.0,
0.0,
0.0,
0.0,
0.0,
0.0,
0.0,
0.0,
0.0,
0.0,
0.0,
0.0,
0.0,
0.0,
11.0,
0.0,
0.0,
10.0,
0.0,
102.0,
255.0,
179.0,
1.0,
14.0,
0.0,
18.0,
8.0,
2.0,
0.0,
0.0,
0.0,
0.0,
0.0,
0.0,
0.0,
0.0,
0.0,
0.0,
0.0,
0.0,
0.0,
2.0,
0.0,
7.0,
4.0,
0.0,
42.0,
237.0,
233.0,
73.0,
0.0,
7.0,
8.0,
0.0,
0.0,
10.0,
0.0,
0.0,
0.0,
0.0,
0.0,
0.0,
0.0,
0.0,
0.0,
0.0,
0.0,
0.0,
0.0,
0.0,
0.0,
0.0,
2.0,
0.0,
71.0,
255.0,
64.0,
0.0,
0.0,
0.0,
0.0,
0.0,
0.0,
0.0,
0.0,
0.0,
0.0,
0.0,
0.0,
0.0,
0.0,
0.0,
0.0,
0.0,
0.0,
0.0,
0.0,
0.0,
0.0,
0.0,
0.0,
14.0,
82.0,
232.0,
125.0,
0.0,
0.0,
0.0,
0.0,
0.0,
0.0,
0.0,
0.0,
0.0,
0.0,
0.0,
0.0,
0.0,
0.0,
0.0,
0.0,
0.0,
0.0,
0.0,
0.0,
0.0,
3.0,
12.0,
0.0,
0.0,
0.0,
11.0,
0.0,
0.0,
0.0,
0.0,
0.0,
0.0,
0.0,
0.0,
0.0,
0.0,
0.0,
0.0,
0.0,
0.0,
0.0,
0.0,
0.0,
0.0,
0.0,
0.0,
0.0,
0.0,
0.0,
3.0,
4.0,
11.0,
2.0,
0.0,
11.0,
0.0,
0.0,
0.0,
0.0,
0.0,
0.0,
0.0,
0.0,
0.0,
0.0,
0.0,
0.0,
