0.0,
0.0,
0.0,
0.0,
0.0,
0.0,
0.0,
0.0,
8.0,
0.0,
0.0,
0.0,
4.0,
2.0,
0.0,
5.0,
0.0,
11.0,
0.0,
7.0,
0.0,
3.0,
0.0,
5.0,
0.0,
0.0,
0.0,
0.0,
0.0,
0.0,
0.0,
0.0,
0.0,
0.0,
0.0,
0.0,
0.0,
0.0,
2.0,
5.0,
1.0,
0.0,
0.0,
0.0,
6.0,
0.0,
0.0,
1.0,
0.0,
2.0,
13.0,
0.0,
0.0,
0.0,
0.0,
0.0,
0.0,
0.0,
0.0,
0.0,
0.0,
0.0,
0.0,
0.0,
2.0,
2.0,
8.0,
6.0,
0.0,
0.0,
5.0,
1.0,
2.0,
5.0,
22.0,
0.0,
0.0,
0.0,
0.0,
0.0,
0.0,
0.0,
0.0,
0.0,
0.0,
0.0,
0.0,
0.0,
0.0,
0.0,
0.0,
0.0,
3.0,
0.0,
0.0,
0.0,
0.0,
2.0,
7.0,
0.0,
0.0,
0.0,
0.0,
0.0,
23.0,
16.0,
0.0,
8.0,
0.0,
0.0,
0.0,
0.0,
0.0,
0.0,
0.0,
0.0,
0.0,
0.0,
0.0,
0.0,
1.0,
1.0,
4.0,
5.0,
3.0,
5.0,
3.0,
0.0,
0.0,
4.0,
11.0,
4.0,
0.0,
4.0,
0.0,
0.0,
0.0,
0.0,
0.0,
0.0,
0.0,
0.0,
0.0,
0.0,
0.0,
0.0,
0.0,
0.0,
2.0,
9.0,
4.0,
0.0,
0.0,
0.0,
0.0,
11.0,
16.0,
0.0,
0.0,
2.0,
68.0,
213.0,
154.0,
10.0,
0.0,
0.0,
0.0,
0.0,
0.0,
0.0,
0.0,
0.0,
0.0,
0.0,
0.0,
0.0,
0.0,
1.0,
0.0,
0.0,
18.0,
1.0,
0.0,
6.0,
0.0,
0.0,
0.0,
9.0,
139.0,
255.0,
154.0,
0.0,
0.0,
0.0,
0.0,
0.0,
0.0,
0.0,
0.0,
0.0,
0.0,
0.0,
0.0,
0.0,
0.0,
9.0,
1.0,
36.0,
93.0,
62.0,
1.0,
3.0,
0.0,
3.0,
5.0,
55.0,
243.0,
234.0,
62.0,
3.0,
0.0,
0.0,
0.0,
0.0,
0.0,
0.0,
0.0,
0.0,
0.0,
0.0,
0.0,
0.0,
0.0,
0.0,
7.0,
178.0,
255.0,
192.0,
4.0,
4.0,
0.0,
2.0,
10.0,
189.0,
255.0,
136.0,
11.0,
0.0,
0.0,
0.0,
0.0,
0.0,
0.0,
0.0,
0.0,
0.0,
0.0,
0.0,
0.0,
0.0,
16.0,
0.0,
22.0,
231.0,
249.0,
223.0,
0.0,
0.0,
4.0,
0.0,
125.0,
255.0,
241.0,
95.0,
4.0,
0.0,
0.0,
0.0,
0.0,
0.0,
0.0,
0.0,
0.0,
0.0,
0.0,
0.0,
0.0,
0.0,
0.0,
0.0,
33.0,
255.0,
245.0,
235.0,
48.0,
0.0,
0.0,
72.0,
240.0,
253.0,
218.0,
10.0,
0.0,
10.0,
0.0,
0.0,
0.0,
0.0,
0.0,
0.0,
0.0,
0.0,
0.0,
0.0,
0.0,
0.0,
16.0,
0.0,
137.0,
251.0,
255.0,
244.0,
28.0,
14.0,
48.0,
213.0,
255.0,
244.0,
177.0,
4.0,
4.0,
0.0,
0.0,
0.0,
0.0,
0.0,
0.0,
0.0,
0.0,
0.0,
0.0,
0.0,
0.0,
0.0,
0.0,
19.0,
153.0,
241.0,
255.0,
168.0,
0.0,
0.0,
41.0,
247.0,
238.0,
198.0,
11.0,
0.0,
1.0,
2.0,
0.0,
0.0,
0.0,
0.0,
0.0,
0.0,
0.0,
0.0,
0.0,
0.0,
0.0,
0.0,
0.0,
75.0,
240.0,
255.0,
253.0,
225.0,
4.0,
11.0,
44.0,
234.0,
255.0,
158.0,
5.0,
11.0,
0.0,
13.0,
0.0,
0.0,
0.0,
0.0,
0.0,
0.0,
0.0,
0.0,
0.0,
0.0,
0.0,
0.0,
69.0,
206.0,
255.0,
255.0,
244.0,
230.0,
124.0,
73.0,
211.0,
255.0,
249.0,
62.0,
0.0,
0.0,
0.0,
0.0,
0.0,
0.0,
0.0,
0.0,
0.0,
0.0,
0.0,
0.0,
0.0,
0.0,
0.0,
0.0,
210.0,
255.0,
254.0,
253.0,
254.0,
251.0,
255.0,
255.0,
247.0,
253.0,
255.0,
166.0,
0.0,
0.0,
21.0,
0.0,
0.0,
0.0,
0.0,
0.0,
0.0,
12.0,
2.0,
0.0,
0.0,
8.0,
0.0,
94.0,
253.0,
253.0,
200.0,
82.0,
205.0,
236.0,
255.0,
246.0,
242.0,
252.0,
214.0,
93.0,
0.0,
0.0,
12.0,
0.0,
0.0,
0.0,
0.0,
0.0,
0.0,
4.0,
0.0,
6.0,
4.0,
4.0,
23.0,
208.0,
255.0,
234.0,
57.0,
0.0,
0.0,
123.0,
191.0,
255.0,
255.0,
229.0,
37.0,
0.0,
2.0,
8.0,
0.0,
3.0,
0.0,
0.0,
0.0,
0.0,
0.0,
7.0,
0.0,
3.0,
9.0,
0.0,
18.0,
219.0,
217.0,
65.0,
0.0,
4.0,
2.0,
0.0,
86.0,
255.0,
239.0,
123.0,
5.0,
9.0,
10.0,
0.0,
0.0,
6.0,
0.0,
0.0,
0.0,
0.0,
0.0,
13.0,
0.0,
0.0,
0.0,
0.0,
0.0,
96.0,
49.0,
6.0,
8.0,
0.0,
2.0,
11.0,
176.0,
242.0,
212.0,
0.0,
6.0,
0.0,
0.0,
0.0,
10.0,
0.0,
0.0,
0.0,
0.0,
0.0,
0.0,
4.0,
3.0,
0.0,
0.0,
9.0,
0.0,
0.0,
0.0,
1.0,
0.0,
5.0,
16.0,
26.0,
248.0,
255.0,
134.0,
0.0,
9.0,
0.0,
9.0,
13.0,
10.0,
5.0,
0.0,
0.0,
0.0,
0.0,
2.0,
0.0,
2.0,
7.0,
0.0,
5.0,
9.0,
0.0,
0.0,
11.0,
21.0,
0.0,
12.0,
148.0,
251.0,
209.0,
0.0,
8.0,
0.0,
6.0,
0.0,
0.0,
0.0,
0.0,
0.0,
0.0,
0.0,
0.0,
3.0,
0.0,
0.0,
4.0,
0.0,
0.0,
3.0,
2.0,
0.0,
1.0,
3.0,
0.0,
50.0,
255.0,
237.0,
166.0,
0.0,
17.0,
0.0,
13.0,
0.0,
6.0,
17.0,
3.0,
0.0,
0.0,
0.0,
0.0,
0.0,
5.0,
0.0,
0.0,
8.0,
0.0,
0.0,
2.0,
5.0,
0.0,
0.0,
5.0,
188.0,
251.0,
253.0,
60.0,
0.0,
5.0,
2.0,
0.0,
6.0,
0.0,
0.0,
4.0,
0.0,
0.0,
0.0,
0.0,
0.0,
0.0,
0.0,
0.0,
0.0,
0.0,
0.0,
0.0,
0.0,
9.0,
0.0,
8.0,
143.0,
255.0,
185.0,
10.0,
0.0,
0.0,
0.0,
0.0,
0.0,
0.0,
0.0,
0.0,
0.0,
0.0,
0.0,
0.0,
0.0,
0.0,
0.0,
0.0,
0.0,
0.0,
0.0,
0.0,
0.0,
0.0,
1.0,
1.0,
0.0,
0.0,
0.0,
0.0,
0.0,
0.0,
0.0,
0.0,
0.0,
0.0,
0.0,
0.0,
0.0,
0.0,
0.0,
0.0,
0.0,
0.0,
0.0,
0.0,
0.0,
0.0,
0.0,
0.0,
14.0,
1.0,
0.0,
6.0,
5.0,
0.0,
0.0,
8.0,
0.0,
0.0,
0.0,
0.0,
0.0,
0.0,
0.0,
0.0,
0.0,
0.0,
0.0,
0.0,
0.0,
0.0,
0.0,
0.0,
0.0,
0.0,
0.0,
0.0,
0.0,
0.0,
0.0,
0.0,
0.0,
9.0,
5.0,
0.0,
0.0,
0.0,
0.0,
0.0,
0.0,
0.0,
0.0,
0.0,
0.0,
0.0,
0.0,
0.0,
