0.0,
0.0,
0.0,
0.0,
0.0,
0.0,
0.0,
0.0,
1.0,
2.0,
3.0,
0.0,
5.0,
0.0,
12.0,
1.0,
2.0,
0.0,
0.0,
6.0,
0.0,
0.0,
5.0,
0.0,
0.0,
0.0,
0.0,
0.0,
0.0,
0.0,
0.0,
0.0,
0.0,
0.0,
0.0,
0.0,
0.0,
8.0,
6.0,
0.0,
0.0,
0.0,
2.0,
0.0,
0.0,
14.0,
0.0,
0.0,
0.0,
8.0,
0.0,
5.0,
0.0,
0.0,
0.0,
0.0,
0.0,
0.0,
0.0,
0.0,
0.0,
0.0,
0.0,
0.0,
6.0,
0.0,
0.0,
12.0,
19.0,
0.0,
6.0,
5.0,
0.0,
0.0,
2.0,
21.0,
0.0,
4.0,
7.0,
6.0,
0.0,
0.0,
0.0,
0.0,
0.0,
0.0,
0.0,
0.0,
0.0,
0.0,
0.0,
0.0,
0.0,
15.0,
5.0,
1.0,
0.0,
0.0,
2.0,
0.0,
14.0,
3.0,
0.0,
0.0,
4.0,
0.0,
0.0,
3.0,
0.0,
0.0,
0.0,
0.0,
0.0,
0.0,
0.0,
0.0,
0.0,
0.0,
0.0,
0.0,
9.0,
0.0,
0.0,
3.0,
10.0,
3.0,
3.0,
6.0,
0.0,
0.0,
196.0,
144.0,
0.0,
0.0,
14.0,
0.0,
0.0,
0.0,
0.0,
0.0,
0.0,
0.0,
0.0,
0.0,
0.0,
0.0,
0.0,
0.0,
4.0,
0.0,
32.0,
3.0,
5.0,
0.0,
0.0,
0.0,
8.0,
2.0,
250.0,
133.0,
0.0,
15.0,
0.0,
3.0,
0.0,
0.0,
0.0,
0.0,
0.0,
0.0,
0.0,
0.0,
0.0,
0.0,
0.0,
0.0,
0.0,
125.0,
239.0,
54.0,
0.0,
8.0,
17.0,
0.0,
0.0,
0.0,
236.0,
216.0,
16.0,
11.0,
2.0,
2.0,
0.0,
0.0,
0.0,
0.0,
0.0,
0.0,
0.0,
0.0,
0.0,
0.0,
0.0,
0.0,
1.0,
113.0,
255.0,
72.0,
0.0,
3.0,
0.0,
0.0,
0.0,
19.0,
145.0,
249.0,
76.0,
0.0,
0.0,
0.0,
0.0,
0.0,
0.0,
0.0,
9.0,
0.0,
0.0,
13.0,
8.0,
0.0,
2.0,
0.0,
0.0,
120.0,
247.0,
17.0,
4.0,
0.0,
3.0,
0.0,
0.0,
0.0,
236.0,
247.0,
82.0,
2.0,
0.0,
0.0,
0.0,
0.0,
0.0,
0.0,
0.0,
7.0,
10.0,
0.0,
5.0,
8.0,
0.0,
8.0,
2.0,
214.0,
210.0,
16.0,
0.0,
1.0,
11.0,
0.0,
12.0,
100.0,
255.0,
242.0,
80.0,
0.0,
8.0,
0.0,
0.0,
0.0,
0.0,
0.0,
0.0,
1.0,
4.0,
0.0,
9.0,
2.0,
0.0,
0.0,
58.0,
242.0,
86.0,
9.0,
0.0,
0.0,
0.0,
0.0,
0.0,
129.0,
255.0,
253.0,
92.0,
1.0,
0.0,
4.0,
0.0,
0.0,
0.0,
0.0,
2.0,
0.0,
0.0,
12.0,
3.0,
0.0,
8.0,
0.0,
226.0,
238.0,
17.0,
5.0,
0.0,
0.0,
0.0,
11.0,
9.0,
193.0,
255.0,
245.0,
37.0,
3.0,
23.0,
0.0,
0.0,
0.0,
0.0,
0.0,
0.0,
8.0,
0.0,
8.0,
0.0,
12.0,
6.0,
58.0,
255.0,
129.0,
3.0,
0.0,
0.0,
0.0,
0.0,
0.0,
0.0,
158.0,
255.0,
230.0,
4.0,
13.0,
0.0,
9.0,
0.0,
0.0,
0.0,
0.0,
2.0,
2.0,
7.0,
0.0,
0.0,
1.0,
0.0,
178.0,
245.0,
33.0,
1.0,
9.0,
14.0,
10.0,
0.0,
7.0,
0.0,
111.0,
255.0,
231.0,
0.0,
2.0,
0.0,
0.0,
0.0,
0.0,
0.0,
0.0,
12.0,
0.0,
0.0,
1.0,
4.0,
0.0,
77.0,
248.0,
219.0,
50.0,
3.0,
0.0,
0.0,
7.0,
8.0,
51.0,
65.0,
240.0,
241.0,
124.0,
26.0,
0.0,
16.0,
1.0,
0.0,
0.0,
0.0,
0.0,
0.0,
0.0,
0.0,
4.0,
0.0,
31.0,
239.0,
249.0,
254.0,
252.0,
210.0,
165.0,
158.0,
211.0,
218.0,
255.0,
229.0,
48.0,
252.0,
144.0,
0.0,
0.0,
0.0,
2.0,
0.0,
0.0,
0.0,
0.0,
0.0,
0.0,
0.0,
0.0,
3.0,
129.0,
255.0,
218.0,
105.0,
149.0,
183.0,
224.0,
220.0,
170.0,
129.0,
82.0,
12.0,
61.0,
250.0,
139.0,
0.0,
7.0,
1.0,
0.0,
0.0,
0.0,
0.0,
0.0,
0.0,
13.0,
0.0,
0.0,
11.0,
126.0,
175.0,
41.0,
2.0,
12.0,
2.0,
12.0,
10.0,
0.0,
6.0,
0.0,
0.0,
188.0,
255.0,
46.0,
0.0,
17.0,
0.0,
8.0,
0.0,
0.0,
0.0,
0.0,
0.0,
0.0,
0.0,
17.0,
0.0,
0.0,
21.0,
0.0,
0.0,
0.0,
0.0,
1.0,
2.0,
0.0,
2.0,
0.0,
9.0,
217.0,
215.0,
38.0,
6.0,
0.0,
5.0,
0.0,
0.0,
0.0,
0.0,
0.0,
5.0,
5.0,
0.0,
4.0,
0.0,
0.0,
3.0,
1.0,
1.0,
2.0,
0.0,
0.0,
0.0,
0.0,
2.0,
1.0,
72.0,
253.0,
105.0,
100.0,
52.0,
0.0,
0.0,
27.0,
0.0,
0.0,
0.0,
0.0,
0.0,
14.0,
3.0,
0.0,
1.0,
20.0,
18.0,
0.0,
5.0,
1.0,
0.0,
0.0,
0.0,
0.0,
0.0,
3.0,
139.0,
255.0,
154.0,
243.0,
75.0,
14.0,
0.0,
0.0,
0.0,
0.0,
0.0,
0.0,
0.0,
0.0,
0.0,
4.0,
5.0,
0.0,
0.0,
2.0,
0.0,
0.0,
7.0,
6.0,
6.0,
7.0,
0.0,
0.0,
243.0,
248.0,
255.0,
169.0,
0.0,
0.0,
36.0,
0.0,
0.0,
0.0,
0.0,
0.0,
10.0,
8.0,
1.0,
0.0,
2.0,
12.0,
2.0,
0.0,
8.0,
0.0,
4.0,
0.0,
0.0,
5.0,
0.0,
9.0,
230.0,
255.0,
210.0,
24.0,
8.0,
0.0,
5.0,
0.0,
0.0,
0.0,
0.0,
0.0,
0.0,
0.0,
6.0,
2.0,
0.0,
0.0,
0.0,
7.0,
3.0,
0.0,
8.0,
0.0,
0.0,
5.0,
0.0,
0.0,
234.0,
246.0,
60.0,
5.0,
0.0,
20.0,
0.0,
5.0,
0.0,
0.0,
0.0,
0.0,
0.0,
0.0,
0.0,
0.0,
0.0,
0.0,
0.0,
0.0,
0.0,
0.0,
0.0,
0.0,
0.0,
0.0,
0.0,
0.0,
0.0,
0.0,
0.0,
0.0,
0.0,
0.0,
0.0,
0.0,
0.0,
0.0,
0.0,
0.0,
0.0,
0.0,
0.0,
0.0,
0.0,
0.0,
0.0,
0.0,
0.0,
0.0,
0.0,
0.0,
0.0,
0.0,
0.0,
0.0,
0.0,
0.0,
0.0,
0.0,
0.0,
0.0,
0.0,
0.0,
0.0,
0.0,
0.0,
0.0,
0.0,
0.0,
0.0,
0.0,
0.0,
0.0,
0.0,
0.0,
0.0,
0.0,
0.0,
0.0,
0.0,
0.0,
0.0,
0.0,
0.0,
0.0,
0.0,
0.0,
0.0,
0.0,
0.0,
0.0,
0.0,
0.0,
0.0,
0.0,
0.0,
0.0,
0.0,
0.0,
0.0,
0.0,
0.0,
0.0,
0.0,
0.0,
0.0,
0.0,
0.0,
0.0,
0.0,
0.0,
0.0,
0.0,
0.0,
0.0,
0.0,
0.0,
0.0,
0.0,
0.0,
0.0,
0.0,
0.0,
