2.0,
5.0,
0.0,
0.0,
2.0,
4.0,
0.0,
3.0,
3.0,
0.0,
0.0,
14.0,
0.0,
0.0,
13.0,
0.0,
1.0,
0.0,
3.0,
0.0,
5.0,
0.0,
8.0,
2.0,
0.0,
0.0,
0.0,
0.0,
0.0,
4.0,
0.0,
0.0,
3.0,
2.0,
0.0,
0.0,
0.0,
29.0,
10.0,
0.0,
8.0,
7.0,
0.0,
1.0,
0.0,
5.0,
10.0,
1.0,
0.0,
0.0,
0.0,
0.0,
0.0,
0.0,
0.0,
0.0,
0.0,
4.0,
0.0,
0.0,
3.0,
0.0,
0.0,
0.0,
2.0,
0.0,
0.0,
0.0,
0.0,
2.0,
5.0,
4.0,
1.0,
2.0,
0.0,
0.0,
0.0,
9.0,
6.0,
0.0,
0.0,
0.0,
0.0,
0.0,
0.0,
3.0,
0.0,
0.0,
3.0,
0.0,
0.0,
8.0,
0.0,
9.0,
25.0,
5.0,
0.0,
1.0,
1.0,
0.0,
0.0,
0.0,
0.0,
0.0,
0.0,
0.0,
0.0,
0.0,
0.0,
0.0,
0.0,
0.0,
0.0,
3.0,
0.0,
0.0,
2.0,
0.0,
4.0,
21.0,
252.0,
68.0,
0.0,
10.0,
7.0,
0.0,
7.0,
9.0,
6.0,
0.0,
13.0,
0.0,
13.0,
0.0,
0.0,
0.0,
0.0,
0.0,
0.0,
0.0,
0.0,
3.0,
0.0,
0.0,
1.0,
0.0,
7.0,
29.0,
252.0,
237.0,
46.0,
0.0,
16.0,
7.0,
0.0,
4.0,
6.0,
0.0,
0.0,
0.0,
3.0,
1.0,
11.0,
2.0,
0.0,
0.0,
0.0,
0.0,
0.0,
2.0,
0.0,
0.0,
1.0,
0.0,
5.0,
29.0,
255.0,
255.0,
31.0,
0.0,
0.0,
4.0,
7.0,
3.0,
0.0,
47.0,
62.0,
40.0,
0.0,
5.0,
0.0,
0.0,
0.0,
0.0,
0.0,
0.0,
0.0,
1.0,
1.0,
3.0,
2.0,
0.0,
1.0,
25.0,
246.0,
249.0,
25.0,
13.0,
0.0,
0.0,
5.0,
0.0,
0.0,
173.0,
246.0,
205.0,
32.0,
10.0,
0.0,
8.0,
0.0,
0.0,
0.0,
0.0,
4.0,
0.0,
0.0,
10.0,
9.0,
0.0,
13.0,
109.0,
255.0,
242.0,
46.0,
0.0,
9.0,
9.0,
0.0,
3.0,
0.0,
171.0,
241.0,
255.0,
24.0,
3.0,
0.0,
4.0,
0.0,
0.0,
0.0,
0.0,
1.0,
6.0,
0.0,
0.0,
0.0,
8.0,
55.0,
236.0,
249.0,
148.0,
0.0,
9.0,
0.0,
0.0,
1.0,
6.0,
36.0,
213.0,
252.0,
255.0,
26.0,
0.0,
0.0,
0.0,
0.0,
0.0,
0.0,
0.0,
0.0,
12.0,
0.0,
0.0,
0.0,
9.0,
50.0,
255.0,
250.0,
144.0,
0.0,
14.0,
7.0,
0.0,
4.0,
3.0,
56.0,
245.0,
250.0,
250.0,
27.0,
0.0,
5.0,
0.0,
0.0,
0.0,
0.0,
0.0,
0.0,
9.0,
0.0,
4.0,
2.0,
0.0,
62.0,
236.0,
251.0,
110.0,
8.0,
0.0,
0.0,
0.0,
0.0,
0.0,
54.0,
255.0,
248.0,
246.0,
29.0,
0.0,
8.0,
0.0,
0.0,
0.0,
0.0,
0.0,
7.0,
5.0,
0.0,
7.0,
7.0,
2.0,
146.0,
250.0,
255.0,
2.0,
0.0,
1.0,
0.0,
0.0,
21.0,
8.0,
52.0,
255.0,
255.0,
254.0,
33.0,
0.0,
4.0,
0.0,
0.0,
0.0,
0.0,
0.0,
5.0,
1.0,
0.0,
5.0,
0.0,
5.0,
205.0,
255.0,
249.0,
7.0,
2.0,
1.0,
9.0,
0.0,
0.0,
0.0,
52.0,
245.0,
254.0,
255.0,
30.0,
0.0,
3.0,
0.0,
0.0,
0.0,
0.0,
0.0,
0.0,
1.0,
0.0,
4.0,
0.0,
36.0,
218.0,
245.0,
100.0,
10.0,
7.0,
0.0,
0.0,
3.0,
2.0,
9.0,
75.0,
236.0,
254.0,
253.0,
22.0,
3.0,
4.0,
2.0,
0.0,
0.0,
0.0,
0.0,
1.0,
6.0,
0.0,
0.0,
2.0,
91.0,
239.0,
255.0,
241.0,
214.0,
219.0,
202.0,
88.0,
75.0,
100.0,
78.0,
116.0,
250.0,
255.0,
255.0,
19.0,
5.0,
1.0,
1.0,
0.0,
0.0,
0.0,
0.0,
0.0,
7.0,
0.0,
0.0,
0.0,
79.0,
213.0,
255.0,
250.0,
253.0,
252.0,
249.0,
249.0,
252.0,
254.0,
252.0,
255.0,
244.0,
250.0,
255.0,
198.0,
167.0,
22.0,
5.0,
0.0,
0.0,
0.0,
0.0,
7.0,
1.0,
0.0,
12.0,
0.0,
0.0,
111.0,
215.0,
237.0,
227.0,
218.0,
223.0,
243.0,
255.0,
255.0,
243.0,
255.0,
251.0,
255.0,
255.0,
255.0,
195.0,
36.0,
0.0,
0.0,
0.0,
0.0,
0.0,
2.0,
0.0,
0.0,
7.0,
14.0,
0.0,
0.0,
4.0,
0.0,
0.0,
0.0,
21.0,
66.0,
104.0,
118.0,
114.0,
137.0,
244.0,
255.0,
243.0,
206.0,
103.0,
0.0,
0.0,
0.0,
0.0,
0.0,
0.0,
0.0,
15.0,
7.0,
0.0,
2.0,
9.0,
0.0,
0.0,
6.0,
6.0,
2.0,
0.0,
0.0,
3.0,
5.0,
3.0,
44.0,
212.0,
233.0,
255.0,
15.0,
0.0,
7.0,
7.0,
0.0,
0.0,
0.0,
0.0,
0.0,
7.0,
4.0,
0.0,
0.0,
0.0,
0.0,
31.0,
0.0,
4.0,
7.0,
1.0,
0.0,
0.0,
0.0,
0.0,
0.0,
178.0,
255.0,
244.0,
157.0,
0.0,
20.0,
0.0,
0.0,
0.0,
0.0,
0.0,
8.0,
0.0,
0.0,
2.0,
14.0,
4.0,
0.0,
0.0,
0.0,
1.0,
3.0,
3.0,
6.0,
10.0,
9.0,
4.0,
2.0,
183.0,
241.0,
246.0,
183.0,
8.0,
0.0,
22.0,
0.0,
0.0,
0.0,
0.0,
0.0,
0.0,
12.0,
0.0,
0.0,
13.0,
9.0,
11.0,
1.0,
1.0,
0.0,
0.0,
0.0,
0.0,
0.0,
0.0,
13.0,
54.0,
250.0,
255.0,
80.0,
0.0,
4.0,
0.0,
0.0,
0.0,
0.0,
0.0,
8.0,
0.0,
9.0,
1.0,
0.0,
4.0,
0.0,
0.0,
0.0,
5.0,
6.0,
0.0,
0.0,
0.0,
3.0,
5.0,
3.0,
7.0,
203.0,
186.0,
1.0,
14.0,
0.0,
5.0,
0.0,
0.0,
0.0,
0.0,
0.0,
0.0,
0.0,
0.0,
0.0,
0.0,
0.0,
0.0,
0.0,
0.0,
0.0,
0.0,
0.0,
0.0,
0.0,
0.0,
0.0,
0.0,
0.0,
0.0,
0.0,
0.0,
0.0,
0.0,
0.0,
0.0,
0.0,
0.0,
0.0,
0.0,
0.0,
0.0,
0.0,
0.0,
0.0,
0.0,
0.0,
0.0,
0.0,
0.0,
0.0,
0.0,
0.0,
0.0,
0.0,
0.0,
0.0,
0.0,
0.0,
0.0,
0.0,
0.0,
0.0,
0.0,
0.0,
0.0,
0.0,
0.0,
0.0,
0.0,
0.0,
0.0,
0.0,
0.0,
0.0,
0.0,
0.0,
0.0,
0.0,
0.0,
0.0,
0.0,
0.0,
0.0,
0.0,
0.0,
0.0,
0.0,
0.0,
0.0,
0.0,
0.0,
0.0,
0.0,
0.0,
0.0,
0.0,
0.0,
0.0,
0.0,
0.0,
0.0,
0.0,
0.0,
0.0,
0.0,
0.0,
0.0,
0.0,
0.0,
0.0,
0.0,
0.0,
0.0,
0.0,
0.0,
0.0,
0.0,
0.0,
0.0,
0.0,
0.0,
