0.0,
5.0,
2.0,
0.0,
5.0,
9.0,
0.0,
0.0,
2.0,
2.0,
3.0,
4.0,
0.0,
0.0,
0.0,
6.0,
0.0,
0.0,
16.0,
0.0,
0.0,
8.0,
0.0,
7.0,
0.0,
0.0,
0.0,
0.0,
0.0,
3.0,
2.0,
0.0,
0.0,
0.0,
3.0,
12.0,
0.0,
0.0,
0.0,
1.0,
1.0,
0.0,
1.0,
2.0,
17.0,
0.0,
0.0,
3.0,
0.0,
4.0,
3.0,
0.0,
0.0,
0.0,
0.0,
0.0,
6.0,
0.0,
0.0,
3.0,
0.0,
0.0,
0.0,
0.0,
0.0,
0.0,
0.0,
0.0,
1.0,
3.0,
1.0,
0.0,
0.0,
1.0,
4.0,
10.0,
0.0,
0.0,
2.0,
6.0,
0.0,
0.0,
0.0,
0.0,
1.0,
0.0,
2.0,
5.0,
0.0,
0.0,
1.0,
0.0,
0.0,
2.0,
2.0,
0.0,
0.0,
1.0,
0.0,
0.0,
4.0,
19.0,
0.0,
0.0,
9.0,
10.0,
0.0,
0.0,
0.0,
0.0,
0.0,
0.0,
0.0,
3.0,
9.0,
0.0,
0.0,
0.0,
7.0,
7.0,
0.0,
0.0,
4.0,
3.0,
0.0,
0.0,
3.0,
12.0,
1.0,
0.0,
1.0,
6.0,
0.0,
2.0,
0.0,
8.0,
0.0,
0.0,
0.0,
0.0,
0.0,
4.0,
0.0,
0.0,
5.0,
4.0,
0.0,
0.0,
0.0,
0.0,
0.0,
5.0,
0.0,
0.0,
9.0,
31.0,
255.0,
50.0,
2.0,
5.0,
0.0,
3.0,
8.0,
0.0,
0.0,
0.0,
0.0,
0.0,
0.0,
5.0,
0.0,
0.0,
18.0,
2.0,
0.0,
22.0,
13.0,
0.0,
0.0,
6.0,
3.0,
0.0,
10.0,
40.0,
246.0,
59.0,
0.0,
19.0,
0.0,
0.0,
0.0,
0.0,
0.0,
0.0,
0.0,
0.0,
0.0,
13.0,
1.0,
0.0,
1.0,
0.0,
22.0,
132.0,
29.0,
2.0,
0.0,
7.0,
6.0,
0.0,
7.0,
40.0,
255.0,
133.0,
0.0,
0.0,
10.0,
3.0,
0.0,
3.0,
0.0,
0.0,
0.0,
0.0,
0.0,
3.0,
0.0,
3.0,
0.0,
9.0,
25.0,
223.0,
95.0,
0.0,
12.0,
0.0,
8.0,
2.0,
0.0,
43.0,
252.0,
140.0,
0.0,
0.0,
0.0,
6.0,
0.0,
0.0,
0.0,
0.0,
0.0,
0.0,
5.0,
2.0,
0.0,
0.0,
0.0,
3.0,
0.0,
155.0,
132.0,
3.0,
0.0,
0.0,
3.0,
0.0,
20.0,
0.0,
217.0,
142.0,
11.0,
0.0,
0.0,
2.0,
0.0,
0.0,
0.0,
0.0,
0.0,
0.0,
5.0,
0.0,
0.0,
0.0,
1.0,
6.0,
0.0,
120.0,
171.0,
11.0,
0.0,
0.0,
22.0,
0.0,
4.0,
11.0,
222.0,
161.0,
23.0,
0.0,
8.0,
0.0,
0.0,
7.0,
0.0,
0.0,
0.0,
0.0,
0.0,
0.0,
3.0,
4.0,
0.0,
4.0,
7.0,
116.0,
196.0,
1.0,
12.0,
0.0,
1.0,
1.0,
0.0,
0.0,
223.0,
217.0,
80.0,
0.0,
6.0,
0.0,
4.0,
1.0,
0.0,
0.0,
0.0,
0.0,
0.0,
2.0,
8.0,
4.0,
0.0,
0.0,
3.0,
80.0,
255.0,
17.0,
0.0,
3.0,
0.0,
8.0,
0.0,
15.0,
210.0,
255.0,
136.0,
5.0,
0.0,
1.0,
14.0,
0.0,
0.0,
0.0,
0.0,
0.0,
2.0,
0.0,
2.0,
2.0,
0.0,
2.0,
0.0,
30.0,
245.0,
158.0,
19.0,
8.0,
2.0,
0.0,
27.0,
97.0,
245.0,
249.0,
82.0,
0.0,
1.0,
0.0,
5.0,
0.0,
0.0,
0.0,
0.0,
0.0,
1.0,
0.0,
0.0,
2.0,
5.0,
9.0,
4.0,
5.0,
99.0,
242.0,
194.0,
148.0,
166.0,
196.0,
254.0,
255.0,
241.0,
187.0,
3.0,
0.0,
10.0,
0.0,
0.0,
7.0,
0.0,
0.0,
0.0,
0.0,
2.0,
0.0,
5.0,
0.0,
0.0,
0.0,
2.0,
0.0,
0.0,
66.0,
185.0,
243.0,
213.0,
179.0,
164.0,
48.0,
158.0,
153.0,
2.0,
0.0,
0.0,
0.0,
4.0,
1.0,
0.0,
0.0,
0.0,
0.0,
0.0,
0.0,
0.0,
0.0,
0.0,
0.0,
0.0,
0.0,
0.0,
0.0,
0.0,
0.0,
0.0,
0.0,
0.0,
0.0,
146.0,
150.0,
5.0,
1.0,
1.0,
0.0,
6.0,
1.0,
0.0,
0.0,
0.0,
0.0,
0.0,
0.0,
0.0,
0.0,
0.0,
0.0,
0.0,
0.0,
0.0,
0.0,
0.0,
0.0,
0.0,
0.0,
0.0,
0.0,
142.0,
175.0,
0.0,
2.0,
4.0,
0.0,
0.0,
0.0,
0.0,
0.0,
0.0,
0.0,
0.0,
0.0,
0.0,
0.0,
0.0,
0.0,
0.0,
0.0,
0.0,
0.0,
0.0,
0.0,
0.0,
0.0,
0.0,
0.0,
123.0,
211.0,
0.0,
2.0,
6.0,
0.0,
0.0,
0.0,
0.0,
0.0,
0.0,
0.0,
0.0,
0.0,
0.0,
0.0,
0.0,
0.0,
0.0,
0.0,
0.0,
0.0,
0.0,
0.0,
0.0,
0.0,
0.0,
0.0,
88.0,
243.0,
19.0,
1.0,
2.0,
4.0,
0.0,
3.0,
0.0,
0.0,
0.0,
0.0,
0.0,
0.0,
0.0,
0.0,
0.0,
0.0,
0.0,
0.0,
0.0,
0.0,
0.0,
0.0,
0.0,
0.0,
0.0,
0.0,
51.0,
255.0,
72.0,
2.0,
0.0,
6.0,
2.0,
0.0,
0.0,
0.0,
0.0,
0.0,
0.0,
0.0,
0.0,
0.0,
0.0,
0.0,
0.0,
0.0,
0.0,
0.0,
0.0,
0.0,
0.0,
0.0,
0.0,
0.0,
23.0,
239.0,
134.0,
5.0,
0.0,
3.0,
0.0,
0.0,
0.0,
0.0,
0.0,
0.0,
0.0,
0.0,
0.0,
0.0,
0.0,
0.0,
0.0,
0.0,
0.0,
0.0,
0.0,
0.0,
0.0,
0.0,
0.0,
0.0,
3.0,
195.0,
178.0,
8.0,
0.0,
0.0,
0.0,
0.0,
0.0,
0.0,
0.0,
0.0,
0.0,
0.0,
0.0,
0.0,
0.0,
0.0,
0.0,
0.0,
0.0,
0.0,
0.0,
0.0,
0.0,
0.0,
0.0,
0.0,
0.0,
157.0,
196.0,
10.0,
0.0,
0.0,
0.0,
6.0,
0.0,
0.0,
0.0,
0.0,
0.0,
0.0,
0.0,
0.0,
0.0,
0.0,
0.0,
0.0,
0.0,
0.0,
0.0,
0.0,
0.0,
0.0,
0.0,
0.0,
10.0,
65.0,
190.0,
19.0,
0.0,
3.0,
1.0,
0.0,
0.0,
0.0,
0.0,
0.0,
0.0,
0.0,
0.0,
0.0,
0.0,
0.0,
0.0,
0.0,
0.0,
0.0,
0.0,
0.0,
0.0,
0.0,
0.0,
0.0,
0.0,
0.0,
30.0,
0.0,
5.0,
0.0,
0.0,
7.0,
0.0,
0.0,
0.0,
0.0,
0.0,
0.0,
0.0,
0.0,
0.0,
0.0,
0.0,
0.0,
0.0,
0.0,
0.0,
0.0,
0.0,
0.0,
0.0,
0.0,
7.0,
2.0,
0.0,
0.0,
0.0,
0.0,
2.0,
0.0,
0.0,
0.0,
0.0,
0.0,
0.0,
0.0,
0.0,
0.0,
0.0,
0.0,
0.0,
0.0,
0.0,
0.0,
0.0,
0.0,
0.0,
0.0,
0.0,
0.0,
0.0,
16.0,
0.0,
2.0,
0.0,
0.0,
11.0,
0.0,
0.0,
0.0,
0.0,
0.0,
