0.0,
0.0,
0.0,
0.0,
0.0,
0.0,
0.0,
0.0,
3.0,
1.0,
0.0,
0.0,
5.0,
0.0,
3.0,
0.0,
0.0,
0.0,
0.0,
0.0,
4.0,
4.0,
1.0,
0.0,
0.0,
0.0,
0.0,
0.0,
0.0,
0.0,
0.0,
0.0,
0.0,
0.0,
0.0,
0.0,
0.0,
0.0,
14.0,
0.0,
0.0,
0.0,
3.0,
4.0,
11.0,
7.0,
1.0,
0.0,
0.0,
1.0,
0.0,
0.0,
0.0,
0.0,
0.0,
0.0,
0.0,
0.0,
0.0,
0.0,
0.0,
0.0,
0.0,
0.0,
3.0,
0.0,
0.0,
0.0,
12.0,
7.0,
2.0,
0.0,
0.0,
1.0,
4.0,
0.0,
0.0,
0.0,
5.0,
9.0,
0.0,
0.0,
0.0,
0.0,
0.0,
0.0,
0.0,
0.0,
0.0,
0.0,
0.0,
0.0,
11.0,
0.0,
2.0,
0.0,
1.0,
0.0,
0.0,
9.0,
0.0,
0.0,
0.0,
2.0,
2.0,
0.0,
0.0,
0.0,
0.0,
0.0,
0.0,
0.0,
0.0,
0.0,
0.0,
0.0,
0.0,
0.0,
0.0,
0.0,
0.0,
0.0,
0.0,
1.0,
2.0,
6.0,
8.0,
0.0,
11.0,
0.0,
0.0,
5.0,
13.0,
7.0,
3.0,
6.0,
0.0,
0.0,
0.0,
0.0,
0.0,
0.0,
0.0,
0.0,
0.0,
0.0,
0.0,
0.0,
0.0,
171.0,
220.0,
185.0,
37.0,
0.0,
0.0,
1.0,
0.0,
0.0,
2.0,
0.0,
0.0,
0.0,
0.0,
1.0,
0.0,
0.0,
0.0,
0.0,
0.0,
0.0,
0.0,
0.0,
0.0,
0.0,
0.0,
0.0,
5.0,
225.0,
255.0,
255.0,
78.0,
3.0,
13.0,
0.0,
0.0,
2.0,
2.0,
1.0,
28.0,
56.0,
36.0,
0.0,
0.0,
0.0,
0.0,
0.0,
0.0,
0.0,
0.0,
0.0,
0.0,
0.0,
0.0,
0.0,
93.0,
255.0,
237.0,
255.0,
86.0,
6.0,
9.0,
0.0,
9.0,
0.0,
0.0,
34.0,
164.0,
255.0,
200.0,
75.0,
0.0,
0.0,
0.0,
0.0,
0.0,
0.0,
0.0,
12.0,
0.0,
0.0,
0.0,
22.0,
198.0,
249.0,
255.0,
255.0,
222.0,
0.0,
5.0,
2.0,
7.0,
0.0,
0.0,
112.0,
255.0,
254.0,
241.0,
205.0,
0.0,
0.0,
0.0,
0.0,
0.0,
11.0,
11.0,
3.0,
0.0,
0.0,
0.0,
89.0,
254.0,
255.0,
241.0,
233.0,
104.0,
2.0,
0.0,
0.0,
2.0,
0.0,
0.0,
117.0,
255.0,
237.0,
255.0,
240.0,
0.0,
0.0,
0.0,
0.0,
2.0,
0.0,
0.0,
0.0,
0.0,
8.0,
39.0,
183.0,
240.0,
255.0,
247.0,
157.0,
6.0,
6.0,
5.0,
0.0,
0.0,
16.0,
0.0,
169.0,
241.0,
255.0,
246.0,
134.0,
0.0,
0.0,
0.0,
0.0,
9.0,
6.0,
7.0,
13.0,
7.0,
0.0,
52.0,
253.0,
255.0,
242.0,
193.0,
24.0,
0.0,
0.0,
16.0,
0.0,
10.0,
0.0,
0.0,
236.0,
255.0,
255.0,
243.0,
116.0,
0.0,
0.0,
0.0,
0.0,
0.0,
17.0,
0.0,
0.0,
15.0,
0.0,
84.0,
249.0,
231.0,
255.0,
163.0,
0.0,
11.0,
0.0,
0.0,
2.0,
0.0,
15.0,
107.0,
255.0,
255.0,
237.0,
239.0,
32.0,
0.0,
0.0,
0.0,
0.0,
2.0,
6.0,
0.0,
0.0,
0.0,
58.0,
217.0,
255.0,
255.0,
255.0,
71.0,
17.0,
0.0,
0.0,
0.0,
128.0,
152.0,
201.0,
251.0,
244.0,
238.0,
255.0,
231.0,
0.0,
0.0,
0.0,
0.0,
0.0,
0.0,
0.0,
13.0,
3.0,
0.0,
90.0,
250.0,
249.0,
221.0,
253.0,
136.0,
102.0,
132.0,
255.0,
255.0,
251.0,
242.0,
253.0,
255.0,
255.0,
255.0,
234.0,
93.0,
0.0,
0.0,
0.0,
0.0,
0.0,
5.0,
10.0,
0.0,
1.0,
153.0,
235.0,
251.0,
255.0,
255.0,
239.0,
255.0,
249.0,
246.0,
244.0,
255.0,
249.0,
255.0,
251.0,
255.0,
230.0,
255.0,
157.0,
0.0,
5.0,
0.0,
0.0,
0.0,
0.0,
0.0,
5.0,
0.0,
0.0,
255.0,
251.0,
248.0,
255.0,
248.0,
255.0,
244.0,
255.0,
255.0,
255.0,
217.0,
145.0,
132.0,
250.0,
255.0,
255.0,
221.0,
46.0,
6.0,
0.0,
0.0,
0.0,
0.0,
0.0,
2.0,
0.0,
0.0,
17.0,
140.0,
237.0,
255.0,
234.0,
253.0,
244.0,
254.0,
247.0,
201.0,
227.0,
68.0,
65.0,
233.0,
252.0,
243.0,
255.0,
174.0,
0.0,
0.0,
0.0,
0.0,
0.0,
0.0,
0.0,
15.0,
0.0,
0.0,
0.0,
5.0,
150.0,
250.0,
254.0,
253.0,
255.0,
116.0,
95.0,
11.0,
0.0,
0.0,
81.0,
247.0,
255.0,
252.0,
185.0,
0.0,
0.0,
5.0,
0.0,
0.0,
0.0,
0.0,
0.0,
0.0,
0.0,
14.0,
3.0,
0.0,
0.0,
32.0,
39.0,
0.0,
0.0,
18.0,
0.0,
0.0,
19.0,
0.0,
233.0,
242.0,
255.0,
249.0,
8.0,
0.0,
14.0,
0.0,
14.0,
0.0,
0.0,
0.0,
0.0,
12.0,
0.0,
0.0,
0.0,
17.0,
0.0,
2.0,
11.0,
1.0,
7.0,
0.0,
4.0,
8.0,
0.0,
2.0,
224.0,
255.0,
252.0,
238.0,
0.0,
0.0,
4.0,
8.0,
0.0,
0.0,
0.0,
0.0,
0.0,
6.0,
0.0,
0.0,
4.0,
0.0,
3.0,
2.0,
0.0,
5.0,
13.0,
0.0,
13.0,
0.0,
0.0,
15.0,
220.0,
244.0,
255.0,
121.0,
9.0,
0.0,
0.0,
0.0,
0.0,
0.0,
0.0,
0.0,
0.0,
0.0,
0.0,
5.0,
6.0,
0.0,
0.0,
6.0,
3.0,
0.0,
0.0,
0.0,
0.0,
0.0,
0.0,
0.0,
123.0,
190.0,
81.0,
0.0,
0.0,
18.0,
0.0,
13.0,
0.0,
0.0,
0.0,
0.0,
0.0,
0.0,
6.0,
2.0,
0.0,
18.0,
0.0,
0.0,
2.0,
1.0,
9.0,
2.0,
0.0,
23.0,
0.0,
0.0,
5.0,
0.0,
9.0,
6.0,
0.0,
0.0,
11.0,
0.0,
12.0,
0.0,
0.0,
0.0,
0.0,
0.0,
0.0,
0.0,
0.0,
0.0,
0.0,
0.0,
0.0,
0.0,
0.0,
0.0,
0.0,
0.0,
0.0,
0.0,
0.0,
0.0,
0.0,
0.0,
0.0,
0.0,
0.0,
0.0,
0.0,
0.0,
0.0,
0.0,
0.0,
0.0,
0.0,
0.0,
0.0,
0.0,
0.0,
0.0,
0.0,
0.0,
0.0,
0.0,
0.0,
0.0,
0.0,
0.0,
0.0,
0.0,
0.0,
0.0,
0.0,
0.0,
0.0,
0.0,
0.0,
0.0,
0.0,
0.0,
0.0,
0.0,
0.0,
0.0,
0.0,
0.0,
0.0,
0.0,
0.0,
0.0,
0.0,
0.0,
0.0,
0.0,
0.0,
0.0,
0.0,
0.0,
0.0,
0.0,
0.0,
0.0,
0.0,
0.0,
0.0,
0.0,
0.0,
0.0,
0.0,
0.0,
0.0,
0.0,
0.0,
0.0,
0.0,
0.0,
0.0,
0.0,
0.0,
0.0,
0.0,
0.0,
0.0,
0.0,
0.0,
0.0,
0.0,
0.0,
0.0,
0.0,
0.0,
0.0,
0.0,
0.0,
0.0,
0.0,
0.0,
