4.0,
2.0,
0.0,
0.0,
0.0,
3.0,
3.0,
1.0,
0.0,
4.0,
3.0,
0.0,
0.0,
9.0,
3.0,
0.0,
0.0,
7.0,
6.0,
0.0,
0.0,
5.0,
0.0,
4.0,
0.0,
0.0,
0.0,
0.0,
0.0,
0.0,
0.0,
0.0,
0.0,
1.0,
0.0,
0.0,
0.0,
0.0,
4.0,
7.0,
5.0,
0.0,
0.0,
2.0,
0.0,
0.0,
0.0,
1.0,
0.0,
0.0,
15.0,
4.0,
0.0,
0.0,
0.0,
0.0,
0.0,
0.0,
2.0,
2.0,
1.0,
0.0,
0.0,
0.0,
0.0,
2.0,
0.0,
5.0,
0.0,
0.0,
3.0,
7.0,
2.0,
9.0,
2.0,
0.0,
17.0,
4.0,
0.0,
0.0,
0.0,
0.0,
0.0,
0.0,
0.0,
0.0,
3.0,
4.0,
2.0,
0.0,
0.0,
3.0,
0.0,
9.0,
0.0,
0.0,
0.0,
11.0,
5.0,
0.0,
2.0,
0.0,
9.0,
0.0,
0.0,
0.0,
0.0,
20.0,
0.0,
0.0,
0.0,
0.0,
3.0,
0.0,
0.0,
2.0,
1.0,
0.0,
0.0,
4.0,
0.0,
5.0,
0.0,
4.0,
0.0,
9.0,
0.0,
19.0,
1.0,
0.0,
1.0,
14.0,
8.0,
3.0,
6.0,
0.0,
0.0,
0.0,
0.0,
0.0,
3.0,
0.0,
0.0,
1.0,
3.0,
0.0,
0.0,
0.0,
2.0,
0.0,
0.0,
10.0,
0.0,
0.0,
0.0,
139.0,
248.0,
231.0,
21.0,
0.0,
9.0,
0.0,
5.0,
0.0,
0.0,
0.0,
0.0,
0.0,
4.0,
0.0,
0.0,
6.0,
12.0,
4.0,
0.0,
0.0,
10.0,
0.0,
1.0,
2.0,
0.0,
4.0,
7.0,
233.0,
250.0,
255.0,
56.0,
10.0,
3.0,
0.0,
0.0,
6.0,
0.0,
0.0,
0.0,
0.0,
6.0,
0.0,
0.0,
14.0,
21.0,
12.0,
0.0,
0.0,
3.0,
0.0,
10.0,
0.0,
0.0,
14.0,
0.0,
228.0,
254.0,
244.0,
242.0,
189.0,
0.0,
0.0,
2.0,
0.0,
0.0,
0.0,
0.0,
0.0,
0.0,
12.0,
0.0,
60.0,
231.0,
218.0,
206.0,
85.0,
0.0,
0.0,
5.0,
0.0,
3.0,
7.0,
0.0,
87.0,
245.0,
255.0,
179.0,
147.0,
1.0,
0.0,
11.0,
1.0,
0.0,
0.0,
0.0,
0.0,
0.0,
0.0,
4.0,
4.0,
215.0,
246.0,
255.0,
216.0,
43.0,
14.0,
0.0,
4.0,
5.0,
0.0,
0.0,
0.0,
213.0,
248.0,
69.0,
13.0,
0.0,
0.0,
0.0,
0.0,
0.0,
0.0,
0.0,
0.0,
21.0,
0.0,
14.0,
0.0,
62.0,
255.0,
248.0,
113.0,
0.0,
6.0,
1.0,
0.0,
0.0,
0.0,
9.0,
3.0,
209.0,
252.0,
75.0,
0.0,
2.0,
4.0,
12.0,
0.0,
0.0,
0.0,
0.0,
0.0,
0.0,
0.0,
0.0,
13.0,
5.0,
203.0,
247.0,
234.0,
55.0,
7.0,
6.0,
0.0,
0.0,
9.0,
0.0,
8.0,
208.0,
255.0,
145.0,
11.0,
0.0,
0.0,
8.0,
0.0,
0.0,
0.0,
0.0,
0.0,
6.0,
10.0,
9.0,
1.0,
7.0,
69.0,
245.0,
255.0,
154.0,
0.0,
0.0,
25.0,
0.0,
0.0,
2.0,
0.0,
216.0,
255.0,
189.0,
2.0,
0.0,
5.0,
0.0,
6.0,
0.0,
0.0,
0.0,
0.0,
0.0,
0.0,
0.0,
0.0,
0.0,
4.0,
226.0,
228.0,
253.0,
172.0,
10.0,
0.0,
9.0,
0.0,
29.0,
58.0,
243.0,
246.0,
243.0,
50.0,
0.0,
11.0,
0.0,
8.0,
0.0,
0.0,
0.0,
0.0,
3.0,
18.0,
0.0,
4.0,
12.0,
0.0,
92.0,
255.0,
250.0,
241.0,
195.0,
119.0,
6.0,
56.0,
238.0,
255.0,
253.0,
236.0,
255.0,
94.0,
0.0,
0.0,
5.0,
0.0,
0.0,
0.0,
0.0,
0.0,
0.0,
0.0,
0.0,
9.0,
0.0,
5.0,
1.0,
106.0,
222.0,
247.0,
255.0,
247.0,
255.0,
255.0,
252.0,
247.0,
255.0,
255.0,
240.0,
74.0,
8.0,
5.0,
0.0,
6.0,
0.0,
0.0,
0.0,
0.0,
0.0,
0.0,
0.0,
0.0,
0.0,
0.0,
0.0,
0.0,
44.0,
128.0,
230.0,
255.0,
247.0,
255.0,
190.0,
29.0,
92.0,
255.0,
247.0,
85.0,
0.0,
6.0,
0.0,
0.0,
0.0,
0.0,
0.0,
0.0,
0.0,
0.0,
0.0,
0.0,
0.0,
0.0,
0.0,
0.0,
9.0,
0.0,
11.0,
29.0,
18.0,
26.0,
26.0,
0.0,
33.0,
238.0,
245.0,
88.0,
0.0,
8.0,
16.0,
0.0,
0.0,
0.0,
0.0,
0.0,
0.0,
0.0,
0.0,
0.0,
0.0,
0.0,
0.0,
0.0,
5.0,
0.0,
0.0,
4.0,
0.0,
0.0,
2.0,
0.0,
11.0,
205.0,
253.0,
186.0,
15.0,
0.0,
0.0,
13.0,
0.0,
0.0,
0.0,
0.0,
0.0,
0.0,
0.0,
0.0,
0.0,
0.0,
0.0,
0.0,
0.0,
7.0,
10.0,
0.0,
0.0,
9.0,
4.0,
0.0,
0.0,
157.0,
242.0,
217.0,
0.0,
12.0,
2.0,
0.0,
0.0,
0.0,
0.0,
0.0,
0.0,
0.0,
0.0,
0.0,
0.0,
0.0,
0.0,
0.0,
5.0,
3.0,
0.0,
0.0,
2.0,
0.0,
0.0,
11.0,
0.0,
85.0,
246.0,
223.0,
0.0,
3.0,
0.0,
0.0,
0.0,
0.0,
0.0,
0.0,
0.0,
0.0,
0.0,
0.0,
0.0,
0.0,
0.0,
0.0,
3.0,
0.0,
0.0,
1.0,
9.0,
0.0,
0.0,
0.0,
0.0,
0.0,
217.0,
235.0,
84.0,
42.0,
9.0,
0.0,
0.0,
0.0,
0.0,
0.0,
0.0,
0.0,
0.0,
0.0,
0.0,
0.0,
0.0,
0.0,
0.0,
7.0,
4.0,
0.0,
0.0,
3.0,
5.0,
0.0,
11.0,
11.0,
181.0,
253.0,
252.0,
248.0,
115.0,
10.0,
0.0,
0.0,
0.0,
0.0,
0.0,
0.0,
0.0,
0.0,
0.0,
0.0,
0.0,
0.0,
0.0,
0.0,
2.0,
3.0,
0.0,
0.0,
2.0,
0.0,
0.0,
3.0,
104.0,
249.0,
255.0,
235.0,
50.0,
0.0,
0.0,
0.0,
0.0,
0.0,
0.0,
0.0,
0.0,
0.0,
0.0,
0.0,
0.0,
0.0,
0.0,
0.0,
0.0,
0.0,
0.0,
0.0,
0.0,
0.0,
4.0,
0.0,
7.0,
103.0,
159.0,
67.0,
0.0,
6.0,
0.0,
0.0,
0.0,
0.0,
0.0,
0.0,
0.0,
0.0,
0.0,
0.0,
0.0,
0.0,
0.0,
0.0,
0.0,
0.0,
0.0,
0.0,
0.0,
0.0,
0.0,
11.0,
0.0,
0.0,
11.0,
7.0,
0.0,
5.0,
0.0,
0.0,
0.0,
0.0,
0.0,
0.0,
0.0,
0.0,
0.0,
0.0,
0.0,
0.0,
0.0,
0.0,
0.0,
0.0,
0.0,
0.0,
0.0,
0.0,
0.0,
11.0,
7.0,
0.0,
0.0,
0.0,
0.0,
3.0,
0.0,
0.0,
0.0,
0.0,
0.0,
0.0,
0.0,
0.0,
0.0,
0.0,
0.0,
0.0,
0.0,
0.0,
0.0,
0.0,
0.0,
0.0,
0.0,
0.0,
7.0,
0.0,
0.0,
10.0,
9.0,
0.0,
0.0,
5.0,
0.0,
0.0,
0.0,
0.0,
