0.0,
0.0,
0.0,
0.0,
0.0,
0.0,
0.0,
0.0,
3.0,
10.0,
0.0,
5.0,
0.0,
9.0,
0.0,
0.0,
0.0,
6.0,
0.0,
1.0,
15.0,
0.0,
0.0,
0.0,
0.0,
0.0,
0.0,
0.0,
0.0,
0.0,
0.0,
0.0,
0.0,
0.0,
0.0,
0.0,
0.0,
11.0,
5.0,
6.0,
0.0,
0.0,
0.0,
8.0,
7.0,
0.0,
14.0,
6.0,
0.0,
18.0,
10.0,
5.0,
1.0,
1.0,
1.0,
0.0,
0.0,
0.0,
0.0,
0.0,
0.0,
0.0,
0.0,
0.0,
4.0,
0.0,
0.0,
0.0,
8.0,
8.0,
0.0,
0.0,
0.0,
15.0,
2.0,
0.0,
0.0,
8.0,
0.0,
6.0,
3.0,
2.0,
1.0,
0.0,
0.0,
0.0,
0.0,
0.0,
0.0,
0.0,
0.0,
0.0,
12.0,
0.0,
10.0,
0.0,
0.0,
0.0,
0.0,
4.0,
0.0,
2.0,
0.0,
17.0,
4.0,
0.0,
9.0,
0.0,
0.0,
0.0,
0.0,
1.0,
0.0,
0.0,
0.0,
0.0,
0.0,
0.0,
0.0,
0.0,
0.0,
0.0,
7.0,
1.0,
0.0,
16.0,
12.0,
0.0,
0.0,
0.0,
5.0,
0.0,
0.0,
11.0,
3.0,
0.0,
0.0,
0.0,
0.0,
3.0,
0.0,
0.0,
0.0,
0.0,
0.0,
0.0,
0.0,
0.0,
0.0,
160.0,
229.0,
179.0,
10.0,
0.0,
0.0,
0.0,
6.0,
5.0,
0.0,
25.0,
0.0,
47.0,
194.0,
23.0,
5.0,
0.0,
0.0,
2.0,
0.0,
0.0,
0.0,
0.0,
0.0,
0.0,
0.0,
0.0,
0.0,
208.0,
255.0,
248.0,
21.0,
0.0,
5.0,
0.0,
2.0,
0.0,
20.0,
1.0,
15.0,
235.0,
254.0,
195.0,
20.0,
5.0,
0.0,
0.0,
0.0,
0.0,
0.0,
0.0,
0.0,
0.0,
0.0,
0.0,
80.0,
248.0,
238.0,
246.0,
12.0,
0.0,
0.0,
2.0,
0.0,
17.0,
0.0,
1.0,
33.0,
250.0,
255.0,
219.0,
33.0,
12.0,
0.0,
0.0,
1.0,
6.0,
0.0,
0.0,
3.0,
1.0,
0.0,
3.0,
125.0,
239.0,
250.0,
124.0,
1.0,
0.0,
0.0,
0.0,
0.0,
2.0,
7.0,
1.0,
92.0,
254.0,
252.0,
134.0,
0.0,
0.0,
0.0,
0.0,
0.0,
0.0,
0.0,
6.0,
0.0,
1.0,
0.0,
2.0,
125.0,
246.0,
250.0,
75.0,
0.0,
7.0,
8.0,
3.0,
13.0,
0.0,
0.0,
0.0,
204.0,
252.0,
158.0,
12.0,
0.0,
0.0,
0.0,
0.0,
3.0,
0.0,
0.0,
9.0,
0.0,
0.0,
0.0,
43.0,
213.0,
255.0,
188.0,
19.0,
0.0,
2.0,
0.0,
0.0,
0.0,
0.0,
28.0,
69.0,
213.0,
255.0,
178.0,
0.0,
0.0,
0.0,
0.0,
0.0,
5.0,
3.0,
0.0,
5.0,
0.0,
0.0,
17.0,
147.0,
254.0,
242.0,
95.0,
0.0,
7.0,
10.0,
0.0,
7.0,
9.0,
4.0,
0.0,
232.0,
248.0,
247.0,
170.0,
5.0,
0.0,
0.0,
0.0,
0.0,
0.0,
10.0,
0.0,
0.0,
8.0,
0.0,
51.0,
242.0,
255.0,
255.0,
61.0,
0.0,
0.0,
0.0,
0.0,
0.0,
0.0,
0.0,
56.0,
241.0,
254.0,
253.0,
0.0,
0.0,
0.0,
0.0,
0.0,
0.0,
0.0,
11.0,
0.0,
0.0,
7.0,
0.0,
78.0,
255.0,
240.0,
203.0,
12.0,
10.0,
6.0,
30.0,
50.0,
57.0,
82.0,
190.0,
216.0,
252.0,
255.0,
130.0,
12.0,
9.0,
0.0,
0.0,
0.0,
0.0,
0.0,
5.0,
0.0,
0.0,
3.0,
3.0,
139.0,
243.0,
243.0,
186.0,
94.0,
144.0,
163.0,
208.0,
237.0,
255.0,
254.0,
255.0,
255.0,
244.0,
207.0,
3.0,
0.0,
0.0,
0.0,
0.0,
0.0,
0.0,
2.0,
0.0,
3.0,
0.0,
10.0,
41.0,
220.0,
255.0,
255.0,
247.0,
255.0,
255.0,
236.0,
255.0,
255.0,
245.0,
248.0,
255.0,
255.0,
245.0,
167.0,
0.0,
4.0,
4.0,
0.0,
0.0,
0.0,
0.0,
4.0,
0.0,
8.0,
0.0,
0.0,
238.0,
244.0,
255.0,
254.0,
247.0,
253.0,
248.0,
255.0,
240.0,
196.0,
193.0,
236.0,
253.0,
250.0,
188.0,
22.0,
1.0,
0.0,
7.0,
0.0,
0.0,
0.0,
0.0,
0.0,
2.0,
9.0,
0.0,
0.0,
255.0,
250.0,
250.0,
243.0,
255.0,
219.0,
163.0,
95.0,
59.0,
1.0,
57.0,
239.0,
251.0,
251.0,
78.0,
0.0,
0.0,
0.0,
0.0,
0.0,
0.0,
0.0,
0.0,
0.0,
8.0,
0.0,
0.0,
5.0,
255.0,
250.0,
246.0,
125.0,
107.0,
0.0,
10.0,
9.0,
1.0,
0.0,
114.0,
255.0,
255.0,
203.0,
11.0,
1.0,
7.0,
3.0,
2.0,
0.0,
0.0,
0.0,
0.0,
0.0,
16.0,
0.0,
0.0,
6.0,
222.0,
146.0,
32.0,
15.0,
0.0,
17.0,
0.0,
0.0,
0.0,
12.0,
224.0,
251.0,
230.0,
81.0,
5.0,
0.0,
0.0,
3.0,
0.0,
0.0,
0.0,
0.0,
0.0,
3.0,
0.0,
6.0,
29.0,
6.0,
29.0,
0.0,
0.0,
0.0,
0.0,
0.0,
0.0,
15.0,
39.0,
179.0,
242.0,
248.0,
151.0,
3.0,
11.0,
0.0,
0.0,
1.0,
0.0,
0.0,
0.0,
0.0,
0.0,
7.0,
0.0,
4.0,
0.0,
0.0,
16.0,
10.0,
0.0,
12.0,
3.0,
11.0,
0.0,
0.0,
55.0,
241.0,
255.0,
245.0,
71.0,
7.0,
2.0,
0.0,
13.0,
7.0,
0.0,
0.0,
0.0,
0.0,
0.0,
0.0,
0.0,
6.0,
12.0,
0.0,
0.0,
0.0,
0.0,
0.0,
5.0,
0.0,
20.0,
7.0,
94.0,
255.0,
249.0,
200.0,
16.0,
0.0,
0.0,
0.0,
3.0,
2.0,
0.0,
0.0,
0.0,
0.0,
0.0,
1.0,
6.0,
0.0,
6.0,
0.0,
10.0,
0.0,
6.0,
2.0,
5.0,
0.0,
5.0,
0.0,
198.0,
248.0,
255.0,
160.0,
9.0,
0.0,
20.0,
0.0,
0.0,
7.0,
1.0,
0.0,
0.0,
0.0,
0.0,
0.0,
0.0,
0.0,
0.0,
0.0,
0.0,
0.0,
0.0,
0.0,
3.0,
0.0,
0.0,
21.0,
187.0,
255.0,
197.0,
8.0,
5.0,
2.0,
0.0,
0.0,
0.0,
0.0,
0.0,
0.0,
0.0,
0.0,
0.0,
0.0,
0.0,
0.0,
0.0,
0.0,
0.0,
0.0,
0.0,
17.0,
0.0,
0.0,
7.0,
0.0,
0.0,
5.0,
0.0,
6.0,
4.0,
2.0,
0.0,
0.0,
0.0,
0.0,
0.0,
0.0,
0.0,
0.0,
0.0,
0.0,
0.0,
0.0,
0.0,
0.0,
0.0,
0.0,
0.0,
0.0,
0.0,
3.0,
21.0,
3.0,
6.0,
6.0,
8.0,
4.0,
2.0,
1.0,
0.0,
0.0,
0.0,
0.0,
1.0,
0.0,
0.0,
0.0,
0.0,
0.0,
0.0,
0.0,
0.0,
0.0,
0.0,
0.0,
0.0,
0.0,
14.0,
4.0,
0.0,
0.0,
1.0,
0.0,
0.0,
1.0,
0.0,
0.0,
0.0,
0.0,
0.0,
1.0,
2.0,
0.0,
0.0,
0.0,
0.0,
