0.0,
0.0,
0.0,
0.0,
0.0,
0.0,
0.0,
0.0,
0.0,
0.0,
2.0,
0.0,
17.0,
0.0,
0.0,
0.0,
6.0,
5.0,
3.0,
0.0,
4.0,
7.0,
0.0,
3.0,
0.0,
0.0,
0.0,
0.0,
0.0,
0.0,
0.0,
0.0,
0.0,
0.0,
0.0,
0.0,
16.0,
0.0,
17.0,
0.0,
0.0,
6.0,
0.0,
16.0,
0.0,
0.0,
0.0,
18.0,
0.0,
0.0,
1.0,
0.0,
0.0,
0.0,
0.0,
0.0,
0.0,
0.0,
0.0,
0.0,
0.0,
0.0,
0.0,
0.0,
0.0,
6.0,
0.0,
16.0,
3.0,
0.0,
24.0,
0.0,
0.0,
28.0,
1.0,
0.0,
13.0,
7.0,
0.0,
9.0,
0.0,
0.0,
0.0,
0.0,
0.0,
0.0,
0.0,
0.0,
0.0,
0.0,
0.0,
0.0,
0.0,
4.0,
3.0,
0.0,
0.0,
3.0,
3.0,
0.0,
1.0,
0.0,
2.0,
0.0,
3.0,
0.0,
12.0,
0.0,
0.0,
0.0,
0.0,
0.0,
0.0,
0.0,
0.0,
0.0,
0.0,
0.0,
0.0,
0.0,
0.0,
2.0,
1.0,
0.0,
9.0,
3.0,
0.0,
4.0,
0.0,
0.0,
5.0,
14.0,
0.0,
0.0,
0.0,
8.0,
0.0,
0.0,
0.0,
0.0,
0.0,
0.0,
0.0,
0.0,
0.0,
0.0,
0.0,
0.0,
0.0,
0.0,
0.0,
44.0,
92.0,
38.0,
17.0,
0.0,
6.0,
0.0,
0.0,
0.0,
0.0,
255.0,
210.0,
0.0,
0.0,
0.0,
0.0,
0.0,
0.0,
0.0,
0.0,
0.0,
0.0,
0.0,
0.0,
0.0,
10.0,
0.0,
195.0,
254.0,
255.0,
157.0,
28.0,
0.0,
6.0,
0.0,
0.0,
12.0,
92.0,
234.0,
81.0,
6.0,
0.0,
0.0,
0.0,
0.0,
0.0,
0.0,
0.0,
0.0,
0.0,
0.0,
0.0,
0.0,
0.0,
5.0,
224.0,
255.0,
162.0,
10.0,
0.0,
6.0,
2.0,
0.0,
11.0,
63.0,
246.0,
219.0,
0.0,
8.0,
0.0,
0.0,
0.0,
0.0,
0.0,
0.0,
0.0,
0.0,
0.0,
0.0,
0.0,
0.0,
0.0,
0.0,
236.0,
244.0,
95.0,
1.0,
0.0,
0.0,
0.0,
6.0,
29.0,
204.0,
253.0,
17.0,
9.0,
0.0,
0.0,
0.0,
0.0,
0.0,
0.0,
0.0,
0.0,
0.0,
0.0,
0.0,
0.0,
0.0,
0.0,
2.0,
221.0,
253.0,
49.0,
0.0,
0.0,
4.0,
7.0,
0.0,
170.0,
255.0,
186.0,
2.0,
5.0,
0.0,
0.0,
0.0,
0.0,
0.0,
0.0,
0.0,
0.0,
0.0,
0.0,
0.0,
0.0,
0.0,
0.0,
22.0,
230.0,
207.0,
18.0,
3.0,
6.0,
0.0,
0.0,
117.0,
255.0,
208.0,
0.0,
13.0,
0.0,
0.0,
0.0,
0.0,
0.0,
0.0,
0.0,
0.0,
0.0,
0.0,
0.0,
0.0,
0.0,
0.0,
1.0,
0.0,
236.0,
232.0,
0.0,
0.0,
0.0,
8.0,
47.0,
212.0,
242.0,
134.0,
25.0,
0.0,
0.0,
10.0,
0.0,
0.0,
0.0,
0.0,
0.0,
0.0,
0.0,
0.0,
0.0,
0.0,
0.0,
0.0,
12.0,
0.0,
231.0,
249.0,
0.0,
23.0,
3.0,
0.0,
157.0,
255.0,
204.0,
75.0,
14.0,
0.0,
7.0,
1.0,
0.0,
0.0,
0.0,
0.0,
0.0,
0.0,
0.0,
0.0,
0.0,
0.0,
0.0,
0.0,
0.0,
4.0,
245.0,
225.0,
80.0,
1.0,
0.0,
80.0,
255.0,
249.0,
247.0,
205.0,
49.0,
10.0,
0.0,
0.0,
0.0,
0.0,
0.0,
0.0,
0.0,
0.0,
0.0,
0.0,
0.0,
0.0,
0.0,
0.0,
0.0,
4.0,
185.0,
248.0,
224.0,
24.0,
55.0,
243.0,
255.0,
235.0,
222.0,
90.0,
1.0,
0.0,
21.0,
0.0,
0.0,
0.0,
0.0,
0.0,
0.0,
0.0,
0.0,
0.0,
0.0,
0.0,
0.0,
0.0,
14.0,
0.0,
48.0,
239.0,
255.0,
251.0,
245.0,
249.0,
250.0,
209.0,
40.0,
0.0,
0.0,
11.0,
0.0,
13.0,
0.0,
0.0,
0.0,
0.0,
0.0,
0.0,
0.0,
0.0,
0.0,
0.0,
0.0,
0.0,
0.0,
4.0,
0.0,
54.0,
177.0,
251.0,
247.0,
230.0,
63.0,
23.0,
0.0,
0.0,
5.0,
0.0,
0.0,
2.0,
0.0,
0.0,
0.0,
0.0,
0.0,
0.0,
0.0,
0.0,
0.0,
0.0,
0.0,
0.0,
13.0,
0.0,
9.0,
0.0,
73.0,
248.0,
231.0,
104.0,
16.0,
0.0,
0.0,
0.0,
4.0,
0.0,
0.0,
2.0,
0.0,
0.0,
0.0,
0.0,
0.0,
0.0,
0.0,
0.0,
0.0,
0.0,
0.0,
0.0,
0.0,
0.0,
11.0,
72.0,
241.0,
255.0,
72.0,
0.0,
0.0,
0.0,
0.0,
0.0,
2.0,
0.0,
0.0,
0.0,
0.0,
0.0,
0.0,
0.0,
0.0,
0.0,
0.0,
0.0,
0.0,
0.0,
0.0,
0.0,
0.0,
16.0,
0.0,
199.0,
248.0,
213.0,
21.0,
11.0,
1.0,
4.0,
3.0,
0.0,
0.0,
0.0,
1.0,
1.0,
0.0,
0.0,
0.0,
0.0,
0.0,
0.0,
0.0,
0.0,
0.0,
0.0,
0.0,
0.0,
5.0,
4.0,
55.0,
249.0,
255.0,
115.0,
4.0,
1.0,
0.0,
0.0,
0.0,
0.0,
0.0,
3.0,
5.0,
1.0,
0.0,
0.0,
0.0,
0.0,
0.0,
0.0,
0.0,
0.0,
0.0,
0.0,
0.0,
0.0,
0.0,
7.0,
215.0,
255.0,
168.0,
10.0,
12.0,
0.0,
0.0,
0.0,
0.0,
0.0,
2.0,
5.0,
1.0,
0.0,
0.0,
0.0,
0.0,
0.0,
0.0,
0.0,
0.0,
0.0,
0.0,
0.0,
0.0,
0.0,
2.0,
179.0,
239.0,
255.0,
213.0,
170.0,
21.0,
0.0,
4.0,
3.0,
3.0,
6.0,
5.0,
0.0,
0.0,
0.0,
0.0,
0.0,
0.0,
0.0,
0.0,
0.0,
0.0,
0.0,
0.0,
0.0,
0.0,
0.0,
24.0,
227.0,
255.0,
255.0,
228.0,
69.0,
0.0,
12.0,
0.0,
0.0,
0.0,
1.0,
0.0,
0.0,
0.0,
7.0,
0.0,
0.0,
0.0,
0.0,
0.0,
0.0,
0.0,
0.0,
0.0,
0.0,
0.0,
0.0,
15.0,
192.0,
255.0,
180.0,
18.0,
4.0,
0.0,
0.0,
0.0,
0.0,
0.0,
0.0,
0.0,
0.0,
0.0,
0.0,
0.0,
0.0,
0.0,
0.0,
0.0,
0.0,
0.0,
0.0,
0.0,
0.0,
0.0,
0.0,
0.0,
2.0,
0.0,
11.0,
0.0,
10.0,
0.0,
0.0,
0.0,
0.0,
0.0,
0.0,
0.0,
0.0,
0.0,
0.0,
0.0,
0.0,
0.0,
0.0,
0.0,
0.0,
0.0,
0.0,
0.0,
0.0,
0.0,
0.0,
5.0,
0.0,
0.0,
0.0,
0.0,
0.0,
7.0,
17.0,
0.0,
0.0,
0.0,
0.0,
0.0,
0.0,
0.0,
0.0,
0.0,
0.0,
0.0,
0.0,
0.0,
0.0,
0.0,
0.0,
0.0,
0.0,
0.0,
0.0,
0.0,
3.0,
16.0,
0.0,
0.0,
0.0,
0.0,
0.0,
0.0,
0.0,
0.0,
0.0,
0.0,
0.0,
0.0,
0.0,
0.0,
0.0,
0.0,
0.0,
