0.0,
0.0,
1.0,
1.0,
3.0,
5.0,
3.0,
0.0,
6.0,
0.0,
0.0,
2.0,
0.0,
0.0,
6.0,
0.0,
7.0,
0.0,
0.0,
2.0,
1.0,
2.0,
0.0,
4.0,
0.0,
0.0,
0.0,
0.0,
0.0,
2.0,
2.0,
0.0,
0.0,
0.0,
0.0,
0.0,
0.0,
2.0,
0.0,
3.0,
0.0,
0.0,
0.0,
0.0,
1.0,
0.0,
5.0,
0.0,
0.0,
0.0,
0.0,
2.0,
0.0,
0.0,
0.0,
0.0,
1.0,
2.0,
3.0,
0.0,
0.0,
0.0,
0.0,
2.0,
0.0,
9.0,
0.0,
0.0,
0.0,
5.0,
0.0,
9.0,
0.0,
2.0,
0.0,
0.0,
0.0,
6.0,
4.0,
0.0,
0.0,
0.0,
0.0,
0.0,
3.0,
0.0,
0.0,
2.0,
2.0,
0.0,
1.0,
4.0,
0.0,
8.0,
2.0,
0.0,
0.0,
5.0,
3.0,
3.0,
0.0,
7.0,
0.0,
15.0,
1.0,
0.0,
0.0,
4.0,
0.0,
0.0,
0.0,
0.0,
5.0,
0.0,
0.0,
2.0,
5.0,
1.0,
0.0,
0.0,
0.0,
0.0,
11.0,
4.0,
0.0,
1.0,
10.0,
0.0,
255.0,
160.0,
0.0,
0.0,
0.0,
6.0,
6.0,
0.0,
0.0,
0.0,
0.0,
0.0,
6.0,
0.0,
0.0,
1.0,
2.0,
0.0,
0.0,
0.0,
12.0,
0.0,
0.0,
4.0,
2.0,
0.0,
7.0,
2.0,
255.0,
179.0,
10.0,
8.0,
5.0,
0.0,
0.0,
1.0,
0.0,
0.0,
0.0,
0.0,
3.0,
0.0,
0.0,
2.0,
0.0,
0.0,
1.0,
15.0,
117.0,
64.0,
0.0,
3.0,
0.0,
2.0,
3.0,
84.0,
255.0,
192.0,
3.0,
4.0,
7.0,
0.0,
4.0,
0.0,
0.0,
0.0,
0.0,
0.0,
0.0,
0.0,
1.0,
4.0,
0.0,
0.0,
12.0,
37.0,
255.0,
174.0,
0.0,
9.0,
0.0,
3.0,
0.0,
163.0,
249.0,
195.0,
0.0,
0.0,
0.0,
0.0,
9.0,
0.0,
0.0,
0.0,
0.0,
0.0,
0.0,
2.0,
3.0,
0.0,
4.0,
6.0,
0.0,
174.0,
255.0,
201.0,
7.0,
4.0,
0.0,
7.0,
0.0,
225.0,
255.0,
204.0,
0.0,
0.0,
10.0,
0.0,
0.0,
5.0,
0.0,
0.0,
0.0,
0.0,
0.0,
0.0,
0.0,
5.0,
6.0,
0.0,
2.0,
226.0,
244.0,
209.0,
0.0,
5.0,
1.0,
7.0,
12.0,
232.0,
253.0,
185.0,
0.0,
8.0,
3.0,
0.0,
0.0,
17.0,
0.0,
0.0,
0.0,
0.0,
0.0,
0.0,
0.0,
5.0,
0.0,
0.0,
26.0,
238.0,
255.0,
190.0,
0.0,
10.0,
6.0,
0.0,
0.0,
217.0,
255.0,
188.0,
20.0,
0.0,
0.0,
6.0,
4.0,
0.0,
0.0,
0.0,
0.0,
0.0,
0.0,
2.0,
0.0,
2.0,
2.0,
14.0,
128.0,
255.0,
246.0,
96.0,
0.0,
0.0,
3.0,
0.0,
2.0,
237.0,
247.0,
107.0,
0.0,
9.0,
12.0,
2.0,
0.0,
3.0,
0.0,
0.0,
0.0,
0.0,
1.0,
1.0,
0.0,
0.0,
0.0,
5.0,
192.0,
255.0,
240.0,
79.0,
44.0,
20.0,
23.0,
33.0,
92.0,
255.0,
255.0,
88.0,
0.0,
0.0,
10.0,
0.0,
0.0,
0.0,
0.0,
0.0,
0.0,
0.0,
6.0,
0.0,
1.0,
1.0,
0.0,
0.0,
174.0,
253.0,
255.0,
227.0,
255.0,
255.0,
251.0,
212.0,
249.0,
249.0,
241.0,
198.0,
184.0,
84.0,
44.0,
10.0,
0.0,
7.0,
0.0,
0.0,
0.0,
0.0,
0.0,
0.0,
6.0,
7.0,
4.0,
9.0,
109.0,
235.0,
247.0,
254.0,
255.0,
255.0,
255.0,
240.0,
255.0,
245.0,
255.0,
233.0,
249.0,
246.0,
242.0,
160.0,
1.0,
0.0,
0.0,
0.0,
0.0,
0.0,
4.0,
0.0,
14.0,
0.0,
0.0,
7.0,
0.0,
136.0,
254.0,
255.0,
254.0,
249.0,
250.0,
255.0,
238.0,
255.0,
253.0,
248.0,
255.0,
255.0,
246.0,
193.0,
2.0,
4.0,
0.0,
0.0,
0.0,
0.0,
0.0,
0.0,
0.0,
0.0,
0.0,
0.0,
0.0,
0.0,
0.0,
1.0,
41.0,
113.0,
68.0,
144.0,
255.0,
247.0,
255.0,
239.0,
230.0,
207.0,
228.0,
36.0,
0.0,
1.0,
0.0,
0.0,
0.0,
0.0,
0.0,
0.0,
0.0,
0.0,
0.0,
0.0,
0.0,
0.0,
13.0,
0.0,
2.0,
0.0,
0.0,
64.0,
250.0,
247.0,
255.0,
183.0,
17.0,
8.0,
0.0,
7.0,
0.0,
7.0,
0.0,
0.0,
0.0,
0.0,
0.0,
0.0,
0.0,
0.0,
0.0,
0.0,
0.0,
0.0,
0.0,
0.0,
7.0,
0.0,
2.0,
56.0,
255.0,
245.0,
239.0,
122.0,
0.0,
0.0,
0.0,
10.0,
0.0,
0.0,
0.0,
0.0,
0.0,
0.0,
0.0,
0.0,
0.0,
0.0,
0.0,
0.0,
0.0,
0.0,
0.0,
11.0,
0.0,
2.0,
0.0,
50.0,
253.0,
255.0,
255.0,
83.0,
5.0,
0.0,
7.0,
0.0,
8.0,
12.0,
0.0,
0.0,
0.0,
0.0,
0.0,
0.0,
0.0,
0.0,
0.0,
0.0,
0.0,
0.0,
1.0,
10.0,
0.0,
0.0,
0.0,
17.0,
220.0,
252.0,
230.0,
55.0,
0.0,
0.0,
0.0,
8.0,
1.0,
0.0,
0.0,
0.0,
0.0,
0.0,
0.0,
0.0,
0.0,
0.0,
0.0,
0.0,
0.0,
0.0,
0.0,
0.0,
8.0,
0.0,
27.0,
3.0,
202.0,
251.0,
255.0,
46.0,
0.0,
2.0,
1.0,
5.0,
9.0,
9.0,
0.0,
0.0,
0.0,
0.0,
0.0,
0.0,
0.0,
0.0,
0.0,
0.0,
0.0,
0.0,
3.0,
0.0,
2.0,
0.0,
6.0,
0.0,
183.0,
255.0,
222.0,
3.0,
7.0,
0.0,
17.0,
0.0,
0.0,
3.0,
0.0,
0.0,
0.0,
0.0,
0.0,
0.0,
0.0,
0.0,
0.0,
0.0,
0.0,
0.0,
0.0,
6.0,
3.0,
3.0,
0.0,
9.0,
153.0,
247.0,
179.0,
0.0,
2.0,
0.0,
2.0,
10.0,
8.0,
0.0,
0.0,
0.0,
0.0,
0.0,
0.0,
0.0,
0.0,
0.0,
0.0,
0.0,
0.0,
0.0,
0.0,
0.0,
0.0,
0.0,
0.0,
0.0,
0.0,
0.0,
0.0,
0.0,
0.0,
0.0,
0.0,
0.0,
0.0,
0.0,
0.0,
0.0,
0.0,
0.0,
0.0,
0.0,
0.0,
0.0,
0.0,
0.0,
0.0,
0.0,
0.0,
0.0,
0.0,
0.0,
0.0,
0.0,
0.0,
0.0,
0.0,
0.0,
0.0,
0.0,
0.0,
0.0,
0.0,
0.0,
0.0,
0.0,
0.0,
0.0,
0.0,
0.0,
0.0,
0.0,
0.0,
0.0,
0.0,
0.0,
0.0,
0.0,
0.0,
0.0,
0.0,
0.0,
0.0,
0.0,
0.0,
0.0,
0.0,
0.0,
0.0,
0.0,
0.0,
0.0,
0.0,
0.0,
0.0,
0.0,
0.0,
0.0,
0.0,
0.0,
0.0,
0.0,
0.0,
0.0,
0.0,
0.0,
0.0,
0.0,
0.0,
0.0,
0.0,
0.0,
0.0,
0.0,
0.0,
0.0,
0.0,
0.0,
0.0,
0.0,
0.0,
0.0,
0.0,
0.0,
