0.0,
0.0,
0.0,
0.0,
0.0,
0.0,
0.0,
0.0,
0.0,
3.0,
3.0,
0.0,
0.0,
6.0,
4.0,
0.0,
0.0,
0.0,
0.0,
1.0,
0.0,
0.0,
16.0,
0.0,
0.0,
0.0,
0.0,
0.0,
0.0,
0.0,
0.0,
0.0,
0.0,
0.0,
0.0,
0.0,
0.0,
0.0,
0.0,
8.0,
0.0,
0.0,
0.0,
4.0,
3.0,
0.0,
14.0,
0.0,
11.0,
2.0,
0.0,
7.0,
0.0,
0.0,
0.0,
0.0,
0.0,
0.0,
0.0,
0.0,
0.0,
0.0,
0.0,
0.0,
6.0,
1.0,
0.0,
9.0,
0.0,
7.0,
0.0,
6.0,
0.0,
16.0,
0.0,
0.0,
6.0,
16.0,
3.0,
6.0,
0.0,
0.0,
0.0,
0.0,
0.0,
0.0,
0.0,
0.0,
0.0,
0.0,
0.0,
0.0,
0.0,
3.0,
0.0,
0.0,
0.0,
8.0,
0.0,
0.0,
5.0,
0.0,
5.0,
11.0,
0.0,
0.0,
2.0,
0.0,
0.0,
0.0,
0.0,
0.0,
0.0,
0.0,
0.0,
0.0,
0.0,
0.0,
0.0,
0.0,
0.0,
7.0,
3.0,
9.0,
0.0,
0.0,
0.0,
4.0,
0.0,
6.0,
0.0,
0.0,
16.0,
255.0,
87.0,
0.0,
0.0,
0.0,
0.0,
0.0,
0.0,
0.0,
0.0,
0.0,
0.0,
0.0,
0.0,
0.0,
6.0,
0.0,
0.0,
1.0,
12.0,
3.0,
1.0,
3.0,
2.0,
0.0,
15.0,
4.0,
169.0,
248.0,
70.0,
0.0,
0.0,
0.0,
0.0,
0.0,
0.0,
0.0,
0.0,
0.0,
0.0,
0.0,
0.0,
0.0,
0.0,
1.0,
14.0,
0.0,
2.0,
0.0,
5.0,
0.0,
0.0,
11.0,
0.0,
65.0,
255.0,
255.0,
90.0,
0.0,
0.0,
0.0,
0.0,
0.0,
0.0,
0.0,
0.0,
0.0,
0.0,
0.0,
0.0,
0.0,
1.0,
74.0,
115.0,
19.0,
0.0,
0.0,
25.0,
0.0,
6.0,
0.0,
0.0,
137.0,
248.0,
242.0,
50.0,
5.0,
0.0,
0.0,
0.0,
0.0,
0.0,
0.0,
0.0,
0.0,
0.0,
1.0,
14.0,
0.0,
23.0,
217.0,
201.0,
11.0,
8.0,
0.0,
0.0,
0.0,
0.0,
12.0,
12.0,
244.0,
253.0,
188.0,
0.0,
6.0,
0.0,
0.0,
0.0,
0.0,
0.0,
6.0,
0.0,
0.0,
12.0,
0.0,
0.0,
15.0,
128.0,
255.0,
204.0,
0.0,
0.0,
0.0,
11.0,
17.0,
3.0,
0.0,
129.0,
241.0,
243.0,
21.0,
10.0,
0.0,
0.0,
0.0,
0.0,
0.0,
8.0,
0.0,
5.0,
0.0,
0.0,
12.0,
0.0,
0.0,
186.0,
255.0,
195.0,
6.0,
8.0,
3.0,
0.0,
0.0,
9.0,
0.0,
218.0,
249.0,
161.0,
0.0,
0.0,
0.0,
0.0,
0.0,
0.0,
0.0,
6.0,
0.0,
8.0,
3.0,
0.0,
9.0,
1.0,
44.0,
240.0,
255.0,
127.0,
2.0,
0.0,
0.0,
5.0,
9.0,
0.0,
76.0,
248.0,
237.0,
43.0,
19.0,
0.0,
12.0,
0.0,
0.0,
0.0,
0.0,
0.0,
4.0,
0.0,
4.0,
8.0,
0.0,
0.0,
188.0,
255.0,
229.0,
50.0,
15.0,
0.0,
0.0,
1.0,
0.0,
6.0,
200.0,
249.0,
187.0,
21.0,
0.0,
0.0,
1.0,
0.0,
0.0,
0.0,
0.0,
0.0,
6.0,
0.0,
0.0,
0.0,
38.0,
102.0,
255.0,
234.0,
169.0,
0.0,
0.0,
0.0,
29.0,
50.0,
59.0,
115.0,
253.0,
251.0,
194.0,
153.0,
108.0,
25.0,
0.0,
0.0,
0.0,
0.0,
0.0,
9.0,
0.0,
0.0,
3.0,
0.0,
125.0,
233.0,
253.0,
255.0,
231.0,
178.0,
207.0,
212.0,
245.0,
246.0,
255.0,
241.0,
255.0,
255.0,
245.0,
255.0,
255.0,
57.0,
13.0,
0.0,
0.0,
0.0,
0.0,
0.0,
3.0,
0.0,
13.0,
5.0,
162.0,
255.0,
255.0,
254.0,
242.0,
255.0,
251.0,
226.0,
239.0,
229.0,
252.0,
255.0,
251.0,
233.0,
240.0,
229.0,
210.0,
49.0,
0.0,
0.0,
0.0,
0.0,
0.0,
3.0,
2.0,
0.0,
0.0,
6.0,
34.0,
73.0,
101.0,
91.0,
83.0,
87.0,
85.0,
4.0,
9.0,
4.0,
243.0,
252.0,
168.0,
3.0,
0.0,
2.0,
0.0,
7.0,
0.0,
0.0,
0.0,
0.0,
0.0,
0.0,
0.0,
3.0,
1.0,
0.0,
0.0,
0.0,
1.0,
0.0,
0.0,
0.0,
0.0,
6.0,
0.0,
143.0,
255.0,
255.0,
48.0,
0.0,
10.0,
6.0,
5.0,
0.0,
0.0,
0.0,
0.0,
0.0,
0.0,
0.0,
0.0,
3.0,
4.0,
2.0,
0.0,
0.0,
1.0,
4.0,
15.0,
6.0,
0.0,
4.0,
38.0,
229.0,
234.0,
164.0,
0.0,
3.0,
6.0,
0.0,
5.0,
7.0,
0.0,
0.0,
0.0,
0.0,
0.0,
8.0,
4.0,
0.0,
0.0,
0.0,
0.0,
3.0,
5.0,
0.0,
0.0,
0.0,
6.0,
0.0,
162.0,
255.0,
231.0,
18.0,
8.0,
5.0,
0.0,
0.0,
0.0,
12.0,
0.0,
0.0,
0.0,
0.0,
0.0,
0.0,
0.0,
0.0,
0.0,
0.0,
0.0,
0.0,
0.0,
10.0,
2.0,
0.0,
5.0,
25.0,
230.0,
248.0,
148.0,
0.0,
18.0,
0.0,
5.0,
14.0,
0.0,
0.0,
0.0,
0.0,
0.0,
0.0,
0.0,
0.0,
0.0,
0.0,
2.0,
5.0,
6.0,
5.0,
4.0,
3.0,
0.0,
0.0,
2.0,
164.0,
255.0,
242.0,
62.0,
1.0,
3.0,
0.0,
10.0,
0.0,
4.0,
0.0,
1.0,
0.0,
0.0,
0.0,
0.0,
8.0,
5.0,
0.0,
0.0,
0.0,
0.0,
0.0,
0.0,
0.0,
0.0,
4.0,
4.0,
243.0,
251.0,
171.0,
0.0,
4.0,
0.0,
17.0,
2.0,
0.0,
5.0,
5.0,
0.0,
0.0,
0.0,
0.0,
0.0,
0.0,
0.0,
2.0,
4.0,
3.0,
2.0,
3.0,
3.0,
1.0,
2.0,
0.0,
3.0,
232.0,
250.0,
111.0,
6.0,
2.0,
0.0,
0.0,
0.0,
12.0,
0.0,
2.0,
0.0,
0.0,
0.0,
0.0,
0.0,
0.0,
0.0,
0.0,
0.0,
0.0,
0.0,
0.0,
0.0,
0.0,
0.0,
0.0,
0.0,
0.0,
0.0,
0.0,
0.0,
0.0,
0.0,
0.0,
0.0,
0.0,
0.0,
0.0,
0.0,
0.0,
0.0,
0.0,
0.0,
0.0,
0.0,
0.0,
0.0,
0.0,
0.0,
0.0,
0.0,
0.0,
0.0,
0.0,
0.0,
0.0,
0.0,
0.0,
0.0,
0.0,
0.0,
0.0,
0.0,
0.0,
0.0,
0.0,
0.0,
0.0,
0.0,
0.0,
0.0,
0.0,
0.0,
0.0,
0.0,
0.0,
0.0,
0.0,
0.0,
0.0,
0.0,
0.0,
0.0,
0.0,
0.0,
0.0,
0.0,
0.0,
0.0,
0.0,
0.0,
0.0,
0.0,
0.0,
0.0,
0.0,
0.0,
0.0,
0.0,
0.0,
0.0,
0.0,
0.0,
0.0,
0.0,
0.0,
0.0,
0.0,
0.0,
0.0,
0.0,
0.0,
0.0,
0.0,
0.0,
0.0,
0.0,
0.0,
0.0,
0.0,
0.0,
0.0,
0.0,
0.0,
0.0,
0.0,
0.0,
