0.0,
0.0,
3.0,
6.0,
1.0,
0.0,
0.0,
0.0,
1.0,
11.0,
0.0,
7.0,
7.0,
0.0,
7.0,
2.0,
0.0,
1.0,
8.0,
0.0,
0.0,
8.0,
3.0,
0.0,
0.0,
0.0,
0.0,
0.0,
1.0,
0.0,
0.0,
0.0,
3.0,
7.0,
8.0,
8.0,
0.0,
0.0,
0.0,
0.0,
5.0,
6.0,
0.0,
0.0,
0.0,
7.0,
0.0,
17.0,
0.0,
0.0,
0.0,
0.0,
0.0,
0.0,
0.0,
0.0,
0.0,
0.0,
0.0,
0.0,
2.0,
3.0,
0.0,
0.0,
19.0,
0.0,
5.0,
12.0,
0.0,
7.0,
10.0,
0.0,
2.0,
0.0,
0.0,
2.0,
0.0,
0.0,
2.0,
0.0,
0.0,
0.0,
0.0,
0.0,
0.0,
3.0,
6.0,
2.0,
0.0,
0.0,
0.0,
0.0,
0.0,
23.0,
0.0,
0.0,
3.0,
0.0,
0.0,
3.0,
4.0,
0.0,
24.0,
0.0,
0.0,
0.0,
2.0,
5.0,
0.0,
0.0,
0.0,
0.0,
1.0,
0.0,
0.0,
0.0,
0.0,
1.0,
6.0,
12.0,
7.0,
0.0,
2.0,
10.0,
0.0,
11.0,
0.0,
0.0,
0.0,
4.0,
2.0,
3.0,
14.0,
0.0,
0.0,
0.0,
0.0,
0.0,
0.0,
0.0,
3.0,
0.0,
0.0,
4.0,
3.0,
0.0,
0.0,
0.0,
0.0,
0.0,
6.0,
10.0,
0.0,
0.0,
11.0,
247.0,
251.0,
210.0,
5.0,
4.0,
0.0,
0.0,
7.0,
5.0,
0.0,
0.0,
0.0,
0.0,
1.0,
0.0,
3.0,
9.0,
0.0,
0.0,
32.0,
83.0,
187.0,
86.0,
0.0,
0.0,
0.0,
0.0,
54.0,
255.0,
255.0,
242.0,
44.0,
0.0,
14.0,
7.0,
1.0,
0.0,
0.0,
0.0,
0.0,
0.0,
1.0,
0.0,
5.0,
1.0,
0.0,
16.0,
132.0,
253.0,
243.0,
255.0,
52.0,
0.0,
0.0,
15.0,
123.0,
255.0,
244.0,
255.0,
165.0,
0.0,
0.0,
0.0,
0.0,
8.0,
0.0,
0.0,
0.0,
0.0,
0.0,
2.0,
0.0,
0.0,
6.0,
108.0,
237.0,
255.0,
255.0,
242.0,
214.0,
16.0,
2.0,
4.0,
128.0,
251.0,
242.0,
255.0,
174.0,
5.0,
0.0,
0.0,
7.0,
0.0,
0.0,
0.0,
0.0,
0.0,
0.0,
4.0,
5.0,
0.0,
10.0,
84.0,
255.0,
255.0,
247.0,
255.0,
255.0,
68.0,
15.0,
0.0,
131.0,
255.0,
255.0,
254.0,
166.0,
0.0,
0.0,
4.0,
7.0,
0.0,
4.0,
5.0,
4.0,
0.0,
0.0,
1.0,
7.0,
0.0,
5.0,
45.0,
218.0,
246.0,
254.0,
251.0,
248.0,
71.0,
0.0,
0.0,
133.0,
255.0,
237.0,
233.0,
192.0,
9.0,
3.0,
0.0,
0.0,
1.0,
0.0,
0.0,
0.0,
3.0,
2.0,
0.0,
2.0,
0.0,
0.0,
11.0,
83.0,
238.0,
254.0,
249.0,
250.0,
100.0,
6.0,
0.0,
132.0,
238.0,
255.0,
255.0,
225.0,
22.0,
7.0,
6.0,
0.0,
0.0,
0.0,
3.0,
0.0,
0.0,
9.0,
0.0,
3.0,
5.0,
0.0,
0.0,
69.0,
241.0,
255.0,
252.0,
234.0,
98.0,
0.0,
0.0,
141.0,
254.0,
237.0,
255.0,
250.0,
51.0,
5.0,
0.0,
0.0,
4.0,
5.0,
10.0,
2.0,
0.0,
5.0,
0.0,
3.0,
6.0,
0.0,
8.0,
185.0,
246.0,
245.0,
255.0,
255.0,
220.0,
153.0,
141.0,
205.0,
252.0,
255.0,
255.0,
241.0,
75.0,
18.0,
9.0,
1.0,
5.0,
0.0,
0.0,
3.0,
3.0,
0.0,
0.0,
0.0,
0.0,
2.0,
60.0,
255.0,
250.0,
250.0,
250.0,
251.0,
254.0,
242.0,
241.0,
254.0,
255.0,
245.0,
249.0,
255.0,
236.0,
255.0,
248.0,
178.0,
125.0,
19.0,
0.0,
0.0,
15.0,
0.0,
8.0,
0.0,
0.0,
9.0,
118.0,
246.0,
255.0,
254.0,
254.0,
244.0,
255.0,
255.0,
255.0,
255.0,
254.0,
255.0,
255.0,
253.0,
255.0,
255.0,
255.0,
247.0,
255.0,
110.0,
16.0,
0.0,
11.0,
3.0,
0.0,
3.0,
6.0,
0.0,
16.0,
123.0,
241.0,
255.0,
242.0,
174.0,
152.0,
145.0,
153.0,
241.0,
255.0,
255.0,
254.0,
250.0,
252.0,
255.0,
243.0,
254.0,
179.0,
0.0,
0.0,
0.0,
0.0,
0.0,
0.0,
0.0,
6.0,
4.0,
0.0,
5.0,
26.0,
26.0,
17.0,
17.0,
0.0,
0.0,
9.0,
39.0,
238.0,
248.0,
238.0,
240.0,
194.0,
24.0,
25.0,
41.0,
8.0,
0.0,
0.0,
0.0,
0.0,
3.0,
3.0,
0.0,
0.0,
0.0,
0.0,
0.0,
0.0,
0.0,
0.0,
17.0,
0.0,
0.0,
0.0,
0.0,
255.0,
255.0,
254.0,
255.0,
200.0,
0.0,
2.0,
0.0,
0.0,
0.0,
0.0,
0.0,
0.0,
0.0,
6.0,
12.0,
4.0,
0.0,
0.0,
4.0,
4.0,
1.0,
0.0,
0.0,
12.0,
0.0,
4.0,
6.0,
248.0,
245.0,
250.0,
241.0,
173.0,
9.0,
15.0,
0.0,
1.0,
0.0,
0.0,
0.0,
0.0,
0.0,
0.0,
0.0,
1.0,
2.0,
0.0,
0.0,
0.0,
0.0,
8.0,
0.0,
4.0,
0.0,
4.0,
12.0,
242.0,
247.0,
255.0,
243.0,
183.0,
11.0,
0.0,
0.0,
10.0,
0.0,
0.0,
0.0,
0.0,
9.0,
0.0,
0.0,
0.0,
0.0,
3.0,
7.0,
12.0,
0.0,
17.0,
0.0,
0.0,
0.0,
0.0,
0.0,
255.0,
241.0,
255.0,
245.0,
204.0,
0.0,
0.0,
1.0,
2.0,
0.0,
0.0,
0.0,
0.0,
0.0,
0.0,
6.0,
6.0,
1.0,
0.0,
0.0,
0.0,
0.0,
0.0,
3.0,
0.0,
2.0,
9.0,
0.0,
254.0,
255.0,
255.0,
251.0,
159.0,
0.0,
11.0,
0.0,
0.0,
0.0,
0.0,
0.0,
0.0,
0.0,
1.0,
0.0,
0.0,
0.0,
7.0,
6.0,
0.0,
10.0,
0.0,
0.0,
12.0,
0.0,
1.0,
8.0,
164.0,
250.0,
252.0,
240.0,
57.0,
0.0,
3.0,
0.0,
7.0,
0.0,
0.0,
0.0,
0.0,
0.0,
0.0,
0.0,
0.0,
0.0,
0.0,
0.0,
0.0,
0.0,
0.0,
0.0,
0.0,
0.0,
0.0,
0.0,
0.0,
176.0,
232.0,
108.0,
0.0,
0.0,
1.0,
4.0,
0.0,
0.0,
0.0,
0.0,
0.0,
0.0,
0.0,
0.0,
0.0,
0.0,
0.0,
0.0,
0.0,
0.0,
0.0,
0.0,
0.0,
0.0,
0.0,
0.0,
0.0,
0.0,
30.0,
0.0,
0.0,
10.0,
0.0,
0.0,
0.0,
0.0,
0.0,
0.0,
0.0,
0.0,
0.0,
0.0,
0.0,
0.0,
0.0,
0.0,
0.0,
0.0,
0.0,
0.0,
0.0,
0.0,
0.0,
0.0,
0.0,
3.0,
0.0,
0.0,
12.0,
4.0,
0.0,
15.0,
8.0,
0.0,
0.0,
0.0,
0.0,
0.0,
0.0,
0.0,
0.0,
0.0,
0.0,
0.0,
0.0,
0.0,
0.0,
0.0,
0.0,
0.0,
0.0,
0.0,
0.0,
6.0,
0.0,
0.0,
7.0,
0.0,
0.0,
5.0,
0.0,
0.0,
0.0,
0.0,
0.0,
