0.0,
0.0,
0.0,
0.0,
0.0,
0.0,
0.0,
0.0,
8.0,
0.0,
0.0,
0.0,
2.0,
1.0,
0.0,
0.0,
0.0,
1.0,
11.0,
0.0,
1.0,
0.0,
0.0,
0.0,
0.0,
0.0,
0.0,
0.0,
0.0,
0.0,
0.0,
0.0,
0.0,
0.0,
0.0,
0.0,
0.0,
0.0,
4.0,
0.0,
0.0,
1.0,
4.0,
4.0,
4.0,
0.0,
0.0,
20.0,
0.0,
21.0,
7.0,
14.0,
0.0,
0.0,
0.0,
0.0,
0.0,
0.0,
0.0,
0.0,
0.0,
0.0,
0.0,
0.0,
0.0,
3.0,
7.0,
0.0,
0.0,
0.0,
1.0,
0.0,
2.0,
4.0,
1.0,
0.0,
2.0,
0.0,
0.0,
0.0,
0.0,
0.0,
0.0,
0.0,
0.0,
0.0,
0.0,
0.0,
0.0,
0.0,
0.0,
0.0,
5.0,
2.0,
0.0,
0.0,
2.0,
3.0,
0.0,
0.0,
0.0,
6.0,
4.0,
0.0,
14.0,
16.0,
0.0,
18.0,
0.0,
0.0,
0.0,
0.0,
0.0,
0.0,
0.0,
0.0,
0.0,
0.0,
0.0,
0.0,
6.0,
0.0,
0.0,
2.0,
4.0,
0.0,
1.0,
9.0,
18.0,
0.0,
22.0,
0.0,
0.0,
0.0,
0.0,
10.0,
0.0,
0.0,
0.0,
0.0,
0.0,
0.0,
0.0,
0.0,
0.0,
0.0,
0.0,
0.0,
0.0,
0.0,
0.0,
2.0,
0.0,
0.0,
0.0,
5.0,
0.0,
13.0,
0.0,
4.0,
14.0,
34.0,
243.0,
47.0,
0.0,
0.0,
0.0,
0.0,
0.0,
0.0,
0.0,
0.0,
0.0,
0.0,
0.0,
0.0,
0.0,
2.0,
2.0,
0.0,
3.0,
12.0,
8.0,
0.0,
0.0,
1.0,
11.0,
0.0,
0.0,
203.0,
248.0,
56.0,
0.0,
0.0,
0.0,
0.0,
0.0,
0.0,
0.0,
0.0,
0.0,
0.0,
0.0,
0.0,
0.0,
2.0,
0.0,
0.0,
28.0,
63.0,
47.0,
3.0,
0.0,
8.0,
0.0,
0.0,
62.0,
245.0,
237.0,
53.0,
0.0,
0.0,
0.0,
0.0,
3.0,
0.0,
0.0,
0.0,
11.0,
0.0,
0.0,
0.0,
0.0,
7.0,
13.0,
0.0,
204.0,
248.0,
202.0,
7.0,
3.0,
0.0,
9.0,
0.0,
197.0,
248.0,
212.0,
2.0,
0.0,
0.0,
0.0,
0.0,
0.0,
8.0,
6.0,
2.0,
0.0,
0.0,
6.0,
6.0,
9.0,
0.0,
0.0,
15.0,
160.0,
255.0,
251.0,
89.0,
0.0,
6.0,
0.0,
0.0,
251.0,
255.0,
69.0,
0.0,
0.0,
0.0,
0.0,
0.0,
0.0,
0.0,
3.0,
3.0,
0.0,
3.0,
1.0,
0.0,
6.0,
0.0,
8.0,
4.0,
170.0,
244.0,
218.0,
13.0,
6.0,
0.0,
22.0,
145.0,
255.0,
179.0,
0.0,
25.0,
0.0,
0.0,
0.0,
0.0,
5.0,
0.0,
0.0,
4.0,
0.0,
2.0,
0.0,
2.0,
1.0,
7.0,
0.0,
109.0,
227.0,
255.0,
114.0,
0.0,
0.0,
0.0,
24.0,
255.0,
245.0,
33.0,
19.0,
0.0,
0.0,
0.0,
0.0,
0.0,
5.0,
0.0,
7.0,
0.0,
0.0,
1.0,
0.0,
15.0,
0.0,
4.0,
89.0,
245.0,
255.0,
142.0,
7.0,
7.0,
1.0,
30.0,
213.0,
247.0,
156.0,
9.0,
0.0,
0.0,
0.0,
0.0,
0.0,
0.0,
2.0,
1.0,
9.0,
0.0,
0.0,
10.0,
0.0,
0.0,
11.0,
75.0,
255.0,
231.0,
175.0,
7.0,
13.0,
5.0,
91.0,
221.0,
255.0,
250.0,
14.0,
7.0,
0.0,
16.0,
0.0,
0.0,
0.0,
0.0,
1.0,
0.0,
2.0,
0.0,
7.0,
7.0,
0.0,
61.0,
201.0,
247.0,
255.0,
120.0,
23.0,
76.0,
180.0,
222.0,
248.0,
247.0,
243.0,
81.0,
9.0,
0.0,
15.0,
0.0,
0.0,
0.0,
0.0,
0.0,
4.0,
0.0,
9.0,
3.0,
0.0,
0.0,
45.0,
234.0,
251.0,
255.0,
255.0,
237.0,
255.0,
255.0,
242.0,
255.0,
254.0,
255.0,
172.0,
0.0,
1.0,
5.0,
0.0,
0.0,
0.0,
0.0,
0.0,
0.0,
0.0,
8.0,
0.0,
2.0,
5.0,
0.0,
79.0,
243.0,
243.0,
255.0,
247.0,
245.0,
237.0,
189.0,
97.0,
208.0,
250.0,
237.0,
29.0,
0.0,
2.0,
0.0,
0.0,
1.0,
0.0,
0.0,
0.0,
0.0,
1.0,
11.0,
0.0,
0.0,
3.0,
0.0,
0.0,
39.0,
85.0,
101.0,
79.0,
31.0,
22.0,
2.0,
23.0,
233.0,
255.0,
83.0,
0.0,
1.0,
2.0,
5.0,
0.0,
2.0,
0.0,
0.0,
0.0,
0.0,
0.0,
3.0,
0.0,
0.0,
9.0,
11.0,
0.0,
0.0,
0.0,
5.0,
10.0,
0.0,
0.0,
4.0,
125.0,
255.0,
153.0,
0.0,
12.0,
0.0,
0.0,
5.0,
5.0,
1.0,
0.0,
0.0,
0.0,
0.0,
1.0,
0.0,
0.0,
3.0,
0.0,
0.0,
0.0,
8.0,
4.0,
0.0,
0.0,
10.0,
4.0,
105.0,
255.0,
213.0,
23.0,
0.0,
20.0,
0.0,
0.0,
0.0,
13.0,
0.0,
0.0,
0.0,
0.0,
0.0,
10.0,
0.0,
0.0,
7.0,
0.0,
0.0,
0.0,
0.0,
0.0,
0.0,
0.0,
0.0,
23.0,
197.0,
248.0,
75.0,
0.0,
5.0,
0.0,
2.0,
17.0,
0.0,
0.0,
0.0,
0.0,
0.0,
0.0,
0.0,
0.0,
0.0,
2.0,
4.0,
1.0,
8.0,
12.0,
4.0,
0.0,
3.0,
14.0,
1.0,
134.0,
255.0,
144.0,
0.0,
7.0,
0.0,
0.0,
9.0,
0.0,
3.0,
0.0,
0.0,
0.0,
0.0,
0.0,
0.0,
0.0,
7.0,
8.0,
0.0,
0.0,
0.0,
0.0,
0.0,
9.0,
0.0,
3.0,
44.0,
221.0,
226.0,
44.0,
0.0,
0.0,
0.0,
11.0,
5.0,
0.0,
3.0,
5.0,
0.0,
0.0,
0.0,
0.0,
0.0,
0.0,
2.0,
0.0,
0.0,
7.0,
5.0,
0.0,
0.0,
3.0,
0.0,
14.0,
136.0,
255.0,
104.0,
0.0,
7.0,
0.0,
9.0,
0.0,
1.0,
11.0,
0.0,
3.0,
0.0,
0.0,
0.0,
0.0,
0.0,
0.0,
0.0,
0.0,
0.0,
0.0,
0.0,
0.0,
0.0,
1.0,
0.0,
0.0,
150.0,
232.0,
36.0,
3.0,
0.0,
0.0,
0.0,
0.0,
0.0,
0.0,
0.0,
0.0,
0.0,
0.0,
0.0,
0.0,
0.0,
0.0,
0.0,
0.0,
0.0,
0.0,
0.0,
0.0,
0.0,
0.0,
12.0,
0.0,
0.0,
37.0,
0.0,
2.0,
7.0,
0.0,
0.0,
0.0,
0.0,
0.0,
0.0,
0.0,
0.0,
0.0,
0.0,
0.0,
0.0,
0.0,
0.0,
0.0,
0.0,
0.0,
0.0,
0.0,
0.0,
0.0,
4.0,
10.0,
0.0,
0.0,
0.0,
0.0,
1.0,
0.0,
0.0,
0.0,
0.0,
0.0,
0.0,
0.0,
0.0,
0.0,
0.0,
0.0,
0.0,
0.0,
0.0,
0.0,
0.0,
0.0,
0.0,
0.0,
0.0,
6.0,
0.0,
1.0,
11.0,
0.0,
12.0,
0.0,
6.0,
0.0,
0.0,
0.0,
0.0,
0.0,
0.0,
0.0,
0.0,
0.0,
0.0,
0.0,
0.0,
