0.0,
4.0,
3.0,
0.0,
0.0,
0.0,
4.0,
3.0,
0.0,
4.0,
10.0,
0.0,
0.0,
1.0,
0.0,
3.0,
0.0,
5.0,
2.0,
0.0,
1.0,
0.0,
0.0,
1.0,
0.0,
0.0,
0.0,
0.0,
7.0,
0.0,
0.0,
2.0,
5.0,
0.0,
0.0,
0.0,
1.0,
0.0,
0.0,
0.0,
10.0,
4.0,
0.0,
0.0,
0.0,
0.0,
0.0,
0.0,
8.0,
7.0,
0.0,
0.0,
0.0,
0.0,
0.0,
0.0,
3.0,
0.0,
0.0,
2.0,
0.0,
5.0,
8.0,
3.0,
2.0,
0.0,
2.0,
0.0,
4.0,
0.0,
11.0,
0.0,
5.0,
2.0,
6.0,
6.0,
0.0,
0.0,
6.0,
4.0,
0.0,
0.0,
0.0,
0.0,
0.0,
3.0,
7.0,
1.0,
0.0,
7.0,
0.0,
0.0,
0.0,
8.0,
9.0,
3.0,
0.0,
0.0,
11.0,
2.0,
4.0,
0.0,
0.0,
0.0,
0.0,
0.0,
1.0,
0.0,
0.0,
0.0,
0.0,
0.0,
5.0,
0.0,
0.0,
7.0,
0.0,
3.0,
0.0,
16.0,
0.0,
0.0,
0.0,
9.0,
9.0,
7.0,
0.0,
0.0,
0.0,
0.0,
0.0,
2.0,
7.0,
10.0,
4.0,
0.0,
0.0,
0.0,
0.0,
0.0,
2.0,
0.0,
0.0,
15.0,
0.0,
0.0,
16.0,
154.0,
255.0,
158.0,
52.0,
0.0,
0.0,
1.0,
0.0,
17.0,
0.0,
7.0,
1.0,
0.0,
0.0,
0.0,
0.0,
6.0,
0.0,
0.0,
0.0,
0.0,
0.0,
2.0,
0.0,
8.0,
0.0,
0.0,
29.0,
217.0,
255.0,
214.0,
151.0,
5.0,
11.0,
10.0,
0.0,
0.0,
0.0,
6.0,
0.0,
0.0,
12.0,
6.0,
0.0,
3.0,
0.0,
0.0,
0.0,
0.0,
0.0,
15.0,
0.0,
0.0,
0.0,
10.0,
0.0,
124.0,
240.0,
255.0,
255.0,
8.0,
0.0,
0.0,
1.0,
3.0,
1.0,
7.0,
0.0,
15.0,
96.0,
94.0,
25.0,
0.0,
0.0,
0.0,
0.0,
0.0,
0.0,
0.0,
0.0,
12.0,
3.0,
0.0,
0.0,
120.0,
255.0,
230.0,
255.0,
16.0,
3.0,
0.0,
0.0,
1.0,
0.0,
0.0,
0.0,
42.0,
247.0,
244.0,
216.0,
0.0,
0.0,
0.0,
0.0,
0.0,
7.0,
0.0,
10.0,
0.0,
0.0,
9.0,
0.0,
130.0,
237.0,
255.0,
207.0,
6.0,
0.0,
6.0,
14.0,
2.0,
11.0,
2.0,
0.0,
40.0,
242.0,
255.0,
243.0,
93.0,
0.0,
0.0,
0.0,
0.0,
0.0,
2.0,
0.0,
3.0,
7.0,
9.0,
22.0,
204.0,
253.0,
226.0,
28.0,
0.0,
14.0,
2.0,
0.0,
3.0,
0.0,
3.0,
45.0,
137.0,
255.0,
248.0,
247.0,
211.0,
0.0,
0.0,
0.0,
0.0,
0.0,
4.0,
0.0,
19.0,
0.0,
12.0,
140.0,
255.0,
242.0,
223.0,
16.0,
10.0,
0.0,
0.0,
0.0,
0.0,
96.0,
151.0,
215.0,
255.0,
255.0,
243.0,
255.0,
248.0,
0.0,
0.0,
0.0,
0.0,
8.0,
0.0,
1.0,
3.0,
0.0,
77.0,
255.0,
248.0,
255.0,
156.0,
0.0,
2.0,
0.0,
21.0,
90.0,
136.0,
235.0,
245.0,
255.0,
246.0,
242.0,
255.0,
244.0,
109.0,
0.0,
0.0,
0.0,
0.0,
0.0,
0.0,
14.0,
0.0,
110.0,
199.0,
253.0,
253.0,
243.0,
74.0,
9.0,
7.0,
79.0,
188.0,
249.0,
238.0,
255.0,
254.0,
255.0,
250.0,
251.0,
242.0,
247.0,
111.0,
0.0,
0.0,
0.0,
0.0,
0.0,
1.0,
4.0,
0.0,
251.0,
255.0,
227.0,
255.0,
211.0,
58.0,
140.0,
189.0,
247.0,
254.0,
254.0,
255.0,
251.0,
158.0,
101.0,
130.0,
255.0,
254.0,
255.0,
105.0,
0.0,
0.0,
0.0,
0.0,
1.0,
0.0,
0.0,
2.0,
253.0,
254.0,
255.0,
246.0,
198.0,
130.0,
255.0,
241.0,
255.0,
255.0,
243.0,
232.0,
47.0,
26.0,
0.0,
33.0,
242.0,
249.0,
255.0,
98.0,
0.0,
0.0,
0.0,
0.0,
0.0,
4.0,
2.0,
0.0,
253.0,
255.0,
250.0,
242.0,
254.0,
251.0,
247.0,
250.0,
252.0,
217.0,
128.0,
42.0,
0.0,
0.0,
0.0,
149.0,
254.0,
244.0,
255.0,
97.0,
0.0,
0.0,
0.0,
0.0,
4.0,
0.0,
0.0,
0.0,
163.0,
214.0,
255.0,
255.0,
244.0,
255.0,
242.0,
180.0,
99.0,
36.0,
1.0,
0.0,
6.0,
0.0,
12.0,
186.0,
249.0,
245.0,
216.0,
40.0,
0.0,
0.0,
0.0,
0.0,
0.0,
0.0,
15.0,
6.0,
11.0,
47.0,
109.0,
136.0,
149.0,
95.0,
27.0,
0.0,
0.0,
0.0,
5.0,
2.0,
0.0,
0.0,
0.0,
172.0,
255.0,
243.0,
222.0,
0.0,
0.0,
0.0,
0.0,
0.0,
6.0,
0.0,
0.0,
5.0,
0.0,
0.0,
12.0,
0.0,
0.0,
0.0,
1.0,
10.0,
7.0,
0.0,
0.0,
3.0,
5.0,
0.0,
0.0,
180.0,
255.0,
255.0,
165.0,
0.0,
0.0,
0.0,
0.0,
0.0,
7.0,
0.0,
0.0,
0.0,
0.0,
8.0,
12.0,
0.0,
26.0,
5.0,
0.0,
0.0,
3.0,
1.0,
0.0,
0.0,
6.0,
0.0,
9.0,
184.0,
239.0,
253.0,
54.0,
6.0,
0.0,
0.0,
0.0,
0.0,
0.0,
1.0,
10.0,
0.0,
0.0,
0.0,
0.0,
5.0,
0.0,
0.0,
0.0,
1.0,
1.0,
0.0,
0.0,
8.0,
0.0,
5.0,
0.0,
94.0,
255.0,
251.0,
126.0,
4.0,
0.0,
0.0,
0.0,
0.0,
2.0,
0.0,
0.0,
1.0,
6.0,
11.0,
1.0,
0.0,
5.0,
4.0,
4.0,
7.0,
6.0,
1.0,
0.0,
0.0,
0.0,
19.0,
0.0,
15.0,
251.0,
255.0,
210.0,
8.0,
0.0,
0.0,
0.0,
0.0,
2.0,
1.0,
0.0,
15.0,
0.0,
0.0,
0.0,
2.0,
3.0,
2.0,
0.0,
0.0,
0.0,
1.0,
4.0,
3.0,
10.0,
0.0,
11.0,
14.0,
163.0,
244.0,
99.0,
0.0,
0.0,
0.0,
0.0,
0.0,
0.0,
0.0,
0.0,
0.0,
0.0,
0.0,
0.0,
0.0,
0.0,
0.0,
0.0,
0.0,
0.0,
0.0,
0.0,
0.0,
4.0,
0.0,
0.0,
8.0,
56.0,
83.0,
46.0,
0.0,
0.0,
0.0,
0.0,
0.0,
0.0,
0.0,
0.0,
0.0,
0.0,
0.0,
0.0,
0.0,
0.0,
0.0,
0.0,
0.0,
0.0,
0.0,
0.0,
0.0,
0.0,
4.0,
8.0,
2.0,
2.0,
10.0,
8.0,
0.0,
0.0,
0.0,
0.0,
0.0,
0.0,
0.0,
0.0,
0.0,
0.0,
0.0,
0.0,
0.0,
0.0,
0.0,
0.0,
0.0,
0.0,
0.0,
0.0,
0.0,
0.0,
1.0,
2.0,
0.0,
0.0,
0.0,
0.0,
3.0,
0.0,
0.0,
0.0,
0.0,
0.0,
0.0,
0.0,
0.0,
0.0,
0.0,
0.0,
0.0,
0.0,
0.0,
0.0,
0.0,
0.0,
0.0,
0.0,
0.0,
4.0,
0.0,
0.0,
0.0,
7.0,
7.0,
4.0,
2.0,
0.0,
0.0,
0.0,
0.0,
