0.0,
0.0,
0.0,
0.0,
0.0,
0.0,
0.0,
0.0,
6.0,
0.0,
0.0,
0.0,
5.0,
3.0,
0.0,
0.0,
2.0,
0.0,
8.0,
0.0,
9.0,
0.0,
7.0,
0.0,
0.0,
0.0,
0.0,
0.0,
0.0,
0.0,
0.0,
0.0,
0.0,
0.0,
0.0,
0.0,
0.0,
11.0,
15.0,
0.0,
0.0,
0.0,
0.0,
0.0,
0.0,
0.0,
1.0,
0.0,
0.0,
0.0,
6.0,
9.0,
0.0,
0.0,
0.0,
0.0,
0.0,
0.0,
0.0,
0.0,
0.0,
0.0,
0.0,
0.0,
2.0,
0.0,
0.0,
0.0,
5.0,
6.0,
3.0,
1.0,
7.0,
5.0,
0.0,
7.0,
2.0,
4.0,
0.0,
0.0,
0.0,
0.0,
0.0,
0.0,
0.0,
0.0,
0.0,
0.0,
0.0,
0.0,
0.0,
0.0,
0.0,
0.0,
0.0,
8.0,
3.0,
0.0,
0.0,
0.0,
0.0,
4.0,
0.0,
0.0,
0.0,
1.0,
6.0,
11.0,
0.0,
0.0,
0.0,
0.0,
0.0,
0.0,
0.0,
0.0,
0.0,
0.0,
0.0,
0.0,
0.0,
3.0,
5.0,
2.0,
2.0,
6.0,
7.0,
5.0,
1.0,
3.0,
0.0,
0.0,
10.0,
7.0,
0.0,
0.0,
0.0,
0.0,
0.0,
0.0,
0.0,
0.0,
0.0,
0.0,
0.0,
0.0,
0.0,
0.0,
9.0,
0.0,
0.0,
0.0,
0.0,
0.0,
0.0,
4.0,
0.0,
4.0,
0.0,
9.0,
4.0,
0.0,
0.0,
15.0,
0.0,
0.0,
0.0,
0.0,
0.0,
0.0,
0.0,
0.0,
0.0,
0.0,
0.0,
0.0,
0.0,
3.0,
7.0,
3.0,
2.0,
6.0,
4.0,
0.0,
7.0,
0.0,
5.0,
175.0,
235.0,
195.0,
35.0,
0.0,
0.0,
0.0,
0.0,
0.0,
0.0,
0.0,
0.0,
0.0,
0.0,
0.0,
0.0,
0.0,
0.0,
17.0,
0.0,
0.0,
92.0,
217.0,
164.0,
11.0,
0.0,
6.0,
30.0,
255.0,
255.0,
205.0,
14.0,
7.0,
0.0,
0.0,
0.0,
0.0,
0.0,
8.0,
0.0,
0.0,
1.0,
5.0,
0.0,
4.0,
4.0,
0.0,
98.0,
202.0,
227.0,
249.0,
255.0,
28.0,
7.0,
53.0,
225.0,
250.0,
253.0,
252.0,
57.0,
0.0,
0.0,
0.0,
0.0,
0.0,
2.0,
0.0,
7.0,
16.0,
17.0,
0.0,
14.0,
0.0,
0.0,
186.0,
252.0,
249.0,
255.0,
255.0,
244.0,
22.0,
0.0,
162.0,
246.0,
255.0,
247.0,
182.0,
0.0,
7.0,
0.0,
0.0,
0.0,
0.0,
0.0,
0.0,
0.0,
0.0,
0.0,
4.0,
9.0,
0.0,
85.0,
235.0,
247.0,
246.0,
249.0,
248.0,
55.0,
3.0,
38.0,
225.0,
248.0,
248.0,
255.0,
118.0,
5.0,
0.0,
0.0,
0.0,
0.0,
0.0,
8.0,
5.0,
12.0,
7.0,
9.0,
0.0,
0.0,
163.0,
254.0,
255.0,
255.0,
246.0,
195.0,
62.0,
0.0,
7.0,
116.0,
242.0,
255.0,
250.0,
148.0,
0.0,
12.0,
0.0,
0.0,
0.0,
0.0,
0.0,
0.0,
0.0,
0.0,
0.0,
4.0,
0.0,
86.0,
255.0,
241.0,
250.0,
233.0,
199.0,
46.0,
12.0,
20.0,
57.0,
246.0,
255.0,
240.0,
255.0,
45.0,
0.0,
1.0,
0.0,
0.0,
0.0,
0.0,
0.0,
6.0,
11.0,
2.0,
0.0,
11.0,
66.0,
244.0,
245.0,
255.0,
250.0,
191.0,
11.0,
7.0,
0.0,
1.0,
127.0,
240.0,
250.0,
247.0,
246.0,
70.0,
41.0,
0.0,
3.0,
0.0,
0.0,
0.0,
0.0,
1.0,
0.0,
0.0,
11.0,
0.0,
105.0,
255.0,
244.0,
230.0,
255.0,
100.0,
21.0,
51.0,
22.0,
88.0,
249.0,
255.0,
247.0,
255.0,
246.0,
230.0,
211.0,
64.0,
5.0,
0.0,
0.0,
0.0,
0.0,
1.0,
2.0,
2.0,
2.0,
0.0,
231.0,
255.0,
248.0,
255.0,
253.0,
255.0,
244.0,
248.0,
255.0,
255.0,
247.0,
244.0,
253.0,
255.0,
254.0,
241.0,
255.0,
74.0,
4.0,
0.0,
0.0,
0.0,
0.0,
0.0,
0.0,
5.0,
0.0,
18.0,
149.0,
255.0,
255.0,
255.0,
255.0,
255.0,
243.0,
250.0,
255.0,
248.0,
254.0,
248.0,
255.0,
255.0,
246.0,
251.0,
233.0,
37.0,
9.0,
0.0,
0.0,
0.0,
0.0,
9.0,
0.0,
6.0,
0.0,
0.0,
63.0,
182.0,
241.0,
248.0,
209.0,
247.0,
236.0,
224.0,
237.0,
252.0,
251.0,
255.0,
225.0,
92.0,
40.0,
21.0,
19.0,
0.0,
0.0,
0.0,
0.0,
0.0,
0.0,
1.0,
0.0,
5.0,
13.0,
0.0,
0.0,
29.0,
60.0,
54.0,
19.0,
58.0,
36.0,
42.0,
170.0,
254.0,
255.0,
223.0,
129.0,
0.0,
0.0,
5.0,
0.0,
15.0,
0.0,
0.0,
0.0,
0.0,
0.0,
0.0,
0.0,
0.0,
0.0,
3.0,
3.0,
0.0,
0.0,
0.0,
4.0,
11.0,
0.0,
44.0,
208.0,
252.0,
247.0,
255.0,
81.0,
0.0,
0.0,
7.0,
1.0,
0.0,
0.0,
0.0,
0.0,
0.0,
0.0,
0.0,
8.0,
1.0,
0.0,
0.0,
5.0,
5.0,
8.0,
0.0,
3.0,
0.0,
7.0,
158.0,
254.0,
255.0,
255.0,
114.0,
0.0,
5.0,
0.0,
6.0,
6.0,
0.0,
8.0,
0.0,
0.0,
0.0,
0.0,
0.0,
1.0,
1.0,
3.0,
3.0,
0.0,
0.0,
0.0,
13.0,
18.0,
0.0,
0.0,
204.0,
236.0,
247.0,
215.0,
34.0,
0.0,
12.0,
0.0,
0.0,
0.0,
7.0,
0.0,
0.0,
0.0,
0.0,
0.0,
10.0,
0.0,
0.0,
0.0,
4.0,
2.0,
5.0,
14.0,
0.0,
0.0,
4.0,
60.0,
232.0,
248.0,
255.0,
165.0,
0.0,
2.0,
4.0,
0.0,
8.0,
4.0,
8.0,
0.0,
0.0,
0.0,
0.0,
0.0,
0.0,
0.0,
6.0,
8.0,
0.0,
0.0,
0.0,
0.0,
12.0,
0.0,
6.0,
166.0,
244.0,
250.0,
255.0,
159.0,
3.0,
0.0,
0.0,
0.0,
3.0,
0.0,
0.0,
13.0,
0.0,
0.0,
0.0,
0.0,
0.0,
0.0,
0.0,
0.0,
0.0,
0.0,
0.0,
0.0,
0.0,
9.0,
0.0,
99.0,
255.0,
252.0,
255.0,
73.0,
0.0,
0.0,
0.0,
0.0,
0.0,
0.0,
0.0,
0.0,
0.0,
0.0,
0.0,
0.0,
0.0,
0.0,
0.0,
0.0,
0.0,
0.0,
0.0,
0.0,
6.0,
0.0,
0.0,
36.0,
212.0,
221.0,
122.0,
11.0,
0.0,
0.0,
0.0,
0.0,
0.0,
0.0,
0.0,
0.0,
0.0,
0.0,
0.0,
0.0,
0.0,
0.0,
0.0,
0.0,
0.0,
0.0,
0.0,
0.0,
0.0,
0.0,
28.0,
0.0,
0.0,
15.0,
0.0,
1.0,
0.0,
0.0,
0.0,
0.0,
0.0,
0.0,
0.0,
0.0,
0.0,
0.0,
0.0,
0.0,
0.0,
0.0,
0.0,
0.0,
0.0,
0.0,
0.0,
0.0,
19.0,
0.0,
0.0,
0.0,
0.0,
6.0,
9.0,
0.0,
0.0,
0.0,
0.0,
0.0,
0.0,
0.0,
0.0,
0.0,
0.0,
0.0,
0.0,
0.0,
