0.0,
0.0,
0.0,
0.0,
0.0,
0.0,
0.0,
0.0,
0.0,
3.0,
3.0,
0.0,
2.0,
10.0,
0.0,
0.0,
0.0,
1.0,
0.0,
1.0,
0.0,
4.0,
0.0,
0.0,
0.0,
0.0,
0.0,
0.0,
0.0,
0.0,
0.0,
0.0,
0.0,
0.0,
0.0,
0.0,
5.0,
2.0,
0.0,
0.0,
3.0,
0.0,
0.0,
7.0,
5.0,
0.0,
6.0,
5.0,
0.0,
0.0,
13.0,
0.0,
0.0,
0.0,
0.0,
0.0,
0.0,
0.0,
0.0,
0.0,
0.0,
0.0,
0.0,
0.0,
0.0,
11.0,
2.0,
9.0,
7.0,
0.0,
6.0,
0.0,
0.0,
0.0,
1.0,
10.0,
7.0,
0.0,
0.0,
0.0,
0.0,
0.0,
0.0,
0.0,
0.0,
0.0,
0.0,
0.0,
0.0,
0.0,
0.0,
0.0,
0.0,
2.0,
2.0,
0.0,
0.0,
0.0,
5.0,
0.0,
15.0,
13.0,
0.0,
0.0,
2.0,
10.0,
0.0,
17.0,
0.0,
0.0,
0.0,
0.0,
0.0,
0.0,
0.0,
0.0,
0.0,
0.0,
0.0,
0.0,
6.0,
0.0,
6.0,
11.0,
4.0,
8.0,
0.0,
1.0,
2.0,
0.0,
5.0,
17.0,
0.0,
2.0,
0.0,
5.0,
0.0,
0.0,
0.0,
0.0,
0.0,
0.0,
0.0,
0.0,
0.0,
0.0,
0.0,
0.0,
2.0,
0.0,
5.0,
0.0,
0.0,
2.0,
7.0,
0.0,
1.0,
0.0,
126.0,
107.0,
7.0,
20.0,
11.0,
0.0,
0.0,
0.0,
0.0,
0.0,
0.0,
0.0,
0.0,
0.0,
0.0,
0.0,
0.0,
0.0,
6.0,
4.0,
0.0,
33.0,
8.0,
0.0,
15.0,
3.0,
0.0,
9.0,
193.0,
63.0,
0.0,
0.0,
0.0,
0.0,
0.0,
0.0,
0.0,
0.0,
0.0,
0.0,
0.0,
0.0,
0.0,
0.0,
0.0,
0.0,
0.0,
0.0,
47.0,
225.0,
190.0,
9.0,
3.0,
0.0,
1.0,
60.0,
249.0,
26.0,
15.0,
1.0,
0.0,
8.0,
0.0,
0.0,
0.0,
0.0,
0.0,
4.0,
0.0,
0.0,
5.0,
0.0,
0.0,
0.0,
1.0,
0.0,
22.0,
116.0,
205.0,
0.0,
0.0,
0.0,
0.0,
170.0,
222.0,
14.0,
0.0,
7.0,
1.0,
0.0,
0.0,
0.0,
0.0,
0.0,
0.0,
0.0,
0.0,
0.0,
0.0,
0.0,
5.0,
13.0,
2.0,
0.0,
3.0,
72.0,
201.0,
6.0,
1.0,
0.0,
12.0,
228.0,
166.0,
16.0,
1.0,
3.0,
0.0,
0.0,
0.0,
0.0,
0.0,
0.0,
5.0,
0.0,
0.0,
6.0,
5.0,
0.0,
0.0,
0.0,
4.0,
13.0,
0.0,
58.0,
199.0,
1.0,
12.0,
1.0,
0.0,
242.0,
56.0,
0.0,
1.0,
0.0,
1.0,
6.0,
0.0,
0.0,
0.0,
0.0,
1.0,
0.0,
12.0,
4.0,
0.0,
0.0,
9.0,
21.0,
0.0,
13.0,
0.0,
152.0,
220.0,
0.0,
0.0,
0.0,
55.0,
255.0,
16.0,
0.0,
8.0,
0.0,
3.0,
0.0,
0.0,
0.0,
0.0,
0.0,
1.0,
0.0,
3.0,
0.0,
0.0,
7.0,
0.0,
0.0,
12.0,
0.0,
40.0,
253.0,
151.0,
0.0,
4.0,
7.0,
132.0,
250.0,
15.0,
6.0,
9.0,
0.0,
6.0,
0.0,
0.0,
0.0,
0.0,
0.0,
5.0,
0.0,
0.0,
0.0,
8.0,
13.0,
0.0,
12.0,
0.0,
0.0,
140.0,
254.0,
15.0,
0.0,
4.0,
0.0,
172.0,
194.0,
2.0,
0.0,
2.0,
0.0,
12.0,
0.0,
0.0,
0.0,
0.0,
0.0,
0.0,
0.0,
17.0,
0.0,
0.0,
0.0,
47.0,
194.0,
225.0,
227.0,
251.0,
204.0,
7.0,
6.0,
0.0,
0.0,
234.0,
192.0,
7.0,
0.0,
6.0,
0.0,
3.0,
0.0,
0.0,
0.0,
0.0,
0.0,
7.0,
0.0,
0.0,
0.0,
12.0,
0.0,
38.0,
202.0,
228.0,
255.0,
195.0,
218.0,
231.0,
111.0,
20.0,
22.0,
255.0,
191.0,
0.0,
0.0,
7.0,
2.0,
0.0,
0.0,
0.0,
0.0,
0.0,
0.0,
0.0,
0.0,
0.0,
0.0,
0.0,
0.0,
0.0,
0.0,
22.0,
55.0,
7.0,
7.0,
78.0,
191.0,
237.0,
223.0,
244.0,
231.0,
114.0,
48.0,
0.0,
0.0,
0.0,
2.0,
0.0,
0.0,
0.0,
0.0,
0.0,
0.0,
0.0,
0.0,
0.0,
0.0,
0.0,
0.0,
5.0,
0.0,
0.0,
2.0,
0.0,
9.0,
35.0,
128.0,
255.0,
170.0,
62.0,
24.0,
3.0,
5.0,
5.0,
0.0,
0.0,
0.0,
0.0,
0.0,
0.0,
0.0,
0.0,
0.0,
0.0,
0.0,
0.0,
0.0,
2.0,
0.0,
7.0,
8.0,
0.0,
0.0,
0.0,
107.0,
240.0,
54.0,
0.0,
0.0,
0.0,
3.0,
6.0,
2.0,
0.0,
0.0,
0.0,
0.0,
0.0,
0.0,
0.0,
0.0,
0.0,
0.0,
0.0,
0.0,
1.0,
3.0,
7.0,
0.0,
0.0,
15.0,
3.0,
88.0,
253.0,
14.0,
0.0,
0.0,
0.0,
0.0,
0.0,
0.0,
0.0,
0.0,
0.0,
0.0,
0.0,
0.0,
0.0,
0.0,
0.0,
0.0,
0.0,
0.0,
0.0,
2.0,
0.0,
0.0,
3.0,
0.0,
0.0,
88.0,
255.0,
9.0,
15.0,
9.0,
2.0,
0.0,
2.0,
0.0,
0.0,
0.0,
0.0,
0.0,
0.0,
0.0,
0.0,
0.0,
0.0,
0.0,
0.0,
0.0,
0.0,
9.0,
0.0,
8.0,
12.0,
0.0,
1.0,
105.0,
251.0,
0.0,
0.0,
0.0,
0.0,
7.0,
7.0,
3.0,
0.0,
0.0,
0.0,
0.0,
0.0,
0.0,
0.0,
0.0,
0.0,
0.0,
0.0,
0.0,
2.0,
5.0,
1.0,
0.0,
0.0,
0.0,
0.0,
128.0,
254.0,
24.0,
4.0,
0.0,
0.0,
6.0,
0.0,
0.0,
0.0,
0.0,
0.0,
0.0,
0.0,
0.0,
0.0,
0.0,
0.0,
0.0,
0.0,
0.0,
5.0,
0.0,
11.0,
1.0,
0.0,
8.0,
25.0,
232.0,
217.0,
14.0,
0.0,
1.0,
4.0,
4.0,
0.0,
9.0,
0.0,
0.0,
0.0,
0.0,
0.0,
0.0,
0.0,
0.0,
0.0,
0.0,
0.0,
0.0,
4.0,
0.0,
8.0,
0.0,
8.0,
0.0,
20.0,
232.0,
133.0,
15.0,
0.0,
6.0,
1.0,
0.0,
7.0,
0.0,
0.0,
0.0,
0.0,
0.0,
0.0,
0.0,
0.0,
0.0,
0.0,
0.0,
0.0,
0.0,
0.0,
0.0,
19.0,
0.0,
0.0,
11.0,
0.0,
13.0,
18.0,
0.0,
6.0,
12.0,
0.0,
0.0,
9.0,
0.0,
0.0,
0.0,
0.0,
0.0,
0.0,
0.0,
0.0,
0.0,
0.0,
0.0,
0.0,
0.0,
10.0,
0.0,
2.0,
0.0,
0.0,
13.0,
8.0,
0.0,
0.0,
0.0,
7.0,
0.0,
0.0,
1.0,
10.0,
0.0,
0.0,
0.0,
0.0,
0.0,
0.0,
0.0,
0.0,
0.0,
0.0,
0.0,
0.0,
0.0,
6.0,
0.0,
0.0,
13.0,
0.0,
0.0,
7.0,
7.0,
14.0,
4.0,
0.0,
0.0,
3.0,
5.0,
1.0,
0.0,
0.0,
0.0,
0.0,
0.0,
