2.0,
2.0,
0.0,
0.0,
0.0,
0.0,
0.0,
0.0,
0.0,
0.0,
7.0,
2.0,
0.0,
0.0,
1.0,
3.0,
0.0,
0.0,
7.0,
2.0,
8.0,
3.0,
0.0,
7.0,
0.0,
0.0,
0.0,
0.0,
2.0,
1.0,
0.0,
0.0,
0.0,
0.0,
0.0,
0.0,
8.0,
1.0,
0.0,
0.0,
19.0,
0.0,
2.0,
0.0,
4.0,
0.0,
0.0,
0.0,
0.0,
5.0,
0.0,
4.0,
0.0,
0.0,
0.0,
0.0,
2.0,
1.0,
0.0,
0.0,
0.0,
0.0,
0.0,
0.0,
0.0,
6.0,
0.0,
0.0,
5.0,
0.0,
14.0,
0.0,
0.0,
6.0,
10.0,
9.0,
0.0,
0.0,
0.0,
0.0,
0.0,
0.0,
0.0,
0.0,
1.0,
1.0,
0.0,
0.0,
0.0,
0.0,
0.0,
1.0,
6.0,
9.0,
6.0,
9.0,
0.0,
3.0,
3.0,
0.0,
1.0,
7.0,
0.0,
0.0,
0.0,
0.0,
3.0,
4.0,
0.0,
0.0,
0.0,
0.0,
1.0,
0.0,
0.0,
0.0,
0.0,
0.0,
1.0,
1.0,
8.0,
0.0,
0.0,
8.0,
2.0,
0.0,
0.0,
0.0,
196.0,
140.0,
11.0,
4.0,
9.0,
3.0,
0.0,
0.0,
0.0,
0.0,
0.0,
0.0,
0.0,
0.0,
0.0,
0.0,
0.0,
0.0,
1.0,
2.0,
0.0,
10.0,
47.0,
0.0,
0.0,
0.0,
13.0,
0.0,
242.0,
189.0,
7.0,
0.0,
0.0,
0.0,
1.0,
5.0,
0.0,
0.0,
0.0,
0.0,
0.0,
0.0,
0.0,
0.0,
0.0,
0.0,
1.0,
2.0,
79.0,
167.0,
90.0,
2.0,
0.0,
0.0,
6.0,
0.0,
247.0,
244.0,
48.0,
3.0,
5.0,
0.0,
0.0,
6.0,
0.0,
0.0,
0.0,
0.0,
0.0,
0.0,
0.0,
0.0,
0.0,
0.0,
2.0,
2.0,
152.0,
229.0,
8.0,
0.0,
5.0,
7.0,
0.0,
14.0,
239.0,
255.0,
50.0,
0.0,
5.0,
4.0,
0.0,
0.0,
0.0,
0.0,
0.0,
0.0,
0.0,
0.0,
1.0,
3.0,
4.0,
0.0,
7.0,
172.0,
255.0,
229.0,
11.0,
1.0,
11.0,
0.0,
8.0,
89.0,
255.0,
251.0,
50.0,
12.0,
1.0,
0.0,
1.0,
5.0,
0.0,
0.0,
0.0,
0.0,
4.0,
3.0,
4.0,
0.0,
0.0,
0.0,
0.0,
159.0,
252.0,
231.0,
0.0,
0.0,
0.0,
0.0,
0.0,
74.0,
248.0,
245.0,
53.0,
4.0,
0.0,
0.0,
3.0,
1.0,
0.0,
0.0,
0.0,
0.0,
2.0,
0.0,
6.0,
0.0,
5.0,
8.0,
0.0,
177.0,
255.0,
248.0,
19.0,
0.0,
11.0,
5.0,
0.0,
0.0,
244.0,
247.0,
72.0,
0.0,
0.0,
2.0,
4.0,
0.0,
0.0,
0.0,
0.0,
0.0,
1.0,
0.0,
7.0,
0.0,
8.0,
10.0,
6.0,
205.0,
237.0,
240.0,
10.0,
0.0,
0.0,
0.0,
6.0,
59.0,
248.0,
255.0,
109.0,
4.0,
0.0,
3.0,
3.0,
0.0,
0.0,
0.0,
0.0,
0.0,
4.0,
0.0,
6.0,
0.0,
3.0,
0.0,
2.0,
201.0,
255.0,
242.0,
0.0,
20.0,
0.0,
13.0,
0.0,
100.0,
250.0,
255.0,
143.0,
7.0,
0.0,
1.0,
2.0,
0.0,
0.0,
0.0,
0.0,
0.0,
1.0,
0.0,
1.0,
4.0,
4.0,
0.0,
6.0,
162.0,
255.0,
236.0,
58.0,
0.0,
1.0,
2.0,
9.0,
94.0,
247.0,
255.0,
160.0,
4.0,
0.0,
0.0,
1.0,
2.0,
0.0,
0.0,
0.0,
0.0,
0.0,
3.0,
0.0,
4.0,
6.0,
4.0,
7.0,
86.0,
228.0,
255.0,
222.0,
63.0,
30.0,
0.0,
6.0,
102.0,
250.0,
255.0,
165.0,
0.0,
1.0,
0.0,
0.0,
2.0,
0.0,
0.0,
0.0,
0.0,
0.0,
11.0,
0.0,
0.0,
0.0,
2.0,
0.0,
7.0,
137.0,
240.0,
255.0,
255.0,
214.0,
173.0,
97.0,
206.0,
255.0,
254.0,
167.0,
0.0,
4.0,
2.0,
0.0,
0.0,
0.0,
0.0,
0.0,
0.0,
0.0,
0.0,
0.0,
0.0,
0.0,
0.0,
0.0,
0.0,
16.0,
99.0,
255.0,
252.0,
255.0,
248.0,
251.0,
252.0,
250.0,
254.0,
165.0,
0.0,
0.0,
3.0,
0.0,
3.0,
0.0,
0.0,
0.0,
0.0,
0.0,
0.0,
0.0,
0.0,
0.0,
0.0,
0.0,
0.0,
5.0,
0.0,
72.0,
114.0,
204.0,
242.0,
238.0,
239.0,
255.0,
255.0,
197.0,
15.0,
5.0,
4.0,
0.0,
0.0,
0.0,
0.0,
0.0,
0.0,
0.0,
0.0,
0.0,
0.0,
0.0,
0.0,
0.0,
0.0,
4.0,
0.0,
15.0,
8.0,
0.0,
0.0,
4.0,
91.0,
251.0,
242.0,
213.0,
8.0,
0.0,
0.0,
0.0,
3.0,
0.0,
0.0,
0.0,
0.0,
0.0,
0.0,
0.0,
0.0,
0.0,
0.0,
0.0,
0.0,
14.0,
0.0,
0.0,
0.0,
3.0,
1.0,
12.0,
108.0,
255.0,
250.0,
241.0,
16.0,
0.0,
0.0,
1.0,
0.0,
0.0,
0.0,
0.0,
0.0,
0.0,
0.0,
0.0,
0.0,
0.0,
0.0,
0.0,
0.0,
0.0,
4.0,
2.0,
18.0,
1.0,
0.0,
5.0,
93.0,
247.0,
246.0,
248.0,
24.0,
0.0,
6.0,
4.0,
0.0,
0.0,
0.0,
0.0,
0.0,
0.0,
0.0,
0.0,
0.0,
0.0,
0.0,
0.0,
0.0,
2.0,
5.0,
0.0,
0.0,
0.0,
1.0,
0.0,
10.0,
241.0,
255.0,
250.0,
27.0,
0.0,
3.0,
4.0,
0.0,
0.0,
0.0,
0.0,
0.0,
0.0,
0.0,
0.0,
0.0,
0.0,
0.0,
0.0,
0.0,
0.0,
4.0,
0.0,
3.0,
2.0,
8.0,
4.0,
2.0,
198.0,
255.0,
239.0,
34.0,
0.0,
0.0,
0.0,
0.0,
0.0,
0.0,
0.0,
0.0,
0.0,
0.0,
0.0,
0.0,
0.0,
0.0,
0.0,
0.0,
0.0,
2.0,
3.0,
6.0,
0.0,
0.0,
5.0,
0.0,
39.0,
156.0,
167.0,
13.0,
0.0,
4.0,
2.0,
0.0,
0.0,
0.0,
0.0,
0.0,
0.0,
0.0,
0.0,
0.0,
0.0,
0.0,
0.0,
0.0,
0.0,
0.0,
0.0,
0.0,
0.0,
0.0,
0.0,
0.0,
0.0,
0.0,
0.0,
0.0,
0.0,
0.0,
0.0,
0.0,
0.0,
0.0,
0.0,
0.0,
0.0,
0.0,
0.0,
0.0,
0.0,
0.0,
0.0,
0.0,
0.0,
0.0,
0.0,
0.0,
0.0,
0.0,
0.0,
0.0,
0.0,
0.0,
0.0,
0.0,
0.0,
0.0,
0.0,
0.0,
0.0,
0.0,
0.0,
0.0,
0.0,
0.0,
0.0,
0.0,
0.0,
0.0,
0.0,
0.0,
0.0,
0.0,
0.0,
0.0,
0.0,
0.0,
0.0,
0.0,
0.0,
0.0,
0.0,
0.0,
0.0,
0.0,
0.0,
0.0,
0.0,
0.0,
0.0,
0.0,
0.0,
0.0,
0.0,
0.0,
0.0,
0.0,
0.0,
0.0,
0.0,
0.0,
0.0,
0.0,
0.0,
0.0,
0.0,
0.0,
0.0,
0.0,
0.0,
0.0,
0.0,
0.0,
0.0,
0.0,
0.0,
0.0,
0.0,
0.0,
