0.0,
0.0,
0.0,
0.0,
0.0,
0.0,
0.0,
0.0,
0.0,
0.0,
0.0,
1.0,
1.0,
0.0,
0.0,
0.0,
0.0,
3.0,
1.0,
0.0,
0.0,
7.0,
0.0,
10.0,
0.0,
0.0,
0.0,
0.0,
0.0,
0.0,
0.0,
0.0,
0.0,
0.0,
0.0,
0.0,
0.0,
0.0,
0.0,
0.0,
0.0,
0.0,
0.0,
0.0,
5.0,
0.0,
0.0,
18.0,
0.0,
0.0,
9.0,
0.0,
0.0,
0.0,
0.0,
0.0,
0.0,
0.0,
0.0,
0.0,
0.0,
0.0,
0.0,
0.0,
0.0,
0.0,
0.0,
0.0,
0.0,
0.0,
0.0,
0.0,
3.0,
0.0,
1.0,
0.0,
0.0,
0.0,
11.0,
0.0,
0.0,
0.0,
0.0,
0.0,
0.0,
0.0,
0.0,
0.0,
0.0,
0.0,
0.0,
0.0,
0.0,
0.0,
0.0,
0.0,
0.0,
0.0,
0.0,
0.0,
0.0,
2.0,
17.0,
0.0,
13.0,
13.0,
0.0,
6.0,
0.0,
0.0,
0.0,
0.0,
0.0,
0.0,
0.0,
0.0,
0.0,
0.0,
0.0,
0.0,
0.0,
0.0,
0.0,
0.0,
0.0,
0.0,
0.0,
0.0,
2.0,
4.0,
0.0,
22.0,
0.0,
0.0,
0.0,
22.0,
0.0,
0.0,
0.0,
0.0,
0.0,
0.0,
0.0,
0.0,
0.0,
0.0,
0.0,
0.0,
0.0,
0.0,
1.0,
1.0,
1.0,
1.0,
0.0,
0.0,
0.0,
9.0,
46.0,
216.0,
29.0,
16.0,
3.0,
0.0,
0.0,
0.0,
0.0,
0.0,
0.0,
0.0,
0.0,
0.0,
0.0,
0.0,
0.0,
0.0,
0.0,
0.0,
3.0,
4.0,
4.0,
3.0,
0.0,
0.0,
6.0,
9.0,
117.0,
217.0,
0.0,
0.0,
6.0,
0.0,
0.0,
0.0,
0.0,
0.0,
0.0,
0.0,
0.0,
0.0,
0.0,
0.0,
0.0,
0.0,
0.0,
0.0,
4.0,
6.0,
6.0,
4.0,
0.0,
0.0,
0.0,
15.0,
245.0,
202.0,
0.0,
15.0,
0.0,
0.0,
0.0,
0.0,
0.0,
0.0,
3.0,
0.0,
0.0,
0.0,
0.0,
8.0,
8.0,
0.0,
8.0,
0.0,
167.0,
210.0,
0.0,
9.0,
0.0,
1.0,
0.0,
71.0,
255.0,
147.0,
10.0,
0.0,
8.0,
0.0,
0.0,
0.0,
0.0,
0.0,
3.0,
1.0,
3.0,
0.0,
0.0,
0.0,
2.0,
0.0,
0.0,
26.0,
241.0,
193.0,
0.0,
1.0,
0.0,
1.0,
12.0,
146.0,
250.0,
48.0,
0.0,
10.0,
0.0,
6.0,
0.0,
0.0,
0.0,
0.0,
0.0,
0.0,
0.0,
1.0,
0.0,
0.0,
1.0,
4.0,
0.0,
163.0,
254.0,
78.0,
2.0,
3.0,
0.0,
6.0,
33.0,
232.0,
234.0,
12.0,
0.0,
1.0,
0.0,
0.0,
0.0,
0.0,
0.0,
0.0,
1.0,
0.0,
0.0,
0.0,
8.0,
2.0,
0.0,
0.0,
83.0,
255.0,
150.0,
0.0,
2.0,
0.0,
5.0,
0.0,
91.0,
255.0,
106.0,
0.0,
8.0,
0.0,
18.0,
5.0,
0.0,
0.0,
0.0,
0.0,
2.0,
3.0,
0.0,
0.0,
4.0,
0.0,
0.0,
12.0,
213.0,
223.0,
39.0,
9.0,
0.0,
0.0,
0.0,
0.0,
179.0,
247.0,
26.0,
0.0,
25.0,
0.0,
0.0,
0.0,
0.0,
0.0,
0.0,
0.0,
0.0,
6.0,
4.0,
1.0,
1.0,
0.0,
12.0,
62.0,
248.0,
171.0,
18.0,
16.0,
0.0,
27.0,
0.0,
53.0,
255.0,
145.0,
15.0,
32.0,
0.0,
10.0,
6.0,
9.0,
0.0,
0.0,
0.0,
0.0,
0.0,
6.0,
1.0,
1.0,
7.0,
0.0,
16.0,
73.0,
252.0,
255.0,
243.0,
255.0,
255.0,
252.0,
186.0,
222.0,
255.0,
217.0,
252.0,
198.0,
12.0,
0.0,
0.0,
1.0,
0.0,
0.0,
0.0,
0.0,
5.0,
6.0,
0.0,
0.0,
10.0,
0.0,
0.0,
31.0,
161.0,
124.0,
134.0,
137.0,
129.0,
125.0,
210.0,
255.0,
246.0,
255.0,
194.0,
53.0,
0.0,
12.0,
0.0,
1.0,
0.0,
0.0,
0.0,
0.0,
0.0,
0.0,
0.0,
0.0,
0.0,
0.0,
0.0,
0.0,
2.0,
0.0,
3.0,
0.0,
0.0,
0.0,
5.0,
238.0,
213.0,
20.0,
0.0,
8.0,
0.0,
0.0,
5.0,
0.0,
0.0,
0.0,
0.0,
0.0,
0.0,
0.0,
0.0,
0.0,
0.0,
0.0,
0.0,
0.0,
0.0,
0.0,
0.0,
0.0,
4.0,
2.0,
51.0,
245.0,
158.0,
8.0,
0.0,
6.0,
0.0,
0.0,
2.0,
1.0,
0.0,
0.0,
0.0,
0.0,
0.0,
0.0,
0.0,
0.0,
0.0,
0.0,
0.0,
0.0,
9.0,
0.0,
7.0,
4.0,
0.0,
6.0,
122.0,
255.0,
82.0,
0.0,
1.0,
1.0,
0.0,
0.0,
0.0,
3.0,
0.0,
0.0,
0.0,
0.0,
0.0,
0.0,
0.0,
0.0,
0.0,
0.0,
0.0,
0.0,
0.0,
0.0,
6.0,
0.0,
0.0,
4.0,
183.0,
245.0,
24.0,
0.0,
2.0,
0.0,
0.0,
3.0,
0.0,
3.0,
0.0,
0.0,
0.0,
0.0,
0.0,
0.0,
0.0,
0.0,
0.0,
0.0,
0.0,
0.0,
0.0,
0.0,
4.0,
0.0,
0.0,
50.0,
245.0,
205.0,
0.0,
1.0,
1.0,
0.0,
0.0,
7.0,
0.0,
1.0,
0.0,
0.0,
0.0,
0.0,
0.0,
0.0,
0.0,
0.0,
0.0,
0.0,
0.0,
0.0,
5.0,
0.0,
4.0,
7.0,
14.0,
110.0,
255.0,
120.0,
0.0,
7.0,
0.0,
0.0,
0.0,
7.0,
0.0,
1.0,
0.0,
0.0,
0.0,
0.0,
0.0,
0.0,
0.0,
0.0,
0.0,
0.0,
0.0,
0.0,
0.0,
0.0,
0.0,
0.0,
1.0,
128.0,
250.0,
29.0,
0.0,
7.0,
0.0,
6.0,
0.0,
3.0,
0.0,
5.0,
0.0,
0.0,
0.0,
0.0,
0.0,
0.0,
0.0,
0.0,
0.0,
0.0,
0.0,
0.0,
0.0,
4.0,
10.0,
0.0,
0.0,
141.0,
254.0,
10.0,
0.0,
4.0,
0.0,
11.0,
0.0,
0.0,
0.0,
8.0,
0.0,
0.0,
0.0,
0.0,
0.0,
0.0,
0.0,
0.0,
0.0,
0.0,
0.0,
0.0,
2.0,
0.0,
0.0,
18.0,
0.0,
128.0,
253.0,
15.0,
0.0,
0.0,
0.0,
0.0,
0.0,
0.0,
0.0,
0.0,
0.0,
0.0,
0.0,
0.0,
0.0,
0.0,
0.0,
0.0,
0.0,
0.0,
0.0,
0.0,
0.0,
18.0,
0.0,
0.0,
0.0,
0.0,
23.0,
0.0,
0.0,
0.0,
0.0,
0.0,
0.0,
0.0,
0.0,
0.0,
0.0,
0.0,
0.0,
0.0,
0.0,
0.0,
0.0,
0.0,
0.0,
0.0,
0.0,
0.0,
0.0,
0.0,
3.0,
0.0,
8.0,
0.0,
0.0,
3.0,
0.0,
0.0,
0.0,
0.0,
0.0,
0.0,
0.0,
0.0,
0.0,
0.0,
0.0,
0.0,
0.0,
0.0,
0.0,
0.0,
0.0,
0.0,
0.0,
0.0,
12.0,
0.0,
8.0,
1.0,
0.0,
19.0,
14.0,
0.0,
0.0,
0.0,
0.0,
0.0,
0.0,
0.0,
0.0,
0.0,
0.0,
0.0,
0.0,
0.0,
