0.0,
0.0,
0.0,
0.0,
0.0,
0.0,
0.0,
0.0,
0.0,
0.0,
6.0,
0.0,
7.0,
0.0,
3.0,
1.0,
0.0,
0.0,
9.0,
0.0,
0.0,
6.0,
0.0,
3.0,
0.0,
0.0,
0.0,
0.0,
0.0,
0.0,
0.0,
0.0,
0.0,
0.0,
0.0,
0.0,
3.0,
21.0,
0.0,
0.0,
3.0,
0.0,
2.0,
0.0,
3.0,
0.0,
0.0,
4.0,
0.0,
0.0,
0.0,
8.0,
0.0,
0.0,
0.0,
0.0,
0.0,
0.0,
0.0,
0.0,
0.0,
0.0,
0.0,
0.0,
0.0,
8.0,
2.0,
7.0,
6.0,
9.0,
16.0,
0.0,
7.0,
4.0,
0.0,
9.0,
1.0,
6.0,
0.0,
4.0,
0.0,
0.0,
0.0,
0.0,
0.0,
0.0,
0.0,
0.0,
0.0,
0.0,
0.0,
0.0,
6.0,
0.0,
7.0,
0.0,
0.0,
0.0,
0.0,
20.0,
0.0,
8.0,
0.0,
6.0,
0.0,
2.0,
0.0,
0.0,
0.0,
0.0,
0.0,
0.0,
0.0,
0.0,
0.0,
0.0,
0.0,
0.0,
0.0,
0.0,
0.0,
5.0,
2.0,
0.0,
23.0,
3.0,
6.0,
0.0,
0.0,
8.0,
3.0,
9.0,
0.0,
0.0,
1.0,
5.0,
0.0,
0.0,
0.0,
0.0,
0.0,
0.0,
0.0,
0.0,
0.0,
0.0,
0.0,
0.0,
11.0,
0.0,
0.0,
20.0,
0.0,
0.0,
151.0,
156.0,
4.0,
0.0,
0.0,
0.0,
5.0,
11.0,
0.0,
5.0,
0.0,
0.0,
0.0,
0.0,
0.0,
0.0,
0.0,
0.0,
0.0,
0.0,
0.0,
0.0,
0.0,
3.0,
4.0,
0.0,
17.0,
217.0,
245.0,
60.0,
0.0,
13.0,
71.0,
10.0,
0.0,
1.0,
0.0,
0.0,
0.0,
0.0,
0.0,
0.0,
0.0,
0.0,
0.0,
0.0,
0.0,
0.0,
0.0,
0.0,
3.0,
0.0,
2.0,
12.0,
106.0,
252.0,
63.0,
0.0,
2.0,
113.0,
239.0,
93.0,
5.0,
0.0,
0.0,
13.0,
0.0,
0.0,
0.0,
0.0,
0.0,
0.0,
0.0,
0.0,
0.0,
0.0,
0.0,
0.0,
0.0,
1.0,
0.0,
49.0,
247.0,
133.0,
0.0,
0.0,
4.0,
196.0,
255.0,
81.0,
7.0,
0.0,
0.0,
0.0,
0.0,
0.0,
0.0,
0.0,
0.0,
0.0,
0.0,
0.0,
0.0,
0.0,
0.0,
0.0,
1.0,
6.0,
0.0,
148.0,
242.0,
12.0,
0.0,
8.0,
0.0,
204.0,
254.0,
104.0,
0.0,
0.0,
8.0,
4.0,
0.0,
0.0,
0.0,
0.0,
0.0,
0.0,
0.0,
0.0,
0.0,
0.0,
0.0,
0.0,
0.0,
11.0,
36.0,
202.0,
94.0,
0.0,
4.0,
0.0,
0.0,
194.0,
255.0,
79.0,
0.0,
0.0,
5.0,
1.0,
0.0,
0.0,
0.0,
0.0,
0.0,
0.0,
0.0,
0.0,
0.0,
0.0,
0.0,
0.0,
8.0,
13.0,
171.0,
220.0,
0.0,
6.0,
0.0,
10.0,
9.0,
187.0,
255.0,
14.0,
0.0,
6.0,
0.0,
0.0,
0.0,
0.0,
0.0,
0.0,
0.0,
0.0,
0.0,
0.0,
0.0,
0.0,
0.0,
0.0,
7.0,
98.0,
255.0,
131.0,
0.0,
2.0,
2.0,
0.0,
0.0,
213.0,
200.0,
0.0,
9.0,
4.0,
0.0,
0.0,
0.0,
0.0,
0.0,
0.0,
0.0,
0.0,
0.0,
0.0,
0.0,
0.0,
0.0,
0.0,
10.0,
228.0,
199.0,
7.0,
0.0,
0.0,
12.0,
0.0,
3.0,
248.0,
103.0,
0.0,
2.0,
0.0,
7.0,
0.0,
0.0,
0.0,
0.0,
0.0,
0.0,
0.0,
0.0,
0.0,
0.0,
0.0,
0.0,
0.0,
82.0,
255.0,
88.0,
0.0,
13.0,
0.0,
0.0,
16.0,
92.0,
254.0,
42.0,
8.0,
0.0,
0.0,
1.0,
0.0,
0.0,
0.0,
0.0,
0.0,
0.0,
0.0,
0.0,
0.0,
0.0,
0.0,
0.0,
0.0,
98.0,
246.0,
126.0,
0.0,
0.0,
1.0,
0.0,
2.0,
208.0,
242.0,
38.0,
0.0,
0.0,
10.0,
0.0,
4.0,
0.0,
0.0,
0.0,
0.0,
0.0,
0.0,
0.0,
0.0,
0.0,
0.0,
0.0,
0.0,
92.0,
255.0,
167.0,
55.0,
85.0,
195.0,
224.0,
248.0,
255.0,
120.0,
0.0,
14.0,
0.0,
0.0,
7.0,
0.0,
0.0,
0.0,
0.0,
0.0,
0.0,
0.0,
0.0,
0.0,
0.0,
0.0,
0.0,
0.0,
81.0,
240.0,
251.0,
252.0,
238.0,
147.0,
25.0,
68.0,
240.0,
78.0,
0.0,
5.0,
0.0,
0.0,
8.0,
0.0,
0.0,
0.0,
0.0,
0.0,
0.0,
0.0,
0.0,
0.0,
0.0,
0.0,
0.0,
0.0,
0.0,
46.0,
126.0,
140.0,
24.0,
0.0,
8.0,
146.0,
251.0,
53.0,
0.0,
2.0,
0.0,
0.0,
5.0,
0.0,
0.0,
0.0,
0.0,
0.0,
0.0,
0.0,
0.0,
0.0,
0.0,
0.0,
0.0,
0.0,
10.0,
4.0,
5.0,
4.0,
0.0,
9.0,
0.0,
159.0,
255.0,
38.0,
7.0,
1.0,
1.0,
0.0,
2.0,
1.0,
0.0,
0.0,
0.0,
0.0,
0.0,
0.0,
0.0,
0.0,
0.0,
0.0,
0.0,
0.0,
4.0,
0.0,
0.0,
0.0,
0.0,
1.0,
0.0,
240.0,
220.0,
6.0,
2.0,
0.0,
3.0,
0.0,
2.0,
3.0,
0.0,
0.0,
0.0,
0.0,
0.0,
0.0,
0.0,
0.0,
0.0,
0.0,
0.0,
0.0,
8.0,
0.0,
9.0,
18.0,
0.0,
0.0,
4.0,
231.0,
164.0,
0.0,
0.0,
0.0,
7.0,
0.0,
0.0,
0.0,
0.0,
0.0,
0.0,
0.0,
0.0,
0.0,
0.0,
0.0,
0.0,
0.0,
0.0,
0.0,
0.0,
15.0,
3.0,
0.0,
4.0,
1.0,
0.0,
239.0,
133.0,
0.0,
2.0,
0.0,
4.0,
0.0,
0.0,
0.0,
0.0,
0.0,
0.0,
0.0,
0.0,
0.0,
0.0,
0.0,
0.0,
0.0,
0.0,
0.0,
14.0,
0.0,
0.0,
11.0,
0.0,
2.0,
27.0,
246.0,
118.0,
10.0,
0.0,
0.0,
0.0,
0.0,
4.0,
2.0,
0.0,
0.0,
0.0,
0.0,
0.0,
0.0,
0.0,
0.0,
0.0,
0.0,
0.0,
0.0,
0.0,
3.0,
0.0,
2.0,
6.0,
0.0,
70.0,
238.0,
48.0,
14.0,
0.0,
0.0,
4.0,
0.0,
0.0,
8.0,
0.0,
0.0,
0.0,
0.0,
0.0,
0.0,
0.0,
0.0,
0.0,
0.0,
0.0,
0.0,
0.0,
9.0,
0.0,
0.0,
14.0,
0.0,
0.0,
21.0,
13.0,
0.0,
0.0,
1.0,
4.0,
0.0,
0.0,
0.0,
0.0,
0.0,
0.0,
0.0,
0.0,
0.0,
0.0,
0.0,
0.0,
0.0,
0.0,
0.0,
3.0,
12.0,
0.0,
0.0,
1.0,
9.0,
0.0,
0.0,
0.0,
0.0,
1.0,
6.0,
4.0,
0.0,
0.0,
1.0,
0.0,
0.0,
0.0,
0.0,
0.0,
0.0,
0.0,
0.0,
0.0,
0.0,
0.0,
0.0,
0.0,
0.0,
3.0,
3.0,
0.0,
1.0,
5.0,
4.0,
0.0,
5.0,
7.0,
2.0,
0.0,
1.0,
3.0,
4.0,
0.0,
0.0,
0.0,
0.0,
