0.0,
0.0,
0.0,
0.0,
0.0,
0.0,
0.0,
0.0,
1.0,
6.0,
0.0,
11.0,
0.0,
0.0,
14.0,
3.0,
4.0,
0.0,
0.0,
10.0,
0.0,
8.0,
2.0,
3.0,
0.0,
0.0,
0.0,
0.0,
0.0,
0.0,
0.0,
0.0,
0.0,
0.0,
0.0,
0.0,
0.0,
6.0,
0.0,
0.0,
18.0,
24.0,
0.0,
0.0,
0.0,
1.0,
4.0,
10.0,
0.0,
0.0,
0.0,
0.0,
0.0,
0.0,
0.0,
0.0,
0.0,
0.0,
0.0,
0.0,
0.0,
0.0,
0.0,
0.0,
3.0,
0.0,
8.0,
2.0,
0.0,
0.0,
12.0,
7.0,
7.0,
6.0,
0.0,
0.0,
8.0,
6.0,
2.0,
16.0,
0.0,
0.0,
0.0,
0.0,
0.0,
0.0,
0.0,
0.0,
0.0,
0.0,
0.0,
0.0,
0.0,
9.0,
0.0,
11.0,
19.0,
0.0,
0.0,
0.0,
0.0,
7.0,
9.0,
0.0,
4.0,
0.0,
0.0,
0.0,
0.0,
0.0,
0.0,
0.0,
0.0,
0.0,
0.0,
0.0,
0.0,
0.0,
0.0,
0.0,
0.0,
0.0,
0.0,
0.0,
0.0,
1.0,
3.0,
9.0,
5.0,
4.0,
0.0,
0.0,
0.0,
7.0,
8.0,
0.0,
0.0,
0.0,
0.0,
0.0,
0.0,
0.0,
0.0,
0.0,
0.0,
0.0,
0.0,
0.0,
3.0,
10.0,
0.0,
18.0,
204.0,
210.0,
2.0,
0.0,
0.0,
0.0,
20.0,
54.0,
0.0,
0.0,
5.0,
0.0,
0.0,
0.0,
0.0,
0.0,
0.0,
0.0,
0.0,
0.0,
0.0,
0.0,
0.0,
0.0,
0.0,
0.0,
11.0,
127.0,
252.0,
176.0,
8.0,
0.0,
0.0,
21.0,
145.0,
237.0,
68.0,
0.0,
0.0,
7.0,
0.0,
0.0,
0.0,
0.0,
0.0,
0.0,
0.0,
0.0,
0.0,
0.0,
0.0,
0.0,
0.0,
14.0,
55.0,
252.0,
255.0,
45.0,
0.0,
8.0,
9.0,
0.0,
103.0,
254.0,
86.0,
10.0,
0.0,
0.0,
0.0,
0.0,
0.0,
0.0,
0.0,
2.0,
0.0,
3.0,
0.0,
5.0,
6.0,
0.0,
0.0,
36.0,
234.0,
250.0,
219.0,
26.0,
1.0,
0.0,
0.0,
10.0,
210.0,
252.0,
163.0,
6.0,
5.0,
0.0,
0.0,
0.0,
0.0,
0.0,
10.0,
0.0,
11.0,
0.0,
18.0,
0.0,
0.0,
2.0,
12.0,
181.0,
239.0,
255.0,
46.0,
4.0,
0.0,
2.0,
4.0,
42.0,
247.0,
252.0,
144.0,
0.0,
0.0,
18.0,
0.0,
0.0,
0.0,
0.0,
0.0,
8.0,
0.0,
0.0,
2.0,
0.0,
16.0,
0.0,
130.0,
242.0,
248.0,
84.0,
0.0,
5.0,
0.0,
17.0,
0.0,
25.0,
251.0,
251.0,
153.0,
9.0,
0.0,
4.0,
0.0,
0.0,
0.0,
0.0,
6.0,
0.0,
0.0,
3.0,
11.0,
0.0,
4.0,
158.0,
255.0,
255.0,
109.0,
0.0,
2.0,
8.0,
0.0,
0.0,
18.0,
34.0,
255.0,
244.0,
122.0,
15.0,
0.0,
0.0,
0.0,
0.0,
0.0,
0.0,
8.0,
0.0,
1.0,
0.0,
0.0,
0.0,
171.0,
252.0,
255.0,
128.0,
1.0,
11.0,
0.0,
9.0,
5.0,
0.0,
0.0,
16.0,
255.0,
255.0,
74.0,
0.0,
1.0,
3.0,
0.0,
0.0,
0.0,
0.0,
0.0,
1.0,
1.0,
13.0,
0.0,
199.0,
250.0,
252.0,
252.0,
121.0,
107.0,
89.0,
86.0,
50.0,
9.0,
3.0,
0.0,
28.0,
246.0,
255.0,
59.0,
0.0,
0.0,
0.0,
0.0,
0.0,
0.0,
0.0,
0.0,
21.0,
2.0,
0.0,
246.0,
244.0,
255.0,
255.0,
243.0,
255.0,
228.0,
255.0,
255.0,
241.0,
231.0,
216.0,
163.0,
159.0,
253.0,
255.0,
53.0,
9.0,
0.0,
6.0,
0.0,
0.0,
0.0,
0.0,
3.0,
0.0,
10.0,
69.0,
249.0,
255.0,
249.0,
244.0,
197.0,
216.0,
255.0,
243.0,
242.0,
254.0,
255.0,
238.0,
246.0,
240.0,
255.0,
255.0,
60.0,
16.0,
0.0,
6.0,
0.0,
0.0,
0.0,
0.0,
0.0,
0.0,
6.0,
23.0,
163.0,
94.0,
23.0,
0.0,
0.0,
0.0,
0.0,
0.0,
0.0,
0.0,
0.0,
0.0,
12.0,
24.0,
250.0,
255.0,
55.0,
9.0,
3.0,
0.0,
0.0,
0.0,
0.0,
0.0,
7.0,
4.0,
0.0,
0.0,
20.0,
0.0,
0.0,
14.0,
0.0,
0.0,
0.0,
0.0,
0.0,
0.0,
0.0,
0.0,
0.0,
25.0,
255.0,
246.0,
80.0,
0.0,
0.0,
2.0,
0.0,
0.0,
0.0,
0.0,
0.0,
0.0,
3.0,
18.0,
0.0,
0.0,
0.0,
1.0,
0.0,
0.0,
0.0,
0.0,
0.0,
0.0,
0.0,
0.0,
0.0,
13.0,
255.0,
249.0,
56.0,
17.0,
20.0,
0.0,
0.0,
0.0,
0.0,
0.0,
1.0,
0.0,
0.0,
12.0,
0.0,
16.0,
10.0,
0.0,
0.0,
0.0,
0.0,
0.0,
0.0,
0.0,
0.0,
0.0,
5.0,
19.0,
255.0,
255.0,
98.0,
142.0,
51.0,
0.0,
0.0,
0.0,
0.0,
0.0,
0.0,
6.0,
0.0,
0.0,
0.0,
2.0,
0.0,
1.0,
0.0,
0.0,
0.0,
0.0,
0.0,
0.0,
0.0,
0.0,
0.0,
37.0,
251.0,
252.0,
230.0,
251.0,
31.0,
3.0,
0.0,
0.0,
0.0,
0.0,
0.0,
10.0,
6.0,
0.0,
15.0,
6.0,
0.0,
0.0,
0.0,
0.0,
0.0,
0.0,
0.0,
0.0,
0.0,
0.0,
2.0,
20.0,
255.0,
255.0,
255.0,
192.0,
1.0,
5.0,
0.0,
0.0,
0.0,
0.0,
6.0,
0.0,
0.0,
0.0,
0.0,
3.0,
0.0,
2.0,
0.0,
0.0,
0.0,
0.0,
0.0,
0.0,
0.0,
0.0,
6.0,
2.0,
226.0,
255.0,
240.0,
102.0,
1.0,
0.0,
0.0,
0.0,
0.0,
0.0,
0.0,
0.0,
0.0,
21.0,
0.0,
0.0,
0.0,
3.0,
0.0,
0.0,
0.0,
0.0,
0.0,
0.0,
0.0,
0.0,
0.0,
18.0,
163.0,
245.0,
255.0,
115.0,
12.0,
0.0,
0.0,
0.0,
0.0,
0.0,
0.0,
0.0,
0.0,
0.0,
0.0,
0.0,
0.0,
0.0,
0.0,
0.0,
0.0,
0.0,
0.0,
0.0,
0.0,
0.0,
0.0,
4.0,
48.0,
200.0,
187.0,
24.0,
0.0,
2.0,
0.0,
0.0,
0.0,
0.0,
0.0,
0.0,
0.0,
0.0,
0.0,
0.0,
0.0,
0.0,
0.0,
0.0,
0.0,
0.0,
0.0,
0.0,
0.0,
0.0,
0.0,
15.0,
0.0,
14.0,
9.0,
0.0,
8.0,
0.0,
0.0,
0.0,
0.0,
0.0,
0.0,
0.0,
0.0,
0.0,
0.0,
0.0,
0.0,
0.0,
0.0,
0.0,
0.0,
0.0,
0.0,
0.0,
0.0,
0.0,
0.0,
9.0,
0.0,
0.0,
0.0,
0.0,
8.0,
0.0,
0.0,
0.0,
0.0,
0.0,
0.0,
0.0,
0.0,
0.0,
0.0,
0.0,
0.0,
0.0,
0.0,
0.0,
0.0,
0.0,
0.0,
0.0,
0.0,
0.0,
0.0,
0.0,
2.0,
8.0,
12.0,
8.0,
0.0,
0.0,
0.0,
0.0,
0.0,
0.0,
