2.0,
0.0,
0.0,
0.0,
6.0,
3.0,
6.0,
0.0,
3.0,
0.0,
0.0,
5.0,
0.0,
5.0,
0.0,
8.0,
1.0,
7.0,
2.0,
0.0,
3.0,
3.0,
0.0,
0.0,
0.0,
0.0,
0.0,
0.0,
2.0,
3.0,
2.0,
0.0,
0.0,
0.0,
0.0,
0.0,
0.0,
6.0,
0.0,
3.0,
0.0,
8.0,
0.0,
0.0,
0.0,
0.0,
0.0,
0.0,
0.0,
3.0,
2.0,
3.0,
0.0,
0.0,
0.0,
0.0,
0.0,
0.0,
2.0,
8.0,
0.0,
8.0,
12.0,
9.0,
0.0,
4.0,
0.0,
7.0,
6.0,
2.0,
0.0,
12.0,
1.0,
4.0,
1.0,
0.0,
0.0,
2.0,
1.0,
0.0,
0.0,
0.0,
0.0,
0.0,
8.0,
0.0,
0.0,
3.0,
0.0,
2.0,
0.0,
0.0,
0.0,
3.0,
0.0,
2.0,
5.0,
0.0,
0.0,
0.0,
3.0,
1.0,
5.0,
5.0,
0.0,
0.0,
0.0,
0.0,
0.0,
0.0,
0.0,
0.0,
9.0,
0.0,
0.0,
2.0,
0.0,
4.0,
0.0,
27.0,
0.0,
0.0,
13.0,
0.0,
0.0,
0.0,
7.0,
13.0,
5.0,
0.0,
0.0,
3.0,
0.0,
0.0,
3.0,
0.0,
0.0,
0.0,
0.0,
0.0,
0.0,
1.0,
0.0,
8.0,
0.0,
11.0,
17.0,
125.0,
204.0,
28.0,
0.0,
0.0,
11.0,
13.0,
0.0,
0.0,
70.0,
13.0,
0.0,
2.0,
0.0,
0.0,
3.0,
0.0,
0.0,
0.0,
0.0,
0.0,
0.0,
11.0,
0.0,
3.0,
0.0,
0.0,
0.0,
151.0,
250.0,
11.0,
0.0,
13.0,
1.0,
0.0,
6.0,
106.0,
185.0,
74.0,
4.0,
3.0,
0.0,
0.0,
2.0,
0.0,
0.0,
0.0,
0.0,
0.0,
0.0,
9.0,
0.0,
6.0,
6.0,
2.0,
0.0,
168.0,
255.0,
12.0,
8.0,
1.0,
0.0,
6.0,
0.0,
45.0,
255.0,
114.0,
10.0,
0.0,
0.0,
0.0,
4.0,
0.0,
0.0,
0.0,
0.0,
0.0,
0.0,
0.0,
0.0,
0.0,
7.0,
0.0,
0.0,
215.0,
255.0,
119.0,
8.0,
0.0,
0.0,
0.0,
1.0,
0.0,
254.0,
242.0,
68.0,
0.0,
9.0,
0.0,
6.0,
0.0,
0.0,
0.0,
0.0,
0.0,
1.0,
2.0,
4.0,
0.0,
0.0,
6.0,
67.0,
237.0,
242.0,
33.0,
0.0,
6.0,
7.0,
3.0,
0.0,
8.0,
241.0,
255.0,
168.0,
9.0,
9.0,
0.0,
0.0,
0.0,
0.0,
0.0,
0.0,
0.0,
1.0,
0.0,
0.0,
3.0,
0.0,
10.0,
153.0,
255.0,
255.0,
17.0,
8.0,
0.0,
0.0,
0.0,
0.0,
0.0,
246.0,
255.0,
215.0,
0.0,
0.0,
4.0,
4.0,
0.0,
0.0,
0.0,
0.0,
0.0,
5.0,
0.0,
0.0,
11.0,
0.0,
4.0,
204.0,
252.0,
202.0,
0.0,
10.0,
0.0,
1.0,
6.0,
0.0,
9.0,
255.0,
246.0,
225.0,
53.0,
0.0,
11.0,
4.0,
0.0,
0.0,
0.0,
0.0,
0.0,
5.0,
0.0,
0.0,
6.0,
0.0,
18.0,
238.0,
246.0,
150.0,
8.0,
0.0,
2.0,
29.0,
16.0,
83.0,
177.0,
252.0,
253.0,
255.0,
179.0,
14.0,
1.0,
0.0,
0.0,
0.0,
0.0,
0.0,
0.0,
0.0,
9.0,
2.0,
0.0,
1.0,
49.0,
255.0,
255.0,
255.0,
177.0,
142.0,
181.0,
255.0,
253.0,
252.0,
255.0,
252.0,
255.0,
255.0,
208.0,
28.0,
0.0,
0.0,
5.0,
0.0,
0.0,
0.0,
0.0,
0.0,
5.0,
1.0,
0.0,
6.0,
34.0,
195.0,
253.0,
244.0,
255.0,
255.0,
242.0,
253.0,
245.0,
251.0,
255.0,
255.0,
254.0,
235.0,
111.0,
16.0,
0.0,
3.0,
4.0,
0.0,
0.0,
0.0,
0.0,
4.0,
0.0,
0.0,
4.0,
1.0,
0.0,
92.0,
203.0,
255.0,
253.0,
252.0,
254.0,
255.0,
255.0,
251.0,
253.0,
251.0,
255.0,
241.0,
26.0,
6.0,
0.0,
1.0,
0.0,
0.0,
0.0,
0.0,
0.0,
0.0,
0.0,
0.0,
0.0,
0.0,
0.0,
2.0,
2.0,
46.0,
145.0,
157.0,
134.0,
236.0,
150.0,
158.0,
109.0,
245.0,
255.0,
250.0,
61.0,
11.0,
0.0,
0.0,
0.0,
0.0,
0.0,
0.0,
0.0,
0.0,
0.0,
0.0,
0.0,
0.0,
0.0,
1.0,
2.0,
0.0,
18.0,
3.0,
0.0,
31.0,
0.0,
17.0,
0.0,
95.0,
242.0,
255.0,
73.0,
2.0,
0.0,
0.0,
9.0,
0.0,
0.0,
0.0,
0.0,
0.0,
0.0,
0.0,
0.0,
0.0,
0.0,
1.0,
2.0,
11.0,
0.0,
0.0,
5.0,
0.0,
0.0,
9.0,
3.0,
14.0,
246.0,
255.0,
68.0,
0.0,
4.0,
0.0,
0.0,
0.0,
0.0,
0.0,
0.0,
1.0,
0.0,
0.0,
0.0,
0.0,
0.0,
1.0,
1.0,
0.0,
0.0,
0.0,
16.0,
0.0,
2.0,
0.0,
0.0,
18.0,
244.0,
249.0,
106.0,
0.0,
8.0,
3.0,
0.0,
0.0,
0.0,
0.0,
0.0,
1.0,
1.0,
0.0,
0.0,
0.0,
0.0,
0.0,
1.0,
2.0,
0.0,
7.0,
0.0,
0.0,
2.0,
0.0,
0.0,
2.0,
198.0,
255.0,
203.0,
34.0,
0.0,
1.0,
0.0,
0.0,
0.0,
0.0,
0.0,
2.0,
1.0,
0.0,
0.0,
0.0,
0.0,
0.0,
0.0,
0.0,
7.0,
11.0,
0.0,
8.0,
2.0,
0.0,
3.0,
0.0,
150.0,
255.0,
255.0,
61.0,
0.0,
0.0,
0.0,
0.0,
0.0,
0.0,
0.0,
2.0,
1.0,
0.0,
0.0,
0.0,
0.0,
0.0,
0.0,
0.0,
0.0,
3.0,
0.0,
9.0,
2.0,
5.0,
0.0,
8.0,
139.0,
252.0,
255.0,
60.0,
0.0,
0.0,
0.0,
0.0,
0.0,
0.0,
0.0,
2.0,
2.0,
0.0,
0.0,
0.0,
0.0,
0.0,
0.0,
5.0,
0.0,
0.0,
10.0,
0.0,
0.0,
7.0,
0.0,
0.0,
145.0,
255.0,
242.0,
51.0,
0.0,
0.0,
6.0,
0.0,
0.0,
0.0,
0.0,
0.0,
0.0,
0.0,
0.0,
0.0,
0.0,
0.0,
0.0,
0.0,
0.0,
0.0,
0.0,
0.0,
0.0,
0.0,
0.0,
1.0,
37.0,
254.0,
223.0,
34.0,
0.0,
0.0,
2.0,
0.0,
0.0,
0.0,
0.0,
0.0,
0.0,
0.0,
0.0,
0.0,
0.0,
0.0,
0.0,
0.0,
0.0,
0.0,
0.0,
0.0,
0.0,
0.0,
0.0,
8.0,
0.0,
11.0,
0.0,
0.0,
14.0,
0.0,
5.0,
0.0,
0.0,
0.0,
0.0,
0.0,
0.0,
0.0,
0.0,
0.0,
0.0,
0.0,
0.0,
0.0,
0.0,
0.0,
0.0,
0.0,
0.0,
0.0,
0.0,
0.0,
19.0,
0.0,
0.0,
9.0,
0.0,
0.0,
4.0,
0.0,
0.0,
0.0,
0.0,
0.0,
0.0,
0.0,
0.0,
0.0,
0.0,
0.0,
0.0,
0.0,
0.0,
0.0,
0.0,
0.0,
0.0,
0.0,
0.0,
0.0,
0.0,
0.0,
12.0,
0.0,
0.0,
5.0,
0.0,
0.0,
0.0,
0.0,
0.0,
