0.0,
0.0,
0.0,
0.0,
0.0,
0.0,
0.0,
0.0,
0.0,
15.0,
0.0,
0.0,
0.0,
3.0,
0.0,
6.0,
0.0,
14.0,
0.0,
4.0,
3.0,
0.0,
8.0,
3.0,
0.0,
0.0,
0.0,
0.0,
0.0,
0.0,
0.0,
0.0,
0.0,
0.0,
0.0,
0.0,
5.0,
0.0,
0.0,
3.0,
8.0,
2.0,
0.0,
0.0,
3.0,
0.0,
17.0,
0.0,
5.0,
10.0,
0.0,
0.0,
0.0,
0.0,
0.0,
0.0,
0.0,
0.0,
0.0,
0.0,
0.0,
0.0,
0.0,
0.0,
4.0,
0.0,
11.0,
4.0,
0.0,
1.0,
1.0,
0.0,
0.0,
5.0,
0.0,
0.0,
9.0,
0.0,
6.0,
0.0,
0.0,
0.0,
0.0,
0.0,
0.0,
0.0,
0.0,
0.0,
0.0,
0.0,
0.0,
0.0,
0.0,
0.0,
7.0,
0.0,
0.0,
0.0,
5.0,
0.0,
9.0,
0.0,
0.0,
3.0,
0.0,
6.0,
0.0,
15.0,
0.0,
0.0,
0.0,
0.0,
0.0,
0.0,
0.0,
0.0,
0.0,
0.0,
0.0,
0.0,
0.0,
10.0,
0.0,
0.0,
4.0,
0.0,
0.0,
0.0,
1.0,
0.0,
19.0,
0.0,
0.0,
0.0,
9.0,
0.0,
0.0,
0.0,
0.0,
0.0,
0.0,
0.0,
0.0,
0.0,
0.0,
0.0,
0.0,
0.0,
14.0,
126.0,
65.0,
12.0,
0.0,
3.0,
4.0,
0.0,
0.0,
21.0,
245.0,
29.0,
0.0,
8.0,
0.0,
28.0,
0.0,
0.0,
0.0,
0.0,
0.0,
0.0,
0.0,
0.0,
0.0,
0.0,
0.0,
0.0,
78.0,
241.0,
102.0,
12.0,
0.0,
5.0,
4.0,
0.0,
1.0,
60.0,
241.0,
47.0,
3.0,
5.0,
0.0,
0.0,
0.0,
0.0,
0.0,
0.0,
0.0,
0.0,
0.0,
0.0,
0.0,
0.0,
0.0,
0.0,
155.0,
255.0,
38.0,
0.0,
11.0,
0.0,
0.0,
11.0,
1.0,
108.0,
255.0,
118.0,
0.0,
0.0,
3.0,
10.0,
0.0,
0.0,
0.0,
0.0,
4.0,
1.0,
0.0,
4.0,
10.0,
0.0,
1.0,
32.0,
248.0,
190.0,
5.0,
0.0,
0.0,
3.0,
3.0,
3.0,
9.0,
87.0,
248.0,
128.0,
5.0,
12.0,
0.0,
2.0,
0.0,
0.0,
0.0,
0.0,
3.0,
4.0,
0.0,
0.0,
0.0,
8.0,
0.0,
162.0,
243.0,
138.0,
0.0,
10.0,
0.0,
0.0,
10.0,
0.0,
0.0,
88.0,
255.0,
118.0,
0.0,
0.0,
1.0,
17.0,
0.0,
0.0,
0.0,
0.0,
0.0,
3.0,
0.0,
3.0,
0.0,
3.0,
14.0,
238.0,
250.0,
44.0,
0.0,
13.0,
1.0,
0.0,
1.0,
14.0,
8.0,
112.0,
255.0,
129.0,
12.0,
4.0,
3.0,
0.0,
0.0,
0.0,
0.0,
0.0,
0.0,
0.0,
1.0,
9.0,
5.0,
0.0,
86.0,
249.0,
220.0,
10.0,
18.0,
0.0,
0.0,
18.0,
0.0,
0.0,
0.0,
110.0,
241.0,
128.0,
0.0,
0.0,
8.0,
9.0,
0.0,
0.0,
0.0,
0.0,
5.0,
0.0,
0.0,
0.0,
0.0,
0.0,
106.0,
255.0,
236.0,
17.0,
0.0,
0.0,
20.0,
6.0,
12.0,
122.0,
122.0,
192.0,
255.0,
159.0,
4.0,
7.0,
0.0,
0.0,
0.0,
0.0,
0.0,
0.0,
2.0,
0.0,
0.0,
0.0,
0.0,
11.0,
28.0,
225.0,
255.0,
217.0,
145.0,
95.0,
135.0,
170.0,
227.0,
246.0,
255.0,
250.0,
255.0,
120.0,
0.0,
16.0,
2.0,
4.0,
0.0,
0.0,
0.0,
0.0,
0.0,
0.0,
4.0,
7.0,
0.0,
10.0,
0.0,
94.0,
210.0,
255.0,
255.0,
243.0,
255.0,
248.0,
226.0,
188.0,
54.0,
116.0,
249.0,
124.0,
3.0,
4.0,
0.0,
0.0,
0.0,
0.0,
0.0,
0.0,
9.0,
0.0,
4.0,
4.0,
0.0,
0.0,
8.0,
0.0,
1.0,
53.0,
132.0,
140.0,
150.0,
123.0,
24.0,
0.0,
9.0,
85.0,
255.0,
108.0,
4.0,
0.0,
0.0,
7.0,
0.0,
0.0,
0.0,
0.0,
0.0,
0.0,
0.0,
0.0,
0.0,
0.0,
0.0,
0.0,
0.0,
0.0,
0.0,
0.0,
0.0,
0.0,
0.0,
0.0,
8.0,
0.0,
255.0,
151.0,
0.0,
0.0,
9.0,
0.0,
0.0,
0.0,
0.0,
0.0,
0.0,
0.0,
0.0,
0.0,
0.0,
0.0,
0.0,
0.0,
0.0,
0.0,
0.0,
0.0,
0.0,
0.0,
0.0,
0.0,
0.0,
17.0,
255.0,
210.0,
14.0,
7.0,
0.0,
0.0,
0.0,
0.0,
0.0,
0.0,
0.0,
0.0,
0.0,
0.0,
0.0,
0.0,
0.0,
0.0,
0.0,
0.0,
0.0,
0.0,
0.0,
0.0,
0.0,
0.0,
1.0,
29.0,
235.0,
210.0,
5.0,
0.0,
0.0,
8.0,
0.0,
0.0,
0.0,
0.0,
0.0,
0.0,
0.0,
0.0,
0.0,
0.0,
0.0,
0.0,
0.0,
0.0,
0.0,
0.0,
0.0,
0.0,
0.0,
0.0,
1.0,
16.0,
253.0,
213.0,
17.0,
0.0,
9.0,
0.0,
0.0,
0.0,
0.0,
0.0,
0.0,
0.0,
0.0,
0.0,
0.0,
0.0,
0.0,
0.0,
0.0,
0.0,
0.0,
0.0,
0.0,
0.0,
0.0,
0.0,
0.0,
4.0,
255.0,
205.0,
0.0,
0.0,
8.0,
0.0,
0.0,
0.0,
0.0,
0.0,
0.0,
0.0,
0.0,
0.0,
0.0,
0.0,
0.0,
0.0,
0.0,
0.0,
0.0,
0.0,
0.0,
0.0,
0.0,
0.0,
1.0,
13.0,
252.0,
217.0,
8.0,
14.0,
0.0,
6.0,
0.0,
0.0,
0.0,
0.0,
0.0,
0.0,
0.0,
0.0,
0.0,
0.0,
0.0,
0.0,
0.0,
0.0,
0.0,
0.0,
0.0,
0.0,
0.0,
0.0,
0.0,
17.0,
236.0,
255.0,
150.0,
76.0,
0.0,
1.0,
0.0,
0.0,
0.0,
0.0,
0.0,
0.0,
0.0,
0.0,
0.0,
0.0,
0.0,
0.0,
0.0,
0.0,
0.0,
0.0,
0.0,
0.0,
0.0,
0.0,
1.0,
1.0,
187.0,
249.0,
247.0,
94.0,
1.0,
0.0,
0.0,
0.0,
0.0,
0.0,
0.0,
0.0,
0.0,
0.0,
0.0,
0.0,
0.0,
0.0,
0.0,
0.0,
0.0,
0.0,
0.0,
0.0,
0.0,
0.0,
0.0,
1.0,
64.0,
240.0,
180.0,
0.0,
5.0,
0.0,
0.0,
0.0,
0.0,
0.0,
0.0,
0.0,
0.0,
0.0,
0.0,
0.0,
0.0,
0.0,
0.0,
0.0,
0.0,
0.0,
0.0,
0.0,
0.0,
0.0,
7.0,
0.0,
0.0,
32.0,
3.0,
0.0,
14.0,
0.0,
0.0,
0.0,
0.0,
0.0,
0.0,
0.0,
0.0,
0.0,
0.0,
0.0,
0.0,
0.0,
0.0,
0.0,
0.0,
0.0,
0.0,
0.0,
0.0,
0.0,
3.0,
0.0,
0.0,
0.0,
0.0,
6.0,
5.0,
0.0,
0.0,
0.0,
0.0,
0.0,
0.0,
0.0,
0.0,
0.0,
0.0,
0.0,
0.0,
0.0,
0.0,
0.0,
0.0,
0.0,
0.0,
0.0,
0.0,
0.0,
4.0,
0.0,
11.0,
10.0,
11.0,
9.0,
0.0,
8.0,
0.0,
0.0,
0.0,
0.0,
