0.0,
0.0,
0.0,
0.0,
0.0,
0.0,
0.0,
0.0,
0.0,
0.0,
0.0,
0.0,
0.0,
0.0,
0.0,
0.0,
0.0,
8.0,
0.0,
3.0,
0.0,
0.0,
0.0,
8.0,
0.0,
0.0,
0.0,
0.0,
0.0,
0.0,
0.0,
0.0,
0.0,
0.0,
0.0,
0.0,
0.0,
0.0,
0.0,
0.0,
0.0,
0.0,
0.0,
0.0,
7.0,
0.0,
16.0,
2.0,
0.0,
16.0,
0.0,
0.0,
0.0,
0.0,
0.0,
0.0,
0.0,
0.0,
0.0,
0.0,
0.0,
0.0,
0.0,
0.0,
0.0,
0.0,
0.0,
0.0,
0.0,
0.0,
0.0,
0.0,
0.0,
0.0,
11.0,
0.0,
0.0,
8.0,
0.0,
2.0,
0.0,
0.0,
0.0,
0.0,
0.0,
0.0,
0.0,
0.0,
0.0,
0.0,
0.0,
0.0,
0.0,
0.0,
0.0,
0.0,
0.0,
0.0,
0.0,
0.0,
4.0,
19.0,
0.0,
0.0,
12.0,
0.0,
0.0,
6.0,
0.0,
0.0,
0.0,
0.0,
0.0,
0.0,
0.0,
0.0,
0.0,
0.0,
0.0,
0.0,
0.0,
0.0,
0.0,
0.0,
0.0,
0.0,
0.0,
0.0,
0.0,
0.0,
4.0,
0.0,
0.0,
19.0,
8.0,
0.0,
0.0,
0.0,
0.0,
0.0,
0.0,
0.0,
0.0,
0.0,
0.0,
0.0,
0.0,
0.0,
0.0,
0.0,
0.0,
0.0,
0.0,
0.0,
0.0,
0.0,
1.0,
99.0,
255.0,
189.0,
0.0,
0.0,
0.0,
6.0,
0.0,
0.0,
0.0,
0.0,
0.0,
0.0,
0.0,
0.0,
0.0,
0.0,
0.0,
0.0,
0.0,
0.0,
0.0,
0.0,
0.0,
0.0,
0.0,
0.0,
0.0,
136.0,
255.0,
252.0,
57.0,
19.0,
8.0,
0.0,
0.0,
0.0,
0.0,
0.0,
0.0,
0.0,
0.0,
0.0,
0.0,
0.0,
0.0,
0.0,
0.0,
0.0,
0.0,
0.0,
0.0,
0.0,
0.0,
0.0,
55.0,
242.0,
237.0,
255.0,
109.0,
0.0,
0.0,
3.0,
0.0,
0.0,
0.0,
0.0,
3.0,
0.0,
8.0,
0.0,
0.0,
0.0,
5.0,
0.0,
0.0,
47.0,
104.0,
0.0,
5.0,
3.0,
0.0,
6.0,
166.0,
255.0,
243.0,
203.0,
18.0,
10.0,
0.0,
0.0,
0.0,
0.0,
0.0,
0.0,
4.0,
0.0,
4.0,
0.0,
0.0,
4.0,
0.0,
0.0,
8.0,
242.0,
244.0,
34.0,
3.0,
0.0,
29.0,
0.0,
217.0,
255.0,
252.0,
118.0,
5.0,
0.0,
0.0,
2.0,
0.0,
0.0,
0.0,
0.0,
3.0,
0.0,
1.0,
0.0,
0.0,
8.0,
0.0,
5.0,
105.0,
255.0,
255.0,
132.0,
7.0,
1.0,
10.0,
52.0,
228.0,
251.0,
213.0,
14.0,
0.0,
0.0,
2.0,
2.0,
0.0,
0.0,
0.0,
0.0,
0.0,
0.0,
1.0,
0.0,
0.0,
6.0,
0.0,
36.0,
255.0,
240.0,
255.0,
47.0,
0.0,
0.0,
2.0,
161.0,
255.0,
255.0,
166.0,
0.0,
17.0,
9.0,
2.0,
0.0,
0.0,
0.0,
0.0,
0.0,
0.0,
1.0,
4.0,
2.0,
0.0,
2.0,
0.0,
92.0,
249.0,
253.0,
190.0,
0.0,
13.0,
0.0,
0.0,
219.0,
247.0,
255.0,
103.0,
0.0,
0.0,
0.0,
1.0,
8.0,
0.0,
0.0,
0.0,
0.0,
0.0,
1.0,
3.0,
6.0,
0.0,
0.0,
7.0,
160.0,
240.0,
255.0,
37.0,
9.0,
0.0,
12.0,
81.0,
255.0,
255.0,
214.0,
17.0,
4.0,
0.0,
21.0,
9.0,
0.0,
0.0,
0.0,
0.0,
0.0,
0.0,
0.0,
0.0,
7.0,
0.0,
1.0,
22.0,
220.0,
255.0,
243.0,
21.0,
0.0,
0.0,
35.0,
198.0,
244.0,
255.0,
249.0,
163.0,
145.0,
2.0,
0.0,
0.0,
8.0,
0.0,
0.0,
0.0,
0.0,
5.0,
0.0,
0.0,
7.0,
0.0,
3.0,
33.0,
255.0,
248.0,
255.0,
195.0,
250.0,
255.0,
255.0,
246.0,
255.0,
254.0,
255.0,
255.0,
248.0,
71.0,
9.0,
7.0,
0.0,
0.0,
0.0,
0.0,
0.0,
0.0,
0.0,
8.0,
0.0,
10.0,
2.0,
40.0,
255.0,
249.0,
250.0,
255.0,
250.0,
255.0,
250.0,
255.0,
248.0,
255.0,
239.0,
252.0,
255.0,
182.0,
3.0,
8.0,
0.0,
0.0,
0.0,
0.0,
0.0,
0.0,
0.0,
5.0,
0.0,
6.0,
0.0,
15.0,
163.0,
255.0,
255.0,
249.0,
255.0,
239.0,
255.0,
247.0,
255.0,
212.0,
134.0,
127.0,
115.0,
82.0,
0.0,
0.0,
1.0,
0.0,
0.0,
0.0,
0.0,
0.0,
5.0,
1.0,
0.0,
4.0,
0.0,
0.0,
49.0,
118.0,
143.0,
134.0,
157.0,
156.0,
255.0,
245.0,
255.0,
90.0,
0.0,
10.0,
0.0,
6.0,
0.0,
0.0,
7.0,
0.0,
0.0,
0.0,
0.0,
0.0,
6.0,
0.0,
0.0,
5.0,
1.0,
0.0,
0.0,
0.0,
18.0,
0.0,
0.0,
52.0,
237.0,
255.0,
252.0,
37.0,
0.0,
12.0,
0.0,
0.0,
6.0,
0.0,
0.0,
0.0,
0.0,
0.0,
0.0,
0.0,
2.0,
0.0,
6.0,
4.0,
0.0,
6.0,
0.0,
0.0,
4.0,
2.0,
0.0,
110.0,
255.0,
255.0,
204.0,
13.0,
5.0,
15.0,
0.0,
0.0,
0.0,
2.0,
0.0,
0.0,
0.0,
0.0,
0.0,
2.0,
0.0,
0.0,
6.0,
0.0,
0.0,
7.0,
3.0,
0.0,
0.0,
1.0,
14.0,
183.0,
252.0,
240.0,
114.0,
0.0,
0.0,
0.0,
0.0,
0.0,
0.0,
9.0,
0.0,
0.0,
0.0,
0.0,
0.0,
2.0,
0.0,
2.0,
0.0,
0.0,
0.0,
1.0,
3.0,
18.0,
0.0,
0.0,
0.0,
202.0,
255.0,
255.0,
92.0,
5.0,
12.0,
0.0,
6.0,
11.0,
0.0,
0.0,
0.0,
0.0,
0.0,
0.0,
0.0,
0.0,
0.0,
6.0,
0.0,
0.0,
7.0,
0.0,
0.0,
0.0,
6.0,
8.0,
0.0,
199.0,
254.0,
247.0,
16.0,
3.0,
1.0,
0.0,
0.0,
0.0,
0.0,
0.0,
8.0,
0.0,
0.0,
0.0,
0.0,
0.0,
0.0,
0.0,
0.0,
0.0,
0.0,
0.0,
0.0,
3.0,
11.0,
0.0,
0.0,
53.0,
210.0,
175.0,
0.0,
0.0,
0.0,
0.0,
0.0,
0.0,
0.0,
0.0,
0.0,
0.0,
0.0,
0.0,
0.0,
0.0,
0.0,
0.0,
0.0,
0.0,
0.0,
0.0,
0.0,
0.0,
0.0,
9.0,
17.0,
0.0,
12.0,
16.0,
0.0,
0.0,
0.0,
0.0,
0.0,
0.0,
0.0,
0.0,
0.0,
0.0,
0.0,
0.0,
0.0,
0.0,
0.0,
0.0,
0.0,
0.0,
0.0,
0.0,
0.0,
4.0,
0.0,
0.0,
9.0,
0.0,
0.0,
0.0,
0.0,
0.0,
0.0,
0.0,
0.0,
0.0,
0.0,
0.0,
0.0,
0.0,
0.0,
0.0,
0.0,
0.0,
0.0,
0.0,
0.0,
0.0,
0.0,
0.0,
0.0,
2.0,
9.0,
2.0,
0.0,
0.0,
11.0,
8.0,
5.0,
0.0,
0.0,
0.0,
0.0,
0.0,
0.0,
0.0,
0.0,
0.0,
0.0,
0.0,
0.0,
