0.0,
0.0,
0.0,
0.0,
0.0,
0.0,
0.0,
0.0,
0.0,
0.0,
4.0,
0.0,
0.0,
1.0,
8.0,
0.0,
11.0,
0.0,
0.0,
0.0,
5.0,
0.0,
9.0,
0.0,
0.0,
0.0,
0.0,
0.0,
0.0,
0.0,
0.0,
0.0,
0.0,
0.0,
0.0,
0.0,
5.0,
5.0,
14.0,
1.0,
0.0,
8.0,
0.0,
0.0,
0.0,
20.0,
4.0,
0.0,
7.0,
3.0,
0.0,
6.0,
0.0,
0.0,
0.0,
0.0,
0.0,
0.0,
0.0,
0.0,
0.0,
0.0,
0.0,
0.0,
0.0,
0.0,
0.0,
0.0,
0.0,
12.0,
0.0,
6.0,
0.0,
0.0,
0.0,
11.0,
0.0,
3.0,
7.0,
4.0,
0.0,
0.0,
0.0,
0.0,
0.0,
0.0,
0.0,
0.0,
0.0,
0.0,
0.0,
0.0,
14.0,
1.0,
5.0,
6.0,
0.0,
7.0,
0.0,
3.0,
13.0,
15.0,
0.0,
8.0,
6.0,
4.0,
0.0,
1.0,
0.0,
0.0,
0.0,
0.0,
0.0,
0.0,
0.0,
0.0,
0.0,
0.0,
0.0,
0.0,
0.0,
0.0,
0.0,
14.0,
0.0,
2.0,
0.0,
1.0,
3.0,
0.0,
0.0,
0.0,
7.0,
2.0,
7.0,
0.0,
0.0,
0.0,
0.0,
0.0,
0.0,
0.0,
0.0,
0.0,
0.0,
0.0,
0.0,
0.0,
0.0,
24.0,
0.0,
3.0,
0.0,
2.0,
4.0,
3.0,
0.0,
240.0,
229.0,
1.0,
0.0,
5.0,
0.0,
6.0,
0.0,
0.0,
0.0,
0.0,
0.0,
0.0,
0.0,
0.0,
0.0,
0.0,
0.0,
0.0,
57.0,
170.0,
54.0,
4.0,
4.0,
5.0,
0.0,
0.0,
98.0,
253.0,
236.0,
78.0,
20.0,
8.0,
0.0,
1.0,
0.0,
0.0,
0.0,
0.0,
0.0,
0.0,
0.0,
0.0,
0.0,
0.0,
0.0,
0.0,
114.0,
255.0,
95.0,
0.0,
6.0,
7.0,
0.0,
4.0,
105.0,
252.0,
255.0,
115.0,
0.0,
0.0,
4.0,
2.0,
0.0,
0.0,
0.0,
0.0,
1.0,
2.0,
0.0,
0.0,
10.0,
0.0,
1.0,
1.0,
245.0,
255.0,
210.0,
0.0,
7.0,
0.0,
0.0,
2.0,
115.0,
238.0,
254.0,
115.0,
0.0,
0.0,
14.0,
0.0,
0.0,
0.0,
0.0,
0.0,
0.0,
6.0,
3.0,
0.0,
0.0,
1.0,
7.0,
6.0,
247.0,
255.0,
207.0,
0.0,
13.0,
9.0,
7.0,
0.0,
115.0,
255.0,
255.0,
96.0,
2.0,
4.0,
0.0,
2.0,
0.0,
0.0,
0.0,
0.0,
0.0,
6.0,
5.0,
0.0,
0.0,
4.0,
2.0,
0.0,
255.0,
255.0,
230.0,
19.0,
0.0,
0.0,
0.0,
0.0,
228.0,
252.0,
219.0,
15.0,
0.0,
7.0,
4.0,
0.0,
0.0,
0.0,
0.0,
0.0,
3.0,
0.0,
0.0,
1.0,
0.0,
5.0,
0.0,
3.0,
247.0,
227.0,
255.0,
100.0,
0.0,
0.0,
22.0,
14.0,
255.0,
243.0,
238.0,
102.0,
10.0,
0.0,
8.0,
0.0,
0.0,
0.0,
0.0,
0.0,
5.0,
0.0,
0.0,
10.0,
0.0,
0.0,
2.0,
78.0,
255.0,
255.0,
189.0,
5.0,
2.0,
0.0,
6.0,
136.0,
241.0,
255.0,
255.0,
245.0,
78.0,
0.0,
0.0,
3.0,
0.0,
0.0,
0.0,
0.0,
0.0,
0.0,
0.0,
14.0,
0.0,
0.0,
27.0,
190.0,
242.0,
251.0,
255.0,
248.0,
255.0,
255.0,
236.0,
255.0,
255.0,
255.0,
248.0,
248.0,
159.0,
12.0,
0.0,
0.0,
0.0,
0.0,
0.0,
0.0,
0.0,
8.0,
0.0,
8.0,
0.0,
0.0,
39.0,
252.0,
255.0,
252.0,
241.0,
244.0,
252.0,
255.0,
252.0,
250.0,
242.0,
248.0,
255.0,
237.0,
139.0,
0.0,
0.0,
0.0,
0.0,
0.0,
0.0,
0.0,
0.0,
13.0,
0.0,
0.0,
0.0,
4.0,
35.0,
255.0,
241.0,
255.0,
254.0,
255.0,
247.0,
244.0,
255.0,
254.0,
255.0,
254.0,
246.0,
243.0,
31.0,
11.0,
0.0,
3.0,
0.0,
0.0,
0.0,
0.0,
10.0,
0.0,
0.0,
3.0,
5.0,
0.0,
53.0,
239.0,
239.0,
255.0,
254.0,
244.0,
252.0,
251.0,
251.0,
252.0,
250.0,
255.0,
234.0,
33.0,
2.0,
4.0,
0.0,
0.0,
0.0,
0.0,
0.0,
0.0,
0.0,
9.0,
10.0,
0.0,
4.0,
5.0,
0.0,
17.0,
24.0,
0.0,
19.0,
146.0,
144.0,
22.0,
39.0,
246.0,
255.0,
252.0,
218.0,
13.0,
7.0,
0.0,
5.0,
0.0,
0.0,
0.0,
0.0,
0.0,
2.0,
3.0,
0.0,
0.0,
1.0,
13.0,
0.0,
0.0,
0.0,
0.0,
1.0,
0.0,
0.0,
0.0,
44.0,
255.0,
255.0,
255.0,
203.0,
4.0,
2.0,
0.0,
9.0,
0.0,
0.0,
0.0,
0.0,
0.0,
3.0,
0.0,
0.0,
9.0,
4.0,
0.0,
0.0,
9.0,
1.0,
0.0,
2.0,
6.0,
13.0,
10.0,
20.0,
247.0,
248.0,
255.0,
205.0,
4.0,
0.0,
7.0,
2.0,
2.0,
0.0,
0.0,
0.0,
0.0,
1.0,
2.0,
3.0,
1.0,
0.0,
3.0,
4.0,
0.0,
0.0,
0.0,
7.0,
0.0,
0.0,
0.0,
37.0,
255.0,
243.0,
255.0,
225.0,
0.0,
0.0,
9.0,
0.0,
0.0,
0.0,
0.0,
0.0,
0.0,
3.0,
8.0,
0.0,
0.0,
0.0,
4.0,
22.0,
6.0,
4.0,
0.0,
0.0,
8.0,
4.0,
0.0,
53.0,
245.0,
253.0,
254.0,
225.0,
0.0,
11.0,
0.0,
0.0,
0.0,
0.0,
0.0,
0.0,
0.0,
0.0,
2.0,
0.0,
13.0,
7.0,
0.0,
0.0,
0.0,
3.0,
5.0,
0.0,
0.0,
3.0,
10.0,
148.0,
251.0,
255.0,
255.0,
162.0,
0.0,
14.0,
0.0,
0.0,
3.0,
0.0,
0.0,
0.0,
0.0,
0.0,
11.0,
0.0,
0.0,
9.0,
2.0,
9.0,
0.0,
0.0,
1.0,
0.0,
0.0,
4.0,
0.0,
180.0,
255.0,
246.0,
255.0,
81.0,
5.0,
0.0,
0.0,
0.0,
5.0,
0.0,
0.0,
0.0,
0.0,
0.0,
0.0,
0.0,
0.0,
0.0,
0.0,
0.0,
0.0,
4.0,
0.0,
0.0,
9.0,
0.0,
0.0,
109.0,
245.0,
247.0,
136.0,
28.0,
0.0,
2.0,
0.0,
0.0,
3.0,
0.0,
0.0,
0.0,
0.0,
0.0,
0.0,
0.0,
0.0,
0.0,
0.0,
0.0,
0.0,
0.0,
0.0,
3.0,
7.0,
0.0,
0.0,
0.0,
7.0,
9.0,
0.0,
0.0,
6.0,
7.0,
0.0,
0.0,
2.0,
0.0,
0.0,
0.0,
0.0,
0.0,
0.0,
0.0,
0.0,
0.0,
0.0,
0.0,
0.0,
1.0,
4.0,
0.0,
0.0,
0.0,
8.0,
1.0,
0.0,
0.0,
0.0,
1.0,
0.0,
0.0,
0.0,
2.0,
0.0,
0.0,
0.0,
0.0,
0.0,
0.0,
0.0,
0.0,
0.0,
0.0,
0.0,
0.0,
0.0,
0.0,
0.0,
0.0,
4.0,
3.0,
0.0,
4.0,
13.0,
8.0,
9.0,
2.0,
0.0,
0.0,
7.0,
2.0,
0.0,
0.0,
0.0,
0.0,
0.0,
