0.0,
3.0,
6.0,
1.0,
0.0,
2.0,
2.0,
0.0,
6.0,
0.0,
5.0,
0.0,
5.0,
8.0,
0.0,
0.0,
3.0,
2.0,
1.0,
0.0,
1.0,
3.0,
2.0,
0.0,
0.0,
0.0,
0.0,
0.0,
0.0,
4.0,
3.0,
0.0,
0.0,
0.0,
0.0,
0.0,
0.0,
10.0,
5.0,
0.0,
0.0,
0.0,
2.0,
0.0,
1.0,
1.0,
1.0,
0.0,
1.0,
1.0,
1.0,
0.0,
0.0,
0.0,
0.0,
0.0,
2.0,
3.0,
0.0,
0.0,
0.0,
1.0,
1.0,
0.0,
2.0,
0.0,
0.0,
0.0,
6.0,
8.0,
4.0,
0.0,
0.0,
0.0,
1.0,
2.0,
0.0,
0.0,
0.0,
0.0,
0.0,
0.0,
0.0,
0.0,
1.0,
0.0,
0.0,
0.0,
2.0,
5.0,
4.0,
2.0,
7.0,
0.0,
17.0,
9.0,
0.0,
0.0,
0.0,
5.0,
0.0,
0.0,
1.0,
2.0,
0.0,
0.0,
0.0,
2.0,
0.0,
0.0,
0.0,
0.0,
0.0,
0.0,
0.0,
2.0,
4.0,
2.0,
0.0,
0.0,
0.0,
0.0,
0.0,
0.0,
0.0,
0.0,
27.0,
0.0,
3.0,
0.0,
0.0,
2.0,
1.0,
0.0,
0.0,
2.0,
0.0,
0.0,
0.0,
0.0,
0.0,
0.0,
1.0,
3.0,
0.0,
0.0,
0.0,
0.0,
0.0,
14.0,
0.0,
6.0,
15.0,
18.0,
190.0,
111.0,
11.0,
2.0,
0.0,
1.0,
1.0,
0.0,
0.0,
2.0,
0.0,
0.0,
0.0,
0.0,
0.0,
0.0,
2.0,
3.0,
0.0,
0.0,
1.0,
11.0,
8.0,
0.0,
3.0,
2.0,
0.0,
0.0,
253.0,
247.0,
20.0,
5.0,
0.0,
0.0,
2.0,
0.0,
0.0,
2.0,
0.0,
0.0,
0.0,
0.0,
0.0,
0.0,
2.0,
3.0,
0.0,
0.0,
12.0,
29.0,
172.0,
0.0,
7.0,
0.0,
8.0,
11.0,
233.0,
255.0,
25.0,
6.0,
0.0,
0.0,
3.0,
0.0,
0.0,
1.0,
0.0,
0.0,
0.0,
0.0,
0.0,
8.0,
0.0,
3.0,
3.0,
0.0,
1.0,
189.0,
244.0,
0.0,
0.0,
10.0,
0.0,
0.0,
153.0,
249.0,
121.0,
10.0,
1.0,
0.0,
11.0,
0.0,
0.0,
4.0,
0.0,
0.0,
0.0,
0.0,
0.0,
5.0,
1.0,
3.0,
0.0,
3.0,
29.0,
255.0,
255.0,
9.0,
0.0,
0.0,
3.0,
0.0,
163.0,
247.0,
177.0,
0.0,
0.0,
3.0,
2.0,
4.0,
0.0,
5.0,
0.0,
0.0,
0.0,
0.0,
0.0,
0.0,
1.0,
0.0,
3.0,
4.0,
18.0,
253.0,
218.0,
0.0,
0.0,
0.0,
2.0,
0.0,
152.0,
255.0,
229.0,
0.0,
7.0,
4.0,
0.0,
0.0,
0.0,
0.0,
0.0,
0.0,
0.0,
0.0,
5.0,
0.0,
3.0,
0.0,
2.0,
0.0,
6.0,
230.0,
251.0,
1.0,
0.0,
6.0,
13.0,
7.0,
105.0,
245.0,
227.0,
3.0,
0.0,
0.0,
13.0,
4.0,
15.0,
0.0,
0.0,
0.0,
0.0,
0.0,
0.0,
0.0,
11.0,
0.0,
0.0,
0.0,
24.0,
232.0,
254.0,
24.0,
0.0,
5.0,
0.0,
0.0,
33.0,
224.0,
255.0,
80.0,
1.0,
0.0,
0.0,
0.0,
3.0,
7.0,
0.0,
0.0,
0.0,
0.0,
1.0,
0.0,
5.0,
0.0,
2.0,
0.0,
15.0,
143.0,
249.0,
90.0,
9.0,
19.0,
0.0,
4.0,
0.0,
170.0,
243.0,
113.0,
0.0,
19.0,
6.0,
9.0,
0.0,
4.0,
0.0,
0.0,
0.0,
0.0,
7.0,
0.0,
0.0,
0.0,
9.0,
0.0,
0.0,
27.0,
240.0,
165.0,
3.0,
0.0,
0.0,
11.0,
0.0,
80.0,
247.0,
246.0,
223.0,
171.0,
40.0,
0.0,
0.0,
6.0,
0.0,
0.0,
0.0,
0.0,
1.0,
0.0,
0.0,
0.0,
0.0,
0.0,
1.0,
6.0,
207.0,
254.0,
78.0,
7.0,
7.0,
23.0,
104.0,
190.0,
255.0,
246.0,
250.0,
95.0,
1.0,
0.0,
20.0,
0.0,
0.0,
0.0,
0.0,
0.0,
0.0,
0.0,
0.0,
0.0,
0.0,
0.0,
0.0,
0.0,
103.0,
241.0,
234.0,
188.0,
187.0,
255.0,
242.0,
248.0,
255.0,
247.0,
169.0,
0.0,
5.0,
0.0,
5.0,
0.0,
0.0,
0.0,
0.0,
0.0,
0.0,
0.0,
0.0,
0.0,
0.0,
0.0,
0.0,
0.0,
13.0,
179.0,
243.0,
251.0,
238.0,
249.0,
169.0,
127.0,
163.0,
255.0,
211.0,
7.0,
10.0,
0.0,
2.0,
1.0,
0.0,
0.0,
0.0,
0.0,
0.0,
0.0,
0.0,
0.0,
0.0,
0.0,
0.0,
0.0,
0.0,
10.0,
22.0,
89.0,
101.0,
74.0,
5.0,
5.0,
38.0,
250.0,
233.0,
16.0,
0.0,
0.0,
0.0,
0.0,
0.0,
0.0,
0.0,
0.0,
0.0,
0.0,
0.0,
0.0,
0.0,
0.0,
0.0,
0.0,
1.0,
0.0,
0.0,
2.0,
0.0,
2.0,
0.0,
3.0,
13.0,
255.0,
255.0,
75.0,
0.0,
13.0,
13.0,
4.0,
0.0,
0.0,
0.0,
0.0,
0.0,
0.0,
0.0,
0.0,
0.0,
0.0,
0.0,
0.0,
0.0,
6.0,
6.0,
9.0,
0.0,
7.0,
1.0,
0.0,
8.0,
204.0,
248.0,
139.0,
0.0,
0.0,
0.0,
0.0,
0.0,
0.0,
0.0,
0.0,
0.0,
0.0,
0.0,
0.0,
0.0,
0.0,
0.0,
0.0,
12.0,
0.0,
0.0,
0.0,
5.0,
5.0,
0.0,
2.0,
1.0,
116.0,
241.0,
215.0,
30.0,
0.0,
3.0,
6.0,
0.0,
0.0,
0.0,
0.0,
0.0,
0.0,
0.0,
0.0,
0.0,
0.0,
0.0,
0.0,
0.0,
15.0,
20.0,
0.0,
0.0,
0.0,
5.0,
0.0,
0.0,
14.0,
213.0,
240.0,
87.0,
0.0,
0.0,
1.0,
0.0,
0.0,
0.0,
0.0,
0.0,
0.0,
0.0,
0.0,
0.0,
0.0,
0.0,
0.0,
7.0,
0.0,
0.0,
0.0,
19.0,
1.0,
0.0,
0.0,
12.0,
0.0,
218.0,
255.0,
152.0,
13.0,
0.0,
0.0,
0.0,
0.0,
0.0,
0.0,
0.0,
0.0,
0.0,
0.0,
0.0,
0.0,
0.0,
0.0,
0.0,
0.0,
0.0,
0.0,
0.0,
0.0,
0.0,
0.0,
0.0,
0.0,
83.0,
244.0,
174.0,
0.0,
0.0,
6.0,
0.0,
0.0,
0.0,
0.0,
0.0,
0.0,
0.0,
0.0,
0.0,
0.0,
0.0,
0.0,
0.0,
0.0,
0.0,
0.0,
0.0,
0.0,
0.0,
0.0,
12.0,
0.0,
0.0,
29.0,
8.0,
0.0,
18.0,
0.0,
0.0,
0.0,
0.0,
0.0,
0.0,
0.0,
0.0,
0.0,
0.0,
0.0,
0.0,
0.0,
0.0,
0.0,
0.0,
0.0,
0.0,
0.0,
0.0,
0.0,
0.0,
0.0,
0.0,
0.0,
0.0,
0.0,
12.0,
0.0,
0.0,
0.0,
0.0,
0.0,
0.0,
0.0,
0.0,
0.0,
0.0,
0.0,
0.0,
0.0,
0.0,
0.0,
0.0,
0.0,
0.0,
0.0,
0.0,
0.0,
0.0,
0.0,
10.0,
13.0,
8.0,
0.0,
0.0,
9.0,
0.0,
0.0,
0.0,
0.0,
