0.0,
0.0,
0.0,
0.0,
0.0,
0.0,
0.0,
0.0,
0.0,
0.0,
1.0,
0.0,
0.0,
1.0,
0.0,
0.0,
0.0,
7.0,
0.0,
0.0,
0.0,
9.0,
0.0,
7.0,
0.0,
0.0,
0.0,
0.0,
0.0,
0.0,
0.0,
0.0,
0.0,
0.0,
0.0,
0.0,
5.0,
1.0,
0.0,
2.0,
2.0,
0.0,
1.0,
5.0,
15.0,
0.0,
0.0,
8.0,
0.0,
5.0,
0.0,
1.0,
0.0,
0.0,
0.0,
0.0,
0.0,
0.0,
0.0,
0.0,
0.0,
0.0,
0.0,
0.0,
4.0,
0.0,
0.0,
3.0,
3.0,
0.0,
0.0,
4.0,
0.0,
0.0,
0.0,
9.0,
0.0,
6.0,
1.0,
0.0,
0.0,
0.0,
0.0,
0.0,
0.0,
0.0,
0.0,
0.0,
0.0,
0.0,
0.0,
0.0,
0.0,
0.0,
0.0,
3.0,
3.0,
0.0,
0.0,
0.0,
1.0,
11.0,
0.0,
6.0,
5.0,
0.0,
0.0,
23.0,
0.0,
0.0,
0.0,
0.0,
0.0,
0.0,
0.0,
0.0,
0.0,
0.0,
0.0,
0.0,
0.0,
6.0,
5.0,
0.0,
0.0,
5.0,
6.0,
0.0,
101.0,
246.0,
174.0,
0.0,
0.0,
17.0,
13.0,
0.0,
0.0,
0.0,
0.0,
0.0,
0.0,
0.0,
0.0,
0.0,
0.0,
0.0,
0.0,
0.0,
2.0,
5.0,
1.0,
0.0,
0.0,
1.0,
5.0,
2.0,
102.0,
253.0,
169.0,
1.0,
0.0,
0.0,
0.0,
5.0,
0.0,
0.0,
0.0,
0.0,
0.0,
0.0,
0.0,
0.0,
0.0,
0.0,
0.0,
0.0,
1.0,
0.0,
0.0,
10.0,
10.0,
0.0,
0.0,
1.0,
119.0,
252.0,
161.0,
0.0,
5.0,
0.0,
0.0,
0.0,
0.0,
0.0,
0.0,
0.0,
0.0,
0.0,
0.0,
0.0,
0.0,
0.0,
0.0,
0.0,
3.0,
0.0,
9.0,
42.0,
42.0,
9.0,
0.0,
3.0,
189.0,
255.0,
151.0,
0.0,
1.0,
0.0,
6.0,
0.0,
0.0,
0.0,
0.0,
0.0,
0.0,
0.0,
0.0,
1.0,
1.0,
0.0,
0.0,
0.0,
0.0,
6.0,
14.0,
209.0,
254.0,
170.0,
7.0,
7.0,
205.0,
255.0,
160.0,
2.0,
2.0,
4.0,
1.0,
0.0,
0.0,
0.0,
0.0,
0.0,
0.0,
0.0,
1.0,
1.0,
0.0,
0.0,
0.0,
0.0,
4.0,
0.0,
122.0,
255.0,
247.0,
125.0,
0.0,
79.0,
240.0,
255.0,
96.0,
0.0,
0.0,
3.0,
0.0,
6.0,
0.0,
0.0,
0.0,
0.0,
1.0,
1.0,
1.0,
0.0,
0.0,
0.0,
0.0,
0.0,
0.0,
0.0,
240.0,
251.0,
233.0,
25.0,
0.0,
211.0,
255.0,
195.0,
18.0,
19.0,
0.0,
0.0,
0.0,
2.0,
0.0,
0.0,
0.0,
0.0,
2.0,
2.0,
1.0,
0.0,
0.0,
0.0,
0.0,
0.0,
4.0,
122.0,
248.0,
252.0,
132.0,
0.0,
0.0,
255.0,
250.0,
121.0,
0.0,
13.0,
13.0,
9.0,
0.0,
0.0,
0.0,
0.0,
0.0,
0.0,
2.0,
2.0,
0.0,
0.0,
0.0,
0.0,
0.0,
0.0,
29.0,
238.0,
249.0,
218.0,
50.0,
14.0,
125.0,
255.0,
244.0,
116.0,
11.0,
0.0,
0.0,
1.0,
3.0,
15.0,
0.0,
0.0,
0.0,
0.0,
2.0,
1.0,
0.0,
0.0,
0.0,
0.0,
1.0,
2.0,
54.0,
254.0,
255.0,
117.0,
0.0,
30.0,
255.0,
252.0,
231.0,
18.0,
0.0,
15.0,
64.0,
145.0,
219.0,
199.0,
0.0,
0.0,
0.0,
0.0,
0.0,
0.0,
0.0,
0.0,
0.0,
0.0,
2.0,
4.0,
139.0,
254.0,
233.0,
68.0,
0.0,
115.0,
246.0,
239.0,
144.0,
50.0,
138.0,
221.0,
239.0,
246.0,
255.0,
198.0,
0.0,
0.0,
0.0,
0.0,
0.0,
0.0,
0.0,
0.0,
0.0,
1.0,
4.0,
5.0,
253.0,
246.0,
237.0,
61.0,
155.0,
255.0,
244.0,
255.0,
254.0,
229.0,
137.0,
118.0,
249.0,
255.0,
184.0,
63.0,
0.0,
0.0,
0.0,
0.0,
0.0,
0.0,
3.0,
0.0,
5.0,
0.0,
0.0,
105.0,
255.0,
255.0,
245.0,
245.0,
255.0,
250.0,
246.0,
205.0,
120.0,
27.0,
9.0,
19.0,
210.0,
246.0,
95.0,
0.0,
0.0,
0.0,
0.0,
0.0,
2.0,
0.0,
7.0,
0.0,
6.0,
1.0,
0.0,
79.0,
251.0,
255.0,
234.0,
244.0,
219.0,
249.0,
243.0,
3.0,
11.0,
5.0,
0.0,
7.0,
38.0,
100.0,
0.0,
0.0,
0.0,
0.0,
0.0,
0.0,
0.0,
0.0,
6.0,
0.0,
0.0,
0.0,
0.0,
36.0,
65.0,
79.0,
36.0,
11.0,
243.0,
250.0,
121.0,
0.0,
0.0,
1.0,
2.0,
0.0,
0.0,
5.0,
0.0,
5.0,
0.0,
0.0,
0.0,
0.0,
1.0,
0.0,
4.0,
0.0,
0.0,
0.0,
0.0,
4.0,
8.0,
0.0,
4.0,
176.0,
250.0,
255.0,
31.0,
0.0,
6.0,
0.0,
15.0,
0.0,
16.0,
0.0,
18.0,
0.0,
0.0,
0.0,
0.0,
0.0,
6.0,
0.0,
5.0,
1.0,
0.0,
6.0,
4.0,
0.0,
0.0,
2.0,
7.0,
199.0,
250.0,
200.0,
32.0,
10.0,
0.0,
0.0,
0.0,
9.0,
0.0,
0.0,
8.0,
0.0,
0.0,
0.0,
0.0,
0.0,
3.0,
0.0,
1.0,
0.0,
0.0,
4.0,
5.0,
0.0,
0.0,
16.0,
115.0,
250.0,
255.0,
140.0,
0.0,
0.0,
0.0,
5.0,
0.0,
16.0,
0.0,
4.0,
1.0,
0.0,
0.0,
0.0,
0.0,
0.0,
0.0,
2.0,
0.0,
0.0,
0.0,
0.0,
1.0,
0.0,
0.0,
0.0,
233.0,
255.0,
249.0,
31.0,
0.0,
16.0,
4.0,
0.0,
0.0,
0.0,
3.0,
0.0,
0.0,
0.0,
0.0,
0.0,
0.0,
0.0,
0.0,
8.0,
1.0,
1.0,
4.0,
0.0,
0.0,
1.0,
0.0,
0.0,
113.0,
255.0,
132.0,
10.0,
0.0,
0.0,
0.0,
0.0,
5.0,
0.0,
2.0,
4.0,
0.0,
6.0,
0.0,
0.0,
0.0,
0.0,
0.0,
0.0,
0.0,
0.0,
0.0,
0.0,
0.0,
0.0,
0.0,
0.0,
0.0,
0.0,
0.0,
0.0,
0.0,
0.0,
0.0,
0.0,
0.0,
0.0,
0.0,
0.0,
0.0,
0.0,
0.0,
0.0,
0.0,
0.0,
0.0,
0.0,
0.0,
0.0,
0.0,
0.0,
0.0,
0.0,
0.0,
0.0,
0.0,
0.0,
0.0,
0.0,
0.0,
0.0,
0.0,
0.0,
0.0,
0.0,
0.0,
0.0,
0.0,
0.0,
0.0,
0.0,
0.0,
0.0,
0.0,
0.0,
0.0,
0.0,
0.0,
0.0,
0.0,
0.0,
0.0,
0.0,
0.0,
0.0,
0.0,
0.0,
0.0,
0.0,
0.0,
0.0,
0.0,
0.0,
0.0,
0.0,
0.0,
0.0,
0.0,
0.0,
0.0,
0.0,
0.0,
0.0,
0.0,
0.0,
0.0,
0.0,
0.0,
0.0,
0.0,
0.0,
0.0,
0.0,
0.0,
0.0,
0.0,
0.0,
0.0,
0.0,
0.0,
0.0,
0.0,
0.0,
0.0,
0.0,
0.0,
0.0,
0.0,
0.0,
