0.0,
0.0,
0.0,
0.0,
0.0,
0.0,
0.0,
0.0,
2.0,
0.0,
0.0,
0.0,
0.0,
9.0,
3.0,
0.0,
3.0,
3.0,
0.0,
5.0,
0.0,
2.0,
7.0,
0.0,
0.0,
0.0,
0.0,
0.0,
0.0,
0.0,
0.0,
0.0,
0.0,
0.0,
0.0,
0.0,
7.0,
3.0,
3.0,
10.0,
0.0,
1.0,
0.0,
7.0,
0.0,
15.0,
4.0,
0.0,
14.0,
4.0,
0.0,
8.0,
0.0,
0.0,
0.0,
0.0,
0.0,
0.0,
0.0,
0.0,
0.0,
0.0,
0.0,
0.0,
0.0,
0.0,
0.0,
7.0,
0.0,
4.0,
0.0,
0.0,
17.0,
0.0,
6.0,
9.0,
0.0,
0.0,
1.0,
0.0,
0.0,
0.0,
0.0,
0.0,
0.0,
0.0,
0.0,
0.0,
0.0,
0.0,
0.0,
0.0,
4.0,
3.0,
0.0,
0.0,
7.0,
0.0,
4.0,
8.0,
0.0,
0.0,
0.0,
1.0,
3.0,
5.0,
0.0,
16.0,
0.0,
0.0,
0.0,
0.0,
0.0,
0.0,
0.0,
0.0,
0.0,
0.0,
0.0,
0.0,
5.0,
4.0,
2.0,
0.0,
16.0,
0.0,
0.0,
6.0,
9.0,
0.0,
15.0,
0.0,
0.0,
0.0,
0.0,
0.0,
0.0,
0.0,
0.0,
0.0,
0.0,
0.0,
0.0,
0.0,
0.0,
0.0,
0.0,
0.0,
0.0,
0.0,
0.0,
55.0,
113.0,
31.0,
4.0,
0.0,
0.0,
11.0,
0.0,
0.0,
252.0,
251.0,
76.0,
0.0,
0.0,
0.0,
0.0,
0.0,
0.0,
0.0,
0.0,
0.0,
0.0,
0.0,
0.0,
0.0,
5.0,
0.0,
21.0,
179.0,
238.0,
114.0,
15.0,
0.0,
3.0,
0.0,
6.0,
65.0,
246.0,
254.0,
95.0,
15.0,
0.0,
0.0,
0.0,
0.0,
0.0,
0.0,
0.0,
0.0,
0.0,
0.0,
0.0,
0.0,
0.0,
3.0,
43.0,
251.0,
255.0,
106.0,
0.0,
8.0,
8.0,
0.0,
16.0,
175.0,
245.0,
238.0,
45.0,
0.0,
0.0,
0.0,
0.0,
0.0,
8.0,
0.0,
11.0,
6.0,
0.0,
18.0,
0.0,
0.0,
0.0,
27.0,
204.0,
250.0,
255.0,
54.0,
0.0,
0.0,
5.0,
0.0,
18.0,
228.0,
246.0,
172.0,
0.0,
0.0,
0.0,
0.0,
0.0,
0.0,
1.0,
0.0,
0.0,
8.0,
6.0,
0.0,
1.0,
3.0,
0.0,
130.0,
255.0,
250.0,
88.0,
0.0,
24.0,
0.0,
0.0,
0.0,
209.0,
237.0,
235.0,
76.0,
13.0,
3.0,
0.0,
0.0,
0.0,
0.0,
0.0,
11.0,
0.0,
0.0,
10.0,
4.0,
1.0,
0.0,
81.0,
255.0,
251.0,
212.0,
1.0,
15.0,
0.0,
0.0,
0.0,
79.0,
250.0,
255.0,
138.0,
9.0,
2.0,
0.0,
0.0,
0.0,
0.0,
0.0,
1.0,
6.0,
5.0,
0.0,
0.0,
19.0,
0.0,
51.0,
225.0,
255.0,
231.0,
32.0,
6.0,
0.0,
0.0,
4.0,
55.0,
230.0,
254.0,
249.0,
44.0,
80.0,
15.0,
20.0,
0.0,
0.0,
0.0,
0.0,
0.0,
0.0,
11.0,
9.0,
0.0,
0.0,
28.0,
180.0,
255.0,
242.0,
238.0,
17.0,
12.0,
0.0,
7.0,
7.0,
170.0,
253.0,
249.0,
130.0,
79.0,
172.0,
1.0,
0.0,
0.0,
0.0,
0.0,
0.0,
1.0,
0.0,
5.0,
0.0,
4.0,
24.0,
159.0,
255.0,
237.0,
255.0,
236.0,
179.0,
94.0,
18.0,
0.0,
58.0,
255.0,
247.0,
255.0,
167.0,
231.0,
159.0,
0.0,
0.0,
0.0,
0.0,
0.0,
0.0,
1.0,
12.0,
0.0,
0.0,
5.0,
143.0,
255.0,
252.0,
251.0,
232.0,
252.0,
255.0,
255.0,
160.0,
150.0,
220.0,
246.0,
255.0,
255.0,
255.0,
203.0,
37.0,
0.0,
15.0,
0.0,
0.0,
0.0,
0.0,
0.0,
0.0,
0.0,
21.0,
0.0,
221.0,
252.0,
241.0,
105.0,
29.0,
157.0,
238.0,
242.0,
255.0,
255.0,
249.0,
255.0,
255.0,
245.0,
216.0,
64.0,
14.0,
0.0,
0.0,
0.0,
0.0,
0.0,
0.0,
0.0,
0.0,
9.0,
0.0,
13.0,
153.0,
189.0,
59.0,
0.0,
8.0,
0.0,
50.0,
189.0,
253.0,
253.0,
255.0,
255.0,
148.0,
92.0,
5.0,
0.0,
4.0,
8.0,
0.0,
0.0,
0.0,
0.0,
0.0,
5.0,
0.0,
3.0,
5.0,
0.0,
2.0,
18.0,
1.0,
3.0,
0.0,
0.0,
19.0,
23.0,
243.0,
255.0,
238.0,
181.0,
31.0,
0.0,
0.0,
11.0,
0.0,
0.0,
3.0,
0.0,
0.0,
0.0,
0.0,
0.0,
0.0,
0.0,
2.0,
5.0,
0.0,
0.0,
4.0,
0.0,
0.0,
2.0,
0.0,
46.0,
250.0,
253.0,
242.0,
75.0,
0.0,
0.0,
1.0,
11.0,
2.0,
0.0,
12.0,
0.0,
0.0,
0.0,
0.0,
0.0,
11.0,
0.0,
0.0,
5.0,
13.0,
2.0,
1.0,
0.0,
0.0,
9.0,
0.0,
202.0,
255.0,
241.0,
180.0,
1.0,
0.0,
18.0,
2.0,
0.0,
0.0,
0.0,
0.0,
0.0,
0.0,
0.0,
0.0,
2.0,
0.0,
1.0,
0.0,
0.0,
0.0,
0.0,
1.0,
2.0,
0.0,
7.0,
46.0,
244.0,
247.0,
244.0,
45.0,
0.0,
0.0,
0.0,
4.0,
0.0,
1.0,
0.0,
1.0,
0.0,
0.0,
0.0,
0.0,
0.0,
0.0,
4.0,
10.0,
0.0,
0.0,
10.0,
1.0,
0.0,
10.0,
0.0,
159.0,
242.0,
246.0,
177.0,
0.0,
8.0,
2.0,
0.0,
5.0,
4.0,
11.0,
3.0,
7.0,
0.0,
0.0,
0.0,
0.0,
3.0,
2.0,
0.0,
0.0,
0.0,
5.0,
1.0,
0.0,
0.0,
11.0,
26.0,
245.0,
255.0,
233.0,
64.0,
2.0,
0.0,
11.0,
0.0,
0.0,
0.0,
3.0,
0.0,
0.0,
0.0,
0.0,
0.0,
0.0,
5.0,
2.0,
0.0,
0.0,
7.0,
0.0,
0.0,
15.0,
11.0,
0.0,
74.0,
253.0,
254.0,
201.0,
1.0,
0.0,
0.0,
8.0,
0.0,
8.0,
4.0,
8.0,
0.0,
2.0,
0.0,
0.0,
0.0,
0.0,
0.0,
0.0,
0.0,
0.0,
0.0,
0.0,
0.0,
0.0,
5.0,
0.0,
13.0,
233.0,
248.0,
79.0,
17.0,
0.0,
0.0,
0.0,
0.0,
0.0,
0.0,
0.0,
0.0,
0.0,
0.0,
0.0,
0.0,
0.0,
0.0,
0.0,
0.0,
0.0,
0.0,
0.0,
0.0,
0.0,
0.0,
8.0,
0.0,
8.0,
1.0,
0.0,
7.0,
0.0,
0.0,
0.0,
0.0,
0.0,
0.0,
0.0,
0.0,
0.0,
0.0,
0.0,
0.0,
0.0,
0.0,
0.0,
0.0,
0.0,
0.0,
0.0,
0.0,
0.0,
17.0,
5.0,
4.0,
8.0,
0.0,
0.0,
0.0,
22.0,
0.0,
0.0,
0.0,
0.0,
0.0,
0.0,
0.0,
0.0,
0.0,
0.0,
0.0,
0.0,
0.0,
0.0,
0.0,
0.0,
0.0,
0.0,
0.0,
0.0,
0.0,
0.0,
5.0,
1.0,
0.0,
9.0,
0.0,
0.0,
0.0,
0.0,
0.0,
0.0,
0.0,
0.0,
0.0,
0.0,
0.0,
0.0,
0.0,
0.0,
