0.0,
0.0,
0.0,
0.0,
0.0,
0.0,
0.0,
0.0,
0.0,
1.0,
3.0,
2.0,
0.0,
0.0,
1.0,
3.0,
0.0,
9.0,
0.0,
0.0,
0.0,
0.0,
9.0,
6.0,
0.0,
0.0,
0.0,
0.0,
0.0,
0.0,
0.0,
0.0,
0.0,
0.0,
0.0,
0.0,
0.0,
1.0,
1.0,
0.0,
0.0,
0.0,
0.0,
0.0,
3.0,
0.0,
17.0,
9.0,
0.0,
16.0,
0.0,
0.0,
0.0,
0.0,
0.0,
0.0,
0.0,
0.0,
0.0,
0.0,
0.0,
0.0,
0.0,
0.0,
3.0,
1.0,
0.0,
0.0,
0.0,
0.0,
0.0,
0.0,
9.0,
0.0,
0.0,
2.0,
0.0,
16.0,
9.0,
16.0,
0.0,
0.0,
0.0,
0.0,
0.0,
0.0,
0.0,
0.0,
0.0,
0.0,
0.0,
0.0,
3.0,
1.0,
0.0,
1.0,
2.0,
3.0,
1.0,
0.0,
0.0,
20.0,
0.0,
0.0,
2.0,
0.0,
0.0,
2.0,
0.0,
0.0,
0.0,
0.0,
0.0,
0.0,
0.0,
0.0,
0.0,
0.0,
0.0,
0.0,
0.0,
0.0,
0.0,
0.0,
1.0,
2.0,
2.0,
1.0,
11.0,
0.0,
0.0,
13.0,
185.0,
220.0,
52.0,
4.0,
0.0,
0.0,
0.0,
0.0,
0.0,
0.0,
0.0,
0.0,
0.0,
0.0,
0.0,
0.0,
0.0,
0.0,
0.0,
0.0,
0.0,
0.0,
0.0,
1.0,
8.0,
0.0,
0.0,
61.0,
253.0,
255.0,
62.0,
0.0,
0.0,
0.0,
0.0,
0.0,
0.0,
0.0,
0.0,
0.0,
0.0,
0.0,
0.0,
0.0,
0.0,
4.0,
7.0,
4.0,
0.0,
0.0,
0.0,
2.0,
0.0,
4.0,
0.0,
133.0,
255.0,
242.0,
64.0,
6.0,
0.0,
0.0,
0.0,
0.0,
0.0,
0.0,
0.0,
0.0,
0.0,
0.0,
0.0,
0.0,
6.0,
12.0,
15.0,
10.0,
0.0,
0.0,
0.0,
5.0,
0.0,
14.0,
106.0,
247.0,
251.0,
217.0,
0.0,
3.0,
0.0,
0.0,
0.0,
0.0,
12.0,
0.0,
0.0,
7.0,
0.0,
9.0,
0.0,
7.0,
10.0,
219.0,
237.0,
180.0,
0.0,
0.0,
8.0,
0.0,
0.0,
4.0,
188.0,
242.0,
252.0,
116.0,
8.0,
0.0,
0.0,
0.0,
0.0,
0.0,
0.0,
0.0,
3.0,
7.0,
0.0,
3.0,
5.0,
1.0,
40.0,
255.0,
255.0,
203.0,
8.0,
16.0,
0.0,
1.0,
0.0,
78.0,
239.0,
255.0,
235.0,
6.0,
0.0,
1.0,
0.0,
0.0,
0.0,
0.0,
0.0,
2.0,
3.0,
1.0,
0.0,
0.0,
3.0,
0.0,
179.0,
249.0,
252.0,
204.0,
0.0,
0.0,
0.0,
8.0,
24.0,
205.0,
255.0,
252.0,
185.0,
8.0,
12.0,
1.0,
0.0,
0.0,
0.0,
0.0,
6.0,
6.0,
0.0,
0.0,
2.0,
0.0,
0.0,
50.0,
239.0,
252.0,
250.0,
128.0,
6.0,
12.0,
20.0,
0.0,
49.0,
255.0,
237.0,
207.0,
44.0,
0.0,
0.0,
0.0,
0.0,
0.0,
0.0,
0.0,
0.0,
4.0,
0.0,
2.0,
5.0,
5.0,
6.0,
162.0,
255.0,
253.0,
163.0,
4.0,
0.0,
0.0,
0.0,
29.0,
180.0,
255.0,
248.0,
164.0,
6.0,
0.0,
0.0,
11.0,
0.0,
0.0,
0.0,
0.0,
0.0,
3.0,
3.0,
5.0,
0.0,
0.0,
55.0,
242.0,
255.0,
249.0,
194.0,
164.0,
147.0,
117.0,
68.0,
144.0,
255.0,
251.0,
246.0,
68.0,
9.0,
0.0,
7.0,
0.0,
0.0,
0.0,
0.0,
0.0,
0.0,
4.0,
7.0,
0.0,
0.0,
5.0,
149.0,
255.0,
245.0,
255.0,
253.0,
255.0,
235.0,
255.0,
252.0,
255.0,
248.0,
253.0,
208.0,
21.0,
0.0,
0.0,
22.0,
0.0,
0.0,
0.0,
0.0,
0.0,
5.0,
1.0,
1.0,
0.0,
13.0,
35.0,
243.0,
253.0,
249.0,
255.0,
248.0,
242.0,
255.0,
255.0,
246.0,
252.0,
255.0,
250.0,
87.0,
10.0,
0.0,
4.0,
4.0,
0.0,
0.0,
0.0,
0.0,
0.0,
3.0,
7.0,
0.0,
11.0,
0.0,
51.0,
221.0,
255.0,
254.0,
247.0,
238.0,
255.0,
251.0,
202.0,
252.0,
246.0,
255.0,
236.0,
49.0,
4.0,
0.0,
0.0,
0.0,
5.0,
0.0,
0.0,
0.0,
0.0,
0.0,
0.0,
0.0,
20.0,
0.0,
0.0,
41.0,
14.0,
8.0,
16.0,
15.0,
0.0,
7.0,
32.0,
255.0,
255.0,
237.0,
92.0,
0.0,
0.0,
0.0,
0.0,
4.0,
0.0,
0.0,
0.0,
0.0,
0.0,
7.0,
1.0,
0.0,
3.0,
0.0,
0.0,
1.0,
0.0,
0.0,
7.0,
0.0,
6.0,
15.0,
151.0,
255.0,
228.0,
193.0,
0.0,
0.0,
0.0,
4.0,
0.0,
6.0,
0.0,
0.0,
0.0,
0.0,
0.0,
0.0,
1.0,
4.0,
1.0,
4.0,
6.0,
2.0,
8.0,
0.0,
1.0,
0.0,
5.0,
17.0,
241.0,
255.0,
255.0,
101.0,
2.0,
10.0,
0.0,
12.0,
0.0,
0.0,
6.0,
0.0,
0.0,
0.0,
0.0,
0.0,
1.0,
10.0,
0.0,
0.0,
0.0,
0.0,
3.0,
13.0,
0.0,
5.0,
0.0,
136.0,
255.0,
234.0,
185.0,
7.0,
9.0,
7.0,
0.0,
2.0,
0.0,
0.0,
5.0,
0.0,
0.0,
0.0,
0.0,
3.0,
2.0,
0.0,
0.0,
0.0,
4.0,
0.0,
13.0,
0.0,
2.0,
15.0,
24.0,
224.0,
232.0,
255.0,
174.0,
0.0,
0.0,
0.0,
15.0,
0.0,
0.0,
7.0,
0.0,
0.0,
0.0,
0.0,
0.0,
0.0,
0.0,
0.0,
7.0,
10.0,
3.0,
0.0,
0.0,
1.0,
8.0,
0.0,
48.0,
255.0,
255.0,
246.0,
76.0,
8.0,
0.0,
0.0,
19.0,
0.0,
0.0,
9.0,
0.0,
0.0,
0.0,
0.0,
0.0,
3.0,
4.0,
0.0,
3.0,
0.0,
0.0,
10.0,
1.0,
3.0,
0.0,
6.0,
40.0,
246.0,
255.0,
253.0,
75.0,
2.0,
2.0,
0.0,
0.0,
1.0,
0.0,
0.0,
1.0,
0.0,
0.0,
0.0,
0.0,
0.0,
0.0,
0.0,
0.0,
0.0,
0.0,
0.0,
0.0,
0.0,
0.0,
0.0,
0.0,
0.0,
0.0,
0.0,
0.0,
0.0,
0.0,
0.0,
0.0,
0.0,
0.0,
0.0,
0.0,
0.0,
0.0,
0.0,
0.0,
0.0,
0.0,
0.0,
0.0,
0.0,
0.0,
0.0,
0.0,
0.0,
0.0,
0.0,
0.0,
0.0,
0.0,
0.0,
0.0,
0.0,
0.0,
0.0,
0.0,
0.0,
0.0,
0.0,
0.0,
0.0,
0.0,
0.0,
0.0,
0.0,
0.0,
0.0,
0.0,
0.0,
0.0,
0.0,
0.0,
0.0,
0.0,
0.0,
0.0,
0.0,
0.0,
0.0,
0.0,
0.0,
0.0,
0.0,
0.0,
0.0,
0.0,
0.0,
0.0,
0.0,
0.0,
0.0,
0.0,
0.0,
0.0,
0.0,
0.0,
0.0,
0.0,
0.0,
0.0,
0.0,
0.0,
0.0,
0.0,
0.0,
0.0,
0.0,
0.0,
0.0,
0.0,
0.0,
0.0,
0.0,
0.0,
0.0,
0.0,
0.0,
0.0,
0.0,
0.0,
