0.0,
0.0,
0.0,
0.0,
0.0,
0.0,
0.0,
0.0,
0.0,
0.0,
9.0,
0.0,
0.0,
0.0,
6.0,
0.0,
3.0,
0.0,
5.0,
0.0,
0.0,
7.0,
16.0,
0.0,
0.0,
0.0,
0.0,
0.0,
0.0,
0.0,
0.0,
0.0,
0.0,
0.0,
0.0,
0.0,
2.0,
8.0,
0.0,
0.0,
10.0,
6.0,
0.0,
0.0,
0.0,
13.0,
0.0,
11.0,
18.0,
0.0,
7.0,
0.0,
0.0,
0.0,
0.0,
0.0,
0.0,
0.0,
0.0,
0.0,
0.0,
0.0,
0.0,
0.0,
5.0,
0.0,
0.0,
6.0,
0.0,
3.0,
10.0,
0.0,
11.0,
0.0,
3.0,
2.0,
0.0,
0.0,
0.0,
3.0,
0.0,
0.0,
0.0,
0.0,
0.0,
0.0,
0.0,
0.0,
0.0,
0.0,
0.0,
0.0,
4.0,
0.0,
5.0,
7.0,
0.0,
0.0,
0.0,
1.0,
0.0,
0.0,
0.0,
6.0,
2.0,
0.0,
10.0,
8.0,
0.0,
0.0,
0.0,
0.0,
0.0,
0.0,
0.0,
0.0,
0.0,
0.0,
0.0,
0.0,
3.0,
3.0,
0.0,
5.0,
4.0,
17.0,
6.0,
0.0,
6.0,
0.0,
5.0,
0.0,
0.0,
4.0,
0.0,
0.0,
0.0,
0.0,
0.0,
0.0,
0.0,
0.0,
0.0,
0.0,
0.0,
0.0,
0.0,
0.0,
4.0,
4.0,
0.0,
0.0,
0.0,
149.0,
147.0,
0.0,
0.0,
21.0,
0.0,
17.0,
0.0,
89.0,
232.0,
25.0,
0.0,
0.0,
0.0,
0.0,
0.0,
0.0,
0.0,
0.0,
0.0,
0.0,
0.0,
0.0,
2.0,
0.0,
0.0,
2.0,
52.0,
242.0,
228.0,
2.0,
11.0,
2.0,
5.0,
0.0,
0.0,
182.0,
255.0,
0.0,
0.0,
0.0,
0.0,
0.0,
0.0,
0.0,
0.0,
0.0,
0.0,
0.0,
0.0,
0.0,
0.0,
3.0,
4.0,
14.0,
212.0,
235.0,
140.0,
0.0,
0.0,
0.0,
0.0,
3.0,
104.0,
255.0,
224.0,
2.0,
0.0,
0.0,
0.0,
0.0,
1.0,
0.0,
7.0,
6.0,
0.0,
0.0,
0.0,
0.0,
1.0,
0.0,
3.0,
171.0,
250.0,
239.0,
30.0,
0.0,
6.0,
0.0,
12.0,
2.0,
138.0,
227.0,
59.0,
0.0,
0.0,
0.0,
0.0,
0.0,
4.0,
0.0,
1.0,
2.0,
0.0,
0.0,
6.0,
0.0,
2.0,
35.0,
200.0,
242.0,
255.0,
71.0,
8.0,
0.0,
0.0,
21.0,
6.0,
34.0,
234.0,
189.0,
0.0,
4.0,
0.0,
0.0,
0.0,
0.0,
3.0,
1.0,
0.0,
3.0,
0.0,
1.0,
8.0,
0.0,
0.0,
106.0,
234.0,
255.0,
120.0,
0.0,
12.0,
0.0,
7.0,
0.0,
0.0,
191.0,
255.0,
20.0,
0.0,
0.0,
0.0,
0.0,
0.0,
0.0,
0.0,
3.0,
0.0,
8.0,
0.0,
1.0,
1.0,
4.0,
140.0,
225.0,
254.0,
134.0,
0.0,
6.0,
0.0,
0.0,
0.0,
10.0,
64.0,
255.0,
204.0,
0.0,
19.0,
0.0,
0.0,
0.0,
0.0,
0.0,
0.0,
4.0,
0.0,
6.0,
0.0,
2.0,
0.0,
58.0,
212.0,
251.0,
116.0,
0.0,
0.0,
0.0,
6.0,
6.0,
5.0,
0.0,
180.0,
255.0,
81.0,
13.0,
6.0,
0.0,
0.0,
0.0,
0.0,
0.0,
2.0,
3.0,
0.0,
0.0,
0.0,
5.0,
4.0,
148.0,
255.0,
152.0,
0.0,
18.0,
16.0,
0.0,
2.0,
0.0,
3.0,
48.0,
237.0,
214.0,
0.0,
6.0,
0.0,
0.0,
0.0,
0.0,
0.0,
0.0,
3.0,
0.0,
3.0,
0.0,
0.0,
6.0,
0.0,
227.0,
245.0,
10.0,
1.0,
0.0,
0.0,
24.0,
0.0,
4.0,
0.0,
236.0,
255.0,
113.0,
1.0,
9.0,
0.0,
7.0,
0.0,
0.0,
0.0,
0.0,
0.0,
0.0,
9.0,
0.0,
0.0,
4.0,
0.0,
255.0,
255.0,
187.0,
74.0,
8.0,
0.0,
0.0,
7.0,
0.0,
67.0,
255.0,
252.0,
78.0,
0.0,
0.0,
0.0,
4.0,
0.0,
0.0,
0.0,
0.0,
2.0,
0.0,
3.0,
0.0,
4.0,
0.0,
14.0,
162.0,
251.0,
255.0,
246.0,
202.0,
170.0,
172.0,
110.0,
123.0,
213.0,
255.0,
126.0,
9.0,
0.0,
0.0,
6.0,
2.0,
0.0,
0.0,
0.0,
0.0,
0.0,
0.0,
9.0,
0.0,
5.0,
4.0,
0.0,
45.0,
149.0,
237.0,
218.0,
250.0,
255.0,
255.0,
225.0,
255.0,
255.0,
151.0,
38.0,
0.0,
0.0,
5.0,
14.0,
0.0,
0.0,
0.0,
0.0,
0.0,
0.0,
0.0,
6.0,
0.0,
0.0,
14.0,
0.0,
0.0,
0.0,
4.0,
41.0,
108.0,
124.0,
141.0,
255.0,
253.0,
198.0,
22.0,
0.0,
3.0,
0.0,
7.0,
0.0,
0.0,
0.0,
0.0,
0.0,
0.0,
8.0,
0.0,
2.0,
0.0,
0.0,
3.0,
0.0,
9.0,
9.0,
0.0,
0.0,
5.0,
20.0,
55.0,
225.0,
234.0,
47.0,
0.0,
0.0,
2.0,
3.0,
5.0,
0.0,
10.0,
0.0,
0.0,
0.0,
0.0,
3.0,
0.0,
5.0,
15.0,
2.0,
0.0,
0.0,
4.0,
0.0,
3.0,
0.0,
0.0,
0.0,
154.0,
250.0,
172.0,
0.0,
13.0,
6.0,
0.0,
2.0,
8.0,
0.0,
5.0,
0.0,
0.0,
0.0,
0.0,
1.0,
0.0,
3.0,
1.0,
0.0,
3.0,
5.0,
0.0,
8.0,
0.0,
2.0,
3.0,
50.0,
252.0,
236.0,
0.0,
0.0,
12.0,
0.0,
0.0,
0.0,
0.0,
15.0,
0.0,
0.0,
0.0,
0.0,
0.0,
0.0,
7.0,
0.0,
0.0,
0.0,
7.0,
12.0,
2.0,
0.0,
0.0,
0.0,
24.0,
224.0,
248.0,
132.0,
0.0,
0.0,
0.0,
0.0,
9.0,
0.0,
0.0,
10.0,
0.0,
0.0,
0.0,
0.0,
0.0,
0.0,
6.0,
1.0,
3.0,
4.0,
0.0,
0.0,
0.0,
7.0,
0.0,
6.0,
143.0,
255.0,
129.0,
3.0,
2.0,
2.0,
7.0,
0.0,
0.0,
11.0,
2.0,
0.0,
6.0,
0.0,
0.0,
0.0,
0.0,
0.0,
0.0,
0.0,
0.0,
0.0,
0.0,
0.0,
0.0,
3.0,
0.0,
1.0,
115.0,
243.0,
63.0,
4.0,
0.0,
0.0,
0.0,
0.0,
0.0,
0.0,
0.0,
0.0,
0.0,
0.0,
0.0,
0.0,
0.0,
0.0,
0.0,
0.0,
0.0,
0.0,
0.0,
0.0,
0.0,
0.0,
16.0,
0.0,
0.0,
28.0,
0.0,
12.0,
7.0,
0.0,
0.0,
0.0,
0.0,
0.0,
0.0,
0.0,
0.0,
0.0,
0.0,
0.0,
0.0,
0.0,
0.0,
0.0,
0.0,
0.0,
0.0,
0.0,
0.0,
0.0,
7.0,
0.0,
8.0,
0.0,
0.0,
8.0,
0.0,
0.0,
0.0,
0.0,
0.0,
0.0,
0.0,
0.0,
0.0,
0.0,
0.0,
0.0,
0.0,
0.0,
0.0,
0.0,
0.0,
0.0,
0.0,
0.0,
0.0,
10.0,
0.0,
0.0,
24.0,
0.0,
12.0,
0.0,
0.0,
0.0,
0.0,
0.0,
0.0,
0.0,
0.0,
0.0,
0.0,
0.0,
0.0,
0.0,
0.0,
