0.0,
0.0,
0.0,
0.0,
0.0,
0.0,
0.0,
0.0,
0.0,
0.0,
0.0,
11.0,
0.0,
5.0,
0.0,
2.0,
0.0,
15.0,
0.0,
5.0,
0.0,
0.0,
0.0,
1.0,
0.0,
7.0,
0.0,
0.0,
0.0,
0.0,
0.0,
0.0,
0.0,
0.0,
0.0,
0.0,
0.0,
0.0,
20.0,
0.0,
0.0,
7.0,
3.0,
14.0,
3.0,
0.0,
0.0,
10.0,
0.0,
11.0,
9.0,
9.0,
0.0,
0.0,
0.0,
5.0,
0.0,
0.0,
0.0,
0.0,
0.0,
0.0,
0.0,
0.0,
13.0,
0.0,
7.0,
0.0,
0.0,
10.0,
0.0,
0.0,
11.0,
0.0,
0.0,
3.0,
0.0,
0.0,
0.0,
0.0,
5.0,
2.0,
0.0,
0.0,
0.0,
0.0,
0.0,
0.0,
0.0,
0.0,
0.0,
0.0,
0.0,
0.0,
0.0,
21.0,
0.0,
0.0,
11.0,
9.0,
0.0,
0.0,
7.0,
6.0,
5.0,
19.0,
4.0,
0.0,
0.0,
0.0,
3.0,
0.0,
0.0,
0.0,
0.0,
0.0,
0.0,
0.0,
0.0,
0.0,
13.0,
0.0,
8.0,
0.0,
0.0,
8.0,
2.0,
0.0,
7.0,
4.0,
0.0,
0.0,
0.0,
0.0,
0.0,
21.0,
7.0,
0.0,
7.0,
7.0,
0.0,
0.0,
0.0,
0.0,
0.0,
0.0,
0.0,
0.0,
9.0,
61.0,
224.0,
83.0,
1.0,
0.0,
0.0,
18.0,
0.0,
0.0,
0.0,
1.0,
7.0,
8.0,
119.0,
236.0,
93.0,
6.0,
0.0,
3.0,
0.0,
0.0,
0.0,
0.0,
0.0,
0.0,
0.0,
0.0,
0.0,
97.0,
255.0,
137.0,
0.0,
4.0,
0.0,
1.0,
0.0,
3.0,
0.0,
0.0,
3.0,
47.0,
208.0,
255.0,
108.0,
10.0,
0.0,
0.0,
0.0,
0.0,
0.0,
0.0,
0.0,
0.0,
0.0,
0.0,
13.0,
168.0,
237.0,
185.0,
0.0,
4.0,
6.0,
0.0,
0.0,
0.0,
0.0,
6.0,
40.0,
125.0,
241.0,
140.0,
11.0,
0.0,
19.0,
7.0,
0.0,
0.0,
0.0,
15.0,
0.0,
0.0,
7.0,
0.0,
15.0,
202.0,
251.0,
109.0,
0.0,
8.0,
0.0,
0.0,
0.0,
1.0,
2.0,
6.0,
108.0,
239.0,
199.0,
8.0,
0.0,
0.0,
0.0,
0.0,
5.0,
0.0,
4.0,
0.0,
4.0,
12.0,
0.0,
6.0,
0.0,
209.0,
248.0,
141.0,
0.0,
11.0,
0.0,
2.0,
0.0,
6.0,
6.0,
0.0,
211.0,
255.0,
28.0,
5.0,
0.0,
0.0,
0.0,
0.0,
0.0,
0.0,
2.0,
0.0,
7.0,
10.0,
0.0,
7.0,
21.0,
216.0,
255.0,
50.0,
0.0,
0.0,
0.0,
0.0,
0.0,
14.0,
2.0,
181.0,
250.0,
138.0,
11.0,
0.0,
0.0,
0.0,
0.0,
0.0,
0.0,
6.0,
0.0,
3.0,
0.0,
0.0,
20.0,
37.0,
206.0,
255.0,
111.0,
0.0,
9.0,
4.0,
0.0,
23.0,
10.0,
0.0,
133.0,
252.0,
232.0,
27.0,
12.0,
2.0,
0.0,
0.0,
0.0,
0.0,
0.0,
8.0,
0.0,
10.0,
0.0,
0.0,
14.0,
125.0,
243.0,
245.0,
21.0,
0.0,
1.0,
4.0,
8.0,
0.0,
2.0,
46.0,
255.0,
236.0,
108.0,
0.0,
0.0,
0.0,
0.0,
0.0,
0.0,
0.0,
4.0,
0.0,
0.0,
0.0,
7.0,
0.0,
8.0,
220.0,
247.0,
89.0,
5.0,
14.0,
4.0,
0.0,
7.0,
30.0,
57.0,
241.0,
252.0,
255.0,
173.0,
104.0,
7.0,
11.0,
0.0,
0.0,
0.0,
0.0,
3.0,
0.0,
0.0,
0.0,
5.0,
0.0,
103.0,
255.0,
249.0,
117.0,
88.0,
107.0,
109.0,
255.0,
227.0,
245.0,
246.0,
255.0,
254.0,
250.0,
255.0,
221.0,
73.0,
5.0,
0.0,
0.0,
0.0,
0.0,
0.0,
0.0,
3.0,
12.0,
0.0,
0.0,
239.0,
247.0,
251.0,
255.0,
252.0,
245.0,
255.0,
241.0,
255.0,
232.0,
253.0,
255.0,
214.0,
177.0,
180.0,
166.0,
11.0,
0.0,
0.0,
0.0,
0.0,
0.0,
0.0,
0.0,
3.0,
5.0,
0.0,
96.0,
255.0,
252.0,
255.0,
255.0,
241.0,
171.0,
123.0,
88.0,
57.0,
80.0,
241.0,
146.0,
9.0,
7.0,
0.0,
0.0,
7.0,
0.0,
0.0,
0.0,
0.0,
0.0,
1.0,
0.0,
0.0,
3.0,
3.0,
104.0,
247.0,
244.0,
205.0,
87.0,
20.0,
5.0,
4.0,
0.0,
0.0,
173.0,
249.0,
84.0,
0.0,
0.0,
0.0,
6.0,
7.0,
0.0,
0.0,
0.0,
0.0,
0.0,
4.0,
3.0,
0.0,
0.0,
0.0,
38.0,
106.0,
88.0,
3.0,
6.0,
9.0,
0.0,
0.0,
7.0,
76.0,
251.0,
200.0,
8.0,
0.0,
8.0,
0.0,
2.0,
0.0,
0.0,
0.0,
0.0,
0.0,
0.0,
0.0,
2.0,
0.0,
5.0,
3.0,
1.0,
12.0,
0.0,
0.0,
9.0,
0.0,
0.0,
17.0,
3.0,
151.0,
250.0,
155.0,
0.0,
5.0,
13.0,
2.0,
0.0,
0.0,
0.0,
0.0,
0.0,
0.0,
0.0,
0.0,
5.0,
0.0,
1.0,
6.0,
1.0,
3.0,
2.0,
0.0,
6.0,
0.0,
13.0,
0.0,
8.0,
183.0,
251.0,
132.0,
19.0,
0.0,
0.0,
10.0,
4.0,
0.0,
0.0,
0.0,
0.0,
0.0,
0.0,
0.0,
5.0,
0.0,
0.0,
0.0,
0.0,
0.0,
2.0,
0.0,
0.0,
0.0,
12.0,
0.0,
166.0,
247.0,
219.0,
53.0,
18.0,
0.0,
0.0,
8.0,
0.0,
2.0,
1.0,
0.0,
0.0,
0.0,
0.0,
0.0,
0.0,
1.0,
1.0,
5.0,
5.0,
0.0,
5.0,
14.0,
0.0,
0.0,
0.0,
16.0,
193.0,
244.0,
179.0,
0.0,
0.0,
0.0,
6.0,
0.0,
0.0,
0.0,
6.0,
0.0,
0.0,
0.0,
0.0,
3.0,
0.0,
2.0,
0.0,
0.0,
1.0,
0.0,
0.0,
0.0,
2.0,
3.0,
0.0,
134.0,
255.0,
252.0,
28.0,
10.0,
0.0,
2.0,
10.0,
0.0,
7.0,
0.0,
0.0,
0.0,
0.0,
0.0,
0.0,
0.0,
0.0,
0.0,
0.0,
0.0,
0.0,
0.0,
0.0,
0.0,
2.0,
2.0,
0.0,
136.0,
244.0,
105.0,
0.0,
0.0,
0.0,
0.0,
0.0,
0.0,
0.0,
0.0,
0.0,
0.0,
0.0,
0.0,
0.0,
0.0,
0.0,
0.0,
0.0,
0.0,
0.0,
0.0,
0.0,
5.0,
0.0,
10.0,
0.0,
13.0,
22.0,
0.0,
8.0,
0.0,
0.0,
0.0,
0.0,
0.0,
0.0,
0.0,
0.0,
0.0,
0.0,
0.0,
0.0,
0.0,
0.0,
0.0,
0.0,
0.0,
0.0,
0.0,
0.0,
5.0,
0.0,
0.0,
0.0,
0.0,
0.0,
0.0,
11.0,
0.0,
0.0,
0.0,
0.0,
0.0,
0.0,
0.0,
0.0,
0.0,
0.0,
0.0,
0.0,
0.0,
0.0,
0.0,
0.0,
0.0,
0.0,
0.0,
0.0,
0.0,
7.0,
12.0,
8.0,
3.0,
9.0,
13.0,
0.0,
0.0,
0.0,
0.0,
0.0,
0.0,
0.0,
0.0,
0.0,
0.0,
0.0,
0.0,
0.0,
