0.0,
0.0,
0.0,
0.0,
0.0,
0.0,
0.0,
0.0,
1.0,
1.0,
1.0,
2.0,
0.0,
5.0,
0.0,
2.0,
4.0,
0.0,
2.0,
0.0,
10.0,
0.0,
3.0,
0.0,
0.0,
0.0,
0.0,
0.0,
0.0,
0.0,
0.0,
0.0,
0.0,
0.0,
0.0,
0.0,
6.0,
0.0,
1.0,
9.0,
10.0,
11.0,
0.0,
1.0,
0.0,
9.0,
12.0,
10.0,
0.0,
0.0,
0.0,
7.0,
0.0,
0.0,
0.0,
0.0,
0.0,
0.0,
0.0,
0.0,
0.0,
0.0,
0.0,
0.0,
0.0,
20.0,
0.0,
0.0,
0.0,
0.0,
16.0,
0.0,
1.0,
0.0,
0.0,
0.0,
6.0,
5.0,
0.0,
0.0,
0.0,
0.0,
0.0,
0.0,
0.0,
0.0,
0.0,
0.0,
0.0,
0.0,
0.0,
0.0,
0.0,
11.0,
0.0,
10.0,
6.0,
0.0,
0.0,
6.0,
2.0,
0.0,
9.0,
0.0,
12.0,
0.0,
10.0,
15.0,
0.0,
0.0,
0.0,
0.0,
0.0,
0.0,
0.0,
0.0,
0.0,
0.0,
0.0,
0.0,
0.0,
0.0,
6.0,
0.0,
0.0,
17.0,
0.0,
8.0,
14.0,
2.0,
0.0,
9.0,
0.0,
0.0,
0.0,
0.0,
0.0,
0.0,
0.0,
0.0,
0.0,
0.0,
0.0,
0.0,
0.0,
0.0,
0.0,
0.0,
0.0,
5.0,
1.0,
78.0,
54.0,
3.0,
5.0,
0.0,
0.0,
156.0,
255.0,
57.0,
1.0,
0.0,
49.0,
0.0,
0.0,
0.0,
0.0,
0.0,
0.0,
0.0,
0.0,
0.0,
0.0,
0.0,
0.0,
0.0,
5.0,
0.0,
58.0,
248.0,
211.0,
0.0,
1.0,
1.0,
111.0,
243.0,
246.0,
183.0,
0.0,
2.0,
0.0,
2.0,
0.0,
0.0,
0.0,
0.0,
0.0,
0.0,
0.0,
0.0,
0.0,
0.0,
0.0,
0.0,
0.0,
0.0,
177.0,
238.0,
183.0,
11.0,
0.0,
1.0,
216.0,
255.0,
217.0,
120.0,
0.0,
4.0,
0.0,
0.0,
0.0,
0.0,
0.0,
0.0,
0.0,
0.0,
0.0,
0.0,
0.0,
0.0,
0.0,
0.0,
9.0,
16.0,
196.0,
255.0,
91.0,
1.0,
6.0,
0.0,
231.0,
255.0,
61.0,
0.0,
0.0,
0.0,
0.0,
7.0,
0.0,
0.0,
0.0,
0.0,
0.0,
0.0,
0.0,
0.0,
0.0,
0.0,
0.0,
0.0,
0.0,
88.0,
255.0,
226.0,
69.0,
2.0,
3.0,
135.0,
250.0,
218.0,
25.0,
0.0,
11.0,
1.0,
0.0,
4.0,
0.0,
0.0,
0.0,
0.0,
0.0,
0.0,
0.0,
0.0,
0.0,
0.0,
0.0,
0.0,
6.0,
50.0,
255.0,
215.0,
20.0,
0.0,
39.0,
250.0,
255.0,
168.0,
3.0,
0.0,
11.0,
0.0,
0.0,
0.0,
0.0,
0.0,
0.0,
0.0,
0.0,
0.0,
0.0,
0.0,
0.0,
0.0,
0.0,
0.0,
11.0,
42.0,
255.0,
205.0,
0.0,
15.0,
125.0,
255.0,
253.0,
129.0,
7.0,
0.0,
0.0,
0.0,
3.0,
0.0,
0.0,
0.0,
0.0,
0.0,
0.0,
0.0,
0.0,
0.0,
0.0,
0.0,
0.0,
0.0,
0.0,
73.0,
255.0,
215.0,
21.0,
0.0,
128.0,
255.0,
253.0,
87.0,
6.0,
0.0,
0.0,
0.0,
6.0,
0.0,
0.0,
0.0,
0.0,
0.0,
0.0,
0.0,
0.0,
0.0,
0.0,
0.0,
0.0,
0.0,
3.0,
64.0,
229.0,
251.0,
93.0,
0.0,
143.0,
255.0,
245.0,
37.0,
0.0,
0.0,
9.0,
0.0,
0.0,
0.0,
0.0,
0.0,
0.0,
0.0,
0.0,
0.0,
0.0,
0.0,
0.0,
0.0,
0.0,
0.0,
4.0,
70.0,
252.0,
255.0,
98.0,
27.0,
244.0,
248.0,
203.0,
1.0,
0.0,
0.0,
7.0,
0.0,
0.0,
0.0,
0.0,
0.0,
0.0,
0.0,
0.0,
0.0,
0.0,
0.0,
0.0,
0.0,
0.0,
0.0,
0.0,
62.0,
255.0,
251.0,
88.0,
13.0,
255.0,
255.0,
152.0,
0.0,
17.0,
0.0,
0.0,
0.0,
0.0,
0.0,
0.0,
0.0,
0.0,
0.0,
0.0,
0.0,
0.0,
0.0,
0.0,
0.0,
0.0,
0.0,
3.0,
71.0,
252.0,
251.0,
240.0,
118.0,
244.0,
249.0,
246.0,
238.0,
208.0,
25.0,
0.0,
0.0,
5.0,
0.0,
0.0,
0.0,
0.0,
0.0,
0.0,
0.0,
0.0,
0.0,
0.0,
0.0,
0.0,
0.0,
1.0,
59.0,
252.0,
239.0,
255.0,
248.0,
255.0,
255.0,
248.0,
202.0,
115.0,
2.0,
16.0,
9.0,
2.0,
4.0,
0.0,
0.0,
0.0,
0.0,
0.0,
0.0,
0.0,
0.0,
0.0,
0.0,
0.0,
0.0,
4.0,
70.0,
255.0,
253.0,
255.0,
244.0,
234.0,
255.0,
250.0,
71.0,
0.0,
3.0,
0.0,
0.0,
4.0,
0.0,
0.0,
0.0,
0.0,
0.0,
0.0,
0.0,
0.0,
0.0,
0.0,
0.0,
0.0,
0.0,
0.0,
62.0,
222.0,
250.0,
249.0,
110.0,
172.0,
242.0,
255.0,
11.0,
0.0,
19.0,
0.0,
0.0,
17.0,
0.0,
0.0,
0.0,
0.0,
0.0,
0.0,
0.0,
0.0,
0.0,
0.0,
0.0,
0.0,
0.0,
5.0,
9.0,
39.0,
58.0,
69.0,
0.0,
133.0,
255.0,
247.0,
36.0,
17.0,
0.0,
0.0,
15.0,
0.0,
0.0,
0.0,
0.0,
0.0,
0.0,
0.0,
0.0,
0.0,
0.0,
0.0,
0.0,
0.0,
0.0,
0.0,
0.0,
0.0,
9.0,
5.0,
13.0,
130.0,
250.0,
246.0,
20.0,
0.0,
0.0,
1.0,
0.0,
0.0,
0.0,
0.0,
0.0,
0.0,
0.0,
0.0,
0.0,
0.0,
0.0,
0.0,
0.0,
0.0,
0.0,
0.0,
5.0,
10.0,
1.0,
0.0,
19.0,
130.0,
248.0,
255.0,
51.0,
0.0,
14.0,
3.0,
0.0,
0.0,
9.0,
0.0,
0.0,
0.0,
0.0,
0.0,
0.0,
0.0,
0.0,
0.0,
0.0,
0.0,
0.0,
4.0,
0.0,
0.0,
4.0,
1.0,
0.0,
140.0,
254.0,
246.0,
153.0,
6.0,
0.0,
0.0,
6.0,
0.0,
4.0,
0.0,
0.0,
0.0,
0.0,
0.0,
0.0,
0.0,
0.0,
0.0,
0.0,
0.0,
0.0,
2.0,
0.0,
1.0,
7.0,
0.0,
0.0,
78.0,
176.0,
182.0,
37.0,
0.0,
5.0,
0.0,
4.0,
0.0,
0.0,
0.0,
0.0,
0.0,
0.0,
0.0,
0.0,
0.0,
0.0,
0.0,
0.0,
0.0,
0.0,
13.0,
0.0,
0.0,
1.0,
1.0,
0.0,
0.0,
8.0,
13.0,
0.0,
0.0,
3.0,
0.0,
2.0,
6.0,
0.0,
0.0,
0.0,
0.0,
0.0,
0.0,
0.0,
0.0,
0.0,
0.0,
0.0,
0.0,
0.0,
0.0,
0.0,
0.0,
3.0,
9.0,
11.0,
1.0,
0.0,
0.0,
0.0,
15.0,
5.0,
0.0,
7.0,
3.0,
0.0,
0.0,
0.0,
0.0,
0.0,
0.0,
0.0,
0.0,
0.0,
0.0,
0.0,
0.0,
0.0,
0.0,
4.0,
5.0,
0.0,
0.0,
0.0,
7.0,
8.0,
16.0,
2.0,
0.0,
0.0,
1.0,
4.0,
0.0,
4.0,
0.0,
0.0,
0.0,
0.0,
