3.0,
0.0,
2.0,
1.0,
0.0,
2.0,
7.0,
0.0,
7.0,
0.0,
2.0,
2.0,
0.0,
0.0,
0.0,
5.0,
4.0,
0.0,
0.0,
0.0,
5.0,
0.0,
0.0,
2.0,
0.0,
0.0,
0.0,
0.0,
0.0,
0.0,
3.0,
1.0,
0.0,
0.0,
2.0,
0.0,
0.0,
0.0,
7.0,
7.0,
0.0,
0.0,
0.0,
0.0,
0.0,
4.0,
15.0,
0.0,
1.0,
0.0,
5.0,
0.0,
0.0,
0.0,
0.0,
0.0,
0.0,
1.0,
1.0,
0.0,
0.0,
2.0,
2.0,
0.0,
9.0,
8.0,
0.0,
0.0,
4.0,
1.0,
5.0,
0.0,
6.0,
0.0,
0.0,
0.0,
1.0,
0.0,
1.0,
0.0,
0.0,
0.0,
0.0,
0.0,
0.0,
2.0,
0.0,
0.0,
1.0,
3.0,
1.0,
2.0,
0.0,
0.0,
0.0,
0.0,
4.0,
0.0,
8.0,
0.0,
3.0,
0.0,
11.0,
2.0,
2.0,
0.0,
10.0,
16.0,
0.0,
0.0,
0.0,
0.0,
0.0,
2.0,
0.0,
0.0,
5.0,
0.0,
0.0,
6.0,
0.0,
0.0,
6.0,
9.0,
5.0,
0.0,
5.0,
2.0,
0.0,
0.0,
4.0,
0.0,
0.0,
3.0,
6.0,
0.0,
0.0,
0.0,
0.0,
0.0,
0.0,
1.0,
0.0,
4.0,
5.0,
0.0,
0.0,
50.0,
118.0,
6.0,
0.0,
0.0,
5.0,
0.0,
8.0,
0.0,
3.0,
143.0,
192.0,
93.0,
0.0,
0.0,
6.0,
15.0,
0.0,
0.0,
0.0,
0.0,
0.0,
2.0,
0.0,
2.0,
2.0,
0.0,
55.0,
160.0,
241.0,
29.0,
0.0,
0.0,
2.0,
4.0,
9.0,
0.0,
25.0,
231.0,
255.0,
134.0,
0.0,
0.0,
0.0,
0.0,
0.0,
0.0,
0.0,
0.0,
2.0,
4.0,
0.0,
0.0,
0.0,
12.0,
117.0,
255.0,
255.0,
19.0,
5.0,
0.0,
0.0,
0.0,
1.0,
0.0,
13.0,
225.0,
251.0,
125.0,
0.0,
14.0,
0.0,
2.0,
0.0,
0.0,
0.0,
0.0,
0.0,
16.0,
0.0,
11.0,
0.0,
14.0,
144.0,
244.0,
147.0,
12.0,
7.0,
0.0,
0.0,
2.0,
4.0,
0.0,
0.0,
164.0,
255.0,
167.0,
12.0,
0.0,
0.0,
9.0,
0.0,
0.0,
0.0,
0.0,
0.0,
4.0,
0.0,
0.0,
2.0,
124.0,
243.0,
225.0,
40.0,
0.0,
0.0,
1.0,
0.0,
5.0,
0.0,
0.0,
21.0,
194.0,
229.0,
165.0,
0.0,
4.0,
2.0,
0.0,
0.0,
0.0,
0.0,
0.0,
19.0,
11.0,
0.0,
0.0,
34.0,
231.0,
247.0,
108.0,
0.0,
6.0,
0.0,
10.0,
0.0,
14.0,
0.0,
9.0,
7.0,
252.0,
255.0,
235.0,
13.0,
5.0,
0.0,
15.0,
0.0,
0.0,
0.0,
0.0,
0.0,
0.0,
1.0,
13.0,
110.0,
246.0,
183.0,
9.0,
0.0,
15.0,
1.0,
7.0,
0.0,
0.0,
0.0,
0.0,
26.0,
252.0,
255.0,
243.0,
0.0,
12.0,
0.0,
4.0,
0.0,
0.0,
0.0,
0.0,
14.0,
0.0,
9.0,
57.0,
255.0,
246.0,
122.0,
0.0,
0.0,
0.0,
1.0,
3.0,
0.0,
0.0,
15.0,
5.0,
0.0,
163.0,
255.0,
235.0,
0.0,
3.0,
19.0,
0.0,
0.0,
0.0,
0.0,
0.0,
0.0,
16.0,
0.0,
107.0,
247.0,
255.0,
94.0,
2.0,
10.0,
0.0,
12.0,
4.0,
0.0,
3.0,
56.0,
71.0,
59.0,
176.0,
255.0,
255.0,
108.0,
10.0,
0.0,
3.0,
0.0,
0.0,
0.0,
0.0,
7.0,
0.0,
0.0,
255.0,
255.0,
233.0,
132.0,
214.0,
226.0,
213.0,
228.0,
213.0,
215.0,
229.0,
233.0,
255.0,
234.0,
255.0,
244.0,
248.0,
232.0,
116.0,
53.0,
0.0,
0.0,
0.0,
0.0,
0.0,
1.0,
0.0,
19.0,
250.0,
238.0,
255.0,
245.0,
225.0,
210.0,
222.0,
226.0,
216.0,
223.0,
227.0,
145.0,
154.0,
212.0,
238.0,
249.0,
255.0,
254.0,
248.0,
245.0,
5.0,
0.0,
0.0,
0.0,
0.0,
0.0,
12.0,
0.0,
87.0,
192.0,
199.0,
150.0,
13.0,
0.0,
0.0,
0.0,
0.0,
0.0,
0.0,
0.0,
0.0,
0.0,
60.0,
251.0,
255.0,
179.0,
66.0,
99.0,
0.0,
0.0,
0.0,
0.0,
0.0,
0.0,
14.0,
0.0,
1.0,
0.0,
0.0,
16.0,
0.0,
0.0,
0.0,
0.0,
0.0,
0.0,
0.0,
0.0,
0.0,
0.0,
56.0,
242.0,
250.0,
204.0,
0.0,
0.0,
5.0,
0.0,
0.0,
0.0,
0.0,
0.0,
10.0,
0.0,
5.0,
4.0,
0.0,
9.0,
0.0,
0.0,
0.0,
0.0,
0.0,
0.0,
0.0,
0.0,
0.0,
0.0,
64.0,
255.0,
248.0,
210.0,
0.0,
0.0,
3.0,
0.0,
0.0,
0.0,
0.0,
1.0,
0.0,
0.0,
0.0,
0.0,
0.0,
0.0,
2.0,
0.0,
0.0,
0.0,
0.0,
0.0,
0.0,
0.0,
0.0,
1.0,
63.0,
250.0,
254.0,
209.0,
0.0,
21.0,
0.0,
0.0,
0.0,
0.0,
0.0,
14.0,
1.0,
7.0,
0.0,
0.0,
0.0,
0.0,
8.0,
0.0,
0.0,
0.0,
0.0,
0.0,
0.0,
0.0,
0.0,
6.0,
29.0,
226.0,
250.0,
226.0,
6.0,
0.0,
0.0,
0.0,
0.0,
0.0,
0.0,
0.0,
0.0,
0.0,
1.0,
10.0,
12.0,
0.0,
0.0,
0.0,
0.0,
0.0,
0.0,
0.0,
0.0,
0.0,
0.0,
5.0,
0.0,
230.0,
245.0,
239.0,
171.0,
52.0,
1.0,
0.0,
0.0,
0.0,
0.0,
0.0,
9.0,
8.0,
1.0,
0.0,
0.0,
0.0,
8.0,
0.0,
0.0,
0.0,
0.0,
0.0,
0.0,
0.0,
0.0,
2.0,
0.0,
197.0,
250.0,
245.0,
255.0,
123.0,
0.0,
0.0,
0.0,
0.0,
0.0,
0.0,
6.0,
0.0,
2.0,
5.0,
3.0,
10.0,
0.0,
0.0,
0.0,
0.0,
0.0,
0.0,
0.0,
0.0,
0.0,
3.0,
3.0,
114.0,
255.0,
255.0,
153.0,
24.0,
0.0,
0.0,
0.0,
0.0,
0.0,
0.0,
0.0,
0.0,
0.0,
0.0,
0.0,
0.0,
0.0,
0.0,
0.0,
0.0,
0.0,
0.0,
0.0,
0.0,
0.0,
6.0,
0.0,
17.0,
102.0,
102.0,
17.0,
0.0,
6.0,
0.0,
0.0,
0.0,
0.0,
0.0,
0.0,
0.0,
0.0,
0.0,
0.0,
0.0,
0.0,
0.0,
0.0,
0.0,
0.0,
0.0,
0.0,
0.0,
0.0,
0.0,
0.0,
0.0,
13.0,
13.0,
0.0,
0.0,
0.0,
0.0,
0.0,
0.0,
0.0,
0.0,
0.0,
0.0,
0.0,
0.0,
0.0,
0.0,
0.0,
0.0,
0.0,
0.0,
0.0,
0.0,
0.0,
0.0,
0.0,
2.0,
13.0,
0.0,
0.0,
0.0,
0.0,
13.0,
2.0,
0.0,
0.0,
0.0,
0.0,
0.0,
0.0,
0.0,
0.0,
0.0,
0.0,
0.0,
0.0,
0.0,
0.0,
0.0,
0.0,
0.0,
0.0,
0.0,
0.0,
0.0,
2.0,
2.0,
5.0,
5.0,
2.0,
2.0,
0.0,
0.0,
0.0,
0.0,
0.0,
