0.0,
0.0,
0.0,
0.0,
0.0,
0.0,
0.0,
0.0,
0.0,
3.0,
0.0,
1.0,
0.0,
8.0,
3.0,
0.0,
3.0,
0.0,
2.0,
11.0,
0.0,
8.0,
0.0,
8.0,
8.0,
0.0,
0.0,
3.0,
0.0,
0.0,
0.0,
0.0,
0.0,
0.0,
0.0,
0.0,
0.0,
6.0,
4.0,
4.0,
0.0,
0.0,
4.0,
0.0,
0.0,
9.0,
2.0,
0.0,
0.0,
10.0,
0.0,
0.0,
0.0,
0.0,
4.0,
2.0,
0.0,
0.0,
0.0,
0.0,
0.0,
0.0,
0.0,
0.0,
4.0,
0.0,
0.0,
4.0,
2.0,
0.0,
4.0,
0.0,
0.0,
4.0,
0.0,
1.0,
2.0,
0.0,
1.0,
9.0,
12.0,
0.0,
0.0,
4.0,
0.0,
0.0,
0.0,
0.0,
0.0,
0.0,
0.0,
0.0,
10.0,
0.0,
0.0,
3.0,
5.0,
0.0,
0.0,
1.0,
8.0,
0.0,
1.0,
13.0,
0.0,
2.0,
0.0,
0.0,
2.0,
0.0,
4.0,
0.0,
0.0,
0.0,
0.0,
0.0,
0.0,
0.0,
0.0,
0.0,
3.0,
0.0,
5.0,
0.0,
4.0,
13.0,
0.0,
0.0,
0.0,
0.0,
2.0,
0.0,
0.0,
24.0,
0.0,
0.0,
5.0,
0.0,
17.0,
0.0,
0.0,
0.0,
0.0,
0.0,
0.0,
0.0,
0.0,
0.0,
0.0,
1.0,
0.0,
6.0,
61.0,
99.0,
17.0,
0.0,
0.0,
9.0,
0.0,
0.0,
5.0,
0.0,
0.0,
127.0,
148.0,
15.0,
1.0,
0.0,
0.0,
0.0,
0.0,
0.0,
0.0,
0.0,
0.0,
0.0,
0.0,
0.0,
0.0,
87.0,
175.0,
178.0,
16.0,
0.0,
2.0,
2.0,
0.0,
3.0,
8.0,
0.0,
109.0,
254.0,
238.0,
18.0,
0.0,
6.0,
0.0,
0.0,
0.0,
0.0,
0.0,
0.0,
0.0,
0.0,
0.0,
3.0,
35.0,
196.0,
255.0,
189.0,
0.0,
8.0,
0.0,
0.0,
9.0,
2.0,
0.0,
15.0,
234.0,
243.0,
157.0,
0.0,
1.0,
6.0,
0.0,
8.0,
0.0,
1.0,
5.0,
3.0,
0.0,
15.0,
0.0,
6.0,
224.0,
237.0,
255.0,
118.0,
11.0,
0.0,
10.0,
0.0,
11.0,
0.0,
31.0,
228.0,
255.0,
235.0,
21.0,
9.0,
0.0,
0.0,
15.0,
0.0,
0.0,
0.0,
0.0,
0.0,
9.0,
0.0,
35.0,
183.0,
254.0,
255.0,
189.0,
17.0,
0.0,
7.0,
0.0,
3.0,
0.0,
14.0,
178.0,
245.0,
254.0,
147.0,
10.0,
3.0,
0.0,
0.0,
2.0,
0.0,
7.0,
0.0,
2.0,
9.0,
0.0,
49.0,
214.0,
255.0,
246.0,
186.0,
5.0,
0.0,
7.0,
5.0,
2.0,
8.0,
0.0,
65.0,
255.0,
250.0,
179.0,
0.0,
0.0,
0.0,
0.0,
0.0,
0.0,
0.0,
0.0,
1.0,
0.0,
0.0,
45.0,
212.0,
255.0,
248.0,
255.0,
68.0,
5.0,
12.0,
1.0,
0.0,
2.0,
9.0,
49.0,
233.0,
254.0,
240.0,
80.0,
6.0,
0.0,
0.0,
0.0,
1.0,
0.0,
5.0,
0.0,
8.0,
0.0,
18.0,
179.0,
241.0,
240.0,
255.0,
236.0,
128.0,
0.0,
0.0,
2.0,
2.0,
0.0,
0.0,
133.0,
255.0,
255.0,
125.0,
7.0,
6.0,
0.0,
0.0,
1.0,
0.0,
0.0,
9.0,
0.0,
1.0,
7.0,
212.0,
255.0,
255.0,
254.0,
247.0,
255.0,
255.0,
48.0,
13.0,
10.0,
0.0,
0.0,
107.0,
249.0,
230.0,
240.0,
38.0,
15.0,
0.0,
3.0,
3.0,
2.0,
0.0,
3.0,
7.0,
0.0,
0.0,
0.0,
255.0,
233.0,
245.0,
79.0,
81.0,
255.0,
231.0,
220.0,
106.0,
35.0,
6.0,
30.0,
222.0,
255.0,
252.0,
93.0,
6.0,
0.0,
9.0,
2.0,
1.0,
0.0,
0.0,
5.0,
0.0,
6.0,
11.0,
0.0,
29.0,
107.0,
9.0,
0.0,
7.0,
235.0,
255.0,
247.0,
255.0,
255.0,
236.0,
229.0,
255.0,
242.0,
255.0,
72.0,
2.0,
0.0,
0.0,
0.0,
0.0,
0.0,
0.0,
0.0,
0.0,
0.0,
0.0,
0.0,
0.0,
0.0,
0.0,
0.0,
7.0,
58.0,
228.0,
255.0,
255.0,
244.0,
255.0,
250.0,
243.0,
255.0,
242.0,
90.0,
8.0,
0.0,
7.0,
0.0,
0.0,
0.0,
0.0,
0.0,
0.0,
0.0,
0.0,
0.0,
0.0,
0.0,
0.0,
7.0,
11.0,
0.0,
11.0,
109.0,
187.0,
255.0,
252.0,
255.0,
255.0,
186.0,
101.0,
17.0,
0.0,
0.0,
0.0,
0.0,
0.0,
0.0,
0.0,
0.0,
0.0,
0.0,
0.0,
0.0,
0.0,
0.0,
0.0,
0.0,
4.0,
0.0,
15.0,
23.0,
61.0,
254.0,
251.0,
247.0,
143.0,
17.0,
0.0,
0.0,
2.0,
0.0,
10.0,
0.0,
0.0,
0.0,
0.0,
0.0,
0.0,
0.0,
0.0,
0.0,
0.0,
0.0,
0.0,
0.0,
3.0,
1.0,
0.0,
0.0,
104.0,
255.0,
248.0,
255.0,
92.0,
0.0,
11.0,
9.0,
4.0,
4.0,
0.0,
0.0,
0.0,
0.0,
0.0,
0.0,
0.0,
0.0,
0.0,
0.0,
0.0,
0.0,
0.0,
1.0,
0.0,
17.0,
0.0,
99.0,
255.0,
246.0,
255.0,
94.0,
9.0,
0.0,
4.0,
0.0,
0.0,
11.0,
0.0,
0.0,
0.0,
0.0,
0.0,
0.0,
0.0,
0.0,
0.0,
0.0,
0.0,
0.0,
0.0,
2.0,
0.0,
0.0,
18.0,
166.0,
241.0,
249.0,
192.0,
12.0,
7.0,
4.0,
0.0,
5.0,
0.0,
0.0,
0.0,
0.0,
0.0,
0.0,
0.0,
0.0,
0.0,
0.0,
0.0,
0.0,
0.0,
0.0,
0.0,
0.0,
15.0,
6.0,
133.0,
243.0,
255.0,
239.0,
4.0,
6.0,
0.0,
0.0,
0.0,
15.0,
0.0,
0.0,
4.0,
0.0,
0.0,
0.0,
0.0,
0.0,
0.0,
0.0,
0.0,
0.0,
0.0,
0.0,
0.0,
8.0,
0.0,
8.0,
181.0,
251.0,
249.0,
126.0,
0.0,
6.0,
0.0,
14.0,
7.0,
0.0,
0.0,
22.0,
0.0,
0.0,
0.0,
0.0,
0.0,
0.0,
0.0,
0.0,
0.0,
0.0,
0.0,
0.0,
0.0,
3.0,
0.0,
4.0,
114.0,
135.0,
117.0,
23.0,
0.0,
0.0,
0.0,
0.0,
0.0,
0.0,
0.0,
0.0,
0.0,
0.0,
0.0,
0.0,
0.0,
0.0,
0.0,
0.0,
0.0,
0.0,
0.0,
0.0,
0.0,
5.0,
0.0,
0.0,
17.0,
0.0,
4.0,
0.0,
10.0,
0.0,
0.0,
0.0,
0.0,
0.0,
0.0,
0.0,
0.0,
0.0,
0.0,
0.0,
0.0,
0.0,
0.0,
0.0,
0.0,
0.0,
0.0,
0.0,
0.0,
0.0,
4.0,
6.0,
1.0,
0.0,
0.0,
0.0,
0.0,
0.0,
0.0,
0.0,
0.0,
0.0,
0.0,
0.0,
0.0,
0.0,
0.0,
0.0,
0.0,
0.0,
0.0,
0.0,
0.0,
0.0,
0.0,
0.0,
0.0,
0.0,
0.0,
5.0,
0.0,
8.0,
7.0,
9.0,
0.0,
0.0,
0.0,
0.0,
0.0,
0.0,
0.0,
0.0,
0.0,
0.0,
0.0,
0.0,
0.0,
