0.0,
0.0,
0.0,
0.0,
0.0,
0.0,
0.0,
0.0,
0.0,
0.0,
0.0,
0.0,
0.0,
0.0,
0.0,
0.0,
0.0,
13.0,
0.0,
1.0,
14.0,
0.0,
0.0,
17.0,
0.0,
10.0,
6.0,
0.0,
0.0,
0.0,
0.0,
0.0,
0.0,
0.0,
0.0,
0.0,
0.0,
0.0,
0.0,
0.0,
0.0,
0.0,
0.0,
0.0,
0.0,
6.0,
0.0,
0.0,
3.0,
6.0,
3.0,
0.0,
12.0,
0.0,
0.0,
27.0,
0.0,
0.0,
0.0,
0.0,
0.0,
0.0,
0.0,
0.0,
0.0,
0.0,
0.0,
0.0,
0.0,
0.0,
0.0,
0.0,
6.0,
0.0,
0.0,
0.0,
0.0,
6.0,
4.0,
0.0,
0.0,
10.0,
0.0,
0.0,
0.0,
0.0,
0.0,
0.0,
0.0,
0.0,
0.0,
0.0,
0.0,
0.0,
0.0,
0.0,
0.0,
0.0,
0.0,
0.0,
6.0,
0.0,
5.0,
0.0,
0.0,
7.0,
0.0,
4.0,
0.0,
0.0,
0.0,
0.0,
0.0,
0.0,
0.0,
0.0,
0.0,
0.0,
0.0,
0.0,
0.0,
0.0,
0.0,
0.0,
0.0,
0.0,
0.0,
0.0,
0.0,
5.0,
6.0,
0.0,
5.0,
8.0,
0.0,
8.0,
14.0,
0.0,
7.0,
0.0,
0.0,
0.0,
0.0,
0.0,
0.0,
0.0,
0.0,
0.0,
0.0,
0.0,
0.0,
0.0,
0.0,
0.0,
0.0,
0.0,
1.0,
0.0,
0.0,
0.0,
0.0,
0.0,
28.0,
129.0,
167.0,
250.0,
1.0,
0.0,
0.0,
0.0,
0.0,
0.0,
0.0,
0.0,
0.0,
0.0,
0.0,
0.0,
0.0,
0.0,
0.0,
0.0,
0.0,
0.0,
4.0,
0.0,
0.0,
11.0,
0.0,
20.0,
147.0,
253.0,
231.0,
73.0,
2.0,
9.0,
0.0,
0.0,
0.0,
0.0,
0.0,
0.0,
0.0,
0.0,
0.0,
0.0,
0.0,
0.0,
0.0,
0.0,
0.0,
0.0,
0.0,
0.0,
7.0,
0.0,
0.0,
111.0,
255.0,
252.0,
91.0,
0.0,
9.0,
0.0,
0.0,
7.0,
4.0,
0.0,
0.0,
3.0,
0.0,
0.0,
0.0,
5.0,
0.0,
0.0,
0.0,
5.0,
5.0,
0.0,
0.0,
1.0,
0.0,
0.0,
115.0,
226.0,
236.0,
158.0,
0.0,
0.0,
0.0,
0.0,
8.0,
1.0,
0.0,
0.0,
0.0,
4.0,
4.0,
3.0,
13.0,
0.0,
26.0,
1.0,
1.0,
137.0,
147.0,
90.0,
6.0,
0.0,
9.0,
79.0,
229.0,
238.0,
113.0,
3.0,
0.0,
0.0,
0.0,
0.0,
3.0,
0.0,
0.0,
6.0,
1.0,
0.0,
0.0,
0.0,
0.0,
15.0,
0.0,
0.0,
5.0,
231.0,
255.0,
113.0,
2.0,
0.0,
11.0,
253.0,
255.0,
113.0,
0.0,
0.0,
0.0,
0.0,
0.0,
0.0,
0.0,
0.0,
8.0,
11.0,
0.0,
0.0,
2.0,
0.0,
0.0,
10.0,
1.0,
34.0,
179.0,
252.0,
251.0,
61.0,
0.0,
1.0,
170.0,
247.0,
163.0,
46.0,
0.0,
6.0,
0.0,
0.0,
0.0,
0.0,
0.0,
2.0,
1.0,
0.0,
0.0,
5.0,
11.0,
3.0,
0.0,
2.0,
68.0,
234.0,
254.0,
240.0,
58.0,
3.0,
26.0,
141.0,
232.0,
239.0,
55.0,
0.0,
0.0,
1.0,
0.0,
0.0,
0.0,
0.0,
0.0,
4.0,
0.0,
0.0,
6.0,
7.0,
0.0,
0.0,
19.0,
52.0,
255.0,
247.0,
250.0,
31.0,
5.0,
0.0,
134.0,
242.0,
255.0,
67.0,
0.0,
8.0,
0.0,
0.0,
0.0,
0.0,
0.0,
0.0,
0.0,
6.0,
0.0,
0.0,
15.0,
0.0,
0.0,
24.0,
130.0,
246.0,
255.0,
212.0,
61.0,
6.0,
2.0,
112.0,
255.0,
255.0,
60.0,
15.0,
0.0,
3.0,
0.0,
11.0,
0.0,
0.0,
0.0,
0.0,
0.0,
10.0,
0.0,
0.0,
7.0,
0.0,
18.0,
119.0,
255.0,
250.0,
187.0,
0.0,
5.0,
0.0,
0.0,
190.0,
250.0,
215.0,
11.0,
8.0,
0.0,
0.0,
3.0,
1.0,
0.0,
0.0,
0.0,
0.0,
3.0,
0.0,
12.0,
2.0,
0.0,
0.0,
192.0,
246.0,
252.0,
255.0,
142.0,
50.0,
5.0,
9.0,
127.0,
250.0,
255.0,
92.0,
118.0,
60.0,
0.0,
0.0,
16.0,
0.0,
0.0,
0.0,
0.0,
0.0,
4.0,
0.0,
0.0,
0.0,
10.0,
31.0,
212.0,
255.0,
255.0,
240.0,
255.0,
216.0,
212.0,
224.0,
255.0,
255.0,
244.0,
255.0,
255.0,
79.0,
3.0,
0.0,
0.0,
0.0,
0.0,
0.0,
0.0,
0.0,
7.0,
0.0,
6.0,
2.0,
0.0,
0.0,
26.0,
46.0,
90.0,
170.0,
175.0,
241.0,
255.0,
243.0,
249.0,
219.0,
203.0,
154.0,
75.0,
0.0,
11.0,
2.0,
0.0,
20.0,
0.0,
0.0,
0.0,
0.0,
0.0,
0.0,
4.0,
10.0,
11.0,
2.0,
0.0,
15.0,
0.0,
16.0,
0.0,
25.0,
254.0,
255.0,
113.0,
19.0,
6.0,
0.0,
11.0,
5.0,
10.0,
0.0,
0.0,
0.0,
0.0,
0.0,
0.0,
0.0,
4.0,
0.0,
0.0,
0.0,
0.0,
2.0,
0.0,
5.0,
0.0,
1.0,
4.0,
172.0,
255.0,
223.0,
15.0,
2.0,
11.0,
0.0,
0.0,
0.0,
0.0,
1.0,
24.0,
0.0,
0.0,
0.0,
0.0,
0.0,
0.0,
0.0,
2.0,
3.0,
7.0,
8.0,
0.0,
0.0,
4.0,
3.0,
126.0,
255.0,
179.0,
22.0,
2.0,
0.0,
1.0,
0.0,
0.0,
6.0,
9.0,
0.0,
0.0,
11.0,
0.0,
0.0,
0.0,
0.0,
6.0,
4.0,
0.0,
0.0,
0.0,
0.0,
8.0,
5.0,
0.0,
100.0,
255.0,
185.0,
4.0,
4.0,
0.0,
7.0,
0.0,
12.0,
4.0,
0.0,
0.0,
6.0,
0.0,
0.0,
0.0,
0.0,
0.0,
0.0,
0.0,
0.0,
1.0,
1.0,
7.0,
0.0,
9.0,
0.0,
1.0,
181.0,
234.0,
62.0,
20.0,
0.0,
3.0,
0.0,
3.0,
0.0,
1.0,
3.0,
0.0,
8.0,
0.0,
0.0,
0.0,
0.0,
0.0,
0.0,
0.0,
0.0,
0.0,
0.0,
0.0,
0.0,
0.0,
0.0,
6.0,
57.0,
125.0,
19.0,
3.0,
0.0,
15.0,
3.0,
0.0,
0.0,
0.0,
0.0,
0.0,
0.0,
0.0,
0.0,
0.0,
0.0,
0.0,
0.0,
0.0,
0.0,
0.0,
0.0,
0.0,
0.0,
0.0,
0.0,
0.0,
0.0,
17.0,
0.0,
0.0,
0.0,
0.0,
0.0,
0.0,
0.0,
0.0,
0.0,
0.0,
0.0,
0.0,
0.0,
0.0,
0.0,
0.0,
0.0,
0.0,
0.0,
0.0,
0.0,
0.0,
0.0,
0.0,
0.0,
7.0,
0.0,
0.0,
5.0,
0.0,
11.0,
0.0,
10.0,
0.0,
0.0,
0.0,
0.0,
0.0,
0.0,
0.0,
0.0,
0.0,
0.0,
0.0,
0.0,
0.0,
0.0,
0.0,
0.0,
0.0,
0.0,
0.0,
0.0,
0.0,
12.0,
3.0,
9.0,
0.0,
5.0,
0.0,
4.0,
0.0,
0.0,
0.0,
0.0,
0.0,
0.0,
0.0,
0.0,
0.0,
0.0,
0.0,
0.0,
