0.0,
0.0,
0.0,
0.0,
0.0,
0.0,
0.0,
0.0,
0.0,
10.0,
0.0,
3.0,
0.0,
9.0,
0.0,
0.0,
2.0,
0.0,
5.0,
4.0,
0.0,
5.0,
2.0,
0.0,
0.0,
0.0,
0.0,
0.0,
0.0,
0.0,
0.0,
0.0,
0.0,
0.0,
0.0,
0.0,
0.0,
5.0,
0.0,
2.0,
0.0,
0.0,
0.0,
7.0,
7.0,
0.0,
0.0,
0.0,
0.0,
0.0,
0.0,
1.0,
0.0,
0.0,
0.0,
0.0,
0.0,
0.0,
0.0,
0.0,
0.0,
0.0,
0.0,
0.0,
9.0,
0.0,
0.0,
0.0,
4.0,
0.0,
0.0,
8.0,
0.0,
11.0,
15.0,
0.0,
9.0,
8.0,
9.0,
0.0,
0.0,
0.0,
0.0,
0.0,
0.0,
0.0,
0.0,
0.0,
0.0,
0.0,
0.0,
0.0,
0.0,
0.0,
4.0,
0.0,
0.0,
7.0,
3.0,
0.0,
4.0,
2.0,
0.0,
4.0,
3.0,
0.0,
0.0,
14.0,
0.0,
0.0,
0.0,
0.0,
0.0,
0.0,
0.0,
0.0,
0.0,
0.0,
0.0,
0.0,
5.0,
0.0,
0.0,
10.0,
2.0,
6.0,
2.0,
0.0,
0.0,
12.0,
0.0,
13.0,
0.0,
12.0,
1.0,
0.0,
0.0,
0.0,
0.0,
0.0,
0.0,
0.0,
0.0,
0.0,
0.0,
0.0,
0.0,
0.0,
1.0,
0.0,
11.0,
0.0,
0.0,
0.0,
14.0,
2.0,
0.0,
9.0,
0.0,
13.0,
0.0,
0.0,
9.0,
0.0,
0.0,
0.0,
0.0,
0.0,
0.0,
0.0,
0.0,
0.0,
0.0,
0.0,
0.0,
0.0,
9.0,
0.0,
127.0,
252.0,
234.0,
19.0,
0.0,
9.0,
6.0,
0.0,
80.0,
219.0,
167.0,
8.0,
0.0,
6.0,
0.0,
0.0,
0.0,
0.0,
0.0,
0.0,
0.0,
0.0,
0.0,
0.0,
0.0,
0.0,
4.0,
28.0,
214.0,
251.0,
232.0,
28.0,
13.0,
0.0,
0.0,
26.0,
168.0,
255.0,
181.0,
0.0,
0.0,
0.0,
0.0,
0.0,
0.0,
0.0,
0.0,
1.0,
0.0,
0.0,
10.0,
0.0,
1.0,
4.0,
0.0,
115.0,
249.0,
248.0,
239.0,
15.0,
12.0,
0.0,
10.0,
145.0,
244.0,
255.0,
174.0,
8.0,
0.0,
5.0,
0.0,
0.0,
0.0,
0.0,
5.0,
5.0,
0.0,
0.0,
0.0,
0.0,
0.0,
0.0,
0.0,
182.0,
255.0,
255.0,
190.0,
0.0,
0.0,
8.0,
0.0,
169.0,
255.0,
248.0,
173.0,
0.0,
5.0,
0.0,
0.0,
0.0,
0.0,
0.0,
0.0,
0.0,
0.0,
1.0,
2.0,
12.0,
10.0,
9.0,
99.0,
246.0,
238.0,
251.0,
127.0,
11.0,
4.0,
0.0,
20.0,
212.0,
255.0,
255.0,
148.0,
0.0,
16.0,
0.0,
0.0,
0.0,
0.0,
0.0,
0.0,
1.0,
3.0,
4.0,
0.0,
1.0,
0.0,
0.0,
146.0,
244.0,
255.0,
255.0,
53.0,
0.0,
11.0,
5.0,
138.0,
250.0,
242.0,
255.0,
93.0,
3.0,
2.0,
0.0,
0.0,
0.0,
0.0,
0.0,
0.0,
2.0,
2.0,
6.0,
0.0,
0.0,
0.0,
40.0,
246.0,
252.0,
252.0,
211.0,
13.0,
0.0,
9.0,
31.0,
240.0,
255.0,
251.0,
229.0,
36.0,
0.0,
0.0,
2.0,
0.0,
0.0,
0.0,
0.0,
0.0,
3.0,
0.0,
6.0,
0.0,
9.0,
16.0,
135.0,
250.0,
253.0,
246.0,
167.0,
60.0,
39.0,
66.0,
154.0,
255.0,
246.0,
255.0,
144.0,
2.0,
0.0,
3.0,
1.0,
0.0,
0.0,
0.0,
0.0,
1.0,
10.0,
0.0,
1.0,
0.0,
0.0,
0.0,
181.0,
255.0,
255.0,
255.0,
239.0,
255.0,
252.0,
237.0,
255.0,
255.0,
241.0,
241.0,
61.0,
0.0,
0.0,
1.0,
1.0,
0.0,
0.0,
0.0,
0.0,
0.0,
8.0,
0.0,
9.0,
7.0,
0.0,
10.0,
227.0,
251.0,
249.0,
255.0,
252.0,
255.0,
248.0,
255.0,
249.0,
254.0,
248.0,
191.0,
17.0,
0.0,
14.0,
0.0,
3.0,
0.0,
0.0,
0.0,
0.0,
1.0,
5.0,
0.0,
0.0,
8.0,
0.0,
16.0,
133.0,
255.0,
255.0,
242.0,
255.0,
255.0,
251.0,
255.0,
247.0,
255.0,
252.0,
83.0,
0.0,
2.0,
6.0,
0.0,
7.0,
0.0,
0.0,
0.0,
0.0,
0.0,
9.0,
0.0,
0.0,
10.0,
0.0,
0.0,
25.0,
57.0,
109.0,
134.0,
72.0,
34.0,
18.0,
247.0,
255.0,
255.0,
199.0,
16.0,
4.0,
0.0,
1.0,
2.0,
0.0,
0.0,
0.0,
0.0,
0.0,
0.0,
7.0,
0.0,
0.0,
3.0,
8.0,
0.0,
0.0,
24.0,
7.0,
3.0,
0.0,
0.0,
0.0,
255.0,
246.0,
246.0,
221.0,
9.0,
0.0,
1.0,
4.0,
0.0,
0.0,
0.0,
0.0,
0.0,
0.0,
5.0,
0.0,
0.0,
2.0,
0.0,
0.0,
3.0,
8.0,
0.0,
0.0,
0.0,
24.0,
0.0,
67.0,
254.0,
255.0,
255.0,
193.0,
18.0,
0.0,
2.0,
2.0,
0.0,
8.0,
0.0,
0.0,
0.0,
0.0,
2.0,
0.0,
4.0,
16.0,
1.0,
0.0,
0.0,
5.0,
6.0,
11.0,
0.0,
7.0,
10.0,
225.0,
255.0,
249.0,
242.0,
47.0,
0.0,
15.0,
0.0,
0.0,
7.0,
0.0,
0.0,
0.0,
0.0,
0.0,
2.0,
0.0,
2.0,
2.0,
0.0,
0.0,
1.0,
0.0,
0.0,
0.0,
5.0,
0.0,
44.0,
255.0,
235.0,
255.0,
141.0,
0.0,
0.0,
7.0,
0.0,
0.0,
3.0,
0.0,
0.0,
0.0,
0.0,
0.0,
3.0,
3.0,
0.0,
0.0,
0.0,
5.0,
7.0,
2.0,
11.0,
0.0,
2.0,
8.0,
115.0,
255.0,
243.0,
255.0,
50.0,
6.0,
12.0,
0.0,
0.0,
6.0,
0.0,
2.0,
0.0,
0.0,
0.0,
0.0,
0.0,
0.0,
0.0,
3.0,
7.0,
0.0,
0.0,
0.0,
0.0,
5.0,
0.0,
3.0,
124.0,
251.0,
255.0,
233.0,
43.0,
0.0,
0.0,
13.0,
0.0,
6.0,
6.0,
0.0,
0.0,
0.0,
0.0,
0.0,
0.0,
0.0,
0.0,
0.0,
0.0,
0.0,
0.0,
0.0,
5.0,
0.0,
0.0,
2.0,
117.0,
255.0,
253.0,
200.0,
0.0,
0.0,
0.0,
0.0,
0.0,
0.0,
0.0,
0.0,
0.0,
0.0,
0.0,
0.0,
0.0,
0.0,
0.0,
0.0,
0.0,
0.0,
0.0,
0.0,
0.0,
13.0,
9.0,
0.0,
80.0,
232.0,
176.0,
45.0,
0.0,
0.0,
0.0,
0.0,
0.0,
0.0,
0.0,
0.0,
0.0,
0.0,
0.0,
0.0,
0.0,
0.0,
0.0,
0.0,
0.0,
0.0,
0.0,
0.0,
0.0,
0.0,
16.0,
4.0,
0.0,
3.0,
0.0,
0.0,
0.0,
0.0,
0.0,
0.0,
0.0,
0.0,
0.0,
0.0,
0.0,
0.0,
0.0,
0.0,
0.0,
0.0,
0.0,
0.0,
0.0,
0.0,
0.0,
0.0,
27.0,
0.0,
0.0,
2.0,
10.0,
5.0,
0.0,
8.0,
0.0,
0.0,
0.0,
0.0,
0.0,
0.0,
0.0,
0.0,
0.0,
0.0,
0.0,
0.0,
