0.0,
0.0,
9.0,
0.0,
13.0,
4.0,
0.0,
3.0,
3.0,
0.0,
9.0,
0.0,
4.0,
3.0,
2.0,
1.0,
6.0,
0.0,
1.0,
6.0,
0.0,
3.0,
1.0,
0.0,
0.0,
0.0,
0.0,
0.0,
2.0,
0.0,
5.0,
0.0,
6.0,
0.0,
0.0,
6.0,
5.0,
15.0,
4.0,
0.0,
0.0,
0.0,
0.0,
0.0,
9.0,
2.0,
0.0,
0.0,
0.0,
0.0,
0.0,
11.0,
0.0,
0.0,
0.0,
0.0,
3.0,
0.0,
0.0,
0.0,
3.0,
0.0,
1.0,
4.0,
0.0,
6.0,
0.0,
4.0,
13.0,
0.0,
0.0,
9.0,
0.0,
5.0,
0.0,
0.0,
12.0,
7.0,
0.0,
0.0,
0.0,
0.0,
0.0,
0.0,
0.0,
1.0,
0.0,
2.0,
5.0,
0.0,
5.0,
0.0,
9.0,
13.0,
0.0,
4.0,
3.0,
0.0,
0.0,
6.0,
0.0,
14.0,
3.0,
0.0,
0.0,
0.0,
7.0,
3.0,
0.0,
0.0,
0.0,
0.0,
0.0,
3.0,
0.0,
0.0,
5.0,
5.0,
0.0,
0.0,
0.0,
0.0,
12.0,
0.0,
0.0,
2.0,
0.0,
0.0,
0.0,
0.0,
0.0,
14.0,
7.0,
0.0,
7.0,
0.0,
0.0,
0.0,
0.0,
0.0,
0.0,
1.0,
0.0,
0.0,
1.0,
6.0,
0.0,
31.0,
76.0,
19.0,
0.0,
0.0,
8.0,
1.0,
9.0,
115.0,
239.0,
119.0,
3.0,
1.0,
4.0,
0.0,
7.0,
0.0,
0.0,
0.0,
0.0,
0.0,
2.0,
0.0,
1.0,
0.0,
0.0,
1.0,
0.0,
119.0,
255.0,
168.0,
0.0,
0.0,
0.0,
0.0,
15.0,
245.0,
255.0,
179.0,
19.0,
0.0,
10.0,
3.0,
5.0,
0.0,
0.0,
0.0,
0.0,
0.0,
6.0,
0.0,
3.0,
2.0,
0.0,
0.0,
9.0,
197.0,
253.0,
247.0,
7.0,
0.0,
1.0,
2.0,
0.0,
226.0,
242.0,
255.0,
112.0,
3.0,
7.0,
0.0,
0.0,
1.0,
0.0,
0.0,
0.0,
0.0,
0.0,
0.0,
8.0,
0.0,
1.0,
9.0,
7.0,
22.0,
255.0,
245.0,
0.0,
2.0,
0.0,
1.0,
0.0,
76.0,
254.0,
255.0,
121.0,
18.0,
0.0,
0.0,
9.0,
0.0,
0.0,
0.0,
0.0,
0.0,
6.0,
4.0,
8.0,
0.0,
0.0,
1.0,
0.0,
61.0,
241.0,
251.0,
0.0,
14.0,
3.0,
5.0,
0.0,
71.0,
245.0,
255.0,
130.0,
9.0,
0.0,
21.0,
0.0,
0.0,
0.0,
0.0,
0.0,
0.0,
0.0,
0.0,
0.0,
5.0,
3.0,
0.0,
11.0,
203.0,
255.0,
255.0,
0.0,
0.0,
0.0,
3.0,
0.0,
78.0,
246.0,
254.0,
193.0,
3.0,
0.0,
4.0,
0.0,
5.0,
0.0,
0.0,
0.0,
0.0,
10.0,
9.0,
6.0,
9.0,
3.0,
0.0,
0.0,
229.0,
236.0,
255.0,
1.0,
6.0,
3.0,
8.0,
1.0,
83.0,
252.0,
249.0,
244.0,
88.0,
0.0,
0.0,
1.0,
0.0,
0.0,
0.0,
0.0,
0.0,
0.0,
0.0,
0.0,
0.0,
1.0,
15.0,
0.0,
213.0,
253.0,
245.0,
0.0,
0.0,
0.0,
11.0,
0.0,
53.0,
253.0,
252.0,
241.0,
223.0,
0.0,
14.0,
6.0,
0.0,
0.0,
0.0,
0.0,
0.0,
12.0,
10.0,
1.0,
0.0,
0.0,
0.0,
3.0,
222.0,
255.0,
244.0,
76.0,
32.0,
0.0,
0.0,
15.0,
78.0,
252.0,
251.0,
247.0,
255.0,
10.0,
0.0,
0.0,
2.0,
0.0,
0.0,
0.0,
0.0,
0.0,
0.0,
0.0,
5.0,
11.0,
0.0,
24.0,
206.0,
243.0,
255.0,
229.0,
161.0,
36.0,
0.0,
3.0,
60.0,
252.0,
252.0,
255.0,
241.0,
124.0,
11.0,
0.0,
6.0,
0.0,
0.0,
0.0,
0.0,
0.0,
9.0,
8.0,
0.0,
5.0,
2.0,
0.0,
39.0,
255.0,
240.0,
255.0,
255.0,
245.0,
255.0,
255.0,
255.0,
248.0,
255.0,
242.0,
255.0,
255.0,
139.0,
7.0,
0.0,
0.0,
0.0,
0.0,
0.0,
0.0,
0.0,
1.0,
2.0,
0.0,
0.0,
11.0,
27.0,
253.0,
252.0,
246.0,
249.0,
255.0,
253.0,
247.0,
254.0,
250.0,
254.0,
252.0,
247.0,
255.0,
246.0,
27.0,
6.0,
0.0,
0.0,
0.0,
0.0,
1.0,
1.0,
3.0,
4.0,
0.0,
0.0,
2.0,
12.0,
37.0,
157.0,
250.0,
254.0,
238.0,
245.0,
255.0,
255.0,
248.0,
253.0,
249.0,
251.0,
163.0,
44.0,
8.0,
4.0,
0.0,
0.0,
0.0,
0.0,
0.0,
0.0,
2.0,
4.0,
1.0,
0.0,
0.0,
0.0,
0.0,
0.0,
43.0,
123.0,
162.0,
137.0,
130.0,
163.0,
255.0,
240.0,
253.0,
255.0,
5.0,
0.0,
8.0,
0.0,
0.0,
0.0,
0.0,
0.0,
0.0,
0.0,
0.0,
1.0,
2.0,
1.0,
0.0,
0.0,
0.0,
0.0,
0.0,
8.0,
5.0,
0.0,
18.0,
71.0,
237.0,
247.0,
252.0,
255.0,
0.0,
22.0,
7.0,
0.0,
0.0,
0.0,
0.0,
0.0,
0.0,
0.0,
0.0,
0.0,
1.0,
4.0,
3.0,
1.0,
2.0,
16.0,
4.0,
0.0,
0.0,
7.0,
4.0,
0.0,
149.0,
255.0,
248.0,
255.0,
20.0,
0.0,
0.0,
9.0,
0.0,
0.0,
0.0,
0.0,
4.0,
4.0,
1.0,
0.0,
0.0,
2.0,
3.0,
0.0,
0.0,
0.0,
0.0,
10.0,
12.0,
0.0,
0.0,
5.0,
134.0,
244.0,
255.0,
244.0,
0.0,
0.0,
0.0,
6.0,
0.0,
0.0,
0.0,
0.0,
1.0,
5.0,
4.0,
0.0,
0.0,
1.0,
1.0,
0.0,
0.0,
6.0,
0.0,
0.0,
0.0,
3.0,
0.0,
0.0,
159.0,
233.0,
255.0,
244.0,
27.0,
19.0,
4.0,
0.0,
0.0,
0.0,
0.0,
0.0,
0.0,
2.0,
5.0,
0.0,
0.0,
1.0,
1.0,
0.0,
0.0,
1.0,
0.0,
0.0,
6.0,
1.0,
0.0,
0.0,
140.0,
255.0,
245.0,
251.0,
195.0,
0.0,
0.0,
0.0,
0.0,
0.0,
0.0,
0.0,
0.0,
0.0,
0.0,
0.0,
0.0,
0.0,
0.0,
0.0,
0.0,
0.0,
0.0,
0.0,
0.0,
0.0,
0.0,
0.0,
30.0,
104.0,
255.0,
239.0,
185.0,
2.0,
0.0,
8.0,
0.0,
0.0,
0.0,
0.0,
0.0,
0.0,
0.0,
0.0,
0.0,
0.0,
0.0,
0.0,
0.0,
0.0,
0.0,
0.0,
0.0,
0.0,
0.0,
0.0,
8.0,
0.0,
5.0,
0.0,
23.0,
0.0,
0.0,
0.0,
0.0,
0.0,
0.0,
0.0,
0.0,
0.0,
0.0,
0.0,
0.0,
0.0,
0.0,
0.0,
0.0,
0.0,
0.0,
0.0,
0.0,
0.0,
0.0,
0.0,
4.0,
5.0,
0.0,
0.0,
0.0,
3.0,
5.0,
4.0,
0.0,
0.0,
0.0,
0.0,
0.0,
0.0,
0.0,
0.0,
0.0,
0.0,
0.0,
0.0,
0.0,
0.0,
0.0,
0.0,
0.0,
0.0,
0.0,
0.0,
0.0,
5.0,
5.0,
7.0,
0.0,
5.0,
0.0,
0.0,
0.0,
0.0,
0.0,
0.0,
