0.0,
0.0,
0.0,
0.0,
0.0,
0.0,
0.0,
0.0,
4.0,
5.0,
0.0,
0.0,
10.0,
0.0,
0.0,
5.0,
7.0,
0.0,
3.0,
0.0,
0.0,
2.0,
0.0,
7.0,
0.0,
0.0,
0.0,
0.0,
0.0,
0.0,
0.0,
0.0,
0.0,
0.0,
0.0,
0.0,
0.0,
0.0,
12.0,
3.0,
0.0,
5.0,
22.0,
0.0,
2.0,
12.0,
8.0,
0.0,
0.0,
13.0,
8.0,
0.0,
0.0,
0.0,
0.0,
0.0,
0.0,
0.0,
0.0,
0.0,
0.0,
0.0,
0.0,
0.0,
0.0,
5.0,
3.0,
0.0,
0.0,
0.0,
0.0,
4.0,
0.0,
0.0,
2.0,
6.0,
0.0,
0.0,
0.0,
0.0,
0.0,
0.0,
0.0,
0.0,
0.0,
0.0,
0.0,
0.0,
0.0,
0.0,
0.0,
0.0,
0.0,
7.0,
0.0,
0.0,
16.0,
0.0,
0.0,
12.0,
31.0,
2.0,
0.0,
0.0,
0.0,
3.0,
0.0,
5.0,
0.0,
0.0,
0.0,
0.0,
0.0,
0.0,
0.0,
0.0,
0.0,
0.0,
0.0,
0.0,
0.0,
0.0,
8.0,
8.0,
0.0,
6.0,
13.0,
0.0,
0.0,
0.0,
17.0,
0.0,
0.0,
13.0,
0.0,
2.0,
0.0,
0.0,
0.0,
0.0,
0.0,
0.0,
0.0,
0.0,
0.0,
0.0,
0.0,
0.0,
2.0,
0.0,
2.0,
7.0,
0.0,
0.0,
0.0,
11.0,
9.0,
0.0,
10.0,
5.0,
1.0,
2.0,
0.0,
7.0,
0.0,
0.0,
0.0,
0.0,
0.0,
0.0,
0.0,
0.0,
0.0,
0.0,
0.0,
0.0,
4.0,
3.0,
0.0,
0.0,
7.0,
0.0,
36.0,
145.0,
224.0,
103.0,
0.0,
0.0,
15.0,
0.0,
3.0,
0.0,
0.0,
0.0,
0.0,
0.0,
0.0,
0.0,
0.0,
0.0,
0.0,
0.0,
0.0,
0.0,
0.0,
0.0,
5.0,
6.0,
0.0,
32.0,
162.0,
255.0,
255.0,
179.0,
13.0,
0.0,
7.0,
0.0,
22.0,
0.0,
0.0,
0.0,
0.0,
0.0,
0.0,
0.0,
0.0,
0.0,
0.0,
0.0,
0.0,
0.0,
0.0,
5.0,
0.0,
0.0,
16.0,
210.0,
241.0,
235.0,
255.0,
173.0,
6.0,
0.0,
0.0,
7.0,
0.0,
0.0,
0.0,
0.0,
0.0,
0.0,
0.0,
0.0,
0.0,
0.0,
0.0,
0.0,
0.0,
0.0,
2.0,
5.0,
0.0,
10.0,
140.0,
229.0,
134.0,
116.0,
255.0,
137.0,
1.0,
1.0,
0.0,
5.0,
0.0,
0.0,
0.0,
0.0,
0.0,
0.0,
0.0,
0.0,
0.0,
0.0,
0.0,
0.0,
0.0,
0.0,
0.0,
6.0,
1.0,
96.0,
252.0,
167.0,
0.0,
113.0,
255.0,
84.0,
0.0,
3.0,
0.0,
0.0,
0.0,
0.0,
0.0,
0.0,
0.0,
0.0,
0.0,
0.0,
0.0,
0.0,
0.0,
0.0,
0.0,
0.0,
18.0,
5.0,
52.0,
244.0,
149.0,
0.0,
8.0,
193.0,
245.0,
38.0,
0.0,
5.0,
0.0,
0.0,
1.0,
0.0,
0.0,
0.0,
0.0,
0.0,
0.0,
0.0,
0.0,
0.0,
0.0,
0.0,
0.0,
0.0,
0.0,
59.0,
250.0,
201.0,
0.0,
6.0,
2.0,
217.0,
215.0,
10.0,
0.0,
5.0,
0.0,
0.0,
2.0,
1.0,
0.0,
0.0,
0.0,
0.0,
0.0,
0.0,
0.0,
0.0,
0.0,
0.0,
0.0,
0.0,
55.0,
236.0,
248.0,
110.0,
41.0,
4.0,
14.0,
198.0,
164.0,
1.0,
0.0,
4.0,
0.0,
0.0,
2.0,
1.0,
0.0,
0.0,
0.0,
0.0,
0.0,
0.0,
0.0,
0.0,
0.0,
0.0,
0.0,
0.0,
206.0,
255.0,
249.0,
255.0,
255.0,
171.0,
149.0,
255.0,
104.0,
2.0,
0.0,
3.0,
0.0,
0.0,
0.0,
0.0,
0.0,
0.0,
0.0,
0.0,
0.0,
0.0,
0.0,
0.0,
0.0,
0.0,
0.0,
0.0,
20.0,
120.0,
49.0,
59.0,
122.0,
239.0,
250.0,
255.0,
63.0,
4.0,
0.0,
3.0,
2.0,
2.0,
0.0,
0.0,
0.0,
0.0,
0.0,
0.0,
0.0,
0.0,
0.0,
0.0,
0.0,
0.0,
0.0,
0.0,
2.0,
1.0,
0.0,
0.0,
2.0,
16.0,
199.0,
252.0,
51.0,
4.0,
0.0,
0.0,
4.0,
0.0,
0.0,
2.0,
0.0,
0.0,
0.0,
0.0,
0.0,
0.0,
0.0,
0.0,
0.0,
0.0,
0.0,
0.0,
0.0,
0.0,
8.0,
0.0,
0.0,
8.0,
207.0,
255.0,
52.0,
14.0,
0.0,
3.0,
3.0,
0.0,
0.0,
0.0,
0.0,
0.0,
0.0,
0.0,
0.0,
0.0,
0.0,
0.0,
0.0,
0.0,
0.0,
0.0,
0.0,
0.0,
7.0,
0.0,
0.0,
0.0,
203.0,
225.0,
28.0,
6.0,
0.0,
1.0,
0.0,
0.0,
3.0,
2.0,
0.0,
0.0,
0.0,
0.0,
0.0,
0.0,
0.0,
0.0,
0.0,
0.0,
0.0,
0.0,
7.0,
0.0,
0.0,
0.0,
0.0,
1.0,
204.0,
172.0,
3.0,
0.0,
0.0,
1.0,
0.0,
0.0,
5.0,
2.0,
0.0,
0.0,
0.0,
0.0,
0.0,
0.0,
0.0,
0.0,
0.0,
0.0,
0.0,
0.0,
1.0,
0.0,
0.0,
0.0,
2.0,
4.0,
212.0,
126.0,
0.0,
0.0,
7.0,
8.0,
0.0,
0.0,
2.0,
0.0,
0.0,
0.0,
0.0,
0.0,
0.0,
0.0,
0.0,
0.0,
0.0,
0.0,
0.0,
0.0,
0.0,
0.0,
6.0,
4.0,
0.0,
0.0,
209.0,
78.0,
0.0,
0.0,
2.0,
6.0,
0.0,
0.0,
2.0,
0.0,
0.0,
0.0,
0.0,
0.0,
0.0,
0.0,
0.0,
0.0,
0.0,
0.0,
0.0,
0.0,
0.0,
0.0,
8.0,
2.0,
0.0,
0.0,
222.0,
48.0,
7.0,
0.0,
0.0,
1.0,
0.0,
0.0,
3.0,
2.0,
0.0,
0.0,
0.0,
0.0,
0.0,
0.0,
0.0,
0.0,
0.0,
0.0,
0.0,
0.0,
3.0,
0.0,
0.0,
0.0,
9.0,
33.0,
255.0,
50.0,
33.0,
8.0,
0.0,
4.0,
0.0,
0.0,
0.0,
1.0,
0.0,
0.0,
0.0,
0.0,
0.0,
0.0,
0.0,
0.0,
0.0,
0.0,
0.0,
0.0,
11.0,
0.0,
0.0,
7.0,
10.0,
17.0,
227.0,
214.0,
103.0,
8.0,
0.0,
11.0,
0.0,
0.0,
8.0,
1.0,
0.0,
0.0,
0.0,
0.0,
0.0,
0.0,
0.0,
0.0,
0.0,
0.0,
0.0,
0.0,
0.0,
0.0,
9.0,
0.0,
0.0,
14.0,
185.0,
240.0,
50.0,
0.0,
0.0,
10.0,
0.0,
0.0,
7.0,
0.0,
0.0,
0.0,
0.0,
0.0,
0.0,
0.0,
0.0,
0.0,
0.0,
0.0,
0.0,
0.0,
1.0,
0.0,
10.0,
0.0,
14.0,
1.0,
0.0,
0.0,
2.0,
0.0,
0.0,
3.0,
0.0,
2.0,
4.0,
0.0,
0.0,
0.0,
0.0,
0.0,
0.0,
0.0,
0.0,
0.0,
0.0,
0.0,
0.0,
0.0,
4.0,
1.0,
1.0,
0.0,
1.0,
11.0,
0.0,
19.0,
0.0,
3.0,
2.0,
0.0,
0.0,
0.0,
0.0,
2.0,
0.0,
0.0,
0.0,
0.0,
