0.0,
8.0,
0.0,
8.0,
0.0,
4.0,
4.0,
3.0,
0.0,
0.0,
0.0,
0.0,
0.0,
0.0,
0.0,
11.0,
3.0,
0.0,
1.0,
0.0,
0.0,
5.0,
13.0,
0.0,
0.0,
0.0,
0.0,
0.0,
1.0,
14.0,
0.0,
0.0,
0.0,
1.0,
0.0,
0.0,
3.0,
2.0,
4.0,
6.0,
4.0,
0.0,
0.0,
0.0,
2.0,
8.0,
0.0,
0.0,
18.0,
0.0,
0.0,
7.0,
0.0,
0.0,
0.0,
0.0,
0.0,
4.0,
4.0,
3.0,
3.0,
15.0,
0.0,
4.0,
0.0,
0.0,
1.0,
0.0,
1.0,
3.0,
0.0,
0.0,
0.0,
11.0,
0.0,
6.0,
5.0,
0.0,
15.0,
5.0,
0.0,
0.0,
0.0,
0.0,
0.0,
0.0,
3.0,
0.0,
0.0,
3.0,
0.0,
0.0,
0.0,
1.0,
0.0,
0.0,
0.0,
1.0,
3.0,
0.0,
14.0,
0.0,
25.0,
0.0,
0.0,
23.0,
0.0,
0.0,
0.0,
0.0,
0.0,
0.0,
11.0,
0.0,
0.0,
2.0,
0.0,
0.0,
3.0,
8.0,
1.0,
5.0,
6.0,
1.0,
0.0,
0.0,
0.0,
0.0,
0.0,
5.0,
0.0,
0.0,
6.0,
0.0,
0.0,
24.0,
0.0,
0.0,
0.0,
0.0,
1.0,
0.0,
3.0,
11.0,
0.0,
0.0,
21.0,
0.0,
0.0,
0.0,
0.0,
3.0,
3.0,
0.0,
0.0,
0.0,
0.0,
0.0,
0.0,
13.0,
1.0,
0.0,
13.0,
0.0,
0.0,
0.0,
0.0,
0.0,
0.0,
0.0,
3.0,
3.0,
0.0,
14.0,
91.0,
22.0,
12.0,
0.0,
0.0,
0.0,
6.0,
0.0,
0.0,
2.0,
9.0,
37.0,
245.0,
170.0,
0.0,
6.0,
0.0,
16.0,
0.0,
0.0,
0.0,
0.0,
0.0,
4.0,
0.0,
0.0,
7.0,
104.0,
255.0,
195.0,
58.0,
21.0,
0.0,
0.0,
7.0,
0.0,
0.0,
2.0,
0.0,
101.0,
249.0,
255.0,
103.0,
1.0,
4.0,
0.0,
0.0,
0.0,
0.0,
0.0,
0.0,
6.0,
0.0,
2.0,
0.0,
239.0,
249.0,
254.0,
151.0,
11.0,
0.0,
0.0,
9.0,
9.0,
0.0,
0.0,
0.0,
157.0,
255.0,
246.0,
243.0,
0.0,
0.0,
5.0,
0.0,
0.0,
0.0,
0.0,
0.0,
0.0,
0.0,
1.0,
119.0,
252.0,
255.0,
251.0,
54.0,
0.0,
0.0,
2.0,
0.0,
0.0,
0.0,
8.0,
0.0,
174.0,
253.0,
248.0,
236.0,
4.0,
0.0,
2.0,
0.0,
0.0,
0.0,
0.0,
4.0,
8.0,
0.0,
8.0,
116.0,
250.0,
255.0,
167.0,
0.0,
16.0,
0.0,
2.0,
18.0,
9.0,
0.0,
0.0,
83.0,
232.0,
255.0,
250.0,
229.0,
4.0,
0.0,
1.0,
0.0,
0.0,
0.0,
0.0,
0.0,
7.0,
0.0,
10.0,
100.0,
255.0,
255.0,
141.0,
6.0,
0.0,
0.0,
1.0,
0.0,
4.0,
10.0,
0.0,
178.0,
255.0,
253.0,
254.0,
243.0,
3.0,
0.0,
0.0,
0.0,
0.0,
0.0,
0.0,
0.0,
0.0,
1.0,
0.0,
136.0,
254.0,
238.0,
176.0,
0.0,
3.0,
11.0,
9.0,
0.0,
0.0,
0.0,
91.0,
229.0,
251.0,
240.0,
255.0,
255.0,
4.0,
0.0,
0.0,
0.0,
0.0,
0.0,
0.0,
7.0,
0.0,
0.0,
0.0,
78.0,
240.0,
255.0,
218.0,
21.0,
2.0,
0.0,
0.0,
8.0,
13.0,
51.0,
237.0,
255.0,
254.0,
250.0,
255.0,
216.0,
0.0,
0.0,
0.0,
0.0,
0.0,
0.0,
0.0,
5.0,
0.0,
0.0,
14.0,
0.0,
179.0,
255.0,
255.0,
165.0,
37.0,
10.0,
3.0,
1.0,
81.0,
200.0,
255.0,
199.0,
232.0,
255.0,
255.0,
144.0,
0.0,
0.0,
3.0,
0.0,
0.0,
0.0,
0.0,
0.0,
0.0,
5.0,
0.0,
0.0,
40.0,
198.0,
244.0,
255.0,
231.0,
147.0,
106.0,
195.0,
244.0,
255.0,
236.0,
67.0,
167.0,
245.0,
255.0,
96.0,
8.0,
0.0,
0.0,
0.0,
0.0,
0.0,
0.0,
0.0,
4.0,
0.0,
3.0,
10.0,
0.0,
43.0,
177.0,
236.0,
255.0,
255.0,
245.0,
254.0,
255.0,
194.0,
110.0,
0.0,
165.0,
245.0,
255.0,
114.0,
0.0,
0.0,
0.0,
0.0,
0.0,
0.0,
0.0,
0.0,
11.0,
0.0,
0.0,
7.0,
0.0,
0.0,
9.0,
75.0,
111.0,
184.0,
254.0,
255.0,
172.0,
54.0,
0.0,
45.0,
227.0,
255.0,
251.0,
107.0,
1.0,
0.0,
0.0,
0.0,
0.0,
0.0,
0.0,
0.0,
6.0,
2.0,
0.0,
8.0,
13.0,
0.0,
0.0,
7.0,
0.0,
6.0,
54.0,
61.0,
22.0,
0.0,
8.0,
44.0,
241.0,
249.0,
242.0,
106.0,
4.0,
0.0,
5.0,
0.0,
0.0,
0.0,
0.0,
4.0,
0.0,
1.0,
2.0,
0.0,
0.0,
3.0,
14.0,
0.0,
0.0,
0.0,
14.0,
15.0,
4.0,
0.0,
4.0,
43.0,
253.0,
255.0,
255.0,
116.0,
4.0,
0.0,
5.0,
0.0,
0.0,
0.0,
0.0,
13.0,
0.0,
0.0,
6.0,
0.0,
0.0,
0.0,
0.0,
1.0,
10.0,
6.0,
0.0,
0.0,
0.0,
0.0,
0.0,
35.0,
252.0,
255.0,
255.0,
80.0,
1.0,
0.0,
3.0,
0.0,
0.0,
0.0,
0.0,
0.0,
0.0,
0.0,
5.0,
6.0,
11.0,
10.0,
0.0,
0.0,
2.0,
2.0,
0.0,
2.0,
11.0,
12.0,
5.0,
58.0,
251.0,
253.0,
222.0,
14.0,
0.0,
3.0,
2.0,
0.0,
0.0,
0.0,
0.0,
0.0,
3.0,
4.0,
0.0,
0.0,
0.0,
0.0,
0.0,
2.0,
0.0,
0.0,
2.0,
1.0,
0.0,
0.0,
0.0,
148.0,
255.0,
255.0,
232.0,
0.0,
0.0,
0.0,
0.0,
0.0,
0.0,
0.0,
0.0,
4.0,
1.0,
0.0,
0.0,
7.0,
3.0,
0.0,
3.0,
0.0,
0.0,
1.0,
1.0,
0.0,
0.0,
2.0,
4.0,
181.0,
240.0,
244.0,
246.0,
0.0,
4.0,
0.0,
4.0,
0.0,
0.0,
0.0,
0.0,
0.0,
0.0,
0.0,
0.0,
0.0,
0.0,
0.0,
0.0,
0.0,
0.0,
0.0,
0.0,
0.0,
0.0,
0.0,
0.0,
90.0,
181.0,
255.0,
237.0,
65.0,
0.0,
2.0,
3.0,
0.0,
0.0,
0.0,
0.0,
0.0,
0.0,
0.0,
0.0,
0.0,
0.0,
0.0,
0.0,
0.0,
0.0,
0.0,
0.0,
0.0,
0.0,
0.0,
0.0,
0.0,
110.0,
248.0,
246.0,
101.0,
10.0,
0.0,
0.0,
0.0,
0.0,
0.0,
0.0,
0.0,
0.0,
0.0,
0.0,
0.0,
0.0,
0.0,
0.0,
0.0,
0.0,
0.0,
0.0,
0.0,
0.0,
0.0,
0.0,
7.0,
0.0,
6.0,
0.0,
0.0,
1.0,
10.0,
0.0,
0.0,
0.0,
0.0,
0.0,
0.0,
0.0,
0.0,
0.0,
0.0,
0.0,
0.0,
0.0,
0.0,
0.0,
0.0,
0.0,
0.0,
0.0,
0.0,
0.0,
0.0,
0.0,
11.0,
0.0,
7.0,
0.0,
0.0,
4.0,
0.0,
0.0,
0.0,
0.0,
