0.0,
0.0,
0.0,
0.0,
0.0,
0.0,
0.0,
0.0,
6.0,
3.0,
1.0,
0.0,
1.0,
3.0,
0.0,
2.0,
0.0,
0.0,
6.0,
0.0,
5.0,
0.0,
0.0,
8.0,
0.0,
0.0,
0.0,
0.0,
0.0,
0.0,
0.0,
0.0,
0.0,
0.0,
0.0,
0.0,
0.0,
0.0,
0.0,
6.0,
0.0,
13.0,
0.0,
3.0,
1.0,
16.0,
0.0,
15.0,
0.0,
12.0,
0.0,
0.0,
0.0,
0.0,
0.0,
0.0,
0.0,
0.0,
0.0,
0.0,
0.0,
0.0,
0.0,
0.0,
8.0,
7.0,
0.0,
29.0,
0.0,
0.0,
20.0,
0.0,
0.0,
22.0,
0.0,
2.0,
0.0,
0.0,
24.0,
9.0,
0.0,
0.0,
0.0,
0.0,
0.0,
0.0,
0.0,
0.0,
0.0,
0.0,
0.0,
0.0,
0.0,
6.0,
0.0,
0.0,
15.0,
0.0,
0.0,
9.0,
4.0,
0.0,
14.0,
0.0,
6.0,
11.0,
0.0,
0.0,
0.0,
0.0,
0.0,
0.0,
0.0,
0.0,
0.0,
0.0,
0.0,
0.0,
0.0,
0.0,
16.0,
0.0,
20.0,
1.0,
0.0,
18.0,
0.0,
7.0,
1.0,
6.0,
0.0,
16.0,
0.0,
0.0,
0.0,
17.0,
0.0,
0.0,
0.0,
0.0,
0.0,
0.0,
0.0,
0.0,
0.0,
0.0,
0.0,
0.0,
0.0,
13.0,
0.0,
8.0,
0.0,
5.0,
14.0,
5.0,
1.0,
2.0,
2.0,
0.0,
1.0,
0.0,
15.0,
0.0,
0.0,
0.0,
0.0,
0.0,
0.0,
0.0,
0.0,
0.0,
0.0,
0.0,
0.0,
0.0,
109.0,
244.0,
107.0,
4.0,
31.0,
0.0,
0.0,
2.0,
0.0,
51.0,
255.0,
49.0,
5.0,
8.0,
0.0,
17.0,
0.0,
0.0,
0.0,
0.0,
0.0,
0.0,
0.0,
0.0,
0.0,
0.0,
0.0,
0.0,
221.0,
244.0,
233.0,
0.0,
0.0,
0.0,
9.0,
0.0,
12.0,
144.0,
255.0,
52.0,
0.0,
6.0,
20.0,
0.0,
0.0,
0.0,
0.0,
0.0,
0.0,
0.0,
0.0,
0.0,
0.0,
0.0,
0.0,
0.0,
216.0,
253.0,
178.0,
6.0,
0.0,
0.0,
18.0,
0.0,
0.0,
234.0,
248.0,
51.0,
3.0,
1.0,
0.0,
0.0,
0.0,
0.0,
0.0,
0.0,
0.0,
0.0,
0.0,
0.0,
0.0,
0.0,
0.0,
0.0,
227.0,
243.0,
52.0,
7.0,
10.0,
13.0,
0.0,
0.0,
3.0,
224.0,
192.0,
8.0,
0.0,
12.0,
8.0,
0.0,
0.0,
0.0,
0.0,
0.0,
0.0,
0.0,
0.0,
0.0,
0.0,
0.0,
0.0,
0.0,
214.0,
255.0,
52.0,
0.0,
13.0,
0.0,
4.0,
8.0,
34.0,
212.0,
136.0,
6.0,
0.0,
0.0,
0.0,
7.0,
0.0,
0.0,
0.0,
0.0,
0.0,
0.0,
0.0,
0.0,
0.0,
0.0,
0.0,
0.0,
211.0,
255.0,
60.0,
0.0,
2.0,
0.0,
4.0,
0.0,
153.0,
255.0,
107.0,
0.0,
9.0,
7.0,
0.0,
1.0,
0.0,
0.0,
0.0,
0.0,
0.0,
0.0,
0.0,
0.0,
0.0,
0.0,
0.0,
0.0,
221.0,
230.0,
227.0,
199.0,
204.0,
27.0,
25.0,
31.0,
124.0,
255.0,
124.0,
0.0,
0.0,
12.0,
2.0,
0.0,
0.0,
0.0,
0.0,
0.0,
0.0,
0.0,
0.0,
0.0,
0.0,
0.0,
0.0,
0.0,
226.0,
255.0,
252.0,
247.0,
239.0,
255.0,
247.0,
196.0,
115.0,
234.0,
129.0,
3.0,
0.0,
0.0,
0.0,
3.0,
0.0,
0.0,
0.0,
0.0,
0.0,
0.0,
0.0,
0.0,
0.0,
0.0,
0.0,
0.0,
218.0,
236.0,
252.0,
255.0,
255.0,
245.0,
255.0,
255.0,
248.0,
255.0,
121.0,
0.0,
5.0,
3.0,
0.0,
2.0,
0.0,
0.0,
0.0,
0.0,
0.0,
0.0,
0.0,
0.0,
0.0,
0.0,
0.0,
0.0,
141.0,
223.0,
249.0,
255.0,
253.0,
251.0,
255.0,
245.0,
205.0,
244.0,
160.0,
15.0,
3.0,
0.0,
0.0,
3.0,
0.0,
0.0,
0.0,
0.0,
0.0,
0.0,
0.0,
0.0,
0.0,
0.0,
0.0,
0.0,
4.0,
38.0,
88.0,
85.0,
80.0,
165.0,
232.0,
203.0,
131.0,
245.0,
255.0,
42.0,
0.0,
0.0,
0.0,
0.0,
0.0,
0.0,
0.0,
0.0,
0.0,
0.0,
0.0,
0.0,
0.0,
0.0,
0.0,
0.0,
0.0,
0.0,
10.0,
8.0,
0.0,
0.0,
25.0,
12.0,
5.0,
244.0,
245.0,
39.0,
9.0,
2.0,
1.0,
11.0,
0.0,
0.0,
0.0,
0.0,
0.0,
0.0,
0.0,
0.0,
0.0,
0.0,
0.0,
0.0,
10.0,
0.0,
0.0,
10.0,
0.0,
0.0,
0.0,
0.0,
0.0,
232.0,
255.0,
30.0,
0.0,
16.0,
0.0,
0.0,
0.0,
0.0,
0.0,
0.0,
0.0,
0.0,
0.0,
0.0,
0.0,
0.0,
0.0,
0.0,
0.0,
0.0,
0.0,
0.0,
2.0,
6.0,
2.0,
0.0,
6.0,
221.0,
235.0,
58.0,
5.0,
0.0,
24.0,
0.0,
0.0,
0.0,
0.0,
0.0,
0.0,
0.0,
0.0,
0.0,
0.0,
0.0,
0.0,
0.0,
0.0,
17.0,
11.0,
0.0,
0.0,
4.0,
0.0,
0.0,
0.0,
145.0,
255.0,
41.0,
0.0,
0.0,
0.0,
0.0,
0.0,
0.0,
0.0,
0.0,
0.0,
0.0,
0.0,
0.0,
0.0,
0.0,
0.0,
0.0,
0.0,
0.0,
0.0,
0.0,
0.0,
0.0,
0.0,
5.0,
7.0,
162.0,
253.0,
46.0,
13.0,
0.0,
21.0,
0.0,
0.0,
0.0,
0.0,
0.0,
0.0,
0.0,
0.0,
0.0,
0.0,
0.0,
0.0,
0.0,
5.0,
0.0,
0.0,
4.0,
2.0,
0.0,
0.0,
4.0,
0.0,
69.0,
241.0,
53.0,
0.0,
4.0,
0.0,
0.0,
0.0,
0.0,
0.0,
0.0,
0.0,
0.0,
0.0,
0.0,
0.0,
0.0,
0.0,
0.0,
0.0,
0.0,
0.0,
0.0,
0.0,
2.0,
4.0,
0.0,
2.0,
40.0,
255.0,
159.0,
9.0,
0.0,
9.0,
0.0,
0.0,
0.0,
0.0,
0.0,
0.0,
0.0,
0.0,
0.0,
0.0,
0.0,
0.0,
0.0,
0.0,
0.0,
0.0,
0.0,
0.0,
0.0,
0.0,
0.0,
9.0,
42.0,
255.0,
222.0,
0.0,
0.0,
7.0,
0.0,
0.0,
0.0,
0.0,
0.0,
0.0,
0.0,
0.0,
0.0,
0.0,
0.0,
0.0,
0.0,
0.0,
0.0,
0.0,
0.0,
0.0,
0.0,
0.0,
0.0,
0.0,
60.0,
241.0,
210.0,
22.0,
0.0,
0.0,
6.0,
0.0,
0.0,
0.0,
0.0,
0.0,
0.0,
0.0,
0.0,
0.0,
0.0,
0.0,
0.0,
0.0,
0.0,
0.0,
0.0,
0.0,
0.0,
0.0,
0.0,
10.0,
0.0,
11.0,
0.0,
0.0,
12.0,
0.0,
0.0,
0.0,
0.0,
0.0,
0.0,
0.0,
0.0,
0.0,
0.0,
0.0,
0.0,
0.0,
0.0,
0.0,
0.0,
0.0,
0.0,
0.0,
0.0,
0.0,
0.0,
0.0,
2.0,
5.0,
7.0,
7.0,
3.0,
0.0,
6.0,
0.0,
0.0,
0.0,
0.0,
