0.0,
5.0,
0.0,
0.0,
3.0,
0.0,
0.0,
0.0,
1.0,
0.0,
8.0,
4.0,
0.0,
6.0,
0.0,
0.0,
0.0,
0.0,
0.0,
0.0,
0.0,
0.0,
0.0,
0.0,
0.0,
0.0,
0.0,
0.0,
2.0,
1.0,
0.0,
0.0,
0.0,
0.0,
0.0,
0.0,
0.0,
16.0,
0.0,
0.0,
20.0,
0.0,
0.0,
8.0,
0.0,
0.0,
0.0,
0.0,
0.0,
0.0,
0.0,
0.0,
0.0,
0.0,
0.0,
0.0,
5.0,
0.0,
0.0,
2.0,
0.0,
0.0,
4.0,
1.0,
0.0,
6.0,
8.0,
14.0,
0.0,
0.0,
20.0,
0.0,
0.0,
0.0,
0.0,
0.0,
0.0,
0.0,
0.0,
0.0,
0.0,
0.0,
0.0,
0.0,
3.0,
0.0,
4.0,
1.0,
0.0,
9.0,
6.0,
0.0,
14.0,
0.0,
6.0,
0.0,
0.0,
15.0,
0.0,
0.0,
0.0,
0.0,
0.0,
0.0,
0.0,
0.0,
0.0,
0.0,
0.0,
0.0,
0.0,
0.0,
0.0,
0.0,
10.0,
0.0,
0.0,
12.0,
0.0,
0.0,
20.0,
128.0,
248.0,
143.0,
0.0,
0.0,
3.0,
0.0,
0.0,
0.0,
0.0,
0.0,
0.0,
0.0,
0.0,
0.0,
0.0,
0.0,
0.0,
0.0,
0.0,
0.0,
11.0,
0.0,
0.0,
5.0,
0.0,
18.0,
144.0,
248.0,
190.0,
41.0,
0.0,
0.0,
0.0,
5.0,
0.0,
0.0,
0.0,
0.0,
0.0,
0.0,
0.0,
0.0,
0.0,
0.0,
0.0,
0.0,
2.0,
0.0,
7.0,
0.0,
2.0,
0.0,
0.0,
85.0,
231.0,
85.0,
0.0,
5.0,
13.0,
1.0,
0.0,
6.0,
0.0,
0.0,
0.0,
0.0,
0.0,
0.0,
0.0,
0.0,
0.0,
0.0,
0.0,
0.0,
4.0,
0.0,
3.0,
0.0,
11.0,
0.0,
10.0,
146.0,
201.0,
0.0,
0.0,
11.0,
0.0,
7.0,
0.0,
0.0,
0.0,
0.0,
0.0,
0.0,
0.0,
0.0,
0.0,
0.0,
0.0,
0.0,
0.0,
0.0,
6.0,
0.0,
0.0,
6.0,
0.0,
0.0,
53.0,
227.0,
165.0,
0.0,
12.0,
0.0,
0.0,
4.0,
6.0,
0.0,
0.0,
3.0,
6.0,
31.0,
11.0,
3.0,
0.0,
12.0,
0.0,
0.0,
0.0,
0.0,
0.0,
2.0,
6.0,
4.0,
0.0,
0.0,
115.0,
255.0,
94.0,
16.0,
0.0,
2.0,
0.0,
0.0,
5.0,
17.0,
17.0,
34.0,
129.0,
220.0,
4.0,
0.0,
0.0,
0.0,
0.0,
0.0,
0.0,
0.0,
0.0,
1.0,
3.0,
0.0,
0.0,
8.0,
157.0,
251.0,
33.0,
4.0,
0.0,
14.0,
2.0,
0.0,
0.0,
0.0,
0.0,
145.0,
255.0,
206.0,
9.0,
0.0,
18.0,
0.0,
0.0,
0.0,
0.0,
0.0,
6.0,
0.0,
0.0,
0.0,
0.0,
14.0,
141.0,
252.0,
156.0,
0.0,
0.0,
0.0,
4.0,
9.0,
4.0,
0.0,
60.0,
255.0,
228.0,
50.0,
0.0,
0.0,
0.0,
14.0,
0.0,
0.0,
0.0,
0.0,
3.0,
2.0,
0.0,
0.0,
0.0,
0.0,
78.0,
247.0,
193.0,
33.0,
1.0,
2.0,
7.0,
0.0,
0.0,
12.0,
110.0,
246.0,
214.0,
0.0,
14.0,
9.0,
13.0,
0.0,
0.0,
0.0,
0.0,
0.0,
0.0,
0.0,
0.0,
7.0,
2.0,
0.0,
2.0,
140.0,
255.0,
220.0,
62.0,
5.0,
0.0,
15.0,
3.0,
0.0,
108.0,
255.0,
217.0,
29.0,
0.0,
0.0,
0.0,
14.0,
0.0,
0.0,
0.0,
0.0,
0.0,
0.0,
0.0,
4.0,
15.0,
0.0,
0.0,
17.0,
132.0,
255.0,
255.0,
216.0,
157.0,
177.0,
196.0,
214.0,
216.0,
252.0,
242.0,
242.0,
0.0,
19.0,
0.0,
0.0,
0.0,
0.0,
0.0,
0.0,
0.0,
9.0,
3.0,
0.0,
1.0,
0.0,
16.0,
0.0,
11.0,
78.0,
193.0,
248.0,
255.0,
255.0,
251.0,
255.0,
255.0,
252.0,
172.0,
1.0,
7.0,
0.0,
8.0,
5.0,
0.0,
0.0,
0.0,
0.0,
0.0,
0.0,
0.0,
0.0,
0.0,
0.0,
0.0,
0.0,
0.0,
2.0,
8.0,
14.0,
18.0,
19.0,
18.0,
17.0,
124.0,
248.0,
119.0,
0.0,
0.0,
15.0,
0.0,
0.0,
5.0,
0.0,
0.0,
6.0,
0.0,
0.0,
0.0,
0.0,
0.0,
0.0,
0.0,
0.0,
0.0,
0.0,
2.0,
4.0,
5.0,
4.0,
2.0,
1.0,
99.0,
255.0,
73.0,
0.0,
3.0,
0.0,
0.0,
24.0,
0.0,
0.0,
0.0,
0.0,
0.0,
0.0,
0.0,
0.0,
0.0,
0.0,
0.0,
0.0,
1.0,
1.0,
1.0,
1.0,
0.0,
0.0,
0.0,
0.0,
114.0,
243.0,
78.0,
9.0,
6.0,
0.0,
4.0,
0.0,
2.0,
8.0,
11.0,
5.0,
0.0,
0.0,
0.0,
0.0,
0.0,
0.0,
0.0,
0.0,
2.0,
1.0,
1.0,
1.0,
1.0,
2.0,
3.0,
3.0,
90.0,
255.0,
185.0,
0.0,
2.0,
8.0,
0.0,
19.0,
0.0,
0.0,
0.0,
0.0,
0.0,
0.0,
0.0,
0.0,
0.0,
0.0,
0.0,
0.0,
0.0,
0.0,
0.0,
0.0,
0.0,
0.0,
2.0,
3.0,
16.0,
175.0,
255.0,
75.0,
0.0,
10.0,
0.0,
0.0,
5.0,
4.0,
0.0,
0.0,
0.0,
0.0,
0.0,
0.0,
0.0,
0.0,
0.0,
0.0,
2.0,
1.0,
0.0,
0.0,
0.0,
0.0,
0.0,
0.0,
0.0,
50.0,
220.0,
255.0,
41.0,
0.0,
18.0,
0.0,
0.0,
1.0,
6.0,
9.0,
0.0,
0.0,
0.0,
0.0,
0.0,
0.0,
0.0,
0.0,
4.0,
4.0,
3.0,
2.0,
1.0,
1.0,
0.0,
0.0,
0.0,
2.0,
61.0,
238.0,
238.0,
186.0,
84.0,
12.0,
11.0,
0.0,
0.0,
0.0,
0.0,
0.0,
0.0,
0.0,
0.0,
0.0,
0.0,
0.0,
0.0,
0.0,
0.0,
0.0,
0.0,
0.0,
0.0,
0.0,
0.0,
7.0,
0.0,
29.0,
133.0,
244.0,
253.0,
219.0,
131.0,
67.0,
9.0,
0.0,
0.0,
0.0,
0.0,
0.0,
0.0,
0.0,
0.0,
0.0,
0.0,
0.0,
0.0,
0.0,
0.0,
0.0,
0.0,
0.0,
0.0,
0.0,
0.0,
0.0,
0.0,
0.0,
0.0,
0.0,
0.0,
0.0,
0.0,
0.0,
0.0,
0.0,
0.0,
0.0,
0.0,
0.0,
0.0,
0.0,
0.0,
0.0,
0.0,
0.0,
0.0,
0.0,
0.0,
0.0,
0.0,
0.0,
0.0,
0.0,
0.0,
0.0,
0.0,
0.0,
0.0,
0.0,
0.0,
0.0,
0.0,
0.0,
0.0,
0.0,
0.0,
0.0,
0.0,
0.0,
0.0,
0.0,
0.0,
0.0,
0.0,
0.0,
0.0,
0.0,
0.0,
0.0,
0.0,
0.0,
0.0,
0.0,
0.0,
0.0,
0.0,
0.0,
0.0,
0.0,
0.0,
0.0,
0.0,
0.0,
0.0,
0.0,
0.0,
0.0,
0.0,
0.0,
0.0,
0.0,
0.0,
0.0,
0.0,
0.0,
0.0,
0.0,
0.0,
0.0,
0.0,
0.0,
0.0,
0.0,
0.0,
0.0,
0.0,
0.0,
