0.0,
0.0,
0.0,
0.0,
0.0,
0.0,
0.0,
0.0,
0.0,
0.0,
0.0,
0.0,
0.0,
0.0,
0.0,
0.0,
1.0,
3.0,
0.0,
9.0,
0.0,
10.0,
7.0,
0.0,
0.0,
0.0,
0.0,
0.0,
0.0,
0.0,
0.0,
0.0,
0.0,
0.0,
0.0,
0.0,
0.0,
0.0,
0.0,
0.0,
0.0,
0.0,
0.0,
0.0,
0.0,
2.0,
0.0,
0.0,
6.0,
2.0,
0.0,
11.0,
0.0,
0.0,
0.0,
0.0,
0.0,
0.0,
0.0,
0.0,
0.0,
0.0,
0.0,
0.0,
0.0,
0.0,
0.0,
0.0,
0.0,
0.0,
0.0,
0.0,
0.0,
4.0,
20.0,
0.0,
2.0,
3.0,
0.0,
8.0,
0.0,
0.0,
0.0,
0.0,
0.0,
0.0,
0.0,
0.0,
0.0,
0.0,
0.0,
0.0,
0.0,
0.0,
0.0,
0.0,
0.0,
0.0,
0.0,
0.0,
7.0,
0.0,
0.0,
8.0,
0.0,
1.0,
2.0,
0.0,
0.0,
0.0,
0.0,
0.0,
0.0,
0.0,
0.0,
0.0,
0.0,
0.0,
0.0,
0.0,
0.0,
0.0,
0.0,
0.0,
0.0,
0.0,
0.0,
0.0,
0.0,
18.0,
0.0,
1.0,
16.0,
0.0,
10.0,
0.0,
0.0,
0.0,
0.0,
0.0,
0.0,
0.0,
0.0,
0.0,
0.0,
0.0,
0.0,
0.0,
0.0,
0.0,
0.0,
0.0,
0.0,
0.0,
0.0,
0.0,
22.0,
0.0,
2.0,
0.0,
40.0,
135.0,
253.0,
108.0,
0.0,
0.0,
0.0,
0.0,
0.0,
0.0,
0.0,
0.0,
0.0,
0.0,
0.0,
0.0,
0.0,
0.0,
0.0,
0.0,
0.0,
0.0,
0.0,
0.0,
0.0,
10.0,
2.0,
39.0,
207.0,
244.0,
121.0,
0.0,
0.0,
0.0,
0.0,
0.0,
0.0,
0.0,
0.0,
0.0,
0.0,
0.0,
0.0,
0.0,
0.0,
0.0,
0.0,
0.0,
0.0,
0.0,
0.0,
0.0,
4.0,
2.0,
83.0,
241.0,
254.0,
194.0,
1.0,
1.0,
0.0,
0.0,
0.0,
0.0,
5.0,
0.0,
4.0,
5.0,
0.0,
2.0,
4.0,
0.0,
5.0,
0.0,
24.0,
84.0,
18.0,
0.0,
13.0,
1.0,
5.0,
16.0,
218.0,
255.0,
232.0,
57.0,
1.0,
11.0,
10.0,
0.0,
4.0,
10.0,
0.0,
0.0,
0.0,
6.0,
0.0,
0.0,
0.0,
0.0,
0.0,
2.0,
70.0,
246.0,
118.0,
0.0,
0.0,
0.0,
0.0,
229.0,
251.0,
231.0,
72.0,
0.0,
13.0,
0.0,
0.0,
16.0,
10.0,
0.0,
3.0,
0.0,
0.0,
0.0,
0.0,
3.0,
5.0,
3.0,
4.0,
0.0,
185.0,
254.0,
200.0,
15.0,
5.0,
19.0,
128.0,
242.0,
217.0,
66.0,
0.0,
17.0,
0.0,
6.0,
0.0,
4.0,
0.0,
5.0,
2.0,
8.0,
1.0,
0.0,
3.0,
11.0,
1.0,
0.0,
16.0,
93.0,
229.0,
242.0,
109.0,
0.0,
4.0,
73.0,
239.0,
255.0,
170.0,
0.0,
12.0,
0.0,
10.0,
0.0,
12.0,
15.0,
0.0,
0.0,
0.0,
0.0,
1.0,
5.0,
6.0,
0.0,
0.0,
22.0,
180.0,
240.0,
255.0,
184.0,
0.0,
0.0,
9.0,
222.0,
255.0,
225.0,
80.0,
0.0,
0.0,
48.0,
153.0,
76.0,
24.0,
0.0,
8.0,
12.0,
4.0,
0.0,
0.0,
10.0,
1.0,
0.0,
44.0,
166.0,
255.0,
248.0,
191.0,
38.0,
13.0,
23.0,
132.0,
253.0,
245.0,
63.0,
0.0,
19.0,
126.0,
231.0,
255.0,
251.0,
232.0,
20.0,
0.0,
1.0,
9.0,
0.0,
0.0,
3.0,
0.0,
0.0,
103.0,
255.0,
248.0,
255.0,
52.0,
0.0,
2.0,
30.0,
255.0,
249.0,
255.0,
21.0,
111.0,
240.0,
238.0,
236.0,
255.0,
169.0,
50.0,
0.0,
16.0,
11.0,
0.0,
5.0,
3.0,
0.0,
0.0,
12.0,
112.0,
253.0,
246.0,
255.0,
248.0,
170.0,
115.0,
139.0,
236.0,
255.0,
250.0,
250.0,
255.0,
250.0,
255.0,
176.0,
24.0,
7.0,
7.0,
0.0,
1.0,
0.0,
0.0,
5.0,
0.0,
4.0,
0.0,
2.0,
12.0,
175.0,
248.0,
253.0,
255.0,
251.0,
255.0,
251.0,
233.0,
255.0,
247.0,
255.0,
255.0,
236.0,
69.0,
13.0,
0.0,
5.0,
0.0,
0.0,
0.0,
0.0,
0.0,
5.0,
0.0,
1.0,
5.0,
15.0,
0.0,
38.0,
16.0,
159.0,
230.0,
232.0,
255.0,
255.0,
255.0,
254.0,
253.0,
163.0,
88.0,
42.0,
0.0,
0.0,
3.0,
0.0,
0.0,
0.0,
0.0,
0.0,
0.0,
4.0,
1.0,
1.0,
0.0,
4.0,
0.0,
0.0,
11.0,
0.0,
130.0,
255.0,
225.0,
239.0,
85.0,
42.0,
33.0,
2.0,
10.0,
0.0,
12.0,
0.0,
14.0,
1.0,
0.0,
0.0,
0.0,
0.0,
1.0,
0.0,
0.0,
5.0,
0.0,
0.0,
14.0,
9.0,
0.0,
107.0,
235.0,
255.0,
211.0,
93.0,
7.0,
0.0,
9.0,
0.0,
8.0,
0.0,
5.0,
0.0,
0.0,
0.0,
0.0,
0.0,
0.0,
0.0,
7.0,
0.0,
0.0,
5.0,
5.0,
0.0,
8.0,
0.0,
3.0,
232.0,
255.0,
220.0,
54.0,
10.0,
0.0,
15.0,
0.0,
0.0,
0.0,
2.0,
19.0,
8.0,
0.0,
2.0,
0.0,
0.0,
0.0,
0.0,
1.0,
2.0,
0.0,
0.0,
0.0,
4.0,
1.0,
12.0,
212.0,
234.0,
194.0,
79.0,
6.0,
0.0,
5.0,
0.0,
5.0,
14.0,
1.0,
1.0,
0.0,
0.0,
0.0,
7.0,
0.0,
0.0,
0.0,
0.0,
0.0,
9.0,
5.0,
1.0,
0.0,
0.0,
7.0,
109.0,
239.0,
255.0,
80.0,
15.0,
0.0,
0.0,
7.0,
5.0,
1.0,
0.0,
0.0,
0.0,
4.0,
16.0,
0.0,
0.0,
0.0,
0.0,
0.0,
0.0,
0.0,
0.0,
0.0,
11.0,
0.0,
0.0,
6.0,
178.0,
251.0,
91.0,
11.0,
0.0,
0.0,
2.0,
0.0,
0.0,
1.0,
0.0,
5.0,
2.0,
0.0,
0.0,
4.0,
4.0,
0.0,
0.0,
0.0,
0.0,
6.0,
0.0,
6.0,
0.0,
9.0,
0.0,
18.0,
233.0,
187.0,
48.0,
0.0,
4.0,
0.0,
0.0,
7.0,
0.0,
0.0,
0.0,
0.0,
0.0,
0.0,
0.0,
0.0,
0.0,
0.0,
0.0,
0.0,
0.0,
0.0,
0.0,
17.0,
0.0,
2.0,
9.0,
0.0,
14.0,
13.0,
0.0,
0.0,
4.0,
0.0,
0.0,
11.0,
0.0,
0.0,
0.0,
0.0,
0.0,
0.0,
0.0,
0.0,
0.0,
0.0,
0.0,
0.0,
0.0,
12.0,
0.0,
1.0,
0.0,
0.0,
12.0,
6.0,
0.0,
0.0,
0.0,
12.0,
8.0,
0.0,
3.0,
4.0,
0.0,
0.0,
0.0,
0.0,
0.0,
0.0,
0.0,
0.0,
0.0,
0.0,
0.0,
0.0,
0.0,
7.0,
0.0,
0.0,
14.0,
0.0,
0.0,
6.0,
9.0,
13.0,
1.0,
0.0,
0.0,
4.0,
2.0,
0.0,
0.0,
0.0,
0.0,
0.0,
0.0,
0.0,
0.0,
0.0,
0.0,
0.0,
0.0,
0.0,
0.0,
