0.0,
0.0,
0.0,
0.0,
0.0,
0.0,
0.0,
0.0,
1.0,
5.0,
1.0,
6.0,
1.0,
0.0,
0.0,
0.0,
7.0,
0.0,
1.0,
3.0,
2.0,
0.0,
3.0,
0.0,
0.0,
0.0,
0.0,
0.0,
0.0,
0.0,
0.0,
0.0,
0.0,
0.0,
0.0,
0.0,
0.0,
3.0,
0.0,
0.0,
4.0,
14.0,
0.0,
8.0,
0.0,
7.0,
1.0,
0.0,
0.0,
7.0,
7.0,
1.0,
0.0,
0.0,
0.0,
0.0,
0.0,
0.0,
0.0,
0.0,
0.0,
0.0,
0.0,
0.0,
0.0,
6.0,
27.0,
8.0,
1.0,
5.0,
0.0,
0.0,
6.0,
3.0,
0.0,
6.0,
2.0,
4.0,
0.0,
3.0,
0.0,
0.0,
0.0,
0.0,
0.0,
0.0,
0.0,
0.0,
0.0,
0.0,
0.0,
0.0,
10.0,
0.0,
0.0,
5.0,
0.0,
0.0,
16.0,
0.0,
0.0,
13.0,
11.0,
2.0,
0.0,
1.0,
0.0,
0.0,
0.0,
0.0,
0.0,
0.0,
0.0,
0.0,
0.0,
0.0,
0.0,
0.0,
0.0,
0.0,
6.0,
0.0,
0.0,
12.0,
4.0,
0.0,
14.0,
1.0,
5.0,
0.0,
0.0,
0.0,
11.0,
2.0,
5.0,
9.0,
0.0,
0.0,
0.0,
0.0,
0.0,
0.0,
0.0,
0.0,
0.0,
0.0,
0.0,
0.0,
0.0,
5.0,
0.0,
0.0,
11.0,
0.0,
0.0,
2.0,
0.0,
6.0,
15.0,
0.0,
0.0,
0.0,
6.0,
0.0,
0.0,
0.0,
0.0,
0.0,
0.0,
0.0,
0.0,
0.0,
0.0,
0.0,
0.0,
0.0,
7.0,
0.0,
31.0,
11.0,
0.0,
13.0,
6.0,
4.0,
0.0,
12.0,
0.0,
33.0,
107.0,
255.0,
193.0,
18.0,
0.0,
0.0,
0.0,
0.0,
0.0,
0.0,
0.0,
0.0,
0.0,
0.0,
0.0,
0.0,
3.0,
31.0,
241.0,
190.0,
0.0,
0.0,
6.0,
0.0,
3.0,
4.0,
14.0,
141.0,
166.0,
255.0,
143.0,
0.0,
0.0,
0.0,
0.0,
0.0,
5.0,
0.0,
0.0,
3.0,
0.0,
0.0,
9.0,
0.0,
76.0,
240.0,
255.0,
143.0,
6.0,
14.0,
0.0,
2.0,
0.0,
15.0,
30.0,
190.0,
197.0,
248.0,
153.0,
4.0,
0.0,
0.0,
0.0,
0.0,
0.0,
10.0,
0.0,
3.0,
0.0,
5.0,
0.0,
60.0,
247.0,
255.0,
207.0,
34.0,
0.0,
0.0,
9.0,
0.0,
7.0,
0.0,
109.0,
240.0,
249.0,
244.0,
118.0,
0.0,
0.0,
0.0,
0.0,
0.0,
0.0,
0.0,
6.0,
0.0,
13.0,
0.0,
70.0,
183.0,
255.0,
248.0,
131.0,
8.0,
11.0,
13.0,
0.0,
13.0,
0.0,
3.0,
155.0,
255.0,
241.0,
186.0,
26.0,
3.0,
0.0,
0.0,
0.0,
0.0,
4.0,
0.0,
0.0,
0.0,
0.0,
36.0,
200.0,
255.0,
248.0,
116.0,
17.0,
0.0,
0.0,
13.0,
4.0,
0.0,
11.0,
52.0,
180.0,
254.0,
250.0,
120.0,
0.0,
13.0,
0.0,
0.0,
0.0,
0.0,
0.0,
14.0,
0.0,
0.0,
0.0,
185.0,
254.0,
249.0,
113.0,
5.0,
0.0,
27.0,
124.0,
108.0,
134.0,
168.0,
230.0,
234.0,
255.0,
255.0,
219.0,
41.0,
0.0,
0.0,
0.0,
0.0,
0.0,
0.0,
3.0,
0.0,
2.0,
9.0,
80.0,
255.0,
243.0,
252.0,
65.0,
15.0,
133.0,
253.0,
255.0,
235.0,
240.0,
231.0,
255.0,
255.0,
243.0,
235.0,
67.0,
0.0,
13.0,
1.0,
0.0,
0.0,
0.0,
0.0,
12.0,
0.0,
8.0,
9.0,
102.0,
243.0,
243.0,
255.0,
255.0,
240.0,
208.0,
237.0,
188.0,
125.0,
5.0,
0.0,
222.0,
255.0,
247.0,
190.0,
3.0,
5.0,
0.0,
0.0,
0.0,
0.0,
0.0,
0.0,
0.0,
10.0,
0.0,
4.0,
2.0,
161.0,
255.0,
232.0,
190.0,
150.0,
83.0,
23.0,
12.0,
0.0,
0.0,
8.0,
237.0,
246.0,
232.0,
30.0,
0.0,
5.0,
0.0,
6.0,
0.0,
0.0,
0.0,
0.0,
4.0,
0.0,
0.0,
0.0,
5.0,
22.0,
40.0,
51.0,
2.0,
0.0,
10.0,
5.0,
2.0,
2.0,
0.0,
1.0,
232.0,
243.0,
236.0,
0.0,
0.0,
5.0,
2.0,
0.0,
0.0,
0.0,
0.0,
0.0,
2.0,
1.0,
0.0,
0.0,
0.0,
1.0,
3.0,
4.0,
0.0,
11.0,
0.0,
0.0,
2.0,
0.0,
0.0,
128.0,
247.0,
255.0,
123.0,
5.0,
2.0,
2.0,
0.0,
0.0,
0.0,
0.0,
0.0,
0.0,
0.0,
0.0,
1.0,
2.0,
1.0,
0.0,
0.0,
0.0,
1.0,
20.0,
1.0,
0.0,
14.0,
0.0,
79.0,
246.0,
255.0,
184.0,
13.0,
3.0,
0.0,
2.0,
0.0,
2.0,
0.0,
0.0,
0.0,
0.0,
0.0,
0.0,
0.0,
0.0,
2.0,
4.0,
6.0,
7.0,
0.0,
0.0,
11.0,
0.0,
0.0,
29.0,
183.0,
252.0,
252.0,
57.0,
0.0,
0.0,
0.0,
4.0,
9.0,
0.0,
0.0,
0.0,
0.0,
0.0,
2.0,
1.0,
0.0,
0.0,
0.0,
0.0,
1.0,
2.0,
14.0,
0.0,
0.0,
15.0,
2.0,
156.0,
255.0,
252.0,
199.0,
1.0,
4.0,
0.0,
0.0,
2.0,
3.0,
0.0,
0.0,
0.0,
0.0,
0.0,
0.0,
0.0,
1.0,
1.0,
0.0,
0.0,
0.0,
0.0,
0.0,
0.0,
0.0,
0.0,
14.0,
182.0,
255.0,
246.0,
97.0,
10.0,
0.0,
0.0,
9.0,
0.0,
0.0,
1.0,
0.0,
0.0,
0.0,
0.0,
0.0,
0.0,
1.0,
3.0,
4.0,
3.0,
1.0,
0.0,
0.0,
3.0,
20.0,
0.0,
42.0,
203.0,
254.0,
255.0,
29.0,
5.0,
0.0,
0.0,
7.0,
0.0,
1.0,
1.0,
0.0,
0.0,
0.0,
0.0,
4.0,
3.0,
0.0,
0.0,
0.0,
0.0,
2.0,
4.0,
3.0,
0.0,
0.0,
6.0,
32.0,
255.0,
255.0,
248.0,
29.0,
0.0,
18.0,
0.0,
0.0,
0.0,
14.0,
0.0,
0.0,
0.0,
0.0,
0.0,
0.0,
0.0,
0.0,
0.0,
0.0,
0.0,
0.0,
0.0,
2.0,
2.0,
1.0,
2.0,
91.0,
253.0,
255.0,
116.0,
0.0,
0.0,
0.0,
0.0,
0.0,
0.0,
0.0,
0.0,
0.0,
0.0,
0.0,
0.0,
0.0,
0.0,
0.0,
0.0,
0.0,
0.0,
0.0,
0.0,
3.0,
2.0,
0.0,
0.0,
32.0,
127.0,
128.0,
28.0,
0.0,
0.0,
0.0,
0.0,
0.0,
0.0,
0.0,
0.0,
0.0,
0.0,
0.0,
0.0,
0.0,
0.0,
0.0,
0.0,
0.0,
0.0,
0.0,
0.0,
0.0,
0.0,
1.0,
0.0,
0.0,
20.0,
18.0,
0.0,
0.0,
0.0,
0.0,
0.0,
0.0,
0.0,
0.0,
0.0,
0.0,
0.0,
0.0,
0.0,
0.0,
0.0,
0.0,
0.0,
0.0,
0.0,
0.0,
0.0,
0.0,
1.0,
4.0,
2.0,
0.0,
0.0,
0.0,
0.0,
0.0,
0.0,
0.0,
0.0,
0.0,
0.0,
0.0,
0.0,
0.0,
0.0,
0.0,
0.0,
