0.0,
0.0,
0.0,
0.0,
0.0,
0.0,
0.0,
0.0,
0.0,
3.0,
0.0,
0.0,
1.0,
6.0,
0.0,
0.0,
0.0,
3.0,
1.0,
0.0,
4.0,
0.0,
7.0,
0.0,
0.0,
0.0,
0.0,
0.0,
0.0,
0.0,
0.0,
0.0,
0.0,
0.0,
0.0,
0.0,
0.0,
13.0,
23.0,
9.0,
0.0,
0.0,
0.0,
6.0,
0.0,
1.0,
7.0,
5.0,
4.0,
0.0,
6.0,
7.0,
0.0,
0.0,
0.0,
0.0,
0.0,
0.0,
0.0,
0.0,
0.0,
0.0,
0.0,
0.0,
5.0,
0.0,
0.0,
3.0,
9.0,
2.0,
1.0,
3.0,
9.0,
0.0,
0.0,
0.0,
0.0,
2.0,
0.0,
0.0,
0.0,
0.0,
0.0,
0.0,
0.0,
0.0,
0.0,
0.0,
0.0,
0.0,
0.0,
0.0,
6.0,
9.0,
13.0,
2.0,
0.0,
7.0,
12.0,
0.0,
3.0,
0.0,
0.0,
0.0,
0.0,
8.0,
0.0,
12.0,
0.0,
0.0,
0.0,
0.0,
0.0,
0.0,
0.0,
0.0,
0.0,
0.0,
0.0,
0.0,
5.0,
0.0,
0.0,
2.0,
1.0,
0.0,
0.0,
3.0,
0.0,
1.0,
11.0,
5.0,
4.0,
5.0,
0.0,
0.0,
0.0,
0.0,
0.0,
0.0,
0.0,
0.0,
0.0,
0.0,
0.0,
0.0,
0.0,
0.0,
0.0,
5.0,
3.0,
0.0,
3.0,
0.0,
0.0,
5.0,
4.0,
1.0,
3.0,
28.0,
97.0,
102.0,
74.0,
0.0,
0.0,
0.0,
0.0,
0.0,
0.0,
0.0,
0.0,
0.0,
0.0,
0.0,
0.0,
0.0,
0.0,
162.0,
183.0,
41.0,
0.0,
5.0,
14.0,
0.0,
2.0,
0.0,
0.0,
58.0,
217.0,
245.0,
223.0,
80.0,
0.0,
0.0,
0.0,
0.0,
0.0,
0.0,
0.0,
0.0,
0.0,
0.0,
0.0,
0.0,
58.0,
229.0,
249.0,
101.0,
8.0,
0.0,
0.0,
0.0,
0.0,
1.0,
0.0,
65.0,
238.0,
255.0,
255.0,
101.0,
0.0,
0.0,
0.0,
0.0,
4.0,
0.0,
4.0,
2.0,
0.0,
11.0,
0.0,
0.0,
150.0,
243.0,
255.0,
172.0,
0.0,
20.0,
0.0,
0.0,
8.0,
0.0,
17.0,
158.0,
240.0,
255.0,
198.0,
32.0,
0.0,
0.0,
0.0,
1.0,
0.0,
6.0,
0.0,
0.0,
15.0,
0.0,
0.0,
30.0,
245.0,
255.0,
255.0,
159.0,
5.0,
0.0,
0.0,
19.0,
0.0,
0.0,
120.0,
255.0,
255.0,
254.0,
131.0,
0.0,
4.0,
3.0,
3.0,
6.0,
0.0,
11.0,
0.0,
0.0,
22.0,
0.0,
7.0,
146.0,
252.0,
248.0,
234.0,
91.0,
1.0,
0.0,
1.0,
0.0,
0.0,
6.0,
180.0,
231.0,
255.0,
231.0,
0.0,
1.0,
0.0,
0.0,
0.0,
0.0,
4.0,
0.0,
3.0,
0.0,
0.0,
7.0,
32.0,
246.0,
255.0,
252.0,
139.0,
9.0,
0.0,
1.0,
12.0,
0.0,
18.0,
121.0,
233.0,
255.0,
230.0,
82.0,
2.0,
0.0,
0.0,
0.0,
0.0,
0.0,
0.0,
0.0,
8.0,
7.0,
0.0,
0.0,
83.0,
252.0,
250.0,
222.0,
19.0,
0.0,
9.0,
0.0,
0.0,
16.0,
97.0,
251.0,
246.0,
251.0,
160.0,
0.0,
0.0,
16.0,
1.0,
4.0,
3.0,
0.0,
0.0,
4.0,
2.0,
0.0,
0.0,
20.0,
185.0,
248.0,
253.0,
218.0,
0.0,
4.0,
12.0,
0.0,
0.0,
18.0,
255.0,
252.0,
255.0,
255.0,
44.0,
7.0,
0.0,
0.0,
0.0,
0.0,
0.0,
0.0,
5.0,
13.0,
0.0,
0.0,
0.0,
130.0,
255.0,
255.0,
251.0,
223.0,
78.0,
8.0,
0.0,
4.0,
43.0,
29.0,
237.0,
255.0,
247.0,
254.0,
96.0,
20.0,
18.0,
0.0,
16.0,
0.0,
0.0,
0.0,
0.0,
3.0,
0.0,
6.0,
0.0,
244.0,
248.0,
252.0,
252.0,
251.0,
255.0,
178.0,
168.0,
181.0,
233.0,
176.0,
255.0,
234.0,
255.0,
254.0,
250.0,
206.0,
183.0,
174.0,
63.0,
23.0,
0.0,
0.0,
1.0,
0.0,
4.0,
0.0,
0.0,
175.0,
242.0,
255.0,
249.0,
255.0,
255.0,
243.0,
255.0,
251.0,
255.0,
252.0,
255.0,
244.0,
255.0,
245.0,
254.0,
255.0,
254.0,
255.0,
240.0,
24.0,
0.0,
5.0,
0.0,
0.0,
0.0,
1.0,
10.0,
255.0,
255.0,
255.0,
247.0,
252.0,
240.0,
255.0,
255.0,
249.0,
235.0,
255.0,
255.0,
255.0,
239.0,
255.0,
255.0,
101.0,
189.0,
146.0,
45.0,
0.0,
0.0,
3.0,
4.0,
5.0,
0.0,
0.0,
11.0,
232.0,
251.0,
248.0,
255.0,
255.0,
246.0,
217.0,
145.0,
230.0,
255.0,
240.0,
248.0,
254.0,
255.0,
248.0,
199.0,
17.0,
36.0,
0.0,
0.0,
0.0,
8.0,
0.0,
0.0,
18.0,
5.0,
0.0,
0.0,
69.0,
220.0,
255.0,
189.0,
104.0,
4.0,
10.0,
5.0,
0.0,
67.0,
255.0,
255.0,
243.0,
173.0,
71.0,
9.0,
1.0,
0.0,
2.0,
8.0,
13.0,
0.0,
0.0,
0.0,
0.0,
0.0,
2.0,
25.0,
0.0,
42.0,
14.0,
29.0,
16.0,
0.0,
0.0,
11.0,
5.0,
112.0,
246.0,
245.0,
231.0,
67.0,
10.0,
0.0,
11.0,
2.0,
0.0,
0.0,
0.0,
0.0,
6.0,
0.0,
0.0,
18.0,
0.0,
0.0,
0.0,
3.0,
14.0,
9.0,
0.0,
13.0,
4.0,
0.0,
10.0,
232.0,
254.0,
255.0,
165.0,
8.0,
0.0,
20.0,
0.0,
0.0,
6.0,
0.0,
0.0,
5.0,
7.0,
10.0,
0.0,
5.0,
0.0,
0.0,
17.0,
0.0,
0.0,
0.0,
5.0,
15.0,
0.0,
3.0,
8.0,
228.0,
253.0,
245.0,
41.0,
0.0,
0.0,
12.0,
0.0,
0.0,
6.0,
3.0,
0.0,
1.0,
0.0,
1.0,
2.0,
0.0,
5.0,
7.0,
0.0,
4.0,
5.0,
2.0,
0.0,
0.0,
5.0,
0.0,
0.0,
234.0,
255.0,
249.0,
28.0,
7.0,
6.0,
0.0,
5.0,
4.0,
0.0,
0.0,
0.0,
6.0,
0.0,
0.0,
0.0,
0.0,
0.0,
0.0,
0.0,
0.0,
0.0,
0.0,
2.0,
1.0,
0.0,
0.0,
27.0,
71.0,
106.0,
84.0,
32.0,
0.0,
0.0,
8.0,
6.0,
0.0,
0.0,
0.0,
0.0,
0.0,
0.0,
0.0,
0.0,
0.0,
0.0,
0.0,
0.0,
0.0,
0.0,
0.0,
0.0,
4.0,
0.0,
0.0,
0.0,
0.0,
2.0,
15.0,
0.0,
0.0,
0.0,
3.0,
0.0,
0.0,
6.0,
0.0,
0.0,
0.0,
0.0,
0.0,
0.0,
0.0,
0.0,
0.0,
0.0,
0.0,
0.0,
0.0,
0.0,
1.0,
4.0,
5.0,
3.0,
1.0,
0.0,
0.0,
0.0,
2.0,
7.0,
2.0,
0.0,
0.0,
2.0,
0.0,
0.0,
0.0,
0.0,
0.0,
0.0,
0.0,
0.0,
0.0,
0.0,
0.0,
0.0,
8.0,
4.0,
0.0,
0.0,
0.0,
3.0,
3.0,
3.0,
3.0,
5.0,
4.0,
2.0,
2.0,
3.0,
0.0,
0.0,
0.0,
0.0,
0.0,
0.0,
