0.0,
0.0,
0.0,
0.0,
0.0,
0.0,
0.0,
0.0,
0.0,
9.0,
0.0,
9.0,
0.0,
0.0,
0.0,
5.0,
3.0,
0.0,
0.0,
8.0,
5.0,
0.0,
10.0,
0.0,
0.0,
0.0,
0.0,
0.0,
0.0,
0.0,
0.0,
0.0,
0.0,
0.0,
0.0,
0.0,
0.0,
8.0,
0.0,
6.0,
0.0,
9.0,
1.0,
0.0,
0.0,
8.0,
0.0,
0.0,
2.0,
0.0,
0.0,
2.0,
0.0,
0.0,
0.0,
0.0,
0.0,
0.0,
0.0,
0.0,
0.0,
0.0,
0.0,
0.0,
8.0,
0.0,
0.0,
0.0,
0.0,
6.0,
0.0,
0.0,
0.0,
0.0,
4.0,
0.0,
7.0,
6.0,
0.0,
0.0,
0.0,
0.0,
0.0,
0.0,
0.0,
0.0,
0.0,
0.0,
0.0,
0.0,
0.0,
0.0,
5.0,
0.0,
2.0,
8.0,
0.0,
4.0,
0.0,
6.0,
1.0,
0.0,
11.0,
3.0,
0.0,
1.0,
4.0,
0.0,
0.0,
0.0,
0.0,
0.0,
0.0,
0.0,
0.0,
0.0,
0.0,
0.0,
0.0,
0.0,
0.0,
0.0,
14.0,
5.0,
0.0,
3.0,
5.0,
3.0,
0.0,
15.0,
0.0,
5.0,
0.0,
19.0,
0.0,
7.0,
0.0,
0.0,
0.0,
0.0,
0.0,
0.0,
0.0,
0.0,
0.0,
0.0,
0.0,
0.0,
0.0,
13.0,
0.0,
0.0,
0.0,
0.0,
8.0,
0.0,
4.0,
0.0,
11.0,
0.0,
193.0,
49.0,
14.0,
0.0,
0.0,
0.0,
0.0,
0.0,
0.0,
0.0,
0.0,
0.0,
0.0,
0.0,
0.0,
0.0,
1.0,
8.0,
0.0,
39.0,
91.0,
20.0,
6.0,
0.0,
0.0,
9.0,
0.0,
135.0,
255.0,
121.0,
0.0,
0.0,
0.0,
0.0,
0.0,
0.0,
0.0,
0.0,
0.0,
0.0,
0.0,
0.0,
0.0,
0.0,
1.0,
0.0,
4.0,
156.0,
237.0,
74.0,
5.0,
0.0,
5.0,
0.0,
42.0,
220.0,
255.0,
57.0,
0.0,
5.0,
0.0,
0.0,
0.0,
0.0,
0.0,
0.0,
0.0,
0.0,
0.0,
0.0,
0.0,
0.0,
1.0,
0.0,
126.0,
255.0,
209.0,
12.0,
5.0,
0.0,
2.0,
0.0,
136.0,
244.0,
148.0,
0.0,
0.0,
7.0,
0.0,
0.0,
0.0,
0.0,
0.0,
0.0,
0.0,
0.0,
0.0,
0.0,
0.0,
0.0,
0.0,
0.0,
156.0,
245.0,
237.0,
4.0,
0.0,
0.0,
0.0,
24.0,
238.0,
255.0,
51.0,
11.0,
16.0,
0.0,
0.0,
0.0,
0.0,
0.0,
0.0,
0.0,
0.0,
0.0,
0.0,
0.0,
0.0,
0.0,
12.0,
76.0,
241.0,
251.0,
67.0,
0.0,
18.0,
0.0,
0.0,
89.0,
255.0,
214.0,
11.0,
0.0,
0.0,
13.0,
0.0,
0.0,
0.0,
0.0,
0.0,
0.0,
0.0,
0.0,
0.0,
0.0,
0.0,
0.0,
0.0,
214.0,
255.0,
160.0,
0.0,
21.0,
0.0,
11.0,
16.0,
208.0,
245.0,
89.0,
0.0,
0.0,
0.0,
5.0,
0.0,
0.0,
0.0,
0.0,
0.0,
0.0,
0.0,
0.0,
0.0,
0.0,
0.0,
0.0,
55.0,
255.0,
252.0,
74.0,
0.0,
0.0,
0.0,
37.0,
152.0,
255.0,
247.0,
41.0,
0.0,
0.0,
21.0,
0.0,
0.0,
0.0,
0.0,
0.0,
0.0,
0.0,
0.0,
0.0,
0.0,
0.0,
0.0,
0.0,
109.0,
242.0,
171.0,
0.0,
8.0,
72.0,
159.0,
255.0,
251.0,
244.0,
212.0,
28.0,
6.0,
0.0,
0.0,
2.0,
0.0,
0.0,
0.0,
0.0,
0.0,
0.0,
0.0,
0.0,
0.0,
0.0,
0.0,
0.0,
147.0,
250.0,
242.0,
221.0,
195.0,
255.0,
250.0,
188.0,
228.0,
255.0,
137.0,
0.0,
0.0,
19.0,
0.0,
2.0,
0.0,
0.0,
0.0,
0.0,
0.0,
0.0,
0.0,
0.0,
0.0,
0.0,
0.0,
0.0,
58.0,
251.0,
243.0,
255.0,
252.0,
186.0,
58.0,
25.0,
227.0,
243.0,
37.0,
1.0,
0.0,
3.0,
0.0,
14.0,
0.0,
0.0,
0.0,
0.0,
0.0,
0.0,
0.0,
0.0,
0.0,
0.0,
0.0,
0.0,
0.0,
50.0,
132.0,
126.0,
52.0,
4.0,
0.0,
50.0,
254.0,
240.0,
0.0,
0.0,
4.0,
0.0,
0.0,
5.0,
0.0,
0.0,
0.0,
0.0,
0.0,
0.0,
0.0,
0.0,
0.0,
0.0,
0.0,
0.0,
2.0,
0.0,
6.0,
4.0,
0.0,
8.0,
3.0,
131.0,
255.0,
199.0,
5.0,
4.0,
4.0,
0.0,
0.0,
0.0,
0.0,
0.0,
0.0,
0.0,
0.0,
0.0,
0.0,
0.0,
0.0,
0.0,
0.0,
0.0,
4.0,
2.0,
0.0,
0.0,
3.0,
2.0,
0.0,
180.0,
244.0,
108.0,
0.0,
1.0,
0.0,
1.0,
0.0,
1.0,
0.0,
0.0,
0.0,
0.0,
0.0,
0.0,
0.0,
0.0,
0.0,
0.0,
0.0,
0.0,
0.0,
6.0,
1.0,
1.0,
6.0,
0.0,
56.0,
249.0,
210.0,
23.0,
0.0,
0.0,
0.0,
1.0,
2.0,
2.0,
0.0,
0.0,
0.0,
0.0,
0.0,
0.0,
0.0,
0.0,
0.0,
0.0,
0.0,
0.0,
0.0,
0.0,
0.0,
0.0,
10.0,
0.0,
159.0,
255.0,
181.0,
0.0,
1.0,
4.0,
0.0,
0.0,
1.0,
0.0,
0.0,
0.0,
0.0,
0.0,
0.0,
0.0,
0.0,
0.0,
0.0,
0.0,
0.0,
0.0,
3.0,
3.0,
6.0,
4.0,
11.0,
0.0,
210.0,
238.0,
130.0,
0.0,
6.0,
3.0,
2.0,
0.0,
2.0,
0.0,
0.0,
0.0,
0.0,
0.0,
0.0,
0.0,
0.0,
0.0,
0.0,
0.0,
0.0,
0.0,
0.0,
0.0,
0.0,
0.0,
0.0,
9.0,
237.0,
247.0,
69.0,
0.0,
1.0,
0.0,
4.0,
0.0,
4.0,
0.0,
0.0,
0.0,
0.0,
0.0,
0.0,
0.0,
0.0,
0.0,
0.0,
0.0,
0.0,
0.0,
9.0,
0.0,
4.0,
5.0,
7.0,
58.0,
247.0,
247.0,
39.0,
11.0,
3.0,
0.0,
7.0,
0.0,
4.0,
0.0,
0.0,
0.0,
0.0,
0.0,
0.0,
0.0,
0.0,
0.0,
0.0,
0.0,
0.0,
0.0,
0.0,
0.0,
1.0,
0.0,
2.0,
13.0,
209.0,
168.0,
0.0,
0.0,
0.0,
0.0,
0.0,
0.0,
0.0,
0.0,
0.0,
0.0,
0.0,
0.0,
0.0,
0.0,
0.0,
0.0,
0.0,
0.0,
0.0,
0.0,
0.0,
3.0,
6.0,
5.0,
0.0,
0.0,
30.0,
0.0,
0.0,
0.0,
0.0,
0.0,
0.0,
0.0,
0.0,
0.0,
0.0,
0.0,
0.0,
0.0,
0.0,
0.0,
0.0,
0.0,
0.0,
0.0,
0.0,
0.0,
4.0,
8.0,
0.0,
0.0,
0.0,
11.0,
0.0,
0.0,
0.0,
0.0,
0.0,
0.0,
0.0,
0.0,
0.0,
0.0,
0.0,
0.0,
0.0,
0.0,
0.0,
0.0,
0.0,
0.0,
0.0,
0.0,
0.0,
0.0,
0.0,
3.0,
0.0,
4.0,
0.0,
20.0,
0.0,
19.0,
0.0,
0.0,
0.0,
0.0,
0.0,
0.0,
0.0,
0.0,
0.0,
0.0,
0.0,
0.0,
