0.0,
0.0,
0.0,
0.0,
0.0,
0.0,
0.0,
0.0,
1.0,
0.0,
4.0,
0.0,
3.0,
8.0,
0.0,
7.0,
4.0,
3.0,
3.0,
0.0,
4.0,
0.0,
0.0,
8.0,
0.0,
0.0,
0.0,
0.0,
0.0,
0.0,
0.0,
0.0,
0.0,
0.0,
0.0,
0.0,
0.0,
0.0,
3.0,
5.0,
2.0,
0.0,
0.0,
1.0,
0.0,
0.0,
9.0,
0.0,
0.0,
5.0,
6.0,
0.0,
0.0,
0.0,
0.0,
0.0,
0.0,
0.0,
0.0,
0.0,
0.0,
0.0,
0.0,
0.0,
1.0,
0.0,
0.0,
9.0,
0.0,
0.0,
2.0,
0.0,
20.0,
0.0,
1.0,
12.0,
0.0,
4.0,
2.0,
0.0,
0.0,
0.0,
0.0,
0.0,
0.0,
0.0,
0.0,
0.0,
0.0,
0.0,
0.0,
0.0,
4.0,
2.0,
0.0,
3.0,
0.0,
0.0,
14.0,
0.0,
0.0,
18.0,
5.0,
0.0,
0.0,
0.0,
4.0,
5.0,
0.0,
0.0,
0.0,
0.0,
0.0,
0.0,
0.0,
0.0,
0.0,
0.0,
0.0,
0.0,
2.0,
3.0,
0.0,
0.0,
0.0,
5.0,
5.0,
0.0,
65.0,
211.0,
117.0,
4.0,
2.0,
0.0,
5.0,
0.0,
0.0,
0.0,
0.0,
0.0,
0.0,
0.0,
0.0,
0.0,
0.0,
0.0,
0.0,
0.0,
0.0,
0.0,
5.0,
0.0,
1.0,
2.0,
0.0,
8.0,
149.0,
239.0,
85.0,
0.0,
10.0,
0.0,
5.0,
0.0,
0.0,
0.0,
0.0,
0.0,
0.0,
0.0,
0.0,
0.0,
0.0,
0.0,
0.0,
0.0,
3.0,
0.0,
10.0,
0.0,
2.0,
0.0,
0.0,
94.0,
254.0,
169.0,
25.0,
0.0,
21.0,
0.0,
0.0,
0.0,
0.0,
0.0,
0.0,
0.0,
0.0,
0.0,
0.0,
0.0,
0.0,
0.0,
0.0,
0.0,
9.0,
0.0,
12.0,
0.0,
3.0,
1.0,
20.0,
185.0,
244.0,
70.0,
0.0,
0.0,
0.0,
0.0,
3.0,
7.0,
0.0,
0.0,
0.0,
0.0,
0.0,
0.0,
0.0,
0.0,
0.0,
0.0,
0.0,
0.0,
2.0,
0.0,
1.0,
9.0,
0.0,
18.0,
132.0,
255.0,
160.0,
1.0,
0.0,
23.0,
0.0,
0.0,
8.0,
0.0,
0.0,
0.0,
0.0,
0.0,
0.0,
0.0,
0.0,
0.0,
0.0,
0.0,
0.0,
0.0,
1.0,
6.0,
3.0,
0.0,
0.0,
91.0,
255.0,
198.0,
38.0,
5.0,
4.0,
0.0,
0.0,
35.0,
3.0,
0.0,
0.0,
0.0,
0.0,
0.0,
0.0,
0.0,
0.0,
0.0,
0.0,
0.0,
0.0,
0.0,
0.0,
10.0,
0.0,
0.0,
43.0,
232.0,
237.0,
83.0,
1.0,
3.0,
0.0,
0.0,
123.0,
210.0,
3.0,
0.0,
0.0,
0.0,
0.0,
0.0,
0.0,
0.0,
0.0,
0.0,
0.0,
0.0,
0.0,
0.0,
0.0,
0.0,
0.0,
5.0,
204.0,
250.0,
113.0,
0.0,
0.0,
5.0,
0.0,
88.0,
242.0,
210.0,
0.0,
10.0,
0.0,
0.0,
0.0,
0.0,
0.0,
0.0,
0.0,
0.0,
0.0,
0.0,
0.0,
0.0,
0.0,
11.0,
0.0,
161.0,
253.0,
164.0,
18.0,
0.0,
0.0,
5.0,
38.0,
209.0,
233.0,
61.0,
0.0,
5.0,
0.0,
0.0,
0.0,
0.0,
0.0,
0.0,
0.0,
0.0,
0.0,
0.0,
0.0,
0.0,
6.0,
0.0,
127.0,
251.0,
200.0,
32.0,
0.0,
1.0,
13.0,
0.0,
157.0,
255.0,
145.0,
14.0,
4.0,
0.0,
0.0,
0.0,
0.0,
0.0,
0.0,
0.0,
0.0,
0.0,
0.0,
0.0,
0.0,
0.0,
5.0,
50.0,
229.0,
234.0,
61.0,
18.0,
0.0,
3.0,
0.0,
70.0,
255.0,
223.0,
38.0,
9.0,
0.0,
4.0,
0.0,
0.0,
0.0,
0.0,
0.0,
0.0,
0.0,
0.0,
0.0,
0.0,
0.0,
0.0,
9.0,
188.0,
255.0,
124.0,
10.0,
22.0,
50.0,
12.0,
23.0,
227.0,
248.0,
136.0,
0.0,
3.0,
6.0,
0.0,
0.0,
0.0,
0.0,
0.0,
5.0,
0.0,
0.0,
5.0,
8.0,
1.0,
0.0,
1.0,
158.0,
252.0,
245.0,
161.0,
226.0,
254.0,
251.0,
236.0,
221.0,
255.0,
152.0,
9.0,
18.0,
1.0,
0.0,
0.0,
0.0,
0.0,
0.0,
0.0,
0.0,
0.0,
2.0,
3.0,
0.0,
0.0,
13.0,
38.0,
243.0,
255.0,
255.0,
227.0,
184.0,
151.0,
142.0,
224.0,
255.0,
224.0,
57.0,
6.0,
0.0,
0.0,
13.0,
4.0,
0.0,
0.0,
0.0,
0.0,
0.0,
0.0,
4.0,
2.0,
0.0,
0.0,
18.0,
46.0,
248.0,
235.0,
112.0,
36.0,
7.0,
0.0,
6.0,
226.0,
255.0,
123.0,
0.0,
8.0,
0.0,
0.0,
11.0,
0.0,
0.0,
0.0,
0.0,
0.0,
4.0,
0.0,
0.0,
2.0,
2.0,
1.0,
4.0,
10.0,
36.0,
25.0,
0.0,
0.0,
0.0,
8.0,
117.0,
243.0,
192.0,
21.0,
1.0,
0.0,
11.0,
8.0,
0.0,
0.0,
0.0,
0.0,
0.0,
0.0,
4.0,
0.0,
0.0,
2.0,
6.0,
2.0,
0.0,
0.0,
11.0,
0.0,
2.0,
0.0,
9.0,
0.0,
216.0,
255.0,
96.0,
0.0,
8.0,
0.0,
3.0,
6.0,
0.0,
11.0,
0.0,
0.0,
0.0,
0.0,
0.0,
0.0,
2.0,
2.0,
0.0,
0.0,
0.0,
1.0,
0.0,
15.0,
7.0,
0.0,
18.0,
0.0,
214.0,
172.0,
11.0,
11.0,
0.0,
8.0,
0.0,
0.0,
0.0,
8.0,
0.0,
0.0,
0.0,
0.0,
0.0,
1.0,
4.0,
1.0,
0.0,
0.0,
3.0,
9.0,
0.0,
0.0,
18.0,
11.0,
1.0,
3.0,
215.0,
115.0,
0.0,
12.0,
0.0,
13.0,
0.0,
0.0,
0.0,
0.0,
0.0,
0.0,
0.0,
0.0,
3.0,
3.0,
1.0,
0.0,
0.0,
2.0,
1.0,
0.0,
1.0,
0.0,
0.0,
7.0,
1.0,
0.0,
174.0,
220.0,
36.0,
0.0,
5.0,
0.0,
3.0,
2.0,
0.0,
2.0,
0.0,
0.0,
0.0,
0.0,
0.0,
0.0,
0.0,
0.0,
0.0,
0.0,
0.0,
0.0,
0.0,
0.0,
0.0,
0.0,
0.0,
0.0,
0.0,
0.0,
0.0,
0.0,
0.0,
0.0,
0.0,
0.0,
0.0,
0.0,
0.0,
0.0,
0.0,
0.0,
0.0,
0.0,
0.0,
0.0,
0.0,
0.0,
0.0,
0.0,
0.0,
0.0,
0.0,
0.0,
0.0,
0.0,
0.0,
0.0,
0.0,
0.0,
0.0,
0.0,
0.0,
0.0,
0.0,
0.0,
0.0,
0.0,
0.0,
0.0,
0.0,
0.0,
0.0,
0.0,
0.0,
0.0,
0.0,
0.0,
0.0,
0.0,
0.0,
0.0,
0.0,
0.0,
0.0,
0.0,
0.0,
0.0,
0.0,
0.0,
0.0,
0.0,
0.0,
0.0,
0.0,
0.0,
0.0,
0.0,
0.0,
0.0,
0.0,
0.0,
0.0,
0.0,
0.0,
0.0,
0.0,
0.0,
0.0,
0.0,
0.0,
0.0,
0.0,
0.0,
0.0,
0.0,
0.0,
0.0,
0.0,
0.0,
0.0,
0.0,
0.0,
0.0,
0.0,
0.0,
