0.0,
0.0,
0.0,
0.0,
0.0,
0.0,
0.0,
0.0,
0.0,
0.0,
0.0,
0.0,
0.0,
0.0,
0.0,
0.0,
0.0,
3.0,
0.0,
0.0,
0.0,
6.0,
3.0,
0.0,
0.0,
0.0,
0.0,
0.0,
0.0,
0.0,
0.0,
0.0,
0.0,
0.0,
0.0,
0.0,
0.0,
0.0,
0.0,
0.0,
0.0,
0.0,
0.0,
0.0,
4.0,
0.0,
1.0,
5.0,
1.0,
0.0,
1.0,
13.0,
0.0,
0.0,
0.0,
0.0,
0.0,
0.0,
0.0,
0.0,
0.0,
0.0,
0.0,
0.0,
0.0,
0.0,
0.0,
0.0,
0.0,
0.0,
0.0,
0.0,
3.0,
0.0,
0.0,
6.0,
16.0,
9.0,
0.0,
0.0,
0.0,
0.0,
0.0,
0.0,
0.0,
0.0,
0.0,
0.0,
0.0,
0.0,
0.0,
0.0,
0.0,
0.0,
0.0,
0.0,
0.0,
0.0,
0.0,
0.0,
0.0,
4.0,
5.0,
0.0,
0.0,
0.0,
6.0,
12.0,
0.0,
0.0,
0.0,
0.0,
0.0,
0.0,
0.0,
0.0,
0.0,
0.0,
0.0,
0.0,
0.0,
0.0,
0.0,
0.0,
0.0,
0.0,
0.0,
0.0,
0.0,
0.0,
1.0,
3.0,
2.0,
0.0,
0.0,
0.0,
0.0,
0.0,
0.0,
0.0,
0.0,
0.0,
0.0,
0.0,
0.0,
0.0,
0.0,
0.0,
0.0,
0.0,
0.0,
0.0,
0.0,
0.0,
0.0,
0.0,
2.0,
0.0,
0.0,
4.0,
5.0,
0.0,
0.0,
8.0,
0.0,
0.0,
0.0,
0.0,
0.0,
0.0,
0.0,
0.0,
0.0,
0.0,
0.0,
0.0,
0.0,
0.0,
0.0,
0.0,
0.0,
0.0,
0.0,
0.0,
0.0,
14.0,
10.0,
0.0,
0.0,
42.0,
110.0,
151.0,
0.0,
0.0,
0.0,
0.0,
0.0,
0.0,
0.0,
0.0,
0.0,
0.0,
0.0,
0.0,
0.0,
0.0,
0.0,
0.0,
0.0,
0.0,
0.0,
0.0,
0.0,
10.0,
0.0,
0.0,
79.0,
214.0,
255.0,
224.0,
0.0,
0.0,
0.0,
0.0,
8.0,
0.0,
0.0,
0.0,
0.0,
0.0,
0.0,
13.0,
2.0,
0.0,
9.0,
0.0,
3.0,
2.0,
3.0,
0.0,
0.0,
0.0,
0.0,
125.0,
255.0,
244.0,
181.0,
23.0,
0.0,
0.0,
0.0,
0.0,
0.0,
5.0,
2.0,
9.0,
8.0,
12.0,
18.0,
0.0,
8.0,
20.0,
0.0,
0.0,
0.0,
7.0,
0.0,
0.0,
3.0,
10.0,
88.0,
248.0,
228.0,
104.0,
21.0,
0.0,
0.0,
0.0,
0.0,
0.0,
0.0,
11.0,
2.0,
0.0,
0.0,
0.0,
0.0,
19.0,
0.0,
0.0,
0.0,
16.0,
9.0,
9.0,
0.0,
4.0,
0.0,
54.0,
254.0,
255.0,
209.0,
8.0,
8.0,
4.0,
0.0,
0.0,
0.0,
0.0,
3.0,
0.0,
0.0,
0.0,
14.0,
0.0,
31.0,
215.0,
112.0,
8.0,
0.0,
0.0,
8.0,
0.0,
0.0,
1.0,
82.0,
244.0,
255.0,
184.0,
4.0,
5.0,
0.0,
3.0,
0.0,
0.0,
0.0,
0.0,
9.0,
0.0,
0.0,
9.0,
0.0,
0.0,
79.0,
255.0,
199.0,
14.0,
3.0,
0.0,
11.0,
6.0,
5.0,
11.0,
119.0,
255.0,
216.0,
73.0,
4.0,
4.0,
14.0,
0.0,
0.0,
0.0,
0.0,
0.0,
0.0,
0.0,
0.0,
15.0,
0.0,
50.0,
224.0,
253.0,
95.0,
0.0,
5.0,
3.0,
0.0,
0.0,
0.0,
28.0,
229.0,
255.0,
135.0,
0.0,
0.0,
0.0,
13.0,
6.0,
0.0,
0.0,
0.0,
0.0,
3.0,
5.0,
0.0,
0.0,
15.0,
136.0,
255.0,
212.0,
10.0,
0.0,
7.0,
1.0,
5.0,
0.0,
65.0,
190.0,
244.0,
172.0,
51.0,
0.0,
0.0,
7.0,
0.0,
0.0,
0.0,
0.0,
0.0,
0.0,
0.0,
0.0,
14.0,
1.0,
105.0,
250.0,
255.0,
255.0,
198.0,
196.0,
137.0,
80.0,
104.0,
0.0,
103.0,
255.0,
255.0,
88.0,
0.0,
5.0,
1.0,
15.0,
0.0,
17.0,
0.0,
0.0,
0.0,
0.0,
2.0,
0.0,
0.0,
19.0,
119.0,
232.0,
255.0,
247.0,
255.0,
247.0,
255.0,
246.0,
255.0,
241.0,
251.0,
251.0,
220.0,
24.0,
3.0,
7.0,
0.0,
11.0,
0.0,
7.0,
0.0,
0.0,
0.0,
0.0,
0.0,
7.0,
3.0,
0.0,
7.0,
40.0,
64.0,
68.0,
51.0,
86.0,
152.0,
193.0,
238.0,
244.0,
255.0,
255.0,
253.0,
207.0,
174.0,
75.0,
0.0,
9.0,
19.0,
0.0,
0.0,
0.0,
0.0,
0.0,
0.0,
0.0,
0.0,
0.0,
0.0,
0.0,
0.0,
8.0,
13.0,
2.0,
0.0,
0.0,
131.0,
253.0,
255.0,
167.0,
129.0,
195.0,
248.0,
236.0,
107.0,
0.0,
0.0,
5.0,
0.0,
0.0,
0.0,
0.0,
4.0,
0.0,
0.0,
5.0,
12.0,
8.0,
4.0,
6.0,
0.0,
0.0,
14.0,
94.0,
185.0,
191.0,
106.0,
10.0,
0.0,
0.0,
0.0,
9.0,
17.0,
0.0,
10.0,
0.0,
0.0,
0.0,
0.0,
0.0,
0.0,
0.0,
2.0,
1.0,
0.0,
0.0,
0.0,
0.0,
4.0,
0.0,
0.0,
5.0,
4.0,
0.0,
0.0,
0.0,
0.0,
14.0,
5.0,
0.0,
0.0,
0.0,
3.0,
0.0,
0.0,
0.0,
0.0,
0.0,
0.0,
2.0,
3.0,
0.0,
0.0,
1.0,
5.0,
5.0,
0.0,
21.0,
11.0,
0.0,
0.0,
19.0,
12.0,
0.0,
0.0,
0.0,
0.0,
9.0,
6.0,
0.0,
0.0,
9.0,
0.0,
0.0,
0.0,
0.0,
7.0,
0.0,
0.0,
0.0,
2.0,
4.0,
0.0,
0.0,
0.0,
0.0,
0.0,
7.0,
0.0,
0.0,
0.0,
5.0,
8.0,
5.0,
0.0,
0.0,
0.0,
0.0,
5.0,
0.0,
0.0,
0.0,
0.0,
0.0,
0.0,
0.0,
0.0,
5.0,
5.0,
0.0,
0.0,
2.0,
4.0,
8.0,
0.0,
5.0,
0.0,
6.0,
0.0,
3.0,
1.0,
0.0,
0.0,
10.0,
1.0,
0.0,
13.0,
0.0,
0.0,
0.0,
0.0,
0.0,
0.0,
0.0,
0.0,
0.0,
0.0,
0.0,
0.0,
0.0,
0.0,
0.0,
0.0,
0.0,
0.0,
0.0,
0.0,
0.0,
0.0,
0.0,
0.0,
0.0,
0.0,
0.0,
0.0,
0.0,
0.0,
0.0,
0.0,
0.0,
0.0,
0.0,
0.0,
0.0,
0.0,
0.0,
0.0,
0.0,
0.0,
0.0,
0.0,
0.0,
0.0,
0.0,
0.0,
0.0,
0.0,
0.0,
0.0,
0.0,
0.0,
0.0,
0.0,
0.0,
0.0,
0.0,
0.0,
0.0,
0.0,
0.0,
0.0,
0.0,
0.0,
0.0,
0.0,
0.0,
0.0,
0.0,
0.0,
0.0,
0.0,
0.0,
0.0,
0.0,
0.0,
0.0,
0.0,
0.0,
0.0,
0.0,
0.0,
0.0,
0.0,
0.0,
0.0,
0.0,
0.0,
0.0,
0.0,
0.0,
0.0,
0.0,
0.0,
0.0,
0.0,
0.0,
0.0,
0.0,
0.0,
0.0,
0.0,
0.0,
0.0,
0.0,
0.0,
0.0,
0.0,
0.0,
0.0,
0.0,
0.0,
0.0,
0.0,
0.0,
