0.0,
0.0,
0.0,
0.0,
0.0,
0.0,
0.0,
0.0,
2.0,
0.0,
0.0,
0.0,
0.0,
1.0,
1.0,
1.0,
0.0,
3.0,
0.0,
0.0,
6.0,
0.0,
0.0,
7.0,
3.0,
1.0,
5.0,
11.0,
0.0,
0.0,
0.0,
0.0,
0.0,
0.0,
0.0,
0.0,
1.0,
2.0,
3.0,
3.0,
1.0,
0.0,
0.0,
1.0,
11.0,
0.0,
0.0,
6.0,
2.0,
0.0,
0.0,
0.0,
0.0,
0.0,
0.0,
0.0,
0.0,
0.0,
0.0,
0.0,
0.0,
0.0,
0.0,
0.0,
0.0,
0.0,
3.0,
2.0,
0.0,
0.0,
0.0,
0.0,
6.0,
0.0,
1.0,
5.0,
0.0,
0.0,
10.0,
2.0,
10.0,
22.0,
7.0,
0.0,
0.0,
0.0,
0.0,
0.0,
0.0,
0.0,
0.0,
0.0,
0.0,
0.0,
0.0,
0.0,
0.0,
0.0,
0.0,
0.0,
0.0,
0.0,
0.0,
0.0,
0.0,
2.0,
0.0,
0.0,
0.0,
0.0,
6.0,
0.0,
0.0,
0.0,
0.0,
0.0,
0.0,
0.0,
0.0,
0.0,
4.0,
0.0,
0.0,
0.0,
1.0,
4.0,
4.0,
2.0,
2.0,
5.0,
0.0,
1.0,
10.0,
0.0,
0.0,
25.0,
30.0,
0.0,
0.0,
0.0,
0.0,
0.0,
0.0,
0.0,
0.0,
0.0,
0.0,
0.0,
2.0,
0.0,
0.0,
0.0,
0.0,
1.0,
1.0,
0.0,
0.0,
2.0,
2.0,
2.0,
0.0,
0.0,
74.0,
186.0,
133.0,
15.0,
0.0,
14.0,
0.0,
0.0,
0.0,
0.0,
0.0,
0.0,
0.0,
0.0,
0.0,
2.0,
6.0,
5.0,
0.0,
0.0,
0.0,
0.0,
0.0,
0.0,
9.0,
0.0,
0.0,
62.0,
194.0,
255.0,
99.0,
0.0,
0.0,
0.0,
0.0,
0.0,
0.0,
0.0,
0.0,
0.0,
0.0,
0.0,
0.0,
13.0,
24.0,
21.0,
8.0,
0.0,
0.0,
5.0,
9.0,
0.0,
7.0,
0.0,
14.0,
155.0,
252.0,
201.0,
20.0,
0.0,
7.0,
0.0,
0.0,
1.0,
1.0,
6.0,
0.0,
0.0,
18.0,
0.0,
20.0,
105.0,
222.0,
163.0,
8.0,
0.0,
0.0,
2.0,
6.0,
0.0,
5.0,
26.0,
142.0,
255.0,
176.0,
33.0,
0.0,
0.0,
0.0,
0.0,
3.0,
1.0,
0.0,
0.0,
0.0,
0.0,
1.0,
2.0,
112.0,
255.0,
232.0,
219.0,
1.0,
3.0,
2.0,
1.0,
0.0,
11.0,
0.0,
165.0,
243.0,
243.0,
58.0,
0.0,
0.0,
0.0,
0.0,
0.0,
4.0,
0.0,
0.0,
0.0,
4.0,
5.0,
0.0,
60.0,
255.0,
231.0,
198.0,
122.0,
0.0,
0.0,
7.0,
0.0,
4.0,
18.0,
150.0,
236.0,
230.0,
72.0,
0.0,
13.0,
0.0,
0.0,
0.0,
0.0,
5.0,
0.0,
0.0,
0.0,
3.0,
2.0,
7.0,
154.0,
240.0,
142.0,
0.0,
0.0,
0.0,
13.0,
0.0,
1.0,
45.0,
255.0,
255.0,
232.0,
12.0,
0.0,
5.0,
8.0,
0.0,
0.0,
0.0,
0.0,
8.0,
0.0,
2.0,
3.0,
0.0,
0.0,
16.0,
231.0,
235.0,
46.0,
0.0,
4.0,
0.0,
0.0,
7.0,
0.0,
225.0,
255.0,
186.0,
56.0,
6.0,
13.0,
0.0,
0.0,
0.0,
0.0,
0.0,
0.0,
0.0,
0.0,
0.0,
8.0,
0.0,
0.0,
31.0,
255.0,
182.0,
0.0,
1.0,
12.0,
0.0,
11.0,
29.0,
198.0,
244.0,
195.0,
58.0,
4.0,
0.0,
0.0,
21.0,
1.0,
0.0,
0.0,
0.0,
0.0,
0.0,
3.0,
0.0,
7.0,
2.0,
8.0,
22.0,
197.0,
215.0,
13.0,
2.0,
0.0,
0.0,
0.0,
171.0,
255.0,
249.0,
51.0,
0.0,
15.0,
8.0,
10.0,
0.0,
0.0,
0.0,
0.0,
0.0,
0.0,
0.0,
14.0,
0.0,
0.0,
0.0,
3.0,
0.0,
109.0,
251.0,
104.0,
32.0,
9.0,
0.0,
146.0,
238.0,
250.0,
52.0,
0.0,
10.0,
0.0,
2.0,
0.0,
3.0,
2.0,
0.0,
0.0,
0.0,
0.0,
0.0,
6.0,
0.0,
0.0,
0.0,
7.0,
3.0,
0.0,
168.0,
244.0,
251.0,
162.0,
155.0,
226.0,
255.0,
135.0,
11.0,
0.0,
25.0,
7.0,
0.0,
13.0,
5.0,
0.0,
0.0,
0.0,
0.0,
0.0,
0.0,
0.0,
0.0,
1.0,
2.0,
0.0,
0.0,
0.0,
11.0,
167.0,
229.0,
255.0,
248.0,
255.0,
255.0,
206.0,
185.0,
193.0,
221.0,
136.0,
28.0,
3.0,
0.0,
0.0,
0.0,
0.0,
0.0,
0.0,
3.0,
0.0,
0.0,
5.0,
0.0,
0.0,
0.0,
0.0,
12.0,
2.0,
83.0,
245.0,
241.0,
163.0,
149.0,
211.0,
152.0,
154.0,
159.0,
74.0,
0.0,
0.0,
4.0,
13.0,
0.0,
0.0,
0.0,
0.0,
6.0,
0.0,
0.0,
0.0,
0.0,
1.0,
7.0,
0.0,
0.0,
39.0,
249.0,
247.0,
70.0,
0.0,
8.0,
13.0,
8.0,
0.0,
11.0,
0.0,
0.0,
12.0,
2.0,
0.0,
0.0,
0.0,
0.0,
0.0,
0.0,
1.0,
1.0,
0.0,
0.0,
5.0,
4.0,
0.0,
1.0,
222.0,
247.0,
44.0,
0.0,
13.0,
0.0,
0.0,
0.0,
0.0,
0.0,
2.0,
5.0,
9.0,
0.0,
0.0,
0.0,
0.0,
0.0,
0.0,
0.0,
5.0,
3.0,
0.0,
4.0,
2.0,
0.0,
0.0,
148.0,
242.0,
114.0,
8.0,
0.0,
1.0,
0.0,
0.0,
12.0,
4.0,
1.0,
2.0,
0.0,
0.0,
1.0,
20.0,
0.0,
0.0,
0.0,
0.0,
0.0,
8.0,
0.0,
0.0,
11.0,
0.0,
0.0,
44.0,
236.0,
154.0,
12.0,
0.0,
5.0,
8.0,
0.0,
5.0,
0.0,
1.0,
0.0,
7.0,
10.0,
0.0,
0.0,
0.0,
0.0,
0.0,
0.0,
0.0,
0.0,
10.0,
0.0,
0.0,
12.0,
0.0,
8.0,
96.0,
194.0,
6.0,
10.0,
0.0,
0.0,
6.0,
0.0,
10.0,
0.0,
9.0,
0.0,
0.0,
0.0,
1.0,
3.0,
2.0,
0.0,
0.0,
0.0,
0.0,
1.0,
0.0,
0.0,
10.0,
0.0,
0.0,
25.0,
84.0,
207.0,
44.0,
0.0,
8.0,
0.0,
0.0,
0.0,
7.0,
0.0,
0.0,
0.0,
0.0,
0.0,
0.0,
0.0,
0.0,
0.0,
0.0,
0.0,
0.0,
6.0,
0.0,
0.0,
3.0,
0.0,
0.0,
0.0,
14.0,
13.0,
0.0,
0.0,
16.0,
0.0,
3.0,
1.0,
0.0,
0.0,
0.0,
0.0,
0.0,
0.0,
0.0,
0.0,
0.0,
0.0,
0.0,
0.0,
0.0,
0.0,
2.0,
1.0,
0.0,
4.0,
8.0,
0.0,
0.0,
0.0,
0.0,
13.0,
0.0,
0.0,
5.0,
6.0,
0.0,
0.0,
0.0,
0.0,
0.0,
0.0,
0.0,
0.0,
0.0,
0.0,
0.0,
0.0,
0.0,
0.0,
1.0,
5.0,
0.0,
0.0,
8.0,
9.0,
2.0,
8.0,
3.0,
0.0,
0.0,
4.0,
7.0,
0.0,
0.0,
0.0,
0.0,
0.0,
0.0,
0.0,
0.0,
0.0,
0.0,
0.0,
0.0,
0.0,
0.0,
