0.0,
0.0,
0.0,
0.0,
0.0,
0.0,
0.0,
0.0,
6.0,
0.0,
0.0,
9.0,
0.0,
0.0,
6.0,
0.0,
0.0,
17.0,
0.0,
0.0,
9.0,
0.0,
0.0,
0.0,
0.0,
0.0,
0.0,
0.0,
0.0,
0.0,
0.0,
0.0,
0.0,
0.0,
0.0,
0.0,
0.0,
1.0,
0.0,
0.0,
1.0,
0.0,
3.0,
1.0,
0.0,
0.0,
11.0,
7.0,
5.0,
0.0,
2.0,
5.0,
0.0,
0.0,
0.0,
0.0,
0.0,
0.0,
0.0,
0.0,
0.0,
0.0,
0.0,
0.0,
0.0,
5.0,
1.0,
0.0,
2.0,
2.0,
0.0,
0.0,
17.0,
0.0,
0.0,
0.0,
8.0,
2.0,
8.0,
0.0,
0.0,
0.0,
0.0,
0.0,
0.0,
0.0,
0.0,
0.0,
0.0,
0.0,
0.0,
0.0,
4.0,
0.0,
5.0,
2.0,
0.0,
3.0,
0.0,
0.0,
0.0,
4.0,
3.0,
2.0,
0.0,
0.0,
2.0,
9.0,
0.0,
0.0,
0.0,
0.0,
0.0,
0.0,
0.0,
0.0,
0.0,
0.0,
0.0,
0.0,
5.0,
0.0,
0.0,
0.0,
0.0,
9.0,
0.0,
0.0,
0.0,
32.0,
0.0,
0.0,
16.0,
2.0,
0.0,
0.0,
0.0,
0.0,
0.0,
0.0,
0.0,
0.0,
0.0,
0.0,
0.0,
0.0,
0.0,
0.0,
0.0,
14.0,
26.0,
0.0,
0.0,
8.0,
0.0,
21.0,
248.0,
236.0,
84.0,
0.0,
0.0,
7.0,
5.0,
4.0,
0.0,
0.0,
0.0,
0.0,
0.0,
0.0,
0.0,
0.0,
0.0,
0.0,
0.0,
0.0,
7.0,
127.0,
138.0,
23.0,
0.0,
0.0,
0.0,
93.0,
251.0,
255.0,
201.0,
24.0,
0.0,
0.0,
0.0,
4.0,
0.0,
0.0,
0.0,
0.0,
0.0,
0.0,
0.0,
0.0,
0.0,
0.0,
0.0,
0.0,
31.0,
250.0,
255.0,
73.0,
13.0,
0.0,
3.0,
171.0,
254.0,
246.0,
255.0,
34.0,
1.0,
0.0,
2.0,
0.0,
0.0,
0.0,
0.0,
0.0,
9.0,
0.0,
1.0,
1.0,
0.0,
3.0,
7.0,
0.0,
110.0,
254.0,
242.0,
125.0,
0.0,
1.0,
2.0,
192.0,
252.0,
244.0,
255.0,
37.0,
0.0,
0.0,
0.0,
2.0,
0.0,
0.0,
0.0,
0.0,
0.0,
0.0,
5.0,
0.0,
0.0,
1.0,
0.0,
0.0,
195.0,
255.0,
250.0,
108.0,
0.0,
0.0,
27.0,
245.0,
255.0,
249.0,
255.0,
40.0,
0.0,
4.0,
1.0,
1.0,
0.0,
0.0,
0.0,
0.0,
0.0,
4.0,
5.0,
0.0,
0.0,
0.0,
0.0,
38.0,
253.0,
253.0,
244.0,
126.0,
4.0,
0.0,
1.0,
255.0,
254.0,
251.0,
255.0,
38.0,
3.0,
1.0,
0.0,
0.0,
0.0,
0.0,
0.0,
0.0,
0.0,
8.0,
0.0,
0.0,
0.0,
0.0,
12.0,
128.0,
246.0,
251.0,
255.0,
53.0,
9.0,
2.0,
15.0,
239.0,
252.0,
255.0,
254.0,
38.0,
5.0,
0.0,
0.0,
0.0,
0.0,
0.0,
0.0,
0.0,
2.0,
4.0,
0.0,
0.0,
1.0,
0.0,
29.0,
212.0,
255.0,
255.0,
238.0,
23.0,
0.0,
10.0,
27.0,
255.0,
253.0,
255.0,
251.0,
37.0,
10.0,
0.0,
0.0,
7.0,
0.0,
0.0,
0.0,
0.0,
1.0,
0.0,
0.0,
9.0,
2.0,
0.0,
33.0,
250.0,
236.0,
253.0,
246.0,
29.0,
3.0,
0.0,
47.0,
243.0,
252.0,
255.0,
234.0,
24.0,
8.0,
0.0,
0.0,
7.0,
0.0,
0.0,
0.0,
0.0,
0.0,
0.0,
0.0,
10.0,
0.0,
3.0,
37.0,
254.0,
255.0,
255.0,
255.0,
0.0,
21.0,
20.0,
198.0,
255.0,
252.0,
252.0,
209.0,
5.0,
5.0,
0.0,
0.0,
0.0,
0.0,
0.0,
0.0,
0.0,
2.0,
2.0,
0.0,
4.0,
0.0,
11.0,
44.0,
251.0,
255.0,
242.0,
250.0,
255.0,
243.0,
255.0,
255.0,
247.0,
255.0,
250.0,
195.0,
0.0,
9.0,
0.0,
2.0,
0.0,
0.0,
0.0,
0.0,
0.0,
0.0,
6.0,
0.0,
2.0,
8.0,
0.0,
19.0,
141.0,
254.0,
243.0,
250.0,
255.0,
252.0,
246.0,
255.0,
245.0,
245.0,
255.0,
97.0,
2.0,
0.0,
1.0,
4.0,
0.0,
0.0,
0.0,
0.0,
0.0,
0.0,
8.0,
0.0,
0.0,
16.0,
6.0,
0.0,
21.0,
204.0,
255.0,
255.0,
245.0,
255.0,
240.0,
255.0,
249.0,
255.0,
252.0,
99.0,
0.0,
0.0,
0.0,
0.0,
0.0,
0.0,
0.0,
0.0,
0.0,
0.0,
8.0,
1.0,
0.0,
2.0,
6.0,
0.0,
0.0,
0.0,
28.0,
83.0,
113.0,
126.0,
145.0,
245.0,
255.0,
255.0,
243.0,
102.0,
0.0,
2.0,
0.0,
0.0,
4.0,
0.0,
0.0,
0.0,
0.0,
0.0,
0.0,
4.0,
5.0,
0.0,
0.0,
1.0,
13.0,
20.0,
0.0,
5.0,
10.0,
0.0,
11.0,
193.0,
255.0,
255.0,
242.0,
109.0,
0.0,
0.0,
1.0,
0.0,
3.0,
0.0,
0.0,
0.0,
0.0,
4.0,
0.0,
0.0,
10.0,
3.0,
0.0,
0.0,
0.0,
0.0,
0.0,
0.0,
0.0,
3.0,
0.0,
155.0,
246.0,
251.0,
252.0,
112.0,
0.0,
0.0,
3.0,
0.0,
0.0,
0.0,
0.0,
0.0,
0.0,
0.0,
0.0,
0.0,
0.0,
0.0,
0.0,
3.0,
0.0,
5.0,
9.0,
9.0,
0.0,
0.0,
8.0,
205.0,
255.0,
254.0,
255.0,
95.0,
6.0,
0.0,
2.0,
0.0,
0.0,
0.0,
0.0,
0.0,
0.0,
0.0,
3.0,
3.0,
0.0,
0.0,
0.0,
7.0,
10.0,
0.0,
0.0,
14.0,
14.0,
0.0,
11.0,
225.0,
243.0,
254.0,
252.0,
51.0,
7.0,
0.0,
0.0,
1.0,
0.0,
0.0,
0.0,
0.0,
0.0,
0.0,
0.0,
0.0,
1.0,
10.0,
2.0,
0.0,
0.0,
4.0,
2.0,
2.0,
0.0,
2.0,
0.0,
192.0,
255.0,
250.0,
236.0,
10.0,
3.0,
0.0,
0.0,
2.0,
3.0,
0.0,
0.0,
0.0,
0.0,
0.0,
0.0,
0.0,
0.0,
0.0,
0.0,
0.0,
0.0,
1.0,
5.0,
2.0,
5.0,
0.0,
0.0,
91.0,
240.0,
156.0,
70.0,
0.0,
0.0,
7.0,
3.0,
0.0,
0.0,
0.0,
0.0,
0.0,
0.0,
0.0,
0.0,
0.0,
0.0,
0.0,
0.0,
0.0,
0.0,
0.0,
5.0,
0.0,
0.0,
7.0,
0.0,
0.0,
18.0,
0.0,
0.0,
0.0,
0.0,
0.0,
0.0,
0.0,
9.0,
0.0,
0.0,
0.0,
0.0,
0.0,
0.0,
0.0,
0.0,
0.0,
0.0,
0.0,
0.0,
0.0,
11.0,
0.0,
0.0,
2.0,
9.0,
0.0,
0.0,
0.0,
2.0,
10.0,
5.0,
0.0,
0.0,
0.0,
0.0,
0.0,
0.0,
0.0,
0.0,
0.0,
0.0,
0.0,
0.0,
0.0,
0.0,
0.0,
0.0,
0.0,
2.0,
1.0,
4.0,
10.0,
1.0,
0.0,
9.0,
10.0,
6.0,
0.0,
0.0,
0.0,
9.0,
7.0,
0.0,
0.0,
0.0,
0.0,
0.0,
