0.0,
0.0,
0.0,
0.0,
0.0,
0.0,
0.0,
0.0,
2.0,
1.0,
0.0,
0.0,
0.0,
0.0,
3.0,
0.0,
0.0,
5.0,
3.0,
0.0,
4.0,
5.0,
0.0,
11.0,
0.0,
0.0,
0.0,
0.0,
0.0,
0.0,
0.0,
0.0,
0.0,
0.0,
0.0,
0.0,
5.0,
4.0,
4.0,
6.0,
0.0,
0.0,
5.0,
0.0,
2.0,
6.0,
6.0,
4.0,
3.0,
2.0,
2.0,
0.0,
0.0,
0.0,
0.0,
0.0,
0.0,
0.0,
0.0,
0.0,
0.0,
0.0,
0.0,
0.0,
0.0,
0.0,
0.0,
2.0,
0.0,
0.0,
0.0,
0.0,
0.0,
0.0,
1.0,
13.0,
0.0,
0.0,
11.0,
0.0,
0.0,
0.0,
0.0,
0.0,
0.0,
0.0,
0.0,
0.0,
0.0,
0.0,
0.0,
0.0,
6.0,
0.0,
4.0,
3.0,
0.0,
7.0,
4.0,
3.0,
13.0,
0.0,
0.0,
0.0,
0.0,
10.0,
0.0,
5.0,
0.0,
0.0,
0.0,
0.0,
0.0,
0.0,
0.0,
0.0,
0.0,
0.0,
0.0,
0.0,
5.0,
0.0,
4.0,
0.0,
0.0,
0.0,
0.0,
6.0,
0.0,
0.0,
207.0,
243.0,
33.0,
8.0,
18.0,
0.0,
0.0,
0.0,
0.0,
0.0,
0.0,
0.0,
0.0,
0.0,
0.0,
0.0,
0.0,
0.0,
0.0,
0.0,
0.0,
0.0,
19.0,
24.0,
0.0,
0.0,
3.0,
76.0,
249.0,
239.0,
44.0,
5.0,
0.0,
1.0,
0.0,
0.0,
0.0,
0.0,
0.0,
0.0,
0.0,
0.0,
0.0,
0.0,
0.0,
0.0,
6.0,
3.0,
3.0,
34.0,
140.0,
147.0,
32.0,
5.0,
0.0,
141.0,
255.0,
220.0,
24.0,
0.0,
0.0,
7.0,
0.0,
0.0,
0.0,
0.0,
0.0,
0.0,
0.0,
0.0,
0.0,
0.0,
0.0,
0.0,
5.0,
0.0,
0.0,
73.0,
251.0,
255.0,
80.0,
0.0,
8.0,
185.0,
245.0,
185.0,
9.0,
0.0,
18.0,
0.0,
0.0,
0.0,
0.0,
0.0,
0.0,
0.0,
0.0,
0.0,
0.0,
0.0,
0.0,
0.0,
7.0,
0.0,
0.0,
143.0,
253.0,
221.0,
13.0,
0.0,
55.0,
246.0,
248.0,
146.0,
3.0,
0.0,
10.0,
0.0,
0.0,
0.0,
1.0,
7.0,
0.0,
0.0,
0.0,
0.0,
0.0,
0.0,
0.0,
0.0,
0.0,
2.0,
11.0,
222.0,
253.0,
192.0,
0.0,
6.0,
87.0,
255.0,
249.0,
79.0,
0.0,
5.0,
14.0,
0.0,
1.0,
5.0,
1.0,
0.0,
0.0,
0.0,
0.0,
0.0,
0.0,
0.0,
0.0,
0.0,
7.0,
0.0,
37.0,
255.0,
255.0,
160.0,
3.0,
0.0,
164.0,
250.0,
206.0,
19.0,
0.0,
2.0,
1.0,
7.0,
0.0,
3.0,
0.0,
0.0,
0.0,
0.0,
0.0,
0.0,
0.0,
0.0,
0.0,
0.0,
2.0,
0.0,
141.0,
251.0,
240.0,
65.0,
8.0,
28.0,
240.0,
255.0,
148.0,
0.0,
0.0,
0.0,
0.0,
6.0,
2.0,
10.0,
11.0,
0.0,
0.0,
0.0,
0.0,
0.0,
0.0,
0.0,
0.0,
0.0,
0.0,
0.0,
216.0,
246.0,
206.0,
4.0,
0.0,
78.0,
254.0,
255.0,
95.0,
0.0,
9.0,
17.0,
3.0,
7.0,
0.0,
0.0,
4.0,
0.0,
0.0,
0.0,
0.0,
0.0,
0.0,
0.0,
0.0,
0.0,
4.0,
37.0,
232.0,
255.0,
150.0,
4.0,
0.0,
139.0,
255.0,
208.0,
29.0,
6.0,
0.0,
0.0,
0.0,
1.0,
23.0,
0.0,
0.0,
1.0,
0.0,
0.0,
0.0,
0.0,
0.0,
0.0,
0.0,
0.0,
0.0,
138.0,
255.0,
255.0,
49.0,
0.0,
8.0,
224.0,
255.0,
155.0,
0.0,
2.0,
0.0,
10.0,
23.0,
70.0,
100.0,
12.0,
8.0,
7.0,
0.0,
0.0,
0.0,
0.0,
0.0,
0.0,
0.0,
0.0,
30.0,
224.0,
255.0,
218.0,
0.0,
21.0,
51.0,
252.0,
246.0,
131.0,
17.0,
13.0,
33.0,
147.0,
208.0,
255.0,
122.0,
3.0,
0.0,
0.0,
3.0,
0.0,
0.0,
1.0,
3.0,
4.0,
2.0,
0.0,
60.0,
255.0,
255.0,
228.0,
196.0,
201.0,
255.0,
251.0,
245.0,
222.0,
238.0,
252.0,
250.0,
255.0,
222.0,
114.0,
0.0,
0.0,
0.0,
0.0,
2.0,
0.0,
0.0,
0.0,
0.0,
0.0,
0.0,
19.0,
199.0,
238.0,
255.0,
248.0,
255.0,
255.0,
244.0,
255.0,
255.0,
236.0,
219.0,
181.0,
115.0,
82.0,
53.0,
0.0,
0.0,
0.0,
0.0,
0.0,
1.0,
0.0,
0.0,
3.0,
0.0,
1.0,
3.0,
135.0,
255.0,
255.0,
250.0,
212.0,
119.0,
164.0,
255.0,
248.0,
201.0,
116.0,
35.0,
0.0,
0.0,
0.0,
2.0,
0.0,
0.0,
0.0,
0.0,
0.0,
3.0,
0.0,
0.0,
11.0,
0.0,
0.0,
23.0,
245.0,
248.0,
239.0,
126.0,
17.0,
0.0,
147.0,
245.0,
250.0,
24.0,
5.0,
0.0,
0.0,
13.0,
9.0,
0.0,
0.0,
0.0,
0.0,
0.0,
0.0,
3.0,
2.0,
0.0,
4.0,
0.0,
0.0,
5.0,
203.0,
251.0,
215.0,
18.0,
0.0,
16.0,
164.0,
249.0,
178.0,
0.0,
11.0,
7.0,
0.0,
0.0,
0.0,
0.0,
10.0,
0.0,
0.0,
0.0,
0.0,
0.0,
7.0,
5.0,
0.0,
0.0,
7.0,
0.0,
72.0,
94.0,
1.0,
3.0,
2.0,
0.0,
226.0,
255.0,
179.0,
0.0,
1.0,
0.0,
0.0,
5.0,
13.0,
0.0,
0.0,
0.0,
0.0,
0.0,
0.0,
0.0,
1.0,
3.0,
0.0,
0.0,
12.0,
0.0,
0.0,
0.0,
12.0,
0.0,
0.0,
96.0,
255.0,
255.0,
166.0,
1.0,
5.0,
5.0,
1.0,
0.0,
4.0,
7.0,
6.0,
0.0,
0.0,
0.0,
0.0,
9.0,
0.0,
0.0,
3.0,
2.0,
0.0,
0.0,
0.0,
0.0,
4.0,
0.0,
0.0,
143.0,
248.0,
240.0,
128.0,
0.0,
0.0,
0.0,
1.0,
0.0,
0.0,
1.0,
0.0,
0.0,
0.0,
0.0,
0.0,
0.0,
0.0,
0.0,
0.0,
0.0,
0.0,
0.0,
0.0,
0.0,
0.0,
0.0,
0.0,
0.0,
0.0,
0.0,
0.0,
0.0,
0.0,
0.0,
0.0,
0.0,
0.0,
0.0,
0.0,
0.0,
0.0,
0.0,
0.0,
0.0,
0.0,
0.0,
0.0,
0.0,
0.0,
0.0,
0.0,
0.0,
0.0,
0.0,
0.0,
0.0,
0.0,
0.0,
0.0,
0.0,
0.0,
0.0,
0.0,
0.0,
0.0,
0.0,
0.0,
0.0,
0.0,
0.0,
0.0,
0.0,
0.0,
0.0,
0.0,
0.0,
0.0,
0.0,
0.0,
0.0,
0.0,
0.0,
0.0,
0.0,
0.0,
0.0,
0.0,
0.0,
0.0,
0.0,
0.0,
0.0,
0.0,
0.0,
0.0,
0.0,
0.0,
0.0,
0.0,
0.0,
0.0,
0.0,
0.0,
0.0,
0.0,
0.0,
0.0,
0.0,
0.0,
0.0,
0.0,
0.0,
0.0,
0.0,
0.0,
0.0,
0.0,
0.0,
0.0,
0.0,
0.0,
0.0,
0.0,
0.0,
0.0,
0.0,
0.0,
