0.0,
0.0,
0.0,
0.0,
0.0,
0.0,
0.0,
0.0,
0.0,
4.0,
0.0,
0.0,
12.0,
0.0,
6.0,
0.0,
0.0,
0.0,
0.0,
0.0,
1.0,
2.0,
1.0,
0.0,
0.0,
0.0,
0.0,
0.0,
0.0,
0.0,
0.0,
0.0,
0.0,
0.0,
0.0,
0.0,
0.0,
2.0,
8.0,
0.0,
2.0,
0.0,
0.0,
7.0,
1.0,
0.0,
0.0,
0.0,
1.0,
2.0,
1.0,
1.0,
0.0,
0.0,
0.0,
0.0,
0.0,
0.0,
0.0,
0.0,
0.0,
0.0,
0.0,
0.0,
0.0,
2.0,
4.0,
2.0,
0.0,
0.0,
0.0,
7.0,
1.0,
2.0,
2.0,
2.0,
0.0,
0.0,
1.0,
2.0,
0.0,
0.0,
0.0,
0.0,
0.0,
0.0,
0.0,
0.0,
0.0,
0.0,
0.0,
0.0,
0.0,
17.0,
0.0,
0.0,
7.0,
5.0,
2.0,
0.0,
0.0,
1.0,
3.0,
2.0,
0.0,
0.0,
0.0,
1.0,
0.0,
0.0,
0.0,
0.0,
0.0,
0.0,
0.0,
0.0,
0.0,
0.0,
0.0,
0.0,
91.0,
140.0,
48.0,
0.0,
0.0,
0.0,
16.0,
0.0,
0.0,
0.0,
0.0,
0.0,
0.0,
0.0,
0.0,
0.0,
0.0,
0.0,
0.0,
0.0,
0.0,
0.0,
0.0,
0.0,
0.0,
0.0,
0.0,
0.0,
42.0,
175.0,
119.0,
15.0,
16.0,
0.0,
9.0,
0.0,
0.0,
0.0,
0.0,
0.0,
1.0,
2.0,
1.0,
0.0,
0.0,
0.0,
0.0,
0.0,
0.0,
0.0,
0.0,
0.0,
0.0,
0.0,
0.0,
0.0,
121.0,
255.0,
222.0,
1.0,
0.0,
0.0,
2.0,
12.0,
3.0,
0.0,
0.0,
0.0,
5.0,
8.0,
5.0,
1.0,
0.0,
0.0,
0.0,
0.0,
0.0,
0.0,
0.0,
0.0,
0.0,
0.0,
0.0,
0.0,
57.0,
244.0,
245.0,
0.0,
4.0,
14.0,
0.0,
3.0,
6.0,
0.0,
0.0,
0.0,
9.0,
13.0,
9.0,
3.0,
0.0,
0.0,
0.0,
0.0,
0.0,
12.0,
0.0,
0.0,
0.0,
4.0,
0.0,
3.0,
82.0,
248.0,
248.0,
0.0,
5.0,
0.0,
12.0,
1.0,
5.0,
0.0,
7.0,
8.0,
29.0,
223.0,
0.0,
10.0,
0.0,
0.0,
0.0,
0.0,
13.0,
0.0,
14.0,
9.0,
7.0,
0.0,
0.0,
4.0,
124.0,
255.0,
189.0,
1.0,
5.0,
0.0,
2.0,
0.0,
0.0,
0.0,
1.0,
0.0,
100.0,
245.0,
35.0,
0.0,
0.0,
0.0,
0.0,
0.0,
2.0,
2.0,
0.0,
0.0,
0.0,
16.0,
6.0,
0.0,
178.0,
255.0,
90.0,
2.0,
0.0,
0.0,
0.0,
0.0,
5.0,
10.0,
0.0,
12.0,
181.0,
254.0,
180.0,
9.0,
0.0,
0.0,
0.0,
0.0,
0.0,
15.0,
0.0,
9.0,
2.0,
0.0,
0.0,
99.0,
239.0,
203.0,
14.0,
4.0,
0.0,
0.0,
0.0,
2.0,
0.0,
9.0,
0.0,
5.0,
224.0,
248.0,
242.0,
37.0,
0.0,
0.0,
0.0,
0.0,
5.0,
0.0,
5.0,
6.0,
8.0,
3.0,
37.0,
204.0,
255.0,
127.0,
0.0,
11.0,
0.0,
1.0,
0.0,
0.0,
0.0,
2.0,
20.0,
26.0,
255.0,
255.0,
224.0,
48.0,
0.0,
0.0,
0.0,
0.0,
3.0,
0.0,
0.0,
0.0,
0.0,
5.0,
204.0,
247.0,
206.0,
47.0,
0.0,
8.0,
0.0,
2.0,
1.0,
1.0,
5.0,
0.0,
0.0,
111.0,
255.0,
255.0,
255.0,
43.0,
0.0,
0.0,
0.0,
0.0,
0.0,
2.0,
0.0,
18.0,
0.0,
38.0,
255.0,
255.0,
83.0,
0.0,
0.0,
1.0,
0.0,
2.0,
3.0,
3.0,
0.0,
3.0,
0.0,
167.0,
242.0,
239.0,
213.0,
16.0,
0.0,
0.0,
0.0,
0.0,
5.0,
0.0,
12.0,
0.0,
24.0,
236.0,
238.0,
162.0,
0.0,
0.0,
9.0,
3.0,
0.0,
1.0,
0.0,
0.0,
0.0,
39.0,
39.0,
169.0,
255.0,
255.0,
30.0,
0.0,
0.0,
0.0,
0.0,
0.0,
1.0,
0.0,
10.0,
0.0,
45.0,
255.0,
231.0,
45.0,
0.0,
0.0,
0.0,
0.0,
10.0,
45.0,
86.0,
112.0,
185.0,
239.0,
242.0,
249.0,
255.0,
150.0,
4.0,
0.0,
0.0,
0.0,
0.0,
0.0,
0.0,
0.0,
5.0,
4.0,
47.0,
250.0,
255.0,
166.0,
136.0,
137.0,
151.0,
187.0,
234.0,
255.0,
255.0,
242.0,
255.0,
208.0,
170.0,
184.0,
248.0,
148.0,
4.0,
0.0,
0.0,
0.0,
0.0,
0.0,
7.0,
0.0,
0.0,
0.0,
23.0,
179.0,
243.0,
254.0,
246.0,
251.0,
255.0,
255.0,
246.0,
214.0,
166.0,
127.0,
72.0,
0.0,
0.0,
132.0,
236.0,
151.0,
10.0,
0.0,
0.0,
0.0,
0.0,
0.0,
6.0,
5.0,
7.0,
1.0,
0.0,
20.0,
30.0,
56.0,
136.0,
131.0,
108.0,
66.0,
24.0,
3.0,
0.0,
4.0,
9.0,
0.0,
10.0,
228.0,
255.0,
117.0,
0.0,
0.0,
0.0,
0.0,
0.0,
0.0,
0.0,
0.0,
6.0,
12.0,
1.0,
2.0,
0.0,
6.0,
0.0,
4.0,
9.0,
8.0,
4.0,
2.0,
0.0,
0.0,
0.0,
8.0,
0.0,
216.0,
249.0,
34.0,
1.0,
11.0,
0.0,
0.0,
0.0,
0.0,
5.0,
6.0,
0.0,
0.0,
0.0,
0.0,
0.0,
7.0,
5.0,
1.0,
0.0,
0.0,
0.0,
0.0,
3.0,
4.0,
6.0,
0.0,
0.0,
159.0,
255.0,
39.0,
0.0,
0.0,
0.0,
0.0,
0.0,
0.0,
0.0,
2.0,
0.0,
2.0,
10.0,
6.0,
1.0,
0.0,
0.0,
2.0,
9.0,
9.0,
6.0,
5.0,
3.0,
1.0,
1.0,
0.0,
6.0,
98.0,
253.0,
156.0,
7.0,
0.0,
0.0,
0.0,
0.0,
0.0,
0.0,
3.0,
0.0,
0.0,
1.0,
0.0,
3.0,
0.0,
4.0,
1.0,
0.0,
0.0,
0.0,
2.0,
0.0,
0.0,
0.0,
9.0,
0.0,
1.0,
149.0,
232.0,
4.0,
7.0,
0.0,
0.0,
0.0,
0.0,
0.0,
0.0,
0.0,
0.0,
0.0,
0.0,
0.0,
0.0,
0.0,
0.0,
0.0,
0.0,
0.0,
0.0,
0.0,
0.0,
0.0,
0.0,
0.0,
0.0,
0.0,
0.0,
0.0,
0.0,
0.0,
0.0,
0.0,
0.0,
0.0,
0.0,
0.0,
0.0,
0.0,
0.0,
0.0,
0.0,
0.0,
0.0,
0.0,
0.0,
0.0,
0.0,
0.0,
0.0,
0.0,
0.0,
0.0,
0.0,
0.0,
0.0,
0.0,
0.0,
0.0,
0.0,
0.0,
0.0,
0.0,
0.0,
0.0,
0.0,
0.0,
0.0,
0.0,
0.0,
0.0,
0.0,
0.0,
0.0,
0.0,
0.0,
0.0,
0.0,
0.0,
0.0,
0.0,
0.0,
0.0,
0.0,
0.0,
0.0,
0.0,
0.0,
0.0,
0.0,
0.0,
0.0,
0.0,
0.0,
0.0,
0.0,
0.0,
0.0,
0.0,
0.0,
0.0,
0.0,
0.0,
0.0,
0.0,
0.0,
0.0,
0.0,
0.0,
0.0,
0.0,
0.0,
0.0,
0.0,
0.0,
0.0,
0.0,
0.0,
