0.0,
0.0,
0.0,
0.0,
0.0,
0.0,
0.0,
0.0,
6.0,
0.0,
4.0,
7.0,
0.0,
0.0,
0.0,
0.0,
6.0,
0.0,
7.0,
0.0,
2.0,
15.0,
0.0,
8.0,
0.0,
2.0,
9.0,
0.0,
0.0,
0.0,
0.0,
0.0,
0.0,
0.0,
0.0,
0.0,
0.0,
3.0,
9.0,
0.0,
0.0,
5.0,
7.0,
10.0,
0.0,
17.0,
0.0,
0.0,
16.0,
0.0,
1.0,
0.0,
3.0,
0.0,
0.0,
0.0,
0.0,
0.0,
0.0,
0.0,
0.0,
0.0,
0.0,
0.0,
0.0,
8.0,
0.0,
0.0,
2.0,
0.0,
0.0,
0.0,
9.0,
0.0,
19.0,
7.0,
0.0,
6.0,
8.0,
4.0,
5.0,
0.0,
3.0,
0.0,
0.0,
0.0,
0.0,
0.0,
0.0,
0.0,
0.0,
0.0,
0.0,
0.0,
0.0,
15.0,
9.0,
0.0,
6.0,
12.0,
0.0,
21.0,
0.0,
0.0,
10.0,
4.0,
0.0,
0.0,
0.0,
0.0,
9.0,
7.0,
0.0,
0.0,
0.0,
0.0,
0.0,
0.0,
0.0,
0.0,
12.0,
0.0,
0.0,
0.0,
0.0,
0.0,
5.0,
0.0,
11.0,
0.0,
0.0,
7.0,
4.0,
0.0,
0.0,
16.0,
14.0,
0.0,
0.0,
3.0,
0.0,
0.0,
0.0,
0.0,
0.0,
0.0,
0.0,
0.0,
0.0,
10.0,
18.0,
0.0,
0.0,
12.0,
0.0,
0.0,
4.0,
0.0,
17.0,
0.0,
0.0,
5.0,
17.0,
186.0,
67.0,
10.0,
0.0,
0.0,
0.0,
0.0,
0.0,
0.0,
0.0,
0.0,
0.0,
0.0,
10.0,
0.0,
0.0,
8.0,
165.0,
183.0,
28.0,
0.0,
0.0,
8.0,
0.0,
21.0,
0.0,
5.0,
189.0,
255.0,
80.0,
14.0,
0.0,
3.0,
0.0,
0.0,
0.0,
0.0,
0.0,
0.0,
0.0,
0.0,
0.0,
7.0,
15.0,
87.0,
255.0,
223.0,
0.0,
6.0,
0.0,
5.0,
0.0,
5.0,
5.0,
93.0,
252.0,
250.0,
40.0,
0.0,
0.0,
5.0,
0.0,
0.0,
5.0,
11.0,
0.0,
0.0,
6.0,
0.0,
0.0,
6.0,
32.0,
237.0,
255.0,
143.0,
5.0,
3.0,
0.0,
6.0,
0.0,
0.0,
10.0,
230.0,
255.0,
112.0,
0.0,
0.0,
0.0,
0.0,
8.0,
0.0,
3.0,
0.0,
8.0,
12.0,
0.0,
11.0,
0.0,
0.0,
193.0,
255.0,
252.0,
37.0,
7.0,
0.0,
0.0,
0.0,
6.0,
21.0,
143.0,
251.0,
250.0,
37.0,
0.0,
0.0,
0.0,
0.0,
1.0,
0.0,
11.0,
0.0,
3.0,
6.0,
0.0,
4.0,
0.0,
109.0,
255.0,
236.0,
189.0,
11.0,
0.0,
8.0,
6.0,
9.0,
0.0,
27.0,
236.0,
248.0,
118.0,
0.0,
0.0,
0.0,
0.0,
0.0,
0.0,
2.0,
4.0,
14.0,
0.0,
0.0,
10.0,
0.0,
56.0,
255.0,
248.0,
232.0,
16.0,
0.0,
14.0,
1.0,
0.0,
11.0,
0.0,
114.0,
255.0,
230.0,
0.0,
5.0,
0.0,
0.0,
0.0,
0.0,
7.0,
0.0,
0.0,
15.0,
0.0,
1.0,
0.0,
40.0,
235.0,
242.0,
234.0,
29.0,
11.0,
19.0,
0.0,
0.0,
4.0,
0.0,
27.0,
212.0,
248.0,
142.0,
0.0,
15.0,
0.0,
0.0,
0.0,
0.0,
0.0,
0.0,
0.0,
2.0,
0.0,
3.0,
0.0,
176.0,
255.0,
255.0,
78.0,
0.0,
0.0,
0.0,
0.0,
44.0,
0.0,
0.0,
91.0,
247.0,
251.0,
41.0,
6.0,
0.0,
0.0,
0.0,
0.0,
0.0,
0.0,
3.0,
9.0,
0.0,
0.0,
11.0,
117.0,
255.0,
255.0,
188.0,
89.0,
139.0,
132.0,
195.0,
235.0,
233.0,
229.0,
210.0,
250.0,
252.0,
159.0,
0.0,
3.0,
4.0,
0.0,
0.0,
0.0,
0.0,
1.0,
9.0,
0.0,
0.0,
0.0,
37.0,
255.0,
249.0,
255.0,
254.0,
255.0,
252.0,
250.0,
255.0,
255.0,
230.0,
138.0,
129.0,
253.0,
254.0,
45.0,
18.0,
0.0,
0.0,
0.0,
0.0,
0.0,
0.0,
0.0,
0.0,
10.0,
0.0,
6.0,
146.0,
255.0,
248.0,
255.0,
246.0,
251.0,
249.0,
223.0,
184.0,
110.0,
27.0,
0.0,
152.0,
255.0,
242.0,
9.0,
0.0,
12.0,
0.0,
0.0,
0.0,
0.0,
0.0,
9.0,
0.0,
1.0,
0.0,
8.0,
127.0,
245.0,
255.0,
252.0,
177.0,
95.0,
32.0,
0.0,
0.0,
8.0,
2.0,
7.0,
224.0,
249.0,
160.0,
0.0,
0.0,
7.0,
0.0,
0.0,
0.0,
0.0,
0.0,
0.0,
0.0,
2.0,
0.0,
0.0,
7.0,
45.0,
53.0,
23.0,
1.0,
0.0,
11.0,
8.0,
2.0,
3.0,
2.0,
68.0,
253.0,
243.0,
59.0,
31.0,
0.0,
0.0,
3.0,
0.0,
0.0,
0.0,
0.0,
0.0,
0.0,
6.0,
12.0,
4.0,
0.0,
4.0,
14.0,
16.0,
3.0,
0.0,
2.0,
0.0,
0.0,
0.0,
3.0,
181.0,
255.0,
255.0,
71.0,
0.0,
0.0,
8.0,
0.0,
0.0,
0.0,
0.0,
0.0,
6.0,
4.0,
0.0,
0.0,
0.0,
0.0,
0.0,
0.0,
0.0,
0.0,
0.0,
0.0,
0.0,
0.0,
0.0,
0.0,
217.0,
249.0,
168.0,
0.0,
20.0,
1.0,
8.0,
0.0,
0.0,
0.0,
0.0,
0.0,
0.0,
0.0,
0.0,
1.0,
7.0,
13.0,
8.0,
0.0,
0.0,
7.0,
3.0,
0.0,
3.0,
5.0,
3.0,
9.0,
214.0,
246.0,
69.0,
0.0,
87.0,
9.0,
0.0,
0.0,
0.0,
0.0,
0.0,
0.0,
14.0,
7.0,
5.0,
0.0,
0.0,
0.0,
3.0,
0.0,
0.0,
3.0,
0.0,
0.0,
3.0,
0.0,
3.0,
29.0,
251.0,
255.0,
152.0,
161.0,
4.0,
0.0,
0.0,
7.0,
0.0,
0.0,
0.0,
0.0,
0.0,
0.0,
1.0,
8.0,
0.0,
2.0,
8.0,
0.0,
0.0,
2.0,
0.0,
0.0,
5.0,
0.0,
2.0,
46.0,
251.0,
255.0,
255.0,
57.0,
0.0,
0.0,
9.0,
0.0,
0.0,
0.0,
0.0,
0.0,
0.0,
0.0,
0.0,
0.0,
0.0,
0.0,
0.0,
0.0,
0.0,
0.0,
1.0,
0.0,
0.0,
2.0,
9.0,
15.0,
248.0,
227.0,
81.0,
0.0,
5.0,
0.0,
2.0,
0.0,
0.0,
0.0,
0.0,
0.0,
0.0,
0.0,
0.0,
0.0,
0.0,
0.0,
0.0,
0.0,
0.0,
1.0,
1.0,
0.0,
0.0,
0.0,
4.0,
8.0,
0.0,
26.0,
0.0,
0.0,
13.0,
3.0,
7.0,
0.0,
0.0,
0.0,
0.0,
0.0,
0.0,
0.0,
0.0,
0.0,
0.0,
0.0,
0.0,
0.0,
0.0,
0.0,
0.0,
0.0,
0.0,
0.0,
0.0,
0.0,
0.0,
15.0,
0.0,
1.0,
3.0,
0.0,
3.0,
1.0,
0.0,
0.0,
0.0,
0.0,
0.0,
0.0,
0.0,
0.0,
0.0,
0.0,
0.0,
0.0,
0.0,
0.0,
0.0,
0.0,
0.0,
0.0,
0.0,
0.0,
0.0,
0.0,
0.0,
0.0,
0.0,
0.0,
7.0,
0.0,
0.0,
0.0,
0.0,
0.0,
