0.0,
0.0,
0.0,
0.0,
0.0,
0.0,
0.0,
0.0,
2.0,
0.0,
0.0,
2.0,
3.0,
0.0,
0.0,
0.0,
3.0,
0.0,
0.0,
2.0,
0.0,
0.0,
3.0,
3.0,
0.0,
0.0,
0.0,
0.0,
0.0,
0.0,
0.0,
0.0,
0.0,
0.0,
0.0,
0.0,
4.0,
0.0,
0.0,
0.0,
0.0,
0.0,
0.0,
5.0,
0.0,
2.0,
0.0,
2.0,
9.0,
0.0,
0.0,
0.0,
0.0,
0.0,
0.0,
0.0,
0.0,
0.0,
0.0,
0.0,
0.0,
0.0,
0.0,
0.0,
0.0,
0.0,
1.0,
5.0,
4.0,
1.0,
2.0,
6.0,
0.0,
9.0,
0.0,
0.0,
0.0,
0.0,
0.0,
15.0,
0.0,
0.0,
0.0,
0.0,
0.0,
0.0,
0.0,
0.0,
0.0,
0.0,
0.0,
0.0,
0.0,
0.0,
0.0,
0.0,
0.0,
0.0,
0.0,
0.0,
2.0,
0.0,
4.0,
10.0,
7.0,
0.0,
0.0,
0.0,
0.0,
0.0,
0.0,
0.0,
0.0,
0.0,
0.0,
0.0,
0.0,
0.0,
0.0,
0.0,
5.0,
1.0,
0.0,
0.0,
3.0,
9.0,
11.0,
10.0,
12.0,
0.0,
0.0,
5.0,
0.0,
0.0,
15.0,
0.0,
0.0,
0.0,
0.0,
0.0,
0.0,
0.0,
0.0,
0.0,
0.0,
0.0,
0.0,
0.0,
0.0,
0.0,
3.0,
4.0,
4.0,
1.0,
0.0,
0.0,
0.0,
2.0,
54.0,
126.0,
213.0,
255.0,
185.0,
4.0,
0.0,
0.0,
0.0,
0.0,
0.0,
0.0,
0.0,
0.0,
0.0,
0.0,
0.0,
0.0,
0.0,
5.0,
4.0,
0.0,
0.0,
0.0,
7.0,
10.0,
110.0,
187.0,
242.0,
252.0,
255.0,
244.0,
129.0,
0.0,
0.0,
0.0,
0.0,
0.0,
0.0,
0.0,
0.0,
0.0,
0.0,
0.0,
0.0,
0.0,
0.0,
1.0,
0.0,
0.0,
19.0,
79.0,
150.0,
196.0,
255.0,
255.0,
246.0,
255.0,
244.0,
121.0,
7.0,
0.0,
0.0,
0.0,
0.0,
0.0,
3.0,
0.0,
0.0,
5.0,
0.0,
3.0,
10.0,
0.0,
0.0,
0.0,
0.0,
3.0,
27.0,
254.0,
255.0,
250.0,
245.0,
253.0,
253.0,
255.0,
228.0,
29.0,
2.0,
0.0,
0.0,
0.0,
0.0,
0.0,
1.0,
3.0,
0.0,
0.0,
2.0,
0.0,
0.0,
12.0,
0.0,
16.0,
0.0,
33.0,
242.0,
250.0,
255.0,
249.0,
255.0,
255.0,
251.0,
247.0,
83.0,
0.0,
5.0,
8.0,
0.0,
0.0,
0.0,
0.0,
0.0,
5.0,
1.0,
0.0,
8.0,
21.0,
5.0,
0.0,
5.0,
0.0,
55.0,
152.0,
251.0,
249.0,
240.0,
255.0,
243.0,
247.0,
255.0,
233.0,
86.0,
0.0,
0.0,
0.0,
0.0,
0.0,
0.0,
0.0,
11.0,
0.0,
0.0,
9.0,
0.0,
0.0,
9.0,
10.0,
0.0,
22.0,
165.0,
249.0,
247.0,
255.0,
255.0,
136.0,
255.0,
236.0,
242.0,
182.0,
0.0,
4.0,
7.0,
0.0,
0.0,
0.0,
0.0,
0.0,
0.0,
5.0,
3.0,
0.0,
0.0,
1.0,
0.0,
0.0,
54.0,
222.0,
254.0,
255.0,
255.0,
208.0,
67.0,
255.0,
243.0,
255.0,
255.0,
28.0,
4.0,
0.0,
5.0,
0.0,
0.0,
0.0,
0.0,
0.0,
0.0,
23.0,
1.0,
0.0,
17.0,
5.0,
0.0,
57.0,
227.0,
240.0,
255.0,
255.0,
232.0,
17.0,
132.0,
253.0,
255.0,
244.0,
203.0,
15.0,
0.0,
11.0,
0.0,
0.0,
0.0,
0.0,
0.0,
0.0,
14.0,
2.0,
0.0,
7.0,
0.0,
0.0,
87.0,
246.0,
255.0,
239.0,
255.0,
215.0,
63.0,
53.0,
216.0,
255.0,
255.0,
248.0,
237.0,
149.0,
221.0,
108.0,
0.0,
6.0,
0.0,
0.0,
0.0,
0.0,
5.0,
0.0,
5.0,
2.0,
0.0,
119.0,
249.0,
255.0,
244.0,
255.0,
244.0,
250.0,
194.0,
253.0,
252.0,
248.0,
249.0,
255.0,
252.0,
251.0,
251.0,
144.0,
0.0,
2.0,
0.0,
0.0,
0.0,
0.0,
0.0,
4.0,
0.0,
0.0,
50.0,
252.0,
247.0,
255.0,
254.0,
251.0,
245.0,
255.0,
252.0,
250.0,
252.0,
255.0,
253.0,
245.0,
255.0,
248.0,
244.0,
220.0,
95.0,
9.0,
0.0,
0.0,
0.0,
0.0,
2.0,
0.0,
0.0,
0.0,
8.0,
130.0,
161.0,
229.0,
253.0,
255.0,
255.0,
242.0,
255.0,
252.0,
244.0,
254.0,
251.0,
221.0,
229.0,
233.0,
255.0,
241.0,
100.0,
0.0,
0.0,
0.0,
0.0,
0.0,
1.0,
0.0,
1.0,
9.0,
0.0,
0.0,
0.0,
20.0,
102.0,
157.0,
109.0,
153.0,
241.0,
255.0,
255.0,
219.0,
41.0,
22.0,
24.0,
2.0,
5.0,
22.0,
0.0,
0.0,
0.0,
0.0,
0.0,
0.0,
0.0,
0.0,
0.0,
2.0,
8.0,
8.0,
8.0,
2.0,
0.0,
29.0,
0.0,
74.0,
253.0,
243.0,
232.0,
86.0,
0.0,
0.0,
6.0,
3.0,
0.0,
3.0,
0.0,
6.0,
0.0,
0.0,
0.0,
0.0,
3.0,
10.0,
0.0,
0.0,
0.0,
0.0,
2.0,
0.0,
0.0,
2.0,
0.0,
161.0,
249.0,
255.0,
125.0,
0.0,
20.0,
2.0,
0.0,
0.0,
0.0,
0.0,
0.0,
0.0,
0.0,
0.0,
0.0,
0.0,
0.0,
0.0,
2.0,
15.0,
15.0,
0.0,
2.0,
2.0,
1.0,
0.0,
98.0,
253.0,
241.0,
255.0,
31.0,
2.0,
0.0,
0.0,
1.0,
6.0,
3.0,
0.0,
0.0,
5.0,
0.0,
0.0,
0.0,
0.0,
11.0,
0.0,
0.0,
0.0,
0.0,
0.0,
0.0,
0.0,
5.0,
30.0,
229.0,
237.0,
255.0,
212.0,
24.0,
0.0,
11.0,
2.0,
0.0,
0.0,
3.0,
3.0,
3.0,
0.0,
0.0,
0.0,
0.0,
0.0,
0.0,
1.0,
8.0,
3.0,
0.0,
12.0,
0.0,
7.0,
0.0,
136.0,
253.0,
255.0,
242.0,
255.0,
52.0,
0.0,
0.0,
4.0,
2.0,
3.0,
0.0,
0.0,
2.0,
3.0,
0.0,
0.0,
0.0,
0.0,
0.0,
0.0,
0.0,
0.0,
0.0,
0.0,
0.0,
0.0,
7.0,
128.0,
255.0,
196.0,
96.0,
127.0,
12.0,
0.0,
0.0,
0.0,
0.0,
0.0,
0.0,
0.0,
0.0,
0.0,
0.0,
0.0,
0.0,
0.0,
0.0,
0.0,
0.0,
0.0,
0.0,
0.0,
0.0,
0.0,
0.0,
0.0,
9.0,
10.0,
0.0,
14.0,
0.0,
15.0,
0.0,
0.0,
0.0,
0.0,
0.0,
0.0,
0.0,
0.0,
0.0,
0.0,
0.0,
0.0,
0.0,
0.0,
0.0,
0.0,
0.0,
0.0,
0.0,
0.0,
11.0,
5.0,
0.0,
5.0,
7.0,
0.0,
0.0,
0.0,
0.0,
0.0,
0.0,
0.0,
0.0,
0.0,
0.0,
0.0,
0.0,
0.0,
0.0,
0.0,
0.0,
0.0,
0.0,
0.0,
0.0,
0.0,
0.0,
0.0,
0.0,
12.0,
10.0,
0.0,
3.0,
0.0,
9.0,
0.0,
0.0,
0.0,
0.0,
0.0,
0.0,
0.0,
0.0,
0.0,
0.0,
0.0,
0.0,
0.0,
