0.0,
0.0,
0.0,
0.0,
0.0,
0.0,
0.0,
0.0,
0.0,
14.0,
0.0,
11.0,
4.0,
2.0,
13.0,
0.0,
7.0,
1.0,
0.0,
0.0,
10.0,
2.0,
0.0,
5.0,
0.0,
0.0,
0.0,
0.0,
0.0,
0.0,
0.0,
0.0,
0.0,
0.0,
0.0,
0.0,
6.0,
1.0,
13.0,
0.0,
0.0,
0.0,
0.0,
19.0,
0.0,
0.0,
5.0,
0.0,
0.0,
2.0,
2.0,
8.0,
0.0,
0.0,
0.0,
0.0,
0.0,
0.0,
0.0,
0.0,
0.0,
0.0,
0.0,
0.0,
3.0,
0.0,
0.0,
10.0,
15.0,
0.0,
0.0,
7.0,
4.0,
3.0,
7.0,
5.0,
0.0,
0.0,
5.0,
0.0,
0.0,
0.0,
0.0,
0.0,
0.0,
0.0,
0.0,
0.0,
0.0,
0.0,
0.0,
0.0,
0.0,
0.0,
0.0,
10.0,
0.0,
3.0,
19.0,
0.0,
5.0,
0.0,
0.0,
3.0,
4.0,
0.0,
2.0,
0.0,
0.0,
0.0,
0.0,
0.0,
0.0,
0.0,
0.0,
0.0,
0.0,
0.0,
0.0,
0.0,
10.0,
0.0,
17.0,
13.0,
0.0,
9.0,
0.0,
5.0,
0.0,
18.0,
5.0,
0.0,
0.0,
0.0,
8.0,
0.0,
0.0,
0.0,
0.0,
0.0,
0.0,
0.0,
0.0,
0.0,
0.0,
0.0,
0.0,
0.0,
0.0,
10.0,
2.0,
0.0,
15.0,
3.0,
6.0,
0.0,
13.0,
136.0,
102.0,
10.0,
0.0,
1.0,
7.0,
0.0,
0.0,
0.0,
0.0,
0.0,
0.0,
0.0,
0.0,
0.0,
0.0,
0.0,
0.0,
0.0,
5.0,
0.0,
11.0,
210.0,
174.0,
0.0,
0.0,
2.0,
53.0,
240.0,
176.0,
17.0,
0.0,
0.0,
0.0,
0.0,
0.0,
0.0,
0.0,
0.0,
0.0,
0.0,
0.0,
0.0,
0.0,
0.0,
0.0,
0.0,
0.0,
6.0,
87.0,
253.0,
49.0,
1.0,
6.0,
0.0,
48.0,
252.0,
168.0,
0.0,
0.0,
0.0,
0.0,
9.0,
0.0,
0.0,
0.0,
0.0,
0.0,
14.0,
0.0,
0.0,
5.0,
3.0,
0.0,
3.0,
7.0,
33.0,
239.0,
255.0,
0.0,
6.0,
1.0,
2.0,
92.0,
248.0,
157.0,
10.0,
0.0,
8.0,
2.0,
0.0,
0.0,
0.0,
0.0,
0.0,
4.0,
0.0,
0.0,
5.0,
4.0,
0.0,
0.0,
0.0,
2.0,
172.0,
255.0,
88.0,
12.0,
0.0,
8.0,
0.0,
155.0,
255.0,
133.0,
4.0,
0.0,
5.0,
0.0,
0.0,
0.0,
0.0,
0.0,
0.0,
2.0,
0.0,
3.0,
10.0,
0.0,
0.0,
8.0,
7.0,
37.0,
255.0,
170.0,
0.0,
5.0,
0.0,
10.0,
13.0,
201.0,
247.0,
86.0,
0.0,
0.0,
4.0,
0.0,
3.0,
0.0,
0.0,
0.0,
0.0,
0.0,
0.0,
1.0,
0.0,
0.0,
1.0,
1.0,
9.0,
176.0,
237.0,
13.0,
0.0,
2.0,
16.0,
0.0,
0.0,
222.0,
238.0,
58.0,
0.0,
5.0,
5.0,
0.0,
1.0,
0.0,
0.0,
0.0,
0.0,
3.0,
1.0,
0.0,
0.0,
9.0,
3.0,
2.0,
74.0,
255.0,
179.0,
18.0,
44.0,
58.0,
115.0,
194.0,
238.0,
246.0,
255.0,
60.0,
2.0,
2.0,
3.0,
0.0,
0.0,
0.0,
0.0,
0.0,
0.0,
1.0,
0.0,
0.0,
0.0,
7.0,
0.0,
50.0,
232.0,
248.0,
241.0,
246.0,
255.0,
242.0,
255.0,
249.0,
255.0,
255.0,
255.0,
55.0,
2.0,
0.0,
0.0,
0.0,
3.0,
0.0,
0.0,
0.0,
0.0,
0.0,
0.0,
9.0,
4.0,
0.0,
0.0,
58.0,
238.0,
250.0,
245.0,
255.0,
255.0,
252.0,
255.0,
167.0,
176.0,
252.0,
250.0,
37.0,
1.0,
0.0,
1.0,
3.0,
4.0,
0.0,
0.0,
0.0,
0.0,
9.0,
0.0,
3.0,
2.0,
4.0,
1.0,
0.0,
67.0,
130.0,
58.0,
56.0,
0.0,
6.0,
0.0,
0.0,
99.0,
255.0,
244.0,
30.0,
9.0,
2.0,
3.0,
0.0,
0.0,
0.0,
0.0,
0.0,
0.0,
0.0,
0.0,
0.0,
0.0,
0.0,
0.0,
0.0,
0.0,
3.0,
0.0,
0.0,
0.0,
3.0,
1.0,
0.0,
212.0,
255.0,
218.0,
38.0,
0.0,
3.0,
5.0,
0.0,
8.0,
0.0,
0.0,
0.0,
0.0,
0.0,
0.0,
0.0,
0.0,
0.0,
0.0,
0.0,
0.0,
0.0,
0.0,
0.0,
0.0,
1.0,
4.0,
0.0,
227.0,
248.0,
228.0,
13.0,
0.0,
0.0,
3.0,
0.0,
3.0,
0.0,
0.0,
0.0,
0.0,
0.0,
0.0,
0.0,
0.0,
0.0,
0.0,
0.0,
0.0,
0.0,
0.0,
0.0,
0.0,
0.0,
4.0,
6.0,
239.0,
245.0,
229.0,
0.0,
0.0,
0.0,
5.0,
0.0,
2.0,
0.0,
0.0,
0.0,
0.0,
0.0,
0.0,
0.0,
0.0,
0.0,
0.0,
0.0,
0.0,
2.0,
2.0,
3.0,
0.0,
0.0,
0.0,
4.0,
239.0,
255.0,
191.0,
0.0,
8.0,
0.0,
3.0,
3.0,
0.0,
0.0,
0.0,
0.0,
0.0,
0.0,
0.0,
0.0,
0.0,
0.0,
0.0,
0.0,
0.0,
0.0,
2.0,
5.0,
1.0,
0.0,
0.0,
0.0,
235.0,
255.0,
127.0,
2.0,
6.0,
0.0,
0.0,
3.0,
0.0,
0.0,
0.0,
0.0,
0.0,
0.0,
0.0,
0.0,
0.0,
0.0,
0.0,
0.0,
0.0,
0.0,
0.0,
3.0,
1.0,
0.0,
0.0,
1.0,
234.0,
255.0,
100.0,
5.0,
2.0,
0.0,
0.0,
7.0,
0.0,
0.0,
0.0,
0.0,
0.0,
0.0,
0.0,
0.0,
0.0,
0.0,
0.0,
0.0,
0.0,
0.0,
0.0,
1.0,
0.0,
0.0,
1.0,
3.0,
235.0,
255.0,
132.0,
6.0,
0.0,
1.0,
1.0,
7.0,
3.0,
0.0,
0.0,
0.0,
0.0,
0.0,
0.0,
0.0,
0.0,
0.0,
0.0,
0.0,
0.0,
4.0,
1.0,
1.0,
0.0,
0.0,
1.0,
2.0,
235.0,
253.0,
175.0,
2.0,
0.0,
0.0,
1.0,
0.0,
0.0,
0.0,
0.0,
0.0,
0.0,
0.0,
0.0,
0.0,
0.0,
0.0,
0.0,
0.0,
0.0,
5.0,
0.0,
6.0,
0.0,
8.0,
0.0,
13.0,
203.0,
231.0,
35.0,
0.0,
12.0,
0.0,
0.0,
2.0,
1.0,
0.0,
0.0,
0.0,
0.0,
0.0,
0.0,
0.0,
0.0,
0.0,
0.0,
0.0,
0.0,
10.0,
0.0,
6.0,
0.0,
0.0,
0.0,
0.0,
20.0,
9.0,
0.0,
2.0,
2.0,
0.0,
10.0,
6.0,
0.0,
0.0,
0.0,
0.0,
0.0,
0.0,
0.0,
0.0,
0.0,
0.0,
0.0,
0.0,
0.0,
0.0,
0.0,
11.0,
5.0,
0.0,
16.0,
4.0,
0.0,
0.0,
6.0,
10.0,
0.0,
0.0,
1.0,
0.0,
10.0,
0.0,
0.0,
0.0,
0.0,
0.0,
0.0,
0.0,
0.0,
0.0,
0.0,
0.0,
0.0,
1.0,
0.0,
5.0,
8.0,
0.0,
0.0,
12.0,
6.0,
7.0,
3.0,
0.0,
0.0,
14.0,
0.0,
0.0,
8.0,
0.0,
0.0,
0.0,
0.0,
