0.0,
0.0,
0.0,
0.0,
0.0,
0.0,
0.0,
0.0,
0.0,
12.0,
3.0,
0.0,
0.0,
9.0,
0.0,
2.0,
9.0,
0.0,
0.0,
2.0,
0.0,
4.0,
7.0,
0.0,
0.0,
0.0,
0.0,
0.0,
0.0,
0.0,
0.0,
0.0,
0.0,
0.0,
0.0,
0.0,
0.0,
0.0,
4.0,
0.0,
13.0,
0.0,
0.0,
0.0,
0.0,
7.0,
3.0,
0.0,
0.0,
0.0,
0.0,
14.0,
0.0,
0.0,
0.0,
0.0,
0.0,
0.0,
0.0,
0.0,
0.0,
0.0,
0.0,
0.0,
7.0,
0.0,
0.0,
0.0,
20.0,
0.0,
0.0,
5.0,
13.0,
0.0,
0.0,
1.0,
17.0,
0.0,
0.0,
0.0,
0.0,
0.0,
0.0,
0.0,
0.0,
0.0,
0.0,
0.0,
0.0,
0.0,
0.0,
0.0,
0.0,
8.0,
0.0,
4.0,
0.0,
4.0,
0.0,
0.0,
0.0,
0.0,
12.0,
0.0,
0.0,
12.0,
21.0,
0.0,
0.0,
0.0,
0.0,
0.0,
0.0,
0.0,
0.0,
0.0,
0.0,
0.0,
0.0,
0.0,
0.0,
20.0,
0.0,
1.0,
0.0,
4.0,
3.0,
0.0,
9.0,
4.0,
0.0,
0.0,
0.0,
0.0,
0.0,
0.0,
0.0,
0.0,
0.0,
0.0,
0.0,
0.0,
0.0,
0.0,
0.0,
0.0,
0.0,
0.0,
2.0,
7.0,
0.0,
0.0,
13.0,
0.0,
8.0,
2.0,
0.0,
8.0,
0.0,
0.0,
18.0,
4.0,
0.0,
13.0,
0.0,
0.0,
0.0,
0.0,
0.0,
0.0,
0.0,
0.0,
0.0,
0.0,
0.0,
0.0,
0.0,
0.0,
6.0,
79.0,
109.0,
15.0,
0.0,
0.0,
0.0,
0.0,
9.0,
48.0,
136.0,
223.0,
154.0,
0.0,
0.0,
0.0,
0.0,
0.0,
0.0,
0.0,
0.0,
0.0,
0.0,
0.0,
0.0,
0.0,
0.0,
8.0,
66.0,
250.0,
255.0,
114.0,
11.0,
0.0,
13.0,
0.0,
135.0,
255.0,
244.0,
255.0,
248.0,
69.0,
0.0,
0.0,
0.0,
0.0,
0.0,
7.0,
0.0,
0.0,
7.0,
3.0,
0.0,
4.0,
0.0,
0.0,
193.0,
255.0,
250.0,
255.0,
64.0,
1.0,
0.0,
147.0,
247.0,
243.0,
255.0,
255.0,
248.0,
69.0,
4.0,
1.0,
0.0,
0.0,
0.0,
10.0,
2.0,
0.0,
0.0,
0.0,
6.0,
0.0,
5.0,
73.0,
251.0,
247.0,
252.0,
255.0,
252.0,
0.0,
66.0,
234.0,
255.0,
254.0,
246.0,
255.0,
61.0,
0.0,
0.0,
3.0,
3.0,
5.0,
0.0,
3.0,
2.0,
9.0,
0.0,
0.0,
17.0,
0.0,
0.0,
240.0,
255.0,
254.0,
255.0,
247.0,
120.0,
67.0,
210.0,
246.0,
232.0,
255.0,
252.0,
0.0,
10.0,
2.0,
0.0,
0.0,
0.0,
0.0,
4.0,
0.0,
0.0,
4.0,
6.0,
4.0,
0.0,
1.0,
62.0,
255.0,
255.0,
255.0,
241.0,
199.0,
255.0,
236.0,
239.0,
255.0,
246.0,
204.0,
47.0,
0.0,
13.0,
0.0,
0.0,
2.0,
1.0,
0.0,
8.0,
0.0,
3.0,
0.0,
6.0,
0.0,
0.0,
68.0,
255.0,
255.0,
244.0,
239.0,
255.0,
117.0,
240.0,
255.0,
255.0,
246.0,
254.0,
54.0,
29.0,
4.0,
0.0,
0.0,
0.0,
0.0,
10.0,
0.0,
0.0,
0.0,
8.0,
0.0,
4.0,
0.0,
27.0,
187.0,
249.0,
244.0,
255.0,
251.0,
255.0,
255.0,
255.0,
255.0,
255.0,
255.0,
176.0,
10.0,
42.0,
65.0,
122.0,
132.0,
14.0,
0.0,
4.0,
0.0,
0.0,
8.0,
0.0,
1.0,
4.0,
2.0,
101.0,
255.0,
255.0,
255.0,
250.0,
255.0,
255.0,
233.0,
255.0,
251.0,
249.0,
255.0,
255.0,
250.0,
250.0,
255.0,
247.0,
255.0,
119.0,
11.0,
0.0,
0.0,
0.0,
16.0,
0.0,
8.0,
0.0,
0.0,
137.0,
252.0,
255.0,
250.0,
255.0,
252.0,
243.0,
255.0,
248.0,
254.0,
250.0,
255.0,
243.0,
255.0,
255.0,
255.0,
250.0,
255.0,
255.0,
67.0,
0.0,
2.0,
0.0,
2.0,
11.0,
0.0,
0.0,
6.0,
67.0,
245.0,
254.0,
244.0,
255.0,
255.0,
245.0,
255.0,
251.0,
255.0,
255.0,
243.0,
255.0,
245.0,
255.0,
255.0,
241.0,
131.0,
0.0,
0.0,
0.0,
0.0,
6.0,
0.0,
0.0,
0.0,
11.0,
1.0,
0.0,
74.0,
255.0,
252.0,
243.0,
255.0,
252.0,
255.0,
255.0,
250.0,
255.0,
255.0,
129.0,
125.0,
135.0,
129.0,
0.0,
2.0,
0.0,
0.0,
0.0,
0.0,
1.0,
0.0,
0.0,
3.0,
4.0,
0.0,
0.0,
0.0,
0.0,
255.0,
255.0,
248.0,
254.0,
239.0,
255.0,
192.0,
73.0,
0.0,
0.0,
0.0,
0.0,
0.0,
35.0,
0.0,
0.0,
0.0,
0.0,
0.0,
0.0,
1.0,
4.0,
6.0,
0.0,
0.0,
17.0,
5.0,
3.0,
248.0,
242.0,
255.0,
255.0,
246.0,
130.0,
0.0,
0.0,
10.0,
10.0,
0.0,
3.0,
0.0,
0.0,
11.0,
0.0,
0.0,
0.0,
0.0,
6.0,
1.0,
0.0,
3.0,
0.0,
0.0,
7.0,
0.0,
61.0,
255.0,
255.0,
244.0,
255.0,
200.0,
0.0,
21.0,
0.0,
13.0,
0.0,
10.0,
0.0,
17.0,
0.0,
0.0,
0.0,
0.0,
0.0,
0.0,
5.0,
0.0,
0.0,
0.0,
1.0,
0.0,
0.0,
15.0,
201.0,
244.0,
255.0,
242.0,
251.0,
69.0,
4.0,
0.0,
5.0,
0.0,
5.0,
0.0,
15.0,
0.0,
13.0,
4.0,
0.0,
0.0,
0.0,
0.0,
0.0,
0.0,
5.0,
0.0,
1.0,
0.0,
9.0,
104.0,
255.0,
247.0,
246.0,
255.0,
210.0,
0.0,
11.0,
7.0,
8.0,
0.0,
2.0,
6.0,
0.0,
0.0,
1.0,
3.0,
0.0,
0.0,
0.0,
0.0,
1.0,
0.0,
4.0,
0.0,
8.0,
0.0,
4.0,
139.0,
255.0,
254.0,
255.0,
253.0,
0.0,
12.0,
0.0,
0.0,
0.0,
6.0,
0.0,
0.0,
1.0,
7.0,
0.0,
0.0,
0.0,
0.0,
0.0,
0.0,
0.0,
0.0,
0.0,
0.0,
0.0,
0.0,
0.0,
0.0,
182.0,
255.0,
241.0,
255.0,
0.0,
2.0,
0.0,
6.0,
0.0,
0.0,
0.0,
0.0,
0.0,
0.0,
0.0,
0.0,
0.0,
0.0,
0.0,
0.0,
0.0,
0.0,
0.0,
0.0,
0.0,
0.0,
0.0,
0.0,
73.0,
249.0,
255.0,
229.0,
3.0,
0.0,
0.0,
0.0,
0.0,
0.0,
0.0,
0.0,
0.0,
0.0,
0.0,
0.0,
0.0,
0.0,
0.0,
0.0,
0.0,
0.0,
0.0,
0.0,
0.0,
0.0,
0.0,
0.0,
0.0,
10.0,
0.0,
12.0,
10.0,
0.0,
0.0,
9.0,
0.0,
0.0,
0.0,
0.0,
0.0,
0.0,
0.0,
0.0,
0.0,
0.0,
0.0,
0.0,
0.0,
0.0,
0.0,
0.0,
0.0,
0.0,
0.0,
0.0,
3.0,
13.0,
0.0,
0.0,
10.0,
0.0,
0.0,
0.0,
0.0,
0.0,
0.0,
0.0,
0.0,
0.0,
0.0,
0.0,
0.0,
0.0,
0.0,
0.0,
