0.0,
0.0,
6.0,
0.0,
0.0,
0.0,
7.0,
1.0,
0.0,
0.0,
0.0,
5.0,
0.0,
11.0,
0.0,
1.0,
0.0,
0.0,
0.0,
4.0,
8.0,
0.0,
0.0,
11.0,
4.0,
0.0,
0.0,
0.0,
2.0,
0.0,
0.0,
6.0,
5.0,
4.0,
2.0,
0.0,
0.0,
7.0,
0.0,
8.0,
6.0,
4.0,
0.0,
9.0,
0.0,
17.0,
0.0,
0.0,
0.0,
0.0,
1.0,
0.0,
0.0,
0.0,
0.0,
3.0,
7.0,
0.0,
0.0,
5.0,
6.0,
0.0,
0.0,
0.0,
0.0,
9.0,
0.0,
0.0,
0.0,
1.0,
8.0,
0.0,
3.0,
0.0,
0.0,
10.0,
0.0,
9.0,
11.0,
0.0,
0.0,
0.0,
0.0,
0.0,
1.0,
1.0,
0.0,
0.0,
0.0,
0.0,
0.0,
13.0,
7.0,
0.0,
3.0,
15.0,
0.0,
0.0,
21.0,
0.0,
10.0,
0.0,
11.0,
0.0,
4.0,
8.0,
0.0,
9.0,
1.0,
4.0,
1.0,
0.0,
0.0,
3.0,
0.0,
0.0,
6.0,
1.0,
0.0,
1.0,
1.0,
0.0,
0.0,
4.0,
6.0,
0.0,
4.0,
0.0,
0.0,
11.0,
10.0,
0.0,
20.0,
0.0,
0.0,
7.0,
0.0,
5.0,
7.0,
2.0,
0.0,
5.0,
0.0,
0.0,
11.0,
0.0,
0.0,
0.0,
83.0,
116.0,
75.0,
0.0,
0.0,
9.0,
0.0,
10.0,
0.0,
7.0,
4.0,
0.0,
0.0,
33.0,
123.0,
30.0,
0.0,
0.0,
1.0,
6.0,
3.0,
6.0,
0.0,
0.0,
4.0,
0.0,
22.0,
95.0,
236.0,
255.0,
230.0,
44.0,
0.0,
12.0,
0.0,
0.0,
0.0,
0.0,
4.0,
15.0,
0.0,
135.0,
250.0,
129.0,
15.0,
0.0,
0.0,
1.0,
0.0,
2.0,
0.0,
0.0,
0.0,
0.0,
95.0,
242.0,
255.0,
234.0,
255.0,
128.0,
4.0,
0.0,
3.0,
0.0,
6.0,
0.0,
5.0,
0.0,
32.0,
230.0,
254.0,
241.0,
49.0,
15.0,
0.0,
0.0,
5.0,
0.0,
3.0,
6.0,
0.0,
0.0,
212.0,
255.0,
244.0,
255.0,
247.0,
137.0,
15.0,
12.0,
0.0,
4.0,
6.0,
1.0,
0.0,
3.0,
197.0,
254.0,
243.0,
213.0,
0.0,
0.0,
0.0,
1.0,
0.0,
6.0,
6.0,
0.0,
9.0,
55.0,
255.0,
243.0,
255.0,
234.0,
202.0,
20.0,
0.0,
0.0,
18.0,
0.0,
0.0,
12.0,
17.0,
144.0,
247.0,
255.0,
241.0,
81.0,
3.0,
3.0,
5.0,
7.0,
15.0,
0.0,
0.0,
2.0,
0.0,
250.0,
255.0,
254.0,
248.0,
195.0,
8.0,
0.0,
5.0,
17.0,
2.0,
0.0,
10.0,
0.0,
150.0,
255.0,
252.0,
234.0,
150.0,
0.0,
0.0,
0.0,
0.0,
0.0,
0.0,
0.0,
0.0,
4.0,
2.0,
254.0,
255.0,
251.0,
248.0,
53.0,
0.0,
1.0,
1.0,
0.0,
0.0,
13.0,
4.0,
20.0,
211.0,
232.0,
255.0,
142.0,
0.0,
6.0,
0.0,
0.0,
0.0,
0.0,
0.0,
1.0,
0.0,
2.0,
0.0,
255.0,
243.0,
245.0,
250.0,
108.0,
0.0,
6.0,
4.0,
0.0,
0.0,
0.0,
13.0,
101.0,
238.0,
248.0,
246.0,
27.0,
0.0,
8.0,
0.0,
4.0,
4.0,
0.0,
12.0,
1.0,
0.0,
0.0,
0.0,
255.0,
236.0,
255.0,
243.0,
113.0,
181.0,
108.0,
17.0,
0.0,
10.0,
8.0,
103.0,
248.0,
255.0,
255.0,
253.0,
52.0,
10.0,
0.0,
0.0,
0.0,
0.0,
1.0,
0.0,
8.0,
2.0,
0.0,
13.0,
91.0,
239.0,
255.0,
255.0,
255.0,
238.0,
255.0,
193.0,
180.0,
137.0,
142.0,
243.0,
255.0,
245.0,
253.0,
245.0,
183.0,
121.0,
16.0,
15.0,
0.0,
0.0,
0.0,
6.0,
0.0,
0.0,
0.0,
0.0,
21.0,
161.0,
248.0,
244.0,
249.0,
255.0,
243.0,
255.0,
248.0,
255.0,
245.0,
244.0,
255.0,
244.0,
244.0,
255.0,
253.0,
255.0,
219.0,
62.0,
23.0,
0.0,
0.0,
0.0,
0.0,
4.0,
8.0,
0.0,
0.0,
77.0,
178.0,
247.0,
255.0,
255.0,
243.0,
255.0,
253.0,
239.0,
255.0,
255.0,
241.0,
254.0,
255.0,
246.0,
255.0,
251.0,
101.0,
0.0,
0.0,
0.0,
0.0,
8.0,
0.0,
0.0,
2.0,
0.0,
0.0,
0.0,
13.0,
151.0,
200.0,
246.0,
251.0,
247.0,
255.0,
251.0,
247.0,
239.0,
254.0,
247.0,
189.0,
68.0,
135.0,
86.0,
14.0,
0.0,
0.0,
0.0,
0.0,
0.0,
0.0,
0.0,
3.0,
9.0,
11.0,
3.0,
0.0,
6.0,
0.0,
79.0,
212.0,
229.0,
240.0,
238.0,
255.0,
255.0,
247.0,
135.0,
12.0,
0.0,
42.0,
2.0,
0.0,
0.0,
0.0,
0.0,
0.0,
0.0,
5.0,
7.0,
0.0,
0.0,
0.0,
5.0,
6.0,
0.0,
2.0,
7.0,
0.0,
0.0,
174.0,
255.0,
235.0,
195.0,
114.0,
27.0,
3.0,
6.0,
1.0,
26.0,
0.0,
0.0,
0.0,
0.0,
0.0,
7.0,
2.0,
0.0,
0.0,
0.0,
0.0,
0.0,
0.0,
1.0,
0.0,
6.0,
11.0,
0.0,
162.0,
255.0,
255.0,
255.0,
145.0,
0.0,
0.0,
14.0,
0.0,
0.0,
12.0,
0.0,
0.0,
0.0,
0.0,
2.0,
0.0,
0.0,
4.0,
10.0,
8.0,
4.0,
4.0,
1.0,
0.0,
0.0,
0.0,
7.0,
172.0,
239.0,
203.0,
131.0,
0.0,
0.0,
0.0,
1.0,
0.0,
10.0,
0.0,
0.0,
0.0,
0.0,
0.0,
0.0,
2.0,
2.0,
0.0,
0.0,
0.0,
0.0,
2.0,
10.0,
3.0,
0.0,
0.0,
77.0,
236.0,
252.0,
165.0,
1.0,
0.0,
31.0,
0.0,
19.0,
0.0,
0.0,
15.0,
0.0,
0.0,
0.0,
0.0,
0.0,
4.0,
2.0,
0.0,
0.0,
8.0,
5.0,
0.0,
0.0,
3.0,
2.0,
0.0,
105.0,
245.0,
234.0,
130.0,
3.0,
14.0,
0.0,
4.0,
0.0,
0.0,
3.0,
0.0,
0.0,
0.0,
0.0,
0.0,
0.0,
0.0,
0.0,
0.0,
0.0,
0.0,
0.0,
0.0,
0.0,
0.0,
7.0,
11.0,
19.0,
96.0,
14.0,
108.0,
0.0,
0.0,
0.0,
0.0,
0.0,
0.0,
0.0,
0.0,
0.0,
0.0,
0.0,
0.0,
0.0,
0.0,
0.0,
0.0,
0.0,
0.0,
0.0,
0.0,
3.0,
5.0,
1.0,
0.0,
0.0,
16.0,
0.0,
17.0,
0.0,
0.0,
0.0,
0.0,
0.0,
0.0,
0.0,
0.0,
0.0,
0.0,
0.0,
0.0,
0.0,
0.0,
0.0,
0.0,
0.0,
0.0,
0.0,
0.0,
0.0,
4.0,
0.0,
0.0,
15.0,
0.0,
3.0,
2.0,
0.0,
0.0,
0.0,
0.0,
0.0,
0.0,
0.0,
0.0,
0.0,
0.0,
0.0,
0.0,
0.0,
0.0,
0.0,
0.0,
0.0,
0.0,
0.0,
0.0,
0.0,
0.0,
2.0,
0.0,
13.0,
0.0,
13.0,
0.0,
0.0,
0.0,
0.0,
0.0,
0.0,
0.0,
0.0,
0.0,
0.0,
0.0,
0.0,
0.0,
