0.0,
0.0,
0.0,
0.0,
0.0,
0.0,
0.0,
0.0,
6.0,
0.0,
0.0,
5.0,
0.0,
0.0,
10.0,
0.0,
7.0,
0.0,
6.0,
7.0,
0.0,
3.0,
9.0,
0.0,
0.0,
0.0,
0.0,
0.0,
0.0,
0.0,
0.0,
0.0,
0.0,
0.0,
0.0,
0.0,
1.0,
0.0,
0.0,
0.0,
8.0,
9.0,
1.0,
0.0,
0.0,
10.0,
2.0,
2.0,
3.0,
0.0,
4.0,
3.0,
0.0,
0.0,
0.0,
0.0,
0.0,
0.0,
0.0,
0.0,
0.0,
0.0,
0.0,
0.0,
6.0,
2.0,
8.0,
0.0,
0.0,
0.0,
0.0,
13.0,
0.0,
4.0,
0.0,
0.0,
5.0,
0.0,
7.0,
0.0,
0.0,
0.0,
0.0,
0.0,
0.0,
0.0,
0.0,
0.0,
0.0,
0.0,
0.0,
0.0,
0.0,
0.0,
0.0,
10.0,
9.0,
19.0,
0.0,
0.0,
6.0,
0.0,
3.0,
0.0,
0.0,
0.0,
13.0,
0.0,
0.0,
0.0,
0.0,
0.0,
0.0,
0.0,
0.0,
0.0,
0.0,
0.0,
0.0,
0.0,
0.0,
2.0,
0.0,
6.0,
0.0,
0.0,
0.0,
0.0,
4.0,
0.0,
0.0,
0.0,
9.0,
15.0,
0.0,
6.0,
0.0,
0.0,
0.0,
0.0,
0.0,
0.0,
0.0,
0.0,
0.0,
0.0,
0.0,
0.0,
0.0,
15.0,
0.0,
2.0,
5.0,
38.0,
1.0,
2.0,
0.0,
0.0,
0.0,
46.0,
145.0,
93.0,
0.0,
1.0,
0.0,
0.0,
0.0,
0.0,
0.0,
0.0,
0.0,
0.0,
0.0,
0.0,
0.0,
0.0,
0.0,
0.0,
0.0,
11.0,
147.0,
216.0,
27.0,
0.0,
3.0,
6.0,
26.0,
180.0,
252.0,
113.0,
8.0,
3.0,
0.0,
0.0,
0.0,
0.0,
0.0,
0.0,
0.0,
0.0,
0.0,
0.0,
0.0,
0.0,
0.0,
14.0,
0.0,
0.0,
164.0,
253.0,
1.0,
11.0,
3.0,
0.0,
63.0,
255.0,
216.0,
9.0,
0.0,
0.0,
0.0,
0.0,
0.0,
0.0,
0.0,
0.0,
7.0,
10.0,
0.0,
0.0,
0.0,
0.0,
15.0,
0.0,
0.0,
20.0,
205.0,
205.0,
11.0,
0.0,
5.0,
0.0,
137.0,
255.0,
44.0,
6.0,
0.0,
0.0,
0.0,
0.0,
0.0,
0.0,
9.0,
0.0,
0.0,
0.0,
0.0,
0.0,
5.0,
5.0,
0.0,
13.0,
6.0,
88.0,
254.0,
164.0,
0.0,
9.0,
0.0,
34.0,
217.0,
255.0,
3.0,
0.0,
5.0,
3.0,
0.0,
0.0,
0.0,
0.0,
0.0,
0.0,
2.0,
9.0,
6.0,
0.0,
0.0,
0.0,
18.0,
3.0,
0.0,
217.0,
255.0,
142.0,
19.0,
0.0,
0.0,
120.0,
255.0,
203.0,
11.0,
0.0,
0.0,
9.0,
0.0,
0.0,
0.0,
0.0,
0.0,
2.0,
0.0,
0.0,
0.0,
0.0,
0.0,
2.0,
0.0,
0.0,
54.0,
255.0,
227.0,
58.0,
0.0,
8.0,
12.0,
162.0,
252.0,
129.0,
0.0,
3.0,
7.0,
0.0,
0.0,
0.0,
0.0,
0.0,
0.0,
6.0,
0.0,
0.0,
7.0,
14.0,
2.0,
0.0,
19.0,
16.0,
192.0,
255.0,
188.0,
40.0,
3.0,
0.0,
0.0,
241.0,
200.0,
12.0,
3.0,
0.0,
0.0,
10.0,
0.0,
0.0,
0.0,
0.0,
0.0,
6.0,
0.0,
0.0,
1.0,
0.0,
0.0,
9.0,
4.0,
54.0,
254.0,
231.0,
11.0,
0.0,
1.0,
3.0,
11.0,
251.0,
193.0,
7.0,
0.0,
0.0,
18.0,
0.0,
0.0,
0.0,
0.0,
0.0,
4.0,
0.0,
0.0,
22.0,
58.0,
56.0,
72.0,
129.0,
167.0,
246.0,
250.0,
203.0,
49.0,
70.0,
0.0,
3.0,
88.0,
255.0,
168.0,
2.0,
10.0,
3.0,
0.0,
0.0,
0.0,
0.0,
0.0,
0.0,
6.0,
0.0,
20.0,
145.0,
255.0,
255.0,
235.0,
255.0,
246.0,
255.0,
255.0,
255.0,
246.0,
249.0,
217.0,
171.0,
214.0,
239.0,
121.0,
0.0,
0.0,
0.0,
1.0,
2.0,
0.0,
0.0,
0.0,
0.0,
0.0,
8.0,
0.0,
196.0,
251.0,
255.0,
248.0,
243.0,
174.0,
105.0,
17.0,
12.0,
43.0,
115.0,
134.0,
238.0,
255.0,
244.0,
242.0,
206.0,
75.0,
0.0,
11.0,
0.0,
0.0,
0.0,
0.0,
0.0,
11.0,
0.0,
0.0,
64.0,
219.0,
209.0,
186.0,
49.0,
11.0,
15.0,
3.0,
0.0,
3.0,
14.0,
0.0,
9.0,
211.0,
255.0,
184.0,
208.0,
252.0,
192.0,
73.0,
4.0,
0.0,
0.0,
0.0,
0.0,
0.0,
2.0,
15.0,
0.0,
16.0,
0.0,
19.0,
0.0,
0.0,
0.0,
0.0,
0.0,
2.0,
0.0,
5.0,
61.0,
255.0,
174.0,
12.0,
20.0,
61.0,
164.0,
153.0,
0.0,
0.0,
0.0,
0.0,
0.0,
8.0,
0.0,
0.0,
17.0,
0.0,
2.0,
0.0,
9.0,
14.0,
0.0,
4.0,
2.0,
8.0,
0.0,
14.0,
157.0,
255.0,
114.0,
0.0,
12.0,
0.0,
0.0,
2.0,
0.0,
0.0,
0.0,
0.0,
0.0,
0.0,
0.0,
4.0,
2.0,
0.0,
8.0,
0.0,
0.0,
0.0,
9.0,
10.0,
0.0,
0.0,
6.0,
0.0,
177.0,
244.0,
84.0,
10.0,
0.0,
5.0,
0.0,
2.0,
19.0,
0.0,
0.0,
0.0,
0.0,
19.0,
10.0,
4.0,
0.0,
0.0,
7.0,
4.0,
0.0,
1.0,
8.0,
0.0,
0.0,
1.0,
14.0,
11.0,
243.0,
255.0,
5.0,
0.0,
5.0,
5.0,
0.0,
0.0,
0.0,
0.0,
0.0,
0.0,
0.0,
0.0,
0.0,
0.0,
11.0,
0.0,
0.0,
0.0,
8.0,
0.0,
0.0,
0.0,
11.0,
8.0,
0.0,
43.0,
249.0,
128.0,
15.0,
15.0,
0.0,
0.0,
7.0,
8.0,
7.0,
0.0,
0.0,
0.0,
0.0,
3.0,
8.0,
3.0,
0.0,
6.0,
0.0,
10.0,
0.0,
0.0,
12.0,
2.0,
3.0,
0.0,
0.0,
115.0,
252.0,
46.0,
2.0,
0.0,
0.0,
6.0,
3.0,
0.0,
6.0,
0.0,
0.0,
0.0,
0.0,
0.0,
0.0,
0.0,
0.0,
0.0,
0.0,
0.0,
0.0,
5.0,
0.0,
0.0,
7.0,
0.0,
0.0,
37.0,
100.0,
0.0,
0.0,
0.0,
0.0,
0.0,
0.0,
0.0,
0.0,
0.0,
0.0,
0.0,
0.0,
0.0,
0.0,
0.0,
0.0,
0.0,
0.0,
0.0,
0.0,
0.0,
0.0,
0.0,
7.0,
4.0,
0.0,
0.0,
13.0,
0.0,
0.0,
0.0,
0.0,
0.0,
0.0,
0.0,
0.0,
0.0,
0.0,
0.0,
0.0,
0.0,
0.0,
0.0,
0.0,
0.0,
0.0,
0.0,
0.0,
1.0,
2.0,
0.0,
0.0,
0.0,
4.0,
0.0,
0.0,
0.0,
0.0,
0.0,
0.0,
0.0,
0.0,
0.0,
0.0,
0.0,
0.0,
0.0,
0.0,
0.0,
0.0,
0.0,
0.0,
0.0,
0.0,
0.0,
0.0,
0.0,
5.0,
3.0,
0.0,
0.0,
4.0,
10.0,
7.0,
0.0,
0.0,
0.0,
0.0,
0.0,
0.0,
0.0,
0.0,
0.0,
0.0,
0.0,
0.0,
