0.0,
0.0,
0.0,
0.0,
0.0,
0.0,
0.0,
0.0,
0.0,
12.0,
3.0,
0.0,
0.0,
3.0,
6.0,
1.0,
0.0,
5.0,
1.0,
0.0,
15.0,
4.0,
14.0,
0.0,
0.0,
0.0,
0.0,
0.0,
0.0,
0.0,
0.0,
0.0,
0.0,
0.0,
0.0,
0.0,
0.0,
0.0,
0.0,
1.0,
0.0,
0.0,
2.0,
1.0,
11.0,
3.0,
4.0,
0.0,
0.0,
0.0,
0.0,
9.0,
0.0,
0.0,
0.0,
0.0,
0.0,
0.0,
0.0,
0.0,
0.0,
0.0,
0.0,
0.0,
3.0,
0.0,
0.0,
5.0,
0.0,
0.0,
2.0,
3.0,
0.0,
0.0,
0.0,
6.0,
13.0,
2.0,
0.0,
0.0,
0.0,
0.0,
0.0,
0.0,
0.0,
0.0,
0.0,
0.0,
0.0,
0.0,
0.0,
0.0,
11.0,
0.0,
2.0,
2.0,
0.0,
4.0,
2.0,
0.0,
16.0,
2.0,
9.0,
0.0,
0.0,
9.0,
6.0,
0.0,
0.0,
0.0,
0.0,
0.0,
0.0,
0.0,
0.0,
0.0,
0.0,
0.0,
0.0,
0.0,
4.0,
0.0,
6.0,
0.0,
0.0,
8.0,
0.0,
0.0,
0.0,
0.0,
9.0,
0.0,
0.0,
0.0,
3.0,
5.0,
0.0,
0.0,
0.0,
0.0,
0.0,
0.0,
0.0,
0.0,
0.0,
0.0,
0.0,
0.0,
0.0,
0.0,
8.0,
0.0,
0.0,
6.0,
0.0,
14.0,
7.0,
11.0,
0.0,
8.0,
14.0,
4.0,
0.0,
4.0,
0.0,
0.0,
0.0,
0.0,
0.0,
0.0,
0.0,
0.0,
0.0,
0.0,
0.0,
0.0,
5.0,
1.0,
9.0,
0.0,
3.0,
1.0,
0.0,
81.0,
170.0,
135.0,
4.0,
0.0,
3.0,
0.0,
0.0,
0.0,
0.0,
0.0,
0.0,
0.0,
0.0,
0.0,
0.0,
0.0,
0.0,
0.0,
0.0,
0.0,
28.0,
14.0,
11.0,
0.0,
4.0,
0.0,
17.0,
148.0,
255.0,
242.0,
61.0,
6.0,
2.0,
0.0,
7.0,
1.0,
0.0,
0.0,
0.0,
0.0,
0.0,
0.0,
0.0,
10.0,
0.0,
10.0,
6.0,
0.0,
186.0,
255.0,
169.0,
25.0,
0.0,
3.0,
0.0,
165.0,
252.0,
251.0,
152.0,
0.0,
10.0,
0.0,
0.0,
0.0,
0.0,
0.0,
0.0,
0.0,
3.0,
0.0,
1.0,
5.0,
0.0,
0.0,
0.0,
45.0,
243.0,
248.0,
236.0,
27.0,
3.0,
4.0,
2.0,
144.0,
252.0,
255.0,
178.0,
1.0,
14.0,
0.0,
1.0,
5.0,
0.0,
0.0,
0.0,
0.0,
1.0,
0.0,
0.0,
2.0,
0.0,
2.0,
17.0,
154.0,
255.0,
246.0,
255.0,
25.0,
3.0,
7.0,
2.0,
161.0,
248.0,
255.0,
178.0,
0.0,
4.0,
0.0,
0.0,
1.0,
0.0,
0.0,
0.0,
0.0,
0.0,
0.0,
1.0,
0.0,
4.0,
4.0,
39.0,
255.0,
247.0,
255.0,
152.0,
0.0,
0.0,
13.0,
0.0,
157.0,
255.0,
252.0,
176.0,
0.0,
3.0,
2.0,
3.0,
3.0,
0.0,
0.0,
0.0,
0.0,
1.0,
0.0,
2.0,
0.0,
0.0,
0.0,
43.0,
255.0,
255.0,
244.0,
25.0,
0.0,
11.0,
87.0,
84.0,
201.0,
254.0,
248.0,
187.0,
0.0,
1.0,
2.0,
0.0,
0.0,
0.0,
0.0,
0.0,
0.0,
0.0,
3.0,
0.0,
0.0,
0.0,
0.0,
41.0,
233.0,
252.0,
251.0,
135.0,
214.0,
224.0,
248.0,
252.0,
239.0,
246.0,
252.0,
216.0,
23.0,
2.0,
0.0,
0.0,
0.0,
0.0,
0.0,
0.0,
0.0,
0.0,
3.0,
0.0,
1.0,
2.0,
4.0,
23.0,
132.0,
255.0,
255.0,
230.0,
255.0,
245.0,
244.0,
255.0,
249.0,
255.0,
255.0,
233.0,
36.0,
7.0,
7.0,
5.0,
10.0,
0.0,
0.0,
0.0,
0.0,
0.0,
6.0,
0.0,
2.0,
0.0,
0.0,
0.0,
35.0,
220.0,
252.0,
255.0,
250.0,
252.0,
255.0,
246.0,
255.0,
254.0,
243.0,
205.0,
6.0,
0.0,
0.0,
0.0,
0.0,
0.0,
0.0,
0.0,
0.0,
0.0,
0.0,
0.0,
0.0,
0.0,
0.0,
0.0,
0.0,
96.0,
203.0,
250.0,
239.0,
246.0,
233.0,
125.0,
207.0,
253.0,
250.0,
193.0,
0.0,
4.0,
6.0,
0.0,
0.0,
0.0,
0.0,
0.0,
0.0,
0.0,
0.0,
0.0,
0.0,
0.0,
0.0,
0.0,
0.0,
0.0,
17.0,
5.0,
0.0,
0.0,
14.0,
0.0,
153.0,
251.0,
255.0,
182.0,
0.0,
1.0,
0.0,
0.0,
2.0,
0.0,
0.0,
0.0,
0.0,
0.0,
0.0,
0.0,
0.0,
0.0,
0.0,
0.0,
0.0,
2.0,
0.0,
0.0,
0.0,
0.0,
1.0,
0.0,
164.0,
252.0,
255.0,
141.0,
4.0,
0.0,
0.0,
0.0,
2.0,
0.0,
0.0,
0.0,
0.0,
0.0,
0.0,
0.0,
0.0,
0.0,
0.0,
0.0,
0.0,
0.0,
3.0,
9.0,
9.0,
0.0,
6.0,
0.0,
152.0,
254.0,
250.0,
85.0,
0.0,
2.0,
4.0,
4.0,
0.0,
0.0,
0.0,
0.0,
0.0,
0.0,
0.0,
0.0,
0.0,
0.0,
0.0,
0.0,
0.0,
0.0,
0.0,
0.0,
0.0,
0.0,
3.0,
12.0,
189.0,
254.0,
247.0,
57.0,
0.0,
0.0,
3.0,
3.0,
0.0,
0.0,
0.0,
0.0,
0.0,
0.0,
0.0,
0.0,
0.0,
0.0,
0.0,
0.0,
0.0,
0.0,
0.0,
0.0,
8.0,
4.0,
11.0,
25.0,
236.0,
253.0,
251.0,
62.0,
4.0,
0.0,
0.0,
0.0,
0.0,
0.0,
0.0,
0.0,
0.0,
0.0,
0.0,
0.0,
0.0,
0.0,
0.0,
0.0,
0.0,
4.0,
1.0,
0.0,
0.0,
0.0,
0.0,
20.0,
255.0,
255.0,
249.0,
67.0,
2.0,
0.0,
0.0,
1.0,
2.0,
0.0,
0.0,
0.0,
0.0,
0.0,
0.0,
0.0,
0.0,
0.0,
0.0,
0.0,
0.0,
0.0,
8.0,
2.0,
0.0,
2.0,
2.0,
18.0,
255.0,
255.0,
242.0,
60.0,
0.0,
3.0,
9.0,
4.0,
0.0,
0.0,
0.0,
0.0,
0.0,
0.0,
0.0,
0.0,
0.0,
0.0,
0.0,
0.0,
0.0,
11.0,
0.0,
8.0,
0.0,
0.0,
0.0,
9.0,
169.0,
255.0,
250.0,
53.0,
13.0,
0.0,
5.0,
0.0,
0.0,
0.0,
0.0,
0.0,
0.0,
0.0,
0.0,
0.0,
0.0,
0.0,
0.0,
0.0,
0.0,
1.0,
0.0,
9.0,
0.0,
3.0,
0.0,
0.0,
91.0,
253.0,
223.0,
49.0,
4.0,
0.0,
6.0,
5.0,
3.0,
0.0,
0.0,
0.0,
0.0,
0.0,
0.0,
0.0,
0.0,
0.0,
0.0,
0.0,
0.0,
0.0,
0.0,
5.0,
0.0,
3.0,
5.0,
0.0,
13.0,
0.0,
9.0,
0.0,
1.0,
2.0,
9.0,
0.0,
0.0,
0.0,
0.0,
0.0,
0.0,
0.0,
0.0,
0.0,
0.0,
0.0,
0.0,
0.0,
0.0,
0.0,
2.0,
0.0,
0.0,
0.0,
2.0,
4.0,
0.0,
9.0,
5.0,
10.0,
4.0,
0.0,
0.0,
0.0,
9.0,
0.0,
0.0,
0.0,
0.0,
