0.0,
0.0,
0.0,
0.0,
0.0,
0.0,
0.0,
0.0,
4.0,
0.0,
0.0,
3.0,
4.0,
0.0,
0.0,
3.0,
0.0,
10.0,
4.0,
0.0,
2.0,
5.0,
0.0,
0.0,
0.0,
0.0,
0.0,
0.0,
0.0,
0.0,
0.0,
0.0,
0.0,
0.0,
0.0,
0.0,
3.0,
0.0,
0.0,
1.0,
2.0,
0.0,
0.0,
0.0,
8.0,
0.0,
13.0,
4.0,
0.0,
0.0,
10.0,
0.0,
0.0,
0.0,
0.0,
0.0,
0.0,
0.0,
0.0,
0.0,
0.0,
0.0,
0.0,
0.0,
3.0,
0.0,
0.0,
2.0,
1.0,
0.0,
0.0,
0.0,
0.0,
8.0,
0.0,
7.0,
9.0,
0.0,
0.0,
3.0,
0.0,
0.0,
0.0,
0.0,
0.0,
0.0,
0.0,
0.0,
0.0,
0.0,
0.0,
0.0,
2.0,
2.0,
2.0,
2.0,
1.0,
0.0,
1.0,
2.0,
7.0,
0.0,
7.0,
0.0,
0.0,
3.0,
7.0,
0.0,
0.0,
0.0,
0.0,
0.0,
0.0,
0.0,
0.0,
0.0,
0.0,
0.0,
0.0,
0.0,
0.0,
0.0,
2.0,
1.0,
0.0,
0.0,
2.0,
3.0,
0.0,
12.0,
3.0,
12.0,
3.0,
21.0,
255.0,
161.0,
0.0,
0.0,
0.0,
0.0,
0.0,
0.0,
0.0,
0.0,
0.0,
0.0,
0.0,
0.0,
0.0,
0.0,
2.0,
0.0,
0.0,
0.0,
0.0,
1.0,
9.0,
0.0,
3.0,
2.0,
11.0,
199.0,
255.0,
155.0,
0.0,
0.0,
0.0,
0.0,
0.0,
0.0,
0.0,
0.0,
0.0,
0.0,
0.0,
0.0,
0.0,
6.0,
8.0,
2.0,
0.0,
0.0,
0.0,
0.0,
0.0,
20.0,
4.0,
0.0,
0.0,
231.0,
242.0,
208.0,
0.0,
0.0,
0.0,
0.0,
0.0,
0.0,
0.0,
0.0,
0.0,
0.0,
0.0,
0.0,
6.0,
13.0,
15.0,
6.0,
0.0,
0.0,
2.0,
0.0,
0.0,
11.0,
0.0,
2.0,
86.0,
236.0,
255.0,
79.0,
0.0,
0.0,
0.0,
0.0,
0.0,
2.0,
0.0,
6.0,
0.0,
5.0,
0.0,
6.0,
111.0,
222.0,
202.0,
0.0,
10.0,
0.0,
0.0,
5.0,
0.0,
4.0,
18.0,
0.0,
193.0,
255.0,
189.0,
16.0,
0.0,
0.0,
0.0,
0.0,
5.0,
7.0,
2.0,
7.0,
3.0,
4.0,
36.0,
92.0,
223.0,
255.0,
194.0,
0.0,
0.0,
2.0,
0.0,
0.0,
0.0,
0.0,
0.0,
35.0,
242.0,
253.0,
142.0,
0.0,
0.0,
0.0,
0.0,
0.0,
1.0,
0.0,
0.0,
0.0,
0.0,
2.0,
117.0,
250.0,
255.0,
234.0,
136.0,
6.0,
0.0,
0.0,
1.0,
6.0,
12.0,
9.0,
0.0,
166.0,
249.0,
244.0,
59.0,
2.0,
0.0,
0.0,
0.0,
0.0,
0.0,
14.0,
14.0,
0.0,
1.0,
126.0,
234.0,
255.0,
214.0,
95.0,
0.0,
0.0,
5.0,
12.0,
0.0,
0.0,
0.0,
0.0,
64.0,
243.0,
255.0,
139.0,
13.0,
0.0,
0.0,
0.0,
0.0,
0.0,
0.0,
0.0,
0.0,
2.0,
24.0,
198.0,
255.0,
221.0,
58.0,
9.0,
0.0,
16.0,
0.0,
0.0,
3.0,
21.0,
13.0,
3.0,
139.0,
255.0,
209.0,
22.0,
0.0,
4.0,
0.0,
0.0,
0.0,
0.0,
15.0,
0.0,
0.0,
21.0,
87.0,
242.0,
254.0,
136.0,
8.0,
0.0,
0.0,
2.0,
2.0,
7.0,
13.0,
0.0,
0.0,
10.0,
160.0,
255.0,
174.0,
0.0,
3.0,
6.0,
0.0,
0.0,
0.0,
0.0,
0.0,
5.0,
0.0,
0.0,
138.0,
255.0,
215.0,
29.0,
0.0,
10.0,
6.0,
3.0,
0.0,
0.0,
3.0,
0.0,
0.0,
34.0,
206.0,
240.0,
221.0,
0.0,
15.0,
0.0,
0.0,
0.0,
0.0,
0.0,
1.0,
0.0,
2.0,
15.0,
196.0,
238.0,
255.0,
248.0,
171.0,
182.0,
173.0,
173.0,
177.0,
136.0,
161.0,
186.0,
179.0,
216.0,
255.0,
255.0,
181.0,
2.0,
0.0,
5.0,
0.0,
0.0,
0.0,
0.0,
0.0,
15.0,
0.0,
0.0,
47.0,
178.0,
251.0,
248.0,
255.0,
243.0,
255.0,
255.0,
248.0,
255.0,
255.0,
249.0,
255.0,
255.0,
250.0,
255.0,
95.0,
0.0,
19.0,
0.0,
0.0,
0.0,
0.0,
0.0,
0.0,
0.0,
7.0,
8.0,
0.0,
6.0,
64.0,
126.0,
109.0,
139.0,
201.0,
231.0,
237.0,
232.0,
207.0,
196.0,
239.0,
248.0,
255.0,
175.0,
38.0,
0.0,
0.0,
0.0,
0.0,
0.0,
0.0,
0.0,
11.0,
0.0,
0.0,
3.0,
2.0,
0.0,
0.0,
4.0,
3.0,
5.0,
7.0,
0.0,
0.0,
0.0,
2.0,
50.0,
237.0,
239.0,
226.0,
54.0,
0.0,
10.0,
0.0,
10.0,
0.0,
0.0,
0.0,
0.0,
0.0,
3.0,
2.0,
0.0,
0.0,
11.0,
8.0,
0.0,
0.0,
0.0,
0.0,
0.0,
8.0,
0.0,
19.0,
112.0,
252.0,
244.0,
125.0,
0.0,
0.0,
0.0,
2.0,
0.0,
0.0,
0.0,
0.0,
0.0,
0.0,
0.0,
0.0,
0.0,
0.0,
0.0,
0.0,
5.0,
1.0,
0.0,
0.0,
0.0,
4.0,
0.0,
70.0,
228.0,
240.0,
198.0,
40.0,
0.0,
9.0,
0.0,
0.0,
1.0,
0.0,
0.0,
0.0,
0.0,
15.0,
0.0,
0.0,
1.0,
8.0,
4.0,
0.0,
0.0,
3.0,
5.0,
10.0,
7.0,
0.0,
0.0,
78.0,
255.0,
255.0,
129.0,
0.0,
0.0,
12.0,
10.0,
0.0,
16.0,
0.0,
0.0,
0.0,
0.0,
0.0,
0.0,
6.0,
0.0,
0.0,
0.0,
3.0,
3.0,
0.0,
0.0,
0.0,
0.0,
0.0,
6.0,
81.0,
219.0,
250.0,
81.0,
0.0,
0.0,
0.0,
4.0,
0.0,
0.0,
0.0,
0.0,
0.0,
0.0,
8.0,
0.0,
0.0,
4.0,
6.0,
0.0,
0.0,
1.0,
1.0,
0.0,
2.0,
2.0,
5.0,
0.0,
0.0,
58.0,
143.0,
21.0,
0.0,
10.0,
0.0,
0.0,
21.0,
0.0,
0.0,
0.0,
0.0,
0.0,
0.0,
0.0,
0.0,
0.0,
0.0,
0.0,
0.0,
0.0,
0.0,
0.0,
0.0,
0.0,
0.0,
0.0,
0.0,
0.0,
0.0,
0.0,
0.0,
0.0,
0.0,
0.0,
0.0,
0.0,
0.0,
0.0,
0.0,
0.0,
0.0,
0.0,
0.0,
0.0,
0.0,
0.0,
0.0,
0.0,
0.0,
0.0,
0.0,
0.0,
0.0,
0.0,
0.0,
0.0,
0.0,
0.0,
0.0,
0.0,
0.0,
0.0,
0.0,
0.0,
0.0,
0.0,
0.0,
0.0,
0.0,
0.0,
0.0,
0.0,
0.0,
0.0,
0.0,
0.0,
0.0,
0.0,
0.0,
0.0,
0.0,
0.0,
0.0,
0.0,
0.0,
0.0,
0.0,
0.0,
0.0,
0.0,
0.0,
0.0,
0.0,
0.0,
0.0,
0.0,
0.0,
0.0,
0.0,
0.0,
0.0,
0.0,
0.0,
0.0,
0.0,
0.0,
0.0,
0.0,
0.0,
0.0,
0.0,
0.0,
0.0,
0.0,
0.0,
0.0,
0.0,
0.0,
0.0,
0.0,
0.0,
0.0,
0.0,
0.0,
