0.0,
0.0,
0.0,
0.0,
0.0,
0.0,
0.0,
0.0,
0.0,
17.0,
0.0,
0.0,
0.0,
0.0,
9.0,
2.0,
0.0,
0.0,
0.0,
8.0,
1.0,
0.0,
6.0,
0.0,
0.0,
0.0,
0.0,
0.0,
0.0,
0.0,
0.0,
0.0,
0.0,
0.0,
0.0,
0.0,
0.0,
0.0,
2.0,
0.0,
11.0,
1.0,
0.0,
0.0,
4.0,
9.0,
0.0,
0.0,
2.0,
0.0,
0.0,
2.0,
0.0,
0.0,
0.0,
0.0,
0.0,
0.0,
0.0,
0.0,
0.0,
0.0,
0.0,
0.0,
18.0,
0.0,
14.0,
0.0,
3.0,
5.0,
0.0,
10.0,
0.0,
1.0,
10.0,
8.0,
4.0,
0.0,
0.0,
5.0,
0.0,
0.0,
0.0,
0.0,
0.0,
0.0,
0.0,
0.0,
0.0,
0.0,
0.0,
0.0,
0.0,
0.0,
8.0,
0.0,
0.0,
0.0,
0.0,
0.0,
17.0,
0.0,
0.0,
0.0,
0.0,
6.0,
10.0,
0.0,
0.0,
0.0,
0.0,
0.0,
0.0,
0.0,
0.0,
0.0,
0.0,
0.0,
0.0,
0.0,
1.0,
11.0,
0.0,
1.0,
0.0,
2.0,
19.0,
1.0,
10.0,
0.0,
7.0,
0.0,
0.0,
9.0,
0.0,
0.0,
0.0,
0.0,
0.0,
0.0,
0.0,
0.0,
0.0,
0.0,
0.0,
0.0,
0.0,
0.0,
14.0,
0.0,
48.0,
220.0,
196.0,
27.0,
0.0,
7.0,
0.0,
2.0,
7.0,
0.0,
8.0,
8.0,
0.0,
18.0,
0.0,
0.0,
0.0,
0.0,
0.0,
0.0,
0.0,
0.0,
0.0,
0.0,
0.0,
0.0,
0.0,
50.0,
204.0,
255.0,
225.0,
70.0,
19.0,
0.0,
7.0,
0.0,
11.0,
0.0,
0.0,
8.0,
0.0,
2.0,
0.0,
0.0,
0.0,
0.0,
0.0,
0.0,
0.0,
0.0,
0.0,
0.0,
0.0,
0.0,
5.0,
65.0,
255.0,
241.0,
167.0,
5.0,
0.0,
8.0,
0.0,
10.0,
156.0,
159.0,
23.0,
0.0,
10.0,
0.0,
0.0,
0.0,
0.0,
0.0,
0.0,
0.0,
0.0,
0.0,
0.0,
12.0,
0.0,
6.0,
0.0,
162.0,
251.0,
224.0,
86.0,
0.0,
0.0,
5.0,
2.0,
42.0,
207.0,
255.0,
98.0,
11.0,
0.0,
2.0,
0.0,
0.0,
0.0,
0.0,
10.0,
5.0,
0.0,
0.0,
7.0,
0.0,
16.0,
0.0,
139.0,
237.0,
255.0,
82.0,
0.0,
17.0,
3.0,
0.0,
0.0,
125.0,
254.0,
239.0,
104.0,
14.0,
0.0,
2.0,
0.0,
0.0,
0.0,
0.0,
0.0,
5.0,
0.0,
0.0,
0.0,
6.0,
0.0,
88.0,
198.0,
255.0,
255.0,
48.0,
0.0,
0.0,
3.0,
0.0,
0.0,
106.0,
252.0,
255.0,
119.0,
0.0,
0.0,
11.0,
0.0,
0.0,
0.0,
0.0,
0.0,
5.0,
2.0,
3.0,
0.0,
7.0,
57.0,
228.0,
254.0,
253.0,
158.0,
8.0,
20.0,
0.0,
9.0,
2.0,
0.0,
129.0,
255.0,
234.0,
108.0,
0.0,
11.0,
0.0,
0.0,
0.0,
0.0,
0.0,
5.0,
0.0,
3.0,
10.0,
2.0,
0.0,
196.0,
254.0,
245.0,
233.0,
102.0,
0.0,
3.0,
0.0,
0.0,
9.0,
0.0,
129.0,
231.0,
255.0,
228.0,
75.0,
25.0,
46.0,
0.0,
0.0,
0.0,
0.0,
0.0,
0.0,
0.0,
0.0,
12.0,
69.0,
241.0,
245.0,
255.0,
0.0,
0.0,
118.0,
112.0,
108.0,
115.0,
104.0,
140.0,
237.0,
255.0,
246.0,
247.0,
245.0,
248.0,
239.0,
0.0,
0.0,
0.0,
0.0,
0.0,
12.0,
7.0,
0.0,
51.0,
223.0,
239.0,
255.0,
255.0,
177.0,
187.0,
220.0,
255.0,
255.0,
237.0,
255.0,
252.0,
245.0,
255.0,
255.0,
241.0,
255.0,
255.0,
254.0,
0.0,
0.0,
0.0,
0.0,
0.0,
0.0,
0.0,
2.0,
79.0,
244.0,
255.0,
240.0,
250.0,
247.0,
255.0,
255.0,
248.0,
244.0,
255.0,
247.0,
249.0,
255.0,
252.0,
250.0,
250.0,
241.0,
171.0,
180.0,
0.0,
0.0,
0.0,
0.0,
5.0,
0.0,
2.0,
0.0,
177.0,
237.0,
255.0,
245.0,
249.0,
251.0,
247.0,
255.0,
241.0,
247.0,
255.0,
166.0,
231.0,
255.0,
248.0,
205.0,
99.0,
96.0,
1.0,
0.0,
0.0,
0.0,
0.0,
0.0,
0.0,
5.0,
0.0,
0.0,
109.0,
255.0,
252.0,
252.0,
249.0,
255.0,
208.0,
182.0,
60.0,
30.0,
32.0,
7.0,
24.0,
120.0,
247.0,
185.0,
13.0,
0.0,
0.0,
2.0,
0.0,
0.0,
0.0,
0.0,
0.0,
12.0,
4.0,
1.0,
45.0,
197.0,
150.0,
145.0,
149.0,
95.0,
0.0,
2.0,
0.0,
4.0,
16.0,
6.0,
4.0,
120.0,
255.0,
174.0,
0.0,
0.0,
20.0,
0.0,
0.0,
0.0,
0.0,
0.0,
0.0,
0.0,
0.0,
0.0,
0.0,
46.0,
12.0,
0.0,
0.0,
4.0,
11.0,
17.0,
20.0,
0.0,
0.0,
0.0,
34.0,
181.0,
255.0,
174.0,
0.0,
4.0,
4.0,
2.0,
0.0,
0.0,
0.0,
0.0,
15.0,
4.0,
8.0,
5.0,
5.0,
0.0,
8.0,
0.0,
0.0,
0.0,
0.0,
0.0,
8.0,
0.0,
11.0,
9.0,
0.0,
134.0,
241.0,
204.0,
30.0,
0.0,
0.0,
7.0,
0.0,
0.0,
0.0,
0.0,
0.0,
4.0,
0.0,
4.0,
0.0,
0.0,
11.0,
0.0,
0.0,
14.0,
3.0,
0.0,
0.0,
0.0,
0.0,
0.0,
8.0,
86.0,
252.0,
255.0,
117.0,
4.0,
10.0,
0.0,
0.0,
0.0,
0.0,
0.0,
0.0,
9.0,
4.0,
8.0,
1.0,
4.0,
5.0,
0.0,
0.0,
0.0,
0.0,
0.0,
3.0,
11.0,
2.0,
0.0,
7.0,
102.0,
249.0,
233.0,
92.0,
0.0,
10.0,
0.0,
0.0,
0.0,
0.0,
0.0,
7.0,
0.0,
3.0,
0.0,
6.0,
0.0,
0.0,
4.0,
4.0,
0.0,
16.0,
0.0,
8.0,
0.0,
4.0,
0.0,
0.0,
120.0,
165.0,
104.0,
6.0,
0.0,
1.0,
0.0,
0.0,
0.0,
0.0,
0.0,
0.0,
0.0,
0.0,
0.0,
0.0,
0.0,
0.0,
0.0,
0.0,
0.0,
0.0,
0.0,
0.0,
0.0,
0.0,
0.0,
8.0,
18.0,
18.0,
6.0,
0.0,
0.0,
1.0,
0.0,
0.0,
0.0,
0.0,
0.0,
0.0,
0.0,
0.0,
0.0,
0.0,
0.0,
0.0,
0.0,
0.0,
0.0,
0.0,
0.0,
0.0,
0.0,
0.0,
0.0,
0.0,
7.0,
9.0,
0.0,
0.0,
0.0,
2.0,
0.0,
0.0,
0.0,
0.0,
0.0,
0.0,
0.0,
0.0,
0.0,
0.0,
0.0,
0.0,
0.0,
0.0,
0.0,
0.0,
0.0,
0.0,
0.0,
0.0,
0.0,
0.0,
0.0,
3.0,
0.0,
0.0,
0.0,
3.0,
0.0,
0.0,
0.0,
0.0,
0.0,
0.0,
0.0,
0.0,
0.0,
0.0,
0.0,
0.0,
0.0,
0.0,
0.0,
0.0,
0.0,
0.0,
0.0,
0.0,
0.0,
0.0,
3.0,
5.0,
0.0,
0.0,
0.0,
1.0,
0.0,
0.0,
0.0,
0.0,
0.0,
