0.0,
0.0,
0.0,
0.0,
0.0,
0.0,
0.0,
0.0,
2.0,
0.0,
6.0,
0.0,
3.0,
0.0,
0.0,
0.0,
0.0,
0.0,
3.0,
0.0,
10.0,
0.0,
3.0,
5.0,
0.0,
0.0,
0.0,
0.0,
0.0,
0.0,
0.0,
0.0,
0.0,
0.0,
0.0,
0.0,
0.0,
9.0,
0.0,
0.0,
4.0,
0.0,
13.0,
0.0,
4.0,
1.0,
4.0,
0.0,
1.0,
0.0,
0.0,
0.0,
0.0,
0.0,
0.0,
0.0,
0.0,
0.0,
0.0,
0.0,
0.0,
0.0,
0.0,
0.0,
0.0,
4.0,
0.0,
3.0,
1.0,
0.0,
5.0,
3.0,
12.0,
0.0,
0.0,
0.0,
0.0,
5.0,
11.0,
11.0,
0.0,
0.0,
0.0,
0.0,
0.0,
0.0,
0.0,
0.0,
0.0,
0.0,
0.0,
0.0,
0.0,
1.0,
10.0,
0.0,
0.0,
17.0,
0.0,
0.0,
0.0,
0.0,
9.0,
21.0,
1.0,
0.0,
0.0,
0.0,
0.0,
0.0,
0.0,
0.0,
0.0,
0.0,
0.0,
0.0,
0.0,
0.0,
0.0,
0.0,
0.0,
0.0,
0.0,
7.0,
9.0,
0.0,
0.0,
1.0,
5.0,
0.0,
0.0,
0.0,
0.0,
5.0,
8.0,
0.0,
0.0,
0.0,
0.0,
0.0,
0.0,
0.0,
0.0,
0.0,
0.0,
0.0,
0.0,
0.0,
0.0,
19.0,
0.0,
0.0,
0.0,
0.0,
22.0,
0.0,
0.0,
9.0,
13.0,
0.0,
8.0,
2.0,
6.0,
0.0,
0.0,
0.0,
0.0,
0.0,
0.0,
0.0,
0.0,
0.0,
0.0,
0.0,
0.0,
0.0,
1.0,
0.0,
132.0,
255.0,
255.0,
53.0,
0.0,
1.0,
6.0,
0.0,
0.0,
43.0,
224.0,
242.0,
144.0,
12.0,
0.0,
0.0,
0.0,
0.0,
0.0,
0.0,
0.0,
0.0,
0.0,
0.0,
0.0,
0.0,
12.0,
42.0,
255.0,
255.0,
248.0,
134.0,
2.0,
0.0,
0.0,
0.0,
14.0,
55.0,
255.0,
255.0,
146.0,
0.0,
0.0,
0.0,
0.0,
0.0,
0.0,
0.0,
0.0,
0.0,
0.0,
1.0,
10.0,
0.0,
5.0,
52.0,
255.0,
253.0,
192.0,
13.0,
0.0,
6.0,
0.0,
12.0,
0.0,
151.0,
252.0,
233.0,
27.0,
0.0,
0.0,
0.0,
0.0,
0.0,
0.0,
0.0,
1.0,
6.0,
1.0,
0.0,
0.0,
0.0,
0.0,
97.0,
242.0,
255.0,
144.0,
0.0,
0.0,
0.0,
13.0,
0.0,
52.0,
230.0,
237.0,
107.0,
0.0,
6.0,
0.0,
0.0,
0.0,
0.0,
0.0,
3.0,
0.0,
0.0,
0.0,
0.0,
0.0,
10.0,
67.0,
227.0,
251.0,
228.0,
3.0,
13.0,
9.0,
0.0,
0.0,
5.0,
166.0,
255.0,
234.0,
17.0,
0.0,
0.0,
0.0,
0.0,
0.0,
0.0,
0.0,
9.0,
0.0,
0.0,
0.0,
9.0,
0.0,
17.0,
203.0,
241.0,
255.0,
150.0,
0.0,
0.0,
0.0,
6.0,
0.0,
51.0,
212.0,
234.0,
203.0,
0.0,
15.0,
1.0,
0.0,
0.0,
0.0,
0.0,
0.0,
7.0,
1.0,
4.0,
1.0,
1.0,
0.0,
67.0,
245.0,
255.0,
255.0,
105.0,
76.0,
144.0,
210.0,
192.0,
201.0,
211.0,
255.0,
255.0,
136.0,
0.0,
0.0,
0.0,
0.0,
0.0,
0.0,
0.0,
2.0,
2.0,
0.0,
9.0,
0.0,
0.0,
12.0,
170.0,
249.0,
255.0,
235.0,
255.0,
250.0,
255.0,
255.0,
255.0,
255.0,
245.0,
246.0,
242.0,
29.0,
5.0,
0.0,
6.0,
0.0,
0.0,
0.0,
0.0,
4.0,
6.0,
0.0,
0.0,
0.0,
0.0,
15.0,
187.0,
242.0,
255.0,
248.0,
241.0,
255.0,
240.0,
251.0,
252.0,
255.0,
255.0,
255.0,
175.0,
0.0,
16.0,
5.0,
0.0,
0.0,
0.0,
0.0,
0.0,
0.0,
11.0,
0.0,
0.0,
2.0,
13.0,
0.0,
101.0,
224.0,
213.0,
171.0,
158.0,
133.0,
124.0,
92.0,
190.0,
249.0,
249.0,
250.0,
79.0,
10.0,
0.0,
0.0,
5.0,
0.0,
0.0,
0.0,
0.0,
0.0,
0.0,
0.0,
0.0,
0.0,
0.0,
0.0,
0.0,
3.0,
0.0,
0.0,
0.0,
8.0,
0.0,
0.0,
133.0,
255.0,
251.0,
135.0,
1.0,
7.0,
0.0,
0.0,
3.0,
0.0,
0.0,
0.0,
0.0,
0.0,
0.0,
0.0,
0.0,
0.0,
0.0,
0.0,
0.0,
6.0,
0.0,
2.0,
0.0,
2.0,
6.0,
0.0,
203.0,
241.0,
255.0,
90.0,
0.0,
1.0,
2.0,
0.0,
8.0,
0.0,
0.0,
0.0,
0.0,
0.0,
0.0,
0.0,
0.0,
0.0,
0.0,
0.0,
0.0,
0.0,
0.0,
1.0,
0.0,
0.0,
6.0,
0.0,
255.0,
249.0,
254.0,
49.0,
0.0,
0.0,
4.0,
0.0,
4.0,
0.0,
0.0,
0.0,
0.0,
0.0,
0.0,
0.0,
0.0,
0.0,
0.0,
0.0,
0.0,
0.0,
0.0,
3.0,
2.0,
0.0,
0.0,
29.0,
255.0,
255.0,
191.0,
21.0,
5.0,
0.0,
4.0,
0.0,
0.0,
0.0,
0.0,
0.0,
0.0,
0.0,
0.0,
0.0,
0.0,
0.0,
0.0,
0.0,
0.0,
4.0,
0.0,
6.0,
5.0,
2.0,
0.0,
123.0,
252.0,
245.0,
75.0,
0.0,
4.0,
0.0,
3.0,
0.0,
0.0,
0.0,
0.0,
0.0,
0.0,
0.0,
0.0,
0.0,
0.0,
0.0,
0.0,
0.0,
0.0,
6.0,
0.0,
4.0,
0.0,
7.0,
0.0,
213.0,
255.0,
236.0,
0.0,
0.0,
4.0,
0.0,
3.0,
0.0,
0.0,
0.0,
0.0,
0.0,
0.0,
0.0,
0.0,
0.0,
0.0,
0.0,
0.0,
0.0,
0.0,
0.0,
0.0,
4.0,
0.0,
6.0,
0.0,
244.0,
255.0,
236.0,
0.0,
3.0,
5.0,
0.0,
5.0,
0.0,
0.0,
0.0,
0.0,
0.0,
0.0,
0.0,
0.0,
0.0,
0.0,
0.0,
0.0,
0.0,
0.0,
0.0,
2.0,
11.0,
0.0,
7.0,
0.0,
236.0,
254.0,
227.0,
0.0,
0.0,
0.0,
0.0,
7.0,
0.0,
5.0,
0.0,
0.0,
0.0,
0.0,
0.0,
0.0,
0.0,
0.0,
0.0,
0.0,
0.0,
0.0,
1.0,
0.0,
0.0,
4.0,
0.0,
3.0,
247.0,
251.0,
159.0,
19.0,
0.0,
2.0,
0.0,
4.0,
0.0,
0.0,
0.0,
0.0,
0.0,
0.0,
0.0,
0.0,
0.0,
0.0,
0.0,
0.0,
0.0,
0.0,
4.0,
0.0,
0.0,
0.0,
2.0,
18.0,
206.0,
204.0,
29.0,
0.0,
9.0,
10.0,
0.0,
0.0,
5.0,
1.0,
0.0,
0.0,
0.0,
0.0,
0.0,
0.0,
0.0,
0.0,
0.0,
0.0,
0.0,
0.0,
0.0,
0.0,
0.0,
12.0,
0.0,
0.0,
29.0,
0.0,
0.0,
0.0,
8.0,
0.0,
0.0,
5.0,
6.0,
0.0,
0.0,
0.0,
0.0,
0.0,
0.0,
0.0,
0.0,
0.0,
0.0,
0.0,
0.0,
0.0,
0.0,
0.0,
0.0,
7.0,
8.0,
3.0,
9.0,
0.0,
12.0,
1.0,
0.0,
0.0,
4.0,
3.0,
0.0,
0.0,
0.0,
0.0,
0.0,
0.0,
