0.0,
0.0,
0.0,
0.0,
0.0,
0.0,
0.0,
0.0,
0.0,
0.0,
0.0,
7.0,
0.0,
9.0,
3.0,
0.0,
2.0,
0.0,
4.0,
0.0,
0.0,
5.0,
6.0,
5.0,
0.0,
0.0,
0.0,
0.0,
0.0,
0.0,
0.0,
0.0,
0.0,
0.0,
0.0,
0.0,
13.0,
0.0,
5.0,
0.0,
0.0,
0.0,
4.0,
0.0,
3.0,
0.0,
0.0,
0.0,
5.0,
0.0,
0.0,
0.0,
0.0,
0.0,
0.0,
0.0,
0.0,
0.0,
0.0,
0.0,
0.0,
0.0,
0.0,
0.0,
0.0,
0.0,
0.0,
4.0,
0.0,
0.0,
2.0,
8.0,
0.0,
3.0,
0.0,
0.0,
9.0,
7.0,
0.0,
1.0,
0.0,
0.0,
0.0,
0.0,
0.0,
0.0,
0.0,
0.0,
0.0,
0.0,
0.0,
0.0,
0.0,
3.0,
0.0,
0.0,
3.0,
8.0,
0.0,
0.0,
0.0,
2.0,
1.0,
0.0,
0.0,
0.0,
9.0,
0.0,
0.0,
0.0,
0.0,
0.0,
0.0,
0.0,
0.0,
0.0,
0.0,
0.0,
0.0,
0.0,
3.0,
4.0,
0.0,
6.0,
0.0,
0.0,
0.0,
8.0,
12.0,
0.0,
0.0,
13.0,
0.0,
0.0,
10.0,
0.0,
0.0,
0.0,
0.0,
0.0,
0.0,
0.0,
0.0,
0.0,
0.0,
0.0,
0.0,
0.0,
0.0,
129.0,
187.0,
15.0,
1.0,
0.0,
38.0,
0.0,
0.0,
0.0,
0.0,
10.0,
13.0,
0.0,
9.0,
2.0,
0.0,
0.0,
0.0,
0.0,
0.0,
0.0,
0.0,
0.0,
0.0,
0.0,
0.0,
0.0,
115.0,
255.0,
247.0,
182.0,
3.0,
7.0,
0.0,
18.0,
0.0,
76.0,
31.0,
0.0,
5.0,
0.0,
0.0,
3.0,
0.0,
0.0,
0.0,
0.0,
0.0,
0.0,
0.0,
0.0,
0.0,
0.0,
0.0,
0.0,
141.0,
248.0,
255.0,
81.0,
14.0,
0.0,
9.0,
0.0,
47.0,
225.0,
147.0,
3.0,
4.0,
4.0,
0.0,
6.0,
0.0,
0.0,
0.0,
0.0,
0.0,
2.0,
6.0,
0.0,
0.0,
4.0,
0.0,
4.0,
133.0,
251.0,
255.0,
43.0,
0.0,
12.0,
0.0,
1.0,
145.0,
255.0,
255.0,
0.0,
0.0,
9.0,
0.0,
1.0,
0.0,
0.0,
0.0,
0.0,
5.0,
0.0,
0.0,
0.0,
0.0,
10.0,
0.0,
10.0,
214.0,
248.0,
244.0,
56.0,
5.0,
0.0,
15.0,
2.0,
199.0,
248.0,
247.0,
20.0,
0.0,
0.0,
10.0,
0.0,
0.0,
0.0,
0.0,
0.0,
0.0,
0.0,
8.0,
10.0,
0.0,
3.0,
15.0,
102.0,
255.0,
254.0,
117.0,
0.0,
9.0,
0.0,
0.0,
4.0,
200.0,
255.0,
243.0,
137.0,
0.0,
12.0,
0.0,
0.0,
0.0,
0.0,
0.0,
0.0,
0.0,
0.0,
5.0,
7.0,
0.0,
0.0,
45.0,
225.0,
254.0,
229.0,
33.0,
3.0,
0.0,
8.0,
5.0,
0.0,
189.0,
250.0,
255.0,
143.0,
0.0,
0.0,
10.0,
3.0,
0.0,
0.0,
0.0,
0.0,
7.0,
2.0,
0.0,
0.0,
7.0,
2.0,
54.0,
255.0,
247.0,
255.0,
78.0,
40.0,
0.0,
9.0,
0.0,
0.0,
190.0,
255.0,
253.0,
130.0,
17.0,
1.0,
9.0,
0.0,
0.0,
0.0,
0.0,
0.0,
0.0,
6.0,
0.0,
0.0,
12.0,
0.0,
64.0,
250.0,
255.0,
247.0,
243.0,
252.0,
170.0,
154.0,
169.0,
46.0,
206.0,
255.0,
241.0,
134.0,
0.0,
8.0,
0.0,
0.0,
0.0,
0.0,
0.0,
0.0,
0.0,
2.0,
14.0,
0.0,
3.0,
2.0,
132.0,
246.0,
255.0,
244.0,
253.0,
249.0,
255.0,
255.0,
255.0,
236.0,
249.0,
243.0,
253.0,
129.0,
20.0,
0.0,
0.0,
14.0,
0.0,
0.0,
0.0,
0.0,
11.0,
0.0,
0.0,
0.0,
1.0,
47.0,
218.0,
255.0,
251.0,
255.0,
255.0,
250.0,
255.0,
249.0,
236.0,
255.0,
255.0,
238.0,
255.0,
254.0,
113.0,
93.0,
2.0,
0.0,
0.0,
0.0,
0.0,
0.0,
0.0,
8.0,
0.0,
0.0,
0.0,
78.0,
211.0,
255.0,
255.0,
197.0,
167.0,
171.0,
160.0,
179.0,
232.0,
255.0,
255.0,
255.0,
239.0,
255.0,
246.0,
195.0,
4.0,
0.0,
0.0,
0.0,
0.0,
0.0,
1.0,
0.0,
0.0,
14.0,
0.0,
0.0,
84.0,
181.0,
102.0,
38.0,
5.0,
0.0,
0.0,
12.0,
64.0,
93.0,
228.0,
254.0,
255.0,
255.0,
229.0,
92.0,
0.0,
6.0,
0.0,
0.0,
0.0,
0.0,
2.0,
0.0,
0.0,
8.0,
16.0,
0.0,
0.0,
8.0,
12.0,
0.0,
0.0,
5.0,
0.0,
0.0,
3.0,
0.0,
196.0,
255.0,
255.0,
133.0,
110.0,
17.0,
0.0,
8.0,
0.0,
0.0,
0.0,
0.0,
0.0,
20.0,
7.0,
0.0,
0.0,
6.0,
0.0,
0.0,
2.0,
0.0,
0.0,
7.0,
1.0,
1.0,
1.0,
0.0,
194.0,
252.0,
248.0,
5.0,
0.0,
5.0,
0.0,
0.0,
0.0,
0.0,
0.0,
0.0,
0.0,
4.0,
4.0,
0.0,
0.0,
0.0,
0.0,
24.0,
10.0,
4.0,
1.0,
0.0,
0.0,
2.0,
9.0,
6.0,
191.0,
255.0,
254.0,
62.0,
1.0,
17.0,
0.0,
4.0,
0.0,
0.0,
0.0,
0.0,
5.0,
0.0,
0.0,
5.0,
19.0,
10.0,
0.0,
0.0,
0.0,
0.0,
0.0,
0.0,
1.0,
0.0,
0.0,
0.0,
90.0,
247.0,
233.0,
150.0,
6.0,
0.0,
0.0,
0.0,
0.0,
0.0,
0.0,
0.0,
10.0,
2.0,
12.0,
0.0,
0.0,
2.0,
1.0,
4.0,
5.0,
6.0,
0.0,
0.0,
0.0,
0.0,
0.0,
8.0,
48.0,
254.0,
254.0,
228.0,
23.0,
0.0,
23.0,
5.0,
0.0,
0.0,
0.0,
0.0,
1.0,
0.0,
10.0,
6.0,
0.0,
10.0,
0.0,
0.0,
0.0,
2.0,
0.0,
0.0,
2.0,
0.0,
0.0,
1.0,
54.0,
226.0,
254.0,
252.0,
27.0,
1.0,
0.0,
0.0,
0.0,
0.0,
0.0,
0.0,
0.0,
0.0,
0.0,
0.0,
0.0,
0.0,
0.0,
0.0,
0.0,
0.0,
0.0,
0.0,
0.0,
0.0,
0.0,
0.0,
0.0,
22.0,
184.0,
166.0,
31.0,
0.0,
0.0,
11.0,
0.0,
0.0,
0.0,
0.0,
0.0,
0.0,
0.0,
0.0,
0.0,
0.0,
0.0,
0.0,
0.0,
0.0,
0.0,
0.0,
0.0,
0.0,
0.0,
0.0,
19.0,
0.0,
18.0,
6.0,
0.0,
12.0,
0.0,
0.0,
0.0,
0.0,
0.0,
0.0,
0.0,
0.0,
0.0,
0.0,
0.0,
0.0,
0.0,
0.0,
0.0,
0.0,
0.0,
0.0,
0.0,
0.0,
0.0,
0.0,
0.0,
0.0,
0.0,
0.0,
3.0,
7.0,
0.0,
5.0,
0.0,
0.0,
0.0,
0.0,
0.0,
0.0,
0.0,
0.0,
0.0,
0.0,
0.0,
0.0,
0.0,
0.0,
0.0,
0.0,
0.0,
0.0,
0.0,
0.0,
0.0,
15.0,
2.0,
0.0,
8.0,
0.0,
0.0,
7.0,
0.0,
0.0,
0.0,
0.0,
