0.0,
0.0,
2.0,
3.0,
0.0,
0.0,
3.0,
1.0,
0.0,
0.0,
0.0,
0.0,
0.0,
2.0,
8.0,
0.0,
0.0,
0.0,
0.0,
0.0,
0.0,
0.0,
0.0,
0.0,
0.0,
0.0,
0.0,
0.0,
0.0,
0.0,
4.0,
7.0,
1.0,
2.0,
5.0,
1.0,
0.0,
1.0,
3.0,
5.0,
0.0,
0.0,
0.0,
1.0,
0.0,
0.0,
0.0,
0.0,
0.0,
0.0,
0.0,
0.0,
0.0,
0.0,
0.0,
0.0,
5.0,
3.0,
0.0,
0.0,
0.0,
0.0,
0.0,
0.0,
2.0,
0.0,
0.0,
0.0,
4.0,
7.0,
4.0,
9.0,
0.0,
0.0,
0.0,
0.0,
0.0,
0.0,
0.0,
0.0,
0.0,
0.0,
0.0,
0.0,
0.0,
0.0,
0.0,
0.0,
8.0,
7.0,
4.0,
8.0,
0.0,
3.0,
4.0,
0.0,
0.0,
3.0,
0.0,
0.0,
0.0,
0.0,
0.0,
0.0,
0.0,
0.0,
0.0,
0.0,
0.0,
0.0,
0.0,
0.0,
0.0,
2.0,
0.0,
6.0,
10.0,
0.0,
0.0,
0.0,
7.0,
0.0,
2.0,
11.0,
13.0,
2.0,
0.0,
15.0,
0.0,
0.0,
0.0,
0.0,
0.0,
0.0,
0.0,
0.0,
0.0,
0.0,
0.0,
0.0,
8.0,
6.0,
0.0,
0.0,
0.0,
0.0,
18.0,
84.0,
222.0,
255.0,
245.0,
93.0,
0.0,
6.0,
9.0,
0.0,
0.0,
0.0,
0.0,
0.0,
0.0,
0.0,
0.0,
0.0,
0.0,
0.0,
0.0,
0.0,
0.0,
2.0,
0.0,
0.0,
4.0,
17.0,
107.0,
238.0,
253.0,
106.0,
43.0,
19.0,
3.0,
7.0,
0.0,
4.0,
0.0,
0.0,
0.0,
0.0,
0.0,
0.0,
0.0,
0.0,
0.0,
0.0,
0.0,
0.0,
0.0,
4.0,
5.0,
6.0,
0.0,
0.0,
104.0,
255.0,
171.0,
23.0,
0.0,
0.0,
0.0,
0.0,
0.0,
4.0,
0.0,
0.0,
0.0,
0.0,
0.0,
0.0,
0.0,
0.0,
0.0,
0.0,
0.0,
0.0,
0.0,
7.0,
0.0,
0.0,
1.0,
10.0,
105.0,
255.0,
184.0,
0.0,
3.0,
0.0,
11.0,
1.0,
0.0,
2.0,
0.0,
3.0,
0.0,
0.0,
10.0,
0.0,
0.0,
0.0,
0.0,
0.0,
0.0,
0.0,
0.0,
6.0,
1.0,
1.0,
0.0,
0.0,
106.0,
255.0,
186.0,
1.0,
0.0,
6.0,
0.0,
0.0,
2.0,
0.0,
0.0,
56.0,
177.0,
156.0,
113.0,
0.0,
0.0,
10.0,
0.0,
0.0,
0.0,
0.0,
0.0,
2.0,
0.0,
6.0,
0.0,
0.0,
75.0,
222.0,
249.0,
73.0,
0.0,
6.0,
0.0,
0.0,
0.0,
7.0,
2.0,
149.0,
255.0,
243.0,
233.0,
30.0,
0.0,
0.0,
0.0,
0.0,
0.0,
0.0,
5.0,
0.0,
0.0,
1.0,
5.0,
0.0,
21.0,
99.0,
255.0,
175.0,
36.0,
0.0,
14.0,
7.0,
0.0,
3.0,
9.0,
232.0,
255.0,
248.0,
179.0,
3.0,
0.0,
2.0,
0.0,
0.0,
0.0,
0.0,
2.0,
1.0,
0.0,
0.0,
8.0,
0.0,
0.0,
7.0,
156.0,
255.0,
206.0,
28.0,
0.0,
0.0,
10.0,
0.0,
110.0,
252.0,
245.0,
180.0,
34.0,
0.0,
17.0,
0.0,
0.0,
0.0,
0.0,
0.0,
0.0,
3.0,
1.0,
0.0,
5.0,
5.0,
0.0,
0.0,
1.0,
67.0,
192.0,
242.0,
230.0,
106.0,
77.0,
68.0,
227.0,
247.0,
193.0,
47.0,
0.0,
11.0,
7.0,
0.0,
0.0,
0.0,
0.0,
0.0,
0.0,
2.0,
2.0,
0.0,
2.0,
5.0,
5.0,
5.0,
14.0,
0.0,
2.0,
37.0,
123.0,
187.0,
221.0,
195.0,
248.0,
252.0,
136.0,
0.0,
0.0,
6.0,
0.0,
17.0,
0.0,
0.0,
0.0,
0.0,
5.0,
0.0,
0.0,
0.0,
1.0,
0.0,
0.0,
0.0,
0.0,
6.0,
9.0,
0.0,
0.0,
6.0,
0.0,
8.0,
255.0,
246.0,
71.0,
0.0,
11.0,
0.0,
0.0,
0.0,
0.0,
0.0,
0.0,
0.0,
0.0,
0.0,
0.0,
0.0,
0.0,
0.0,
0.0,
0.0,
2.0,
0.0,
0.0,
0.0,
0.0,
0.0,
9.0,
32.0,
254.0,
248.0,
46.0,
0.0,
0.0,
0.0,
0.0,
3.0,
0.0,
0.0,
0.0,
0.0,
0.0,
0.0,
0.0,
0.0,
0.0,
0.0,
0.0,
0.0,
3.0,
0.0,
1.0,
4.0,
3.0,
0.0,
5.0,
75.0,
255.0,
230.0,
16.0,
1.0,
0.0,
9.0,
3.0,
0.0,
0.0,
0.0,
0.0,
0.0,
0.0,
0.0,
0.0,
0.0,
0.0,
0.0,
0.0,
0.0,
0.0,
1.0,
0.0,
3.0,
1.0,
0.0,
0.0,
132.0,
252.0,
202.0,
3.0,
6.0,
0.0,
5.0,
1.0,
0.0,
0.0,
0.0,
0.0,
0.0,
0.0,
0.0,
0.0,
0.0,
0.0,
0.0,
0.0,
0.0,
0.0,
3.0,
0.0,
0.0,
0.0,
1.0,
0.0,
176.0,
255.0,
194.0,
5.0,
0.0,
0.0,
0.0,
11.0,
2.0,
0.0,
0.0,
0.0,
0.0,
0.0,
0.0,
0.0,
0.0,
0.0,
0.0,
0.0,
0.0,
1.0,
8.0,
0.0,
1.0,
0.0,
7.0,
0.0,
180.0,
253.0,
204.0,
8.0,
5.0,
8.0,
1.0,
2.0,
0.0,
0.0,
0.0,
0.0,
0.0,
0.0,
0.0,
0.0,
0.0,
0.0,
0.0,
0.0,
0.0,
0.0,
5.0,
0.0,
0.0,
0.0,
5.0,
0.0,
129.0,
255.0,
244.0,
10.0,
1.0,
0.0,
9.0,
0.0,
0.0,
0.0,
0.0,
0.0,
0.0,
0.0,
0.0,
0.0,
0.0,
0.0,
0.0,
0.0,
0.0,
0.0,
0.0,
0.0,
0.0,
0.0,
0.0,
0.0,
50.0,
241.0,
255.0,
51.0,
0.0,
20.0,
2.0,
0.0,
20.0,
0.0,
0.0,
0.0,
0.0,
0.0,
0.0,
0.0,
0.0,
0.0,
0.0,
0.0,
0.0,
0.0,
0.0,
4.0,
1.0,
2.0,
0.0,
0.0,
0.0,
130.0,
237.0,
137.0,
60.0,
141.0,
27.0,
0.0,
0.0,
0.0,
0.0,
0.0,
0.0,
0.0,
0.0,
0.0,
0.0,
0.0,
0.0,
0.0,
0.0,
0.0,
0.0,
0.0,
0.0,
0.0,
0.0,
0.0,
0.0,
13.0,
146.0,
255.0,
228.0,
109.0,
15.0,
0.0,
1.0,
0.0,
0.0,
0.0,
0.0,
0.0,
0.0,
0.0,
0.0,
0.0,
0.0,
0.0,
0.0,
0.0,
0.0,
0.0,
0.0,
0.0,
0.0,
0.0,
0.0,
0.0,
8.0,
8.0,
0.0,
0.0,
2.0,
3.0,
0.0,
0.0,
0.0,
0.0,
0.0,
0.0,
0.0,
0.0,
0.0,
0.0,
0.0,
0.0,
0.0,
0.0,
0.0,
0.0,
0.0,
0.0,
0.0,
0.0,
0.0,
2.0,
1.0,
0.0,
0.0,
0.0,
6.0,
7.0,
4.0,
0.0,
0.0,
0.0,
0.0,
0.0,
0.0,
0.0,
0.0,
0.0,
0.0,
0.0,
0.0,
0.0,
0.0,
0.0,
0.0,
0.0,
0.0,
0.0,
0.0,
0.0,
0.0,
0.0,
2.0,
2.0,
0.0,
0.0,
0.0,
0.0,
0.0,
0.0,
0.0,
