0.0,
0.0,
0.0,
0.0,
0.0,
0.0,
0.0,
0.0,
0.0,
0.0,
0.0,
0.0,
0.0,
0.0,
0.0,
0.0,
5.0,
0.0,
0.0,
1.0,
3.0,
0.0,
0.0,
0.0,
0.0,
9.0,
0.0,
0.0,
0.0,
0.0,
0.0,
0.0,
0.0,
0.0,
0.0,
0.0,
0.0,
0.0,
0.0,
0.0,
0.0,
0.0,
0.0,
0.0,
0.0,
0.0,
0.0,
4.0,
5.0,
3.0,
3.0,
4.0,
24.0,
0.0,
0.0,
20.0,
0.0,
0.0,
0.0,
0.0,
0.0,
0.0,
0.0,
0.0,
0.0,
0.0,
0.0,
0.0,
0.0,
0.0,
0.0,
0.0,
0.0,
2.0,
4.0,
0.0,
0.0,
0.0,
0.0,
0.0,
0.0,
0.0,
2.0,
0.0,
0.0,
0.0,
0.0,
0.0,
0.0,
0.0,
0.0,
0.0,
0.0,
0.0,
0.0,
0.0,
0.0,
0.0,
0.0,
0.0,
3.0,
6.0,
2.0,
0.0,
0.0,
0.0,
0.0,
0.0,
0.0,
15.0,
13.0,
0.0,
0.0,
0.0,
0.0,
0.0,
0.0,
0.0,
0.0,
0.0,
0.0,
0.0,
0.0,
0.0,
0.0,
0.0,
0.0,
0.0,
0.0,
1.0,
0.0,
0.0,
0.0,
4.0,
3.0,
0.0,
7.0,
0.0,
0.0,
9.0,
0.0,
0.0,
0.0,
0.0,
0.0,
0.0,
0.0,
0.0,
0.0,
0.0,
0.0,
0.0,
0.0,
0.0,
0.0,
0.0,
0.0,
0.0,
1.0,
5.0,
3.0,
0.0,
0.0,
0.0,
0.0,
23.0,
0.0,
0.0,
0.0,
0.0,
0.0,
0.0,
0.0,
0.0,
0.0,
0.0,
0.0,
0.0,
0.0,
0.0,
0.0,
0.0,
0.0,
0.0,
2.0,
0.0,
1.0,
5.0,
0.0,
0.0,
0.0,
15.0,
97.0,
143.0,
22.0,
0.0,
0.0,
0.0,
0.0,
0.0,
0.0,
0.0,
0.0,
0.0,
0.0,
0.0,
0.0,
0.0,
0.0,
0.0,
0.0,
0.0,
4.0,
0.0,
0.0,
3.0,
0.0,
0.0,
24.0,
65.0,
246.0,
158.0,
0.0,
18.0,
0.0,
7.0,
0.0,
4.0,
9.0,
0.0,
0.0,
1.0,
5.0,
0.0,
19.0,
0.0,
2.0,
57.0,
130.0,
28.0,
7.0,
0.0,
0.0,
1.0,
15.0,
0.0,
171.0,
252.0,
162.0,
14.0,
0.0,
3.0,
0.0,
10.0,
0.0,
0.0,
0.0,
0.0,
6.0,
0.0,
0.0,
16.0,
0.0,
8.0,
89.0,
255.0,
243.0,
71.0,
0.0,
3.0,
0.0,
0.0,
0.0,
45.0,
251.0,
233.0,
47.0,
0.0,
5.0,
6.0,
0.0,
0.0,
0.0,
3.0,
4.0,
10.0,
17.0,
0.0,
16.0,
0.0,
0.0,
59.0,
244.0,
226.0,
128.0,
2.0,
10.0,
0.0,
9.0,
22.0,
53.0,
245.0,
226.0,
24.0,
0.0,
0.0,
15.0,
0.0,
10.0,
0.0,
0.0,
3.0,
0.0,
0.0,
0.0,
0.0,
0.0,
0.0,
74.0,
230.0,
242.0,
95.0,
0.0,
4.0,
0.0,
11.0,
1.0,
0.0,
255.0,
255.0,
62.0,
1.0,
11.0,
0.0,
4.0,
0.0,
1.0,
1.0,
7.0,
0.0,
0.0,
0.0,
2.0,
9.0,
5.0,
102.0,
243.0,
251.0,
93.0,
0.0,
7.0,
0.0,
0.0,
0.0,
13.0,
181.0,
255.0,
110.0,
0.0,
0.0,
4.0,
0.0,
0.0,
0.0,
0.0,
3.0,
8.0,
0.0,
5.0,
15.0,
0.0,
0.0,
133.0,
255.0,
223.0,
122.0,
0.0,
5.0,
3.0,
2.0,
5.0,
89.0,
190.0,
215.0,
119.0,
0.0,
3.0,
4.0,
0.0,
3.0,
1.0,
0.0,
3.0,
4.0,
0.0,
0.0,
2.0,
0.0,
0.0,
36.0,
255.0,
255.0,
131.0,
0.0,
27.0,
1.0,
0.0,
0.0,
6.0,
209.0,
255.0,
154.0,
2.0,
19.0,
0.0,
7.0,
1.0,
11.0,
5.0,
0.0,
0.0,
0.0,
0.0,
0.0,
3.0,
0.0,
50.0,
222.0,
254.0,
219.0,
99.0,
89.0,
101.0,
176.0,
172.0,
172.0,
200.0,
243.0,
165.0,
14.0,
0.0,
0.0,
14.0,
0.0,
0.0,
0.0,
0.0,
3.0,
0.0,
9.0,
0.0,
0.0,
17.0,
0.0,
208.0,
255.0,
255.0,
236.0,
255.0,
250.0,
255.0,
255.0,
248.0,
254.0,
255.0,
115.0,
6.0,
0.0,
1.0,
2.0,
6.0,
0.0,
0.0,
0.0,
0.0,
0.0,
0.0,
3.0,
0.0,
0.0,
0.0,
0.0,
90.0,
137.0,
176.0,
174.0,
166.0,
101.0,
81.0,
0.0,
154.0,
249.0,
167.0,
43.0,
0.0,
11.0,
12.0,
0.0,
0.0,
9.0,
0.0,
0.0,
0.0,
0.0,
1.0,
3.0,
0.0,
3.0,
0.0,
0.0,
0.0,
23.0,
0.0,
4.0,
7.0,
0.0,
15.0,
61.0,
255.0,
220.0,
39.0,
0.0,
0.0,
5.0,
0.0,
0.0,
4.0,
1.0,
0.0,
0.0,
0.0,
0.0,
0.0,
7.0,
0.0,
2.0,
0.0,
18.0,
0.0,
0.0,
0.0,
1.0,
1.0,
0.0,
89.0,
247.0,
220.0,
43.0,
0.0,
0.0,
5.0,
0.0,
0.0,
1.0,
10.0,
0.0,
0.0,
0.0,
0.0,
0.0,
0.0,
9.0,
0.0,
0.0,
1.0,
10.0,
0.0,
7.0,
5.0,
0.0,
9.0,
26.0,
253.0,
255.0,
106.0,
0.0,
7.0,
0.0,
0.0,
7.0,
0.0,
0.0,
0.0,
5.0,
0.0,
0.0,
0.0,
0.0,
0.0,
12.0,
0.0,
0.0,
1.0,
0.0,
6.0,
0.0,
0.0,
2.0,
42.0,
199.0,
250.0,
171.0,
3.0,
7.0,
4.0,
3.0,
1.0,
0.0,
2.0,
2.0,
0.0,
0.0,
0.0,
0.0,
0.0,
0.0,
0.0,
5.0,
1.0,
7.0,
0.0,
0.0,
3.0,
0.0,
0.0,
1.0,
169.0,
233.0,
151.0,
0.0,
5.0,
0.0,
0.0,
7.0,
3.0,
0.0,
0.0,
9.0,
4.0,
0.0,
0.0,
0.0,
0.0,
0.0,
3.0,
0.0,
0.0,
11.0,
0.0,
11.0,
2.0,
0.0,
3.0,
0.0,
77.0,
160.0,
0.0,
9.0,
0.0,
0.0,
5.0,
0.0,
0.0,
4.0,
9.0,
0.0,
0.0,
12.0,
0.0,
0.0,
0.0,
0.0,
0.0,
0.0,
0.0,
0.0,
0.0,
0.0,
0.0,
0.0,
0.0,
0.0,
0.0,
0.0,
0.0,
0.0,
0.0,
0.0,
0.0,
0.0,
0.0,
0.0,
0.0,
0.0,
0.0,
0.0,
0.0,
0.0,
0.0,
0.0,
0.0,
0.0,
0.0,
0.0,
0.0,
0.0,
0.0,
0.0,
0.0,
0.0,
0.0,
0.0,
0.0,
0.0,
0.0,
0.0,
0.0,
0.0,
0.0,
0.0,
0.0,
0.0,
0.0,
0.0,
0.0,
0.0,
0.0,
0.0,
0.0,
0.0,
0.0,
0.0,
0.0,
0.0,
0.0,
0.0,
0.0,
0.0,
0.0,
0.0,
0.0,
0.0,
0.0,
0.0,
0.0,
0.0,
0.0,
0.0,
0.0,
0.0,
0.0,
0.0,
0.0,
0.0,
0.0,
0.0,
0.0,
0.0,
0.0,
0.0,
0.0,
0.0,
0.0,
0.0,
0.0,
0.0,
0.0,
0.0,
0.0,
0.0,
0.0,
0.0,
0.0,
0.0,
0.0,
0.0,
0.0,
0.0,
0.0,
0.0,
0.0,
0.0,
0.0,
0.0,
