0.0,
7.0,
0.0,
7.0,
0.0,
2.0,
0.0,
0.0,
0.0,
0.0,
0.0,
0.0,
0.0,
0.0,
0.0,
0.0,
0.0,
2.0,
0.0,
6.0,
0.0,
7.0,
0.0,
0.0,
0.0,
0.0,
0.0,
0.0,
6.0,
0.0,
0.0,
17.0,
0.0,
0.0,
1.0,
1.0,
0.0,
0.0,
0.0,
0.0,
0.0,
0.0,
0.0,
0.0,
1.0,
0.0,
0.0,
3.0,
0.0,
0.0,
0.0,
7.0,
0.0,
0.0,
0.0,
0.0,
4.0,
0.0,
2.0,
8.0,
0.0,
3.0,
3.0,
0.0,
0.0,
0.0,
0.0,
0.0,
0.0,
0.0,
0.0,
0.0,
0.0,
3.0,
9.0,
2.0,
2.0,
3.0,
4.0,
0.0,
0.0,
0.0,
0.0,
0.0,
0.0,
0.0,
1.0,
0.0,
0.0,
14.0,
1.0,
0.0,
0.0,
0.0,
0.0,
0.0,
0.0,
0.0,
0.0,
0.0,
4.0,
9.0,
0.0,
0.0,
0.0,
0.0,
1.0,
4.0,
0.0,
0.0,
0.0,
0.0,
0.0,
3.0,
2.0,
0.0,
6.0,
0.0,
0.0,
0.0,
0.0,
0.0,
0.0,
0.0,
0.0,
0.0,
0.0,
0.0,
4.0,
0.0,
0.0,
23.0,
5.0,
6.0,
0.0,
5.0,
0.0,
0.0,
0.0,
0.0,
0.0,
0.0,
1.0,
5.0,
4.0,
0.0,
9.0,
6.0,
0.0,
0.0,
0.0,
0.0,
0.0,
0.0,
0.0,
0.0,
0.0,
0.0,
0.0,
1.0,
0.0,
4.0,
0.0,
0.0,
0.0,
0.0,
0.0,
0.0,
0.0,
0.0,
1.0,
2.0,
0.0,
34.0,
104.0,
5.0,
0.0,
0.0,
0.0,
0.0,
0.0,
0.0,
0.0,
0.0,
0.0,
0.0,
15.0,
0.0,
4.0,
0.0,
2.0,
6.0,
0.0,
0.0,
0.0,
0.0,
2.0,
1.0,
7.0,
0.0,
0.0,
111.0,
213.0,
4.0,
0.0,
0.0,
0.0,
0.0,
0.0,
0.0,
0.0,
0.0,
3.0,
0.0,
88.0,
148.0,
168.0,
18.0,
0.0,
0.0,
0.0,
0.0,
0.0,
0.0,
0.0,
15.0,
0.0,
0.0,
5.0,
166.0,
184.0,
4.0,
3.0,
4.0,
0.0,
0.0,
2.0,
2.0,
5.0,
0.0,
5.0,
10.0,
234.0,
149.0,
24.0,
11.0,
0.0,
0.0,
0.0,
0.0,
0.0,
1.0,
0.0,
4.0,
0.0,
2.0,
0.0,
202.0,
179.0,
0.0,
0.0,
0.0,
0.0,
0.0,
0.0,
0.0,
14.0,
0.0,
5.0,
186.0,
224.0,
30.0,
6.0,
0.0,
2.0,
6.0,
3.0,
2.0,
2.0,
4.0,
3.0,
0.0,
0.0,
1.0,
3.0,
115.0,
248.0,
78.0,
0.0,
6.0,
10.0,
10.0,
9.0,
0.0,
0.0,
0.0,
0.0,
255.0,
104.0,
0.0,
0.0,
3.0,
0.0,
1.0,
0.0,
0.0,
0.0,
0.0,
10.0,
0.0,
0.0,
0.0,
5.0,
3.0,
204.0,
227.0,
36.0,
10.0,
0.0,
0.0,
6.0,
0.0,
0.0,
25.0,
157.0,
243.0,
18.0,
9.0,
0.0,
7.0,
0.0,
9.0,
0.0,
1.0,
0.0,
0.0,
0.0,
4.0,
6.0,
0.0,
0.0,
1.0,
28.0,
210.0,
242.0,
120.0,
47.0,
9.0,
0.0,
10.0,
6.0,
0.0,
255.0,
141.0,
7.0,
0.0,
0.0,
0.0,
15.0,
0.0,
2.0,
5.0,
5.0,
0.0,
5.0,
0.0,
6.0,
2.0,
0.0,
9.0,
0.0,
40.0,
163.0,
240.0,
245.0,
191.0,
186.0,
114.0,
12.0,
45.0,
227.0,
42.0,
0.0,
7.0,
3.0,
0.0,
7.0,
8.0,
0.0,
0.0,
0.0,
4.0,
12.0,
0.0,
1.0,
1.0,
3.0,
0.0,
34.0,
0.0,
0.0,
1.0,
95.0,
155.0,
187.0,
240.0,
253.0,
255.0,
255.0,
128.0,
94.0,
87.0,
31.0,
21.0,
0.0,
1.0,
19.0,
0.0,
0.0,
0.0,
0.0,
4.0,
2.0,
0.0,
4.0,
0.0,
0.0,
18.0,
0.0,
0.0,
3.0,
0.0,
14.0,
29.0,
72.0,
222.0,
243.0,
200.0,
255.0,
247.0,
251.0,
253.0,
254.0,
190.0,
69.0,
27.0,
0.0,
0.0,
0.0,
0.0,
0.0,
0.0,
0.0,
0.0,
0.0,
0.0,
1.0,
0.0,
6.0,
0.0,
0.0,
0.0,
4.0,
161.0,
251.0,
24.0,
3.0,
0.0,
4.0,
0.0,
0.0,
0.0,
0.0,
0.0,
0.0,
0.0,
0.0,
0.0,
0.0,
0.0,
0.0,
0.0,
0.0,
0.0,
0.0,
0.0,
5.0,
0.0,
0.0,
0.0,
1.0,
199.0,
216.0,
7.0,
0.0,
0.0,
1.0,
0.0,
1.0,
2.0,
0.0,
0.0,
0.0,
0.0,
0.0,
0.0,
0.0,
0.0,
0.0,
0.0,
0.0,
0.0,
0.0,
0.0,
3.0,
1.0,
0.0,
4.0,
0.0,
247.0,
183.0,
0.0,
1.0,
1.0,
0.0,
0.0,
2.0,
2.0,
0.0,
0.0,
0.0,
0.0,
0.0,
0.0,
0.0,
0.0,
0.0,
0.0,
0.0,
0.0,
0.0,
4.0,
0.0,
2.0,
0.0,
7.0,
0.0,
255.0,
178.0,
0.0,
5.0,
2.0,
0.0,
0.0,
3.0,
0.0,
0.0,
0.0,
0.0,
0.0,
0.0,
0.0,
0.0,
0.0,
0.0,
0.0,
0.0,
0.0,
0.0,
7.0,
0.0,
2.0,
0.0,
8.0,
0.0,
243.0,
193.0,
0.0,
3.0,
0.0,
0.0,
1.0,
4.0,
0.0,
0.0,
0.0,
0.0,
0.0,
0.0,
0.0,
0.0,
0.0,
0.0,
0.0,
0.0,
0.0,
0.0,
7.0,
0.0,
2.0,
0.0,
7.0,
0.0,
170.0,
217.0,
9.0,
0.0,
0.0,
0.0,
2.0,
4.0,
0.0,
0.0,
0.0,
0.0,
0.0,
0.0,
0.0,
0.0,
0.0,
0.0,
0.0,
0.0,
0.0,
0.0,
5.0,
0.0,
2.0,
0.0,
5.0,
0.0,
83.0,
244.0,
23.0,
4.0,
0.0,
1.0,
0.0,
1.0,
0.0,
0.0,
0.0,
0.0,
0.0,
0.0,
0.0,
0.0,
0.0,
0.0,
0.0,
0.0,
0.0,
0.0,
4.0,
0.0,
2.0,
0.0,
4.0,
0.0,
25.0,
255.0,
36.0,
12.0,
4.0,
3.0,
0.0,
0.0,
0.0,
0.0,
0.0,
0.0,
0.0,
0.0,
0.0,
0.0,
0.0,
0.0,
0.0,
0.0,
0.0,
0.0,
0.0,
0.0,
0.0,
0.0,
0.0,
0.0,
0.0,
157.0,
231.0,
110.0,
105.0,
4.0,
0.0,
24.0,
0.0,
0.0,
0.0,
0.0,
0.0,
0.0,
0.0,
0.0,
0.0,
0.0,
0.0,
0.0,
0.0,
0.0,
0.0,
0.0,
0.0,
0.0,
0.0,
0.0,
0.0,
16.0,
93.0,
128.0,
94.0,
10.0,
0.0,
0.0,
12.0,
0.0,
0.0,
0.0,
0.0,
0.0,
0.0,
0.0,
0.0,
0.0,
0.0,
0.0,
0.0,
0.0,
0.0,
0.0,
0.0,
0.0,
0.0,
0.0,
0.0,
0.0,
0.0,
36.0,
0.0,
0.0,
10.0,
0.0,
3.0,
0.0,
0.0,
0.0,
0.0,
0.0,
0.0,
0.0,
0.0,
0.0,
0.0,
0.0,
0.0,
0.0,
0.0,
0.0,
0.0,
0.0,
0.0,
0.0,
0.0,
9.0,
0.0,
6.0,
0.0,
5.0,
0.0,
5.0,
0.0,
0.0,
0.0,
0.0,
0.0,
