0.0,
0.0,
0.0,
0.0,
0.0,
0.0,
0.0,
0.0,
0.0,
0.0,
0.0,
0.0,
0.0,
0.0,
0.0,
0.0,
3.0,
0.0,
1.0,
7.0,
1.0,
0.0,
0.0,
0.0,
0.0,
0.0,
0.0,
0.0,
0.0,
0.0,
0.0,
0.0,
0.0,
0.0,
0.0,
0.0,
0.0,
0.0,
0.0,
0.0,
0.0,
0.0,
0.0,
0.0,
5.0,
0.0,
0.0,
0.0,
0.0,
0.0,
0.0,
0.0,
0.0,
0.0,
0.0,
0.0,
0.0,
0.0,
0.0,
0.0,
0.0,
0.0,
0.0,
0.0,
0.0,
0.0,
0.0,
0.0,
0.0,
0.0,
0.0,
0.0,
0.0,
6.0,
2.0,
0.0,
4.0,
5.0,
3.0,
8.0,
0.0,
0.0,
0.0,
0.0,
0.0,
0.0,
0.0,
0.0,
0.0,
0.0,
0.0,
0.0,
0.0,
0.0,
0.0,
0.0,
0.0,
0.0,
0.0,
0.0,
0.0,
5.0,
3.0,
0.0,
3.0,
0.0,
0.0,
0.0,
0.0,
0.0,
0.0,
0.0,
0.0,
0.0,
0.0,
0.0,
0.0,
0.0,
0.0,
0.0,
0.0,
0.0,
0.0,
0.0,
0.0,
0.0,
0.0,
0.0,
8.0,
3.0,
0.0,
0.0,
2.0,
3.0,
0.0,
0.0,
0.0,
0.0,
0.0,
0.0,
0.0,
0.0,
0.0,
0.0,
0.0,
0.0,
0.0,
0.0,
0.0,
0.0,
0.0,
0.0,
0.0,
0.0,
0.0,
0.0,
2.0,
0.0,
0.0,
12.0,
7.0,
2.0,
6.0,
5.0,
0.0,
0.0,
0.0,
0.0,
0.0,
0.0,
0.0,
0.0,
0.0,
0.0,
0.0,
0.0,
0.0,
0.0,
0.0,
0.0,
0.0,
0.0,
0.0,
0.0,
0.0,
13.0,
83.0,
111.0,
46.0,
0.0,
0.0,
0.0,
0.0,
0.0,
0.0,
0.0,
0.0,
0.0,
0.0,
0.0,
0.0,
0.0,
0.0,
0.0,
0.0,
0.0,
0.0,
0.0,
0.0,
0.0,
0.0,
0.0,
34.0,
103.0,
235.0,
255.0,
126.0,
9.0,
0.0,
6.0,
0.0,
0.0,
0.0,
0.0,
8.0,
1.0,
0.0,
0.0,
4.0,
3.0,
0.0,
0.0,
0.0,
9.0,
0.0,
6.0,
0.0,
0.0,
0.0,
73.0,
255.0,
242.0,
255.0,
255.0,
120.0,
0.0,
0.0,
0.0,
0.0,
0.0,
0.0,
0.0,
0.0,
1.0,
8.0,
0.0,
0.0,
0.0,
4.0,
2.0,
0.0,
7.0,
0.0,
0.0,
20.0,
11.0,
127.0,
242.0,
255.0,
235.0,
252.0,
255.0,
37.0,
4.0,
6.0,
9.0,
0.0,
0.0,
0.0,
0.0,
10.0,
0.0,
0.0,
1.0,
6.0,
3.0,
0.0,
0.0,
0.0,
0.0,
12.0,
0.0,
23.0,
156.0,
227.0,
255.0,
245.0,
255.0,
247.0,
184.0,
0.0,
2.0,
0.0,
0.0,
0.0,
0.0,
0.0,
0.0,
0.0,
0.0,
1.0,
2.0,
0.0,
0.0,
0.0,
5.0,
6.0,
0.0,
4.0,
55.0,
212.0,
255.0,
255.0,
131.0,
253.0,
245.0,
156.0,
0.0,
17.0,
0.0,
23.0,
7.0,
0.0,
0.0,
0.0,
0.0,
0.0,
4.0,
1.0,
0.0,
1.0,
16.0,
9.0,
0.0,
10.0,
11.0,
91.0,
239.0,
255.0,
218.0,
99.0,
139.0,
255.0,
229.0,
18.0,
3.0,
7.0,
17.0,
0.0,
0.0,
0.0,
0.0,
0.0,
0.0,
16.0,
0.0,
0.0,
3.0,
5.0,
0.0,
0.0,
7.0,
41.0,
204.0,
252.0,
255.0,
223.0,
49.0,
52.0,
224.0,
252.0,
149.0,
77.0,
87.0,
45.0,
84.0,
170.0,
78.0,
0.0,
0.0,
0.0,
0.0,
0.0,
0.0,
7.0,
9.0,
0.0,
0.0,
62.0,
134.0,
255.0,
245.0,
242.0,
150.0,
8.0,
79.0,
191.0,
254.0,
245.0,
255.0,
245.0,
238.0,
255.0,
255.0,
241.0,
249.0,
0.0,
0.0,
0.0,
0.0,
0.0,
14.0,
1.0,
0.0,
38.0,
162.0,
247.0,
255.0,
241.0,
255.0,
247.0,
203.0,
250.0,
249.0,
253.0,
243.0,
182.0,
46.0,
47.0,
51.0,
41.0,
72.0,
130.0,
174.0,
0.0,
0.0,
0.0,
0.0,
0.0,
9.0,
0.0,
1.0,
201.0,
248.0,
255.0,
252.0,
254.0,
207.0,
161.0,
133.0,
89.0,
244.0,
252.0,
99.0,
0.0,
0.0,
0.0,
0.0,
0.0,
0.0,
0.0,
0.0,
0.0,
0.0,
0.0,
0.0,
7.0,
0.0,
0.0,
17.0,
203.0,
236.0,
196.0,
149.0,
66.0,
6.0,
0.0,
23.0,
163.0,
248.0,
214.0,
64.0,
0.0,
0.0,
0.0,
0.0,
0.0,
0.0,
0.0,
0.0,
0.0,
0.0,
0.0,
0.0,
0.0,
5.0,
1.0,
0.0,
43.0,
26.0,
0.0,
0.0,
0.0,
8.0,
0.0,
122.0,
255.0,
246.0,
65.0,
0.0,
0.0,
0.0,
0.0,
0.0,
0.0,
0.0,
0.0,
0.0,
0.0,
0.0,
0.0,
0.0,
0.0,
3.0,
0.0,
0.0,
0.0,
0.0,
0.0,
10.0,
6.0,
0.0,
67.0,
255.0,
226.0,
156.0,
28.0,
0.0,
0.0,
0.0,
0.0,
0.0,
0.0,
0.0,
0.0,
0.0,
0.0,
0.0,
0.0,
0.0,
9.0,
0.0,
0.0,
6.0,
0.0,
0.0,
0.0,
0.0,
0.0,
69.0,
222.0,
254.0,
225.0,
28.0,
0.0,
0.0,
0.0,
0.0,
0.0,
0.0,
0.0,
0.0,
0.0,
0.0,
0.0,
0.0,
0.0,
0.0,
0.0,
0.0,
3.0,
12.0,
0.0,
0.0,
6.0,
9.0,
0.0,
188.0,
247.0,
189.0,
0.0,
5.0,
0.0,
10.0,
0.0,
0.0,
0.0,
0.0,
0.0,
0.0,
0.0,
0.0,
0.0,
0.0,
0.0,
0.0,
13.0,
0.0,
0.0,
0.0,
0.0,
0.0,
0.0,
0.0,
0.0,
198.0,
226.0,
73.0,
5.0,
3.0,
0.0,
0.0,
0.0,
0.0,
0.0,
0.0,
0.0,
0.0,
0.0,
0.0,
0.0,
0.0,
0.0,
0.0,
0.0,
1.0,
11.0,
0.0,
3.0,
0.0,
8.0,
1.0,
0.0,
20.0,
10.0,
11.0,
0.0,
5.0,
0.0,
9.0,
0.0,
0.0,
0.0,
0.0,
0.0,
0.0,
0.0,
0.0,
0.0,
0.0,
0.0,
0.0,
0.0,
0.0,
0.0,
0.0,
0.0,
0.0,
0.0,
0.0,
0.0,
0.0,
0.0,
0.0,
0.0,
0.0,
0.0,
0.0,
0.0,
0.0,
0.0,
0.0,
0.0,
0.0,
0.0,
0.0,
0.0,
0.0,
0.0,
0.0,
0.0,
0.0,
0.0,
0.0,
0.0,
0.0,
0.0,
0.0,
0.0,
0.0,
0.0,
0.0,
0.0,
0.0,
0.0,
0.0,
0.0,
0.0,
0.0,
0.0,
0.0,
0.0,
0.0,
0.0,
0.0,
0.0,
0.0,
0.0,
0.0,
0.0,
0.0,
0.0,
0.0,
0.0,
0.0,
0.0,
0.0,
0.0,
0.0,
0.0,
0.0,
0.0,
0.0,
0.0,
0.0,
0.0,
0.0,
0.0,
0.0,
0.0,
0.0,
0.0,
0.0,
0.0,
0.0,
0.0,
0.0,
0.0,
0.0,
0.0,
0.0,
0.0,
0.0,
0.0,
0.0,
0.0,
0.0,
0.0,
0.0,
0.0,
0.0,
0.0,
0.0,
0.0,
0.0,
0.0,
0.0,
0.0,
0.0,
0.0,
0.0,
0.0,
0.0,
0.0,
