0.0,
0.0,
1.0,
1.0,
0.0,
0.0,
0.0,
1.0,
0.0,
3.0,
0.0,
6.0,
0.0,
2.0,
0.0,
1.0,
0.0,
0.0,
0.0,
2.0,
4.0,
2.0,
0.0,
0.0,
0.0,
0.0,
0.0,
0.0,
1.0,
1.0,
1.0,
0.0,
0.0,
0.0,
0.0,
0.0,
0.0,
16.0,
0.0,
1.0,
2.0,
11.0,
0.0,
14.0,
0.0,
3.0,
5.0,
0.0,
0.0,
0.0,
0.0,
1.0,
0.0,
0.0,
0.0,
0.0,
3.0,
1.0,
0.0,
0.0,
0.0,
0.0,
1.0,
1.0,
0.0,
0.0,
0.0,
1.0,
0.0,
0.0,
0.0,
0.0,
1.0,
5.0,
3.0,
0.0,
1.0,
10.0,
9.0,
0.0,
0.0,
0.0,
0.0,
0.0,
0.0,
0.0,
0.0,
0.0,
1.0,
2.0,
2.0,
0.0,
14.0,
0.0,
0.0,
16.0,
0.0,
6.0,
18.0,
0.0,
0.0,
0.0,
0.0,
0.0,
2.0,
2.0,
0.0,
0.0,
0.0,
0.0,
0.0,
0.0,
0.0,
0.0,
0.0,
0.0,
1.0,
0.0,
0.0,
0.0,
0.0,
18.0,
16.0,
0.0,
0.0,
0.0,
1.0,
0.0,
3.0,
1.0,
5.0,
8.0,
0.0,
0.0,
0.0,
10.0,
0.0,
0.0,
0.0,
0.0,
0.0,
1.0,
3.0,
2.0,
0.0,
0.0,
0.0,
0.0,
74.0,
181.0,
126.0,
0.0,
12.0,
12.0,
0.0,
12.0,
7.0,
0.0,
0.0,
0.0,
2.0,
2.0,
5.0,
12.0,
0.0,
0.0,
0.0,
0.0,
0.0,
3.0,
4.0,
1.0,
0.0,
0.0,
2.0,
8.0,
178.0,
255.0,
175.0,
2.0,
5.0,
2.0,
0.0,
0.0,
0.0,
4.0,
10.0,
3.0,
0.0,
1.0,
0.0,
0.0,
0.0,
0.0,
0.0,
0.0,
0.0,
0.0,
3.0,
0.0,
0.0,
0.0,
11.0,
23.0,
239.0,
245.0,
156.0,
10.0,
0.0,
1.0,
10.0,
0.0,
0.0,
64.0,
103.0,
66.0,
11.0,
0.0,
0.0,
3.0,
0.0,
0.0,
0.0,
0.0,
0.0,
1.0,
4.0,
0.0,
0.0,
0.0,
1.0,
132.0,
253.0,
250.0,
100.0,
1.0,
8.0,
0.0,
0.0,
4.0,
0.0,
175.0,
249.0,
215.0,
0.0,
15.0,
0.0,
5.0,
0.0,
0.0,
0.0,
0.0,
0.0,
0.0,
3.0,
0.0,
6.0,
9.0,
8.0,
158.0,
255.0,
234.0,
38.0,
0.0,
0.0,
12.0,
0.0,
0.0,
28.0,
226.0,
255.0,
221.0,
0.0,
5.0,
0.0,
1.0,
0.0,
0.0,
0.0,
0.0,
4.0,
0.0,
5.0,
0.0,
3.0,
4.0,
0.0,
169.0,
243.0,
213.0,
16.0,
0.0,
8.0,
0.0,
0.0,
0.0,
23.0,
245.0,
247.0,
213.0,
0.0,
0.0,
13.0,
0.0,
0.0,
0.0,
0.0,
0.0,
6.0,
0.0,
7.0,
0.0,
0.0,
0.0,
0.0,
174.0,
255.0,
222.0,
2.0,
0.0,
0.0,
0.0,
0.0,
0.0,
12.0,
240.0,
255.0,
217.0,
3.0,
0.0,
5.0,
0.0,
0.0,
0.0,
0.0,
0.0,
0.0,
0.0,
7.0,
0.0,
0.0,
4.0,
3.0,
175.0,
242.0,
209.0,
0.0,
4.0,
1.0,
17.0,
7.0,
0.0,
0.0,
184.0,
248.0,
206.0,
1.0,
1.0,
0.0,
2.0,
0.0,
0.0,
0.0,
0.0,
0.0,
0.0,
3.0,
0.0,
0.0,
5.0,
7.0,
129.0,
255.0,
238.0,
83.0,
0.0,
5.0,
0.0,
17.0,
0.0,
17.0,
163.0,
242.0,
197.0,
0.0,
11.0,
0.0,
10.0,
0.0,
0.0,
0.0,
0.0,
0.0,
3.0,
0.0,
1.0,
0.0,
0.0,
0.0,
50.0,
229.0,
255.0,
217.0,
100.0,
125.0,
102.0,
209.0,
214.0,
168.0,
234.0,
255.0,
209.0,
5.0,
9.0,
0.0,
0.0,
0.0,
0.0,
0.0,
0.0,
0.0,
4.0,
0.0,
2.0,
0.0,
1.0,
0.0,
1.0,
92.0,
240.0,
255.0,
255.0,
234.0,
255.0,
255.0,
247.0,
246.0,
255.0,
249.0,
193.0,
0.0,
2.0,
4.0,
1.0,
0.0,
0.0,
0.0,
0.0,
0.0,
0.0,
0.0,
0.0,
0.0,
0.0,
0.0,
0.0,
9.0,
70.0,
161.0,
238.0,
255.0,
250.0,
202.0,
165.0,
247.0,
253.0,
249.0,
97.0,
0.0,
0.0,
0.0,
7.0,
0.0,
0.0,
0.0,
0.0,
0.0,
0.0,
0.0,
0.0,
0.0,
0.0,
0.0,
0.0,
0.0,
1.0,
12.0,
21.0,
23.0,
19.0,
12.0,
7.0,
119.0,
252.0,
255.0,
159.0,
7.0,
5.0,
3.0,
0.0,
0.0,
0.0,
0.0,
0.0,
0.0,
0.0,
0.0,
0.0,
0.0,
0.0,
0.0,
0.0,
1.0,
0.0,
0.0,
0.0,
0.0,
0.0,
0.0,
0.0,
24.0,
255.0,
255.0,
204.0,
0.0,
0.0,
3.0,
2.0,
0.0,
0.0,
0.0,
0.0,
0.0,
0.0,
0.0,
0.0,
0.0,
0.0,
0.0,
0.0,
0.0,
0.0,
0.0,
0.0,
0.0,
2.0,
4.0,
5.0,
17.0,
252.0,
239.0,
216.0,
0.0,
0.0,
0.0,
9.0,
0.0,
0.0,
0.0,
0.0,
0.0,
0.0,
0.0,
0.0,
0.0,
0.0,
0.0,
0.0,
4.0,
3.0,
1.0,
0.0,
0.0,
0.0,
0.0,
0.0,
21.0,
233.0,
248.0,
213.0,
7.0,
1.0,
0.0,
2.0,
0.0,
0.0,
0.0,
0.0,
0.0,
0.0,
0.0,
0.0,
0.0,
0.0,
0.0,
0.0,
0.0,
0.0,
1.0,
5.0,
7.0,
4.0,
0.0,
0.0,
5.0,
206.0,
255.0,
200.0,
0.0,
0.0,
1.0,
0.0,
0.0,
0.0,
0.0,
0.0,
0.0,
0.0,
0.0,
0.0,
0.0,
0.0,
0.0,
0.0,
13.0,
8.0,
1.0,
0.0,
0.0,
0.0,
0.0,
4.0,
0.0,
183.0,
251.0,
216.0,
12.0,
0.0,
9.0,
0.0,
0.0,
0.0,
0.0,
0.0,
0.0,
0.0,
0.0,
0.0,
0.0,
0.0,
0.0,
0.0,
0.0,
0.0,
1.0,
3.0,
4.0,
4.0,
3.0,
2.0,
1.0,
171.0,
244.0,
255.0,
55.0,
0.0,
9.0,
0.0,
0.0,
0.0,
0.0,
0.0,
0.0,
0.0,
0.0,
0.0,
0.0,
0.0,
0.0,
0.0,
0.0,
0.0,
0.0,
0.0,
0.0,
0.0,
0.0,
0.0,
0.0,
64.0,
175.0,
219.0,
16.0,
0.0,
5.0,
2.0,
0.0,
0.0,
0.0,
0.0,
0.0,
0.0,
0.0,
0.0,
0.0,
0.0,
0.0,
0.0,
0.0,
0.0,
0.0,
0.0,
0.0,
0.0,
0.0,
0.0,
0.0,
6.0,
0.0,
12.0,
0.0,
5.0,
0.0,
2.0,
0.0,
0.0,
0.0,
0.0,
0.0,
0.0,
0.0,
0.0,
0.0,
0.0,
0.0,
0.0,
0.0,
0.0,
0.0,
0.0,
0.0,
0.0,
0.0,
0.0,
0.0,
10.0,
1.0,
0.0,
15.0,
0.0,
0.0,
1.0,
0.0,
0.0,
0.0,
0.0,
0.0,
0.0,
0.0,
0.0,
0.0,
0.0,
0.0,
0.0,
0.0,
0.0,
0.0,
0.0,
0.0,
0.0,
0.0,
0.0,
8.0,
0.0,
12.0,
0.0,
8.0,
0.0,
11.0,
4.0,
0.0,
0.0,
0.0,
0.0,
