0.0,
0.0,
0.0,
0.0,
0.0,
0.0,
0.0,
0.0,
1.0,
0.0,
0.0,
0.0,
0.0,
2.0,
4.0,
0.0,
0.0,
1.0,
0.0,
14.0,
0.0,
0.0,
0.0,
8.0,
0.0,
0.0,
0.0,
0.0,
0.0,
0.0,
0.0,
0.0,
0.0,
0.0,
0.0,
0.0,
0.0,
0.0,
0.0,
4.0,
5.0,
0.0,
0.0,
8.0,
15.0,
0.0,
5.0,
0.0,
0.0,
14.0,
10.0,
0.0,
0.0,
0.0,
0.0,
0.0,
0.0,
0.0,
0.0,
0.0,
0.0,
0.0,
0.0,
0.0,
0.0,
3.0,
0.0,
1.0,
4.0,
12.0,
5.0,
0.0,
0.0,
9.0,
11.0,
0.0,
0.0,
0.0,
1.0,
5.0,
0.0,
0.0,
0.0,
0.0,
0.0,
0.0,
0.0,
0.0,
0.0,
0.0,
0.0,
0.0,
1.0,
2.0,
0.0,
6.0,
0.0,
0.0,
0.0,
0.0,
0.0,
19.0,
0.0,
7.0,
10.0,
0.0,
2.0,
0.0,
0.0,
0.0,
0.0,
0.0,
0.0,
0.0,
0.0,
0.0,
0.0,
0.0,
0.0,
0.0,
1.0,
0.0,
0.0,
17.0,
0.0,
3.0,
15.0,
10.0,
0.0,
0.0,
3.0,
0.0,
1.0,
0.0,
1.0,
13.0,
0.0,
0.0,
0.0,
0.0,
0.0,
0.0,
0.0,
0.0,
0.0,
0.0,
0.0,
0.0,
0.0,
4.0,
3.0,
0.0,
0.0,
129.0,
137.0,
21.0,
8.0,
0.0,
18.0,
5.0,
212.0,
195.0,
6.0,
0.0,
0.0,
0.0,
0.0,
0.0,
0.0,
0.0,
0.0,
0.0,
0.0,
0.0,
0.0,
0.0,
0.0,
10.0,
3.0,
0.0,
21.0,
248.0,
246.0,
25.0,
3.0,
2.0,
0.0,
46.0,
251.0,
205.0,
0.0,
18.0,
0.0,
0.0,
0.0,
0.0,
0.0,
0.0,
0.0,
0.0,
0.0,
0.0,
0.0,
0.0,
2.0,
0.0,
0.0,
7.0,
26.0,
245.0,
251.0,
36.0,
0.0,
0.0,
25.0,
226.0,
252.0,
157.0,
5.0,
0.0,
0.0,
0.0,
0.0,
0.0,
0.0,
2.0,
0.0,
0.0,
7.0,
4.0,
0.0,
3.0,
5.0,
0.0,
8.0,
14.0,
156.0,
255.0,
210.0,
9.0,
0.0,
1.0,
196.0,
247.0,
233.0,
36.0,
12.0,
0.0,
0.0,
0.0,
0.0,
0.0,
0.0,
5.0,
2.0,
0.0,
4.0,
1.0,
0.0,
5.0,
0.0,
0.0,
0.0,
122.0,
255.0,
239.0,
48.0,
10.0,
11.0,
126.0,
236.0,
255.0,
168.0,
4.0,
0.0,
0.0,
0.0,
0.0,
0.0,
0.0,
0.0,
8.0,
4.0,
0.0,
0.0,
0.0,
0.0,
2.0,
0.0,
21.0,
42.0,
225.0,
251.0,
255.0,
29.0,
1.0,
22.0,
247.0,
255.0,
210.0,
58.0,
0.0,
1.0,
4.0,
0.0,
0.0,
0.0,
0.0,
0.0,
3.0,
0.0,
0.0,
2.0,
1.0,
0.0,
2.0,
0.0,
6.0,
188.0,
255.0,
236.0,
68.0,
15.0,
0.0,
67.0,
255.0,
250.0,
134.0,
0.0,
0.0,
0.0,
1.0,
0.0,
0.0,
0.0,
0.0,
0.0,
0.0,
0.0,
2.0,
11.0,
3.0,
0.0,
0.0,
19.0,
88.0,
244.0,
243.0,
230.0,
5.0,
0.0,
6.0,
187.0,
249.0,
254.0,
96.0,
2.0,
6.0,
0.0,
10.0,
0.0,
0.0,
0.0,
0.0,
1.0,
0.0,
0.0,
7.0,
5.0,
0.0,
0.0,
20.0,
101.0,
247.0,
255.0,
196.0,
55.0,
1.0,
0.0,
101.0,
255.0,
255.0,
231.0,
32.0,
0.0,
5.0,
1.0,
6.0,
0.0,
0.0,
0.0,
0.0,
5.0,
2.0,
2.0,
5.0,
0.0,
0.0,
42.0,
124.0,
255.0,
255.0,
232.0,
144.0,
0.0,
0.0,
6.0,
147.0,
250.0,
250.0,
146.0,
1.0,
20.0,
0.0,
4.0,
0.0,
0.0,
0.0,
0.0,
0.0,
0.0,
0.0,
0.0,
2.0,
0.0,
15.0,
125.0,
255.0,
254.0,
242.0,
255.0,
233.0,
77.0,
93.0,
43.0,
230.0,
252.0,
252.0,
88.0,
75.0,
133.0,
24.0,
5.0,
0.0,
0.0,
0.0,
0.0,
0.0,
0.0,
0.0,
7.0,
1.0,
0.0,
0.0,
203.0,
255.0,
246.0,
248.0,
255.0,
239.0,
255.0,
253.0,
237.0,
250.0,
253.0,
249.0,
237.0,
255.0,
229.0,
0.0,
7.0,
2.0,
0.0,
0.0,
0.0,
0.0,
7.0,
0.0,
0.0,
0.0,
1.0,
14.0,
174.0,
216.0,
105.0,
104.0,
215.0,
255.0,
235.0,
255.0,
255.0,
255.0,
255.0,
255.0,
246.0,
221.0,
43.0,
0.0,
2.0,
3.0,
0.0,
0.0,
0.0,
0.0,
3.0,
0.0,
6.0,
1.0,
0.0,
0.0,
11.0,
3.0,
12.0,
0.0,
0.0,
86.0,
92.0,
203.0,
222.0,
255.0,
242.0,
128.0,
81.0,
22.0,
4.0,
17.0,
0.0,
1.0,
0.0,
0.0,
0.0,
0.0,
0.0,
0.0,
3.0,
2.0,
11.0,
14.0,
0.0,
0.0,
0.0,
12.0,
5.0,
0.0,
7.0,
0.0,
199.0,
250.0,
230.0,
0.0,
5.0,
0.0,
2.0,
1.0,
11.0,
0.0,
0.0,
0.0,
0.0,
0.0,
7.0,
6.0,
0.0,
0.0,
0.0,
5.0,
0.0,
0.0,
0.0,
0.0,
0.0,
25.0,
0.0,
57.0,
253.0,
251.0,
172.0,
0.0,
6.0,
17.0,
0.0,
0.0,
5.0,
0.0,
0.0,
0.0,
0.0,
0.0,
0.0,
0.0,
4.0,
1.0,
5.0,
11.0,
0.0,
9.0,
14.0,
0.0,
14.0,
0.0,
2.0,
126.0,
253.0,
253.0,
114.0,
16.0,
0.0,
0.0,
7.0,
9.0,
0.0,
5.0,
0.0,
0.0,
0.0,
0.0,
6.0,
3.0,
0.0,
0.0,
0.0,
0.0,
0.0,
0.0,
0.0,
10.0,
0.0,
8.0,
33.0,
251.0,
250.0,
251.0,
84.0,
0.0,
5.0,
16.0,
3.0,
0.0,
13.0,
0.0,
0.0,
0.0,
0.0,
0.0,
0.0,
0.0,
0.0,
6.0,
11.0,
0.0,
10.0,
0.0,
5.0,
1.0,
0.0,
0.0,
32.0,
244.0,
255.0,
165.0,
4.0,
1.0,
8.0,
0.0,
6.0,
0.0,
0.0,
3.0,
0.0,
0.0,
0.0,
0.0,
0.0,
0.0,
0.0,
0.0,
0.0,
0.0,
0.0,
0.0,
2.0,
1.0,
7.0,
0.0,
17.0,
178.0,
228.0,
99.0,
0.0,
0.0,
0.0,
0.0,
0.0,
0.0,
0.0,
0.0,
0.0,
0.0,
0.0,
0.0,
0.0,
0.0,
0.0,
0.0,
0.0,
0.0,
0.0,
0.0,
0.0,
0.0,
1.0,
4.0,
0.0,
6.0,
18.0,
0.0,
0.0,
0.0,
0.0,
0.0,
0.0,
0.0,
0.0,
0.0,
0.0,
0.0,
0.0,
0.0,
0.0,
0.0,
0.0,
0.0,
0.0,
0.0,
0.0,
0.0,
2.0,
4.0,
1.0,
8.0,
11.0,
0.0,
0.0,
8.0,
0.0,
0.0,
0.0,
0.0,
0.0,
0.0,
0.0,
0.0,
0.0,
0.0,
0.0,
0.0,
0.0,
0.0,
0.0,
0.0,
0.0,
0.0,
0.0,
0.0,
0.0,
3.0,
0.0,
0.0,
1.0,
6.0,
0.0,
5.0,
0.0,
0.0,
0.0,
0.0,
0.0,
0.0,
0.0,
0.0,
0.0,
0.0,
0.0,
0.0,
