0.0,
0.0,
0.0,
0.0,
0.0,
0.0,
0.0,
0.0,
3.0,
4.0,
0.0,
0.0,
11.0,
0.0,
0.0,
0.0,
0.0,
7.0,
0.0,
0.0,
1.0,
9.0,
0.0,
2.0,
0.0,
0.0,
0.0,
0.0,
0.0,
0.0,
0.0,
0.0,
0.0,
0.0,
0.0,
0.0,
0.0,
14.0,
13.0,
0.0,
0.0,
0.0,
2.0,
4.0,
1.0,
8.0,
4.0,
2.0,
0.0,
8.0,
1.0,
0.0,
0.0,
0.0,
0.0,
0.0,
0.0,
0.0,
0.0,
0.0,
0.0,
0.0,
0.0,
0.0,
8.0,
0.0,
0.0,
1.0,
6.0,
4.0,
0.0,
2.0,
9.0,
0.0,
0.0,
0.0,
0.0,
0.0,
0.0,
8.0,
0.0,
0.0,
0.0,
0.0,
0.0,
0.0,
0.0,
0.0,
0.0,
0.0,
0.0,
0.0,
0.0,
0.0,
9.0,
0.0,
0.0,
11.0,
1.0,
0.0,
0.0,
0.0,
6.0,
12.0,
16.0,
0.0,
0.0,
0.0,
0.0,
0.0,
0.0,
0.0,
0.0,
0.0,
0.0,
0.0,
0.0,
0.0,
0.0,
0.0,
9.0,
0.0,
0.0,
0.0,
0.0,
0.0,
1.0,
5.0,
0.0,
13.0,
0.0,
0.0,
0.0,
11.0,
4.0,
0.0,
0.0,
0.0,
0.0,
0.0,
0.0,
0.0,
0.0,
0.0,
0.0,
0.0,
0.0,
0.0,
3.0,
2.0,
1.0,
10.0,
0.0,
0.0,
11.0,
0.0,
5.0,
0.0,
0.0,
22.0,
0.0,
0.0,
0.0,
4.0,
0.0,
0.0,
0.0,
0.0,
0.0,
0.0,
0.0,
0.0,
0.0,
0.0,
0.0,
0.0,
0.0,
3.0,
0.0,
39.0,
169.0,
255.0,
222.0,
15.0,
0.0,
8.0,
111.0,
194.0,
50.0,
0.0,
0.0,
0.0,
0.0,
0.0,
0.0,
0.0,
0.0,
0.0,
0.0,
0.0,
0.0,
0.0,
0.0,
0.0,
3.0,
2.0,
12.0,
156.0,
255.0,
250.0,
179.0,
5.0,
0.0,
76.0,
239.0,
255.0,
22.0,
0.0,
24.0,
0.0,
0.0,
0.0,
0.0,
0.0,
0.0,
0.0,
0.0,
0.0,
0.0,
0.0,
0.0,
0.0,
7.0,
0.0,
0.0,
200.0,
243.0,
234.0,
45.0,
0.0,
0.0,
151.0,
249.0,
255.0,
40.0,
9.0,
0.0,
0.0,
0.0,
0.0,
0.0,
0.0,
0.0,
0.0,
0.0,
0.0,
0.0,
0.0,
0.0,
0.0,
0.0,
2.0,
33.0,
236.0,
255.0,
126.0,
2.0,
11.0,
8.0,
188.0,
253.0,
217.0,
7.0,
0.0,
10.0,
0.0,
0.0,
0.0,
0.0,
0.0,
0.0,
0.0,
0.0,
0.0,
0.0,
0.0,
0.0,
0.0,
5.0,
20.0,
148.0,
251.0,
238.0,
39.0,
0.0,
0.0,
0.0,
215.0,
255.0,
200.0,
1.0,
0.0,
3.0,
0.0,
0.0,
0.0,
0.0,
0.0,
0.0,
0.0,
0.0,
0.0,
0.0,
0.0,
0.0,
0.0,
2.0,
10.0,
253.0,
245.0,
140.0,
0.0,
10.0,
9.0,
17.0,
222.0,
252.0,
170.0,
4.0,
11.0,
0.0,
3.0,
0.0,
0.0,
0.0,
0.0,
0.0,
0.0,
0.0,
0.0,
0.0,
0.0,
0.0,
0.0,
7.0,
65.0,
255.0,
255.0,
91.0,
11.0,
0.0,
0.0,
107.0,
241.0,
248.0,
77.0,
0.0,
4.0,
0.0,
9.0,
0.0,
0.0,
0.0,
0.0,
0.0,
0.0,
0.0,
0.0,
0.0,
0.0,
0.0,
0.0,
25.0,
208.0,
250.0,
223.0,
11.0,
0.0,
4.0,
56.0,
210.0,
255.0,
222.0,
0.0,
0.0,
0.0,
8.0,
0.0,
0.0,
0.0,
0.0,
0.0,
0.0,
0.0,
0.0,
0.0,
0.0,
0.0,
0.0,
0.0,
79.0,
255.0,
249.0,
172.0,
20.0,
46.0,
129.0,
234.0,
255.0,
252.0,
122.0,
0.0,
9.0,
3.0,
4.0,
0.0,
0.0,
0.0,
0.0,
0.0,
0.0,
0.0,
0.0,
0.0,
0.0,
0.0,
0.0,
0.0,
213.0,
237.0,
255.0,
241.0,
255.0,
248.0,
251.0,
255.0,
255.0,
222.0,
2.0,
7.0,
0.0,
6.0,
0.0,
5.0,
0.0,
0.0,
0.0,
0.0,
0.0,
1.0,
4.0,
3.0,
0.0,
0.0,
13.0,
34.0,
255.0,
242.0,
255.0,
243.0,
255.0,
248.0,
217.0,
204.0,
253.0,
153.0,
0.0,
11.0,
0.0,
0.0,
1.0,
0.0,
0.0,
0.0,
0.0,
0.0,
2.0,
0.0,
0.0,
0.0,
0.0,
0.0,
2.0,
12.0,
46.0,
118.0,
125.0,
119.0,
71.0,
20.0,
5.0,
132.0,
254.0,
60.0,
0.0,
15.0,
0.0,
1.0,
0.0,
12.0,
0.0,
0.0,
0.0,
0.0,
4.0,
0.0,
0.0,
0.0,
1.0,
0.0,
0.0,
0.0,
5.0,
25.0,
0.0,
0.0,
8.0,
1.0,
0.0,
128.0,
239.0,
133.0,
0.0,
0.0,
8.0,
0.0,
4.0,
0.0,
0.0,
0.0,
0.0,
0.0,
2.0,
0.0,
0.0,
0.0,
4.0,
4.0,
1.0,
0.0,
0.0,
0.0,
8.0,
11.0,
1.0,
0.0,
6.0,
139.0,
255.0,
61.0,
3.0,
5.0,
0.0,
4.0,
0.0,
2.0,
0.0,
0.0,
0.0,
0.0,
0.0,
1.0,
1.0,
0.0,
1.0,
3.0,
4.0,
4.0,
11.0,
0.0,
6.0,
0.0,
0.0,
6.0,
0.0,
140.0,
253.0,
60.0,
0.0,
0.0,
0.0,
6.0,
0.0,
6.0,
0.0,
0.0,
0.0,
0.0,
0.0,
3.0,
4.0,
0.0,
0.0,
0.0,
1.0,
2.0,
4.0,
6.0,
1.0,
0.0,
0.0,
0.0,
2.0,
237.0,
244.0,
153.0,
5.0,
0.0,
13.0,
4.0,
0.0,
0.0,
0.0,
0.0,
0.0,
0.0,
0.0,
4.0,
4.0,
0.0,
0.0,
0.0,
0.0,
0.0,
0.0,
7.0,
0.0,
7.0,
0.0,
0.0,
43.0,
238.0,
255.0,
97.0,
5.0,
9.0,
0.0,
6.0,
0.0,
11.0,
0.0,
0.0,
0.0,
0.0,
0.0,
3.0,
3.0,
0.0,
2.0,
5.0,
3.0,
0.0,
1.0,
0.0,
0.0,
0.0,
4.0,
12.0,
151.0,
255.0,
241.0,
170.0,
0.0,
0.0,
1.0,
4.0,
0.0,
4.0,
0.0,
0.0,
0.0,
0.0,
0.0,
0.0,
0.0,
0.0,
0.0,
0.0,
0.0,
0.0,
1.0,
4.0,
0.0,
11.0,
1.0,
61.0,
232.0,
255.0,
255.0,
137.0,
19.0,
0.0,
2.0,
0.0,
0.0,
1.0,
0.0,
0.0,
0.0,
0.0,
0.0,
0.0,
0.0,
0.0,
0.0,
0.0,
0.0,
0.0,
0.0,
12.0,
6.0,
11.0,
0.0,
23.0,
175.0,
231.0,
127.0,
53.0,
0.0,
0.0,
4.0,
2.0,
0.0,
4.0,
0.0,
0.0,
0.0,
0.0,
0.0,
0.0,
0.0,
0.0,
0.0,
0.0,
0.0,
0.0,
5.0,
0.0,
0.0,
0.0,
0.0,
0.0,
9.0,
0.0,
18.0,
0.0,
0.0,
0.0,
6.0,
0.0,
0.0,
2.0,
0.0,
0.0,
0.0,
0.0,
0.0,
0.0,
0.0,
0.0,
0.0,
0.0,
0.0,
0.0,
0.0,
0.0,
0.0,
3.0,
10.0,
11.0,
0.0,
2.0,
0.0,
0.0,
1.0,
4.0,
3.0,
0.0,
0.0,
0.0,
0.0,
0.0,
0.0,
0.0,
