0.0,
0.0,
0.0,
0.0,
0.0,
0.0,
0.0,
0.0,
4.0,
0.0,
0.0,
15.0,
0.0,
0.0,
0.0,
0.0,
6.0,
0.0,
14.0,
11.0,
0.0,
0.0,
1.0,
7.0,
0.0,
0.0,
0.0,
0.0,
0.0,
0.0,
0.0,
0.0,
0.0,
0.0,
0.0,
0.0,
0.0,
11.0,
12.0,
0.0,
0.0,
14.0,
11.0,
0.0,
4.0,
0.0,
0.0,
0.0,
2.0,
0.0,
11.0,
0.0,
0.0,
0.0,
0.0,
0.0,
0.0,
0.0,
0.0,
0.0,
0.0,
0.0,
0.0,
0.0,
4.0,
0.0,
4.0,
3.0,
0.0,
0.0,
0.0,
15.0,
0.0,
21.0,
4.0,
0.0,
15.0,
0.0,
4.0,
0.0,
0.0,
0.0,
0.0,
0.0,
0.0,
0.0,
0.0,
0.0,
0.0,
0.0,
0.0,
0.0,
0.0,
0.0,
0.0,
0.0,
9.0,
11.0,
8.0,
0.0,
0.0,
0.0,
1.0,
2.0,
10.0,
0.0,
1.0,
6.0,
0.0,
0.0,
0.0,
0.0,
0.0,
0.0,
0.0,
0.0,
0.0,
0.0,
0.0,
0.0,
10.0,
0.0,
0.0,
11.0,
0.0,
0.0,
107.0,
234.0,
125.0,
0.0,
0.0,
0.0,
2.0,
0.0,
0.0,
7.0,
0.0,
0.0,
0.0,
0.0,
0.0,
0.0,
0.0,
0.0,
0.0,
0.0,
0.0,
0.0,
0.0,
8.0,
5.0,
0.0,
7.0,
137.0,
238.0,
255.0,
188.0,
14.0,
5.0,
4.0,
1.0,
6.0,
0.0,
0.0,
0.0,
0.0,
0.0,
0.0,
0.0,
0.0,
0.0,
0.0,
0.0,
0.0,
0.0,
0.0,
9.0,
10.0,
0.0,
0.0,
0.0,
149.0,
241.0,
252.0,
92.0,
0.0,
0.0,
0.0,
0.0,
0.0,
0.0,
3.0,
0.0,
0.0,
0.0,
0.0,
0.0,
0.0,
0.0,
0.0,
0.0,
0.0,
0.0,
0.0,
0.0,
9.0,
0.0,
11.0,
13.0,
208.0,
255.0,
239.0,
46.0,
7.0,
9.0,
0.0,
3.0,
0.0,
3.0,
0.0,
0.0,
0.0,
0.0,
0.0,
0.0,
2.0,
3.0,
0.0,
0.0,
0.0,
0.0,
0.0,
11.0,
0.0,
7.0,
8.0,
112.0,
240.0,
253.0,
255.0,
54.0,
8.0,
1.0,
0.0,
13.0,
2.0,
0.0,
0.0,
0.0,
0.0,
0.0,
0.0,
0.0,
0.0,
0.0,
0.0,
0.0,
0.0,
1.0,
0.0,
0.0,
0.0,
5.0,
113.0,
237.0,
208.0,
241.0,
255.0,
186.0,
5.0,
0.0,
0.0,
13.0,
0.0,
0.0,
9.0,
0.0,
0.0,
0.0,
0.0,
0.0,
0.0,
0.0,
0.0,
1.0,
2.0,
1.0,
0.0,
2.0,
15.0,
202.0,
243.0,
251.0,
85.0,
133.0,
251.0,
213.0,
0.0,
12.0,
0.0,
0.0,
0.0,
0.0,
4.0,
0.0,
0.0,
0.0,
0.0,
0.0,
0.0,
0.0,
0.0,
2.0,
1.0,
0.0,
0.0,
0.0,
86.0,
239.0,
242.0,
106.0,
0.0,
100.0,
242.0,
186.0,
0.0,
5.0,
0.0,
0.0,
2.0,
0.0,
0.0,
0.0,
0.0,
0.0,
0.0,
4.0,
0.0,
0.0,
1.0,
2.0,
0.0,
0.0,
2.0,
38.0,
203.0,
247.0,
202.0,
0.0,
0.0,
19.0,
213.0,
236.0,
86.0,
0.0,
0.0,
10.0,
1.0,
0.0,
6.0,
0.0,
0.0,
0.0,
0.0,
5.0,
0.0,
0.0,
2.0,
1.0,
0.0,
1.0,
10.0,
127.0,
252.0,
252.0,
115.0,
0.0,
26.0,
0.0,
244.0,
255.0,
212.0,
58.0,
5.0,
2.0,
0.0,
0.0,
5.0,
0.0,
0.0,
0.0,
0.0,
3.0,
0.0,
0.0,
3.0,
0.0,
0.0,
5.0,
20.0,
255.0,
255.0,
107.0,
6.0,
8.0,
0.0,
6.0,
210.0,
242.0,
255.0,
119.0,
3.0,
0.0,
0.0,
6.0,
0.0,
0.0,
0.0,
0.0,
0.0,
1.0,
0.0,
0.0,
3.0,
0.0,
0.0,
9.0,
28.0,
249.0,
149.0,
0.0,
1.0,
0.0,
53.0,
42.0,
238.0,
255.0,
253.0,
114.0,
0.0,
7.0,
0.0,
3.0,
0.0,
0.0,
0.0,
0.0,
0.0,
3.0,
0.0,
5.0,
0.0,
8.0,
0.0,
7.0,
132.0,
255.0,
222.0,
210.0,
201.0,
192.0,
230.0,
217.0,
255.0,
255.0,
244.0,
111.0,
11.0,
0.0,
3.0,
24.0,
0.0,
0.0,
0.0,
0.0,
0.0,
1.0,
0.0,
7.0,
0.0,
2.0,
0.0,
0.0,
78.0,
249.0,
229.0,
236.0,
234.0,
216.0,
221.0,
177.0,
190.0,
216.0,
255.0,
99.0,
0.0,
6.0,
0.0,
0.0,
20.0,
0.0,
0.0,
0.0,
0.0,
0.0,
0.0,
8.0,
0.0,
0.0,
7.0,
0.0,
21.0,
112.0,
72.0,
45.0,
14.0,
0.0,
5.0,
0.0,
18.0,
58.0,
238.0,
130.0,
0.0,
4.0,
1.0,
0.0,
0.0,
0.0,
0.0,
0.0,
0.0,
2.0,
0.0,
5.0,
0.0,
0.0,
11.0,
0.0,
0.0,
4.0,
0.0,
5.0,
5.0,
3.0,
6.0,
0.0,
0.0,
52.0,
255.0,
239.0,
12.0,
0.0,
10.0,
15.0,
0.0,
0.0,
0.0,
0.0,
0.0,
6.0,
0.0,
0.0,
3.0,
0.0,
5.0,
3.0,
0.0,
0.0,
0.0,
0.0,
0.0,
1.0,
5.0,
5.0,
12.0,
64.0,
241.0,
255.0,
0.0,
0.0,
0.0,
0.0,
0.0,
0.0,
0.0,
0.0,
0.0,
6.0,
0.0,
0.0,
3.0,
0.0,
0.0,
1.0,
2.0,
7.0,
3.0,
9.0,
0.0,
4.0,
0.0,
0.0,
0.0,
55.0,
242.0,
255.0,
7.0,
6.0,
11.0,
0.0,
6.0,
0.0,
0.0,
0.0,
0.0,
0.0,
3.0,
0.0,
1.0,
0.0,
0.0,
1.0,
0.0,
0.0,
0.0,
0.0,
0.0,
2.0,
0.0,
11.0,
8.0,
58.0,
255.0,
251.0,
98.0,
0.0,
8.0,
0.0,
3.0,
0.0,
0.0,
0.0,
0.0,
0.0,
9.0,
4.0,
0.0,
3.0,
5.0,
5.0,
0.0,
0.0,
1.0,
6.0,
0.0,
6.0,
0.0,
3.0,
0.0,
19.0,
213.0,
245.0,
255.0,
22.0,
8.0,
0.0,
5.0,
0.0,
0.0,
0.0,
0.0,
0.0,
0.0,
0.0,
0.0,
0.0,
0.0,
0.0,
0.0,
0.0,
0.0,
0.0,
0.0,
0.0,
0.0,
0.0,
0.0,
0.0,
0.0,
0.0,
0.0,
0.0,
0.0,
0.0,
0.0,
0.0,
0.0,
0.0,
0.0,
0.0,
0.0,
0.0,
0.0,
0.0,
0.0,
0.0,
0.0,
0.0,
0.0,
0.0,
0.0,
0.0,
0.0,
0.0,
0.0,
0.0,
0.0,
0.0,
0.0,
0.0,
0.0,
0.0,
0.0,
0.0,
0.0,
0.0,
0.0,
0.0,
0.0,
0.0,
0.0,
0.0,
0.0,
0.0,
0.0,
0.0,
0.0,
0.0,
0.0,
0.0,
0.0,
0.0,
0.0,
0.0,
0.0,
0.0,
0.0,
0.0,
0.0,
0.0,
0.0,
0.0,
0.0,
0.0,
0.0,
0.0,
0.0,
0.0,
0.0,
0.0,
0.0,
0.0,
0.0,
0.0,
0.0,
0.0,
0.0,
0.0,
0.0,
0.0,
0.0,
0.0,
0.0,
0.0,
0.0,
0.0,
0.0,
0.0,
0.0,
0.0,
0.0,
0.0,
0.0,
