0.0,
0.0,
0.0,
0.0,
0.0,
0.0,
0.0,
0.0,
0.0,
0.0,
0.0,
0.0,
0.0,
0.0,
0.0,
0.0,
5.0,
0.0,
0.0,
3.0,
0.0,
2.0,
5.0,
0.0,
1.0,
0.0,
0.0,
4.0,
0.0,
0.0,
0.0,
0.0,
0.0,
0.0,
0.0,
0.0,
0.0,
0.0,
0.0,
0.0,
0.0,
0.0,
0.0,
0.0,
0.0,
0.0,
2.0,
4.0,
0.0,
0.0,
4.0,
1.0,
5.0,
8.0,
25.0,
0.0,
0.0,
0.0,
0.0,
0.0,
0.0,
0.0,
0.0,
0.0,
0.0,
0.0,
0.0,
0.0,
0.0,
0.0,
0.0,
0.0,
0.0,
1.0,
3.0,
0.0,
0.0,
0.0,
0.0,
0.0,
2.0,
0.0,
5.0,
0.0,
0.0,
0.0,
0.0,
0.0,
0.0,
0.0,
0.0,
0.0,
0.0,
0.0,
0.0,
0.0,
0.0,
0.0,
0.0,
0.0,
1.0,
3.0,
0.0,
0.0,
0.0,
0.0,
0.0,
0.0,
10.0,
1.0,
5.0,
8.0,
0.0,
0.0,
0.0,
0.0,
0.0,
0.0,
0.0,
0.0,
0.0,
0.0,
0.0,
0.0,
0.0,
0.0,
0.0,
0.0,
0.0,
0.0,
0.0,
0.0,
10.0,
3.0,
0.0,
5.0,
0.0,
25.0,
0.0,
0.0,
0.0,
0.0,
0.0,
0.0,
0.0,
0.0,
0.0,
0.0,
0.0,
0.0,
0.0,
0.0,
0.0,
0.0,
0.0,
0.0,
0.0,
1.0,
0.0,
0.0,
6.0,
0.0,
0.0,
29.0,
175.0,
128.0,
8.0,
9.0,
0.0,
0.0,
0.0,
0.0,
0.0,
0.0,
0.0,
0.0,
0.0,
0.0,
0.0,
0.0,
0.0,
0.0,
0.0,
0.0,
0.0,
5.0,
0.0,
0.0,
0.0,
0.0,
35.0,
125.0,
235.0,
79.0,
0.0,
1.0,
0.0,
0.0,
0.0,
0.0,
0.0,
0.0,
0.0,
0.0,
0.0,
0.0,
0.0,
0.0,
0.0,
0.0,
0.0,
0.0,
0.0,
4.0,
0.0,
0.0,
0.0,
10.0,
107.0,
246.0,
146.0,
0.0,
6.0,
6.0,
0.0,
0.0,
0.0,
0.0,
0.0,
0.0,
0.0,
0.0,
5.0,
0.0,
4.0,
0.0,
18.0,
60.0,
0.0,
0.0,
9.0,
0.0,
0.0,
0.0,
8.0,
81.0,
252.0,
180.0,
0.0,
0.0,
0.0,
0.0,
0.0,
0.0,
0.0,
0.0,
0.0,
0.0,
0.0,
0.0,
0.0,
10.0,
0.0,
29.0,
238.0,
227.0,
26.0,
16.0,
0.0,
8.0,
0.0,
8.0,
48.0,
247.0,
160.0,
22.0,
0.0,
0.0,
0.0,
0.0,
0.0,
0.0,
0.0,
0.0,
0.0,
0.0,
0.0,
0.0,
11.0,
5.0,
12.0,
190.0,
223.0,
97.0,
10.0,
0.0,
1.0,
0.0,
15.0,
31.0,
232.0,
195.0,
7.0,
0.0,
0.0,
0.0,
0.0,
0.0,
0.0,
0.0,
0.0,
0.0,
0.0,
0.0,
0.0,
0.0,
0.0,
0.0,
58.0,
246.0,
85.0,
6.0,
10.0,
0.0,
11.0,
0.0,
50.0,
230.0,
202.0,
3.0,
1.0,
3.0,
0.0,
0.0,
0.0,
0.0,
0.0,
0.0,
0.0,
0.0,
0.0,
0.0,
0.0,
0.0,
17.0,
0.0,
168.0,
237.0,
11.0,
16.0,
0.0,
3.0,
1.0,
11.0,
207.0,
238.0,
15.0,
4.0,
0.0,
3.0,
0.0,
0.0,
0.0,
0.0,
0.0,
0.0,
0.0,
0.0,
0.0,
0.0,
0.0,
0.0,
0.0,
78.0,
252.0,
155.0,
0.0,
2.0,
0.0,
7.0,
25.0,
172.0,
212.0,
52.0,
0.0,
0.0,
6.0,
0.0,
0.0,
0.0,
0.0,
0.0,
0.0,
0.0,
0.0,
0.0,
0.0,
0.0,
0.0,
0.0,
16.0,
240.0,
229.0,
18.0,
4.0,
2.0,
7.0,
0.0,
163.0,
231.0,
140.0,
4.0,
0.0,
7.0,
0.0,
7.0,
0.0,
0.0,
0.0,
0.0,
0.0,
0.0,
0.0,
0.0,
0.0,
0.0,
0.0,
0.0,
195.0,
249.0,
234.0,
151.0,
134.0,
130.0,
187.0,
221.0,
246.0,
247.0,
117.0,
35.0,
19.0,
0.0,
0.0,
3.0,
0.0,
0.0,
0.0,
0.0,
0.0,
0.0,
4.0,
0.0,
4.0,
0.0,
10.0,
136.0,
242.0,
255.0,
254.0,
187.0,
214.0,
201.0,
208.0,
255.0,
242.0,
199.0,
210.0,
194.0,
82.0,
0.0,
0.0,
1.0,
0.0,
0.0,
0.0,
0.0,
0.0,
12.0,
4.0,
0.0,
0.0,
12.0,
121.0,
255.0,
210.0,
110.0,
35.0,
3.0,
0.0,
15.0,
125.0,
242.0,
52.0,
3.0,
0.0,
12.0,
0.0,
0.0,
3.0,
0.0,
0.0,
0.0,
0.0,
0.0,
0.0,
13.0,
0.0,
0.0,
0.0,
9.0,
108.0,
190.0,
18.0,
9.0,
14.0,
0.0,
3.0,
20.0,
244.0,
153.0,
11.0,
0.0,
0.0,
0.0,
0.0,
9.0,
14.0,
0.0,
0.0,
0.0,
0.0,
0.0,
2.0,
0.0,
0.0,
4.0,
2.0,
0.0,
10.0,
9.0,
0.0,
15.0,
0.0,
22.0,
0.0,
190.0,
255.0,
51.0,
0.0,
7.0,
12.0,
6.0,
1.0,
0.0,
0.0,
0.0,
0.0,
0.0,
0.0,
0.0,
0.0,
0.0,
12.0,
8.0,
0.0,
2.0,
0.0,
0.0,
0.0,
0.0,
19.0,
0.0,
47.0,
252.0,
113.0,
0.0,
0.0,
0.0,
0.0,
0.0,
7.0,
6.0,
2.0,
11.0,
0.0,
0.0,
0.0,
0.0,
6.0,
0.0,
12.0,
0.0,
0.0,
11.0,
1.0,
9.0,
20.0,
0.0,
0.0,
0.0,
163.0,
235.0,
29.0,
0.0,
6.0,
0.0,
0.0,
0.0,
3.0,
0.0,
0.0,
2.0,
0.0,
0.0,
0.0,
0.0,
7.0,
1.0,
0.0,
0.0,
0.0,
2.0,
0.0,
0.0,
6.0,
0.0,
4.0,
100.0,
229.0,
27.0,
0.0,
5.0,
0.0,
1.0,
6.0,
9.0,
3.0,
0.0,
0.0,
2.0,
0.0,
0.0,
0.0,
0.0,
0.0,
11.0,
0.0,
1.0,
4.0,
0.0,
8.0,
3.0,
0.0,
11.0,
11.0,
192.0,
92.0,
1.0,
7.0,
0.0,
6.0,
0.0,
0.0,
0.0,
0.0,
2.0,
6.0,
0.0,
0.0,
0.0,
0.0,
0.0,
0.0,
0.0,
0.0,
0.0,
0.0,
0.0,
0.0,
0.0,
0.0,
3.0,
43.0,
123.0,
0.0,
10.0,
0.0,
0.0,
0.0,
0.0,
0.0,
0.0,
0.0,
0.0,
0.0,
0.0,
0.0,
0.0,
0.0,
0.0,
0.0,
0.0,
0.0,
0.0,
0.0,
0.0,
0.0,
0.0,
8.0,
0.0,
0.0,
35.0,
0.0,
2.0,
0.0,
4.0,
0.0,
0.0,
0.0,
0.0,
0.0,
0.0,
0.0,
0.0,
0.0,
0.0,
0.0,
0.0,
0.0,
0.0,
0.0,
0.0,
0.0,
0.0,
0.0,
0.0,
3.0,
0.0,
0.0,
0.0,
6.0,
4.0,
0.0,
2.0,
0.0,
0.0,
0.0,
0.0,
0.0,
0.0,
0.0,
0.0,
0.0,
0.0,
0.0,
0.0,
0.0,
0.0,
0.0,
0.0,
0.0,
0.0,
0.0,
0.0,
0.0,
5.0,
4.0,
0.0,
13.0,
3.0,
0.0,
0.0,
0.0,
0.0,
0.0,
0.0,
0.0,
0.0,
0.0,
0.0,
0.0,
0.0,
0.0,
0.0,
