0.0,
0.0,
0.0,
0.0,
0.0,
0.0,
0.0,
0.0,
0.0,
4.0,
3.0,
0.0,
14.0,
0.0,
0.0,
6.0,
0.0,
7.0,
2.0,
4.0,
6.0,
0.0,
12.0,
0.0,
0.0,
0.0,
0.0,
0.0,
0.0,
0.0,
0.0,
0.0,
0.0,
0.0,
0.0,
0.0,
10.0,
0.0,
0.0,
0.0,
1.0,
0.0,
8.0,
0.0,
4.0,
0.0,
6.0,
0.0,
0.0,
0.0,
14.0,
0.0,
0.0,
0.0,
0.0,
0.0,
0.0,
0.0,
0.0,
0.0,
0.0,
0.0,
0.0,
0.0,
2.0,
1.0,
6.0,
0.0,
0.0,
0.0,
2.0,
0.0,
10.0,
0.0,
0.0,
9.0,
0.0,
13.0,
0.0,
4.0,
0.0,
0.0,
0.0,
0.0,
0.0,
0.0,
0.0,
0.0,
0.0,
0.0,
0.0,
0.0,
0.0,
1.0,
0.0,
0.0,
7.0,
1.0,
0.0,
9.0,
0.0,
0.0,
4.0,
4.0,
0.0,
7.0,
0.0,
4.0,
0.0,
0.0,
0.0,
0.0,
0.0,
0.0,
0.0,
0.0,
0.0,
0.0,
0.0,
0.0,
26.0,
0.0,
0.0,
13.0,
0.0,
4.0,
9.0,
0.0,
0.0,
10.0,
5.0,
0.0,
0.0,
0.0,
14.0,
0.0,
0.0,
0.0,
0.0,
0.0,
0.0,
0.0,
0.0,
0.0,
0.0,
0.0,
0.0,
0.0,
0.0,
56.0,
203.0,
251.0,
14.0,
0.0,
15.0,
0.0,
0.0,
5.0,
0.0,
89.0,
2.0,
4.0,
0.0,
2.0,
0.0,
0.0,
0.0,
0.0,
0.0,
0.0,
0.0,
0.0,
0.0,
0.0,
0.0,
0.0,
19.0,
128.0,
244.0,
255.0,
0.0,
0.0,
7.0,
0.0,
2.0,
0.0,
62.0,
240.0,
3.0,
9.0,
0.0,
7.0,
0.0,
0.0,
0.0,
0.0,
0.0,
0.0,
0.0,
0.0,
0.0,
0.0,
0.0,
0.0,
0.0,
183.0,
255.0,
253.0,
0.0,
11.0,
0.0,
11.0,
1.0,
1.0,
187.0,
255.0,
0.0,
0.0,
22.0,
0.0,
0.0,
0.0,
0.0,
0.0,
0.0,
0.0,
2.0,
1.0,
0.0,
3.0,
9.0,
2.0,
0.0,
255.0,
250.0,
199.0,
0.0,
0.0,
10.0,
0.0,
6.0,
0.0,
255.0,
255.0,
5.0,
0.0,
4.0,
0.0,
0.0,
0.0,
0.0,
0.0,
5.0,
1.0,
0.0,
0.0,
4.0,
2.0,
0.0,
0.0,
195.0,
254.0,
255.0,
101.0,
16.0,
15.0,
0.0,
3.0,
0.0,
196.0,
255.0,
169.0,
0.0,
0.0,
12.0,
0.0,
0.0,
0.0,
0.0,
0.0,
0.0,
4.0,
0.0,
0.0,
3.0,
0.0,
1.0,
25.0,
244.0,
255.0,
253.0,
8.0,
9.0,
1.0,
1.0,
0.0,
8.0,
253.0,
251.0,
5.0,
9.0,
7.0,
0.0,
8.0,
0.0,
0.0,
0.0,
0.0,
0.0,
0.0,
0.0,
0.0,
20.0,
2.0,
0.0,
0.0,
255.0,
255.0,
60.0,
0.0,
0.0,
0.0,
9.0,
2.0,
0.0,
255.0,
133.0,
0.0,
6.0,
0.0,
8.0,
0.0,
0.0,
0.0,
0.0,
0.0,
0.0,
16.0,
16.0,
0.0,
0.0,
0.0,
37.0,
119.0,
250.0,
237.0,
21.0,
0.0,
6.0,
0.0,
12.0,
0.0,
15.0,
255.0,
122.0,
6.0,
0.0,
0.0,
20.0,
0.0,
0.0,
0.0,
0.0,
0.0,
0.0,
2.0,
0.0,
0.0,
12.0,
2.0,
0.0,
1.0,
255.0,
255.0,
175.0,
27.0,
0.0,
0.0,
0.0,
15.0,
121.0,
240.0,
151.0,
0.0,
7.0,
6.0,
0.0,
4.0,
0.0,
0.0,
0.0,
0.0,
0.0,
0.0,
0.0,
0.0,
2.0,
3.0,
0.0,
0.0,
248.0,
255.0,
255.0,
235.0,
135.0,
141.0,
0.0,
58.0,
201.0,
255.0,
115.0,
8.0,
2.0,
4.0,
0.0,
5.0,
0.0,
0.0,
0.0,
0.0,
0.0,
1.0,
6.0,
2.0,
0.0,
0.0,
6.0,
2.0,
196.0,
245.0,
255.0,
244.0,
254.0,
255.0,
253.0,
255.0,
248.0,
244.0,
201.0,
0.0,
0.0,
7.0,
0.0,
5.0,
0.0,
0.0,
0.0,
0.0,
0.0,
0.0,
0.0,
0.0,
0.0,
0.0,
0.0,
0.0,
3.0,
67.0,
255.0,
237.0,
255.0,
255.0,
255.0,
255.0,
248.0,
255.0,
195.0,
1.0,
0.0,
3.0,
0.0,
1.0,
0.0,
0.0,
0.0,
0.0,
0.0,
0.0,
0.0,
0.0,
0.0,
0.0,
0.0,
0.0,
0.0,
1.0,
2.0,
72.0,
141.0,
241.0,
142.0,
184.0,
255.0,
248.0,
117.0,
11.0,
0.0,
6.0,
16.0,
0.0,
0.0,
0.0,
0.0,
0.0,
0.0,
0.0,
0.0,
0.0,
0.0,
0.0,
0.0,
0.0,
0.0,
8.0,
0.0,
0.0,
0.0,
18.0,
0.0,
136.0,
241.0,
255.0,
0.0,
10.0,
0.0,
0.0,
0.0,
0.0,
0.0,
0.0,
0.0,
0.0,
0.0,
0.0,
0.0,
0.0,
0.0,
0.0,
0.0,
0.0,
0.0,
0.0,
21.0,
18.0,
7.0,
0.0,
4.0,
118.0,
255.0,
180.0,
28.0,
0.0,
2.0,
0.0,
2.0,
0.0,
0.0,
0.0,
0.0,
0.0,
0.0,
0.0,
0.0,
0.0,
0.0,
0.0,
0.0,
0.0,
11.0,
0.0,
0.0,
6.0,
0.0,
5.0,
0.0,
79.0,
245.0,
251.0,
0.0,
14.0,
8.0,
2.0,
0.0,
8.0,
0.0,
0.0,
0.0,
0.0,
0.0,
0.0,
0.0,
0.0,
0.0,
0.0,
0.0,
0.0,
0.0,
22.0,
6.0,
0.0,
0.0,
4.0,
0.0,
119.0,
255.0,
213.0,
0.0,
0.0,
0.0,
0.0,
13.0,
0.0,
0.0,
0.0,
0.0,
0.0,
0.0,
0.0,
0.0,
0.0,
0.0,
0.0,
0.0,
0.0,
0.0,
2.0,
0.0,
0.0,
26.0,
16.0,
0.0,
14.0,
250.0,
251.0,
0.0,
8.0,
0.0,
4.0,
3.0,
0.0,
0.0,
0.0,
0.0,
0.0,
0.0,
0.0,
0.0,
0.0,
0.0,
0.0,
0.0,
0.0,
8.0,
0.0,
7.0,
11.0,
0.0,
0.0,
0.0,
6.0,
254.0,
190.0,
77.0,
0.0,
8.0,
2.0,
0.0,
7.0,
0.0,
0.0,
0.0,
0.0,
0.0,
0.0,
0.0,
0.0,
0.0,
0.0,
0.0,
0.0,
0.0,
0.0,
0.0,
0.0,
0.0,
0.0,
0.0,
0.0,
132.0,
185.0,
121.0,
7.0,
0.0,
10.0,
0.0,
0.0,
0.0,
0.0,
0.0,
0.0,
0.0,
0.0,
0.0,
0.0,
0.0,
0.0,
0.0,
0.0,
0.0,
0.0,
0.0,
0.0,
0.0,
0.0,
0.0,
0.0,
0.0,
23.0,
9.0,
0.0,
1.0,
5.0,
0.0,
7.0,
0.0,
0.0,
0.0,
0.0,
0.0,
0.0,
0.0,
0.0,
0.0,
0.0,
0.0,
0.0,
0.0,
0.0,
0.0,
0.0,
0.0,
0.0,
0.0,
0.0,
0.0,
0.0,
0.0,
0.0,
12.0,
0.0,
0.0,
4.0,
0.0,
0.0,
0.0,
0.0,
0.0,
0.0,
0.0,
0.0,
0.0,
0.0,
0.0,
0.0,
0.0,
0.0,
0.0,
0.0,
0.0,
0.0,
0.0,
0.0,
17.0,
7.0,
3.0,
3.0,
1.0,
2.0,
3.0,
0.0,
0.0,
0.0,
0.0,
0.0,
