0.0,
0.0,
0.0,
0.0,
0.0,
0.0,
0.0,
0.0,
0.0,
0.0,
13.0,
0.0,
1.0,
0.0,
3.0,
1.0,
0.0,
3.0,
0.0,
0.0,
5.0,
0.0,
0.0,
4.0,
0.0,
0.0,
0.0,
0.0,
0.0,
0.0,
0.0,
0.0,
0.0,
0.0,
0.0,
0.0,
7.0,
5.0,
0.0,
0.0,
16.0,
0.0,
6.0,
0.0,
2.0,
3.0,
7.0,
0.0,
9.0,
6.0,
5.0,
3.0,
0.0,
0.0,
0.0,
0.0,
0.0,
0.0,
0.0,
0.0,
0.0,
0.0,
0.0,
0.0,
0.0,
9.0,
0.0,
0.0,
8.0,
0.0,
9.0,
0.0,
4.0,
0.0,
0.0,
2.0,
10.0,
0.0,
0.0,
0.0,
0.0,
0.0,
0.0,
0.0,
0.0,
0.0,
0.0,
0.0,
0.0,
0.0,
0.0,
0.0,
0.0,
4.0,
12.0,
0.0,
0.0,
0.0,
9.0,
0.0,
7.0,
0.0,
0.0,
4.0,
0.0,
0.0,
9.0,
1.0,
0.0,
0.0,
0.0,
0.0,
0.0,
0.0,
0.0,
0.0,
0.0,
0.0,
0.0,
0.0,
7.0,
0.0,
15.0,
11.0,
0.0,
5.0,
1.0,
0.0,
0.0,
21.0,
0.0,
14.0,
0.0,
0.0,
15.0,
0.0,
0.0,
0.0,
0.0,
0.0,
0.0,
0.0,
0.0,
0.0,
0.0,
0.0,
0.0,
0.0,
4.0,
0.0,
0.0,
3.0,
0.0,
4.0,
0.0,
8.0,
0.0,
7.0,
0.0,
114.0,
83.0,
0.0,
0.0,
0.0,
0.0,
0.0,
0.0,
0.0,
0.0,
0.0,
0.0,
0.0,
0.0,
0.0,
0.0,
0.0,
0.0,
74.0,
12.0,
0.0,
3.0,
0.0,
0.0,
7.0,
9.0,
0.0,
6.0,
216.0,
223.0,
6.0,
0.0,
11.0,
0.0,
0.0,
0.0,
0.0,
0.0,
0.0,
0.0,
0.0,
0.0,
0.0,
0.0,
0.0,
13.0,
200.0,
81.0,
0.0,
7.0,
0.0,
5.0,
0.0,
0.0,
0.0,
1.0,
202.0,
246.0,
0.0,
6.0,
0.0,
0.0,
0.0,
0.0,
0.0,
0.0,
5.0,
0.0,
0.0,
3.0,
0.0,
0.0,
11.0,
85.0,
254.0,
193.0,
6.0,
0.0,
3.0,
0.0,
0.0,
2.0,
0.0,
0.0,
234.0,
250.0,
0.0,
0.0,
1.0,
0.0,
0.0,
0.0,
0.0,
0.0,
8.0,
0.0,
4.0,
0.0,
0.0,
16.0,
0.0,
132.0,
249.0,
212.0,
0.0,
0.0,
10.0,
0.0,
5.0,
11.0,
0.0,
39.0,
247.0,
248.0,
56.0,
0.0,
15.0,
0.0,
0.0,
0.0,
0.0,
0.0,
4.0,
0.0,
1.0,
0.0,
7.0,
3.0,
29.0,
225.0,
255.0,
161.0,
0.0,
0.0,
0.0,
0.0,
3.0,
0.0,
0.0,
84.0,
245.0,
235.0,
75.0,
0.0,
0.0,
0.0,
0.0,
0.0,
0.0,
0.0,
0.0,
11.0,
0.0,
3.0,
9.0,
0.0,
147.0,
255.0,
238.0,
40.0,
7.0,
9.0,
0.0,
0.0,
4.0,
0.0,
0.0,
74.0,
255.0,
255.0,
50.0,
27.0,
5.0,
0.0,
0.0,
0.0,
0.0,
3.0,
0.0,
11.0,
0.0,
0.0,
4.0,
22.0,
239.0,
247.0,
188.0,
0.0,
6.0,
10.0,
0.0,
0.0,
0.0,
14.0,
0.0,
28.0,
255.0,
255.0,
8.0,
0.0,
0.0,
0.0,
0.0,
0.0,
0.0,
6.0,
0.0,
0.0,
9.0,
0.0,
0.0,
139.0,
255.0,
244.0,
216.0,
184.0,
180.0,
194.0,
163.0,
103.0,
74.0,
78.0,
62.0,
71.0,
249.0,
238.0,
67.0,
0.0,
13.0,
0.0,
0.0,
0.0,
0.0,
2.0,
1.0,
0.0,
6.0,
0.0,
8.0,
204.0,
252.0,
255.0,
252.0,
255.0,
245.0,
255.0,
255.0,
248.0,
249.0,
249.0,
244.0,
239.0,
255.0,
251.0,
79.0,
0.0,
0.0,
0.0,
0.0,
0.0,
0.0,
0.0,
1.0,
6.0,
0.0,
3.0,
20.0,
195.0,
255.0,
250.0,
255.0,
243.0,
255.0,
250.0,
248.0,
254.0,
255.0,
255.0,
250.0,
255.0,
245.0,
254.0,
5.0,
0.0,
8.0,
0.0,
0.0,
0.0,
0.0,
0.0,
3.0,
0.0,
3.0,
0.0,
24.0,
156.0,
255.0,
250.0,
251.0,
252.0,
253.0,
254.0,
255.0,
255.0,
255.0,
255.0,
241.0,
230.0,
255.0,
244.0,
7.0,
0.0,
3.0,
0.0,
0.0,
0.0,
0.0,
0.0,
4.0,
0.0,
5.0,
0.0,
0.0,
68.0,
131.0,
117.0,
88.0,
48.0,
19.0,
20.0,
50.0,
92.0,
122.0,
53.0,
38.0,
28.0,
208.0,
240.0,
5.0,
1.0,
0.0,
0.0,
0.0,
0.0,
0.0,
0.0,
0.0,
0.0,
7.0,
2.0,
0.0,
6.0,
18.0,
0.0,
0.0,
0.0,
0.0,
1.0,
0.0,
0.0,
0.0,
1.0,
0.0,
0.0,
235.0,
255.0,
11.0,
0.0,
3.0,
0.0,
0.0,
0.0,
0.0,
0.0,
0.0,
0.0,
4.0,
8.0,
3.0,
0.0,
0.0,
2.0,
1.0,
1.0,
0.0,
1.0,
2.0,
3.0,
4.0,
2.0,
0.0,
12.0,
231.0,
235.0,
0.0,
0.0,
0.0,
0.0,
0.0,
0.0,
0.0,
2.0,
0.0,
1.0,
0.0,
0.0,
3.0,
0.0,
0.0,
0.0,
0.0,
0.0,
1.0,
1.0,
0.0,
0.0,
0.0,
1.0,
0.0,
5.0,
223.0,
254.0,
5.0,
7.0,
9.0,
0.0,
0.0,
0.0,
0.0,
0.0,
0.0,
5.0,
0.0,
0.0,
2.0,
0.0,
3.0,
8.0,
5.0,
1.0,
0.0,
0.0,
1.0,
5.0,
9.0,
0.0,
11.0,
0.0,
221.0,
255.0,
0.0,
0.0,
0.0,
0.0,
0.0,
0.0,
0.0,
0.0,
0.0,
4.0,
0.0,
0.0,
7.0,
0.0,
7.0,
0.0,
0.0,
1.0,
4.0,
4.0,
1.0,
0.0,
0.0,
0.0,
11.0,
6.0,
199.0,
255.0,
73.0,
6.0,
3.0,
0.0,
0.0,
0.0,
0.0,
8.0,
0.0,
0.0,
0.0,
0.0,
7.0,
0.0,
0.0,
3.0,
1.0,
0.0,
0.0,
0.0,
0.0,
1.0,
3.0,
8.0,
0.0,
0.0,
134.0,
240.0,
174.0,
1.0,
0.0,
0.0,
0.0,
0.0,
0.0,
0.0,
0.0,
0.0,
0.0,
0.0,
0.0,
0.0,
0.0,
0.0,
0.0,
0.0,
0.0,
0.0,
0.0,
0.0,
0.0,
5.0,
0.0,
4.0,
36.0,
255.0,
19.0,
0.0,
1.0,
0.0,
0.0,
0.0,
0.0,
0.0,
0.0,
0.0,
0.0,
0.0,
0.0,
0.0,
0.0,
0.0,
0.0,
0.0,
0.0,
0.0,
0.0,
0.0,
0.0,
0.0,
16.0,
0.0,
0.0,
19.0,
0.0,
5.0,
4.0,
0.0,
0.0,
0.0,
0.0,
0.0,
0.0,
0.0,
0.0,
0.0,
0.0,
0.0,
0.0,
0.0,
0.0,
0.0,
0.0,
0.0,
0.0,
0.0,
0.0,
0.0,
7.0,
4.0,
10.0,
0.0,
0.0,
13.0,
0.0,
0.0,
0.0,
0.0,
0.0,
0.0,
0.0,
0.0,
0.0,
0.0,
0.0,
0.0,
0.0,
0.0,
0.0,
0.0,
0.0,
0.0,
0.0,
0.0,
0.0,
8.0,
0.0,
0.0,
0.0,
24.0,
0.0,
0.0,
5.0,
0.0,
0.0,
0.0,
0.0,
