0.0,
0.0,
0.0,
0.0,
0.0,
0.0,
0.0,
0.0,
0.0,
3.0,
1.0,
2.0,
5.0,
0.0,
0.0,
6.0,
0.0,
4.0,
0.0,
0.0,
11.0,
0.0,
11.0,
0.0,
0.0,
0.0,
0.0,
2.0,
0.0,
0.0,
0.0,
0.0,
0.0,
0.0,
0.0,
0.0,
0.0,
0.0,
0.0,
0.0,
0.0,
2.0,
0.0,
0.0,
6.0,
0.0,
3.0,
12.0,
0.0,
0.0,
4.0,
0.0,
8.0,
5.0,
5.0,
0.0,
0.0,
0.0,
0.0,
0.0,
0.0,
0.0,
0.0,
0.0,
7.0,
0.0,
0.0,
0.0,
0.0,
4.0,
9.0,
3.0,
6.0,
1.0,
0.0,
0.0,
0.0,
14.0,
9.0,
0.0,
0.0,
0.0,
4.0,
2.0,
0.0,
0.0,
0.0,
0.0,
0.0,
0.0,
0.0,
0.0,
6.0,
0.0,
0.0,
5.0,
0.0,
0.0,
0.0,
0.0,
0.0,
9.0,
3.0,
0.0,
11.0,
0.0,
0.0,
5.0,
7.0,
0.0,
0.0,
6.0,
0.0,
0.0,
0.0,
0.0,
0.0,
0.0,
0.0,
0.0,
0.0,
0.0,
3.0,
11.0,
7.0,
0.0,
0.0,
0.0,
9.0,
0.0,
0.0,
0.0,
1.0,
0.0,
153.0,
241.0,
54.0,
13.0,
0.0,
2.0,
0.0,
0.0,
0.0,
0.0,
0.0,
0.0,
0.0,
0.0,
1.0,
13.0,
2.0,
0.0,
0.0,
4.0,
2.0,
3.0,
1.0,
0.0,
11.0,
10.0,
0.0,
94.0,
253.0,
235.0,
48.0,
8.0,
0.0,
3.0,
0.0,
0.0,
0.0,
0.0,
0.0,
0.0,
0.0,
0.0,
0.0,
3.0,
0.0,
0.0,
18.0,
7.0,
0.0,
2.0,
3.0,
0.0,
8.0,
0.0,
27.0,
223.0,
252.0,
139.0,
7.0,
0.0,
0.0,
6.0,
0.0,
0.0,
0.0,
0.0,
0.0,
0.0,
0.0,
0.0,
2.0,
1.0,
4.0,
61.0,
108.0,
44.0,
0.0,
10.0,
0.0,
8.0,
0.0,
0.0,
72.0,
246.0,
108.0,
8.0,
0.0,
0.0,
4.0,
0.0,
10.0,
0.0,
0.0,
0.0,
1.0,
3.0,
0.0,
0.0,
0.0,
2.0,
24.0,
188.0,
255.0,
101.0,
0.0,
5.0,
20.0,
0.0,
0.0,
127.0,
218.0,
215.0,
44.0,
0.0,
0.0,
0.0,
0.0,
0.0,
0.0,
0.0,
4.0,
4.0,
0.0,
0.0,
6.0,
4.0,
4.0,
91.0,
241.0,
245.0,
213.0,
67.0,
4.0,
0.0,
0.0,
0.0,
52.0,
243.0,
251.0,
50.0,
7.0,
0.0,
0.0,
0.0,
0.0,
0.0,
0.0,
0.0,
3.0,
8.0,
0.0,
0.0,
4.0,
0.0,
58.0,
218.0,
250.0,
224.0,
103.0,
0.0,
2.0,
0.0,
5.0,
19.0,
202.0,
248.0,
191.0,
34.0,
1.0,
0.0,
0.0,
0.0,
0.0,
0.0,
0.0,
4.0,
0.0,
8.0,
0.0,
1.0,
0.0,
0.0,
130.0,
255.0,
242.0,
54.0,
2.0,
0.0,
9.0,
16.0,
0.0,
101.0,
255.0,
255.0,
22.0,
0.0,
8.0,
5.0,
0.0,
0.0,
0.0,
0.0,
1.0,
5.0,
0.0,
4.0,
0.0,
4.0,
0.0,
57.0,
243.0,
212.0,
33.0,
4.0,
0.0,
31.0,
0.0,
2.0,
43.0,
240.0,
251.0,
72.0,
27.0,
9.0,
0.0,
0.0,
0.0,
0.0,
0.0,
0.0,
0.0,
3.0,
2.0,
0.0,
0.0,
2.0,
8.0,
161.0,
247.0,
178.0,
6.0,
0.0,
1.0,
0.0,
25.0,
0.0,
159.0,
253.0,
208.0,
0.0,
0.0,
0.0,
22.0,
0.0,
0.0,
0.0,
0.0,
0.0,
0.0,
0.0,
5.0,
0.0,
0.0,
3.0,
1.0,
233.0,
255.0,
118.0,
0.0,
2.0,
0.0,
0.0,
0.0,
95.0,
249.0,
251.0,
15.0,
14.0,
3.0,
0.0,
10.0,
0.0,
0.0,
0.0,
0.0,
0.0,
6.0,
0.0,
3.0,
0.0,
4.0,
9.0,
0.0,
251.0,
255.0,
217.0,
96.0,
55.0,
76.0,
15.0,
116.0,
251.0,
249.0,
215.0,
90.0,
14.0,
7.0,
1.0,
0.0,
0.0,
0.0,
0.0,
0.0,
0.0,
0.0,
10.0,
0.0,
0.0,
12.0,
0.0,
17.0,
112.0,
249.0,
255.0,
240.0,
253.0,
255.0,
251.0,
255.0,
245.0,
234.0,
213.0,
255.0,
237.0,
87.0,
0.0,
8.0,
0.0,
0.0,
0.0,
0.0,
0.0,
0.0,
6.0,
0.0,
0.0,
16.0,
0.0,
0.0,
21.0,
127.0,
241.0,
255.0,
255.0,
245.0,
247.0,
255.0,
255.0,
255.0,
192.0,
127.0,
59.0,
0.0,
0.0,
1.0,
7.0,
0.0,
0.0,
0.0,
0.0,
0.0,
5.0,
0.0,
0.0,
4.0,
4.0,
0.0,
0.0,
0.0,
45.0,
104.0,
159.0,
247.0,
255.0,
244.0,
125.0,
0.0,
8.0,
0.0,
0.0,
10.0,
15.0,
0.0,
0.0,
0.0,
0.0,
0.0,
0.0,
0.0,
3.0,
2.0,
0.0,
0.0,
3.0,
11.0,
6.0,
4.0,
8.0,
27.0,
188.0,
239.0,
255.0,
96.0,
0.0,
2.0,
22.0,
8.0,
0.0,
0.0,
4.0,
1.0,
8.0,
0.0,
0.0,
0.0,
0.0,
0.0,
0.0,
6.0,
8.0,
0.0,
0.0,
3.0,
0.0,
0.0,
0.0,
78.0,
253.0,
255.0,
215.0,
15.0,
10.0,
0.0,
0.0,
0.0,
0.0,
0.0,
4.0,
1.0,
0.0,
0.0,
0.0,
0.0,
0.0,
5.0,
0.0,
0.0,
4.0,
2.0,
0.0,
0.0,
0.0,
8.0,
2.0,
194.0,
255.0,
196.0,
70.0,
0.0,
0.0,
5.0,
0.0,
1.0,
11.0,
0.0,
0.0,
7.0,
0.0,
0.0,
0.0,
0.0,
0.0,
5.0,
0.0,
0.0,
0.0,
0.0,
3.0,
5.0,
5.0,
7.0,
124.0,
255.0,
234.0,
51.0,
4.0,
9.0,
10.0,
2.0,
1.0,
5.0,
0.0,
0.0,
0.0,
0.0,
7.0,
0.0,
0.0,
0.0,
0.0,
0.0,
7.0,
9.0,
0.0,
0.0,
0.0,
0.0,
0.0,
22.0,
255.0,
252.0,
89.0,
13.0,
0.0,
0.0,
0.0,
0.0,
9.0,
2.0,
0.0,
6.0,
8.0,
0.0,
0.0,
0.0,
0.0,
0.0,
0.0,
0.0,
0.0,
0.0,
0.0,
0.0,
0.0,
0.0,
0.0,
0.0,
0.0,
0.0,
0.0,
0.0,
0.0,
0.0,
0.0,
0.0,
0.0,
0.0,
0.0,
0.0,
0.0,
0.0,
0.0,
0.0,
0.0,
0.0,
0.0,
0.0,
0.0,
0.0,
0.0,
0.0,
0.0,
0.0,
0.0,
0.0,
0.0,
0.0,
0.0,
0.0,
0.0,
0.0,
0.0,
0.0,
0.0,
0.0,
0.0,
0.0,
0.0,
0.0,
0.0,
0.0,
0.0,
0.0,
0.0,
0.0,
0.0,
0.0,
0.0,
0.0,
0.0,
0.0,
0.0,
0.0,
0.0,
0.0,
0.0,
0.0,
0.0,
0.0,
0.0,
0.0,
0.0,
0.0,
0.0,
0.0,
0.0,
0.0,
0.0,
0.0,
0.0,
0.0,
0.0,
0.0,
0.0,
0.0,
0.0,
0.0,
0.0,
0.0,
0.0,
0.0,
0.0,
0.0,
0.0,
0.0,
0.0,
0.0,
0.0,
0.0,
0.0,
0.0,
0.0,
0.0,
0.0,
0.0,
0.0,
0.0,
0.0,
0.0,
0.0,
