0.0,
0.0,
0.0,
0.0,
0.0,
0.0,
0.0,
0.0,
8.0,
0.0,
7.0,
0.0,
2.0,
0.0,
10.0,
0.0,
0.0,
0.0,
11.0,
0.0,
0.0,
0.0,
4.0,
0.0,
0.0,
0.0,
0.0,
0.0,
0.0,
0.0,
0.0,
0.0,
0.0,
0.0,
0.0,
0.0,
0.0,
0.0,
4.0,
7.0,
8.0,
0.0,
0.0,
0.0,
0.0,
14.0,
0.0,
0.0,
13.0,
0.0,
5.0,
0.0,
0.0,
0.0,
0.0,
0.0,
0.0,
0.0,
0.0,
0.0,
0.0,
0.0,
0.0,
0.0,
0.0,
0.0,
0.0,
0.0,
0.0,
0.0,
0.0,
8.0,
1.0,
0.0,
5.0,
1.0,
1.0,
0.0,
0.0,
5.0,
0.0,
0.0,
0.0,
0.0,
0.0,
0.0,
0.0,
0.0,
0.0,
0.0,
0.0,
0.0,
0.0,
2.0,
0.0,
0.0,
5.0,
0.0,
0.0,
6.0,
0.0,
5.0,
0.0,
13.0,
0.0,
0.0,
18.0,
0.0,
0.0,
0.0,
0.0,
0.0,
0.0,
0.0,
0.0,
0.0,
0.0,
0.0,
0.0,
0.0,
0.0,
0.0,
12.0,
0.0,
15.0,
3.0,
8.0,
0.0,
28.0,
0.0,
0.0,
4.0,
43.0,
140.0,
6.0,
0.0,
0.0,
0.0,
0.0,
0.0,
0.0,
0.0,
0.0,
0.0,
0.0,
0.0,
0.0,
0.0,
4.0,
0.0,
5.0,
0.0,
0.0,
0.0,
10.0,
0.0,
0.0,
0.0,
19.0,
0.0,
175.0,
83.0,
25.0,
4.0,
0.0,
0.0,
0.0,
0.0,
0.0,
0.0,
0.0,
0.0,
0.0,
0.0,
0.0,
0.0,
10.0,
0.0,
0.0,
25.0,
0.0,
0.0,
2.0,
0.0,
17.0,
8.0,
0.0,
122.0,
246.0,
189.0,
4.0,
4.0,
0.0,
0.0,
0.0,
0.0,
0.0,
0.0,
0.0,
0.0,
0.0,
0.0,
0.0,
0.0,
1.0,
0.0,
13.0,
91.0,
10.0,
15.0,
0.0,
0.0,
0.0,
0.0,
32.0,
236.0,
255.0,
101.0,
8.0,
0.0,
0.0,
0.0,
0.0,
0.0,
4.0,
6.0,
0.0,
8.0,
0.0,
0.0,
4.0,
0.0,
0.0,
15.0,
50.0,
249.0,
155.0,
12.0,
0.0,
2.0,
0.0,
10.0,
160.0,
254.0,
237.0,
0.0,
1.0,
8.0,
0.0,
13.0,
0.0,
0.0,
0.0,
3.0,
0.0,
0.0,
20.0,
0.0,
10.0,
1.0,
23.0,
149.0,
242.0,
255.0,
11.0,
0.0,
0.0,
12.0,
14.0,
76.0,
255.0,
255.0,
67.0,
31.0,
0.0,
0.0,
0.0,
0.0,
3.0,
0.0,
6.0,
0.0,
3.0,
0.0,
0.0,
0.0,
0.0,
87.0,
222.0,
255.0,
247.0,
136.0,
12.0,
15.0,
0.0,
0.0,
37.0,
241.0,
255.0,
197.0,
15.0,
0.0,
13.0,
8.0,
74.0,
0.0,
0.0,
10.0,
6.0,
0.0,
2.0,
11.0,
0.0,
5.0,
92.0,
241.0,
255.0,
247.0,
145.0,
8.0,
0.0,
0.0,
5.0,
12.0,
153.0,
255.0,
250.0,
67.0,
28.0,
0.0,
51.0,
229.0,
218.0,
37.0,
0.0,
0.0,
0.0,
8.0,
0.0,
0.0,
10.0,
77.0,
236.0,
255.0,
255.0,
131.0,
14.0,
4.0,
1.0,
6.0,
5.0,
33.0,
236.0,
247.0,
226.0,
19.0,
0.0,
4.0,
82.0,
234.0,
5.0,
0.0,
8.0,
9.0,
0.0,
8.0,
4.0,
0.0,
1.0,
241.0,
255.0,
237.0,
123.0,
3.0,
0.0,
0.0,
17.0,
0.0,
0.0,
134.0,
245.0,
255.0,
67.0,
5.0,
70.0,
209.0,
225.0,
45.0,
8.0,
7.0,
10.0,
0.0,
0.0,
0.0,
10.0,
3.0,
3.0,
255.0,
240.0,
255.0,
243.0,
184.0,
114.0,
0.0,
40.0,
58.0,
124.0,
244.0,
255.0,
224.0,
132.0,
218.0,
212.0,
165.0,
62.0,
13.0,
0.0,
0.0,
4.0,
3.0,
5.0,
0.0,
0.0,
0.0,
12.0,
55.0,
178.0,
246.0,
249.0,
255.0,
240.0,
255.0,
255.0,
248.0,
255.0,
249.0,
250.0,
253.0,
255.0,
105.0,
0.0,
17.0,
0.0,
0.0,
7.0,
0.0,
0.0,
7.0,
0.0,
0.0,
2.0,
3.0,
0.0,
0.0,
12.0,
29.0,
137.0,
152.0,
248.0,
240.0,
238.0,
255.0,
251.0,
245.0,
175.0,
130.0,
67.0,
18.0,
0.0,
0.0,
0.0,
0.0,
0.0,
0.0,
0.0,
0.0,
0.0,
0.0,
2.0,
3.0,
0.0,
0.0,
1.0,
11.0,
0.0,
15.0,
0.0,
0.0,
189.0,
241.0,
250.0,
124.0,
8.0,
3.0,
0.0,
0.0,
2.0,
5.0,
4.0,
1.0,
0.0,
0.0,
0.0,
0.0,
0.0,
0.0,
1.0,
3.0,
0.0,
0.0,
0.0,
0.0,
4.0,
12.0,
0.0,
59.0,
252.0,
248.0,
164.0,
6.0,
0.0,
0.0,
1.0,
4.0,
3.0,
0.0,
0.0,
0.0,
0.0,
0.0,
0.0,
0.0,
0.0,
0.0,
0.0,
2.0,
4.0,
2.0,
0.0,
0.0,
0.0,
0.0,
29.0,
248.0,
240.0,
247.0,
47.0,
4.0,
9.0,
8.0,
5.0,
0.0,
0.0,
0.0,
0.0,
5.0,
0.0,
0.0,
0.0,
0.0,
1.0,
0.0,
0.0,
0.0,
2.0,
5.0,
4.0,
2.0,
20.0,
5.0,
190.0,
237.0,
255.0,
115.0,
10.0,
0.0,
0.0,
0.0,
0.0,
0.0,
0.0,
1.0,
2.0,
2.0,
0.0,
0.0,
0.0,
0.0,
2.0,
3.0,
0.0,
0.0,
0.0,
1.0,
1.0,
0.0,
0.0,
49.0,
247.0,
255.0,
255.0,
53.0,
0.0,
5.0,
5.0,
4.0,
4.0,
6.0,
7.0,
4.0,
0.0,
0.0,
0.0,
0.0,
0.0,
0.0,
0.0,
4.0,
3.0,
0.0,
0.0,
0.0,
0.0,
0.0,
4.0,
76.0,
255.0,
250.0,
219.0,
19.0,
0.0,
3.0,
3.0,
1.0,
0.0,
0.0,
0.0,
0.0,
0.0,
0.0,
0.0,
0.0,
0.0,
0.0,
0.0,
3.0,
6.0,
1.0,
0.0,
2.0,
2.0,
0.0,
7.0,
36.0,
162.0,
144.0,
33.0,
3.0,
1.0,
0.0,
0.0,
0.0,
1.0,
1.0,
0.0,
0.0,
1.0,
2.0,
0.0,
0.0,
0.0,
0.0,
0.0,
0.0,
0.0,
0.0,
0.0,
0.0,
0.0,
0.0,
0.0,
0.0,
0.0,
0.0,
0.0,
0.0,
0.0,
0.0,
0.0,
0.0,
0.0,
0.0,
0.0,
0.0,
0.0,
0.0,
0.0,
0.0,
0.0,
0.0,
0.0,
0.0,
0.0,
0.0,
0.0,
0.0,
0.0,
0.0,
0.0,
0.0,
0.0,
0.0,
0.0,
0.0,
0.0,
0.0,
0.0,
0.0,
0.0,
0.0,
0.0,
0.0,
0.0,
0.0,
0.0,
0.0,
0.0,
0.0,
0.0,
0.0,
0.0,
0.0,
0.0,
0.0,
0.0,
0.0,
0.0,
0.0,
0.0,
0.0,
0.0,
0.0,
0.0,
0.0,
0.0,
0.0,
0.0,
0.0,
0.0,
0.0,
0.0,
0.0,
0.0,
0.0,
0.0,
0.0,
0.0,
0.0,
0.0,
0.0,
0.0,
0.0,
0.0,
0.0,
0.0,
0.0,
0.0,
0.0,
0.0,
0.0,
0.0,
0.0,
0.0,
0.0,
0.0,
0.0,
0.0,
0.0,
0.0,
0.0,
0.0,
0.0,
0.0,
0.0,
