0.0,
0.0,
0.0,
0.0,
0.0,
0.0,
0.0,
0.0,
12.0,
0.0,
0.0,
6.0,
0.0,
6.0,
0.0,
0.0,
0.0,
0.0,
2.0,
9.0,
0.0,
0.0,
0.0,
9.0,
0.0,
14.0,
0.0,
0.0,
0.0,
0.0,
0.0,
0.0,
0.0,
0.0,
0.0,
0.0,
0.0,
0.0,
3.0,
15.0,
0.0,
16.0,
10.0,
5.0,
4.0,
4.0,
0.0,
0.0,
2.0,
12.0,
8.0,
0.0,
14.0,
0.0,
15.0,
6.0,
0.0,
0.0,
0.0,
0.0,
0.0,
0.0,
0.0,
0.0,
2.0,
9.0,
0.0,
0.0,
5.0,
0.0,
0.0,
8.0,
0.0,
4.0,
0.0,
0.0,
1.0,
0.0,
0.0,
4.0,
8.0,
6.0,
0.0,
1.0,
0.0,
0.0,
0.0,
0.0,
0.0,
0.0,
0.0,
0.0,
0.0,
0.0,
6.0,
8.0,
0.0,
9.0,
32.0,
0.0,
0.0,
4.0,
3.0,
0.0,
1.0,
0.0,
0.0,
7.0,
0.0,
20.0,
0.0,
7.0,
0.0,
0.0,
0.0,
0.0,
0.0,
0.0,
0.0,
0.0,
0.0,
6.0,
0.0,
10.0,
14.0,
0.0,
0.0,
0.0,
0.0,
6.0,
1.0,
0.0,
5.0,
20.0,
7.0,
0.0,
10.0,
0.0,
4.0,
7.0,
0.0,
0.0,
0.0,
0.0,
0.0,
0.0,
0.0,
0.0,
2.0,
16.0,
0.0,
0.0,
12.0,
0.0,
3.0,
1.0,
10.0,
0.0,
0.0,
10.0,
0.0,
0.0,
0.0,
11.0,
6.0,
9.0,
0.0,
13.0,
0.0,
0.0,
0.0,
0.0,
0.0,
0.0,
0.0,
0.0,
0.0,
0.0,
14.0,
0.0,
5.0,
136.0,
214.0,
27.0,
12.0,
0.0,
0.0,
18.0,
0.0,
2.0,
79.0,
138.0,
251.0,
207.0,
17.0,
10.0,
0.0,
0.0,
0.0,
0.0,
0.0,
0.0,
0.0,
0.0,
0.0,
7.0,
0.0,
13.0,
140.0,
248.0,
255.0,
101.0,
0.0,
0.0,
14.0,
0.0,
0.0,
100.0,
230.0,
255.0,
251.0,
121.0,
0.0,
0.0,
1.0,
8.0,
0.0,
0.0,
2.0,
0.0,
26.0,
0.0,
0.0,
4.0,
0.0,
154.0,
255.0,
249.0,
252.0,
80.0,
0.0,
0.0,
5.0,
0.0,
119.0,
255.0,
249.0,
222.0,
109.0,
15.0,
0.0,
10.0,
0.0,
0.0,
11.0,
0.0,
16.0,
5.0,
0.0,
22.0,
0.0,
16.0,
116.0,
253.0,
254.0,
255.0,
200.0,
4.0,
2.0,
17.0,
0.0,
62.0,
244.0,
245.0,
254.0,
83.0,
20.0,
0.0,
0.0,
15.0,
0.0,
6.0,
0.0,
0.0,
3.0,
6.0,
0.0,
0.0,
10.0,
168.0,
239.0,
255.0,
246.0,
175.0,
40.0,
0.0,
0.0,
0.0,
38.0,
198.0,
255.0,
240.0,
69.0,
0.0,
0.0,
0.0,
4.0,
4.0,
0.0,
7.0,
0.0,
3.0,
0.0,
0.0,
17.0,
14.0,
243.0,
252.0,
255.0,
239.0,
214.0,
23.0,
0.0,
5.0,
3.0,
50.0,
215.0,
255.0,
255.0,
132.0,
0.0,
10.0,
5.0,
11.0,
3.0,
0.0,
0.0,
0.0,
11.0,
0.0,
1.0,
0.0,
16.0,
162.0,
250.0,
255.0,
238.0,
213.0,
23.0,
0.0,
0.0,
8.0,
5.0,
185.0,
255.0,
233.0,
233.0,
26.0,
15.0,
0.0,
0.0,
2.0,
0.0,
0.0,
5.0,
0.0,
2.0,
0.0,
0.0,
0.0,
127.0,
253.0,
255.0,
254.0,
210.0,
25.0,
0.0,
16.0,
8.0,
0.0,
145.0,
255.0,
250.0,
255.0,
251.0,
161.0,
19.0,
0.0,
0.0,
0.0,
0.0,
1.0,
5.0,
1.0,
0.0,
2.0,
0.0,
4.0,
222.0,
248.0,
254.0,
234.0,
255.0,
219.0,
194.0,
194.0,
182.0,
196.0,
255.0,
234.0,
255.0,
248.0,
249.0,
171.0,
0.0,
3.0,
4.0,
5.0,
3.0,
0.0,
0.0,
0.0,
12.0,
0.0,
7.0,
0.0,
176.0,
255.0,
250.0,
255.0,
243.0,
246.0,
251.0,
255.0,
255.0,
249.0,
244.0,
255.0,
255.0,
223.0,
158.0,
0.0,
0.0,
4.0,
0.0,
0.0,
0.0,
0.0,
4.0,
0.0,
0.0,
2.0,
0.0,
0.0,
30.0,
73.0,
138.0,
210.0,
241.0,
246.0,
250.0,
255.0,
246.0,
255.0,
249.0,
250.0,
205.0,
39.0,
0.0,
7.0,
3.0,
2.0,
0.0,
0.0,
0.0,
0.0,
4.0,
0.0,
2.0,
6.0,
0.0,
0.0,
0.0,
18.0,
11.0,
0.0,
5.0,
19.0,
81.0,
240.0,
253.0,
242.0,
242.0,
29.0,
0.0,
14.0,
0.0,
0.0,
4.0,
0.0,
0.0,
0.0,
0.0,
0.0,
0.0,
0.0,
3.0,
7.0,
5.0,
0.0,
0.0,
0.0,
0.0,
0.0,
5.0,
0.0,
105.0,
248.0,
255.0,
254.0,
75.0,
0.0,
0.0,
0.0,
0.0,
0.0,
5.0,
10.0,
0.0,
0.0,
0.0,
0.0,
0.0,
0.0,
0.0,
0.0,
3.0,
7.0,
7.0,
3.0,
0.0,
17.0,
0.0,
54.0,
211.0,
255.0,
236.0,
116.0,
0.0,
11.0,
16.0,
0.0,
13.0,
3.0,
0.0,
11.0,
0.0,
0.0,
0.0,
0.0,
0.0,
3.0,
2.0,
0.0,
0.0,
0.0,
3.0,
1.0,
5.0,
0.0,
7.0,
166.0,
255.0,
255.0,
187.0,
10.0,
9.0,
0.0,
0.0,
0.0,
0.0,
11.0,
2.0,
0.0,
0.0,
0.0,
0.0,
0.0,
0.0,
4.0,
5.0,
1.0,
0.0,
0.0,
0.0,
0.0,
0.0,
1.0,
94.0,
255.0,
253.0,
235.0,
71.0,
2.0,
3.0,
0.0,
9.0,
8.0,
0.0,
7.0,
21.0,
0.0,
0.0,
0.0,
0.0,
0.0,
0.0,
0.0,
1.0,
4.0,
4.0,
2.0,
1.0,
3.0,
0.0,
12.0,
155.0,
255.0,
253.0,
145.0,
1.0,
5.0,
0.0,
0.0,
0.0,
7.0,
7.0,
0.0,
0.0,
1.0,
0.0,
0.0,
0.0,
0.0,
5.0,
0.0,
0.0,
0.0,
1.0,
0.0,
0.0,
1.0,
5.0,
7.0,
210.0,
252.0,
220.0,
17.0,
9.0,
0.0,
0.0,
17.0,
0.0,
1.0,
0.0,
10.0,
0.0,
1.0,
0.0,
0.0,
0.0,
0.0,
0.0,
0.0,
0.0,
0.0,
0.0,
0.0,
0.0,
0.0,
15.0,
25.0,
246.0,
252.0,
173.0,
0.0,
9.0,
0.0,
0.0,
0.0,
0.0,
0.0,
0.0,
0.0,
0.0,
0.0,
0.0,
0.0,
0.0,
0.0,
0.0,
0.0,
0.0,
0.0,
0.0,
0.0,
0.0,
0.0,
0.0,
0.0,
196.0,
255.0,
178.0,
0.0,
0.0,
11.0,
0.0,
0.0,
0.0,
0.0,
0.0,
0.0,
0.0,
0.0,
0.0,
0.0,
0.0,
0.0,
0.0,
0.0,
0.0,
0.0,
0.0,
0.0,
0.0,
0.0,
14.0,
0.0,
17.0,
0.0,
0.0,
0.0,
12.0,
0.0,
0.0,
0.0,
0.0,
0.0,
0.0,
0.0,
0.0,
0.0,
0.0,
0.0,
0.0,
0.0,
0.0,
0.0,
0.0,
0.0,
0.0,
0.0,
0.0,
0.0,
2.0,
0.0,
0.0,
0.0,
0.0,
16.0,
6.0,
0.0,
0.0,
0.0,
0.0,
0.0,
0.0,
0.0,
0.0,
0.0,
0.0,
0.0,
0.0,
0.0,
