0.0,
0.0,
0.0,
0.0,
0.0,
0.0,
0.0,
0.0,
0.0,
7.0,
0.0,
0.0,
2.0,
0.0,
0.0,
0.0,
7.0,
6.0,
0.0,
0.0,
11.0,
0.0,
0.0,
4.0,
0.0,
0.0,
0.0,
0.0,
0.0,
0.0,
0.0,
0.0,
0.0,
0.0,
0.0,
0.0,
0.0,
3.0,
0.0,
0.0,
0.0,
1.0,
4.0,
0.0,
0.0,
3.0,
1.0,
0.0,
1.0,
2.0,
2.0,
1.0,
0.0,
0.0,
0.0,
0.0,
0.0,
0.0,
0.0,
0.0,
0.0,
0.0,
0.0,
0.0,
0.0,
0.0,
4.0,
2.0,
0.0,
3.0,
6.0,
0.0,
6.0,
11.0,
11.0,
0.0,
0.0,
0.0,
3.0,
0.0,
0.0,
0.0,
0.0,
0.0,
0.0,
0.0,
0.0,
0.0,
0.0,
0.0,
0.0,
0.0,
3.0,
0.0,
5.0,
4.0,
0.0,
4.0,
1.0,
0.0,
2.0,
0.0,
0.0,
0.0,
2.0,
0.0,
0.0,
0.0,
0.0,
0.0,
0.0,
0.0,
0.0,
0.0,
0.0,
0.0,
0.0,
0.0,
0.0,
0.0,
7.0,
0.0,
4.0,
2.0,
0.0,
2.0,
0.0,
8.0,
0.0,
0.0,
19.0,
0.0,
7.0,
7.0,
0.0,
0.0,
0.0,
0.0,
0.0,
0.0,
0.0,
0.0,
0.0,
0.0,
0.0,
0.0,
0.0,
0.0,
6.0,
0.0,
4.0,
0.0,
1.0,
0.0,
0.0,
48.0,
114.0,
136.0,
126.0,
6.0,
0.0,
4.0,
3.0,
0.0,
0.0,
0.0,
0.0,
0.0,
0.0,
0.0,
0.0,
0.0,
0.0,
0.0,
0.0,
0.0,
2.0,
0.0,
6.0,
0.0,
2.0,
0.0,
5.0,
107.0,
246.0,
255.0,
196.0,
8.0,
0.0,
0.0,
0.0,
1.0,
0.0,
0.0,
0.0,
0.0,
0.0,
0.0,
0.0,
0.0,
0.0,
0.0,
0.0,
0.0,
0.0,
0.0,
9.0,
0.0,
2.0,
0.0,
15.0,
151.0,
255.0,
250.0,
174.0,
0.0,
0.0,
8.0,
0.0,
3.0,
0.0,
0.0,
0.0,
0.0,
0.0,
0.0,
19.0,
0.0,
0.0,
0.0,
0.0,
0.0,
0.0,
8.0,
0.0,
0.0,
0.0,
20.0,
122.0,
255.0,
254.0,
225.0,
30.0,
0.0,
0.0,
4.0,
0.0,
0.0,
0.0,
0.0,
0.0,
0.0,
9.0,
0.0,
0.0,
0.0,
9.0,
9.0,
15.0,
3.0,
1.0,
5.0,
11.0,
2.0,
6.0,
157.0,
255.0,
248.0,
250.0,
248.0,
0.0,
19.0,
1.0,
2.0,
8.0,
1.0,
0.0,
0.0,
0.0,
0.0,
0.0,
0.0,
2.0,
7.0,
7.0,
0.0,
0.0,
0.0,
0.0,
0.0,
0.0,
31.0,
233.0,
255.0,
255.0,
251.0,
246.0,
202.0,
3.0,
0.0,
5.0,
0.0,
0.0,
0.0,
0.0,
0.0,
0.0,
0.0,
4.0,
3.0,
0.0,
0.0,
0.0,
0.0,
11.0,
9.0,
12.0,
8.0,
92.0,
230.0,
250.0,
254.0,
196.0,
126.0,
248.0,
194.0,
37.0,
0.0,
13.0,
6.0,
0.0,
10.0,
0.0,
0.0,
0.0,
0.0,
4.0,
4.0,
0.0,
0.0,
4.0,
1.0,
0.0,
0.0,
15.0,
126.0,
251.0,
255.0,
217.0,
88.0,
24.0,
11.0,
236.0,
248.0,
37.0,
15.0,
0.0,
2.0,
8.0,
1.0,
0.0,
0.0,
0.0,
0.0,
0.0,
3.0,
2.0,
3.0,
5.0,
0.0,
0.0,
53.0,
238.0,
255.0,
251.0,
248.0,
122.0,
61.0,
24.0,
88.0,
245.0,
255.0,
82.0,
5.0,
0.0,
0.0,
0.0,
0.0,
0.0,
0.0,
0.0,
0.0,
2.0,
3.0,
2.0,
0.0,
0.0,
0.0,
35.0,
219.0,
254.0,
243.0,
255.0,
253.0,
255.0,
254.0,
255.0,
238.0,
255.0,
247.0,
131.0,
0.0,
5.0,
10.0,
0.0,
5.0,
0.0,
0.0,
0.0,
0.0,
4.0,
0.0,
0.0,
4.0,
8.0,
0.0,
10.0,
233.0,
255.0,
255.0,
255.0,
248.0,
255.0,
251.0,
251.0,
253.0,
246.0,
255.0,
86.0,
10.0,
0.0,
0.0,
1.0,
0.0,
0.0,
0.0,
0.0,
0.0,
0.0,
0.0,
5.0,
5.0,
0.0,
0.0,
12.0,
31.0,
127.0,
90.0,
104.0,
58.0,
88.0,
114.0,
60.0,
151.0,
255.0,
255.0,
67.0,
0.0,
1.0,
3.0,
12.0,
0.0,
0.0,
0.0,
0.0,
0.0,
0.0,
0.0,
1.0,
2.0,
0.0,
0.0,
1.0,
10.0,
9.0,
0.0,
2.0,
0.0,
6.0,
9.0,
0.0,
27.0,
219.0,
251.0,
20.0,
16.0,
0.0,
0.0,
0.0,
2.0,
0.0,
0.0,
0.0,
0.0,
2.0,
0.0,
0.0,
1.0,
2.0,
0.0,
0.0,
0.0,
0.0,
6.0,
0.0,
4.0,
13.0,
0.0,
0.0,
3.0,
141.0,
236.0,
160.0,
0.0,
21.0,
6.0,
13.0,
5.0,
0.0,
0.0,
0.0,
0.0,
1.0,
0.0,
0.0,
1.0,
5.0,
4.0,
0.0,
0.0,
0.0,
4.0,
0.0,
2.0,
0.0,
0.0,
9.0,
0.0,
109.0,
255.0,
86.0,
4.0,
0.0,
2.0,
0.0,
0.0,
0.0,
0.0,
0.0,
0.0,
0.0,
0.0,
1.0,
1.0,
1.0,
3.0,
4.0,
3.0,
5.0,
0.0,
4.0,
1.0,
0.0,
3.0,
10.0,
1.0,
112.0,
245.0,
193.0,
0.0,
6.0,
17.0,
0.0,
13.0,
0.0,
0.0,
0.0,
0.0,
0.0,
3.0,
4.0,
0.0,
0.0,
0.0,
1.0,
2.0,
0.0,
0.0,
6.0,
0.0,
0.0,
5.0,
0.0,
0.0,
33.0,
255.0,
247.0,
28.0,
0.0,
0.0,
7.0,
0.0,
0.0,
0.0,
0.0,
0.0,
0.0,
4.0,
4.0,
0.0,
0.0,
0.0,
0.0,
0.0,
1.0,
0.0,
4.0,
2.0,
3.0,
4.0,
0.0,
1.0,
75.0,
248.0,
239.0,
23.0,
0.0,
9.0,
0.0,
15.0,
0.0,
0.0,
0.0,
0.0,
0.0,
3.0,
3.0,
0.0,
1.0,
5.0,
3.0,
0.0,
3.0,
6.0,
0.0,
2.0,
7.0,
0.0,
0.0,
5.0,
37.0,
252.0,
255.0,
16.0,
0.0,
3.0,
9.0,
0.0,
0.0,
0.0,
0.0,
0.0,
0.0,
0.0,
0.0,
0.0,
0.0,
0.0,
0.0,
0.0,
0.0,
0.0,
0.0,
0.0,
0.0,
0.0,
0.0,
0.0,
23.0,
206.0,
173.0,
12.0,
0.0,
12.0,
0.0,
1.0,
0.0,
0.0,
0.0,
0.0,
0.0,
0.0,
0.0,
0.0,
0.0,
0.0,
0.0,
0.0,
0.0,
0.0,
0.0,
0.0,
0.0,
0.0,
0.0,
0.0,
0.0,
17.0,
13.0,
0.0,
0.0,
1.0,
3.0,
3.0,
0.0,
0.0,
0.0,
0.0,
0.0,
0.0,
0.0,
0.0,
0.0,
0.0,
0.0,
0.0,
0.0,
0.0,
0.0,
0.0,
0.0,
0.0,
0.0,
0.0,
10.0,
0.0,
0.0,
4.0,
0.0,
0.0,
9.0,
0.0,
0.0,
0.0,
0.0,
0.0,
0.0,
0.0,
0.0,
0.0,
0.0,
0.0,
0.0,
0.0,
0.0,
0.0,
0.0,
0.0,
0.0,
0.0,
0.0,
0.0,
0.0,
12.0,
8.0,
0.0,
1.0,
3.0,
0.0,
0.0,
0.0,
0.0,
0.0,
0.0,
