0.0,
0.0,
0.0,
0.0,
0.0,
0.0,
0.0,
0.0,
12.0,
0.0,
6.0,
3.0,
0.0,
11.0,
1.0,
1.0,
7.0,
0.0,
0.0,
16.0,
0.0,
0.0,
10.0,
3.0,
0.0,
0.0,
0.0,
0.0,
0.0,
0.0,
0.0,
0.0,
0.0,
0.0,
0.0,
0.0,
0.0,
4.0,
13.0,
0.0,
4.0,
0.0,
0.0,
0.0,
0.0,
0.0,
0.0,
0.0,
1.0,
10.0,
8.0,
0.0,
0.0,
0.0,
0.0,
0.0,
0.0,
0.0,
0.0,
0.0,
0.0,
0.0,
0.0,
0.0,
0.0,
2.0,
0.0,
0.0,
21.0,
0.0,
0.0,
15.0,
8.0,
10.0,
3.0,
0.0,
10.0,
8.0,
0.0,
0.0,
0.0,
0.0,
0.0,
0.0,
0.0,
0.0,
0.0,
0.0,
0.0,
0.0,
0.0,
0.0,
3.0,
14.0,
13.0,
0.0,
0.0,
10.0,
1.0,
0.0,
0.0,
0.0,
3.0,
0.0,
0.0,
1.0,
0.0,
10.0,
0.0,
0.0,
0.0,
0.0,
0.0,
0.0,
0.0,
0.0,
0.0,
0.0,
0.0,
0.0,
0.0,
0.0,
12.0,
22.0,
0.0,
0.0,
0.0,
7.0,
0.0,
3.0,
11.0,
0.0,
0.0,
6.0,
7.0,
0.0,
0.0,
0.0,
0.0,
0.0,
0.0,
0.0,
0.0,
0.0,
0.0,
0.0,
0.0,
0.0,
22.0,
6.0,
4.0,
0.0,
68.0,
240.0,
186.0,
0.0,
3.0,
0.0,
0.0,
3.0,
10.0,
0.0,
0.0,
0.0,
0.0,
0.0,
0.0,
0.0,
0.0,
0.0,
0.0,
0.0,
0.0,
0.0,
0.0,
0.0,
0.0,
0.0,
1.0,
4.0,
147.0,
255.0,
246.0,
34.0,
13.0,
62.0,
3.0,
0.0,
12.0,
0.0,
0.0,
15.0,
0.0,
0.0,
0.0,
0.0,
0.0,
0.0,
0.0,
0.0,
0.0,
0.0,
0.0,
0.0,
3.0,
0.0,
0.0,
59.0,
245.0,
235.0,
209.0,
0.0,
100.0,
249.0,
137.0,
6.0,
4.0,
0.0,
7.0,
0.0,
0.0,
0.0,
0.0,
0.0,
0.0,
0.0,
0.0,
0.0,
0.0,
0.0,
0.0,
0.0,
2.0,
0.0,
11.0,
163.0,
252.0,
253.0,
17.0,
5.0,
180.0,
255.0,
207.0,
0.0,
8.0,
0.0,
0.0,
4.0,
0.0,
0.0,
0.0,
0.0,
0.0,
0.0,
0.0,
0.0,
0.0,
0.0,
0.0,
0.0,
0.0,
0.0,
7.0,
224.0,
241.0,
193.0,
0.0,
23.0,
224.0,
245.0,
91.0,
6.0,
0.0,
5.0,
0.0,
1.0,
0.0,
0.0,
0.0,
0.0,
0.0,
0.0,
0.0,
0.0,
0.0,
0.0,
0.0,
0.0,
3.0,
0.0,
118.0,
255.0,
255.0,
124.0,
13.0,
44.0,
248.0,
254.0,
17.0,
9.0,
0.0,
1.0,
0.0,
0.0,
0.0,
0.0,
0.0,
0.0,
0.0,
0.0,
0.0,
0.0,
0.0,
0.0,
0.0,
0.0,
6.0,
21.0,
255.0,
242.0,
179.0,
0.0,
12.0,
162.0,
248.0,
255.0,
25.0,
0.0,
10.0,
0.0,
0.0,
2.0,
0.0,
0.0,
0.0,
0.0,
0.0,
0.0,
0.0,
0.0,
0.0,
0.0,
0.0,
0.0,
0.0,
56.0,
248.0,
254.0,
136.0,
3.0,
23.0,
180.0,
254.0,
246.0,
98.0,
5.0,
4.0,
0.0,
6.0,
1.0,
0.0,
0.0,
0.0,
0.0,
0.0,
0.0,
0.0,
0.0,
0.0,
0.0,
0.0,
0.0,
6.0,
177.0,
252.0,
247.0,
133.0,
106.0,
173.0,
255.0,
255.0,
243.0,
220.0,
109.0,
1.0,
0.0,
5.0,
0.0,
0.0,
0.0,
0.0,
0.0,
0.0,
0.0,
0.0,
0.0,
0.0,
0.0,
0.0,
0.0,
55.0,
246.0,
255.0,
249.0,
240.0,
252.0,
255.0,
246.0,
250.0,
255.0,
255.0,
112.0,
3.0,
0.0,
0.0,
0.0,
0.0,
0.0,
0.0,
0.0,
0.0,
0.0,
0.0,
0.0,
0.0,
0.0,
0.0,
0.0,
109.0,
255.0,
255.0,
255.0,
251.0,
255.0,
238.0,
255.0,
247.0,
255.0,
222.0,
0.0,
0.0,
11.0,
0.0,
1.0,
0.0,
0.0,
0.0,
0.0,
0.0,
0.0,
0.0,
0.0,
0.0,
0.0,
0.0,
0.0,
0.0,
165.0,
180.0,
168.0,
119.0,
91.0,
149.0,
255.0,
255.0,
244.0,
22.0,
3.0,
0.0,
3.0,
0.0,
2.0,
0.0,
0.0,
0.0,
0.0,
0.0,
0.0,
0.0,
0.0,
0.0,
0.0,
0.0,
0.0,
4.0,
3.0,
7.0,
2.0,
0.0,
0.0,
48.0,
237.0,
253.0,
253.0,
21.0,
2.0,
4.0,
0.0,
3.0,
0.0,
0.0,
0.0,
0.0,
0.0,
0.0,
0.0,
0.0,
0.0,
0.0,
0.0,
0.0,
0.0,
14.0,
0.0,
5.0,
0.0,
4.0,
10.0,
96.0,
255.0,
247.0,
229.0,
11.0,
0.0,
8.0,
0.0,
8.0,
0.0,
0.0,
0.0,
0.0,
0.0,
0.0,
0.0,
0.0,
0.0,
0.0,
0.0,
0.0,
0.0,
0.0,
4.0,
10.0,
0.0,
0.0,
0.0,
189.0,
255.0,
247.0,
155.0,
0.0,
1.0,
1.0,
0.0,
8.0,
0.0,
0.0,
0.0,
0.0,
0.0,
0.0,
0.0,
0.0,
0.0,
0.0,
0.0,
0.0,
0.0,
4.0,
10.0,
0.0,
0.0,
8.0,
0.0,
244.0,
255.0,
254.0,
69.0,
0.0,
6.0,
0.0,
4.0,
3.0,
0.0,
0.0,
0.0,
0.0,
0.0,
0.0,
0.0,
0.0,
0.0,
0.0,
0.0,
0.0,
0.0,
0.0,
0.0,
0.0,
2.0,
4.0,
7.0,
245.0,
244.0,
251.0,
19.0,
0.0,
9.0,
0.0,
8.0,
0.0,
0.0,
0.0,
0.0,
0.0,
0.0,
0.0,
0.0,
0.0,
0.0,
0.0,
0.0,
0.0,
0.0,
0.0,
4.0,
9.0,
0.0,
0.0,
8.0,
255.0,
255.0,
226.0,
14.0,
3.0,
2.0,
0.0,
5.0,
0.0,
3.0,
0.0,
0.0,
0.0,
0.0,
0.0,
0.0,
0.0,
0.0,
0.0,
0.0,
0.0,
0.0,
1.0,
1.0,
0.0,
11.0,
4.0,
0.0,
255.0,
248.0,
197.0,
25.0,
3.0,
0.0,
4.0,
1.0,
0.0,
9.0,
0.0,
0.0,
0.0,
0.0,
0.0,
0.0,
0.0,
0.0,
0.0,
0.0,
0.0,
0.0,
0.0,
0.0,
2.0,
1.0,
0.0,
21.0,
133.0,
250.0,
116.0,
16.0,
0.0,
9.0,
0.0,
0.0,
11.0,
0.0,
0.0,
0.0,
0.0,
0.0,
0.0,
0.0,
0.0,
0.0,
0.0,
0.0,
0.0,
0.0,
2.0,
0.0,
0.0,
6.0,
4.0,
0.0,
0.0,
11.0,
22.0,
0.0,
0.0,
16.0,
0.0,
0.0,
6.0,
0.0,
0.0,
0.0,
0.0,
0.0,
0.0,
0.0,
0.0,
0.0,
0.0,
0.0,
0.0,
0.0,
5.0,
4.0,
0.0,
0.0,
0.0,
5.0,
0.0,
0.0,
0.0,
0.0,
6.0,
5.0,
0.0,
0.0,
5.0,
1.0,
0.0,
0.0,
0.0,
0.0,
0.0,
0.0,
0.0,
0.0,
0.0,
0.0,
0.0,
0.0,
0.0,
4.0,
8.0,
0.0,
0.0,
5.0,
11.0,
10.0,
5.0,
11.0,
5.0,
0.0,
0.0,
1.0,
2.0,
1.0,
0.0,
0.0,
0.0,
0.0,
