0.0,
0.0,
0.0,
0.0,
0.0,
0.0,
0.0,
0.0,
6.0,
0.0,
0.0,
0.0,
2.0,
1.0,
2.0,
6.0,
7.0,
0.0,
0.0,
7.0,
0.0,
10.0,
10.0,
0.0,
0.0,
0.0,
0.0,
0.0,
0.0,
0.0,
0.0,
0.0,
0.0,
0.0,
0.0,
0.0,
0.0,
0.0,
5.0,
7.0,
2.0,
0.0,
0.0,
0.0,
0.0,
1.0,
0.0,
0.0,
21.0,
0.0,
0.0,
0.0,
0.0,
0.0,
0.0,
0.0,
0.0,
0.0,
0.0,
0.0,
0.0,
0.0,
0.0,
0.0,
4.0,
0.0,
0.0,
0.0,
0.0,
6.0,
9.0,
6.0,
0.0,
14.0,
0.0,
0.0,
5.0,
0.0,
14.0,
6.0,
0.0,
0.0,
0.0,
0.0,
0.0,
0.0,
0.0,
0.0,
0.0,
0.0,
0.0,
0.0,
0.0,
0.0,
0.0,
0.0,
1.0,
4.0,
0.0,
0.0,
0.0,
6.0,
0.0,
0.0,
0.0,
0.0,
4.0,
0.0,
0.0,
0.0,
0.0,
0.0,
0.0,
0.0,
0.0,
0.0,
0.0,
0.0,
0.0,
0.0,
0.0,
3.0,
8.0,
4.0,
0.0,
0.0,
4.0,
7.0,
0.0,
0.0,
15.0,
8.0,
0.0,
9.0,
1.0,
5.0,
0.0,
0.0,
0.0,
0.0,
0.0,
0.0,
0.0,
0.0,
0.0,
0.0,
0.0,
0.0,
9.0,
0.0,
0.0,
0.0,
0.0,
0.0,
0.0,
0.0,
0.0,
3.0,
0.0,
0.0,
17.0,
11.0,
253.0,
80.0,
0.0,
0.0,
0.0,
0.0,
0.0,
0.0,
0.0,
0.0,
0.0,
0.0,
0.0,
0.0,
1.0,
0.0,
0.0,
6.0,
5.0,
0.0,
0.0,
8.0,
21.0,
0.0,
0.0,
13.0,
7.0,
226.0,
255.0,
161.0,
0.0,
0.0,
0.0,
0.0,
0.0,
0.0,
0.0,
0.0,
0.0,
0.0,
0.0,
0.0,
0.0,
3.0,
10.0,
3.0,
0.0,
18.0,
112.0,
207.0,
26.0,
4.0,
12.0,
0.0,
208.0,
240.0,
159.0,
85.0,
0.0,
0.0,
0.0,
0.0,
0.0,
0.0,
0.0,
0.0,
0.0,
0.0,
0.0,
0.0,
5.0,
3.0,
5.0,
0.0,
0.0,
14.0,
211.0,
249.0,
8.0,
0.0,
2.0,
137.0,
240.0,
190.0,
2.0,
0.0,
0.0,
0.0,
0.0,
0.0,
0.0,
0.0,
0.0,
0.0,
0.0,
0.0,
0.0,
0.0,
0.0,
0.0,
0.0,
0.0,
0.0,
67.0,
255.0,
158.0,
1.0,
17.0,
30.0,
255.0,
255.0,
12.0,
0.0,
15.0,
0.0,
0.0,
0.0,
0.0,
0.0,
0.0,
0.0,
0.0,
0.0,
0.0,
0.0,
0.0,
17.0,
12.0,
0.0,
0.0,
44.0,
238.0,
226.0,
30.0,
0.0,
6.0,
183.0,
255.0,
72.0,
14.0,
0.0,
0.0,
0.0,
0.0,
0.0,
0.0,
0.0,
0.0,
0.0,
0.0,
0.0,
0.0,
0.0,
0.0,
0.0,
0.0,
21.0,
4.0,
196.0,
255.0,
108.0,
1.0,
21.0,
65.0,
248.0,
219.0,
4.0,
6.0,
0.0,
22.0,
0.0,
0.0,
0.0,
0.0,
0.0,
0.0,
0.0,
0.0,
0.0,
0.0,
0.0,
0.0,
0.0,
4.0,
27.0,
163.0,
255.0,
157.0,
0.0,
0.0,
0.0,
214.0,
255.0,
49.0,
0.0,
0.0,
6.0,
0.0,
0.0,
0.0,
0.0,
0.0,
0.0,
0.0,
0.0,
0.0,
0.0,
0.0,
0.0,
0.0,
4.0,
2.0,
164.0,
234.0,
203.0,
33.0,
1.0,
2.0,
137.0,
255.0,
181.0,
0.0,
13.0,
12.0,
0.0,
9.0,
0.0,
0.0,
0.0,
0.0,
0.0,
0.0,
0.0,
0.0,
0.0,
0.0,
0.0,
0.0,
0.0,
100.0,
245.0,
225.0,
53.0,
0.0,
0.0,
12.0,
240.0,
238.0,
29.0,
6.0,
0.0,
0.0,
1.0,
0.0,
0.0,
0.0,
0.0,
0.0,
0.0,
0.0,
0.0,
0.0,
0.0,
0.0,
0.0,
0.0,
100.0,
254.0,
255.0,
255.0,
247.0,
244.0,
255.0,
251.0,
250.0,
203.0,
12.0,
0.0,
0.0,
0.0,
5.0,
5.0,
0.0,
0.0,
0.0,
0.0,
6.0,
0.0,
0.0,
0.0,
3.0,
0.0,
2.0,
60.0,
249.0,
237.0,
255.0,
237.0,
214.0,
223.0,
234.0,
255.0,
255.0,
236.0,
154.0,
0.0,
0.0,
19.0,
1.0,
0.0,
0.0,
0.0,
0.0,
0.0,
0.0,
7.0,
12.0,
0.0,
0.0,
6.0,
145.0,
255.0,
251.0,
183.0,
60.0,
0.0,
0.0,
20.0,
231.0,
243.0,
113.0,
139.0,
144.0,
27.0,
8.0,
0.0,
0.0,
11.0,
0.0,
0.0,
0.0,
0.0,
0.0,
7.0,
8.0,
0.0,
0.0,
5.0,
170.0,
244.0,
60.0,
1.0,
8.0,
9.0,
0.0,
163.0,
255.0,
166.0,
7.0,
0.0,
23.0,
0.0,
14.0,
5.0,
0.0,
0.0,
0.0,
0.0,
0.0,
0.0,
2.0,
0.0,
0.0,
0.0,
4.0,
0.0,
63.0,
57.0,
8.0,
0.0,
15.0,
0.0,
60.0,
229.0,
251.0,
36.0,
8.0,
0.0,
0.0,
0.0,
2.0,
0.0,
0.0,
4.0,
0.0,
0.0,
0.0,
0.0,
3.0,
0.0,
8.0,
6.0,
0.0,
0.0,
0.0,
0.0,
0.0,
10.0,
0.0,
15.0,
212.0,
255.0,
128.0,
4.0,
7.0,
0.0,
17.0,
7.0,
1.0,
0.0,
3.0,
3.0,
0.0,
0.0,
0.0,
0.0,
0.0,
0.0,
8.0,
4.0,
0.0,
4.0,
0.0,
3.0,
6.0,
0.0,
0.0,
132.0,
249.0,
170.0,
0.0,
0.0,
0.0,
0.0,
0.0,
0.0,
0.0,
10.0,
10.0,
0.0,
0.0,
0.0,
0.0,
0.0,
0.0,
0.0,
0.0,
0.0,
8.0,
0.0,
2.0,
0.0,
0.0,
0.0,
105.0,
230.0,
218.0,
28.0,
26.0,
1.0,
3.0,
14.0,
10.0,
1.0,
0.0,
0.0,
0.0,
1.0,
0.0,
0.0,
0.0,
0.0,
0.0,
11.0,
0.0,
0.0,
24.0,
0.0,
12.0,
0.0,
3.0,
45.0,
247.0,
243.0,
75.0,
2.0,
0.0,
8.0,
0.0,
4.0,
0.0,
0.0,
5.0,
4.0,
1.0,
0.0,
0.0,
0.0,
0.0,
0.0,
0.0,
0.0,
0.0,
0.0,
0.0,
0.0,
0.0,
0.0,
5.0,
207.0,
251.0,
104.0,
6.0,
1.0,
2.0,
2.0,
0.0,
0.0,
0.0,
0.0,
0.0,
0.0,
0.0,
0.0,
0.0,
0.0,
0.0,
0.0,
0.0,
0.0,
0.0,
0.0,
0.0,
0.0,
0.0,
0.0,
0.0,
15.0,
4.0,
0.0,
0.0,
0.0,
0.0,
0.0,
0.0,
0.0,
0.0,
0.0,
0.0,
0.0,
0.0,
0.0,
0.0,
0.0,
0.0,
0.0,
0.0,
0.0,
0.0,
0.0,
0.0,
0.0,
0.0,
0.0,
6.0,
3.0,
0.0,
0.0,
12.0,
5.0,
0.0,
14.0,
0.0,
0.0,
0.0,
0.0,
0.0,
0.0,
0.0,
0.0,
0.0,
0.0,
0.0,
0.0,
0.0,
0.0,
0.0,
0.0,
0.0,
0.0,
0.0,
0.0,
0.0,
1.0,
4.0,
0.0,
0.0,
2.0,
0.0,
0.0,
0.0,
0.0,
0.0,
0.0,
0.0,
0.0,
0.0,
0.0,
0.0,
0.0,
0.0,
0.0,
