0.0,
0.0,
0.0,
0.0,
0.0,
0.0,
0.0,
0.0,
0.0,
0.0,
0.0,
0.0,
0.0,
0.0,
0.0,
0.0,
0.0,
1.0,
6.0,
0.0,
5.0,
5.0,
0.0,
2.0,
0.0,
0.0,
0.0,
0.0,
0.0,
0.0,
0.0,
0.0,
0.0,
0.0,
0.0,
0.0,
0.0,
0.0,
0.0,
0.0,
0.0,
0.0,
0.0,
0.0,
12.0,
3.0,
0.0,
0.0,
0.0,
0.0,
6.0,
1.0,
0.0,
0.0,
0.0,
0.0,
0.0,
0.0,
0.0,
0.0,
0.0,
0.0,
0.0,
0.0,
0.0,
0.0,
0.0,
0.0,
0.0,
0.0,
0.0,
0.0,
0.0,
5.0,
0.0,
8.0,
11.0,
0.0,
5.0,
3.0,
0.0,
0.0,
0.0,
0.0,
0.0,
0.0,
0.0,
0.0,
0.0,
0.0,
0.0,
0.0,
0.0,
0.0,
0.0,
0.0,
0.0,
0.0,
0.0,
0.0,
1.0,
19.0,
5.0,
0.0,
0.0,
0.0,
0.0,
0.0,
0.0,
0.0,
0.0,
0.0,
0.0,
0.0,
0.0,
0.0,
0.0,
0.0,
0.0,
0.0,
0.0,
0.0,
0.0,
0.0,
0.0,
0.0,
0.0,
0.0,
0.0,
0.0,
0.0,
0.0,
8.0,
13.0,
0.0,
7.0,
0.0,
0.0,
0.0,
0.0,
0.0,
0.0,
0.0,
0.0,
0.0,
0.0,
0.0,
0.0,
0.0,
0.0,
0.0,
0.0,
0.0,
0.0,
0.0,
0.0,
26.0,
0.0,
8.0,
24.0,
87.0,
255.0,
236.0,
14.0,
0.0,
0.0,
0.0,
0.0,
0.0,
0.0,
0.0,
0.0,
0.0,
0.0,
0.0,
0.0,
0.0,
0.0,
0.0,
0.0,
0.0,
0.0,
0.0,
0.0,
0.0,
7.0,
0.0,
85.0,
223.0,
255.0,
231.0,
169.0,
0.0,
0.0,
0.0,
0.0,
0.0,
0.0,
0.0,
0.0,
0.0,
0.0,
0.0,
0.0,
0.0,
0.0,
0.0,
0.0,
0.0,
0.0,
0.0,
0.0,
7.0,
0.0,
47.0,
225.0,
255.0,
255.0,
255.0,
44.0,
0.0,
0.0,
0.0,
0.0,
0.0,
3.0,
0.0,
2.0,
0.0,
11.0,
0.0,
0.0,
0.0,
0.0,
0.0,
108.0,
93.0,
10.0,
2.0,
0.0,
0.0,
0.0,
208.0,
252.0,
255.0,
246.0,
159.0,
0.0,
0.0,
0.0,
0.0,
0.0,
5.0,
0.0,
0.0,
11.0,
0.0,
0.0,
1.0,
2.0,
2.0,
20.0,
55.0,
225.0,
255.0,
103.0,
0.0,
0.0,
0.0,
104.0,
229.0,
255.0,
245.0,
175.0,
0.0,
14.0,
0.0,
0.0,
0.0,
0.0,
4.0,
0.0,
0.0,
12.0,
0.0,
0.0,
14.0,
0.0,
2.0,
30.0,
228.0,
255.0,
255.0,
228.0,
11.0,
11.0,
0.0,
251.0,
255.0,
249.0,
210.0,
30.0,
0.0,
0.0,
0.0,
0.0,
0.0,
0.0,
0.0,
3.0,
0.0,
0.0,
0.0,
8.0,
0.0,
0.0,
59.0,
248.0,
250.0,
254.0,
255.0,
148.0,
20.0,
0.0,
165.0,
250.0,
251.0,
242.0,
106.0,
17.0,
0.0,
0.0,
0.0,
0.0,
0.0,
0.0,
0.0,
8.0,
0.0,
0.0,
0.0,
7.0,
0.0,
56.0,
233.0,
255.0,
246.0,
252.0,
179.0,
25.0,
0.0,
153.0,
255.0,
250.0,
255.0,
160.0,
11.0,
0.0,
10.0,
0.0,
0.0,
0.0,
0.0,
0.0,
0.0,
1.0,
0.0,
7.0,
0.0,
0.0,
46.0,
185.0,
254.0,
241.0,
255.0,
230.0,
96.0,
116.0,
196.0,
244.0,
253.0,
237.0,
255.0,
10.0,
0.0,
0.0,
0.0,
11.0,
0.0,
0.0,
0.0,
0.0,
0.0,
0.0,
0.0,
8.0,
7.0,
0.0,
151.0,
255.0,
255.0,
253.0,
238.0,
255.0,
253.0,
254.0,
255.0,
255.0,
253.0,
255.0,
116.0,
0.0,
18.0,
4.0,
0.0,
1.0,
0.0,
0.0,
0.0,
0.0,
0.0,
4.0,
0.0,
0.0,
4.0,
0.0,
220.0,
255.0,
246.0,
255.0,
246.0,
255.0,
251.0,
255.0,
255.0,
254.0,
255.0,
251.0,
180.0,
0.0,
0.0,
0.0,
7.0,
0.0,
0.0,
0.0,
0.0,
0.0,
3.0,
0.0,
2.0,
10.0,
0.0,
0.0,
103.0,
245.0,
254.0,
255.0,
247.0,
255.0,
254.0,
251.0,
255.0,
232.0,
255.0,
85.0,
11.0,
11.0,
0.0,
0.0,
0.0,
0.0,
0.0,
0.0,
0.0,
0.0,
0.0,
1.0,
1.0,
2.0,
2.0,
0.0,
2.0,
24.0,
117.0,
104.0,
57.0,
17.0,
158.0,
237.0,
255.0,
255.0,
111.0,
20.0,
0.0,
5.0,
0.0,
0.0,
2.0,
7.0,
0.0,
0.0,
0.0,
0.0,
2.0,
10.0,
0.0,
0.0,
0.0,
10.0,
3.0,
0.0,
0.0,
12.0,
0.0,
24.0,
216.0,
255.0,
251.0,
191.0,
2.0,
0.0,
2.0,
3.0,
0.0,
3.0,
1.0,
1.0,
0.0,
0.0,
0.0,
0.0,
0.0,
2.0,
2.0,
5.0,
7.0,
0.0,
0.0,
11.0,
0.0,
1.0,
0.0,
149.0,
255.0,
255.0,
232.0,
70.0,
0.0,
2.0,
5.0,
0.0,
3.0,
7.0,
0.0,
0.0,
0.0,
0.0,
0.0,
0.0,
1.0,
0.0,
0.0,
3.0,
10.0,
0.0,
0.0,
0.0,
13.0,
0.0,
0.0,
198.0,
247.0,
255.0,
182.0,
10.0,
1.0,
7.0,
0.0,
0.0,
4.0,
3.0,
0.0,
0.0,
0.0,
0.0,
0.0,
0.0,
4.0,
7.0,
0.0,
0.0,
0.0,
3.0,
5.0,
14.0,
0.0,
2.0,
85.0,
243.0,
255.0,
255.0,
77.0,
0.0,
0.0,
4.0,
0.0,
0.0,
4.0,
0.0,
2.0,
11.0,
0.0,
0.0,
0.0,
0.0,
0.0,
9.0,
13.0,
3.0,
0.0,
0.0,
0.0,
0.0,
0.0,
14.0,
169.0,
255.0,
252.0,
177.0,
0.0,
0.0,
0.0,
5.0,
0.0,
8.0,
4.0,
0.0,
5.0,
4.0,
0.0,
0.0,
0.0,
0.0,
1.0,
0.0,
0.0,
0.0,
5.0,
1.0,
0.0,
5.0,
7.0,
0.0,
168.0,
251.0,
254.0,
107.0,
0.0,
8.0,
3.0,
4.0,
0.0,
5.0,
4.0,
0.0,
10.0,
0.0,
0.0,
0.0,
0.0,
0.0,
0.0,
0.0,
0.0,
0.0,
0.0,
0.0,
0.0,
0.0,
0.0,
0.0,
24.0,
215.0,
255.0,
166.0,
0.0,
2.0,
0.0,
0.0,
0.0,
0.0,
0.0,
0.0,
0.0,
0.0,
0.0,
0.0,
0.0,
0.0,
0.0,
0.0,
0.0,
0.0,
0.0,
0.0,
0.0,
0.0,
0.0,
9.0,
0.0,
0.0,
8.0,
10.0,
0.0,
7.0,
0.0,
0.0,
0.0,
0.0,
0.0,
0.0,
0.0,
0.0,
0.0,
0.0,
0.0,
0.0,
0.0,
0.0,
0.0,
0.0,
0.0,
0.0,
0.0,
0.0,
0.0,
10.0,
15.0,
0.0,
6.0,
0.0,
5.0,
1.0,
0.0,
0.0,
0.0,
0.0,
0.0,
0.0,
0.0,
0.0,
0.0,
0.0,
0.0,
0.0,
0.0,
0.0,
0.0,
0.0,
0.0,
0.0,
0.0,
0.0,
15.0,
0.0,
0.0,
0.0,
6.0,
0.0,
5.0,
3.0,
0.0,
0.0,
0.0,
0.0,
0.0,
0.0,
0.0,
0.0,
0.0,
0.0,
0.0,
0.0,
