0.0,
0.0,
0.0,
0.0,
0.0,
0.0,
0.0,
0.0,
8.0,
0.0,
0.0,
5.0,
2.0,
1.0,
3.0,
2.0,
0.0,
3.0,
3.0,
0.0,
1.0,
0.0,
0.0,
2.0,
0.0,
0.0,
0.0,
0.0,
0.0,
0.0,
0.0,
0.0,
0.0,
0.0,
0.0,
0.0,
2.0,
1.0,
0.0,
0.0,
0.0,
3.0,
0.0,
7.0,
1.0,
0.0,
0.0,
9.0,
0.0,
5.0,
4.0,
0.0,
0.0,
0.0,
0.0,
0.0,
0.0,
0.0,
0.0,
0.0,
0.0,
0.0,
0.0,
0.0,
0.0,
9.0,
4.0,
14.0,
4.0,
8.0,
0.0,
0.0,
0.0,
7.0,
0.0,
0.0,
0.0,
7.0,
3.0,
0.0,
0.0,
0.0,
0.0,
0.0,
0.0,
0.0,
0.0,
0.0,
0.0,
0.0,
0.0,
0.0,
2.0,
4.0,
0.0,
2.0,
0.0,
6.0,
1.0,
0.0,
0.0,
13.0,
0.0,
5.0,
1.0,
1.0,
0.0,
9.0,
0.0,
0.0,
0.0,
0.0,
0.0,
0.0,
0.0,
0.0,
0.0,
0.0,
0.0,
0.0,
9.0,
0.0,
0.0,
9.0,
0.0,
12.0,
15.0,
0.0,
11.0,
0.0,
0.0,
9.0,
0.0,
0.0,
14.0,
0.0,
0.0,
0.0,
0.0,
0.0,
0.0,
0.0,
0.0,
0.0,
0.0,
0.0,
0.0,
0.0,
0.0,
0.0,
11.0,
9.0,
0.0,
0.0,
0.0,
2.0,
0.0,
0.0,
4.0,
0.0,
0.0,
140.0,
235.0,
101.0,
0.0,
0.0,
0.0,
0.0,
0.0,
0.0,
0.0,
0.0,
0.0,
0.0,
0.0,
0.0,
0.0,
8.0,
0.0,
0.0,
54.0,
16.0,
0.0,
11.0,
2.0,
7.0,
13.0,
0.0,
48.0,
210.0,
255.0,
74.0,
0.0,
0.0,
0.0,
0.0,
0.0,
0.0,
0.0,
0.0,
0.0,
0.0,
0.0,
0.0,
0.0,
14.0,
0.0,
38.0,
229.0,
164.0,
27.0,
0.0,
0.0,
0.0,
0.0,
41.0,
190.0,
255.0,
242.0,
73.0,
0.0,
0.0,
0.0,
0.0,
0.0,
0.0,
1.0,
0.0,
3.0,
7.0,
0.0,
0.0,
4.0,
0.0,
33.0,
217.0,
246.0,
255.0,
89.0,
1.0,
0.0,
3.0,
0.0,
105.0,
255.0,
245.0,
189.0,
0.0,
4.0,
0.0,
2.0,
5.0,
5.0,
0.0,
0.0,
13.0,
0.0,
0.0,
2.0,
4.0,
0.0,
18.0,
102.0,
255.0,
255.0,
245.0,
158.0,
0.0,
18.0,
0.0,
12.0,
224.0,
240.0,
238.0,
73.0,
0.0,
0.0,
0.0,
0.0,
3.0,
0.0,
0.0,
0.0,
16.0,
0.0,
0.0,
11.0,
0.0,
3.0,
117.0,
252.0,
232.0,
255.0,
179.0,
4.0,
28.0,
0.0,
17.0,
201.0,
233.0,
250.0,
118.0,
0.0,
6.0,
5.0,
5.0,
2.0,
0.0,
0.0,
5.0,
0.0,
4.0,
0.0,
16.0,
0.0,
0.0,
130.0,
255.0,
241.0,
255.0,
255.0,
30.0,
14.0,
0.0,
0.0,
11.0,
251.0,
255.0,
213.0,
28.0,
0.0,
0.0,
1.0,
0.0,
3.0,
0.0,
1.0,
11.0,
3.0,
0.0,
0.0,
7.0,
0.0,
37.0,
218.0,
242.0,
255.0,
246.0,
146.0,
0.0,
9.0,
10.0,
14.0,
131.0,
249.0,
245.0,
175.0,
18.0,
0.0,
6.0,
0.0,
0.0,
1.0,
6.0,
1.0,
1.0,
1.0,
0.0,
3.0,
0.0,
33.0,
150.0,
255.0,
252.0,
248.0,
240.0,
255.0,
234.0,
206.0,
227.0,
215.0,
246.0,
255.0,
247.0,
243.0,
204.0,
216.0,
89.0,
58.0,
0.0,
1.0,
4.0,
0.0,
0.0,
0.0,
0.0,
4.0,
0.0,
143.0,
240.0,
255.0,
252.0,
255.0,
255.0,
245.0,
255.0,
255.0,
255.0,
255.0,
255.0,
230.0,
255.0,
255.0,
255.0,
252.0,
255.0,
129.0,
15.0,
0.0,
0.0,
0.0,
10.0,
0.0,
0.0,
3.0,
19.0,
231.0,
255.0,
252.0,
254.0,
254.0,
255.0,
252.0,
249.0,
255.0,
250.0,
254.0,
246.0,
255.0,
249.0,
204.0,
203.0,
194.0,
210.0,
138.0,
0.0,
0.0,
6.0,
1.0,
0.0,
16.0,
5.0,
0.0,
216.0,
250.0,
255.0,
255.0,
232.0,
255.0,
254.0,
245.0,
245.0,
252.0,
244.0,
245.0,
255.0,
149.0,
100.0,
5.0,
0.0,
0.0,
7.0,
0.0,
0.0,
0.0,
0.0,
8.0,
0.0,
0.0,
0.0,
0.0,
255.0,
255.0,
237.0,
252.0,
255.0,
162.0,
107.0,
104.0,
82.0,
125.0,
255.0,
255.0,
220.0,
14.0,
0.0,
0.0,
10.0,
3.0,
0.0,
0.0,
0.0,
0.0,
0.0,
0.0,
4.0,
8.0,
11.0,
14.0,
0.0,
119.0,
135.0,
96.0,
0.0,
7.0,
4.0,
0.0,
39.0,
239.0,
232.0,
241.0,
184.0,
0.0,
8.0,
11.0,
0.0,
3.0,
7.0,
0.0,
0.0,
0.0,
0.0,
9.0,
0.0,
0.0,
2.0,
0.0,
0.0,
0.0,
0.0,
13.0,
10.0,
0.0,
0.0,
3.0,
141.0,
248.0,
255.0,
251.0,
133.0,
0.0,
0.0,
0.0,
0.0,
0.0,
0.0,
0.0,
0.0,
0.0,
0.0,
0.0,
6.0,
8.0,
0.0,
0.0,
18.0,
0.0,
3.0,
0.0,
5.0,
0.0,
3.0,
5.0,
226.0,
255.0,
255.0,
242.0,
73.0,
0.0,
10.0,
0.0,
7.0,
11.0,
7.0,
0.0,
0.0,
0.0,
0.0,
11.0,
0.0,
0.0,
1.0,
16.0,
0.0,
2.0,
0.0,
2.0,
0.0,
2.0,
1.0,
82.0,
255.0,
253.0,
239.0,
124.0,
0.0,
3.0,
18.0,
0.0,
0.0,
0.0,
0.0,
0.0,
0.0,
0.0,
0.0,
0.0,
0.0,
11.0,
16.0,
0.0,
31.0,
0.0,
7.0,
0.0,
3.0,
0.0,
16.0,
118.0,
251.0,
239.0,
255.0,
99.0,
0.0,
0.0,
0.0,
6.0,
9.0,
10.0,
3.0,
0.0,
0.0,
0.0,
0.0,
4.0,
1.0,
0.0,
1.0,
0.0,
0.0,
20.0,
0.0,
0.0,
2.0,
2.0,
0.0,
244.0,
255.0,
253.0,
244.0,
72.0,
18.0,
3.0,
0.0,
8.0,
0.0,
0.0,
0.0,
0.0,
0.0,
0.0,
0.0,
0.0,
0.0,
0.0,
0.0,
0.0,
0.0,
0.0,
0.0,
4.0,
0.0,
0.0,
16.0,
167.0,
249.0,
185.0,
226.0,
29.0,
12.0,
0.0,
0.0,
3.0,
2.0,
0.0,
0.0,
0.0,
0.0,
0.0,
0.0,
0.0,
0.0,
0.0,
0.0,
0.0,
0.0,
0.0,
0.0,
12.0,
1.0,
7.0,
0.0,
2.0,
16.0,
0.0,
3.0,
11.0,
1.0,
0.0,
0.0,
3.0,
2.0,
0.0,
0.0,
0.0,
0.0,
0.0,
0.0,
0.0,
0.0,
0.0,
0.0,
0.0,
0.0,
0.0,
0.0,
0.0,
0.0,
10.0,
5.0,
0.0,
0.0,
4.0,
10.0,
0.0,
0.0,
0.0,
0.0,
3.0,
1.0,
0.0,
0.0,
0.0,
0.0,
0.0,
0.0,
0.0,
0.0,
0.0,
0.0,
0.0,
0.0,
0.0,
0.0,
13.0,
0.0,
2.0,
9.0,
0.0,
0.0,
5.0,
0.0,
0.0,
0.0,
2.0,
4.0,
2.0,
0.0,
0.0,
0.0,
0.0,
0.0,
0.0,
0.0,
