0.0,
0.0,
0.0,
0.0,
0.0,
0.0,
0.0,
0.0,
1.0,
0.0,
0.0,
0.0,
8.0,
8.0,
0.0,
0.0,
0.0,
8.0,
7.0,
0.0,
11.0,
0.0,
0.0,
3.0,
0.0,
0.0,
0.0,
0.0,
0.0,
0.0,
0.0,
0.0,
0.0,
0.0,
0.0,
0.0,
0.0,
0.0,
0.0,
0.0,
0.0,
1.0,
20.0,
0.0,
6.0,
0.0,
0.0,
2.0,
0.0,
6.0,
0.0,
2.0,
0.0,
0.0,
0.0,
0.0,
0.0,
0.0,
0.0,
0.0,
0.0,
0.0,
0.0,
0.0,
7.0,
5.0,
0.0,
16.0,
9.0,
0.0,
3.0,
0.0,
6.0,
0.0,
10.0,
8.0,
0.0,
9.0,
0.0,
0.0,
0.0,
0.0,
0.0,
0.0,
0.0,
0.0,
0.0,
0.0,
0.0,
0.0,
0.0,
0.0,
0.0,
4.0,
0.0,
0.0,
16.0,
0.0,
0.0,
8.0,
6.0,
0.0,
0.0,
0.0,
4.0,
8.0,
0.0,
8.0,
0.0,
0.0,
0.0,
0.0,
0.0,
0.0,
0.0,
0.0,
0.0,
0.0,
0.0,
0.0,
9.0,
7.0,
12.0,
0.0,
0.0,
14.0,
0.0,
1.0,
0.0,
177.0,
207.0,
11.0,
0.0,
0.0,
0.0,
0.0,
0.0,
0.0,
0.0,
0.0,
0.0,
0.0,
0.0,
0.0,
0.0,
0.0,
0.0,
0.0,
7.0,
0.0,
0.0,
14.0,
0.0,
0.0,
8.0,
0.0,
1.0,
199.0,
195.0,
0.0,
17.0,
0.0,
0.0,
6.0,
0.0,
0.0,
0.0,
0.0,
0.0,
0.0,
0.0,
0.0,
0.0,
0.0,
0.0,
0.0,
0.0,
13.0,
0.0,
9.0,
3.0,
0.0,
9.0,
2.0,
1.0,
244.0,
210.0,
0.0,
6.0,
0.0,
1.0,
0.0,
0.0,
0.0,
0.0,
0.0,
0.0,
0.0,
0.0,
0.0,
0.0,
0.0,
0.0,
0.0,
71.0,
207.0,
81.0,
0.0,
11.0,
0.0,
12.0,
0.0,
9.0,
253.0,
193.0,
1.0,
0.0,
1.0,
8.0,
0.0,
0.0,
0.0,
0.0,
0.0,
0.0,
12.0,
0.0,
0.0,
3.0,
0.0,
0.0,
20.0,
215.0,
255.0,
80.0,
10.0,
0.0,
0.0,
5.0,
5.0,
90.0,
246.0,
207.0,
0.0,
1.0,
0.0,
9.0,
0.0,
0.0,
0.0,
0.0,
0.0,
0.0,
0.0,
0.0,
0.0,
13.0,
12.0,
9.0,
167.0,
255.0,
182.0,
8.0,
0.0,
3.0,
0.0,
0.0,
0.0,
75.0,
249.0,
203.0,
6.0,
10.0,
0.0,
6.0,
0.0,
0.0,
0.0,
0.0,
0.0,
6.0,
3.0,
0.0,
3.0,
0.0,
0.0,
12.0,
100.0,
245.0,
91.0,
0.0,
4.0,
20.0,
1.0,
1.0,
0.0,
82.0,
255.0,
189.0,
1.0,
1.0,
0.0,
7.0,
0.0,
0.0,
0.0,
0.0,
0.0,
0.0,
8.0,
0.0,
10.0,
0.0,
0.0,
5.0,
60.0,
255.0,
76.0,
4.0,
0.0,
0.0,
0.0,
10.0,
7.0,
77.0,
255.0,
168.0,
0.0,
0.0,
0.0,
8.0,
3.0,
0.0,
0.0,
0.0,
0.0,
0.0,
0.0,
18.0,
0.0,
11.0,
12.0,
0.0,
189.0,
238.0,
51.0,
10.0,
0.0,
0.0,
2.0,
9.0,
0.0,
77.0,
242.0,
162.0,
0.0,
5.0,
6.0,
3.0,
0.0,
0.0,
0.0,
0.0,
0.0,
9.0,
0.0,
3.0,
0.0,
0.0,
0.0,
61.0,
250.0,
135.0,
6.0,
0.0,
0.0,
2.0,
3.0,
0.0,
0.0,
144.0,
255.0,
181.0,
4.0,
4.0,
4.0,
0.0,
0.0,
0.0,
0.0,
0.0,
0.0,
1.0,
3.0,
0.0,
16.0,
0.0,
0.0,
207.0,
237.0,
27.0,
0.0,
9.0,
0.0,
10.0,
22.0,
33.0,
66.0,
216.0,
255.0,
200.0,
0.0,
0.0,
0.0,
0.0,
2.0,
0.0,
0.0,
0.0,
0.0,
0.0,
5.0,
0.0,
7.0,
0.0,
1.0,
219.0,
231.0,
18.0,
90.0,
163.0,
188.0,
232.0,
255.0,
245.0,
255.0,
224.0,
251.0,
200.0,
0.0,
0.0,
0.0,
0.0,
1.0,
0.0,
0.0,
0.0,
0.0,
0.0,
0.0,
9.0,
0.0,
3.0,
20.0,
225.0,
255.0,
255.0,
255.0,
229.0,
182.0,
158.0,
148.0,
110.0,
61.0,
80.0,
251.0,
206.0,
0.0,
7.0,
0.0,
4.0,
0.0,
0.0,
0.0,
0.0,
0.0,
5.0,
0.0,
2.0,
0.0,
4.0,
0.0,
109.0,
102.0,
77.0,
57.0,
22.0,
0.0,
0.0,
1.0,
5.0,
0.0,
86.0,
254.0,
202.0,
7.0,
0.0,
13.0,
0.0,
14.0,
0.0,
0.0,
0.0,
0.0,
2.0,
0.0,
0.0,
0.0,
7.0,
0.0,
17.0,
0.0,
4.0,
0.0,
0.0,
0.0,
6.0,
2.0,
0.0,
1.0,
84.0,
255.0,
176.0,
0.0,
0.0,
13.0,
0.0,
6.0,
0.0,
0.0,
0.0,
0.0,
0.0,
0.0,
5.0,
0.0,
1.0,
0.0,
0.0,
0.0,
2.0,
0.0,
0.0,
5.0,
6.0,
0.0,
0.0,
0.0,
97.0,
254.0,
119.0,
10.0,
1.0,
0.0,
12.0,
0.0,
0.0,
0.0,
0.0,
0.0,
0.0,
4.0,
6.0,
0.0,
0.0,
0.0,
0.0,
11.0,
7.0,
5.0,
2.0,
0.0,
0.0,
0.0,
2.0,
5.0,
173.0,
242.0,
99.0,
35.0,
19.0,
0.0,
21.0,
1.0,
0.0,
0.0,
0.0,
0.0,
0.0,
0.0,
0.0,
0.0,
1.0,
4.0,
0.0,
0.0,
0.0,
1.0,
7.0,
4.0,
3.0,
5.0,
1.0,
0.0,
95.0,
255.0,
203.0,
146.0,
0.0,
0.0,
0.0,
7.0,
0.0,
0.0,
0.0,
0.0,
0.0,
0.0,
0.0,
0.0,
8.0,
2.0,
4.0,
0.0,
3.0,
3.0,
0.0,
0.0,
0.0,
0.0,
1.0,
0.0,
149.0,
248.0,
193.0,
0.0,
22.0,
0.0,
28.0,
0.0,
0.0,
0.0,
0.0,
0.0,
2.0,
0.0,
0.0,
0.0,
0.0,
0.0,
13.0,
2.0,
4.0,
0.0,
0.0,
2.0,
2.0,
0.0,
0.0,
1.0,
110.0,
249.0,
89.0,
0.0,
0.0,
1.0,
0.0,
4.0,
0.0,
0.0,
0.0,
0.0,
0.0,
0.0,
0.0,
0.0,
0.0,
0.0,
0.0,
0.0,
0.0,
0.0,
0.0,
0.0,
0.0,
0.0,
0.0,
0.0,
0.0,
0.0,
0.0,
0.0,
0.0,
0.0,
0.0,
0.0,
0.0,
0.0,
0.0,
0.0,
0.0,
0.0,
0.0,
0.0,
0.0,
0.0,
0.0,
0.0,
0.0,
0.0,
0.0,
0.0,
0.0,
0.0,
0.0,
0.0,
0.0,
0.0,
0.0,
0.0,
0.0,
0.0,
0.0,
0.0,
0.0,
0.0,
0.0,
0.0,
0.0,
0.0,
0.0,
0.0,
0.0,
0.0,
0.0,
0.0,
0.0,
0.0,
0.0,
0.0,
0.0,
0.0,
0.0,
0.0,
0.0,
0.0,
0.0,
0.0,
0.0,
0.0,
0.0,
0.0,
0.0,
0.0,
0.0,
0.0,
0.0,
0.0,
0.0,
0.0,
0.0,
0.0,
0.0,
0.0,
0.0,
0.0,
0.0,
0.0,
0.0,
0.0,
0.0,
0.0,
0.0,
0.0,
0.0,
0.0,
0.0,
0.0,
0.0,
0.0,
0.0,
0.0,
0.0,
0.0,
