1.0,
2.0,
4.0,
0.0,
6.0,
0.0,
6.0,
1.0,
0.0,
2.0,
4.0,
1.0,
0.0,
0.0,
0.0,
1.0,
4.0,
0.0,
2.0,
0.0,
8.0,
3.0,
1.0,
1.0,
0.0,
0.0,
0.0,
0.0,
0.0,
0.0,
0.0,
0.0,
0.0,
0.0,
0.0,
2.0,
0.0,
0.0,
0.0,
0.0,
0.0,
0.0,
1.0,
0.0,
2.0,
10.0,
0.0,
13.0,
5.0,
0.0,
0.0,
2.0,
0.0,
0.0,
0.0,
0.0,
0.0,
0.0,
1.0,
8.0,
15.0,
11.0,
0.0,
11.0,
1.0,
0.0,
0.0,
0.0,
1.0,
1.0,
0.0,
0.0,
0.0,
0.0,
0.0,
4.0,
0.0,
0.0,
0.0,
2.0,
0.0,
0.0,
0.0,
0.0,
17.0,
6.0,
0.0,
0.0,
0.0,
0.0,
0.0,
2.0,
1.0,
0.0,
0.0,
1.0,
0.0,
0.0,
0.0,
3.0,
1.0,
0.0,
14.0,
0.0,
0.0,
6.0,
0.0,
5.0,
0.0,
0.0,
0.0,
0.0,
0.0,
0.0,
0.0,
8.0,
8.0,
3.0,
10.0,
0.0,
0.0,
0.0,
1.0,
3.0,
0.0,
0.0,
3.0,
13.0,
2.0,
11.0,
0.0,
1.0,
10.0,
7.0,
0.0,
0.0,
0.0,
0.0,
0.0,
0.0,
0.0,
1.0,
3.0,
11.0,
0.0,
0.0,
33.0,
0.0,
3.0,
0.0,
0.0,
2.0,
0.0,
0.0,
7.0,
20.0,
233.0,
222.0,
18.0,
5.0,
0.0,
0.0,
8.0,
9.0,
0.0,
0.0,
0.0,
0.0,
6.0,
5.0,
0.0,
0.0,
6.0,
36.0,
215.0,
190.0,
21.0,
7.0,
0.0,
0.0,
1.0,
0.0,
3.0,
12.0,
167.0,
246.0,
103.0,
17.0,
6.0,
4.0,
10.0,
0.0,
0.0,
0.0,
0.0,
0.0,
0.0,
4.0,
0.0,
0.0,
3.0,
38.0,
255.0,
241.0,
41.0,
17.0,
0.0,
0.0,
2.0,
0.0,
0.0,
0.0,
71.0,
247.0,
255.0,
21.0,
0.0,
0.0,
5.0,
0.0,
0.0,
0.0,
0.0,
0.0,
0.0,
4.0,
0.0,
1.0,
1.0,
43.0,
247.0,
253.0,
135.0,
11.0,
0.0,
0.0,
0.0,
0.0,
6.0,
0.0,
11.0,
218.0,
254.0,
109.0,
0.0,
10.0,
0.0,
0.0,
0.0,
0.0,
0.0,
0.0,
0.0,
8.0,
0.0,
2.0,
8.0,
35.0,
255.0,
255.0,
135.0,
0.0,
0.0,
5.0,
11.0,
2.0,
1.0,
2.0,
3.0,
148.0,
242.0,
135.0,
0.0,
0.0,
10.0,
3.0,
0.0,
0.0,
0.0,
0.0,
0.0,
6.0,
0.0,
0.0,
5.0,
36.0,
255.0,
253.0,
91.0,
0.0,
3.0,
10.0,
0.0,
0.0,
0.0,
5.0,
0.0,
102.0,
255.0,
219.0,
6.0,
0.0,
2.0,
0.0,
0.0,
0.0,
0.0,
0.0,
0.0,
2.0,
0.0,
0.0,
0.0,
71.0,
249.0,
246.0,
62.0,
0.0,
0.0,
0.0,
0.0,
16.0,
9.0,
0.0,
0.0,
33.0,
237.0,
253.0,
55.0,
0.0,
0.0,
2.0,
0.0,
0.0,
0.0,
0.0,
1.0,
0.0,
8.0,
0.0,
0.0,
120.0,
252.0,
253.0,
42.0,
0.0,
8.0,
2.0,
0.0,
7.0,
0.0,
0.0,
14.0,
4.0,
230.0,
242.0,
109.0,
0.0,
3.0,
8.0,
0.0,
0.0,
0.0,
0.0,
0.0,
0.0,
9.0,
0.0,
0.0,
120.0,
250.0,
255.0,
53.0,
0.0,
0.0,
15.0,
3.0,
7.0,
0.0,
3.0,
0.0,
26.0,
224.0,
253.0,
86.0,
6.0,
0.0,
0.0,
0.0,
0.0,
0.0,
0.0,
0.0,
0.0,
4.0,
0.0,
2.0,
61.0,
238.0,
252.0,
238.0,
145.0,
104.0,
116.0,
109.0,
98.0,
24.0,
5.0,
8.0,
13.0,
161.0,
255.0,
94.0,
18.0,
0.0,
0.0,
0.0,
0.0,
0.0,
0.0,
7.0,
0.0,
5.0,
0.0,
8.0,
1.0,
229.0,
245.0,
255.0,
240.0,
252.0,
255.0,
249.0,
255.0,
236.0,
254.0,
223.0,
15.0,
122.0,
255.0,
200.0,
0.0,
1.0,
6.0,
0.0,
0.0,
0.0,
0.0,
1.0,
0.0,
0.0,
3.0,
0.0,
2.0,
37.0,
80.0,
159.0,
167.0,
181.0,
195.0,
204.0,
208.0,
207.0,
206.0,
210.0,
33.0,
123.0,
244.0,
210.0,
0.0,
0.0,
8.0,
0.0,
0.0,
0.0,
0.0,
2.0,
0.0,
1.0,
5.0,
0.0,
0.0,
0.0,
19.0,
0.0,
0.0,
3.0,
6.0,
6.0,
4.0,
1.0,
0.0,
0.0,
0.0,
25.0,
247.0,
223.0,
32.0,
0.0,
0.0,
0.0,
0.0,
0.0,
0.0,
0.0,
0.0,
2.0,
6.0,
3.0,
0.0,
0.0,
0.0,
0.0,
0.0,
0.0,
0.0,
0.0,
0.0,
0.0,
0.0,
0.0,
9.0,
0.0,
255.0,
231.0,
65.0,
9.0,
4.0,
0.0,
0.0,
0.0,
0.0,
0.0,
1.0,
2.0,
1.0,
3.0,
6.0,
4.0,
0.0,
0.0,
0.0,
1.0,
2.0,
4.0,
6.0,
8.0,
9.0,
20.0,
0.0,
2.0,
241.0,
251.0,
127.0,
4.0,
0.0,
0.0,
0.0,
0.0,
0.0,
0.0,
4.0,
3.0,
0.0,
0.0,
0.0,
2.0,
0.0,
0.0,
0.0,
0.0,
0.0,
0.0,
0.0,
0.0,
0.0,
0.0,
0.0,
0.0,
141.0,
250.0,
191.0,
0.0,
0.0,
0.0,
0.0,
0.0,
0.0,
0.0,
1.0,
3.0,
0.0,
0.0,
0.0,
0.0,
0.0,
3.0,
3.0,
4.0,
4.0,
3.0,
1.0,
0.0,
0.0,
0.0,
18.0,
0.0,
140.0,
247.0,
225.0,
27.0,
6.0,
0.0,
0.0,
0.0,
0.0,
0.0,
0.0,
1.0,
4.0,
4.0,
1.0,
1.0,
2.0,
0.0,
0.0,
0.0,
0.0,
1.0,
2.0,
2.0,
2.0,
0.0,
0.0,
0.0,
142.0,
250.0,
250.0,
51.0,
0.0,
0.0,
0.0,
0.0,
0.0,
9.0,
1.0,
0.0,
1.0,
3.0,
0.0,
0.0,
2.0,
2.0,
1.0,
0.0,
0.0,
0.0,
0.0,
1.0,
2.0,
8.0,
4.0,
0.0,
36.0,
215.0,
255.0,
41.0,
0.0,
0.0,
0.0,
0.0,
0.0,
0.0,
0.0,
0.0,
0.0,
0.0,
0.0,
0.0,
0.0,
0.0,
0.0,
0.0,
0.0,
0.0,
0.0,
0.0,
0.0,
0.0,
0.0,
1.0,
2.0,
98.0,
250.0,
54.0,
2.0,
0.0,
0.0,
0.0,
0.0,
0.0,
0.0,
0.0,
0.0,
0.0,
0.0,
0.0,
0.0,
0.0,
0.0,
0.0,
0.0,
0.0,
0.0,
0.0,
0.0,
0.0,
22.0,
3.0,
0.0,
1.0,
21.0,
0.0,
0.0,
0.0,
0.0,
0.0,
0.0,
0.0,
0.0,
0.0,
0.0,
0.0,
0.0,
0.0,
0.0,
0.0,
0.0,
0.0,
0.0,
0.0,
0.0,
0.0,
0.0,
1.0,
7.0,
0.0,
0.0,
12.0,
0.0,
6.0,
3.0,
0.0,
0.0,
0.0,
0.0,
0.0,
0.0,
0.0,
0.0,
0.0,
0.0,
0.0,
0.0,
0.0,
0.0,
0.0,
0.0,
0.0,
0.0,
0.0,
0.0,
0.0,
0.0,
12.0,
0.0,
17.0,
0.0,
6.0,
0.0,
0.0,
0.0,
0.0,
0.0,
