0.0,
0.0,
0.0,
0.0,
0.0,
0.0,
0.0,
0.0,
0.0,
0.0,
9.0,
3.0,
0.0,
14.0,
1.0,
0.0,
0.0,
0.0,
0.0,
0.0,
0.0,
0.0,
0.0,
0.0,
0.0,
0.0,
0.0,
0.0,
0.0,
0.0,
0.0,
0.0,
0.0,
0.0,
0.0,
0.0,
9.0,
0.0,
0.0,
2.0,
0.0,
0.0,
0.0,
1.0,
0.0,
0.0,
0.0,
0.0,
0.0,
0.0,
0.0,
0.0,
0.0,
0.0,
0.0,
0.0,
0.0,
0.0,
0.0,
0.0,
0.0,
0.0,
0.0,
0.0,
4.0,
0.0,
0.0,
0.0,
9.0,
0.0,
0.0,
1.0,
0.0,
0.0,
0.0,
0.0,
0.0,
0.0,
0.0,
0.0,
0.0,
0.0,
0.0,
0.0,
0.0,
0.0,
0.0,
0.0,
0.0,
0.0,
0.0,
0.0,
0.0,
7.0,
0.0,
0.0,
11.0,
0.0,
4.0,
1.0,
0.0,
0.0,
0.0,
0.0,
0.0,
0.0,
0.0,
0.0,
0.0,
0.0,
0.0,
0.0,
0.0,
0.0,
0.0,
0.0,
0.0,
0.0,
0.0,
0.0,
0.0,
7.0,
3.0,
3.0,
0.0,
0.0,
0.0,
3.0,
0.0,
0.0,
0.0,
0.0,
0.0,
0.0,
0.0,
0.0,
0.0,
0.0,
0.0,
0.0,
0.0,
0.0,
0.0,
0.0,
0.0,
0.0,
0.0,
0.0,
12.0,
0.0,
0.0,
2.0,
0.0,
11.0,
0.0,
0.0,
0.0,
0.0,
0.0,
0.0,
0.0,
0.0,
0.0,
0.0,
0.0,
0.0,
0.0,
0.0,
0.0,
0.0,
0.0,
0.0,
0.0,
0.0,
0.0,
0.0,
7.0,
0.0,
4.0,
10.0,
0.0,
91.0,
40.0,
0.0,
0.0,
0.0,
0.0,
0.0,
0.0,
0.0,
0.0,
0.0,
0.0,
0.0,
0.0,
0.0,
0.0,
0.0,
0.0,
0.0,
0.0,
0.0,
0.0,
0.0,
0.0,
3.0,
33.0,
28.0,
24.0,
187.0,
106.0,
2.0,
0.0,
0.0,
0.0,
0.0,
0.0,
0.0,
0.0,
0.0,
0.0,
0.0,
0.0,
0.0,
0.0,
0.0,
3.0,
0.0,
3.0,
0.0,
9.0,
0.0,
0.0,
11.0,
190.0,
191.0,
177.0,
254.0,
213.0,
4.0,
9.0,
0.0,
8.0,
10.0,
184.0,
22.0,
7.0,
0.0,
0.0,
0.0,
0.0,
0.0,
0.0,
6.0,
9.0,
0.0,
0.0,
0.0,
3.0,
0.0,
9.0,
109.0,
255.0,
248.0,
255.0,
245.0,
161.0,
1.0,
0.0,
11.0,
0.0,
76.0,
250.0,
142.0,
0.0,
2.0,
0.0,
0.0,
0.0,
0.0,
0.0,
0.0,
0.0,
0.0,
0.0,
9.0,
0.0,
3.0,
0.0,
192.0,
250.0,
253.0,
244.0,
163.0,
11.0,
0.0,
0.0,
10.0,
8.0,
182.0,
255.0,
216.0,
7.0,
6.0,
0.0,
0.0,
0.0,
0.0,
13.0,
12.0,
5.0,
7.0,
8.0,
2.0,
0.0,
0.0,
180.0,
255.0,
255.0,
250.0,
255.0,
98.0,
0.0,
0.0,
1.0,
0.0,
0.0,
198.0,
251.0,
178.0,
6.0,
1.0,
0.0,
0.0,
0.0,
0.0,
0.0,
0.0,
0.0,
0.0,
0.0,
0.0,
29.0,
81.0,
252.0,
255.0,
231.0,
255.0,
89.0,
3.0,
0.0,
14.0,
5.0,
1.0,
0.0,
142.0,
255.0,
93.0,
0.0,
0.0,
0.0,
0.0,
0.0,
0.0,
0.0,
5.0,
2.0,
14.0,
10.0,
13.0,
166.0,
252.0,
245.0,
251.0,
255.0,
255.0,
233.0,
153.0,
120.0,
80.0,
22.0,
11.0,
46.0,
150.0,
253.0,
28.0,
10.0,
10.0,
0.0,
0.0,
0.0,
0.0,
0.0,
8.0,
0.0,
0.0,
0.0,
0.0,
206.0,
255.0,
240.0,
255.0,
241.0,
245.0,
250.0,
255.0,
233.0,
255.0,
240.0,
207.0,
249.0,
255.0,
255.0,
18.0,
8.0,
0.0,
0.0,
0.0,
0.0,
0.0,
0.0,
10.0,
0.0,
0.0,
5.0,
4.0,
227.0,
242.0,
255.0,
243.0,
255.0,
255.0,
243.0,
252.0,
255.0,
248.0,
255.0,
251.0,
254.0,
251.0,
246.0,
47.0,
0.0,
10.0,
0.0,
0.0,
0.0,
0.0,
2.0,
0.0,
1.0,
6.0,
0.0,
0.0,
33.0,
80.0,
180.0,
179.0,
251.0,
250.0,
250.0,
251.0,
179.0,
180.0,
227.0,
187.0,
228.0,
248.0,
225.0,
9.0,
3.0,
0.0,
0.0,
0.0,
0.0,
0.0,
2.0,
0.0,
2.0,
6.0,
0.0,
0.0,
0.0,
19.0,
7.0,
0.0,
29.0,
17.0,
17.0,
29.0,
0.0,
7.0,
13.0,
19.0,
98.0,
255.0,
214.0,
36.0,
0.0,
0.0,
0.0,
0.0,
0.0,
0.0,
0.0,
0.0,
0.0,
5.0,
4.0,
0.0,
0.0,
0.0,
0.0,
0.0,
2.0,
0.0,
0.0,
2.0,
0.0,
0.0,
0.0,
0.0,
81.0,
247.0,
255.0,
25.0,
6.0,
15.0,
0.0,
0.0,
0.0,
0.0,
0.0,
0.0,
0.0,
0.0,
5.0,
9.0,
6.0,
0.0,
0.0,
4.0,
2.0,
7.0,
7.0,
2.0,
4.0,
0.0,
0.0,
6.0,
59.0,
253.0,
255.0,
37.0,
0.0,
0.0,
0.0,
0.0,
0.0,
0.0,
3.0,
4.0,
1.0,
0.0,
0.0,
2.0,
2.0,
0.0,
0.0,
4.0,
0.0,
0.0,
0.0,
0.0,
4.0,
0.0,
7.0,
0.0,
41.0,
228.0,
164.0,
14.0,
0.0,
18.0,
0.0,
0.0,
0.0,
0.0,
0.0,
2.0,
3.0,
0.0,
0.0,
0.0,
0.0,
0.0,
2.0,
5.0,
0.0,
1.0,
1.0,
0.0,
5.0,
2.0,
5.0,
0.0,
96.0,
255.0,
105.0,
0.0,
10.0,
0.0,
0.0,
0.0,
0.0,
0.0,
0.0,
0.0,
1.0,
4.0,
3.0,
0.0,
1.0,
4.0,
0.0,
0.0,
2.0,
3.0,
3.0,
2.0,
0.0,
0.0,
3.0,
0.0,
98.0,
255.0,
48.0,
0.0,
0.0,
8.0,
0.0,
0.0,
0.0,
0.0,
4.0,
0.0,
0.0,
2.0,
2.0,
0.0,
1.0,
7.0,
5.0,
0.0,
4.0,
0.0,
0.0,
4.0,
0.0,
5.0,
4.0,
4.0,
169.0,
246.0,
155.0,
8.0,
1.0,
0.0,
0.0,
0.0,
0.0,
0.0,
0.0,
0.0,
0.0,
0.0,
0.0,
0.0,
0.0,
0.0,
0.0,
0.0,
0.0,
0.0,
0.0,
0.0,
0.0,
0.0,
0.0,
0.0,
120.0,
255.0,
107.0,
17.0,
0.0,
9.0,
0.0,
0.0,
0.0,
0.0,
0.0,
0.0,
0.0,
0.0,
0.0,
0.0,
0.0,
0.0,
0.0,
0.0,
0.0,
0.0,
0.0,
0.0,
0.0,
0.0,
7.0,
0.0,
154.0,
255.0,
48.0,
0.0,
18.0,
0.0,
0.0,
0.0,
0.0,
0.0,
0.0,
0.0,
0.0,
0.0,
0.0,
0.0,
0.0,
0.0,
0.0,
0.0,
0.0,
0.0,
0.0,
0.0,
0.0,
0.0,
12.0,
0.0,
0.0,
0.0,
0.0,
4.0,
0.0,
0.0,
0.0,
0.0,
0.0,
0.0,
0.0,
0.0,
0.0,
0.0,
0.0,
0.0,
0.0,
0.0,
0.0,
0.0,
0.0,
0.0,
0.0,
0.0,
0.0,
0.0,
0.0,
7.0,
15.0,
7.0,
5.0,
6.0,
2.0,
4.0,
0.0,
0.0,
0.0,
0.0,
