0.0,
0.0,
0.0,
0.0,
0.0,
0.0,
0.0,
0.0,
0.0,
4.0,
3.0,
0.0,
0.0,
3.0,
4.0,
0.0,
0.0,
6.0,
0.0,
9.0,
0.0,
13.0,
0.0,
0.0,
0.0,
0.0,
0.0,
0.0,
0.0,
0.0,
0.0,
0.0,
0.0,
0.0,
0.0,
0.0,
0.0,
1.0,
2.0,
0.0,
0.0,
2.0,
1.0,
0.0,
5.0,
0.0,
14.0,
0.0,
0.0,
0.0,
0.0,
11.0,
0.0,
0.0,
0.0,
0.0,
0.0,
0.0,
0.0,
0.0,
0.0,
0.0,
0.0,
0.0,
0.0,
1.0,
2.0,
0.0,
0.0,
2.0,
1.0,
0.0,
7.0,
0.0,
10.0,
0.0,
10.0,
20.0,
0.0,
0.0,
0.0,
0.0,
0.0,
0.0,
0.0,
0.0,
0.0,
0.0,
0.0,
0.0,
0.0,
0.0,
1.0,
2.0,
2.0,
1.0,
1.0,
2.0,
2.0,
1.0,
0.0,
0.0,
4.0,
0.0,
0.0,
0.0,
12.0,
1.0,
0.0,
0.0,
0.0,
0.0,
0.0,
0.0,
0.0,
0.0,
0.0,
0.0,
0.0,
0.0,
3.0,
1.0,
0.0,
0.0,
0.0,
0.0,
1.0,
3.0,
0.0,
24.0,
0.0,
0.0,
236.0,
50.0,
0.0,
2.0,
0.0,
0.0,
0.0,
0.0,
0.0,
0.0,
0.0,
0.0,
0.0,
0.0,
0.0,
0.0,
2.0,
0.0,
0.0,
0.0,
0.0,
0.0,
0.0,
2.0,
6.0,
0.0,
0.0,
107.0,
254.0,
27.0,
5.0,
14.0,
0.0,
0.0,
0.0,
0.0,
0.0,
0.0,
0.0,
0.0,
0.0,
0.0,
0.0,
0.0,
1.0,
0.0,
0.0,
5.0,
5.0,
0.0,
0.0,
1.0,
9.0,
0.0,
32.0,
232.0,
244.0,
53.0,
1.0,
0.0,
0.0,
0.0,
0.0,
0.0,
0.0,
0.0,
0.0,
0.0,
0.0,
0.0,
0.0,
0.0,
1.0,
1.0,
6.0,
14.0,
14.0,
6.0,
1.0,
1.0,
0.0,
0.0,
119.0,
255.0,
169.0,
0.0,
5.0,
0.0,
0.0,
0.0,
0.0,
0.0,
4.0,
0.0,
0.0,
3.0,
2.0,
0.0,
3.0,
0.0,
0.0,
2.0,
68.0,
248.0,
169.0,
5.0,
1.0,
0.0,
0.0,
17.0,
232.0,
254.0,
45.0,
2.0,
0.0,
5.0,
0.0,
0.0,
0.0,
0.0,
0.0,
4.0,
1.0,
0.0,
0.0,
1.0,
10.0,
3.0,
0.0,
7.0,
177.0,
241.0,
172.0,
2.0,
0.0,
15.0,
0.0,
48.0,
255.0,
165.0,
1.0,
3.0,
0.0,
2.0,
0.0,
0.0,
0.0,
0.0,
0.0,
8.0,
2.0,
0.0,
0.0,
7.0,
0.0,
0.0,
6.0,
162.0,
255.0,
56.0,
0.0,
0.0,
24.0,
0.0,
0.0,
215.0,
245.0,
40.0,
18.0,
0.0,
2.0,
0.0,
0.0,
0.0,
0.0,
0.0,
0.0,
3.0,
0.0,
0.0,
5.0,
7.0,
0.0,
2.0,
122.0,
255.0,
171.0,
13.0,
2.0,
0.0,
7.0,
0.0,
77.0,
250.0,
233.0,
11.0,
0.0,
10.0,
13.0,
3.0,
0.0,
0.0,
0.0,
0.0,
0.0,
0.0,
0.0,
5.0,
2.0,
0.0,
0.0,
94.0,
255.0,
251.0,
53.0,
0.0,
11.0,
0.0,
0.0,
9.0,
180.0,
254.0,
139.0,
4.0,
0.0,
3.0,
0.0,
0.0,
0.0,
0.0,
0.0,
0.0,
0.0,
3.0,
0.0,
7.0,
0.0,
0.0,
38.0,
217.0,
253.0,
134.0,
23.0,
0.0,
0.0,
5.0,
0.0,
27.0,
255.0,
236.0,
2.0,
0.0,
17.0,
0.0,
4.0,
8.0,
0.0,
0.0,
0.0,
0.0,
0.0,
5.0,
0.0,
8.0,
0.0,
0.0,
49.0,
255.0,
234.0,
37.0,
0.0,
7.0,
3.0,
0.0,
6.0,
189.0,
255.0,
96.0,
12.0,
23.0,
21.0,
0.0,
0.0,
0.0,
0.0,
0.0,
0.0,
0.0,
0.0,
5.0,
0.0,
9.0,
2.0,
7.0,
31.0,
229.0,
255.0,
207.0,
119.0,
103.0,
130.0,
204.0,
136.0,
252.0,
255.0,
210.0,
188.0,
203.0,
177.0,
0.0,
9.0,
3.0,
0.0,
0.0,
0.0,
0.0,
7.0,
0.0,
0.0,
7.0,
0.0,
0.0,
23.0,
73.0,
255.0,
255.0,
255.0,
247.0,
246.0,
255.0,
255.0,
253.0,
253.0,
243.0,
179.0,
75.0,
8.0,
0.0,
4.0,
0.0,
0.0,
0.0,
0.0,
0.0,
0.0,
0.0,
1.0,
5.0,
0.0,
0.0,
0.0,
18.0,
20.0,
86.0,
76.0,
107.0,
88.0,
114.0,
247.0,
244.0,
74.0,
20.0,
0.0,
0.0,
4.0,
0.0,
0.0,
2.0,
0.0,
0.0,
0.0,
0.0,
0.0,
1.0,
5.0,
1.0,
0.0,
2.0,
0.0,
0.0,
9.0,
17.0,
0.0,
0.0,
4.0,
50.0,
255.0,
229.0,
15.0,
0.0,
0.0,
7.0,
18.0,
10.0,
5.0,
12.0,
0.0,
0.0,
0.0,
0.0,
0.0,
2.0,
2.0,
0.0,
0.0,
7.0,
7.0,
0.0,
0.0,
0.0,
17.0,
0.0,
0.0,
94.0,
254.0,
226.0,
0.0,
8.0,
14.0,
0.0,
0.0,
0.0,
0.0,
0.0,
0.0,
0.0,
0.0,
0.0,
4.0,
2.0,
0.0,
0.0,
0.0,
0.0,
0.0,
2.0,
17.0,
0.0,
0.0,
8.0,
38.0,
220.0,
239.0,
145.0,
1.0,
1.0,
0.0,
0.0,
1.0,
4.0,
5.0,
4.0,
0.0,
0.0,
0.0,
0.0,
1.0,
0.0,
0.0,
4.0,
1.0,
0.0,
0.0,
4.0,
0.0,
0.0,
0.0,
23.0,
146.0,
255.0,
255.0,
123.0,
6.0,
0.0,
0.0,
0.0,
3.0,
1.0,
0.0,
0.0,
0.0,
0.0,
0.0,
0.0,
0.0,
0.0,
0.0,
4.0,
5.0,
1.0,
1.0,
4.0,
5.0,
0.0,
0.0,
84.0,
255.0,
236.0,
127.0,
0.0,
0.0,
1.0,
5.0,
0.0,
0.0,
4.0,
4.0,
0.0,
0.0,
0.0,
0.0,
0.0,
1.0,
1.0,
0.0,
0.0,
0.0,
1.0,
0.0,
0.0,
0.0,
12.0,
2.0,
194.0,
251.0,
180.0,
0.0,
10.0,
8.0,
0.0,
0.0,
1.0,
5.0,
0.0,
0.0,
0.0,
0.0,
0.0,
0.0,
0.0,
0.0,
0.0,
0.0,
0.0,
0.0,
0.0,
0.0,
0.0,
0.0,
0.0,
0.0,
0.0,
0.0,
0.0,
0.0,
0.0,
0.0,
0.0,
0.0,
0.0,
0.0,
0.0,
0.0,
0.0,
0.0,
0.0,
0.0,
0.0,
0.0,
0.0,
0.0,
0.0,
0.0,
0.0,
0.0,
0.0,
0.0,
0.0,
0.0,
0.0,
0.0,
0.0,
0.0,
0.0,
0.0,
0.0,
0.0,
0.0,
0.0,
0.0,
0.0,
0.0,
0.0,
0.0,
0.0,
0.0,
0.0,
0.0,
0.0,
0.0,
0.0,
0.0,
0.0,
0.0,
0.0,
0.0,
0.0,
0.0,
0.0,
0.0,
0.0,
0.0,
0.0,
0.0,
0.0,
0.0,
0.0,
0.0,
0.0,
0.0,
0.0,
0.0,
0.0,
0.0,
0.0,
0.0,
0.0,
0.0,
0.0,
0.0,
0.0,
0.0,
0.0,
0.0,
0.0,
0.0,
0.0,
0.0,
0.0,
0.0,
0.0,
0.0,
0.0,
0.0,
0.0,
0.0,
0.0,
0.0,
0.0,
0.0,
0.0,
0.0,
