0.0,
0.0,
0.0,
0.0,
0.0,
0.0,
0.0,
0.0,
0.0,
0.0,
0.0,
0.0,
0.0,
0.0,
0.0,
0.0,
0.0,
6.0,
6.0,
0.0,
1.0,
1.0,
0.0,
1.0,
0.0,
0.0,
10.0,
4.0,
0.0,
0.0,
0.0,
0.0,
0.0,
0.0,
0.0,
0.0,
0.0,
0.0,
0.0,
0.0,
0.0,
0.0,
0.0,
0.0,
9.0,
1.0,
0.0,
0.0,
0.0,
0.0,
3.0,
7.0,
0.0,
18.0,
0.0,
0.0,
0.0,
0.0,
0.0,
0.0,
0.0,
0.0,
0.0,
0.0,
0.0,
0.0,
0.0,
0.0,
0.0,
0.0,
0.0,
0.0,
7.0,
0.0,
0.0,
6.0,
1.0,
0.0,
0.0,
0.0,
0.0,
9.0,
0.0,
10.0,
0.0,
0.0,
0.0,
0.0,
0.0,
0.0,
0.0,
0.0,
0.0,
0.0,
0.0,
0.0,
0.0,
0.0,
0.0,
0.0,
0.0,
0.0,
6.0,
12.0,
0.0,
0.0,
1.0,
0.0,
22.0,
0.0,
3.0,
8.0,
0.0,
0.0,
0.0,
0.0,
0.0,
0.0,
0.0,
0.0,
0.0,
0.0,
0.0,
0.0,
0.0,
0.0,
0.0,
0.0,
1.0,
1.0,
1.0,
0.0,
0.0,
1.0,
6.0,
1.0,
0.0,
0.0,
6.0,
5.0,
0.0,
0.0,
0.0,
0.0,
0.0,
0.0,
0.0,
0.0,
0.0,
0.0,
0.0,
0.0,
0.0,
0.0,
0.0,
0.0,
2.0,
5.0,
0.0,
0.0,
2.0,
0.0,
0.0,
0.0,
24.0,
60.0,
0.0,
0.0,
0.0,
0.0,
0.0,
0.0,
0.0,
0.0,
0.0,
0.0,
0.0,
0.0,
0.0,
0.0,
0.0,
0.0,
0.0,
0.0,
0.0,
6.0,
0.0,
0.0,
11.0,
0.0,
0.0,
51.0,
196.0,
147.0,
26.0,
0.0,
0.0,
0.0,
0.0,
0.0,
0.0,
0.0,
0.0,
0.0,
0.0,
0.0,
0.0,
0.0,
0.0,
0.0,
0.0,
0.0,
0.0,
10.0,
0.0,
0.0,
7.0,
0.0,
50.0,
174.0,
201.0,
42.0,
0.0,
2.0,
0.0,
2.0,
2.0,
0.0,
0.0,
1.0,
16.0,
0.0,
6.0,
0.0,
0.0,
0.0,
0.0,
13.0,
0.0,
14.0,
1.0,
7.0,
0.0,
0.0,
8.0,
35.0,
219.0,
224.0,
29.0,
12.0,
0.0,
0.0,
11.0,
0.0,
0.0,
0.0,
13.0,
4.0,
0.0,
6.0,
2.0,
0.0,
0.0,
13.0,
0.0,
0.0,
3.0,
0.0,
0.0,
12.0,
0.0,
7.0,
82.0,
238.0,
223.0,
40.0,
11.0,
1.0,
0.0,
0.0,
0.0,
10.0,
3.0,
0.0,
4.0,
13.0,
14.0,
0.0,
2.0,
19.0,
17.0,
94.0,
154.0,
66.0,
4.0,
0.0,
5.0,
0.0,
8.0,
65.0,
252.0,
204.0,
68.0,
0.0,
0.0,
0.0,
0.0,
0.0,
1.0,
4.0,
0.0,
12.0,
2.0,
0.0,
3.0,
52.0,
132.0,
168.0,
243.0,
250.0,
151.0,
13.0,
1.0,
3.0,
0.0,
0.0,
72.0,
254.0,
181.0,
5.0,
1.0,
5.0,
0.0,
0.0,
2.0,
4.0,
0.0,
0.0,
11.0,
0.0,
11.0,
12.0,
34.0,
220.0,
248.0,
251.0,
255.0,
140.0,
18.0,
0.0,
11.0,
0.0,
3.0,
62.0,
255.0,
202.0,
0.0,
5.0,
0.0,
8.0,
2.0,
4.0,
5.0,
2.0,
0.0,
6.0,
0.0,
23.0,
0.0,
6.0,
194.0,
249.0,
255.0,
250.0,
169.0,
27.0,
0.0,
8.0,
0.0,
5.0,
101.0,
255.0,
209.0,
24.0,
2.0,
4.0,
8.0,
0.0,
0.0,
1.0,
1.0,
0.0,
15.0,
0.0,
6.0,
0.0,
4.0,
15.0,
17.0,
168.0,
211.0,
255.0,
255.0,
200.0,
83.0,
0.0,
1.0,
85.0,
240.0,
217.0,
46.0,
5.0,
0.0,
13.0,
0.0,
4.0,
0.0,
0.0,
0.0,
0.0,
0.0,
0.0,
2.0,
13.0,
0.0,
0.0,
19.0,
0.0,
39.0,
217.0,
241.0,
255.0,
253.0,
138.0,
98.0,
233.0,
232.0,
74.0,
0.0,
5.0,
0.0,
0.0,
8.0,
2.0,
0.0,
2.0,
2.0,
0.0,
0.0,
0.0,
0.0,
0.0,
0.0,
0.0,
0.0,
0.0,
8.0,
0.0,
124.0,
244.0,
250.0,
255.0,
247.0,
254.0,
255.0,
185.0,
142.0,
0.0,
10.0,
0.0,
0.0,
7.0,
0.0,
0.0,
0.0,
0.0,
0.0,
0.0,
0.0,
0.0,
0.0,
0.0,
0.0,
0.0,
4.0,
1.0,
0.0,
16.0,
213.0,
255.0,
255.0,
255.0,
255.0,
220.0,
73.0,
7.0,
0.0,
0.0,
5.0,
2.0,
0.0,
0.0,
0.0,
0.0,
0.0,
0.0,
0.0,
0.0,
0.0,
0.0,
0.0,
0.0,
0.0,
4.0,
4.0,
72.0,
232.0,
195.0,
127.0,
88.0,
76.0,
91.0,
0.0,
13.0,
0.0,
11.0,
6.0,
0.0,
0.0,
0.0,
0.0,
0.0,
0.0,
0.0,
0.0,
0.0,
0.0,
0.0,
0.0,
0.0,
0.0,
0.0,
60.0,
214.0,
245.0,
82.0,
0.0,
19.0,
0.0,
0.0,
0.0,
0.0,
0.0,
9.0,
0.0,
10.0,
0.0,
0.0,
0.0,
0.0,
0.0,
0.0,
0.0,
0.0,
0.0,
0.0,
0.0,
0.0,
10.0,
50.0,
213.0,
225.0,
64.0,
8.0,
12.0,
0.0,
13.0,
0.0,
25.0,
0.0,
0.0,
1.0,
0.0,
13.0,
0.0,
0.0,
0.0,
0.0,
0.0,
0.0,
0.0,
0.0,
0.0,
0.0,
0.0,
0.0,
0.0,
114.0,
227.0,
78.0,
0.0,
0.0,
10.0,
0.0,
0.0,
0.0,
0.0,
10.0,
6.0,
5.0,
0.0,
0.0,
0.0,
0.0,
0.0,
0.0,
0.0,
0.0,
0.0,
0.0,
0.0,
0.0,
0.0,
0.0,
17.0,
0.0,
21.0,
0.0,
8.0,
0.0,
11.0,
0.0,
4.0,
8.0,
0.0,
1.0,
0.0,
0.0,
12.0,
0.0,
0.0,
0.0,
0.0,
0.0,
0.0,
0.0,
0.0,
0.0,
0.0,
0.0,
0.0,
0.0,
0.0,
5.0,
0.0,
2.0,
2.0,
0.0,
0.0,
6.0,
0.0,
0.0,
13.0,
0.0,
0.0,
0.0,
5.0,
0.0,
0.0,
0.0,
0.0,
0.0,
0.0,
0.0,
0.0,
0.0,
0.0,
0.0,
0.0,
0.0,
0.0,
0.0,
0.0,
0.0,
0.0,
0.0,
0.0,
0.0,
0.0,
0.0,
0.0,
0.0,
0.0,
0.0,
0.0,
0.0,
0.0,
0.0,
0.0,
0.0,
0.0,
0.0,
0.0,
0.0,
0.0,
0.0,
0.0,
0.0,
0.0,
0.0,
0.0,
0.0,
0.0,
0.0,
0.0,
0.0,
0.0,
0.0,
0.0,
0.0,
0.0,
0.0,
0.0,
0.0,
0.0,
0.0,
0.0,
0.0,
0.0,
0.0,
0.0,
0.0,
0.0,
0.0,
0.0,
0.0,
0.0,
0.0,
0.0,
0.0,
0.0,
0.0,
0.0,
0.0,
0.0,
0.0,
0.0,
0.0,
0.0,
0.0,
0.0,
0.0,
0.0,
0.0,
0.0,
0.0,
0.0,
0.0,
0.0,
0.0,
0.0,
0.0,
0.0,
0.0,
0.0,
0.0,
0.0,
0.0,
0.0,
0.0,
0.0,
0.0,
0.0,
0.0,
0.0,
0.0,
0.0,
0.0,
0.0,
0.0,
0.0,
0.0,
0.0,
0.0,
