0.0,
0.0,
0.0,
0.0,
0.0,
0.0,
0.0,
0.0,
1.0,
0.0,
0.0,
0.0,
2.0,
3.0,
2.0,
0.0,
0.0,
0.0,
3.0,
0.0,
6.0,
0.0,
3.0,
0.0,
0.0,
0.0,
0.0,
0.0,
0.0,
0.0,
0.0,
0.0,
0.0,
0.0,
0.0,
0.0,
0.0,
0.0,
0.0,
0.0,
1.0,
2.0,
1.0,
0.0,
3.0,
0.0,
3.0,
0.0,
0.0,
0.0,
0.0,
3.0,
0.0,
0.0,
0.0,
0.0,
0.0,
0.0,
0.0,
0.0,
0.0,
0.0,
0.0,
0.0,
0.0,
0.0,
0.0,
0.0,
0.0,
1.0,
0.0,
0.0,
0.0,
6.0,
7.0,
2.0,
5.0,
19.0,
11.0,
0.0,
0.0,
0.0,
0.0,
0.0,
0.0,
0.0,
0.0,
0.0,
0.0,
0.0,
0.0,
0.0,
0.0,
0.0,
0.0,
0.0,
0.0,
0.0,
0.0,
0.0,
8.0,
0.0,
0.0,
2.0,
0.0,
0.0,
0.0,
13.0,
0.0,
0.0,
0.0,
0.0,
0.0,
0.0,
0.0,
0.0,
0.0,
0.0,
0.0,
0.0,
0.0,
0.0,
0.0,
0.0,
0.0,
0.0,
0.0,
0.0,
0.0,
8.0,
16.0,
6.0,
0.0,
0.0,
0.0,
2.0,
0.0,
0.0,
0.0,
0.0,
0.0,
0.0,
0.0,
0.0,
0.0,
0.0,
0.0,
0.0,
0.0,
1.0,
2.0,
1.0,
0.0,
0.0,
0.0,
0.0,
5.0,
0.0,
1.0,
0.0,
10.0,
2.0,
8.0,
0.0,
0.0,
0.0,
0.0,
0.0,
0.0,
0.0,
0.0,
0.0,
0.0,
0.0,
0.0,
0.0,
1.0,
3.0,
4.0,
3.0,
0.0,
0.0,
0.0,
2.0,
13.0,
0.0,
70.0,
191.0,
229.0,
66.0,
0.0,
0.0,
0.0,
0.0,
0.0,
0.0,
0.0,
0.0,
0.0,
0.0,
0.0,
0.0,
0.0,
0.0,
2.0,
4.0,
5.0,
4.0,
1.0,
0.0,
1.0,
3.0,
0.0,
17.0,
164.0,
255.0,
255.0,
80.0,
8.0,
0.0,
0.0,
0.0,
0.0,
0.0,
0.0,
4.0,
0.0,
0.0,
6.0,
2.0,
0.0,
0.0,
0.0,
126.0,
215.0,
15.0,
14.0,
0.0,
0.0,
5.0,
0.0,
157.0,
249.0,
255.0,
194.0,
21.0,
9.0,
0.0,
0.0,
0.0,
0.0,
0.0,
1.0,
7.0,
0.0,
0.0,
0.0,
7.0,
6.0,
8.0,
88.0,
237.0,
255.0,
78.0,
0.0,
0.0,
10.0,
0.0,
92.0,
239.0,
255.0,
219.0,
28.0,
0.0,
0.0,
8.0,
0.0,
0.0,
0.0,
0.0,
0.0,
6.0,
3.0,
0.0,
1.0,
3.0,
0.0,
0.0,
148.0,
237.0,
251.0,
109.0,
3.0,
4.0,
3.0,
4.0,
189.0,
255.0,
202.0,
13.0,
4.0,
0.0,
2.0,
0.0,
0.0,
0.0,
0.0,
0.0,
0.0,
2.0,
3.0,
3.0,
3.0,
0.0,
0.0,
12.0,
214.0,
249.0,
255.0,
77.0,
0.0,
3.0,
0.0,
40.0,
252.0,
255.0,
152.0,
8.0,
1.0,
11.0,
1.0,
0.0,
0.0,
0.0,
0.0,
0.0,
6.0,
0.0,
0.0,
0.0,
0.0,
0.0,
14.0,
59.0,
252.0,
243.0,
241.0,
98.0,
20.0,
0.0,
17.0,
205.0,
255.0,
230.0,
41.0,
0.0,
0.0,
0.0,
0.0,
27.0,
0.0,
0.0,
0.0,
0.0,
4.0,
0.0,
0.0,
3.0,
2.0,
0.0,
8.0,
51.0,
239.0,
255.0,
236.0,
211.0,
137.0,
57.0,
82.0,
252.0,
255.0,
90.0,
1.0,
7.0,
12.0,
0.0,
36.0,
0.0,
0.0,
0.0,
0.0,
0.0,
0.0,
0.0,
0.0,
5.0,
7.0,
0.0,
0.0,
6.0,
82.0,
232.0,
255.0,
255.0,
239.0,
231.0,
235.0,
244.0,
249.0,
144.0,
52.0,
14.0,
0.0,
0.0,
0.0,
0.0,
0.0,
0.0,
0.0,
0.0,
0.0,
5.0,
0.0,
0.0,
2.0,
8.0,
1.0,
0.0,
5.0,
122.0,
251.0,
246.0,
255.0,
243.0,
255.0,
253.0,
248.0,
251.0,
240.0,
184.0,
160.0,
128.0,
30.0,
2.0,
0.0,
0.0,
0.0,
0.0,
0.0,
0.0,
0.0,
0.0,
0.0,
0.0,
0.0,
0.0,
0.0,
7.0,
64.0,
137.0,
243.0,
255.0,
242.0,
255.0,
247.0,
251.0,
248.0,
225.0,
175.0,
106.0,
39.0,
0.0,
0.0,
0.0,
0.0,
0.0,
0.0,
0.0,
0.0,
0.0,
0.0,
0.0,
0.0,
0.0,
8.0,
0.0,
0.0,
0.0,
69.0,
255.0,
247.0,
248.0,
84.0,
66.0,
38.0,
12.0,
0.0,
0.0,
0.0,
3.0,
0.0,
0.0,
0.0,
0.0,
0.0,
0.0,
0.0,
0.0,
0.0,
0.0,
0.0,
0.0,
0.0,
3.0,
14.0,
11.0,
127.0,
239.0,
255.0,
179.0,
0.0,
0.0,
0.0,
0.0,
0.0,
2.0,
6.0,
8.0,
0.0,
0.0,
0.0,
0.0,
0.0,
0.0,
0.0,
0.0,
0.0,
0.0,
0.0,
0.0,
7.0,
0.0,
0.0,
59.0,
245.0,
243.0,
208.0,
40.0,
0.0,
0.0,
2.0,
4.0,
2.0,
0.0,
0.0,
0.0,
0.0,
0.0,
0.0,
0.0,
0.0,
0.0,
0.0,
0.0,
0.0,
0.0,
0.0,
0.0,
11.0,
0.0,
10.0,
140.0,
255.0,
255.0,
79.0,
0.0,
10.0,
5.0,
0.0,
0.0,
0.0,
0.0,
4.0,
8.0,
0.0,
0.0,
0.0,
0.0,
0.0,
0.0,
0.0,
0.0,
0.0,
0.0,
0.0,
0.0,
0.0,
11.0,
82.0,
255.0,
255.0,
174.0,
11.0,
12.0,
0.0,
0.0,
0.0,
3.0,
4.0,
1.0,
0.0,
0.0,
0.0,
0.0,
0.0,
0.0,
0.0,
0.0,
0.0,
0.0,
0.0,
0.0,
0.0,
0.0,
1.0,
7.0,
140.0,
250.0,
233.0,
41.0,
0.0,
1.0,
5.0,
5.0,
5.0,
5.0,
3.0,
1.0,
0.0,
0.0,
0.0,
0.0,
0.0,
0.0,
0.0,
0.0,
0.0,
0.0,
0.0,
0.0,
0.0,
0.0,
0.0,
21.0,
255.0,
240.0,
157.0,
0.0,
0.0,
5.0,
0.0,
0.0,
0.0,
0.0,
0.0,
0.0,
0.0,
0.0,
0.0,
0.0,
0.0,
0.0,
0.0,
0.0,
0.0,
0.0,
0.0,
0.0,
0.0,
0.0,
0.0,
162.0,
255.0,
202.0,
26.0,
1.0,
0.0,
0.0,
0.0,
0.0,
0.0,
0.0,
0.0,
0.0,
0.0,
0.0,
0.0,
0.0,
0.0,
0.0,
0.0,
0.0,
0.0,
0.0,
0.0,
0.0,
0.0,
0.0,
0.0,
191.0,
239.0,
63.0,
0.0,
0.0,
17.0,
0.0,
0.0,
0.0,
0.0,
0.0,
0.0,
0.0,
0.0,
0.0,
0.0,
0.0,
0.0,
0.0,
0.0,
0.0,
0.0,
0.0,
0.0,
0.0,
0.0,
0.0,
6.0,
0.0,
6.0,
0.0,
15.0,
0.0,
8.0,
4.0,
0.0,
0.0,
0.0,
0.0,
0.0,
0.0,
0.0,
0.0,
0.0,
0.0,
0.0,
0.0,
0.0,
0.0,
0.0,
0.0,
0.0,
0.0,
0.0,
0.0,
3.0,
0.0,
1.0,
12.0,
0.0,
8.0,
8.0,
0.0,
0.0,
0.0,
0.0,
0.0,
0.0,
0.0,
0.0,
0.0,
0.0,
0.0,
0.0,
0.0,
