0.0,
0.0,
0.0,
0.0,
0.0,
0.0,
0.0,
0.0,
2.0,
2.0,
0.0,
0.0,
0.0,
0.0,
0.0,
1.0,
5.0,
4.0,
1.0,
0.0,
0.0,
0.0,
0.0,
1.0,
0.0,
0.0,
0.0,
0.0,
0.0,
0.0,
0.0,
0.0,
0.0,
0.0,
0.0,
0.0,
0.0,
1.0,
6.0,
5.0,
0.0,
0.0,
0.0,
2.0,
0.0,
0.0,
0.0,
0.0,
3.0,
4.0,
4.0,
3.0,
0.0,
0.0,
0.0,
0.0,
0.0,
0.0,
0.0,
0.0,
0.0,
0.0,
0.0,
0.0,
4.0,
4.0,
3.0,
2.0,
0.0,
0.0,
1.0,
3.0,
5.0,
5.0,
6.0,
6.0,
4.0,
2.0,
0.0,
0.0,
0.0,
0.0,
0.0,
0.0,
0.0,
0.0,
0.0,
0.0,
0.0,
0.0,
0.0,
0.0,
0.0,
0.0,
0.0,
0.0,
2.0,
2.0,
0.0,
0.0,
0.0,
0.0,
0.0,
0.0,
0.0,
0.0,
1.0,
3.0,
0.0,
0.0,
0.0,
0.0,
0.0,
0.0,
0.0,
0.0,
0.0,
0.0,
0.0,
0.0,
0.0,
0.0,
1.0,
9.0,
10.0,
4.0,
1.0,
3.0,
2.0,
1.0,
0.0,
0.0,
0.0,
0.0,
2.0,
3.0,
0.0,
0.0,
0.0,
0.0,
0.0,
0.0,
0.0,
0.0,
0.0,
0.0,
0.0,
0.0,
5.0,
3.0,
2.0,
0.0,
0.0,
0.0,
0.0,
6.0,
0.0,
1.0,
2.0,
3.0,
2.0,
1.0,
0.0,
0.0,
0.0,
0.0,
0.0,
0.0,
0.0,
0.0,
0.0,
0.0,
0.0,
0.0,
0.0,
0.0,
0.0,
0.0,
0.0,
6.0,
13.0,
8.0,
2.0,
3.0,
4.0,
2.0,
0.0,
0.0,
0.0,
0.0,
2.0,
5.0,
0.0,
0.0,
0.0,
0.0,
0.0,
0.0,
0.0,
0.0,
0.0,
0.0,
0.0,
0.0,
0.0,
0.0,
22.0,
81.0,
127.0,
119.0,
73.0,
33.0,
91.0,
75.0,
50.0,
24.0,
6.0,
0.0,
0.0,
2.0,
0.0,
0.0,
0.0,
0.0,
0.0,
0.0,
0.0,
0.0,
0.0,
0.0,
0.0,
0.0,
1.0,
122.0,
217.0,
252.0,
255.0,
244.0,
244.0,
255.0,
255.0,
253.0,
253.0,
255.0,
207.0,
195.0,
214.0,
145.0,
73.0,
23.0,
0.0,
0.0,
0.0,
0.0,
0.0,
0.0,
0.0,
0.0,
0.0,
0.0,
150.0,
251.0,
252.0,
255.0,
255.0,
255.0,
255.0,
165.0,
164.0,
156.0,
160.0,
54.0,
167.0,
161.0,
75.0,
64.0,
18.0,
0.0,
0.0,
0.0,
0.0,
0.0,
0.0,
0.0,
0.0,
0.0,
0.0,
0.0,
131.0,
91.0,
207.0,
229.0,
14.0,
0.0,
1.0,
0.0,
0.0,
4.0,
0.0,
5.0,
9.0,
0.0,
26.0,
0.0,
0.0,
0.0,
2.0,
0.0,
0.0,
0.0,
0.0,
0.0,
0.0,
0.0,
0.0,
0.0,
0.0,
17.0,
159.0,
131.0,
8.0,
0.0,
1.0,
16.0,
3.0,
1.0,
0.0,
6.0,
0.0,
0.0,
0.0,
13.0,
0.0,
7.0,
7.0,
0.0,
0.0,
0.0,
0.0,
0.0,
0.0,
0.0,
0.0,
0.0,
0.0,
54.0,
224.0,
10.0,
0.0,
38.0,
0.0,
1.0,
0.0,
1.0,
0.0,
0.0,
16.0,
5.0,
0.0,
0.0,
2.0,
0.0,
0.0,
0.0,
0.0,
0.0,
0.0,
0.0,
0.0,
0.0,
0.0,
0.0,
0.0,
154.0,
255.0,
213.0,
214.0,
233.0,
219.0,
159.0,
104.0,
6.0,
7.0,
9.0,
0.0,
15.0,
0.0,
0.0,
4.0,
0.0,
0.0,
1.0,
0.0,
0.0,
0.0,
0.0,
0.0,
0.0,
0.0,
0.0,
2.0,
197.0,
230.0,
189.0,
152.0,
203.0,
172.0,
255.0,
243.0,
202.0,
31.0,
0.0,
0.0,
0.0,
9.0,
1.0,
4.0,
1.0,
1.0,
5.0,
0.0,
0.0,
0.0,
0.0,
0.0,
0.0,
0.0,
0.0,
2.0,
0.0,
6.0,
7.0,
2.0,
0.0,
0.0,
24.0,
192.0,
255.0,
230.0,
1.0,
12.0,
0.0,
0.0,
2.0,
0.0,
0.0,
1.0,
0.0,
0.0,
3.0,
2.0,
3.0,
0.0,
0.0,
2.0,
7.0,
0.0,
0.0,
0.0,
0.0,
6.0,
0.0,
0.0,
6.0,
2.0,
92.0,
255.0,
76.0,
10.0,
0.0,
0.0,
0.0,
0.0,
0.0,
0.0,
0.0,
0.0,
0.0,
0.0,
4.0,
22.0,
3.0,
19.0,
0.0,
0.0,
0.0,
2.0,
5.0,
0.0,
1.0,
2.0,
0.0,
0.0,
22.0,
220.0,
192.0,
0.0,
6.0,
7.0,
0.0,
0.0,
0.0,
0.0,
0.0,
3.0,
5.0,
7.0,
10.0,
0.0,
211.0,
77.0,
12.0,
9.0,
0.0,
0.0,
5.0,
0.0,
0.0,
14.0,
6.0,
10.0,
0.0,
179.0,
249.0,
0.0,
1.0,
0.0,
0.0,
0.0,
0.0,
0.0,
0.0,
4.0,
0.0,
1.0,
5.0,
8.0,
64.0,
255.0,
187.0,
84.0,
26.0,
0.0,
0.0,
6.0,
6.0,
0.0,
0.0,
0.0,
28.0,
173.0,
164.0,
5.0,
0.0,
0.0,
3.0,
0.0,
0.0,
0.0,
0.0,
0.0,
13.0,
0.0,
0.0,
6.0,
0.0,
94.0,
244.0,
255.0,
250.0,
201.0,
162.0,
167.0,
163.0,
161.0,
184.0,
198.0,
251.0,
255.0,
84.0,
0.0,
0.0,
4.0,
0.0,
0.0,
0.0,
0.0,
0.0,
10.0,
0.0,
18.0,
0.0,
0.0,
11.0,
3.0,
27.0,
126.0,
226.0,
255.0,
241.0,
255.0,
255.0,
237.0,
250.0,
255.0,
217.0,
130.0,
5.0,
0.0,
1.0,
9.0,
5.0,
0.0,
0.0,
0.0,
0.0,
4.0,
0.0,
0.0,
0.0,
10.0,
0.0,
0.0,
0.0,
0.0,
35.0,
32.0,
31.0,
88.0,
130.0,
128.0,
125.0,
123.0,
48.0,
0.0,
1.0,
12.0,
10.0,
0.0,
0.0,
0.0,
0.0,
0.0,
0.0,
0.0,
11.0,
0.0,
0.0,
11.0,
0.0,
2.0,
0.0,
2.0,
0.0,
0.0,
0.0,
0.0,
0.0,
0.0,
7.0,
0.0,
6.0,
4.0,
0.0,
0.0,
0.0,
3.0,
4.0,
0.0,
0.0,
0.0,
0.0,
0.0,
0.0,
0.0,
0.0,
0.0,
0.0,
0.0,
0.0,
0.0,
0.0,
0.0,
0.0,
0.0,
0.0,
0.0,
0.0,
0.0,
0.0,
0.0,
0.0,
0.0,
0.0,
0.0,
0.0,
0.0,
0.0,
0.0,
0.0,
0.0,
0.0,
0.0,
0.0,
0.0,
0.0,
0.0,
0.0,
0.0,
0.0,
0.0,
0.0,
0.0,
0.0,
0.0,
0.0,
0.0,
0.0,
0.0,
0.0,
0.0,
0.0,
0.0,
0.0,
0.0,
0.0,
0.0,
0.0,
0.0,
0.0,
0.0,
0.0,
0.0,
0.0,
0.0,
0.0,
0.0,
0.0,
0.0,
0.0,
0.0,
0.0,
0.0,
0.0,
0.0,
0.0,
0.0,
0.0,
0.0,
0.0,
0.0,
0.0,
0.0,
0.0,
0.0,
0.0,
0.0,
0.0,
0.0,
0.0,
0.0,
0.0,
0.0,
0.0,
0.0,
0.0,
0.0,
0.0,
0.0,
0.0,
0.0,
0.0,
0.0,
0.0,
0.0,
0.0,
0.0,
0.0,
0.0,
0.0,
0.0,
0.0,
0.0,
0.0,
