0.0,
0.0,
0.0,
0.0,
0.0,
0.0,
0.0,
0.0,
0.0,
0.0,
3.0,
3.0,
2.0,
1.0,
1.0,
3.0,
0.0,
0.0,
0.0,
1.0,
10.0,
3.0,
0.0,
3.0,
0.0,
0.0,
0.0,
0.0,
0.0,
0.0,
0.0,
0.0,
0.0,
0.0,
0.0,
0.0,
1.0,
1.0,
0.0,
0.0,
0.0,
0.0,
0.0,
0.0,
11.0,
8.0,
0.0,
0.0,
0.0,
0.0,
0.0,
0.0,
0.0,
0.0,
0.0,
0.0,
0.0,
0.0,
0.0,
0.0,
0.0,
0.0,
0.0,
0.0,
3.0,
1.0,
0.0,
0.0,
0.0,
0.0,
1.0,
1.0,
0.0,
0.0,
8.0,
5.0,
0.0,
0.0,
5.0,
12.0,
0.0,
0.0,
0.0,
0.0,
0.0,
0.0,
0.0,
0.0,
0.0,
0.0,
0.0,
0.0,
1.0,
0.0,
0.0,
0.0,
3.0,
5.0,
4.0,
2.0,
15.0,
1.0,
0.0,
0.0,
0.0,
2.0,
1.0,
0.0,
0.0,
0.0,
0.0,
0.0,
0.0,
0.0,
0.0,
0.0,
0.0,
0.0,
0.0,
0.0,
0.0,
0.0,
0.0,
2.0,
3.0,
2.0,
0.0,
0.0,
0.0,
0.0,
6.0,
14.0,
2.0,
0.0,
4.0,
0.0,
0.0,
0.0,
0.0,
0.0,
0.0,
0.0,
0.0,
0.0,
0.0,
0.0,
0.0,
0.0,
0.0,
1.0,
3.0,
2.0,
0.0,
0.0,
0.0,
0.0,
0.0,
0.0,
8.0,
1.0,
0.0,
0.0,
7.0,
0.0,
0.0,
0.0,
0.0,
0.0,
0.0,
0.0,
0.0,
0.0,
0.0,
0.0,
0.0,
0.0,
0.0,
2.0,
4.0,
1.0,
0.0,
0.0,
2.0,
8.0,
10.0,
0.0,
1.0,
15.0,
65.0,
134.0,
115.0,
21.0,
0.0,
0.0,
0.0,
0.0,
0.0,
0.0,
0.0,
0.0,
0.0,
0.0,
0.0,
0.0,
0.0,
3.0,
5.0,
1.0,
0.0,
1.0,
13.0,
25.0,
55.0,
127.0,
205.0,
231.0,
244.0,
254.0,
154.0,
0.0,
0.0,
0.0,
0.0,
0.0,
0.0,
7.0,
14.0,
4.0,
0.0,
0.0,
6.0,
0.0,
1.0,
0.0,
2.0,
14.0,
56.0,
111.0,
213.0,
251.0,
255.0,
242.0,
245.0,
175.0,
145.0,
45.0,
0.0,
0.0,
0.0,
2.0,
0.0,
9.0,
15.0,
0.0,
0.0,
5.0,
4.0,
6.0,
0.0,
1.0,
64.0,
103.0,
159.0,
219.0,
255.0,
255.0,
234.0,
199.0,
160.0,
88.0,
14.0,
0.0,
4.0,
5.0,
0.0,
9.0,
4.0,
4.0,
0.0,
1.0,
0.0,
6.0,
21.0,
1.0,
0.0,
86.0,
163.0,
233.0,
255.0,
248.0,
224.0,
183.0,
110.0,
65.0,
0.0,
12.0,
0.0,
7.0,
0.0,
6.0,
0.0,
0.0,
0.0,
0.0,
0.0,
2.0,
0.0,
0.0,
5.0,
7.0,
0.0,
0.0,
23.0,
185.0,
247.0,
255.0,
229.0,
80.0,
0.0,
0.0,
2.0,
23.0,
0.0,
5.0,
0.0,
2.0,
8.0,
0.0,
44.0,
62.0,
68.0,
6.0,
10.0,
0.0,
12.0,
0.0,
0.0,
0.0,
8.0,
4.0,
0.0,
74.0,
156.0,
243.0,
131.0,
8.0,
10.0,
13.0,
0.0,
0.0,
0.0,
23.0,
73.0,
140.0,
204.0,
221.0,
249.0,
250.0,
254.0,
229.0,
102.0,
0.0,
12.0,
0.0,
11.0,
0.0,
0.0,
1.0,
0.0,
14.0,
136.0,
253.0,
77.0,
0.0,
4.0,
0.0,
3.0,
66.0,
174.0,
233.0,
230.0,
227.0,
184.0,
138.0,
56.0,
42.0,
61.0,
171.0,
204.0,
1.0,
0.0,
3.0,
0.0,
0.0,
7.0,
5.0,
2.0,
5.0,
145.0,
233.0,
47.0,
0.0,
0.0,
88.0,
212.0,
255.0,
231.0,
171.0,
73.0,
19.0,
0.0,
0.0,
5.0,
14.0,
0.0,
106.0,
216.0,
2.0,
0.0,
0.0,
1.0,
0.0,
0.0,
0.0,
7.0,
0.0,
146.0,
226.0,
0.0,
99.0,
183.0,
255.0,
217.0,
104.0,
6.0,
4.0,
0.0,
0.0,
17.0,
0.0,
0.0,
0.0,
23.0,
217.0,
165.0,
0.0,
9.0,
0.0,
0.0,
1.0,
0.0,
0.0,
5.0,
0.0,
229.0,
162.0,
164.0,
255.0,
226.0,
98.0,
1.0,
4.0,
0.0,
5.0,
0.0,
15.0,
0.0,
0.0,
2.0,
52.0,
172.0,
255.0,
83.0,
24.0,
0.0,
0.0,
1.0,
2.0,
15.0,
0.0,
0.0,
25.0,
222.0,
255.0,
255.0,
167.0,
38.0,
2.0,
2.0,
3.0,
0.0,
8.0,
0.0,
0.0,
10.0,
1.0,
49.0,
209.0,
222.0,
80.0,
13.0,
0.0,
0.0,
0.0,
2.0,
0.0,
9.0,
0.0,
0.0,
73.0,
243.0,
248.0,
143.0,
43.0,
0.0,
18.0,
0.0,
5.0,
15.0,
0.0,
13.0,
0.0,
0.0,
93.0,
237.0,
204.0,
39.0,
7.0,
0.0,
0.0,
7.0,
3.0,
5.0,
0.0,
0.0,
7.0,
0.0,
71.0,
255.0,
142.0,
0.0,
4.0,
0.0,
0.0,
0.0,
0.0,
0.0,
6.0,
0.0,
14.0,
203.0,
250.0,
223.0,
38.0,
0.0,
0.0,
1.0,
8.0,
7.0,
0.0,
0.0,
4.0,
0.0,
14.0,
6.0,
55.0,
248.0,
114.0,
10.0,
0.0,
0.0,
17.0,
0.0,
11.0,
11.0,
0.0,
92.0,
255.0,
244.0,
194.0,
37.0,
18.0,
0.0,
16.0,
4.0,
0.0,
0.0,
0.0,
2.0,
7.0,
6.0,
0.0,
0.0,
0.0,
49.0,
0.0,
0.0,
7.0,
0.0,
0.0,
0.0,
7.0,
90.0,
242.0,
242.0,
209.0,
90.0,
13.0,
0.0,
0.0,
9.0,
0.0,
0.0,
0.0,
0.0,
5.0,
0.0,
0.0,
2.0,
0.0,
24.0,
14.0,
0.0,
3.0,
0.0,
17.0,
10.0,
0.0,
41.0,
217.0,
255.0,
180.0,
103.0,
27.0,
0.0,
0.0,
2.0,
0.0,
11.0,
0.0,
0.0,
0.0,
4.0,
6.0,
6.0,
0.0,
3.0,
0.0,
0.0,
1.0,
0.0,
0.0,
10.0,
0.0,
0.0,
6.0,
0.0,
46.0,
54.0,
1.0,
1.0,
0.0,
9.0,
3.0,
0.0,
1.0,
0.0,
6.0,
3.0,
0.0,
0.0,
0.0,
0.0,
0.0,
0.0,
0.0,
0.0,
0.0,
0.0,
0.0,
0.0,
0.0,
0.0,
0.0,
0.0,
0.0,
0.0,
0.0,
0.0,
0.0,
0.0,
0.0,
0.0,
0.0,
0.0,
0.0,
0.0,
0.0,
0.0,
0.0,
0.0,
0.0,
0.0,
0.0,
0.0,
0.0,
0.0,
0.0,
0.0,
0.0,
0.0,
0.0,
0.0,
0.0,
0.0,
0.0,
0.0,
0.0,
0.0,
0.0,
0.0,
0.0,
0.0,
0.0,
0.0,
0.0,
0.0,
0.0,
0.0,
0.0,
0.0,
0.0,
0.0,
0.0,
0.0,
0.0,
0.0,
0.0,
0.0,
0.0,
0.0,
0.0,
0.0,
0.0,
0.0,
0.0,
0.0,
0.0,
0.0,
0.0,
0.0,
0.0,
0.0,
0.0,
0.0,
0.0,
0.0,
0.0,
0.0,
0.0,
0.0,
0.0,
0.0,
0.0,
0.0,
0.0,
0.0,
0.0,
0.0,
0.0,
0.0,
0.0,
0.0,
0.0,
0.0,
0.0,
0.0,
0.0,
0.0,
0.0,
0.0,
0.0,
0.0,
0.0,
