0.0,
0.0,
0.0,
0.0,
0.0,
0.0,
0.0,
0.0,
0.0,
0.0,
0.0,
0.0,
0.0,
0.0,
0.0,
0.0,
0.0,
0.0,
0.0,
0.0,
0.0,
0.0,
0.0,
0.0,
0.0,
0.0,
0.0,
0.0,
0.0,
0.0,
0.0,
0.0,
0.0,
0.0,
0.0,
0.0,
0.0,
0.0,
0.0,
0.0,
0.0,
0.0,
0.0,
0.0,
0.0,
0.0,
0.0,
0.0,
0.0,
0.0,
0.0,
0.0,
0.0,
0.0,
0.0,
0.0,
0.0,
0.0,
0.0,
0.0,
0.0,
0.0,
0.0,
0.0,
0.0,
0.0,
0.0,
0.0,
0.0,
0.0,
0.0,
0.0,
0.0,
0.0,
0.0,
0.0,
0.0,
0.0,
0.0,
0.0,
0.0,
0.0,
0.0,
0.0,
0.0,
0.0,
0.0,
0.0,
0.0,
0.0,
0.0,
0.0,
0.0,
0.0,
0.0,
0.0,
0.0,
0.0,
0.0,
0.0,
0.0,
0.0,
0.0,
0.0,
0.0,
0.0,
0.0,
0.0,
0.0,
0.0,
0.0,
0.0,
0.0,
0.0,
0.0,
0.0,
0.0,
0.0,
0.0,
0.0,
0.0,
0.0,
0.0,
0.0,
0.0,
0.0,
0.0,
0.0,
0.0,
0.0,
0.0,
0.0,
0.0,
0.0,
0.0,
0.0,
0.0,
0.0,
0.0,
0.0,
0.0,
0.0,
0.0,
0.0,
0.0,
0.0,
0.0,
0.0,
0.0,
0.0,
0.0,
0.0,
0.0,
0.0,
0.0,
0.0,
0.0,
0.0,
0.0,
0.0,
0.0,
0.0,
0.0,
0.0,
2.0,
1.0,
0.0,
0.0,
0.0,
0.0,
0.0,
0.0,
0.0,
0.0,
0.0,
0.0,
0.0,
0.0,
0.0,
0.0,
0.0,
0.0,
0.0,
0.0,
0.0,
0.0,
0.0,
0.0,
0.0,
0.0,
0.0,
0.0,
5.0,
3.0,
1.0,
0.0,
0.0,
0.0,
0.0,
0.0,
0.0,
0.0,
0.0,
0.0,
0.0,
0.0,
0.0,
0.0,
0.0,
0.0,
0.0,
0.0,
0.0,
0.0,
0.0,
0.0,
0.0,
0.0,
0.0,
0.0,
6.0,
5.0,
2.0,
0.0,
0.0,
0.0,
0.0,
0.0,
0.0,
0.0,
0.0,
0.0,
7.0,
1.0,
1.0,
1.0,
2.0,
9.0,
19.0,
0.0,
6.0,
0.0,
0.0,
13.0,
0.0,
0.0,
20.0,
90.0,
255.0,
181.0,
0.0,
8.0,
0.0,
0.0,
0.0,
0.0,
0.0,
0.0,
0.0,
0.0,
0.0,
14.0,
0.0,
11.0,
0.0,
241.0,
94.0,
78.0,
10.0,
2.0,
11.0,
57.0,
128.0,
193.0,
229.0,
238.0,
255.0,
179.0,
14.0,
9.0,
0.0,
0.0,
0.0,
0.0,
0.0,
0.0,
0.0,
0.0,
0.0,
0.0,
11.0,
5.0,
161.0,
255.0,
255.0,
255.0,
243.0,
253.0,
255.0,
253.0,
255.0,
248.0,
200.0,
145.0,
53.0,
23.0,
0.0,
0.0,
1.0,
1.0,
0.0,
0.0,
0.0,
0.0,
0.0,
0.0,
12.0,
7.0,
42.0,
207.0,
251.0,
172.0,
181.0,
194.0,
194.0,
199.0,
193.0,
162.0,
108.0,
52.0,
12.0,
0.0,
12.0,
0.0,
5.0,
10.0,
2.0,
1.0,
0.0,
0.0,
0.0,
0.0,
0.0,
1.0,
0.0,
26.0,
193.0,
244.0,
125.0,
9.0,
14.0,
0.0,
8.0,
1.0,
1.0,
5.0,
0.0,
0.0,
0.0,
8.0,
0.0,
0.0,
1.0,
0.0,
1.0,
0.0,
0.0,
0.0,
0.0,
1.0,
2.0,
4.0,
34.0,
185.0,
230.0,
119.0,
0.0,
0.0,
0.0,
11.0,
0.0,
0.0,
0.0,
0.0,
8.0,
10.0,
1.0,
0.0,
6.0,
1.0,
14.0,
9.0,
0.0,
0.0,
0.0,
0.0,
0.0,
2.0,
4.0,
6.0,
131.0,
255.0,
121.0,
0.0,
3.0,
6.0,
0.0,
0.0,
4.0,
7.0,
5.0,
0.0,
0.0,
1.0,
2.0,
0.0,
0.0,
1.0,
0.0,
0.0,
0.0,
0.0,
0.0,
0.0,
0.0,
2.0,
5.0,
8.0,
199.0,
248.0,
110.0,
13.0,
9.0,
0.0,
0.0,
0.0,
0.0,
0.0,
0.0,
0.0,
0.0,
0.0,
0.0,
5.0,
0.0,
16.0,
0.0,
10.0,
6.0,
0.0,
6.0,
0.0,
0.0,
3.0,
0.0,
0.0,
78.0,
211.0,
255.0,
216.0,
114.0,
35.0,
0.0,
1.0,
1.0,
4.0,
0.0,
0.0,
4.0,
0.0,
0.0,
2.0,
0.0,
0.0,
0.0,
0.0,
1.0,
1.0,
0.0,
0.0,
16.0,
0.0,
56.0,
18.0,
0.0,
48.0,
120.0,
200.0,
230.0,
172.0,
64.0,
11.0,
0.0,
4.0,
11.0,
5.0,
0.0,
3.0,
0.0,
0.0,
0.0,
0.0,
0.0,
0.0,
3.0,
0.0,
0.0,
6.0,
0.0,
4.0,
167.0,
10.0,
0.0,
0.0,
0.0,
16.0,
112.0,
208.0,
240.0,
211.0,
19.0,
0.0,
0.0,
0.0,
0.0,
7.0,
0.0,
4.0,
0.0,
0.0,
0.0,
0.0,
0.0,
0.0,
6.0,
2.0,
0.0,
11.0,
208.0,
120.0,
24.0,
0.0,
0.0,
0.0,
0.0,
1.0,
130.0,
247.0,
118.0,
12.0,
0.0,
3.0,
0.0,
5.0,
0.0,
5.0,
0.0,
0.0,
0.0,
0.0,
0.0,
5.0,
1.0,
0.0,
6.0,
2.0,
125.0,
255.0,
117.0,
16.0,
0.0,
7.0,
8.0,
8.0,
133.0,
255.0,
118.0,
12.0,
0.0,
3.0,
0.0,
5.0,
0.0,
5.0,
0.0,
0.0,
0.0,
0.0,
0.0,
1.0,
0.0,
0.0,
9.0,
3.0,
23.0,
176.0,
255.0,
210.0,
165.0,
141.0,
177.0,
238.0,
255.0,
228.0,
19.0,
0.0,
0.0,
0.0,
0.0,
7.0,
0.0,
4.0,
0.0,
0.0,
0.0,
0.0,
4.0,
0.0,
0.0,
3.0,
0.0,
5.0,
0.0,
8.0,
8.0,
20.0,
19.0,
11.0,
0.0,
21.0,
19.0,
0.0,
0.0,
4.0,
11.0,
5.0,
0.0,
3.0,
0.0,
0.0,
0.0,
0.0,
0.0,
0.0,
0.0,
12.0,
0.0,
0.0,
2.0,
0.0,
7.0,
0.0,
2.0,
0.0,
0.0,
8.0,
0.0,
4.0,
0.0,
6.0,
1.0,
4.0,
0.0,
0.0,
4.0,
0.0,
0.0,
2.0,
0.0,
0.0,
0.0,
0.0,
0.0,
0.0,
0.0,
0.0,
0.0,
0.0,
0.0,
0.0,
0.0,
0.0,
0.0,
0.0,
0.0,
0.0,
0.0,
0.0,
0.0,
0.0,
0.0,
0.0,
0.0,
0.0,
0.0,
0.0,
0.0,
0.0,
0.0,
0.0,
0.0,
0.0,
0.0,
0.0,
0.0,
0.0,
0.0,
0.0,
0.0,
0.0,
0.0,
0.0,
0.0,
0.0,
0.0,
0.0,
0.0,
0.0,
0.0,
0.0,
0.0,
0.0,
0.0,
0.0,
0.0,
0.0,
0.0,
0.0,
0.0,
0.0,
0.0,
0.0,
0.0,
0.0,
0.0,
0.0,
0.0,
0.0,
0.0,
0.0,
0.0,
0.0,
0.0,
0.0,
0.0,
0.0,
0.0,
0.0,
0.0,
0.0,
0.0,
0.0,
0.0,
0.0,
0.0,
0.0,
0.0,
0.0,
0.0,
0.0,
0.0,
0.0,
0.0,
0.0,
0.0,
0.0,
0.0,
0.0,
0.0,
0.0,
0.0,
0.0,
0.0,
0.0,
0.0,
0.0,
0.0,
0.0,
0.0,
0.0,
0.0,
0.0,
0.0,
0.0,
