0.0,
0.0,
0.0,
0.0,
0.0,
0.0,
0.0,
0.0,
0.0,
2.0,
0.0,
0.0,
1.0,
0.0,
0.0,
1.0,
0.0,
2.0,
0.0,
3.0,
0.0,
3.0,
0.0,
4.0,
0.0,
0.0,
0.0,
0.0,
0.0,
0.0,
0.0,
0.0,
0.0,
0.0,
0.0,
0.0,
0.0,
0.0,
2.0,
4.0,
0.0,
0.0,
0.0,
5.0,
13.0,
0.0,
8.0,
0.0,
0.0,
0.0,
0.0,
0.0,
0.0,
0.0,
0.0,
0.0,
0.0,
0.0,
0.0,
0.0,
0.0,
0.0,
0.0,
0.0,
7.0,
0.0,
0.0,
4.0,
2.0,
0.0,
0.0,
0.0,
0.0,
0.0,
12.0,
0.0,
18.0,
7.0,
0.0,
3.0,
0.0,
0.0,
0.0,
0.0,
0.0,
0.0,
0.0,
0.0,
0.0,
0.0,
0.0,
0.0,
5.0,
0.0,
0.0,
3.0,
0.0,
0.0,
5.0,
1.0,
2.0,
13.0,
6.0,
0.0,
0.0,
0.0,
0.0,
3.0,
0.0,
0.0,
0.0,
0.0,
0.0,
0.0,
0.0,
0.0,
0.0,
0.0,
0.0,
0.0,
0.0,
3.0,
9.0,
2.0,
0.0,
0.0,
5.0,
11.0,
1.0,
4.0,
0.0,
9.0,
9.0,
5.0,
20.0,
0.0,
0.0,
0.0,
0.0,
0.0,
0.0,
0.0,
0.0,
0.0,
0.0,
0.0,
0.0,
0.0,
0.0,
3.0,
0.0,
0.0,
19.0,
36.0,
32.0,
25.0,
111.0,
227.0,
226.0,
246.0,
196.0,
75.0,
0.0,
5.0,
0.0,
0.0,
0.0,
0.0,
0.0,
0.0,
0.0,
0.0,
0.0,
0.0,
0.0,
0.0,
0.0,
56.0,
81.0,
111.0,
192.0,
247.0,
251.0,
253.0,
240.0,
255.0,
251.0,
254.0,
255.0,
151.0,
11.0,
0.0,
0.0,
0.0,
0.0,
0.0,
0.0,
0.0,
0.0,
0.0,
0.0,
0.0,
0.0,
0.0,
155.0,
244.0,
255.0,
242.0,
255.0,
255.0,
244.0,
254.0,
250.0,
104.0,
104.0,
55.0,
0.0,
0.0,
8.0,
0.0,
0.0,
0.0,
0.0,
0.0,
1.0,
2.0,
0.0,
9.0,
0.0,
4.0,
0.0,
0.0,
152.0,
255.0,
243.0,
255.0,
241.0,
167.0,
106.0,
43.0,
38.0,
9.0,
0.0,
0.0,
5.0,
0.0,
18.0,
0.0,
0.0,
0.0,
0.0,
0.0,
0.0,
4.0,
1.0,
0.0,
0.0,
13.0,
24.0,
88.0,
89.0,
199.0,
179.0,
87.0,
11.0,
0.0,
0.0,
10.0,
0.0,
6.0,
0.0,
0.0,
0.0,
5.0,
0.0,
0.0,
0.0,
0.0,
0.0,
0.0,
0.0,
0.0,
3.0,
0.0,
9.0,
0.0,
74.0,
240.0,
71.0,
0.0,
13.0,
17.0,
0.0,
11.0,
0.0,
3.0,
0.0,
6.0,
19.0,
0.0,
0.0,
6.0,
0.0,
13.0,
0.0,
0.0,
0.0,
0.0,
0.0,
6.0,
4.0,
0.0,
5.0,
0.0,
120.0,
255.0,
134.0,
53.0,
104.0,
138.0,
155.0,
213.0,
150.0,
57.0,
31.0,
0.0,
0.0,
1.0,
0.0,
6.0,
0.0,
0.0,
0.0,
0.0,
0.0,
0.0,
0.0,
17.0,
1.0,
0.0,
0.0,
9.0,
152.0,
230.0,
251.0,
246.0,
255.0,
241.0,
250.0,
255.0,
246.0,
255.0,
213.0,
126.0,
13.0,
9.0,
0.0,
10.0,
0.0,
0.0,
0.0,
0.0,
0.0,
0.0,
0.0,
2.0,
0.0,
8.0,
0.0,
1.0,
154.0,
255.0,
255.0,
255.0,
234.0,
181.0,
186.0,
202.0,
204.0,
189.0,
255.0,
245.0,
171.0,
8.0,
0.0,
0.0,
10.0,
5.0,
0.0,
0.0,
0.0,
0.0,
7.0,
0.0,
0.0,
15.0,
0.0,
0.0,
86.0,
239.0,
231.0,
69.0,
8.0,
0.0,
2.0,
0.0,
9.0,
0.0,
55.0,
123.0,
255.0,
96.0,
4.0,
0.0,
6.0,
0.0,
0.0,
0.0,
0.0,
0.0,
3.0,
2.0,
6.0,
0.0,
0.0,
13.0,
0.0,
91.0,
50.0,
0.0,
12.0,
0.0,
1.0,
3.0,
0.0,
4.0,
0.0,
12.0,
247.0,
250.0,
0.0,
20.0,
0.0,
13.0,
0.0,
0.0,
0.0,
0.0,
5.0,
0.0,
0.0,
4.0,
0.0,
0.0,
0.0,
0.0,
2.0,
0.0,
1.0,
0.0,
0.0,
3.0,
5.0,
0.0,
5.0,
0.0,
244.0,
255.0,
87.0,
0.0,
16.0,
0.0,
0.0,
0.0,
0.0,
0.0,
0.0,
4.0,
5.0,
0.0,
0.0,
0.0,
4.0,
12.0,
0.0,
0.0,
6.0,
7.0,
0.0,
8.0,
0.0,
2.0,
0.0,
17.0,
152.0,
254.0,
99.0,
0.0,
0.0,
0.0,
0.0,
0.0,
0.0,
0.0,
0.0,
6.0,
0.0,
0.0,
9.0,
6.0,
0.0,
0.0,
0.0,
12.0,
0.0,
0.0,
26.0,
0.0,
0.0,
5.0,
6.0,
0.0,
163.0,
255.0,
111.0,
10.0,
3.0,
13.0,
0.0,
0.0,
0.0,
0.0,
0.0,
5.0,
0.0,
0.0,
16.0,
5.0,
0.0,
12.0,
0.0,
10.0,
16.0,
0.0,
5.0,
0.0,
16.0,
0.0,
10.0,
26.0,
239.0,
255.0,
88.0,
5.0,
0.0,
0.0,
0.0,
0.0,
0.0,
0.0,
0.0,
7.0,
1.0,
0.0,
1.0,
0.0,
12.0,
82.0,
122.0,
0.0,
9.0,
11.0,
0.0,
8.0,
0.0,
4.0,
0.0,
182.0,
255.0,
244.0,
59.0,
7.0,
6.0,
7.0,
0.0,
0.0,
0.0,
0.0,
1.0,
1.0,
0.0,
4.0,
2.0,
0.0,
12.0,
72.0,
243.0,
255.0,
148.0,
65.0,
0.0,
10.0,
4.0,
4.0,
56.0,
221.0,
255.0,
141.0,
0.0,
0.0,
4.0,
0.0,
0.0,
0.0,
0.0,
0.0,
5.0,
0.0,
0.0,
4.0,
9.0,
2.0,
0.0,
8.0,
62.0,
242.0,
252.0,
255.0,
205.0,
116.0,
111.0,
133.0,
231.0,
245.0,
238.0,
60.0,
3.0,
0.0,
8.0,
0.0,
0.0,
0.0,
0.0,
0.0,
0.0,
0.0,
2.0,
1.0,
0.0,
2.0,
5.0,
0.0,
5.0,
0.0,
163.0,
223.0,
255.0,
248.0,
253.0,
255.0,
255.0,
255.0,
85.0,
0.0,
13.0,
0.0,
0.0,
4.0,
0.0,
0.0,
0.0,
0.0,
0.0,
0.0,
0.0,
0.0,
0.0,
0.0,
0.0,
0.0,
0.0,
10.0,
0.0,
32.0,
166.0,
250.0,
254.0,
255.0,
253.0,
126.0,
10.0,
0.0,
4.0,
4.0,
0.0,
0.0,
0.0,
0.0,
0.0,
0.0,
0.0,
0.0,
0.0,
0.0,
0.0,
0.0,
0.0,
0.0,
0.0,
17.0,
0.0,
0.0,
2.0,
5.0,
0.0,
0.0,
16.0,
0.0,
0.0,
4.0,
10.0,
0.0,
0.0,
1.0,
0.0,
0.0,
0.0,
0.0,
0.0,
0.0,
0.0,
0.0,
0.0,
0.0,
0.0,
0.0,
0.0,
3.0,
5.0,
1.0,
8.0,
6.0,
1.0,
8.0,
0.0,
0.0,
5.0,
0.0,
0.0,
0.0,
1.0,
4.0,
0.0,
0.0,
0.0,
0.0,
0.0,
0.0,
0.0,
0.0,
0.0,
0.0,
0.0,
0.0,
11.0,
0.0,
0.0,
0.0,
1.0,
2.0,
0.0,
0.0,
8.0,
11.0,
6.0,
0.0,
0.0,
3.0,
1.0,
0.0,
0.0,
0.0,
0.0,
0.0,
