0.0,
0.0,
0.0,
0.0,
0.0,
0.0,
0.0,
0.0,
0.0,
0.0,
5.0,
7.0,
0.0,
0.0,
1.0,
0.0,
0.0,
0.0,
0.0,
0.0,
0.0,
0.0,
0.0,
1.0,
1.0,
4.0,
0.0,
0.0,
0.0,
0.0,
0.0,
0.0,
0.0,
0.0,
0.0,
0.0,
0.0,
0.0,
0.0,
0.0,
0.0,
0.0,
2.0,
6.0,
0.0,
1.0,
3.0,
4.0,
3.0,
1.0,
0.0,
0.0,
6.0,
0.0,
2.0,
19.0,
0.0,
0.0,
0.0,
0.0,
0.0,
0.0,
0.0,
0.0,
2.0,
7.0,
2.0,
0.0,
2.0,
0.0,
0.0,
6.0,
5.0,
0.0,
0.0,
0.0,
0.0,
0.0,
0.0,
3.0,
0.0,
4.0,
0.0,
0.0,
0.0,
0.0,
0.0,
0.0,
0.0,
0.0,
0.0,
0.0,
0.0,
0.0,
0.0,
0.0,
2.0,
0.0,
0.0,
0.0,
0.0,
0.0,
3.0,
8.0,
10.0,
7.0,
2.0,
0.0,
0.0,
14.0,
0.0,
0.0,
0.0,
0.0,
0.0,
0.0,
0.0,
0.0,
0.0,
0.0,
0.0,
2.0,
0.0,
1.0,
6.0,
6.0,
4.0,
6.0,
3.0,
3.0,
1.0,
0.0,
0.0,
0.0,
0.0,
0.0,
11.0,
0.0,
0.0,
9.0,
0.0,
0.0,
0.0,
0.0,
0.0,
0.0,
0.0,
0.0,
12.0,
0.0,
1.0,
1.0,
0.0,
0.0,
4.0,
0.0,
0.0,
0.0,
2.0,
4.0,
1.0,
0.0,
2.0,
5.0,
0.0,
19.0,
3.0,
0.0,
0.0,
0.0,
0.0,
0.0,
0.0,
0.0,
0.0,
0.0,
3.0,
0.0,
0.0,
11.0,
0.0,
2.0,
15.0,
0.0,
10.0,
5.0,
0.0,
0.0,
1.0,
36.0,
86.0,
122.0,
230.0,
232.0,
88.0,
0.0,
0.0,
0.0,
0.0,
0.0,
0.0,
0.0,
0.0,
0.0,
7.0,
0.0,
28.0,
59.0,
45.0,
60.0,
75.0,
43.0,
39.0,
84.0,
148.0,
200.0,
227.0,
240.0,
248.0,
255.0,
228.0,
134.0,
2.0,
0.0,
0.0,
0.0,
0.0,
0.0,
0.0,
0.0,
0.0,
0.0,
0.0,
1.0,
76.0,
255.0,
244.0,
255.0,
247.0,
252.0,
249.0,
255.0,
253.0,
249.0,
255.0,
244.0,
168.0,
83.0,
12.0,
9.0,
4.0,
0.0,
0.0,
0.0,
0.0,
0.0,
0.0,
0.0,
0.0,
0.0,
11.0,
0.0,
23.0,
155.0,
225.0,
239.0,
255.0,
255.0,
255.0,
203.0,
134.0,
86.0,
48.0,
12.0,
0.0,
0.0,
7.0,
5.0,
2.0,
0.0,
0.0,
0.0,
0.0,
0.0,
0.0,
0.0,
0.0,
0.0,
0.0,
5.0,
2.0,
40.0,
228.0,
255.0,
183.0,
63.0,
8.0,
6.0,
6.0,
6.0,
2.0,
0.0,
0.0,
1.0,
0.0,
0.0,
0.0,
0.0,
0.0,
0.0,
0.0,
0.0,
0.0,
0.0,
0.0,
0.0,
18.0,
0.0,
51.0,
227.0,
255.0,
183.0,
8.0,
1.0,
1.0,
4.0,
0.0,
0.0,
0.0,
2.0,
5.0,
0.0,
0.0,
0.0,
0.0,
0.0,
0.0,
0.0,
0.0,
0.0,
0.0,
0.0,
0.0,
0.0,
0.0,
69.0,
255.0,
255.0,
154.0,
5.0,
20.0,
0.0,
5.0,
0.0,
1.0,
13.0,
15.0,
4.0,
0.0,
0.0,
0.0,
0.0,
0.0,
0.0,
0.0,
0.0,
0.0,
0.0,
0.0,
0.0,
0.0,
0.0,
10.0,
219.0,
239.0,
209.0,
34.0,
0.0,
9.0,
0.0,
0.0,
0.0,
0.0,
0.0,
0.0,
0.0,
5.0,
9.0,
0.0,
0.0,
0.0,
0.0,
0.0,
0.0,
0.0,
0.0,
0.0,
0.0,
0.0,
0.0,
15.0,
237.0,
255.0,
255.0,
242.0,
219.0,
120.0,
39.0,
0.0,
11.0,
11.0,
0.0,
0.0,
2.0,
1.0,
0.0,
1.0,
0.0,
0.0,
0.0,
0.0,
0.0,
0.0,
0.0,
0.0,
0.0,
0.0,
0.0,
2.0,
74.0,
164.0,
165.0,
192.0,
255.0,
245.0,
223.0,
40.0,
5.0,
0.0,
4.0,
10.0,
0.0,
0.0,
8.0,
0.0,
0.0,
0.0,
0.0,
2.0,
2.0,
0.0,
0.0,
0.0,
0.0,
0.0,
0.0,
0.0,
8.0,
2.0,
0.0,
12.0,
28.0,
203.0,
247.0,
157.0,
0.0,
0.0,
4.0,
2.0,
2.0,
4.0,
0.0,
0.0,
0.0,
0.0,
0.0,
2.0,
1.0,
0.0,
0.0,
0.0,
0.0,
0.0,
0.0,
0.0,
0.0,
16.0,
0.0,
4.0,
0.0,
10.0,
226.0,
245.0,
40.0,
0.0,
2.0,
0.0,
1.0,
0.0,
0.0,
0.0,
0.0,
0.0,
0.0,
2.0,
1.0,
0.0,
0.0,
0.0,
0.0,
0.0,
0.0,
4.0,
5.0,
0.0,
1.0,
8.0,
4.0,
3.0,
164.0,
255.0,
103.0,
0.0,
1.0,
2.0,
0.0,
0.0,
0.0,
0.0,
0.0,
0.0,
0.0,
1.0,
1.0,
0.0,
0.0,
0.0,
0.0,
0.0,
1.0,
7.0,
0.0,
0.0,
10.0,
0.0,
3.0,
0.0,
140.0,
244.0,
161.0,
0.0,
0.0,
17.0,
0.0,
0.0,
0.0,
0.0,
0.0,
0.0,
0.0,
1.0,
0.0,
0.0,
0.0,
0.0,
0.0,
1.0,
1.0,
0.0,
3.0,
7.0,
0.0,
3.0,
0.0,
0.0,
146.0,
255.0,
144.0,
0.0,
0.0,
0.0,
0.0,
0.0,
10.0,
0.0,
0.0,
0.0,
0.0,
0.0,
0.0,
0.0,
0.0,
0.0,
0.0,
1.0,
2.0,
0.0,
0.0,
5.0,
0.0,
9.0,
13.0,
113.0,
252.0,
238.0,
45.0,
9.0,
10.0,
0.0,
10.0,
0.0,
4.0,
0.0,
0.0,
0.0,
0.0,
0.0,
0.0,
0.0,
0.0,
0.0,
0.0,
1.0,
2.0,
4.0,
99.0,
140.0,
0.0,
0.0,
167.0,
254.0,
243.0,
111.0,
0.0,
5.0,
6.0,
0.0,
11.0,
0.0,
0.0,
0.0,
0.0,
0.0,
0.0,
0.0,
0.0,
0.0,
0.0,
0.0,
0.0,
2.0,
2.0,
187.0,
252.0,
99.0,
86.0,
197.0,
240.0,
255.0,
156.0,
0.0,
10.0,
0.0,
0.0,
11.0,
0.0,
3.0,
3.0,
0.0,
0.0,
0.0,
0.0,
1.0,
0.0,
0.0,
0.0,
12.0,
0.0,
7.0,
111.0,
252.0,
250.0,
249.0,
250.0,
239.0,
186.0,
87.0,
0.0,
0.0,
0.0,
0.0,
0.0,
0.0,
0.0,
0.0,
0.0,
0.0,
0.0,
0.0,
0.0,
0.0,
2.0,
1.0,
0.0,
5.0,
0.0,
0.0,
62.0,
245.0,
251.0,
222.0,
143.0,
54.0,
3.0,
0.0,
2.0,
0.0,
0.0,
0.0,
0.0,
0.0,
0.0,
0.0,
0.0,
0.0,
0.0,
0.0,
0.0,
0.0,
2.0,
5.0,
0.0,
0.0,
4.0,
0.0,
10.0,
0.0,
9.0,
10.0,
0.0,
0.0,
0.0,
0.0,
1.0,
0.0,
0.0,
0.0,
0.0,
0.0,
0.0,
0.0,
0.0,
0.0,
0.0,
0.0,
0.0,
0.0,
0.0,
4.0,
2.0,
0.0,
6.0,
1.0,
0.0,
0.0,
0.0,
0.0,
1.0,
8.0,
13.0,
5.0,
0.0,
0.0,
0.0,
0.0,
0.0,
0.0,
0.0,
0.0,
0.0,
0.0,
0.0,
0.0,
0.0,
