0.0,
0.0,
0.0,
0.0,
0.0,
0.0,
0.0,
0.0,
0.0,
0.0,
0.0,
0.0,
0.0,
0.0,
0.0,
0.0,
0.0,
0.0,
1.0,
0.0,
0.0,
0.0,
2.0,
2.0,
0.0,
0.0,
5.0,
0.0,
0.0,
0.0,
0.0,
0.0,
0.0,
0.0,
0.0,
0.0,
0.0,
0.0,
0.0,
0.0,
0.0,
0.0,
0.0,
0.0,
11.0,
5.0,
0.0,
0.0,
0.0,
0.0,
0.0,
0.0,
9.0,
3.0,
2.0,
0.0,
0.0,
0.0,
0.0,
0.0,
0.0,
0.0,
0.0,
0.0,
0.0,
0.0,
0.0,
0.0,
0.0,
0.0,
0.0,
0.0,
0.0,
0.0,
0.0,
3.0,
7.0,
7.0,
4.0,
1.0,
0.0,
0.0,
4.0,
6.0,
0.0,
0.0,
0.0,
0.0,
0.0,
0.0,
0.0,
0.0,
0.0,
0.0,
0.0,
0.0,
0.0,
0.0,
0.0,
0.0,
0.0,
0.0,
2.0,
2.0,
0.0,
0.0,
0.0,
0.0,
0.0,
1.0,
0.0,
11.0,
0.0,
0.0,
0.0,
0.0,
0.0,
0.0,
0.0,
0.0,
0.0,
0.0,
0.0,
0.0,
0.0,
0.0,
0.0,
0.0,
8.0,
1.0,
0.0,
0.0,
1.0,
1.0,
5.0,
10.0,
7.0,
14.0,
0.0,
0.0,
0.0,
0.0,
0.0,
0.0,
0.0,
0.0,
0.0,
0.0,
0.0,
0.0,
0.0,
0.0,
0.0,
0.0,
0.0,
0.0,
1.0,
0.0,
0.0,
0.0,
6.0,
2.0,
0.0,
0.0,
0.0,
2.0,
7.0,
0.0,
0.0,
0.0,
0.0,
0.0,
0.0,
0.0,
0.0,
0.0,
0.0,
0.0,
0.0,
0.0,
0.0,
0.0,
0.0,
0.0,
3.0,
1.0,
1.0,
1.0,
0.0,
0.0,
23.0,
49.0,
49.0,
0.0,
13.0,
7.0,
0.0,
0.0,
0.0,
0.0,
0.0,
0.0,
0.0,
0.0,
0.0,
0.0,
0.0,
0.0,
0.0,
0.0,
0.0,
0.0,
12.0,
19.0,
25.0,
19.0,
18.0,
63.0,
163.0,
252.0,
194.0,
4.0,
0.0,
8.0,
0.0,
0.0,
0.0,
1.0,
2.0,
2.0,
2.0,
1.0,
0.0,
2.0,
37.0,
117.0,
151.0,
0.0,
54.0,
108.0,
225.0,
237.0,
240.0,
227.0,
229.0,
228.0,
255.0,
231.0,
81.0,
0.0,
3.0,
12.0,
3.0,
2.0,
1.0,
1.0,
1.0,
1.0,
1.0,
2.0,
0.0,
2.0,
26.0,
0.0,
57.0,
209.0,
164.0,
155.0,
191.0,
255.0,
255.0,
254.0,
255.0,
239.0,
246.0,
255.0,
198.0,
25.0,
0.0,
0.0,
1.0,
0.0,
0.0,
0.0,
0.0,
0.0,
0.0,
0.0,
10.0,
0.0,
0.0,
28.0,
143.0,
255.0,
253.0,
250.0,
249.0,
255.0,
236.0,
250.0,
255.0,
232.0,
200.0,
201.0,
63.0,
0.0,
0.0,
9.0,
0.0,
0.0,
0.0,
0.0,
0.0,
0.0,
0.0,
0.0,
0.0,
12.0,
27.0,
196.0,
255.0,
243.0,
243.0,
234.0,
231.0,
176.0,
142.0,
142.0,
68.0,
26.0,
6.0,
0.0,
0.0,
0.0,
11.0,
0.0,
0.0,
0.0,
2.0,
3.0,
3.0,
2.0,
1.0,
0.0,
3.0,
0.0,
0.0,
219.0,
242.0,
207.0,
58.0,
0.0,
11.0,
0.0,
0.0,
13.0,
0.0,
0.0,
6.0,
4.0,
13.0,
0.0,
0.0,
0.0,
0.0,
0.0,
1.0,
1.0,
0.0,
0.0,
0.0,
0.0,
2.0,
0.0,
23.0,
201.0,
238.0,
202.0,
71.0,
0.0,
0.0,
5.0,
8.0,
0.0,
1.0,
21.0,
0.0,
0.0,
0.0,
0.0,
0.0,
11.0,
0.0,
0.0,
0.0,
0.0,
0.0,
1.0,
4.0,
6.0,
0.0,
0.0,
0.0,
65.0,
197.0,
255.0,
254.0,
109.0,
4.0,
0.0,
9.0,
0.0,
0.0,
0.0,
0.0,
11.0,
17.0,
9.0,
0.0,
0.0,
3.0,
1.0,
0.0,
0.0,
5.0,
13.0,
21.0,
27.0,
0.0,
14.0,
0.0,
0.0,
19.0,
139.0,
239.0,
255.0,
141.0,
0.0,
0.0,
8.0,
7.0,
0.0,
3.0,
2.0,
0.0,
0.0,
4.0,
11.0,
0.0,
1.0,
0.0,
0.0,
17.0,
47.0,
148.0,
43.0,
8.0,
0.0,
0.0,
9.0,
0.0,
23.0,
129.0,
255.0,
255.0,
62.0,
0.0,
0.0,
1.0,
13.0,
0.0,
0.0,
0.0,
0.0,
0.0,
0.0,
1.0,
3.0,
10.0,
0.0,
0.0,
169.0,
234.0,
111.0,
3.0,
10.0,
0.0,
8.0,
0.0,
5.0,
157.0,
255.0,
255.0,
140.0,
20.0,
1.0,
6.0,
0.0,
0.0,
5.0,
0.0,
0.0,
0.0,
0.0,
0.0,
0.0,
6.0,
1.0,
0.0,
225.0,
255.0,
76.0,
0.0,
2.0,
0.0,
0.0,
4.0,
118.0,
255.0,
248.0,
248.0,
115.0,
0.0,
0.0,
3.0,
0.0,
6.0,
1.0,
0.0,
0.0,
0.0,
0.0,
0.0,
0.0,
0.0,
0.0,
11.0,
144.0,
242.0,
95.0,
8.0,
2.0,
13.0,
53.0,
146.0,
224.0,
241.0,
253.0,
236.0,
44.0,
0.0,
7.0,
0.0,
12.0,
0.0,
0.0,
0.0,
0.0,
0.0,
0.0,
6.0,
0.0,
3.0,
0.0,
2.0,
39.0,
198.0,
232.0,
190.0,
178.0,
223.0,
244.0,
236.0,
255.0,
255.0,
255.0,
118.0,
0.0,
4.0,
17.0,
0.0,
0.0,
0.0,
3.0,
0.0,
0.0,
0.0,
0.0,
10.0,
0.0,
9.0,
10.0,
0.0,
0.0,
75.0,
214.0,
250.0,
255.0,
248.0,
255.0,
251.0,
255.0,
240.0,
91.0,
0.0,
0.0,
0.0,
0.0,
1.0,
0.0,
1.0,
12.0,
0.0,
0.0,
0.0,
0.0,
2.0,
0.0,
3.0,
12.0,
0.0,
0.0,
0.0,
59.0,
170.0,
255.0,
243.0,
225.0,
221.0,
107.0,
23.0,
9.0,
0.0,
23.0,
0.0,
0.0,
14.0,
6.0,
0.0,
0.0,
0.0,
0.0,
0.0,
0.0,
0.0,
14.0,
0.0,
0.0,
0.0,
1.0,
13.0,
0.0,
4.0,
29.0,
55.0,
24.0,
0.0,
3.0,
2.0,
0.0,
8.0,
0.0,
9.0,
0.0,
0.0,
11.0,
0.0,
5.0,
0.0,
0.0,
0.0,
0.0,
0.0,
0.0,
0.0,
0.0,
0.0,
0.0,
0.0,
0.0,
0.0,
0.0,
0.0,
0.0,
0.0,
0.0,
0.0,
0.0,
0.0,
0.0,
0.0,
0.0,
0.0,
0.0,
0.0,
0.0,
0.0,
0.0,
0.0,
0.0,
0.0,
0.0,
0.0,
0.0,
0.0,
0.0,
0.0,
0.0,
0.0,
0.0,
0.0,
0.0,
0.0,
0.0,
0.0,
0.0,
0.0,
0.0,
0.0,
0.0,
0.0,
0.0,
0.0,
0.0,
0.0,
0.0,
0.0,
0.0,
0.0,
0.0,
0.0,
0.0,
0.0,
0.0,
0.0,
0.0,
0.0,
0.0,
0.0,
0.0,
0.0,
0.0,
0.0,
0.0,
0.0,
0.0,
0.0,
0.0,
0.0,
0.0,
0.0,
0.0,
0.0,
0.0,
0.0,
0.0,
0.0,
0.0,
0.0,
0.0,
0.0,
0.0,
0.0,
0.0,
0.0,
0.0,
0.0,
0.0,
0.0,
0.0,
0.0,
0.0,
0.0,
0.0,
0.0,
0.0,
0.0,
0.0,
0.0,
0.0,
0.0,
0.0,
0.0,
0.0,
