0.0,
5.0,
3.0,
0.0,
1.0,
9.0,
6.0,
0.0,
5.0,
4.0,
0.0,
0.0,
0.0,
8.0,
7.0,
0.0,
1.0,
0.0,
4.0,
0.0,
4.0,
0.0,
4.0,
0.0,
0.0,
0.0,
0.0,
0.0,
0.0,
2.0,
2.0,
0.0,
0.0,
0.0,
0.0,
0.0,
0.0,
1.0,
5.0,
4.0,
1.0,
0.0,
0.0,
0.0,
4.0,
0.0,
6.0,
0.0,
9.0,
2.0,
1.0,
0.0,
0.0,
0.0,
0.0,
0.0,
0.0,
0.0,
0.0,
3.0,
9.0,
7.0,
4.0,
3.0,
3.0,
0.0,
0.0,
0.0,
0.0,
1.0,
5.0,
10.0,
11.0,
0.0,
13.0,
1.0,
0.0,
0.0,
13.0,
4.0,
0.0,
0.0,
0.0,
0.0,
5.0,
1.0,
0.0,
0.0,
0.0,
0.0,
0.0,
0.0,
4.0,
0.0,
0.0,
2.0,
6.0,
1.0,
0.0,
0.0,
0.0,
0.0,
20.0,
10.0,
3.0,
12.0,
0.0,
0.0,
0.0,
0.0,
0.0,
0.0,
0.0,
6.0,
7.0,
0.0,
0.0,
0.0,
7.0,
8.0,
0.0,
0.0,
2.0,
6.0,
2.0,
0.0,
0.0,
7.0,
0.0,
12.0,
0.0,
0.0,
2.0,
11.0,
0.0,
12.0,
0.0,
0.0,
0.0,
0.0,
0.0,
0.0,
1.0,
3.0,
7.0,
8.0,
0.0,
0.0,
77.0,
132.0,
199.0,
243.0,
255.0,
255.0,
251.0,
250.0,
128.0,
127.0,
119.0,
83.0,
1.0,
0.0,
8.0,
8.0,
0.0,
0.0,
0.0,
0.0,
10.0,
0.0,
0.0,
1.0,
0.0,
0.0,
0.0,
10.0,
245.0,
255.0,
255.0,
251.0,
249.0,
255.0,
255.0,
255.0,
250.0,
255.0,
255.0,
235.0,
66.0,
1.0,
20.0,
0.0,
0.0,
0.0,
0.0,
0.0,
0.0,
0.0,
3.0,
9.0,
0.0,
0.0,
82.0,
183.0,
255.0,
255.0,
253.0,
248.0,
255.0,
255.0,
236.0,
193.0,
190.0,
253.0,
185.0,
139.0,
63.0,
0.0,
0.0,
5.0,
0.0,
0.0,
0.0,
0.0,
0.0,
4.0,
8.0,
0.0,
6.0,
10.0,
127.0,
251.0,
252.0,
250.0,
138.0,
4.0,
0.0,
3.0,
0.0,
3.0,
7.0,
0.0,
3.0,
0.0,
10.0,
0.0,
8.0,
0.0,
0.0,
0.0,
0.0,
0.0,
15.0,
0.0,
0.0,
0.0,
2.0,
0.0,
247.0,
255.0,
255.0,
133.0,
0.0,
0.0,
11.0,
0.0,
0.0,
0.0,
7.0,
1.0,
8.0,
0.0,
0.0,
0.0,
1.0,
7.0,
0.0,
0.0,
0.0,
0.0,
7.0,
0.0,
10.0,
9.0,
0.0,
10.0,
255.0,
231.0,
249.0,
147.0,
0.0,
0.0,
0.0,
0.0,
12.0,
4.0,
0.0,
0.0,
18.0,
7.0,
0.0,
8.0,
0.0,
0.0,
0.0,
0.0,
0.0,
0.0,
2.0,
0.0,
3.0,
1.0,
7.0,
173.0,
255.0,
255.0,
255.0,
57.0,
0.0,
137.0,
135.0,
127.0,
131.0,
115.0,
149.0,
122.0,
132.0,
0.0,
3.0,
0.0,
23.0,
0.0,
0.0,
0.0,
0.0,
0.0,
8.0,
0.0,
0.0,
0.0,
6.0,
255.0,
233.0,
254.0,
255.0,
255.0,
253.0,
255.0,
237.0,
255.0,
246.0,
255.0,
239.0,
249.0,
255.0,
252.0,
124.0,
72.0,
0.0,
0.0,
0.0,
0.0,
0.0,
0.0,
0.0,
0.0,
10.0,
1.0,
0.0,
206.0,
255.0,
255.0,
255.0,
255.0,
255.0,
255.0,
255.0,
254.0,
187.0,
249.0,
205.0,
195.0,
253.0,
255.0,
255.0,
241.0,
194.0,
66.0,
0.0,
0.0,
0.0,
0.0,
0.0,
4.0,
2.0,
1.0,
0.0,
113.0,
255.0,
254.0,
255.0,
125.0,
96.0,
82.0,
0.0,
0.0,
10.0,
6.0,
0.0,
3.0,
1.0,
0.0,
105.0,
255.0,
255.0,
0.0,
0.0,
0.0,
0.0,
0.0,
0.0,
13.0,
0.0,
3.0,
8.0,
2.0,
62.0,
0.0,
0.0,
7.0,
8.0,
0.0,
0.0,
3.0,
8.0,
0.0,
4.0,
2.0,
0.0,
4.0,
13.0,
127.0,
239.0,
135.0,
0.0,
0.0,
0.0,
0.0,
2.0,
0.0,
0.0,
0.0,
1.0,
0.0,
0.0,
7.0,
0.0,
8.0,
4.0,
0.0,
0.0,
3.0,
1.0,
0.0,
0.0,
8.0,
0.0,
0.0,
17.0,
0.0,
255.0,
247.0,
128.0,
7.0,
0.0,
0.0,
0.0,
26.0,
0.0,
2.0,
2.0,
0.0,
4.0,
0.0,
1.0,
0.0,
0.0,
5.0,
0.0,
0.0,
5.0,
0.0,
10.0,
0.0,
10.0,
0.0,
0.0,
1.0,
169.0,
255.0,
183.0,
0.0,
0.0,
13.0,
4.0,
0.0,
0.0,
16.0,
0.0,
10.0,
0.0,
0.0,
2.0,
8.0,
0.0,
0.0,
16.0,
0.0,
0.0,
9.0,
0.0,
0.0,
16.0,
0.0,
6.0,
14.0,
255.0,
254.0,
255.0,
28.0,
0.0,
0.0,
1.0,
3.0,
4.0,
0.0,
6.0,
7.0,
0.0,
15.0,
4.0,
0.0,
0.0,
12.0,
0.0,
0.0,
11.0,
0.0,
0.0,
8.0,
0.0,
18.0,
102.0,
192.0,
249.0,
251.0,
0.0,
0.0,
12.0,
15.0,
0.0,
10.0,
5.0,
4.0,
0.0,
0.0,
145.0,
115.0,
139.0,
112.0,
31.0,
0.0,
0.0,
14.0,
1.0,
5.0,
13.0,
0.0,
189.0,
255.0,
255.0,
255.0,
255.0,
0.0,
2.0,
14.0,
14.0,
0.0,
8.0,
0.0,
5.0,
24.0,
0.0,
1.0,
188.0,
255.0,
255.0,
255.0,
246.0,
192.0,
137.0,
169.0,
240.0,
255.0,
252.0,
255.0,
253.0,
246.0,
255.0,
245.0,
65.0,
0.0,
0.0,
0.0,
0.0,
0.0,
4.0,
0.0,
0.0,
0.0,
15.0,
0.0,
6.0,
250.0,
248.0,
255.0,
254.0,
249.0,
255.0,
255.0,
255.0,
250.0,
252.0,
255.0,
251.0,
255.0,
188.0,
0.0,
0.0,
12.0,
6.0,
0.0,
0.0,
8.0,
0.0,
4.0,
3.0,
10.0,
0.0,
5.0,
0.0,
136.0,
255.0,
255.0,
255.0,
255.0,
248.0,
248.0,
255.0,
255.0,
129.0,
117.0,
121.0,
72.0,
0.0,
10.0,
3.0,
0.0,
0.0,
11.0,
0.0,
0.0,
0.0,
0.0,
0.0,
0.0,
0.0,
0.0,
0.0,
0.0,
6.0,
52.0,
78.0,
51.0,
12.0,
0.0,
2.0,
4.0,
0.0,
0.0,
0.0,
0.0,
0.0,
0.0,
0.0,
0.0,
0.0,
0.0,
0.0,
0.0,
0.0,
0.0,
0.0,
0.0,
0.0,
0.0,
0.0,
0.0,
0.0,
3.0,
9.0,
0.0,
0.0,
0.0,
0.0,
0.0,
0.0,
0.0,
0.0,
0.0,
0.0,
0.0,
0.0,
0.0,
0.0,
0.0,
0.0,
0.0,
0.0,
0.0,
0.0,
0.0,
0.0,
0.0,
0.0,
0.0,
7.0,
0.0,
0.0,
0.0,
1.0,
10.0,
8.0,
0.0,
0.0,
0.0,
0.0,
0.0,
0.0,
0.0,
0.0,
0.0,
0.0,
0.0,
0.0,
0.0,
0.0,
0.0,
0.0,
0.0,
0.0,
0.0,
0.0,
0.0,
8.0,
4.0,
3.0,
5.0,
3.0,
0.0,
0.0,
0.0,
0.0,
0.0,
0.0,
0.0,
0.0,
0.0,
0.0,
0.0,
0.0,
0.0,
0.0,
0.0,
