0.0,
0.0,
0.0,
0.0,
0.0,
0.0,
0.0,
0.0,
6.0,
0.0,
2.0,
1.0,
0.0,
0.0,
3.0,
0.0,
0.0,
9.0,
0.0,
0.0,
0.0,
10.0,
2.0,
3.0,
3.0,
0.0,
0.0,
7.0,
0.0,
0.0,
0.0,
0.0,
0.0,
0.0,
0.0,
0.0,
6.0,
0.0,
0.0,
10.0,
7.0,
2.0,
0.0,
0.0,
4.0,
3.0,
3.0,
5.0,
12.0,
0.0,
0.0,
0.0,
0.0,
0.0,
0.0,
0.0,
0.0,
0.0,
0.0,
0.0,
0.0,
0.0,
0.0,
0.0,
1.0,
0.0,
0.0,
4.0,
1.0,
0.0,
0.0,
1.0,
0.0,
0.0,
0.0,
0.0,
3.0,
0.0,
0.0,
7.0,
2.0,
7.0,
3.0,
0.0,
0.0,
0.0,
0.0,
0.0,
0.0,
0.0,
0.0,
0.0,
0.0,
7.0,
0.0,
0.0,
0.0,
3.0,
8.0,
0.0,
12.0,
3.0,
0.0,
0.0,
0.0,
11.0,
0.0,
0.0,
1.0,
7.0,
8.0,
0.0,
0.0,
0.0,
0.0,
0.0,
0.0,
0.0,
0.0,
0.0,
0.0,
1.0,
0.0,
9.0,
4.0,
0.0,
6.0,
0.0,
0.0,
0.0,
14.0,
12.0,
7.0,
0.0,
0.0,
0.0,
0.0,
0.0,
0.0,
0.0,
0.0,
0.0,
0.0,
0.0,
0.0,
0.0,
0.0,
0.0,
10.0,
5.0,
0.0,
0.0,
0.0,
26.0,
171.0,
255.0,
221.0,
123.0,
142.0,
144.0,
199.0,
153.0,
107.0,
53.0,
25.0,
0.0,
2.0,
0.0,
0.0,
0.0,
0.0,
0.0,
0.0,
0.0,
0.0,
0.0,
0.0,
4.0,
11.0,
17.0,
0.0,
50.0,
209.0,
255.0,
255.0,
223.0,
255.0,
255.0,
249.0,
244.0,
246.0,
255.0,
79.0,
1.0,
5.0,
5.0,
0.0,
0.0,
0.0,
0.0,
0.0,
0.0,
0.0,
0.0,
4.0,
4.0,
0.0,
0.0,
10.0,
128.0,
255.0,
243.0,
254.0,
244.0,
230.0,
213.0,
145.0,
233.0,
221.0,
237.0,
105.0,
0.0,
0.0,
1.0,
0.0,
6.0,
5.0,
0.0,
0.0,
2.0,
14.0,
0.0,
5.0,
5.0,
0.0,
0.0,
106.0,
250.0,
255.0,
209.0,
103.0,
20.0,
0.0,
2.0,
0.0,
6.0,
0.0,
2.0,
0.0,
0.0,
0.0,
0.0,
2.0,
0.0,
0.0,
9.0,
11.0,
2.0,
0.0,
0.0,
0.0,
0.0,
18.0,
40.0,
255.0,
253.0,
250.0,
72.0,
0.0,
0.0,
2.0,
1.0,
0.0,
0.0,
3.0,
0.0,
0.0,
0.0,
0.0,
0.0,
1.0,
0.0,
0.0,
7.0,
5.0,
0.0,
0.0,
8.0,
2.0,
0.0,
54.0,
228.0,
245.0,
255.0,
115.0,
23.0,
12.0,
0.0,
9.0,
0.0,
7.0,
26.0,
0.0,
9.0,
0.0,
0.0,
0.0,
0.0,
1.0,
4.0,
6.0,
0.0,
0.0,
3.0,
0.0,
0.0,
0.0,
77.0,
208.0,
243.0,
255.0,
255.0,
172.0,
109.0,
112.0,
95.0,
20.0,
0.0,
0.0,
0.0,
3.0,
0.0,
0.0,
0.0,
0.0,
0.0,
5.0,
1.0,
2.0,
0.0,
5.0,
12.0,
0.0,
1.0,
77.0,
236.0,
255.0,
251.0,
252.0,
255.0,
255.0,
255.0,
249.0,
248.0,
248.0,
65.0,
0.0,
2.0,
6.0,
8.0,
0.0,
0.0,
0.0,
0.0,
2.0,
0.0,
5.0,
0.0,
1.0,
0.0,
7.0,
80.0,
247.0,
252.0,
253.0,
255.0,
211.0,
179.0,
135.0,
88.0,
135.0,
255.0,
251.0,
240.0,
0.0,
12.0,
0.0,
0.0,
0.0,
0.0,
0.0,
0.0,
0.0,
0.0,
13.0,
0.0,
0.0,
0.0,
12.0,
111.0,
255.0,
234.0,
224.0,
131.0,
0.0,
5.0,
2.0,
2.0,
1.0,
83.0,
255.0,
235.0,
61.0,
1.0,
4.0,
8.0,
0.0,
0.0,
0.0,
0.0,
0.0,
0.0,
9.0,
0.0,
5.0,
12.0,
0.0,
38.0,
195.0,
149.0,
32.0,
0.0,
20.0,
0.0,
0.0,
3.0,
0.0,
89.0,
244.0,
239.0,
33.0,
0.0,
11.0,
0.0,
0.0,
0.0,
0.0,
0.0,
0.0,
6.0,
0.0,
0.0,
0.0,
18.0,
0.0,
4.0,
0.0,
0.0,
10.0,
9.0,
0.0,
0.0,
7.0,
0.0,
3.0,
134.0,
253.0,
205.0,
14.0,
0.0,
0.0,
0.0,
0.0,
0.0,
0.0,
0.0,
2.0,
0.0,
1.0,
9.0,
0.0,
0.0,
0.0,
0.0,
0.0,
18.0,
0.0,
0.0,
3.0,
0.0,
0.0,
15.0,
92.0,
248.0,
252.0,
119.0,
0.0,
2.0,
6.0,
0.0,
0.0,
0.0,
0.0,
0.0,
3.0,
0.0,
2.0,
5.0,
0.0,
30.0,
104.0,
69.0,
0.0,
8.0,
0.0,
0.0,
16.0,
8.0,
0.0,
62.0,
212.0,
255.0,
174.0,
46.0,
17.0,
0.0,
0.0,
3.0,
0.0,
0.0,
0.0,
0.0,
0.0,
0.0,
2.0,
0.0,
2.0,
104.0,
246.0,
189.0,
13.0,
0.0,
17.0,
0.0,
0.0,
0.0,
60.0,
183.0,
242.0,
248.0,
128.0,
0.0,
0.0,
0.0,
1.0,
3.0,
0.0,
0.0,
0.0,
0.0,
0.0,
0.0,
8.0,
0.0,
4.0,
106.0,
255.0,
247.0,
62.0,
0.0,
0.0,
14.0,
4.0,
24.0,
196.0,
245.0,
255.0,
124.0,
40.0,
0.0,
0.0,
0.0,
6.0,
0.0,
0.0,
0.0,
0.0,
0.0,
3.0,
1.0,
3.0,
4.0,
0.0,
50.0,
200.0,
255.0,
255.0,
20.0,
10.0,
0.0,
68.0,
218.0,
251.0,
242.0,
179.0,
0.0,
0.0,
4.0,
13.0,
0.0,
0.0,
0.0,
0.0,
0.0,
0.0,
0.0,
4.0,
4.0,
0.0,
1.0,
0.0,
9.0,
105.0,
239.0,
252.0,
237.0,
222.0,
255.0,
253.0,
248.0,
246.0,
182.0,
11.0,
0.0,
14.0,
11.0,
0.0,
0.0,
9.0,
0.0,
0.0,
0.0,
0.0,
0.0,
0.0,
10.0,
0.0,
1.0,
2.0,
0.0,
21.0,
154.0,
254.0,
255.0,
255.0,
249.0,
251.0,
247.0,
58.0,
4.0,
0.0,
12.0,
0.0,
0.0,
7.0,
0.0,
6.0,
0.0,
0.0,
0.0,
0.0,
0.0,
0.0,
0.0,
0.0,
0.0,
0.0,
0.0,
0.0,
0.0,
127.0,
177.0,
227.0,
173.0,
81.0,
23.0,
0.0,
10.0,
0.0,
0.0,
0.0,
0.0,
0.0,
0.0,
0.0,
0.0,
0.0,
0.0,
0.0,
0.0,
0.0,
0.0,
0.0,
0.0,
0.0,
0.0,
0.0,
0.0,
0.0,
1.0,
18.0,
0.0,
0.0,
2.0,
0.0,
0.0,
0.0,
0.0,
0.0,
0.0,
0.0,
0.0,
0.0,
0.0,
0.0,
0.0,
0.0,
0.0,
0.0,
0.0,
0.0,
0.0,
0.0,
0.0,
0.0,
0.0,
3.0,
0.0,
0.0,
0.0,
0.0,
15.0,
7.0,
3.0,
0.0,
0.0,
0.0,
0.0,
0.0,
0.0,
0.0,
0.0,
0.0,
0.0,
0.0,
0.0,
0.0,
0.0,
0.0,
0.0,
0.0,
0.0,
0.0,
0.0,
0.0,
5.0,
10.0,
3.0,
0.0,
0.0,
0.0,
0.0,
0.0,
0.0,
0.0,
0.0,
0.0,
0.0,
0.0,
0.0,
0.0,
0.0,
0.0,
0.0,
