0.0,
0.0,
0.0,
0.0,
0.0,
0.0,
0.0,
0.0,
2.0,
0.0,
0.0,
0.0,
4.0,
0.0,
0.0,
6.0,
0.0,
6.0,
2.0,
0.0,
5.0,
0.0,
0.0,
8.0,
0.0,
0.0,
0.0,
0.0,
0.0,
0.0,
0.0,
0.0,
0.0,
0.0,
0.0,
0.0,
0.0,
0.0,
8.0,
3.0,
0.0,
0.0,
0.0,
0.0,
2.0,
1.0,
0.0,
0.0,
0.0,
3.0,
4.0,
0.0,
0.0,
0.0,
0.0,
0.0,
0.0,
0.0,
0.0,
0.0,
0.0,
0.0,
0.0,
0.0,
6.0,
0.0,
0.0,
0.0,
0.0,
6.0,
14.0,
10.0,
0.0,
0.0,
10.0,
12.0,
0.0,
2.0,
11.0,
0.0,
0.0,
0.0,
0.0,
0.0,
0.0,
0.0,
0.0,
0.0,
0.0,
0.0,
0.0,
0.0,
8.0,
0.0,
0.0,
11.0,
5.0,
0.0,
0.0,
0.0,
0.0,
0.0,
0.0,
4.0,
0.0,
0.0,
0.0,
4.0,
0.0,
0.0,
0.0,
0.0,
0.0,
0.0,
0.0,
0.0,
0.0,
0.0,
0.0,
0.0,
0.0,
0.0,
3.0,
7.0,
0.0,
0.0,
2.0,
12.0,
9.0,
11.0,
0.0,
0.0,
5.0,
4.0,
0.0,
6.0,
0.0,
0.0,
0.0,
0.0,
0.0,
0.0,
0.0,
0.0,
0.0,
0.0,
0.0,
0.0,
0.0,
9.0,
0.0,
0.0,
0.0,
6.0,
0.0,
0.0,
0.0,
8.0,
10.0,
0.0,
4.0,
8.0,
1.0,
0.0,
0.0,
0.0,
0.0,
0.0,
0.0,
0.0,
0.0,
0.0,
0.0,
0.0,
0.0,
0.0,
0.0,
9.0,
0.0,
0.0,
13.0,
0.0,
0.0,
11.0,
14.0,
0.0,
0.0,
6.0,
0.0,
0.0,
3.0,
0.0,
0.0,
0.0,
0.0,
0.0,
0.0,
0.0,
0.0,
0.0,
0.0,
0.0,
0.0,
0.0,
0.0,
8.0,
0.0,
0.0,
6.0,
0.0,
64.0,
208.0,
162.0,
20.0,
0.0,
12.0,
0.0,
7.0,
31.0,
4.0,
0.0,
0.0,
0.0,
0.0,
0.0,
0.0,
0.0,
0.0,
0.0,
0.0,
0.0,
0.0,
5.0,
0.0,
6.0,
3.0,
0.0,
21.0,
239.0,
253.0,
196.0,
54.0,
82.0,
154.0,
180.0,
236.0,
255.0,
247.0,
255.0,
193.0,
0.0,
12.0,
0.0,
0.0,
0.0,
0.0,
0.0,
0.0,
0.0,
0.0,
0.0,
12.0,
0.0,
0.0,
20.0,
208.0,
238.0,
248.0,
248.0,
212.0,
255.0,
255.0,
238.0,
232.0,
182.0,
141.0,
89.0,
60.0,
0.0,
11.0,
0.0,
0.0,
0.0,
0.0,
0.0,
0.0,
0.0,
0.0,
10.0,
0.0,
18.0,
0.0,
164.0,
255.0,
246.0,
255.0,
255.0,
237.0,
189.0,
83.0,
20.0,
12.0,
0.0,
0.0,
0.0,
0.0,
0.0,
1.0,
0.0,
0.0,
0.0,
0.0,
0.0,
0.0,
0.0,
0.0,
0.0,
0.0,
0.0,
132.0,
255.0,
210.0,
127.0,
169.0,
0.0,
5.0,
12.0,
0.0,
0.0,
4.0,
0.0,
11.0,
12.0,
0.0,
14.0,
0.0,
0.0,
0.0,
0.0,
0.0,
0.0,
0.0,
0.0,
0.0,
0.0,
24.0,
38.0,
234.0,
249.0,
157.0,
28.0,
5.0,
18.0,
0.0,
7.0,
8.0,
2.0,
7.0,
3.0,
0.0,
0.0,
0.0,
4.0,
0.0,
0.0,
0.0,
0.0,
0.0,
0.0,
0.0,
0.0,
0.0,
9.0,
0.0,
0.0,
75.0,
205.0,
254.0,
191.0,
19.0,
2.0,
0.0,
0.0,
0.0,
0.0,
0.0,
14.0,
0.0,
0.0,
0.0,
0.0,
0.0,
0.0,
0.0,
0.0,
0.0,
0.0,
0.0,
0.0,
0.0,
0.0,
10.0,
11.0,
0.0,
29.0,
154.0,
242.0,
165.0,
5.0,
1.0,
6.0,
9.0,
0.0,
0.0,
9.0,
0.0,
3.0,
8.0,
4.0,
0.0,
0.0,
0.0,
0.0,
0.0,
0.0,
0.0,
0.0,
0.0,
0.0,
2.0,
0.0,
4.0,
0.0,
48.0,
233.0,
249.0,
14.0,
4.0,
0.0,
5.0,
10.0,
0.0,
0.0,
5.0,
0.0,
0.0,
0.0,
0.0,
0.0,
7.0,
0.0,
6.0,
0.0,
4.0,
0.0,
18.0,
8.0,
2.0,
0.0,
6.0,
0.0,
12.0,
166.0,
250.0,
92.0,
0.0,
0.0,
8.0,
2.0,
6.0,
0.0,
5.0,
0.0,
0.0,
0.0,
0.0,
4.0,
2.0,
0.0,
2.0,
0.0,
0.0,
157.0,
233.0,
15.0,
0.0,
10.0,
10.0,
6.0,
5.0,
173.0,
255.0,
97.0,
8.0,
0.0,
0.0,
0.0,
6.0,
0.0,
6.0,
0.0,
0.0,
0.0,
0.0,
6.0,
0.0,
0.0,
6.0,
10.0,
9.0,
165.0,
255.0,
227.0,
17.0,
0.0,
0.0,
1.0,
0.0,
207.0,
245.0,
77.0,
9.0,
0.0,
0.0,
0.0,
8.0,
0.0,
2.0,
0.0,
0.0,
0.0,
0.0,
0.0,
9.0,
3.0,
0.0,
0.0,
5.0,
62.0,
237.0,
255.0,
118.0,
6.0,
11.0,
3.0,
132.0,
251.0,
237.0,
32.0,
0.0,
1.0,
0.0,
0.0,
8.0,
0.0,
0.0,
0.0,
0.0,
0.0,
0.0,
0.0,
10.0,
1.0,
0.0,
0.0,
0.0,
0.0,
112.0,
230.0,
255.0,
150.0,
27.0,
130.0,
253.0,
240.0,
134.0,
0.0,
0.0,
4.0,
2.0,
0.0,
2.0,
0.0,
0.0,
0.0,
0.0,
0.0,
0.0,
7.0,
0.0,
0.0,
0.0,
15.0,
0.0,
0.0,
0.0,
130.0,
255.0,
255.0,
243.0,
255.0,
249.0,
98.0,
7.0,
0.0,
2.0,
5.0,
0.0,
0.0,
0.0,
0.0,
4.0,
0.0,
0.0,
0.0,
0.0,
0.0,
0.0,
12.0,
7.0,
0.0,
0.0,
23.0,
9.0,
0.0,
32.0,
144.0,
170.0,
140.0,
32.0,
8.0,
7.0,
0.0,
7.0,
1.0,
0.0,
0.0,
0.0,
0.0,
6.0,
0.0,
0.0,
0.0,
0.0,
5.0,
0.0,
6.0,
0.0,
0.0,
23.0,
0.0,
5.0,
1.0,
0.0,
0.0,
1.0,
0.0,
10.0,
0.0,
0.0,
0.0,
4.0,
0.0,
0.0,
6.0,
0.0,
0.0,
1.0,
0.0,
0.0,
0.0,
0.0,
0.0,
0.0,
0.0,
0.0,
0.0,
0.0,
0.0,
0.0,
0.0,
0.0,
0.0,
0.0,
0.0,
0.0,
0.0,
0.0,
0.0,
0.0,
0.0,
0.0,
0.0,
0.0,
0.0,
0.0,
0.0,
0.0,
0.0,
0.0,
0.0,
0.0,
0.0,
0.0,
0.0,
0.0,
0.0,
0.0,
0.0,
0.0,
0.0,
0.0,
0.0,
0.0,
0.0,
0.0,
0.0,
0.0,
0.0,
0.0,
0.0,
0.0,
0.0,
0.0,
0.0,
0.0,
0.0,
0.0,
0.0,
0.0,
0.0,
0.0,
0.0,
0.0,
0.0,
0.0,
0.0,
0.0,
0.0,
0.0,
0.0,
0.0,
0.0,
0.0,
0.0,
0.0,
0.0,
0.0,
0.0,
0.0,
0.0,
0.0,
0.0,
0.0,
0.0,
0.0,
0.0,
0.0,
0.0,
0.0,
0.0,
0.0,
0.0,
0.0,
0.0,
0.0,
0.0,
0.0,
0.0,
0.0,
0.0,
0.0,
0.0,
0.0,
0.0,
0.0,
0.0,
0.0,
0.0,
0.0,
0.0,
0.0,
0.0,
0.0,
