0.0,
0.0,
0.0,
0.0,
0.0,
0.0,
0.0,
0.0,
0.0,
0.0,
0.0,
0.0,
0.0,
0.0,
0.0,
0.0,
5.0,
0.0,
0.0,
0.0,
0.0,
2.0,
2.0,
0.0,
0.0,
0.0,
0.0,
0.0,
0.0,
0.0,
0.0,
0.0,
0.0,
0.0,
0.0,
0.0,
0.0,
0.0,
0.0,
0.0,
0.0,
0.0,
0.0,
0.0,
0.0,
0.0,
0.0,
3.0,
4.0,
3.0,
0.0,
0.0,
1.0,
0.0,
0.0,
0.0,
0.0,
0.0,
0.0,
0.0,
0.0,
0.0,
0.0,
0.0,
0.0,
0.0,
0.0,
0.0,
0.0,
0.0,
0.0,
0.0,
1.0,
1.0,
0.0,
0.0,
0.0,
0.0,
0.0,
1.0,
0.0,
0.0,
0.0,
0.0,
0.0,
0.0,
0.0,
0.0,
0.0,
0.0,
0.0,
0.0,
1.0,
0.0,
0.0,
0.0,
0.0,
0.0,
0.0,
0.0,
3.0,
2.0,
0.0,
0.0,
1.0,
3.0,
6.0,
8.0,
0.0,
0.0,
0.0,
0.0,
0.0,
0.0,
0.0,
0.0,
0.0,
0.0,
0.0,
0.0,
0.0,
0.0,
0.0,
0.0,
0.0,
0.0,
0.0,
0.0,
0.0,
0.0,
0.0,
0.0,
4.0,
3.0,
0.0,
0.0,
0.0,
0.0,
0.0,
0.0,
0.0,
0.0,
0.0,
0.0,
0.0,
0.0,
0.0,
0.0,
0.0,
0.0,
0.0,
0.0,
1.0,
1.0,
2.0,
2.0,
12.0,
9.0,
5.0,
1.0,
0.0,
0.0,
0.0,
0.0,
0.0,
0.0,
0.0,
0.0,
0.0,
0.0,
0.0,
0.0,
0.0,
0.0,
0.0,
0.0,
0.0,
0.0,
0.0,
0.0,
1.0,
3.0,
3.0,
4.0,
0.0,
0.0,
2.0,
1.0,
0.0,
0.0,
0.0,
7.0,
7.0,
5.0,
2.0,
0.0,
0.0,
0.0,
0.0,
0.0,
0.0,
0.0,
0.0,
0.0,
0.0,
0.0,
0.0,
0.0,
2.0,
3.0,
4.0,
5.0,
9.0,
42.0,
83.0,
107.0,
108.0,
102.0,
101.0,
104.0,
12.0,
9.0,
4.0,
0.0,
0.0,
0.0,
0.0,
0.0,
0.0,
0.0,
0.0,
0.0,
0.0,
15.0,
3.0,
0.0,
13.0,
46.0,
239.0,
255.0,
255.0,
248.0,
255.0,
249.0,
255.0,
255.0,
236.0,
255.0,
245.0,
137.0,
1.0,
0.0,
0.0,
0.0,
0.0,
0.0,
0.0,
0.0,
0.0,
0.0,
1.0,
0.0,
0.0,
16.0,
103.0,
227.0,
248.0,
255.0,
255.0,
207.0,
194.0,
212.0,
197.0,
195.0,
115.0,
102.0,
119.0,
76.0,
2.0,
0.0,
0.0,
0.0,
0.0,
0.0,
0.0,
0.0,
0.0,
0.0,
9.0,
0.0,
7.0,
82.0,
241.0,
255.0,
255.0,
197.0,
67.0,
12.0,
17.0,
2.0,
1.0,
9.0,
5.0,
4.0,
5.0,
18.0,
0.0,
3.0,
0.0,
0.0,
0.0,
0.0,
0.0,
0.0,
0.0,
0.0,
0.0,
7.0,
73.0,
246.0,
255.0,
253.0,
238.0,
15.0,
21.0,
0.0,
0.0,
6.0,
0.0,
0.0,
0.0,
11.0,
0.0,
1.0,
0.0,
0.0,
0.0,
0.0,
0.0,
0.0,
0.0,
0.0,
0.0,
0.0,
0.0,
8.0,
161.0,
255.0,
215.0,
94.0,
40.0,
100.0,
78.0,
44.0,
7.0,
0.0,
15.0,
12.0,
0.0,
3.0,
4.0,
4.0,
0.0,
0.0,
0.0,
0.0,
0.0,
0.0,
0.0,
0.0,
0.0,
0.0,
8.0,
0.0,
237.0,
255.0,
249.0,
243.0,
255.0,
249.0,
248.0,
255.0,
181.0,
46.0,
0.0,
0.0,
3.0,
0.0,
4.0,
1.0,
0.0,
2.0,
0.0,
0.0,
0.0,
0.0,
0.0,
0.0,
0.0,
0.0,
0.0,
27.0,
186.0,
255.0,
255.0,
238.0,
201.0,
165.0,
165.0,
246.0,
246.0,
205.0,
21.0,
8.0,
0.0,
0.0,
0.0,
0.0,
4.0,
0.0,
0.0,
0.0,
0.0,
0.0,
0.0,
0.0,
0.0,
0.0,
10.0,
0.0,
20.0,
0.0,
94.0,
19.0,
2.0,
0.0,
0.0,
0.0,
204.0,
255.0,
212.0,
0.0,
15.0,
0.0,
0.0,
0.0,
2.0,
0.0,
0.0,
9.0,
9.0,
0.0,
17.0,
0.0,
11.0,
0.0,
2.0,
0.0,
0.0,
2.0,
8.0,
0.0,
9.0,
0.0,
0.0,
136.0,
247.0,
254.0,
74.0,
2.0,
0.0,
2.0,
0.0,
0.0,
0.0,
0.0,
9.0,
0.0,
2.0,
0.0,
0.0,
19.0,
0.0,
18.0,
87.0,
176.0,
186.0,
70.0,
0.0,
4.0,
0.0,
5.0,
49.0,
243.0,
251.0,
196.0,
16.0,
6.0,
0.0,
5.0,
0.0,
0.0,
0.0,
0.0,
0.0,
14.0,
7.0,
0.0,
0.0,
0.0,
14.0,
221.0,
250.0,
254.0,
255.0,
212.0,
62.0,
0.0,
0.0,
88.0,
242.0,
235.0,
254.0,
43.0,
6.0,
0.0,
19.0,
0.0,
0.0,
0.0,
0.0,
0.0,
8.0,
0.0,
0.0,
11.0,
7.0,
0.0,
159.0,
249.0,
220.0,
150.0,
135.0,
255.0,
205.0,
155.0,
243.0,
236.0,
255.0,
210.0,
56.0,
0.0,
0.0,
8.0,
0.0,
6.0,
0.0,
0.0,
0.0,
0.0,
8.0,
0.0,
0.0,
0.0,
5.0,
9.0,
241.0,
250.0,
103.0,
11.0,
161.0,
253.0,
249.0,
250.0,
234.0,
254.0,
151.0,
0.0,
14.0,
0.0,
0.0,
4.0,
2.0,
6.0,
0.0,
0.0,
0.0,
0.0,
4.0,
0.0,
9.0,
12.0,
0.0,
0.0,
181.0,
249.0,
245.0,
255.0,
255.0,
206.0,
213.0,
203.0,
156.0,
21.0,
3.0,
0.0,
0.0,
8.0,
7.0,
0.0,
9.0,
0.0,
0.0,
0.0,
0.0,
0.0,
0.0,
11.0,
0.0,
0.0,
25.0,
0.0,
2.0,
105.0,
102.0,
107.0,
45.0,
0.0,
4.0,
2.0,
10.0,
0.0,
4.0,
0.0,
14.0,
11.0,
0.0,
10.0,
10.0,
0.0,
0.0,
0.0,
0.0,
0.0,
3.0,
0.0,
0.0,
6.0,
0.0,
0.0,
17.0,
0.0,
2.0,
0.0,
1.0,
10.0,
0.0,
11.0,
0.0,
0.0,
0.0,
12.0,
0.0,
0.0,
16.0,
0.0,
7.0,
0.0,
0.0,
0.0,
0.0,
0.0,
0.0,
0.0,
0.0,
0.0,
0.0,
0.0,
0.0,
0.0,
0.0,
0.0,
0.0,
0.0,
0.0,
0.0,
0.0,
0.0,
0.0,
0.0,
0.0,
0.0,
0.0,
0.0,
0.0,
0.0,
0.0,
0.0,
0.0,
0.0,
0.0,
0.0,
0.0,
0.0,
0.0,
0.0,
0.0,
0.0,
0.0,
0.0,
0.0,
0.0,
0.0,
0.0,
0.0,
0.0,
0.0,
0.0,
0.0,
0.0,
0.0,
0.0,
0.0,
0.0,
0.0,
0.0,
0.0,
0.0,
0.0,
0.0,
0.0,
0.0,
0.0,
0.0,
0.0,
0.0,
0.0,
0.0,
0.0,
0.0,
0.0,
0.0,
0.0,
0.0,
0.0,
0.0,
0.0,
0.0,
0.0,
0.0,
0.0,
0.0,
0.0,
0.0,
0.0,
0.0,
0.0,
0.0,
0.0,
0.0,
0.0,
0.0,
0.0,
0.0,
0.0,
0.0,
0.0,
0.0,
0.0,
0.0,
0.0,
0.0,
0.0,
0.0,
0.0,
0.0,
0.0,
0.0,
0.0,
0.0,
0.0,
0.0,
0.0,
0.0,
