0.0,
0.0,
0.0,
0.0,
0.0,
0.0,
0.0,
0.0,
2.0,
0.0,
0.0,
1.0,
0.0,
0.0,
0.0,
3.0,
0.0,
8.0,
0.0,
2.0,
0.0,
0.0,
4.0,
0.0,
0.0,
0.0,
0.0,
0.0,
0.0,
0.0,
0.0,
0.0,
0.0,
0.0,
0.0,
0.0,
0.0,
17.0,
9.0,
0.0,
0.0,
3.0,
0.0,
1.0,
0.0,
0.0,
0.0,
0.0,
1.0,
0.0,
3.0,
4.0,
0.0,
0.0,
0.0,
0.0,
0.0,
0.0,
0.0,
0.0,
0.0,
0.0,
0.0,
0.0,
0.0,
0.0,
0.0,
5.0,
12.0,
4.0,
0.0,
1.0,
9.0,
0.0,
3.0,
3.0,
2.0,
0.0,
0.0,
0.0,
0.0,
0.0,
0.0,
0.0,
0.0,
0.0,
0.0,
0.0,
0.0,
0.0,
0.0,
0.0,
23.0,
0.0,
0.0,
6.0,
0.0,
0.0,
9.0,
0.0,
0.0,
0.0,
10.0,
3.0,
0.0,
0.0,
0.0,
5.0,
0.0,
0.0,
0.0,
0.0,
0.0,
0.0,
0.0,
0.0,
0.0,
0.0,
0.0,
0.0,
0.0,
6.0,
0.0,
0.0,
0.0,
0.0,
2.0,
5.0,
0.0,
0.0,
3.0,
0.0,
0.0,
3.0,
1.0,
3.0,
0.0,
0.0,
0.0,
0.0,
0.0,
0.0,
0.0,
0.0,
0.0,
0.0,
0.0,
0.0,
90.0,
230.0,
154.0,
8.0,
0.0,
12.0,
4.0,
0.0,
8.0,
1.0,
0.0,
2.0,
9.0,
0.0,
2.0,
0.0,
0.0,
0.0,
0.0,
0.0,
0.0,
0.0,
0.0,
0.0,
0.0,
0.0,
0.0,
0.0,
195.0,
255.0,
243.0,
238.0,
220.0,
115.0,
78.0,
115.0,
72.0,
70.0,
51.0,
93.0,
70.0,
0.0,
1.0,
4.0,
0.0,
0.0,
0.0,
0.0,
0.0,
0.0,
0.0,
0.0,
0.0,
0.0,
0.0,
0.0,
198.0,
238.0,
250.0,
255.0,
255.0,
243.0,
255.0,
248.0,
246.0,
250.0,
225.0,
255.0,
168.0,
3.0,
0.0,
0.0,
0.0,
0.0,
0.0,
0.0,
0.0,
0.0,
0.0,
0.0,
0.0,
0.0,
0.0,
0.0,
197.0,
255.0,
244.0,
234.0,
223.0,
255.0,
255.0,
254.0,
252.0,
255.0,
254.0,
196.0,
57.0,
8.0,
0.0,
5.0,
0.0,
0.0,
0.0,
0.0,
0.0,
0.0,
0.0,
0.0,
0.0,
0.0,
0.0,
0.0,
190.0,
255.0,
136.0,
54.0,
48.0,
71.0,
74.0,
81.0,
85.0,
80.0,
90.0,
0.0,
1.0,
0.0,
10.0,
0.0,
0.0,
0.0,
0.0,
0.0,
0.0,
0.0,
0.0,
0.0,
0.0,
0.0,
0.0,
0.0,
196.0,
254.0,
114.0,
0.0,
0.0,
0.0,
30.0,
0.0,
0.0,
0.0,
0.0,
6.0,
6.0,
6.0,
0.0,
12.0,
0.0,
0.0,
0.0,
0.0,
0.0,
0.0,
0.0,
0.0,
0.0,
0.0,
0.0,
0.0,
201.0,
206.0,
0.0,
0.0,
0.0,
10.0,
0.0,
8.0,
0.0,
16.0,
0.0,
0.0,
0.0,
0.0,
10.0,
4.0,
0.0,
0.0,
0.0,
0.0,
0.0,
0.0,
0.0,
0.0,
0.0,
0.0,
0.0,
0.0,
126.0,
250.0,
97.0,
1.0,
179.0,
255.0,
242.0,
237.0,
240.0,
241.0,
111.0,
124.0,
16.0,
5.0,
0.0,
0.0,
0.0,
0.0,
0.0,
0.0,
0.0,
0.0,
0.0,
0.0,
0.0,
0.0,
0.0,
0.0,
44.0,
255.0,
254.0,
219.0,
253.0,
255.0,
243.0,
255.0,
255.0,
255.0,
245.0,
245.0,
165.0,
0.0,
4.0,
9.0,
0.0,
0.0,
0.0,
0.0,
0.0,
0.0,
0.0,
0.0,
0.0,
0.0,
0.0,
0.0,
69.0,
240.0,
255.0,
255.0,
222.0,
184.0,
147.0,
30.0,
63.0,
165.0,
191.0,
255.0,
221.0,
104.0,
0.0,
0.0,
0.0,
0.0,
0.0,
0.0,
0.0,
0.0,
0.0,
0.0,
0.0,
0.0,
0.0,
0.0,
41.0,
255.0,
240.0,
255.0,
36.0,
1.0,
8.0,
3.0,
0.0,
8.0,
0.0,
146.0,
255.0,
193.0,
0.0,
7.0,
0.0,
0.0,
0.0,
0.0,
0.0,
0.0,
0.0,
0.0,
0.0,
0.0,
0.0,
0.0,
69.0,
243.0,
255.0,
242.0,
9.0,
0.0,
5.0,
0.0,
0.0,
0.0,
4.0,
109.0,
255.0,
193.0,
0.0,
0.0,
0.0,
0.0,
0.0,
0.0,
0.0,
0.0,
0.0,
0.0,
0.0,
0.0,
0.0,
0.0,
43.0,
254.0,
246.0,
131.0,
0.0,
6.0,
3.0,
0.0,
11.0,
0.0,
5.0,
103.0,
249.0,
188.0,
0.0,
10.0,
0.0,
0.0,
0.0,
0.0,
0.0,
0.0,
0.0,
0.0,
0.0,
0.0,
0.0,
0.0,
2.0,
94.0,
70.0,
2.0,
0.0,
7.0,
0.0,
0.0,
0.0,
0.0,
3.0,
111.0,
245.0,
200.0,
3.0,
0.0,
0.0,
0.0,
0.0,
0.0,
0.0,
0.0,
0.0,
0.0,
0.0,
0.0,
0.0,
0.0,
0.0,
0.0,
0.0,
0.0,
7.0,
0.0,
0.0,
11.0,
14.0,
3.0,
47.0,
233.0,
243.0,
205.0,
0.0,
0.0,
0.0,
0.0,
0.0,
0.0,
0.0,
0.0,
0.0,
0.0,
0.0,
0.0,
0.0,
0.0,
1.0,
10.0,
2.0,
5.0,
4.0,
11.0,
14.0,
0.0,
0.0,
0.0,
181.0,
251.0,
231.0,
59.0,
0.0,
2.0,
0.0,
0.0,
0.0,
0.0,
0.0,
0.0,
0.0,
0.0,
0.0,
0.0,
0.0,
0.0,
0.0,
0.0,
0.0,
2.0,
0.0,
0.0,
0.0,
11.0,
11.0,
135.0,
255.0,
244.0,
74.0,
0.0,
0.0,
5.0,
0.0,
0.0,
0.0,
0.0,
0.0,
0.0,
0.0,
0.0,
0.0,
0.0,
0.0,
0.0,
1.0,
6.0,
121.0,
82.0,
1.0,
7.0,
43.0,
146.0,
175.0,
255.0,
240.0,
145.0,
14.0,
0.0,
13.0,
0.0,
0.0,
0.0,
0.0,
0.0,
0.0,
0.0,
0.0,
0.0,
0.0,
0.0,
0.0,
0.0,
8.0,
39.0,
255.0,
138.0,
22.0,
148.0,
225.0,
255.0,
255.0,
222.0,
47.0,
6.0,
4.0,
0.0,
0.0,
0.0,
0.0,
0.0,
0.0,
0.0,
0.0,
0.0,
0.0,
0.0,
0.0,
0.0,
0.0,
0.0,
17.0,
166.0,
255.0,
255.0,
253.0,
255.0,
253.0,
255.0,
137.0,
16.0,
0.0,
7.0,
2.0,
0.0,
7.0,
0.0,
0.0,
0.0,
0.0,
0.0,
0.0,
0.0,
0.0,
0.0,
0.0,
0.0,
0.0,
0.0,
0.0,
7.0,
2.0,
0.0,
1.0,
0.0,
0.0,
5.0,
19.0,
0.0,
5.0,
15.0,
0.0,
0.0,
8.0,
0.0,
0.0,
0.0,
0.0,
0.0,
0.0,
0.0,
0.0,
0.0,
0.0,
0.0,
0.0,
0.0,
10.0,
6.0,
0.0,
0.0,
18.0,
5.0,
0.0,
3.0,
0.0,
0.0,
6.0,
2.0,
0.0,
0.0,
7.0,
0.0,
0.0,
0.0,
0.0,
0.0,
0.0,
0.0,
0.0,
0.0,
0.0,
0.0,
0.0,
0.0,
0.0,
4.0,
0.0,
0.0,
0.0,
0.0,
0.0,
5.0,
13.0,
1.0,
0.0,
0.0,
5.0,
3.0,
0.0,
0.0,
0.0,
0.0,
0.0,
0.0,
