0.0,
0.0,
0.0,
0.0,
0.0,
0.0,
0.0,
0.0,
8.0,
2.0,
0.0,
19.0,
11.0,
0.0,
15.0,
0.0,
0.0,
0.0,
3.0,
15.0,
5.0,
0.0,
0.0,
9.0,
0.0,
0.0,
0.0,
0.0,
0.0,
0.0,
0.0,
0.0,
0.0,
0.0,
0.0,
0.0,
0.0,
0.0,
14.0,
0.0,
0.0,
16.0,
0.0,
16.0,
10.0,
7.0,
0.0,
0.0,
0.0,
7.0,
19.0,
0.0,
0.0,
0.0,
0.0,
0.0,
0.0,
0.0,
0.0,
0.0,
0.0,
0.0,
0.0,
0.0,
8.0,
0.0,
0.0,
0.0,
0.0,
0.0,
5.0,
0.0,
0.0,
15.0,
0.0,
7.0,
18.0,
0.0,
0.0,
19.0,
0.0,
0.0,
0.0,
0.0,
0.0,
0.0,
0.0,
0.0,
0.0,
0.0,
0.0,
0.0,
1.0,
4.0,
13.0,
10.0,
5.0,
0.0,
97.0,
71.0,
146.0,
255.0,
206.0,
31.0,
0.0,
15.0,
0.0,
0.0,
0.0,
0.0,
0.0,
0.0,
0.0,
0.0,
0.0,
0.0,
0.0,
0.0,
0.0,
0.0,
0.0,
0.0,
0.0,
8.0,
43.0,
170.0,
243.0,
255.0,
255.0,
240.0,
243.0,
85.0,
0.0,
0.0,
7.0,
8.0,
0.0,
0.0,
0.0,
0.0,
0.0,
0.0,
0.0,
0.0,
0.0,
0.0,
0.0,
0.0,
13.0,
0.0,
37.0,
85.0,
255.0,
241.0,
255.0,
236.0,
254.0,
255.0,
255.0,
88.0,
5.0,
2.0,
5.0,
0.0,
0.0,
0.0,
0.0,
0.0,
0.0,
0.0,
0.0,
0.0,
0.0,
0.0,
0.0,
0.0,
0.0,
14.0,
82.0,
226.0,
255.0,
253.0,
250.0,
255.0,
236.0,
255.0,
176.0,
30.0,
0.0,
5.0,
0.0,
7.0,
0.0,
0.0,
0.0,
0.0,
0.0,
0.0,
0.0,
0.0,
0.0,
0.0,
0.0,
0.0,
1.0,
0.0,
255.0,
255.0,
247.0,
249.0,
227.0,
165.0,
178.0,
157.0,
6.0,
2.0,
4.0,
1.0,
0.0,
2.0,
0.0,
0.0,
0.0,
0.0,
4.0,
1.0,
0.0,
0.0,
1.0,
6.0,
5.0,
0.0,
0.0,
9.0,
246.0,
252.0,
198.0,
86.0,
51.0,
0.0,
2.0,
0.0,
0.0,
3.0,
2.0,
0.0,
0.0,
3.0,
0.0,
0.0,
0.0,
0.0,
0.0,
0.0,
0.0,
1.0,
3.0,
4.0,
3.0,
1.0,
0.0,
168.0,
251.0,
255.0,
189.0,
83.0,
98.0,
87.0,
54.0,
4.0,
5.0,
8.0,
0.0,
4.0,
0.0,
8.0,
0.0,
0.0,
0.0,
0.0,
0.0,
1.0,
1.0,
1.0,
0.0,
0.0,
0.0,
0.0,
0.0,
175.0,
245.0,
254.0,
255.0,
255.0,
240.0,
241.0,
215.0,
166.0,
11.0,
0.0,
27.0,
0.0,
0.0,
3.0,
0.0,
0.0,
0.0,
0.0,
5.0,
1.0,
0.0,
0.0,
0.0,
0.0,
0.0,
1.0,
15.0,
162.0,
255.0,
254.0,
250.0,
235.0,
255.0,
247.0,
255.0,
255.0,
252.0,
133.0,
49.0,
14.0,
6.0,
12.0,
0.0,
0.0,
0.0,
0.0,
1.0,
0.0,
0.0,
3.0,
7.0,
5.0,
2.0,
3.0,
0.0,
66.0,
252.0,
255.0,
253.0,
240.0,
255.0,
243.0,
255.0,
228.0,
251.0,
255.0,
177.0,
0.0,
6.0,
0.0,
0.0,
0.0,
0.0,
0.0,
0.0,
0.0,
0.0,
6.0,
6.0,
0.0,
0.0,
0.0,
4.0,
0.0,
160.0,
158.0,
170.0,
197.0,
94.0,
128.0,
155.0,
171.0,
255.0,
242.0,
171.0,
8.0,
0.0,
16.0,
0.0,
0.0,
0.0,
0.0,
3.0,
0.0,
1.0,
3.0,
0.0,
0.0,
0.0,
16.0,
2.0,
3.0,
0.0,
11.0,
0.0,
0.0,
0.0,
5.0,
5.0,
11.0,
128.0,
247.0,
170.0,
0.0,
17.0,
0.0,
0.0,
0.0,
0.0,
0.0,
2.0,
0.0,
0.0,
0.0,
0.0,
4.0,
37.0,
73.0,
43.0,
6.0,
0.0,
3.0,
0.0,
6.0,
12.0,
0.0,
2.0,
0.0,
62.0,
233.0,
251.0,
87.0,
0.0,
0.0,
0.0,
0.0,
0.0,
0.0,
0.0,
0.0,
7.0,
7.0,
0.0,
0.0,
88.0,
248.0,
168.0,
1.0,
0.0,
0.0,
4.0,
8.0,
0.0,
1.0,
6.0,
0.0,
0.0,
182.0,
240.0,
81.0,
0.0,
3.0,
0.0,
0.0,
0.0,
0.0,
9.0,
0.0,
0.0,
0.0,
0.0,
1.0,
87.0,
253.0,
253.0,
129.0,
0.0,
15.0,
0.0,
0.0,
17.0,
5.0,
15.0,
0.0,
86.0,
254.0,
180.0,
1.0,
14.0,
0.0,
0.0,
0.0,
0.0,
0.0,
4.0,
0.0,
0.0,
0.0,
6.0,
0.0,
78.0,
254.0,
255.0,
255.0,
167.0,
175.0,
89.0,
0.0,
15.0,
0.0,
43.0,
168.0,
202.0,
232.0,
177.0,
0.0,
0.0,
5.0,
0.0,
0.0,
0.0,
0.0,
0.0,
1.0,
2.0,
3.0,
8.0,
0.0,
82.0,
255.0,
239.0,
249.0,
246.0,
252.0,
255.0,
245.0,
255.0,
254.0,
253.0,
255.0,
251.0,
246.0,
183.0,
3.0,
0.0,
10.0,
0.0,
0.0,
0.0,
0.0,
2.0,
3.0,
0.0,
0.0,
1.0,
0.0,
77.0,
236.0,
255.0,
253.0,
252.0,
232.0,
255.0,
255.0,
250.0,
239.0,
255.0,
234.0,
255.0,
252.0,
147.0,
13.0,
0.0,
0.0,
0.0,
0.0,
0.0,
0.0,
6.0,
0.0,
0.0,
0.0,
2.0,
0.0,
26.0,
109.0,
199.0,
250.0,
249.0,
255.0,
245.0,
240.0,
250.0,
255.0,
255.0,
252.0,
203.0,
57.0,
15.0,
0.0,
0.0,
22.0,
0.0,
0.0,
0.0,
0.0,
1.0,
0.0,
3.0,
1.0,
1.0,
0.0,
0.0,
4.0,
22.0,
91.0,
147.0,
240.0,
255.0,
255.0,
255.0,
243.0,
245.0,
145.0,
60.0,
0.0,
0.0,
1.0,
0.0,
0.0,
0.0,
0.0,
0.0,
0.0,
1.0,
0.0,
9.0,
0.0,
0.0,
3.0,
1.0,
0.0,
10.0,
0.0,
5.0,
0.0,
3.0,
0.0,
0.0,
2.0,
1.0,
0.0,
0.0,
3.0,
0.0,
0.0,
4.0,
3.0,
0.0,
0.0,
0.0,
0.0,
0.0,
0.0,
0.0,
0.0,
0.0,
0.0,
0.0,
0.0,
0.0,
0.0,
0.0,
0.0,
0.0,
0.0,
0.0,
0.0,
0.0,
0.0,
0.0,
0.0,
0.0,
0.0,
0.0,
0.0,
0.0,
0.0,
0.0,
0.0,
0.0,
0.0,
0.0,
0.0,
0.0,
0.0,
0.0,
0.0,
0.0,
0.0,
0.0,
0.0,
0.0,
0.0,
0.0,
0.0,
0.0,
0.0,
0.0,
0.0,
0.0,
0.0,
0.0,
0.0,
0.0,
0.0,
0.0,
0.0,
0.0,
0.0,
0.0,
0.0,
0.0,
0.0,
0.0,
0.0,
0.0,
0.0,
0.0,
0.0,
0.0,
0.0,
0.0,
0.0,
0.0,
0.0,
0.0,
0.0,
0.0,
0.0,
0.0,
0.0,
0.0,
0.0,
0.0,
0.0,
0.0,
0.0,
0.0,
0.0,
0.0,
0.0,
0.0,
0.0,
0.0,
0.0,
0.0,
0.0,
0.0,
0.0,
0.0,
0.0,
0.0,
0.0,
0.0,
0.0,
0.0,
0.0,
0.0,
0.0,
0.0,
0.0,
0.0,
0.0,
