0.0,
0.0,
0.0,
0.0,
0.0,
0.0,
0.0,
0.0,
7.0,
0.0,
4.0,
0.0,
0.0,
3.0,
0.0,
0.0,
6.0,
0.0,
13.0,
0.0,
1.0,
0.0,
8.0,
0.0,
0.0,
0.0,
0.0,
0.0,
0.0,
0.0,
0.0,
0.0,
0.0,
0.0,
0.0,
0.0,
0.0,
0.0,
7.0,
15.0,
9.0,
0.0,
0.0,
5.0,
0.0,
0.0,
0.0,
0.0,
3.0,
0.0,
15.0,
2.0,
0.0,
0.0,
0.0,
0.0,
0.0,
0.0,
0.0,
0.0,
0.0,
0.0,
0.0,
0.0,
11.0,
6.0,
0.0,
0.0,
0.0,
0.0,
0.0,
13.0,
2.0,
2.0,
0.0,
4.0,
14.0,
0.0,
4.0,
0.0,
0.0,
0.0,
0.0,
0.0,
0.0,
0.0,
0.0,
0.0,
0.0,
0.0,
0.0,
0.0,
1.0,
5.0,
0.0,
6.0,
1.0,
7.0,
1.0,
0.0,
2.0,
0.0,
2.0,
0.0,
0.0,
0.0,
0.0,
16.0,
0.0,
0.0,
0.0,
0.0,
0.0,
0.0,
0.0,
0.0,
0.0,
0.0,
0.0,
0.0,
0.0,
13.0,
79.0,
204.0,
242.0,
255.0,
255.0,
253.0,
253.0,
248.0,
252.0,
193.0,
143.0,
100.0,
7.0,
0.0,
0.0,
0.0,
0.0,
0.0,
0.0,
0.0,
0.0,
0.0,
0.0,
0.0,
0.0,
0.0,
6.0,
13.0,
89.0,
254.0,
255.0,
245.0,
252.0,
250.0,
252.0,
255.0,
255.0,
254.0,
255.0,
244.0,
92.0,
8.0,
0.0,
0.0,
0.0,
0.0,
0.0,
0.0,
0.0,
0.0,
0.0,
0.0,
0.0,
0.0,
1.0,
0.0,
64.0,
246.0,
249.0,
252.0,
255.0,
239.0,
229.0,
255.0,
234.0,
233.0,
255.0,
255.0,
129.0,
4.0,
0.0,
0.0,
0.0,
0.0,
0.0,
0.0,
0.0,
0.0,
0.0,
0.0,
0.0,
0.0,
2.0,
0.0,
77.0,
254.0,
250.0,
255.0,
230.0,
125.0,
137.0,
255.0,
246.0,
255.0,
255.0,
222.0,
123.0,
0.0,
0.0,
0.0,
0.0,
0.0,
0.0,
0.0,
0.0,
0.0,
0.0,
0.0,
0.0,
0.0,
1.0,
2.0,
111.0,
250.0,
236.0,
129.0,
127.0,
119.0,
72.0,
4.0,
25.0,
50.0,
29.0,
17.0,
2.0,
3.0,
0.0,
0.0,
0.0,
0.0,
0.0,
0.0,
0.0,
0.0,
0.0,
0.0,
0.0,
0.0,
0.0,
0.0,
97.0,
252.0,
235.0,
37.0,
0.0,
0.0,
7.0,
14.0,
0.0,
0.0,
18.0,
0.0,
12.0,
0.0,
0.0,
0.0,
0.0,
0.0,
0.0,
0.0,
0.0,
0.0,
0.0,
0.0,
0.0,
0.0,
0.0,
20.0,
118.0,
251.0,
236.0,
12.0,
0.0,
15.0,
0.0,
2.0,
0.0,
0.0,
0.0,
14.0,
0.0,
0.0,
0.0,
0.0,
0.0,
0.0,
0.0,
0.0,
0.0,
0.0,
0.0,
0.0,
0.0,
0.0,
0.0,
5.0,
148.0,
242.0,
235.0,
71.0,
53.0,
54.0,
75.0,
44.0,
69.0,
16.0,
4.0,
0.0,
0.0,
12.0,
0.0,
0.0,
0.0,
0.0,
0.0,
0.0,
0.0,
0.0,
0.0,
0.0,
0.0,
0.0,
23.0,
4.0,
180.0,
240.0,
255.0,
232.0,
255.0,
255.0,
253.0,
251.0,
255.0,
190.0,
175.0,
0.0,
7.0,
6.0,
0.0,
0.0,
0.0,
0.0,
0.0,
0.0,
0.0,
0.0,
0.0,
0.0,
0.0,
0.0,
0.0,
0.0,
215.0,
255.0,
252.0,
250.0,
253.0,
255.0,
244.0,
255.0,
254.0,
254.0,
254.0,
113.0,
0.0,
0.0,
0.0,
0.0,
0.0,
0.0,
0.0,
0.0,
0.0,
0.0,
0.0,
0.0,
0.0,
0.0,
0.0,
31.0,
241.0,
255.0,
247.0,
255.0,
247.0,
251.0,
255.0,
251.0,
244.0,
255.0,
252.0,
246.0,
78.0,
13.0,
0.0,
0.0,
0.0,
0.0,
0.0,
0.0,
0.0,
0.0,
0.0,
0.0,
0.0,
0.0,
0.0,
60.0,
228.0,
252.0,
246.0,
249.0,
182.0,
127.0,
105.0,
115.0,
201.0,
237.0,
255.0,
252.0,
210.0,
0.0,
0.0,
0.0,
0.0,
0.0,
0.0,
5.0,
6.0,
0.0,
0.0,
7.0,
3.0,
6.0,
0.0,
5.0,
207.0,
253.0,
213.0,
63.0,
3.0,
2.0,
15.0,
0.0,
1.0,
63.0,
235.0,
255.0,
170.0,
0.0,
0.0,
0.0,
0.0,
0.0,
3.0,
0.0,
4.0,
5.0,
6.0,
2.0,
0.0,
0.0,
0.0,
0.0,
52.0,
106.0,
51.0,
10.0,
0.0,
0.0,
0.0,
3.0,
3.0,
12.0,
166.0,
252.0,
220.0,
0.0,
0.0,
0.0,
0.0,
0.0,
5.0,
0.0,
0.0,
5.0,
0.0,
0.0,
5.0,
10.0,
8.0,
0.0,
0.0,
10.0,
0.0,
0.0,
11.0,
12.0,
6.0,
2.0,
0.0,
54.0,
190.0,
247.0,
226.0,
3.0,
0.0,
0.0,
0.0,
0.0,
0.0,
5.0,
10.0,
7.0,
0.0,
0.0,
2.0,
0.0,
0.0,
0.0,
0.0,
0.0,
11.0,
0.0,
3.0,
0.0,
0.0,
64.0,
122.0,
200.0,
255.0,
254.0,
165.0,
0.0,
0.0,
0.0,
0.0,
0.0,
0.0,
8.0,
0.0,
0.0,
14.0,
57.0,
99.0,
88.0,
126.0,
129.0,
141.0,
165.0,
162.0,
181.0,
165.0,
176.0,
196.0,
240.0,
245.0,
255.0,
239.0,
198.0,
64.0,
4.0,
0.0,
0.0,
0.0,
0.0,
0.0,
3.0,
0.0,
45.0,
143.0,
210.0,
255.0,
254.0,
255.0,
245.0,
255.0,
253.0,
254.0,
255.0,
251.0,
248.0,
245.0,
255.0,
245.0,
245.0,
170.0,
108.0,
0.0,
7.0,
0.0,
0.0,
0.0,
0.0,
0.0,
4.0,
14.0,
145.0,
255.0,
255.0,
251.0,
253.0,
253.0,
243.0,
255.0,
250.0,
248.0,
243.0,
255.0,
242.0,
238.0,
255.0,
223.0,
131.0,
31.0,
15.0,
0.0,
8.0,
0.0,
0.0,
0.0,
0.0,
5.0,
0.0,
0.0,
143.0,
251.0,
187.0,
160.0,
197.0,
242.0,
255.0,
223.0,
244.0,
145.0,
157.0,
168.0,
130.0,
159.0,
103.0,
25.0,
3.0,
0.0,
0.0,
7.0,
0.0,
0.0,
0.0,
0.0,
0.0,
0.0,
0.0,
0.0,
0.0,
0.0,
0.0,
0.0,
0.0,
0.0,
0.0,
0.0,
0.0,
0.0,
0.0,
0.0,
0.0,
0.0,
0.0,
0.0,
0.0,
0.0,
0.0,
0.0,
0.0,
0.0,
0.0,
0.0,
0.0,
0.0,
0.0,
0.0,
0.0,
0.0,
0.0,
0.0,
0.0,
0.0,
0.0,
0.0,
0.0,
0.0,
0.0,
0.0,
0.0,
0.0,
0.0,
0.0,
0.0,
0.0,
0.0,
0.0,
0.0,
0.0,
0.0,
0.0,
0.0,
0.0,
0.0,
0.0,
0.0,
0.0,
0.0,
0.0,
0.0,
0.0,
0.0,
0.0,
0.0,
0.0,
0.0,
0.0,
0.0,
0.0,
0.0,
0.0,
0.0,
0.0,
0.0,
0.0,
0.0,
0.0,
0.0,
0.0,
0.0,
0.0,
0.0,
0.0,
0.0,
0.0,
0.0,
0.0,
0.0,
0.0,
0.0,
0.0,
0.0,
0.0,
0.0,
0.0,
0.0,
0.0,
0.0,
0.0,
0.0,
0.0,
0.0,
0.0,
0.0,
0.0,
0.0,
0.0,
0.0,
