0.0,
0.0,
0.0,
0.0,
0.0,
0.0,
0.0,
0.0,
9.0,
0.0,
9.0,
0.0,
0.0,
16.0,
0.0,
0.0,
0.0,
0.0,
1.0,
0.0,
1.0,
8.0,
0.0,
0.0,
0.0,
0.0,
0.0,
0.0,
0.0,
0.0,
0.0,
0.0,
0.0,
0.0,
0.0,
0.0,
0.0,
0.0,
0.0,
2.0,
11.0,
0.0,
7.0,
0.0,
0.0,
11.0,
0.0,
0.0,
11.0,
0.0,
0.0,
20.0,
0.0,
0.0,
0.0,
0.0,
0.0,
0.0,
0.0,
0.0,
0.0,
0.0,
0.0,
0.0,
4.0,
15.0,
0.0,
9.0,
13.0,
0.0,
2.0,
0.0,
8.0,
0.0,
0.0,
5.0,
0.0,
0.0,
20.0,
0.0,
0.0,
0.0,
0.0,
0.0,
0.0,
0.0,
0.0,
0.0,
0.0,
0.0,
0.0,
0.0,
6.0,
1.0,
0.0,
1.0,
0.0,
12.0,
0.0,
9.0,
2.0,
73.0,
187.0,
239.0,
117.0,
0.0,
5.0,
16.0,
0.0,
0.0,
0.0,
0.0,
0.0,
0.0,
0.0,
0.0,
0.0,
0.0,
0.0,
0.0,
0.0,
0.0,
8.0,
5.0,
0.0,
2.0,
30.0,
111.0,
186.0,
255.0,
250.0,
213.0,
157.0,
15.0,
0.0,
0.0,
0.0,
0.0,
0.0,
0.0,
0.0,
0.0,
0.0,
0.0,
0.0,
0.0,
0.0,
0.0,
4.0,
0.0,
13.0,
0.0,
4.0,
2.0,
162.0,
253.0,
255.0,
223.0,
116.0,
22.0,
26.0,
0.0,
0.0,
0.0,
0.0,
0.0,
0.0,
0.0,
0.0,
0.0,
0.0,
0.0,
0.0,
0.0,
0.0,
0.0,
0.0,
0.0,
0.0,
0.0,
8.0,
88.0,
236.0,
254.0,
118.0,
12.0,
0.0,
14.0,
37.0,
0.0,
12.0,
8.0,
0.0,
0.0,
0.0,
0.0,
0.0,
0.0,
0.0,
0.0,
0.0,
0.0,
0.0,
0.0,
0.0,
3.0,
5.0,
0.0,
33.0,
231.0,
244.0,
163.0,
0.0,
0.0,
20.0,
0.0,
7.0,
0.0,
7.0,
0.0,
0.0,
0.0,
0.0,
0.0,
0.0,
0.0,
0.0,
0.0,
0.0,
0.0,
0.0,
0.0,
5.0,
4.0,
0.0,
7.0,
63.0,
249.0,
252.0,
108.0,
8.0,
0.0,
14.0,
0.0,
6.0,
7.0,
0.0,
1.0,
0.0,
0.0,
0.0,
0.0,
0.0,
0.0,
0.0,
0.0,
0.0,
0.0,
0.0,
0.0,
0.0,
9.0,
0.0,
6.0,
49.0,
255.0,
243.0,
165.0,
7.0,
16.0,
0.0,
1.0,
0.0,
4.0,
0.0,
6.0,
0.0,
0.0,
0.0,
0.0,
0.0,
0.0,
0.0,
0.0,
0.0,
0.0,
0.0,
0.0,
0.0,
5.0,
4.0,
4.0,
25.0,
211.0,
255.0,
228.0,
114.0,
0.0,
14.0,
0.0,
0.0,
2.0,
8.0,
0.0,
0.0,
0.0,
0.0,
0.0,
0.0,
0.0,
0.0,
0.0,
0.0,
0.0,
0.0,
0.0,
3.0,
0.0,
0.0,
3.0,
3.0,
86.0,
255.0,
255.0,
231.0,
39.0,
11.0,
0.0,
6.0,
0.0,
3.0,
0.0,
0.0,
0.0,
0.0,
0.0,
0.0,
0.0,
0.0,
0.0,
0.0,
0.0,
0.0,
0.0,
5.0,
1.0,
0.0,
0.0,
0.0,
0.0,
176.0,
255.0,
252.0,
184.0,
0.0,
0.0,
13.0,
0.0,
0.0,
6.0,
0.0,
0.0,
0.0,
0.0,
0.0,
0.0,
0.0,
0.0,
0.0,
0.0,
0.0,
0.0,
0.0,
10.0,
0.0,
0.0,
0.0,
0.0,
41.0,
205.0,
255.0,
253.0,
94.0,
0.0,
0.0,
0.0,
0.0,
4.0,
0.0,
0.0,
0.0,
0.0,
0.0,
0.0,
0.0,
0.0,
0.0,
0.0,
0.0,
0.0,
0.0,
3.0,
2.0,
2.0,
0.0,
6.0,
0.0,
99.0,
254.0,
242.0,
229.0,
4.0,
0.0,
0.0,
5.0,
0.0,
0.0,
0.0,
0.0,
0.0,
0.0,
0.0,
0.0,
0.0,
0.0,
0.0,
0.0,
0.0,
5.0,
0.0,
1.0,
7.0,
0.0,
0.0,
18.0,
4.0,
208.0,
255.0,
238.0,
19.0,
6.0,
2.0,
0.0,
1.0,
0.0,
0.0,
0.0,
0.0,
0.0,
6.0,
6.0,
2.0,
0.0,
0.0,
5.0,
0.0,
0.0,
18.0,
0.0,
1.0,
3.0,
0.0,
12.0,
4.0,
162.0,
250.0,
250.0,
135.0,
0.0,
0.0,
5.0,
0.0,
0.0,
0.0,
0.0,
0.0,
8.0,
0.0,
0.0,
16.0,
4.0,
12.0,
156.0,
0.0,
3.0,
0.0,
5.0,
0.0,
10.0,
21.0,
0.0,
0.0,
186.0,
251.0,
251.0,
51.0,
1.0,
0.0,
15.0,
0.0,
0.0,
0.0,
0.0,
0.0,
0.0,
0.0,
24.0,
0.0,
39.0,
246.0,
248.0,
135.0,
7.0,
0.0,
0.0,
0.0,
0.0,
0.0,
0.0,
32.0,
227.0,
241.0,
255.0,
0.0,
0.0,
24.0,
0.0,
6.0,
0.0,
0.0,
0.0,
0.0,
7.0,
5.0,
0.0,
2.0,
69.0,
247.0,
254.0,
255.0,
229.0,
59.0,
24.0,
0.0,
0.0,
21.0,
32.0,
199.0,
255.0,
255.0,
167.0,
10.0,
2.0,
0.0,
5.0,
0.0,
0.0,
0.0,
0.0,
0.0,
0.0,
0.0,
8.0,
2.0,
0.0,
91.0,
250.0,
251.0,
245.0,
255.0,
211.0,
173.0,
172.0,
200.0,
246.0,
255.0,
255.0,
185.0,
33.0,
0.0,
3.0,
0.0,
19.0,
0.0,
0.0,
0.0,
0.0,
0.0,
0.0,
1.0,
3.0,
0.0,
22.0,
16.0,
26.0,
222.0,
249.0,
252.0,
255.0,
244.0,
246.0,
255.0,
239.0,
251.0,
157.0,
27.0,
0.0,
0.0,
3.0,
11.0,
0.0,
7.0,
0.0,
0.0,
0.0,
0.0,
4.0,
5.0,
2.0,
12.0,
0.0,
0.0,
0.0,
26.0,
39.0,
94.0,
131.0,
201.0,
255.0,
243.0,
172.0,
77.0,
22.0,
0.0,
0.0,
11.0,
9.0,
0.0,
9.0,
0.0,
0.0,
0.0,
0.0,
0.0,
0.0,
0.0,
7.0,
0.0,
16.0,
0.0,
15.0,
0.0,
1.0,
0.0,
9.0,
0.0,
1.0,
2.0,
0.0,
6.0,
0.0,
6.0,
2.0,
5.0,
0.0,
11.0,
0.0,
1.0,
0.0,
0.0,
0.0,
0.0,
0.0,
0.0,
0.0,
0.0,
0.0,
0.0,
0.0,
0.0,
0.0,
0.0,
0.0,
0.0,
0.0,
0.0,
0.0,
0.0,
0.0,
0.0,
0.0,
0.0,
0.0,
0.0,
0.0,
0.0,
0.0,
0.0,
0.0,
0.0,
0.0,
0.0,
0.0,
0.0,
0.0,
0.0,
0.0,
0.0,
0.0,
0.0,
0.0,
0.0,
0.0,
0.0,
0.0,
0.0,
0.0,
0.0,
0.0,
0.0,
0.0,
0.0,
0.0,
0.0,
0.0,
0.0,
0.0,
0.0,
0.0,
0.0,
0.0,
0.0,
0.0,
0.0,
0.0,
0.0,
0.0,
0.0,
0.0,
0.0,
0.0,
0.0,
0.0,
0.0,
0.0,
0.0,
0.0,
0.0,
0.0,
0.0,
0.0,
0.0,
0.0,
0.0,
0.0,
0.0,
0.0,
0.0,
0.0,
0.0,
0.0,
0.0,
0.0,
0.0,
0.0,
0.0,
0.0,
0.0,
0.0,
0.0,
0.0,
0.0,
0.0,
0.0,
0.0,
0.0,
0.0,
0.0,
0.0,
0.0,
0.0,
0.0,
0.0,
0.0,
