0.0,
0.0,
0.0,
0.0,
0.0,
0.0,
0.0,
0.0,
0.0,
4.0,
0.0,
5.0,
0.0,
14.0,
0.0,
0.0,
0.0,
0.0,
1.0,
2.0,
3.0,
4.0,
0.0,
4.0,
7.0,
0.0,
0.0,
0.0,
0.0,
0.0,
0.0,
0.0,
0.0,
0.0,
0.0,
0.0,
0.0,
7.0,
0.0,
3.0,
0.0,
3.0,
2.0,
11.0,
11.0,
6.0,
4.0,
0.0,
0.0,
0.0,
0.0,
0.0,
0.0,
0.0,
0.0,
2.0,
0.0,
0.0,
0.0,
0.0,
0.0,
0.0,
0.0,
0.0,
0.0,
1.0,
0.0,
5.0,
0.0,
0.0,
0.0,
0.0,
0.0,
0.0,
0.0,
5.0,
9.0,
9.0,
5.0,
0.0,
9.0,
10.0,
7.0,
0.0,
0.0,
0.0,
0.0,
0.0,
0.0,
0.0,
0.0,
0.0,
2.0,
0.0,
0.0,
6.0,
8.0,
6.0,
0.0,
1.0,
2.0,
13.0,
8.0,
2.0,
0.0,
0.0,
2.0,
5.0,
0.0,
0.0,
3.0,
1.0,
0.0,
0.0,
0.0,
0.0,
0.0,
0.0,
0.0,
0.0,
10.0,
3.0,
0.0,
0.0,
0.0,
0.0,
0.0,
0.0,
0.0,
0.0,
0.0,
0.0,
6.0,
7.0,
8.0,
0.0,
7.0,
4.0,
0.0,
0.0,
0.0,
0.0,
0.0,
0.0,
0.0,
0.0,
0.0,
0.0,
0.0,
0.0,
10.0,
1.0,
4.0,
0.0,
4.0,
2.0,
0.0,
17.0,
0.0,
2.0,
0.0,
0.0,
13.0,
1.0,
0.0,
0.0,
1.0,
1.0,
0.0,
0.0,
0.0,
0.0,
0.0,
0.0,
0.0,
0.0,
9.0,
7.0,
8.0,
0.0,
0.0,
0.0,
3.0,
0.0,
0.0,
0.0,
0.0,
67.0,
137.0,
140.0,
99.0,
11.0,
6.0,
0.0,
0.0,
6.0,
0.0,
0.0,
0.0,
0.0,
0.0,
0.0,
0.0,
0.0,
0.0,
0.0,
0.0,
16.0,
113.0,
197.0,
255.0,
255.0,
251.0,
255.0,
247.0,
253.0,
252.0,
247.0,
255.0,
255.0,
202.0,
109.0,
17.0,
0.0,
3.0,
6.0,
0.0,
0.0,
0.0,
0.0,
2.0,
1.0,
3.0,
0.0,
0.0,
255.0,
255.0,
251.0,
250.0,
255.0,
255.0,
243.0,
255.0,
255.0,
255.0,
248.0,
128.0,
131.0,
71.0,
46.0,
15.0,
0.0,
0.0,
4.0,
3.0,
6.0,
1.0,
7.0,
0.0,
0.0,
1.0,
0.0,
19.0,
124.0,
248.0,
255.0,
248.0,
248.0,
243.0,
190.0,
130.0,
111.0,
0.0,
15.0,
0.0,
9.0,
11.0,
5.0,
0.0,
0.0,
3.0,
9.0,
0.0,
0.0,
0.0,
6.0,
0.0,
2.0,
5.0,
0.0,
0.0,
3.0,
0.0,
197.0,
255.0,
255.0,
134.0,
15.0,
7.0,
11.0,
0.0,
2.0,
0.0,
0.0,
0.0,
0.0,
0.0,
2.0,
0.0,
0.0,
0.0,
9.0,
10.0,
12.0,
0.0,
1.0,
0.0,
4.0,
24.0,
4.0,
2.0,
186.0,
255.0,
250.0,
58.0,
0.0,
0.0,
0.0,
15.0,
0.0,
5.0,
8.0,
1.0,
4.0,
5.0,
3.0,
12.0,
2.0,
0.0,
3.0,
0.0,
0.0,
19.0,
52.0,
4.0,
0.0,
0.0,
4.0,
0.0,
120.0,
255.0,
249.0,
5.0,
12.0,
0.0,
14.0,
6.0,
0.0,
13.0,
0.0,
4.0,
1.0,
0.0,
0.0,
3.0,
0.0,
0.0,
3.0,
0.0,
16.0,
193.0,
255.0,
0.0,
23.0,
0.0,
0.0,
11.0,
117.0,
255.0,
255.0,
135.0,
0.0,
0.0,
0.0,
0.0,
8.0,
0.0,
2.0,
0.0,
0.0,
0.0,
0.0,
0.0,
0.0,
8.0,
3.0,
0.0,
1.0,
229.0,
255.0,
130.0,
0.0,
12.0,
0.0,
11.0,
78.0,
252.0,
243.0,
175.0,
0.0,
13.0,
0.0,
20.0,
0.0,
0.0,
6.0,
1.0,
0.0,
1.0,
2.0,
6.0,
0.0,
4.0,
0.0,
0.0,
8.0,
255.0,
252.0,
193.0,
4.0,
0.0,
19.0,
0.0,
0.0,
60.0,
255.0,
255.0,
195.0,
0.0,
0.0,
6.0,
0.0,
18.0,
0.0,
0.0,
0.0,
0.0,
0.0,
0.0,
8.0,
0.0,
0.0,
6.0,
0.0,
255.0,
249.0,
247.0,
2.0,
10.0,
6.0,
0.0,
5.0,
0.0,
193.0,
255.0,
251.0,
66.0,
8.0,
0.0,
0.0,
4.0,
1.0,
0.0,
0.0,
0.0,
0.0,
0.0,
0.0,
14.0,
11.0,
0.0,
7.0,
230.0,
255.0,
255.0,
132.0,
0.0,
0.0,
11.0,
0.0,
1.0,
4.0,
122.0,
255.0,
255.0,
120.0,
8.0,
12.0,
0.0,
0.0,
0.0,
0.0,
0.0,
0.0,
0.0,
0.0,
3.0,
7.0,
0.0,
0.0,
88.0,
249.0,
255.0,
255.0,
255.0,
255.0,
127.0,
4.0,
1.0,
0.0,
70.0,
176.0,
255.0,
248.0,
17.0,
0.0,
4.0,
3.0,
0.0,
0.0,
0.0,
0.0,
4.0,
0.0,
0.0,
0.0,
14.0,
0.0,
0.0,
133.0,
245.0,
253.0,
255.0,
245.0,
255.0,
240.0,
151.0,
138.0,
0.0,
4.0,
255.0,
255.0,
113.0,
6.0,
11.0,
0.0,
0.0,
0.0,
0.0,
0.0,
9.0,
0.0,
11.0,
0.0,
0.0,
6.0,
2.0,
4.0,
9.0,
0.0,
64.0,
201.0,
255.0,
252.0,
250.0,
243.0,
255.0,
253.0,
244.0,
255.0,
126.0,
0.0,
5.0,
15.0,
0.0,
0.0,
0.0,
0.0,
1.0,
0.0,
11.0,
0.0,
0.0,
2.0,
15.0,
0.0,
0.0,
17.0,
0.0,
3.0,
69.0,
128.0,
199.0,
255.0,
252.0,
242.0,
255.0,
254.0,
131.0,
7.0,
0.0,
0.0,
0.0,
0.0,
0.0,
0.0,
0.0,
1.0,
0.0,
0.0,
14.0,
0.0,
0.0,
9.0,
17.0,
0.0,
1.0,
0.0,
0.0,
0.0,
9.0,
54.0,
188.0,
255.0,
238.0,
201.0,
3.0,
0.0,
23.0,
0.0,
0.0,
0.0,
0.0,
0.0,
4.0,
0.0,
8.0,
7.0,
0.0,
5.0,
7.0,
0.0,
0.0,
8.0,
0.0,
0.0,
13.0,
0.0,
0.0,
10.0,
0.0,
7.0,
1.0,
2.0,
0.0,
2.0,
0.0,
0.0,
0.0,
0.0,
0.0,
0.0,
0.0,
0.0,
0.0,
0.0,
0.0,
0.0,
0.0,
0.0,
0.0,
0.0,
0.0,
0.0,
0.0,
0.0,
0.0,
0.0,
0.0,
0.0,
0.0,
0.0,
0.0,
0.0,
0.0,
0.0,
0.0,
0.0,
0.0,
0.0,
0.0,
0.0,
0.0,
0.0,
0.0,
0.0,
0.0,
0.0,
0.0,
0.0,
0.0,
0.0,
0.0,
0.0,
0.0,
0.0,
0.0,
0.0,
0.0,
0.0,
0.0,
0.0,
0.0,
0.0,
0.0,
0.0,
0.0,
0.0,
0.0,
0.0,
0.0,
0.0,
0.0,
0.0,
0.0,
0.0,
0.0,
0.0,
0.0,
0.0,
0.0,
0.0,
0.0,
0.0,
0.0,
0.0,
0.0,
0.0,
0.0,
0.0,
0.0,
0.0,
0.0,
0.0,
0.0,
0.0,
0.0,
0.0,
0.0,
0.0,
0.0,
0.0,
0.0,
0.0,
0.0,
0.0,
0.0,
0.0,
0.0,
0.0,
0.0,
0.0,
0.0,
0.0,
0.0,
0.0,
0.0,
0.0,
0.0,
0.0,
0.0,
0.0,
0.0,
0.0,
