0.0,
0.0,
0.0,
0.0,
0.0,
0.0,
0.0,
0.0,
2.0,
2.0,
0.0,
1.0,
0.0,
0.0,
0.0,
5.0,
5.0,
0.0,
8.0,
2.0,
0.0,
3.0,
0.0,
3.0,
0.0,
0.0,
0.0,
0.0,
0.0,
0.0,
0.0,
0.0,
0.0,
0.0,
0.0,
0.0,
1.0,
2.0,
2.0,
5.0,
8.0,
8.0,
0.0,
0.0,
10.0,
0.0,
0.0,
0.0,
18.0,
0.0,
0.0,
1.0,
0.0,
0.0,
0.0,
0.0,
0.0,
0.0,
0.0,
0.0,
0.0,
0.0,
0.0,
0.0,
5.0,
0.0,
0.0,
0.0,
0.0,
0.0,
6.0,
6.0,
0.0,
0.0,
16.0,
0.0,
0.0,
5.0,
5.0,
9.0,
0.0,
0.0,
0.0,
0.0,
0.0,
0.0,
0.0,
0.0,
0.0,
0.0,
0.0,
0.0,
0.0,
0.0,
11.0,
9.0,
11.0,
0.0,
0.0,
0.0,
0.0,
0.0,
0.0,
15.0,
0.0,
0.0,
16.0,
0.0,
0.0,
0.0,
0.0,
0.0,
0.0,
0.0,
0.0,
0.0,
0.0,
0.0,
0.0,
0.0,
2.0,
0.0,
0.0,
0.0,
4.0,
0.0,
0.0,
8.0,
0.0,
29.0,
87.0,
246.0,
225.0,
20.0,
1.0,
16.0,
0.0,
0.0,
0.0,
0.0,
0.0,
0.0,
0.0,
0.0,
0.0,
0.0,
0.0,
0.0,
15.0,
3.0,
9.0,
0.0,
10.0,
7.0,
40.0,
49.0,
133.0,
243.0,
255.0,
255.0,
255.0,
9.0,
0.0,
0.0,
0.0,
0.0,
0.0,
0.0,
0.0,
0.0,
0.0,
0.0,
0.0,
0.0,
0.0,
0.0,
0.0,
48.0,
141.0,
153.0,
198.0,
215.0,
255.0,
250.0,
254.0,
254.0,
230.0,
245.0,
250.0,
25.0,
0.0,
14.0,
0.0,
0.0,
0.0,
0.0,
0.0,
0.0,
0.0,
0.0,
0.0,
0.0,
0.0,
0.0,
10.0,
139.0,
255.0,
248.0,
248.0,
239.0,
255.0,
244.0,
250.0,
250.0,
255.0,
253.0,
139.0,
17.0,
0.0,
0.0,
0.0,
0.0,
0.0,
0.0,
2.0,
1.0,
0.0,
0.0,
0.0,
0.0,
0.0,
0.0,
90.0,
238.0,
255.0,
249.0,
253.0,
255.0,
243.0,
253.0,
255.0,
252.0,
240.0,
45.0,
1.0,
0.0,
13.0,
0.0,
0.0,
0.0,
0.0,
0.0,
0.0,
0.0,
0.0,
0.0,
0.0,
0.0,
0.0,
1.0,
107.0,
246.0,
255.0,
241.0,
255.0,
251.0,
212.0,
210.0,
147.0,
115.0,
71.0,
0.0,
13.0,
5.0,
0.0,
10.0,
0.0,
0.0,
0.0,
0.0,
0.0,
0.0,
0.0,
0.0,
0.0,
0.0,
0.0,
0.0,
47.0,
255.0,
251.0,
250.0,
255.0,
86.0,
5.0,
0.0,
13.0,
0.0,
7.0,
3.0,
0.0,
1.0,
0.0,
0.0,
0.0,
0.0,
0.0,
0.0,
0.0,
0.0,
0.0,
0.0,
0.0,
0.0,
0.0,
0.0,
26.0,
131.0,
255.0,
255.0,
251.0,
217.0,
130.0,
51.0,
4.0,
0.0,
5.0,
10.0,
0.0,
4.0,
0.0,
2.0,
0.0,
0.0,
0.0,
0.0,
0.0,
0.0,
0.0,
0.0,
0.0,
0.0,
0.0,
0.0,
0.0,
27.0,
187.0,
250.0,
255.0,
255.0,
255.0,
240.0,
172.0,
41.0,
0.0,
0.0,
0.0,
5.0,
17.0,
0.0,
0.0,
0.0,
0.0,
0.0,
2.0,
1.0,
0.0,
0.0,
0.0,
0.0,
0.0,
0.0,
0.0,
30.0,
17.0,
145.0,
255.0,
231.0,
253.0,
254.0,
253.0,
207.0,
77.0,
0.0,
15.0,
6.0,
0.0,
11.0,
0.0,
0.0,
0.0,
0.0,
2.0,
0.0,
0.0,
0.0,
0.0,
2.0,
5.0,
7.0,
0.0,
0.0,
0.0,
10.0,
62.0,
157.0,
212.0,
255.0,
254.0,
255.0,
213.0,
125.0,
2.0,
0.0,
0.0,
2.0,
0.0,
0.0,
0.0,
0.0,
0.0,
0.0,
0.0,
0.0,
0.0,
4.0,
9.0,
12.0,
174.0,
89.0,
6.0,
0.0,
0.0,
0.0,
33.0,
165.0,
245.0,
251.0,
246.0,
225.0,
24.0,
0.0,
3.0,
0.0,
0.0,
0.0,
0.0,
0.0,
0.0,
0.0,
10.0,
0.0,
8.0,
9.0,
2.0,
201.0,
212.0,
9.0,
0.0,
0.0,
5.0,
2.0,
0.0,
10.0,
122.0,
193.0,
239.0,
255.0,
158.0,
2.0,
8.0,
0.0,
0.0,
0.0,
0.0,
0.0,
7.0,
1.0,
2.0,
0.0,
0.0,
0.0,
13.0,
185.0,
213.0,
3.0,
4.0,
3.0,
0.0,
16.0,
11.0,
0.0,
0.0,
12.0,
188.0,
255.0,
255.0,
10.0,
0.0,
7.0,
0.0,
0.0,
0.0,
0.0,
0.0,
1.0,
0.0,
9.0,
0.0,
4.0,
77.0,
241.0,
208.0,
0.0,
0.0,
6.0,
0.0,
0.0,
0.0,
4.0,
3.0,
191.0,
248.0,
239.0,
193.0,
17.0,
3.0,
0.0,
0.0,
0.0,
0.0,
0.0,
0.0,
5.0,
0.0,
4.0,
1.0,
0.0,
68.0,
253.0,
194.0,
48.0,
0.0,
0.0,
11.0,
0.0,
2.0,
86.0,
198.0,
255.0,
246.0,
248.0,
66.0,
0.0,
15.0,
0.0,
0.0,
0.0,
0.0,
0.0,
1.0,
8.0,
0.0,
0.0,
3.0,
0.0,
20.0,
223.0,
255.0,
226.0,
201.0,
187.0,
191.0,
192.0,
194.0,
251.0,
253.0,
239.0,
255.0,
144.0,
10.0,
0.0,
0.0,
6.0,
0.0,
0.0,
0.0,
0.0,
0.0,
3.0,
2.0,
0.0,
10.0,
2.0,
0.0,
166.0,
254.0,
254.0,
255.0,
255.0,
237.0,
248.0,
254.0,
255.0,
250.0,
255.0,
187.0,
5.0,
1.0,
20.0,
0.0,
4.0,
0.0,
0.0,
0.0,
0.0,
0.0,
4.0,
0.0,
1.0,
0.0,
0.0,
0.0,
52.0,
241.0,
255.0,
238.0,
246.0,
250.0,
255.0,
251.0,
222.0,
231.0,
97.0,
0.0,
4.0,
10.0,
0.0,
0.0,
8.0,
0.0,
0.0,
0.0,
0.0,
0.0,
3.0,
0.0,
13.0,
0.0,
0.0,
9.0,
0.0,
33.0,
150.0,
142.0,
152.0,
220.0,
239.0,
125.0,
27.0,
17.0,
0.0,
14.0,
0.0,
0.0,
4.0,
0.0,
6.0,
0.0,
0.0,
0.0,
0.0,
0.0,
0.0,
0.0,
0.0,
0.0,
0.0,
0.0,
0.0,
0.0,
0.0,
0.0,
0.0,
0.0,
0.0,
0.0,
0.0,
0.0,
0.0,
0.0,
0.0,
0.0,
0.0,
0.0,
0.0,
0.0,
0.0,
0.0,
0.0,
0.0,
0.0,
0.0,
0.0,
0.0,
0.0,
0.0,
0.0,
0.0,
0.0,
0.0,
0.0,
0.0,
0.0,
0.0,
0.0,
0.0,
0.0,
0.0,
0.0,
0.0,
0.0,
0.0,
0.0,
0.0,
0.0,
0.0,
0.0,
0.0,
0.0,
0.0,
0.0,
0.0,
0.0,
0.0,
0.0,
0.0,
0.0,
0.0,
0.0,
0.0,
0.0,
0.0,
0.0,
0.0,
0.0,
0.0,
0.0,
0.0,
0.0,
0.0,
0.0,
0.0,
0.0,
0.0,
0.0,
0.0,
0.0,
0.0,
0.0,
0.0,
0.0,
0.0,
0.0,
0.0,
0.0,
0.0,
0.0,
0.0,
0.0,
0.0,
0.0,
0.0,
0.0,
0.0,
0.0,
0.0,
0.0,
0.0,
0.0,
0.0,
0.0,
0.0,
0.0,
