0.0,
2.0,
1.0,
7.0,
1.0,
0.0,
0.0,
5.0,
0.0,
0.0,
18.0,
0.0,
0.0,
11.0,
0.0,
9.0,
0.0,
0.0,
1.0,
0.0,
0.0,
1.0,
2.0,
2.0,
0.0,
0.0,
0.0,
0.0,
4.0,
0.0,
0.0,
0.0,
4.0,
4.0,
0.0,
0.0,
15.0,
15.0,
0.0,
3.0,
10.0,
0.0,
1.0,
0.0,
0.0,
2.0,
2.0,
1.0,
0.0,
1.0,
1.0,
1.0,
0.0,
0.0,
0.0,
0.0,
5.0,
0.0,
2.0,
0.0,
0.0,
2.0,
9.0,
3.0,
0.0,
0.0,
6.0,
11.0,
0.0,
0.0,
6.0,
2.0,
0.0,
0.0,
0.0,
0.0,
0.0,
0.0,
1.0,
2.0,
0.0,
0.0,
0.0,
0.0,
2.0,
0.0,
10.0,
1.0,
0.0,
0.0,
0.0,
0.0,
10.0,
0.0,
3.0,
0.0,
0.0,
11.0,
0.0,
0.0,
0.0,
0.0,
0.0,
0.0,
0.0,
0.0,
1.0,
3.0,
0.0,
0.0,
0.0,
0.0,
1.0,
0.0,
0.0,
0.0,
6.0,
5.0,
0.0,
0.0,
13.0,
169.0,
135.0,
161.0,
255.0,
250.0,
172.0,
58.0,
7.0,
0.0,
0.0,
0.0,
2.0,
0.0,
0.0,
2.0,
0.0,
0.0,
0.0,
0.0,
2.0,
0.0,
0.0,
0.0,
8.0,
7.0,
19.0,
108.0,
238.0,
240.0,
200.0,
210.0,
190.0,
203.0,
255.0,
205.0,
18.0,
7.0,
1.0,
4.0,
4.0,
0.0,
0.0,
0.0,
0.0,
0.0,
0.0,
0.0,
0.0,
5.0,
9.0,
0.0,
1.0,
0.0,
56.0,
236.0,
254.0,
130.0,
2.0,
3.0,
8.0,
0.0,
101.0,
255.0,
18.0,
5.0,
0.0,
3.0,
4.0,
0.0,
0.0,
1.0,
0.0,
0.0,
0.0,
0.0,
0.0,
1.0,
2.0,
0.0,
9.0,
0.0,
50.0,
255.0,
247.0,
122.0,
0.0,
7.0,
0.0,
45.0,
199.0,
102.0,
10.0,
0.0,
0.0,
0.0,
3.0,
0.0,
0.0,
3.0,
0.0,
0.0,
0.0,
0.0,
0.0,
4.0,
5.0,
0.0,
10.0,
0.0,
49.0,
255.0,
255.0,
177.0,
6.0,
2.0,
0.0,
57.0,
6.0,
0.0,
2.0,
5.0,
2.0,
0.0,
0.0,
3.0,
3.0,
0.0,
0.0,
0.0,
0.0,
0.0,
0.0,
0.0,
4.0,
0.0,
2.0,
2.0,
61.0,
242.0,
243.0,
255.0,
146.0,
1.0,
0.0,
0.0,
3.0,
10.0,
0.0,
0.0,
0.0,
6.0,
3.0,
0.0,
0.0,
11.0,
0.0,
0.0,
0.0,
0.0,
8.0,
0.0,
3.0,
0.0,
5.0,
2.0,
11.0,
99.0,
234.0,
255.0,
242.0,
162.0,
18.0,
0.0,
4.0,
0.0,
0.0,
2.0,
5.0,
4.0,
2.0,
1.0,
0.0,
0.0,
0.0,
0.0,
0.0,
0.0,
0.0,
0.0,
0.0,
0.0,
8.0,
8.0,
0.0,
1.0,
83.0,
203.0,
255.0,
243.0,
228.0,
69.0,
0.0,
10.0,
4.0,
0.0,
0.0,
0.0,
0.0,
0.0,
2.0,
10.0,
0.0,
0.0,
0.0,
0.0,
0.0,
0.0,
9.0,
1.0,
0.0,
0.0,
1.0,
4.0,
7.0,
44.0,
131.0,
255.0,
244.0,
250.0,
175.0,
51.0,
0.0,
6.0,
2.0,
0.0,
0.0,
12.0,
9.0,
0.0,
0.0,
0.0,
0.0,
0.0,
11.0,
4.0,
5.0,
0.0,
0.0,
0.0,
2.0,
0.0,
0.0,
11.0,
18.0,
14.0,
189.0,
218.0,
255.0,
250.0,
170.0,
64.0,
0.0,
1.0,
12.0,
0.0,
0.0,
9.0,
0.0,
0.0,
0.0,
0.0,
0.0,
0.0,
0.0,
0.0,
5.0,
7.0,
5.0,
0.0,
10.0,
0.0,
0.0,
0.0,
0.0,
49.0,
192.0,
251.0,
255.0,
231.0,
131.0,
18.0,
0.0,
18.0,
24.0,
0.0,
0.0,
0.0,
0.0,
0.0,
4.0,
6.0,
4.0,
9.0,
1.0,
0.0,
0.0,
3.0,
0.0,
9.0,
0.0,
9.0,
0.0,
1.0,
11.0,
20.0,
230.0,
243.0,
255.0,
233.0,
125.0,
8.0,
0.0,
5.0,
0.0,
0.0,
0.0,
0.0,
0.0,
0.0,
0.0,
0.0,
0.0,
0.0,
0.0,
0.0,
0.0,
3.0,
5.0,
1.0,
0.0,
0.0,
0.0,
0.0,
0.0,
65.0,
191.0,
255.0,
255.0,
163.0,
17.0,
2.0,
0.0,
0.0,
0.0,
0.0,
0.0,
0.0,
0.0,
0.0,
0.0,
0.0,
0.0,
0.0,
0.0,
0.0,
0.0,
0.0,
7.0,
11.0,
2.0,
0.0,
0.0,
0.0,
23.0,
100.0,
248.0,
255.0,
139.0,
0.0,
0.0,
0.0,
0.0,
0.0,
0.0,
0.0,
0.0,
0.0,
0.0,
0.0,
0.0,
0.0,
14.0,
0.0,
0.0,
5.0,
3.0,
0.0,
0.0,
13.0,
6.0,
0.0,
14.0,
19.0,
116.0,
251.0,
252.0,
39.0,
0.0,
0.0,
0.0,
0.0,
0.0,
0.0,
0.0,
0.0,
0.0,
0.0,
0.0,
0.0,
0.0,
5.0,
15.0,
0.0,
0.0,
7.0,
6.0,
0.0,
0.0,
2.0,
0.0,
8.0,
23.0,
255.0,
252.0,
50.0,
0.0,
0.0,
0.0,
0.0,
0.0,
0.0,
0.0,
0.0,
0.0,
0.0,
0.0,
0.0,
12.0,
0.0,
0.0,
0.0,
2.0,
0.0,
0.0,
0.0,
14.0,
0.0,
37.0,
18.0,
175.0,
243.0,
178.0,
14.0,
0.0,
0.0,
0.0,
0.0,
0.0,
0.0,
0.0,
0.0,
0.0,
0.0,
0.0,
0.0,
0.0,
0.0,
28.0,
62.0,
64.0,
49.0,
63.0,
97.0,
164.0,
164.0,
219.0,
255.0,
247.0,
200.0,
42.0,
0.0,
0.0,
0.0,
0.0,
0.0,
0.0,
0.0,
0.0,
0.0,
0.0,
0.0,
0.0,
0.0,
0.0,
123.0,
234.0,
255.0,
248.0,
255.0,
255.0,
238.0,
255.0,
192.0,
165.0,
136.0,
50.0,
12.0,
0.0,
0.0,
0.0,
0.0,
0.0,
0.0,
0.0,
0.0,
0.0,
0.0,
0.0,
0.0,
0.0,
0.0,
0.0,
76.0,
179.0,
234.0,
206.0,
146.0,
130.0,
150.0,
30.0,
30.0,
7.0,
0.0,
2.0,
0.0,
5.0,
4.0,
0.0,
0.0,
0.0,
0.0,
0.0,
0.0,
0.0,
0.0,
0.0,
0.0,
0.0,
0.0,
0.0,
0.0,
0.0,
0.0,
0.0,
0.0,
0.0,
0.0,
0.0,
0.0,
0.0,
0.0,
0.0,
0.0,
0.0,
0.0,
0.0,
0.0,
0.0,
0.0,
0.0,
0.0,
0.0,
0.0,
0.0,
0.0,
0.0,
0.0,
0.0,
0.0,
0.0,
0.0,
0.0,
0.0,
0.0,
0.0,
0.0,
0.0,
0.0,
0.0,
0.0,
0.0,
0.0,
0.0,
0.0,
0.0,
0.0,
0.0,
0.0,
0.0,
0.0,
0.0,
0.0,
0.0,
0.0,
0.0,
0.0,
0.0,
0.0,
0.0,
0.0,
0.0,
0.0,
0.0,
0.0,
0.0,
0.0,
0.0,
0.0,
0.0,
0.0,
0.0,
0.0,
0.0,
0.0,
0.0,
0.0,
0.0,
0.0,
0.0,
0.0,
0.0,
0.0,
0.0,
0.0,
0.0,
0.0,
0.0,
0.0,
0.0,
0.0,
0.0,
0.0,
0.0,
0.0,
0.0,
0.0,
0.0,
0.0,
0.0,
0.0,
0.0,
0.0,
0.0,
