0.0,
0.0,
0.0,
0.0,
0.0,
0.0,
0.0,
0.0,
0.0,
5.0,
0.0,
8.0,
0.0,
0.0,
11.0,
0.0,
0.0,
0.0,
0.0,
0.0,
5.0,
0.0,
0.0,
2.0,
0.0,
0.0,
0.0,
0.0,
0.0,
0.0,
0.0,
0.0,
0.0,
0.0,
0.0,
0.0,
17.0,
0.0,
8.0,
0.0,
4.0,
0.0,
7.0,
6.0,
9.0,
7.0,
0.0,
0.0,
0.0,
0.0,
0.0,
5.0,
0.0,
0.0,
0.0,
0.0,
0.0,
0.0,
0.0,
0.0,
0.0,
0.0,
0.0,
0.0,
0.0,
0.0,
6.0,
0.0,
10.0,
0.0,
0.0,
0.0,
0.0,
3.0,
4.0,
6.0,
0.0,
0.0,
0.0,
3.0,
0.0,
0.0,
0.0,
0.0,
0.0,
0.0,
0.0,
0.0,
0.0,
0.0,
0.0,
0.0,
0.0,
10.0,
0.0,
0.0,
0.0,
1.0,
11.0,
7.0,
1.0,
0.0,
0.0,
3.0,
0.0,
3.0,
0.0,
0.0,
0.0,
0.0,
0.0,
0.0,
0.0,
0.0,
0.0,
0.0,
0.0,
0.0,
0.0,
0.0,
12.0,
2.0,
5.0,
0.0,
6.0,
0.0,
0.0,
8.0,
0.0,
0.0,
1.0,
18.0,
0.0,
6.0,
0.0,
0.0,
0.0,
0.0,
0.0,
0.0,
0.0,
0.0,
0.0,
0.0,
0.0,
0.0,
0.0,
0.0,
3.0,
0.0,
72.0,
63.0,
134.0,
159.0,
173.0,
251.0,
255.0,
251.0,
209.0,
144.0,
15.0,
0.0,
0.0,
25.0,
0.0,
0.0,
0.0,
0.0,
0.0,
0.0,
0.0,
0.0,
0.0,
0.0,
0.0,
0.0,
2.0,
127.0,
247.0,
255.0,
255.0,
254.0,
235.0,
255.0,
208.0,
229.0,
229.0,
195.0,
57.0,
7.0,
0.0,
0.0,
0.0,
0.0,
0.0,
0.0,
0.0,
0.0,
0.0,
0.0,
0.0,
0.0,
0.0,
0.0,
15.0,
255.0,
245.0,
213.0,
57.0,
52.0,
66.0,
55.0,
8.0,
0.0,
0.0,
17.0,
0.0,
10.0,
9.0,
3.0,
0.0,
0.0,
0.0,
0.0,
0.0,
0.0,
0.0,
0.0,
0.0,
0.0,
0.0,
0.0,
7.0,
105.0,
254.0,
168.0,
0.0,
19.0,
5.0,
0.0,
0.0,
4.0,
0.0,
3.0,
2.0,
4.0,
0.0,
9.0,
0.0,
0.0,
0.0,
0.0,
0.0,
0.0,
0.0,
0.0,
0.0,
0.0,
0.0,
0.0,
0.0,
56.0,
255.0,
172.0,
16.0,
0.0,
0.0,
3.0,
13.0,
4.0,
0.0,
5.0,
0.0,
4.0,
4.0,
0.0,
0.0,
0.0,
0.0,
0.0,
0.0,
0.0,
0.0,
0.0,
0.0,
0.0,
0.0,
0.0,
22.0,
35.0,
243.0,
170.0,
4.0,
1.0,
13.0,
0.0,
0.0,
1.0,
10.0,
0.0,
0.0,
1.0,
4.0,
0.0,
0.0,
0.0,
0.0,
0.0,
0.0,
0.0,
0.0,
0.0,
0.0,
0.0,
0.0,
0.0,
0.0,
53.0,
255.0,
240.0,
25.0,
88.0,
81.0,
63.0,
23.0,
0.0,
0.0,
0.0,
9.0,
0.0,
4.0,
0.0,
0.0,
0.0,
0.0,
0.0,
0.0,
0.0,
0.0,
0.0,
0.0,
0.0,
0.0,
0.0,
0.0,
43.0,
245.0,
255.0,
210.0,
255.0,
244.0,
254.0,
189.0,
61.0,
6.0,
0.0,
4.0,
0.0,
9.0,
0.0,
0.0,
0.0,
0.0,
0.0,
0.0,
0.0,
0.0,
0.0,
0.0,
0.0,
0.0,
0.0,
1.0,
53.0,
255.0,
246.0,
255.0,
128.0,
114.0,
191.0,
249.0,
236.0,
122.0,
0.0,
0.0,
1.0,
0.0,
3.0,
0.0,
0.0,
0.0,
0.0,
0.0,
0.0,
0.0,
0.0,
0.0,
0.0,
0.0,
0.0,
0.0,
43.0,
252.0,
253.0,
200.0,
25.0,
0.0,
8.0,
126.0,
255.0,
228.0,
85.0,
15.0,
4.0,
0.0,
9.0,
0.0,
0.0,
0.0,
0.0,
0.0,
0.0,
0.0,
0.0,
0.0,
0.0,
0.0,
0.0,
0.0,
56.0,
243.0,
255.0,
44.0,
0.0,
12.0,
0.0,
1.0,
105.0,
239.0,
234.0,
55.0,
0.0,
6.0,
0.0,
0.0,
0.0,
0.0,
0.0,
0.0,
0.0,
0.0,
0.0,
0.0,
0.0,
0.0,
0.0,
0.0,
44.0,
234.0,
192.0,
0.0,
0.0,
0.0,
6.0,
0.0,
6.0,
119.0,
253.0,
225.0,
9.0,
12.0,
0.0,
0.0,
0.0,
0.0,
0.0,
0.0,
0.0,
0.0,
0.0,
0.0,
0.0,
0.0,
0.0,
0.0,
35.0,
97.0,
32.0,
10.0,
7.0,
0.0,
1.0,
0.0,
0.0,
35.0,
192.0,
255.0,
114.0,
0.0,
6.0,
0.0,
0.0,
0.0,
0.0,
0.0,
0.0,
0.0,
0.0,
0.0,
0.0,
0.0,
0.0,
57.0,
209.0,
149.0,
0.0,
0.0,
0.0,
5.0,
0.0,
8.0,
0.0,
0.0,
40.0,
255.0,
156.0,
0.0,
2.0,
0.0,
0.0,
0.0,
0.0,
0.0,
0.0,
0.0,
0.0,
0.0,
0.0,
0.0,
0.0,
115.0,
202.0,
23.0,
0.0,
0.0,
6.0,
1.0,
11.0,
0.0,
8.0,
0.0,
67.0,
243.0,
174.0,
0.0,
12.0,
0.0,
0.0,
0.0,
0.0,
0.0,
0.0,
0.0,
0.0,
0.0,
0.0,
0.0,
0.0,
91.0,
183.0,
0.0,
16.0,
4.0,
6.0,
0.0,
6.0,
0.0,
0.0,
3.0,
133.0,
250.0,
164.0,
18.0,
0.0,
0.0,
0.0,
0.0,
0.0,
0.0,
0.0,
0.0,
0.0,
0.0,
0.0,
0.0,
0.0,
78.0,
250.0,
126.0,
2.0,
0.0,
11.0,
4.0,
0.0,
13.0,
0.0,
88.0,
235.0,
243.0,
28.0,
0.0,
10.0,
0.0,
0.0,
0.0,
0.0,
0.0,
0.0,
0.0,
0.0,
0.0,
0.0,
0.0,
0.0,
0.0,
166.0,
253.0,
169.0,
81.0,
7.0,
0.0,
5.0,
13.0,
182.0,
248.0,
222.0,
68.0,
6.0,
0.0,
0.0,
0.0,
0.0,
0.0,
0.0,
0.0,
0.0,
0.0,
0.0,
0.0,
0.0,
0.0,
0.0,
6.0,
0.0,
160.0,
251.0,
245.0,
222.0,
221.0,
213.0,
235.0,
255.0,
182.0,
43.0,
0.0,
0.0,
13.0,
0.0,
0.0,
0.0,
0.0,
0.0,
0.0,
0.0,
0.0,
0.0,
0.0,
0.0,
0.0,
0.0,
5.0,
8.0,
0.0,
47.0,
167.0,
206.0,
168.0,
156.0,
160.0,
81.0,
7.0,
0.0,
6.0,
8.0,
0.0,
0.0,
0.0,
0.0,
0.0,
0.0,
0.0,
0.0,
0.0,
0.0,
0.0,
0.0,
0.0,
0.0,
0.0,
5.0,
0.0,
0.0,
16.0,
11.0,
0.0,
9.0,
3.0,
0.0,
0.0,
3.0,
2.0,
0.0,
0.0,
11.0,
0.0,
0.0,
0.0,
0.0,
0.0,
0.0,
0.0,
0.0,
0.0,
0.0,
0.0,
0.0,
3.0,
15.0,
11.0,
0.0,
0.0,
0.0,
0.0,
9.0,
0.0,
0.0,
7.0,
11.0,
5.0,
0.0,
0.0,
0.0,
0.0,
0.0,
0.0,
0.0,
0.0,
0.0,
0.0,
0.0,
0.0,
0.0,
0.0,
0.0,
0.0,
0.0,
0.0,
0.0,
0.0,
3.0,
5.0,
1.0,
16.0,
6.0,
0.0,
0.0,
0.0,
4.0,
2.0,
0.0,
0.0,
0.0,
0.0,
0.0,
