0.0,
0.0,
0.0,
0.0,
0.0,
0.0,
0.0,
0.0,
7.0,
0.0,
0.0,
0.0,
0.0,
6.0,
5.0,
0.0,
0.0,
0.0,
11.0,
3.0,
0.0,
2.0,
0.0,
8.0,
0.0,
0.0,
0.0,
0.0,
0.0,
0.0,
0.0,
0.0,
0.0,
0.0,
0.0,
0.0,
1.0,
0.0,
7.0,
13.0,
0.0,
0.0,
0.0,
5.0,
6.0,
0.0,
0.0,
0.0,
16.0,
7.0,
10.0,
0.0,
0.0,
0.0,
0.0,
0.0,
0.0,
0.0,
0.0,
0.0,
0.0,
0.0,
0.0,
0.0,
0.0,
17.0,
2.0,
0.0,
7.0,
14.0,
0.0,
0.0,
0.0,
6.0,
7.0,
9.0,
0.0,
0.0,
0.0,
0.0,
0.0,
0.0,
0.0,
0.0,
0.0,
0.0,
0.0,
0.0,
0.0,
0.0,
0.0,
0.0,
0.0,
0.0,
0.0,
8.0,
5.0,
0.0,
0.0,
12.0,
0.0,
1.0,
0.0,
0.0,
0.0,
22.0,
0.0,
5.0,
0.0,
0.0,
0.0,
0.0,
0.0,
0.0,
0.0,
0.0,
0.0,
0.0,
0.0,
0.0,
19.0,
0.0,
1.0,
15.0,
0.0,
1.0,
18.0,
0.0,
0.0,
7.0,
2.0,
13.0,
1.0,
0.0,
0.0,
0.0,
0.0,
0.0,
0.0,
0.0,
0.0,
0.0,
0.0,
0.0,
0.0,
0.0,
0.0,
0.0,
2.0,
3.0,
0.0,
0.0,
4.0,
0.0,
1.0,
30.0,
46.0,
195.0,
204.0,
138.0,
127.0,
137.0,
170.0,
43.0,
0.0,
0.0,
0.0,
0.0,
0.0,
0.0,
0.0,
0.0,
0.0,
0.0,
0.0,
0.0,
0.0,
1.0,
0.0,
13.0,
22.0,
0.0,
38.0,
208.0,
248.0,
255.0,
247.0,
255.0,
255.0,
255.0,
230.0,
183.0,
0.0,
0.0,
0.0,
0.0,
0.0,
0.0,
0.0,
0.0,
0.0,
0.0,
0.0,
0.0,
12.0,
0.0,
7.0,
0.0,
0.0,
87.0,
215.0,
254.0,
249.0,
210.0,
153.0,
121.0,
41.0,
148.0,
61.0,
106.0,
0.0,
0.0,
0.0,
0.0,
7.0,
0.0,
0.0,
2.0,
6.0,
0.0,
13.0,
0.0,
14.0,
0.0,
7.0,
117.0,
167.0,
229.0,
213.0,
102.0,
15.0,
3.0,
0.0,
3.0,
4.0,
0.0,
0.0,
0.0,
0.0,
0.0,
0.0,
0.0,
0.0,
8.0,
13.0,
2.0,
0.0,
0.0,
0.0,
11.0,
0.0,
50.0,
183.0,
255.0,
252.0,
245.0,
185.0,
0.0,
0.0,
0.0,
0.0,
0.0,
0.0,
4.0,
9.0,
8.0,
0.0,
0.0,
0.0,
0.0,
0.0,
3.0,
0.0,
0.0,
8.0,
21.0,
0.0,
10.0,
96.0,
230.0,
242.0,
205.0,
252.0,
153.0,
33.0,
0.0,
5.0,
2.0,
5.0,
10.0,
2.0,
0.0,
0.0,
0.0,
0.0,
0.0,
0.0,
0.0,
7.0,
0.0,
0.0,
0.0,
0.0,
1.0,
45.0,
162.0,
243.0,
247.0,
131.0,
10.0,
25.0,
13.0,
0.0,
5.0,
0.0,
0.0,
1.0,
7.0,
8.0,
5.0,
7.0,
13.0,
0.0,
0.0,
0.0,
0.0,
3.0,
0.0,
1.0,
10.0,
0.0,
0.0,
131.0,
255.0,
255.0,
80.0,
0.0,
9.0,
0.0,
0.0,
0.0,
3.0,
0.0,
8.0,
3.0,
0.0,
0.0,
2.0,
2.0,
0.0,
0.0,
0.0,
0.0,
0.0,
0.0,
0.0,
0.0,
3.0,
0.0,
16.0,
167.0,
253.0,
244.0,
214.0,
155.0,
77.0,
0.0,
15.0,
10.0,
0.0,
4.0,
0.0,
0.0,
9.0,
14.0,
4.0,
0.0,
2.0,
0.0,
0.0,
0.0,
0.0,
0.0,
5.0,
8.0,
0.0,
0.0,
7.0,
129.0,
247.0,
255.0,
241.0,
255.0,
247.0,
212.0,
220.0,
174.0,
103.0,
26.0,
6.0,
0.0,
0.0,
0.0,
0.0,
0.0,
11.0,
0.0,
0.0,
0.0,
0.0,
3.0,
0.0,
0.0,
10.0,
5.0,
0.0,
0.0,
95.0,
170.0,
168.0,
221.0,
228.0,
243.0,
231.0,
237.0,
255.0,
255.0,
255.0,
173.0,
45.0,
0.0,
6.0,
13.0,
0.0,
0.0,
0.0,
0.0,
0.0,
0.0,
0.0,
0.0,
0.0,
0.0,
0.0,
0.0,
0.0,
5.0,
0.0,
0.0,
38.0,
49.0,
29.0,
97.0,
230.0,
187.0,
239.0,
255.0,
196.0,
0.0,
7.0,
6.0,
0.0,
0.0,
0.0,
0.0,
0.0,
0.0,
0.0,
0.0,
0.0,
0.0,
0.0,
0.0,
0.0,
0.0,
5.0,
0.0,
0.0,
0.0,
5.0,
12.0,
10.0,
22.0,
104.0,
241.0,
208.0,
0.0,
0.0,
6.0,
5.0,
0.0,
0.0,
0.0,
0.0,
0.0,
0.0,
0.0,
0.0,
0.0,
0.0,
0.0,
0.0,
0.0,
0.0,
5.0,
18.0,
4.0,
0.0,
0.0,
0.0,
0.0,
113.0,
255.0,
192.0,
4.0,
0.0,
0.0,
3.0,
0.0,
0.0,
0.0,
0.0,
0.0,
0.0,
0.0,
0.0,
0.0,
0.0,
0.0,
0.0,
14.0,
5.0,
0.0,
0.0,
0.0,
0.0,
1.0,
9.0,
69.0,
211.0,
250.0,
90.0,
0.0,
12.0,
0.0,
3.0,
0.0,
0.0,
0.0,
0.0,
0.0,
0.0,
0.0,
0.0,
0.0,
0.0,
0.0,
0.0,
0.0,
4.0,
0.0,
0.0,
4.0,
0.0,
5.0,
61.0,
217.0,
243.0,
143.0,
8.0,
0.0,
6.0,
4.0,
0.0,
0.0,
0.0,
0.0,
0.0,
0.0,
0.0,
0.0,
0.0,
0.0,
0.0,
0.0,
0.0,
0.0,
12.0,
7.0,
0.0,
0.0,
33.0,
131.0,
252.0,
255.0,
156.0,
31.0,
4.0,
2.0,
0.0,
6.0,
0.0,
0.0,
0.0,
0.0,
0.0,
0.0,
0.0,
0.0,
0.0,
0.0,
0.0,
0.0,
0.0,
4.0,
85.0,
153.0,
156.0,
171.0,
244.0,
255.0,
237.0,
123.0,
30.0,
0.0,
3.0,
0.0,
0.0,
3.0,
1.0,
0.0,
0.0,
0.0,
0.0,
0.0,
0.0,
0.0,
0.0,
0.0,
0.0,
0.0,
0.0,
0.0,
79.0,
217.0,
255.0,
244.0,
255.0,
245.0,
152.0,
0.0,
5.0,
5.0,
1.0,
0.0,
15.0,
0.0,
2.0,
0.0,
0.0,
0.0,
0.0,
0.0,
0.0,
0.0,
0.0,
0.0,
0.0,
0.0,
0.0,
0.0,
1.0,
71.0,
186.0,
139.0,
104.0,
37.0,
0.0,
0.0,
0.0,
0.0,
0.0,
0.0,
0.0,
0.0,
0.0,
0.0,
0.0,
0.0,
0.0,
0.0,
0.0,
0.0,
0.0,
0.0,
0.0,
0.0,
0.0,
12.0,
0.0,
0.0,
25.0,
0.0,
6.0,
5.0,
0.0,
0.0,
0.0,
0.0,
0.0,
0.0,
0.0,
0.0,
0.0,
0.0,
0.0,
0.0,
0.0,
0.0,
0.0,
0.0,
0.0,
0.0,
0.0,
0.0,
0.0,
7.0,
0.0,
1.0,
3.0,
0.0,
4.0,
6.0,
0.0,
0.0,
0.0,
0.0,
0.0,
0.0,
0.0,
0.0,
0.0,
0.0,
0.0,
0.0,
0.0,
0.0,
0.0,
0.0,
0.0,
0.0,
0.0,
0.0,
0.0,
0.0,
0.0,
3.0,
0.0,
4.0,
0.0,
0.0,
0.0,
0.0,
0.0,
0.0,
0.0,
0.0,
0.0,
0.0,
0.0,
0.0,
0.0,
0.0,
0.0,
