0.0,
0.0,
0.0,
0.0,
0.0,
0.0,
0.0,
0.0,
7.0,
5.0,
4.0,
0.0,
8.0,
0.0,
0.0,
0.0,
3.0,
0.0,
0.0,
0.0,
0.0,
0.0,
1.0,
2.0,
0.0,
0.0,
0.0,
0.0,
0.0,
0.0,
0.0,
0.0,
0.0,
0.0,
0.0,
0.0,
0.0,
0.0,
0.0,
27.0,
0.0,
0.0,
9.0,
6.0,
0.0,
0.0,
2.0,
7.0,
7.0,
3.0,
0.0,
0.0,
0.0,
0.0,
0.0,
0.0,
0.0,
0.0,
0.0,
0.0,
0.0,
0.0,
0.0,
0.0,
12.0,
14.0,
4.0,
0.0,
0.0,
6.0,
5.0,
0.0,
5.0,
3.0,
0.0,
0.0,
0.0,
0.0,
2.0,
6.0,
0.0,
0.0,
0.0,
0.0,
0.0,
0.0,
0.0,
0.0,
0.0,
0.0,
0.0,
0.0,
0.0,
10.0,
0.0,
0.0,
10.0,
9.0,
0.0,
0.0,
0.0,
0.0,
4.0,
6.0,
6.0,
6.0,
5.0,
3.0,
0.0,
0.0,
0.0,
0.0,
0.0,
0.0,
0.0,
0.0,
0.0,
0.0,
0.0,
0.0,
18.0,
1.0,
0.0,
18.0,
0.0,
4.0,
0.0,
5.0,
5.0,
8.0,
5.0,
0.0,
0.0,
0.0,
0.0,
0.0,
0.0,
0.0,
0.0,
0.0,
0.0,
0.0,
0.0,
0.0,
0.0,
0.0,
0.0,
0.0,
0.0,
0.0,
12.0,
0.0,
13.0,
0.0,
9.0,
4.0,
1.0,
4.0,
1.0,
0.0,
0.0,
11.0,
15.0,
11.0,
0.0,
0.0,
0.0,
0.0,
0.0,
0.0,
0.0,
0.0,
0.0,
0.0,
0.0,
0.0,
1.0,
0.0,
8.0,
43.0,
224.0,
207.0,
140.0,
75.0,
7.0,
8.0,
1.0,
0.0,
0.0,
1.0,
0.0,
0.0,
0.0,
0.0,
0.0,
0.0,
0.0,
0.0,
0.0,
0.0,
0.0,
0.0,
0.0,
0.0,
4.0,
0.0,
32.0,
206.0,
244.0,
252.0,
210.0,
255.0,
254.0,
204.0,
120.0,
39.0,
0.0,
0.0,
4.0,
4.0,
0.0,
0.0,
0.0,
0.0,
0.0,
0.0,
1.0,
1.0,
0.0,
0.0,
0.0,
0.0,
0.0,
33.0,
121.0,
255.0,
214.0,
36.0,
48.0,
143.0,
214.0,
252.0,
255.0,
237.0,
131.0,
43.0,
0.0,
4.0,
1.0,
0.0,
8.0,
0.0,
0.0,
0.0,
1.0,
0.0,
0.0,
0.0,
0.0,
1.0,
11.0,
155.0,
255.0,
235.0,
248.0,
137.0,
0.0,
4.0,
5.0,
96.0,
200.0,
255.0,
255.0,
248.0,
184.0,
169.0,
64.0,
39.0,
0.0,
0.0,
0.0,
0.0,
0.0,
0.0,
0.0,
0.0,
2.0,
5.0,
44.0,
255.0,
209.0,
90.0,
182.0,
73.0,
0.0,
1.0,
0.0,
0.0,
12.0,
21.0,
92.0,
199.0,
212.0,
255.0,
230.0,
172.0,
28.0,
3.0,
0.0,
0.0,
0.0,
0.0,
0.0,
0.0,
4.0,
8.0,
208.0,
255.0,
166.0,
0.0,
0.0,
0.0,
12.0,
7.0,
3.0,
1.0,
7.0,
0.0,
0.0,
16.0,
4.0,
49.0,
41.0,
39.0,
0.0,
7.0,
0.0,
0.0,
0.0,
0.0,
0.0,
0.0,
4.0,
8.0,
255.0,
250.0,
120.0,
14.0,
8.0,
2.0,
0.0,
0.0,
0.0,
1.0,
0.0,
0.0,
5.0,
0.0,
0.0,
15.0,
0.0,
0.0,
0.0,
0.0,
0.0,
0.0,
0.0,
0.0,
0.0,
0.0,
2.0,
5.0,
213.0,
240.0,
253.0,
137.0,
4.0,
0.0,
7.0,
10.0,
2.0,
1.0,
0.0,
0.0,
3.0,
0.0,
12.0,
0.0,
1.0,
0.0,
15.0,
0.0,
0.0,
0.0,
1.0,
0.0,
0.0,
0.0,
0.0,
1.0,
28.0,
216.0,
251.0,
241.0,
249.0,
233.0,
216.0,
67.0,
0.0,
0.0,
22.0,
17.0,
2.0,
0.0,
1.0,
0.0,
2.0,
7.0,
0.0,
0.0,
0.0,
0.0,
1.0,
1.0,
0.0,
0.0,
0.0,
0.0,
2.0,
0.0,
104.0,
165.0,
236.0,
254.0,
255.0,
241.0,
133.0,
6.0,
0.0,
0.0,
0.0,
7.0,
0.0,
0.0,
0.0,
18.0,
0.0,
8.0,
0.0,
0.0,
0.0,
0.0,
0.0,
0.0,
0.0,
0.0,
0.0,
0.0,
0.0,
1.0,
0.0,
40.0,
168.0,
250.0,
238.0,
80.0,
0.0,
0.0,
0.0,
4.0,
4.0,
0.0,
0.0,
0.0,
0.0,
0.0,
0.0,
0.0,
0.0,
0.0,
0.0,
0.0,
0.0,
0.0,
0.0,
6.0,
6.0,
0.0,
9.0,
5.0,
10.0,
237.0,
255.0,
102.0,
6.0,
0.0,
0.0,
1.0,
0.0,
3.0,
0.0,
0.0,
0.0,
0.0,
0.0,
0.0,
0.0,
0.0,
0.0,
0.0,
0.0,
0.0,
0.0,
0.0,
1.0,
0.0,
7.0,
2.0,
62.0,
235.0,
255.0,
92.0,
1.0,
0.0,
3.0,
0.0,
0.0,
4.0,
0.0,
0.0,
0.0,
0.0,
0.0,
0.0,
0.0,
0.0,
0.0,
0.0,
0.0,
0.0,
2.0,
0.0,
0.0,
0.0,
3.0,
78.0,
250.0,
255.0,
151.0,
39.0,
0.0,
0.0,
3.0,
4.0,
0.0,
0.0,
0.0,
0.0,
0.0,
0.0,
0.0,
0.0,
0.0,
0.0,
0.0,
0.0,
0.0,
0.0,
5.0,
2.0,
0.0,
19.0,
58.0,
236.0,
253.0,
223.0,
45.0,
0.0,
0.0,
0.0,
0.0,
6.0,
0.0,
0.0,
0.0,
0.0,
0.0,
0.0,
0.0,
0.0,
0.0,
0.0,
0.0,
0.0,
0.0,
0.0,
0.0,
0.0,
1.0,
83.0,
255.0,
241.0,
213.0,
54.0,
3.0,
0.0,
5.0,
1.0,
0.0,
4.0,
0.0,
0.0,
0.0,
0.0,
0.0,
0.0,
0.0,
0.0,
0.0,
0.0,
0.0,
0.0,
0.0,
0.0,
4.0,
24.0,
114.0,
222.0,
248.0,
246.0,
36.0,
0.0,
3.0,
0.0,
9.0,
2.0,
0.0,
2.0,
0.0,
3.0,
0.0,
0.0,
0.0,
0.0,
0.0,
0.0,
0.0,
0.0,
0.0,
0.0,
0.0,
0.0,
2.0,
185.0,
240.0,
255.0,
221.0,
36.0,
3.0,
6.0,
5.0,
0.0,
0.0,
1.0,
2.0,
3.0,
0.0,
6.0,
0.0,
0.0,
0.0,
0.0,
0.0,
0.0,
0.0,
0.0,
0.0,
0.0,
0.0,
0.0,
138.0,
254.0,
252.0,
167.0,
59.0,
0.0,
0.0,
2.0,
0.0,
0.0,
0.0,
0.0,
0.0,
0.0,
0.0,
0.0,
0.0,
0.0,
0.0,
0.0,
0.0,
0.0,
0.0,
0.0,
0.0,
0.0,
0.0,
0.0,
86.0,
251.0,
159.0,
2.0,
3.0,
12.0,
0.0,
0.0,
0.0,
0.0,
0.0,
0.0,
0.0,
0.0,
0.0,
0.0,
0.0,
0.0,
0.0,
0.0,
0.0,
0.0,
0.0,
0.0,
0.0,
0.0,
0.0,
0.0,
0.0,
3.0,
0.0,
0.0,
0.0,
0.0,
23.0,
0.0,
0.0,
0.0,
0.0,
0.0,
0.0,
0.0,
0.0,
0.0,
0.0,
0.0,
0.0,
0.0,
0.0,
0.0,
0.0,
0.0,
0.0,
0.0,
0.0,
0.0,
8.0,
4.0,
0.0,
13.0,
8.0,
0.0,
4.0,
0.0,
0.0,
0.0,
0.0,
0.0,
0.0,
0.0,
0.0,
0.0,
0.0,
0.0,
0.0,
0.0,
