0.0,
0.0,
0.0,
0.0,
0.0,
0.0,
0.0,
0.0,
0.0,
0.0,
9.0,
0.0,
5.0,
2.0,
0.0,
4.0,
0.0,
6.0,
1.0,
0.0,
3.0,
0.0,
0.0,
6.0,
3.0,
5.0,
0.0,
0.0,
0.0,
0.0,
0.0,
0.0,
0.0,
0.0,
0.0,
0.0,
0.0,
0.0,
2.0,
0.0,
1.0,
0.0,
0.0,
4.0,
9.0,
0.0,
0.0,
0.0,
3.0,
7.0,
4.0,
0.0,
0.0,
0.0,
0.0,
12.0,
0.0,
0.0,
0.0,
0.0,
0.0,
0.0,
0.0,
0.0,
0.0,
2.0,
0.0,
6.0,
2.0,
0.0,
0.0,
0.0,
0.0,
0.0,
7.0,
8.0,
0.0,
0.0,
7.0,
6.0,
1.0,
0.0,
0.0,
17.0,
0.0,
0.0,
0.0,
0.0,
0.0,
0.0,
0.0,
0.0,
6.0,
3.0,
0.0,
10.0,
6.0,
1.0,
7.0,
1.0,
0.0,
6.0,
0.0,
0.0,
5.0,
1.0,
0.0,
0.0,
6.0,
4.0,
0.0,
5.0,
0.0,
0.0,
0.0,
0.0,
0.0,
0.0,
0.0,
0.0,
6.0,
0.0,
0.0,
0.0,
0.0,
0.0,
4.0,
0.0,
0.0,
3.0,
8.0,
6.0,
0.0,
0.0,
1.0,
6.0,
0.0,
6.0,
0.0,
0.0,
0.0,
0.0,
0.0,
0.0,
0.0,
0.0,
0.0,
0.0,
0.0,
0.0,
27.0,
7.0,
1.0,
0.0,
9.0,
0.0,
0.0,
0.0,
0.0,
0.0,
3.0,
1.0,
0.0,
0.0,
7.0,
0.0,
6.0,
0.0,
0.0,
0.0,
0.0,
0.0,
0.0,
0.0,
0.0,
0.0,
0.0,
24.0,
145.0,
117.0,
111.0,
103.0,
109.0,
102.0,
107.0,
0.0,
47.0,
134.0,
101.0,
188.0,
255.0,
128.0,
102.0,
0.0,
5.0,
0.0,
0.0,
0.0,
0.0,
0.0,
0.0,
0.0,
0.0,
0.0,
1.0,
68.0,
255.0,
252.0,
255.0,
247.0,
253.0,
251.0,
242.0,
232.0,
232.0,
241.0,
248.0,
255.0,
255.0,
247.0,
211.0,
5.0,
0.0,
1.0,
3.0,
0.0,
0.0,
12.0,
0.0,
0.0,
24.0,
5.0,
32.0,
120.0,
249.0,
251.0,
252.0,
255.0,
248.0,
252.0,
255.0,
245.0,
246.0,
255.0,
255.0,
252.0,
253.0,
250.0,
247.0,
65.0,
3.0,
6.0,
0.0,
0.0,
9.0,
0.0,
0.0,
19.0,
0.0,
82.0,
238.0,
255.0,
245.0,
255.0,
251.0,
239.0,
255.0,
255.0,
255.0,
255.0,
255.0,
255.0,
240.0,
246.0,
255.0,
255.0,
221.0,
64.0,
0.0,
0.0,
4.0,
0.0,
4.0,
0.0,
0.0,
11.0,
0.0,
216.0,
255.0,
255.0,
244.0,
253.0,
245.0,
255.0,
255.0,
241.0,
244.0,
241.0,
241.0,
247.0,
255.0,
255.0,
205.0,
128.0,
50.0,
0.0,
0.0,
6.0,
5.0,
0.0,
0.0,
19.0,
0.0,
0.0,
79.0,
255.0,
249.0,
238.0,
245.0,
255.0,
255.0,
248.0,
237.0,
244.0,
185.0,
197.0,
182.0,
118.0,
47.0,
23.0,
21.0,
11.0,
0.0,
0.0,
9.0,
3.0,
0.0,
2.0,
0.0,
7.0,
0.0,
11.0,
129.0,
238.0,
255.0,
255.0,
242.0,
223.0,
190.0,
76.0,
70.0,
39.0,
0.0,
0.0,
2.0,
4.0,
0.0,
3.0,
7.0,
0.0,
9.0,
10.0,
2.0,
0.0,
0.0,
0.0,
8.0,
0.0,
2.0,
2.0,
83.0,
255.0,
255.0,
243.0,
255.0,
31.0,
0.0,
19.0,
4.0,
9.0,
13.0,
0.0,
1.0,
5.0,
0.0,
0.0,
0.0,
0.0,
0.0,
0.0,
0.0,
0.0,
3.0,
0.0,
1.0,
0.0,
5.0,
0.0,
15.0,
224.0,
254.0,
246.0,
245.0,
255.0,
226.0,
37.0,
10.0,
0.0,
0.0,
0.0,
0.0,
4.0,
0.0,
0.0,
5.0,
6.0,
4.0,
12.0,
11.0,
4.0,
0.0,
12.0,
0.0,
0.0,
0.0,
10.0,
0.0,
87.0,
249.0,
255.0,
255.0,
238.0,
255.0,
228.0,
129.0,
2.0,
0.0,
0.0,
1.0,
6.0,
0.0,
0.0,
1.0,
0.0,
6.0,
0.0,
0.0,
1.0,
8.0,
0.0,
7.0,
4.0,
0.0,
1.0,
4.0,
15.0,
88.0,
227.0,
242.0,
255.0,
252.0,
251.0,
222.0,
143.0,
29.0,
6.0,
0.0,
3.0,
2.0,
0.0,
3.0,
11.0,
0.0,
0.0,
0.0,
0.0,
3.0,
0.0,
3.0,
0.0,
0.0,
0.0,
0.0,
4.0,
7.0,
0.0,
114.0,
230.0,
247.0,
255.0,
252.0,
242.0,
225.0,
76.0,
0.0,
2.0,
3.0,
16.0,
0.0,
0.0,
0.0,
0.0,
0.0,
0.0,
2.0,
0.0,
4.0,
0.0,
0.0,
5.0,
0.0,
0.0,
6.0,
5.0,
0.0,
0.0,
136.0,
255.0,
241.0,
255.0,
255.0,
237.0,
6.0,
6.0,
5.0,
0.0,
0.0,
9.0,
0.0,
0.0,
0.0,
0.0,
1.0,
0.0,
5.0,
0.0,
1.0,
8.0,
0.0,
0.0,
0.0,
16.0,
0.0,
18.0,
3.0,
29.0,
237.0,
255.0,
235.0,
255.0,
0.0,
0.0,
19.0,
0.0,
10.0,
2.0,
0.0,
0.0,
0.0,
0.0,
0.0,
0.0,
0.0,
0.0,
0.0,
3.0,
0.0,
10.0,
41.0,
193.0,
36.0,
0.0,
5.0,
35.0,
255.0,
229.0,
255.0,
233.0,
0.0,
4.0,
0.0,
6.0,
0.0,
0.0,
0.0,
0.0,
0.0,
0.0,
0.0,
0.0,
1.0,
0.0,
3.0,
0.0,
0.0,
36.0,
221.0,
243.0,
255.0,
164.0,
165.0,
244.0,
252.0,
255.0,
255.0,
241.0,
25.0,
4.0,
0.0,
0.0,
1.0,
4.0,
0.0,
0.0,
0.0,
0.0,
1.0,
2.0,
4.0,
0.0,
6.0,
0.0,
4.0,
66.0,
249.0,
255.0,
246.0,
255.0,
249.0,
255.0,
255.0,
237.0,
237.0,
189.0,
4.0,
0.0,
11.0,
1.0,
10.0,
0.0,
0.0,
0.0,
0.0,
0.0,
0.0,
0.0,
1.0,
0.0,
4.0,
0.0,
4.0,
80.0,
254.0,
253.0,
248.0,
254.0,
247.0,
255.0,
241.0,
255.0,
182.0,
24.0,
0.0,
3.0,
1.0,
4.0,
0.0,
3.0,
0.0,
0.0,
0.0,
0.0,
7.0,
0.0,
0.0,
4.0,
0.0,
0.0,
15.0,
49.0,
217.0,
252.0,
247.0,
255.0,
245.0,
255.0,
220.0,
179.0,
9.0,
6.0,
2.0,
0.0,
0.0,
0.0,
0.0,
1.0,
0.0,
0.0,
0.0,
0.0,
0.0,
0.0,
0.0,
4.0,
1.0,
0.0,
0.0,
15.0,
27.0,
103.0,
171.0,
253.0,
251.0,
223.0,
90.0,
0.0,
7.0,
5.0,
1.0,
0.0,
0.0,
0.0,
0.0,
1.0,
0.0,
0.0,
0.0,
0.0,
0.0,
0.0,
0.0,
4.0,
6.0,
1.0,
0.0,
0.0,
0.0,
8.0,
0.0,
6.0,
0.0,
21.0,
1.0,
0.0,
3.0,
2.0,
1.0,
0.0,
0.0,
0.0,
0.0,
0.0,
0.0,
0.0,
0.0,
0.0,
4.0,
3.0,
0.0,
0.0,
2.0,
7.0,
5.0,
0.0,
0.0,
5.0,
0.0,
1.0,
0.0,
0.0,
0.0,
6.0,
0.0,
0.0,
0.0,
1.0,
1.0,
1.0,
0.0,
0.0,
0.0,
0.0,
0.0,
0.0,
