0.0,
0.0,
0.0,
0.0,
0.0,
0.0,
0.0,
0.0,
4.0,
0.0,
0.0,
3.0,
0.0,
0.0,
6.0,
0.0,
0.0,
6.0,
7.0,
0.0,
0.0,
11.0,
0.0,
0.0,
0.0,
0.0,
0.0,
0.0,
0.0,
0.0,
0.0,
0.0,
0.0,
0.0,
0.0,
0.0,
3.0,
0.0,
0.0,
0.0,
0.0,
13.0,
11.0,
0.0,
5.0,
0.0,
0.0,
0.0,
7.0,
3.0,
0.0,
20.0,
0.0,
0.0,
0.0,
0.0,
0.0,
0.0,
0.0,
0.0,
0.0,
0.0,
0.0,
0.0,
0.0,
7.0,
6.0,
0.0,
0.0,
0.0,
0.0,
4.0,
9.0,
0.0,
0.0,
0.0,
1.0,
0.0,
0.0,
0.0,
0.0,
0.0,
0.0,
0.0,
0.0,
0.0,
0.0,
0.0,
0.0,
0.0,
0.0,
0.0,
0.0,
3.0,
0.0,
6.0,
14.0,
8.0,
0.0,
2.0,
0.0,
8.0,
0.0,
5.0,
0.0,
1.0,
13.0,
0.0,
0.0,
0.0,
0.0,
0.0,
0.0,
0.0,
0.0,
0.0,
0.0,
0.0,
0.0,
0.0,
0.0,
13.0,
0.0,
0.0,
0.0,
2.0,
0.0,
16.0,
55.0,
92.0,
78.0,
84.0,
40.0,
0.0,
0.0,
2.0,
0.0,
0.0,
0.0,
0.0,
0.0,
0.0,
0.0,
0.0,
0.0,
0.0,
0.0,
0.0,
0.0,
9.0,
0.0,
1.0,
21.0,
95.0,
123.0,
148.0,
224.0,
253.0,
251.0,
253.0,
190.0,
10.0,
0.0,
11.0,
0.0,
0.0,
0.0,
0.0,
0.0,
0.0,
0.0,
0.0,
0.0,
0.0,
0.0,
0.0,
4.0,
0.0,
0.0,
95.0,
169.0,
255.0,
255.0,
255.0,
255.0,
252.0,
255.0,
249.0,
255.0,
4.0,
0.0,
0.0,
0.0,
0.0,
0.0,
0.0,
0.0,
0.0,
0.0,
0.0,
0.0,
0.0,
0.0,
0.0,
0.0,
18.0,
104.0,
250.0,
255.0,
255.0,
233.0,
251.0,
247.0,
204.0,
189.0,
148.0,
245.0,
0.0,
16.0,
0.0,
0.0,
0.0,
0.0,
0.0,
0.0,
0.0,
0.0,
0.0,
0.0,
0.0,
0.0,
0.0,
0.0,
35.0,
197.0,
255.0,
255.0,
116.0,
0.0,
4.0,
1.0,
0.0,
5.0,
22.0,
0.0,
13.0,
3.0,
0.0,
0.0,
0.0,
0.0,
0.0,
0.0,
0.0,
0.0,
0.0,
0.0,
0.0,
0.0,
0.0,
0.0,
96.0,
245.0,
254.0,
144.0,
0.0,
19.0,
5.0,
1.0,
10.0,
0.0,
0.0,
14.0,
0.0,
4.0,
9.0,
0.0,
0.0,
0.0,
0.0,
0.0,
0.0,
0.0,
0.0,
0.0,
0.0,
0.0,
0.0,
10.0,
199.0,
245.0,
243.0,
147.0,
85.0,
79.0,
54.0,
53.0,
1.0,
0.0,
14.0,
0.0,
2.0,
11.0,
0.0,
0.0,
0.0,
0.0,
0.0,
0.0,
0.0,
0.0,
0.0,
0.0,
0.0,
0.0,
0.0,
0.0,
88.0,
244.0,
255.0,
249.0,
248.0,
255.0,
217.0,
215.0,
182.0,
172.0,
0.0,
0.0,
4.0,
0.0,
0.0,
0.0,
0.0,
0.0,
0.0,
0.0,
0.0,
0.0,
0.0,
0.0,
0.0,
0.0,
0.0,
0.0,
5.0,
113.0,
247.0,
229.0,
255.0,
237.0,
255.0,
255.0,
237.0,
250.0,
255.0,
242.0,
212.0,
73.0,
9.0,
0.0,
0.0,
0.0,
0.0,
0.0,
0.0,
0.0,
0.0,
0.0,
0.0,
0.0,
0.0,
0.0,
0.0,
13.0,
93.0,
209.0,
242.0,
242.0,
250.0,
255.0,
253.0,
249.0,
250.0,
252.0,
255.0,
253.0,
0.0,
0.0,
0.0,
0.0,
0.0,
0.0,
0.0,
0.0,
0.0,
0.0,
0.0,
0.0,
0.0,
18.0,
10.0,
0.0,
9.0,
0.0,
12.0,
27.0,
0.0,
97.0,
187.0,
154.0,
178.0,
168.0,
190.0,
252.0,
20.0,
0.0,
0.0,
0.0,
0.0,
0.0,
0.0,
0.0,
0.0,
0.0,
0.0,
0.0,
0.0,
0.0,
1.0,
1.0,
0.0,
12.0,
0.0,
0.0,
10.0,
4.0,
1.0,
6.0,
0.0,
1.0,
81.0,
253.0,
0.0,
0.0,
0.0,
0.0,
0.0,
3.0,
2.0,
0.0,
92.0,
78.0,
61.0,
0.0,
0.0,
2.0,
0.0,
22.0,
0.0,
0.0,
9.0,
0.0,
10.0,
0.0,
26.0,
0.0,
0.0,
4.0,
145.0,
243.0,
2.0,
0.0,
0.0,
0.0,
0.0,
0.0,
9.0,
3.0,
245.0,
249.0,
229.0,
173.0,
2.0,
0.0,
13.0,
0.0,
23.0,
0.0,
0.0,
7.0,
0.0,
0.0,
0.0,
0.0,
6.0,
0.0,
255.0,
250.0,
0.0,
0.0,
0.0,
0.0,
0.0,
8.0,
9.0,
0.0,
181.0,
227.0,
255.0,
235.0,
255.0,
136.0,
81.0,
49.0,
0.0,
12.0,
0.0,
6.0,
0.0,
10.0,
0.0,
63.0,
85.0,
192.0,
240.0,
255.0,
7.0,
0.0,
0.0,
0.0,
0.0,
0.0,
0.0,
2.0,
8.0,
53.0,
255.0,
248.0,
254.0,
249.0,
255.0,
178.0,
161.0,
170.0,
166.0,
163.0,
162.0,
157.0,
176.0,
194.0,
255.0,
255.0,
201.0,
79.0,
0.0,
0.0,
0.0,
0.0,
0.0,
5.0,
10.0,
0.0,
0.0,
0.0,
14.0,
111.0,
254.0,
254.0,
253.0,
253.0,
255.0,
253.0,
251.0,
248.0,
255.0,
246.0,
255.0,
255.0,
246.0,
199.0,
0.0,
1.0,
10.0,
0.0,
0.0,
0.0,
0.0,
0.0,
30.0,
0.0,
0.0,
30.0,
0.0,
0.0,
95.0,
187.0,
83.0,
204.0,
241.0,
249.0,
255.0,
254.0,
255.0,
255.0,
229.0,
255.0,
89.0,
9.0,
7.0,
0.0,
0.0,
0.0,
0.0,
0.0,
0.0,
5.0,
0.0,
0.0,
0.0,
0.0,
5.0,
7.0,
0.0,
14.0,
0.0,
18.0,
162.0,
161.0,
172.0,
186.0,
152.0,
153.0,
18.0,
0.0,
0.0,
5.0,
6.0,
0.0,
0.0,
0.0,
0.0,
0.0,
0.0,
1.0,
4.0,
0.0,
12.0,
0.0,
0.0,
1.0,
4.0,
0.0,
2.0,
0.0,
0.0,
16.0,
0.0,
0.0,
9.0,
2.0,
0.0,
12.0,
0.0,
3.0,
0.0,
4.0,
5.0,
0.0,
0.0,
0.0,
0.0,
0.0,
0.0,
0.0,
0.0,
0.0,
0.0,
0.0,
0.0,
0.0,
0.0,
0.0,
0.0,
0.0,
0.0,
0.0,
0.0,
0.0,
0.0,
0.0,
0.0,
0.0,
0.0,
0.0,
0.0,
0.0,
0.0,
0.0,
0.0,
0.0,
0.0,
0.0,
0.0,
0.0,
0.0,
0.0,
0.0,
0.0,
0.0,
0.0,
0.0,
0.0,
0.0,
0.0,
0.0,
0.0,
0.0,
0.0,
0.0,
0.0,
0.0,
0.0,
0.0,
0.0,
0.0,
0.0,
0.0,
0.0,
0.0,
0.0,
0.0,
0.0,
0.0,
0.0,
0.0,
0.0,
0.0,
0.0,
0.0,
0.0,
0.0,
0.0,
0.0,
0.0,
0.0,
0.0,
0.0,
0.0,
0.0,
0.0,
0.0,
0.0,
0.0,
0.0,
0.0,
0.0,
0.0,
0.0,
0.0,
0.0,
0.0,
0.0,
0.0,
0.0,
0.0,
0.0,
0.0,
0.0,
0.0,
0.0,
0.0,
0.0,
0.0,
0.0,
0.0,
0.0,
0.0,
0.0,
0.0,
0.0,
0.0,
0.0,
0.0,
