0.0,
0.0,
0.0,
0.0,
0.0,
0.0,
0.0,
0.0,
0.0,
0.0,
0.0,
0.0,
5.0,
7.0,
7.0,
0.0,
5.0,
5.0,
6.0,
4.0,
0.0,
0.0,
0.0,
8.0,
0.0,
0.0,
0.0,
0.0,
0.0,
0.0,
0.0,
0.0,
0.0,
0.0,
0.0,
0.0,
0.0,
9.0,
14.0,
11.0,
0.0,
0.0,
0.0,
10.0,
0.0,
0.0,
0.0,
0.0,
6.0,
12.0,
4.0,
0.0,
0.0,
0.0,
0.0,
0.0,
0.0,
0.0,
0.0,
0.0,
0.0,
0.0,
0.0,
0.0,
0.0,
0.0,
0.0,
0.0,
0.0,
4.0,
0.0,
0.0,
7.0,
16.0,
13.0,
0.0,
0.0,
0.0,
3.0,
5.0,
0.0,
0.0,
0.0,
0.0,
0.0,
0.0,
0.0,
0.0,
0.0,
0.0,
0.0,
0.0,
0.0,
4.0,
13.0,
3.0,
0.0,
4.0,
0.0,
0.0,
0.0,
0.0,
0.0,
0.0,
2.0,
4.0,
0.0,
0.0,
0.0,
0.0,
0.0,
0.0,
0.0,
0.0,
0.0,
0.0,
0.0,
0.0,
0.0,
0.0,
7.0,
0.0,
0.0,
1.0,
5.0,
1.0,
0.0,
8.0,
9.0,
4.0,
3.0,
3.0,
1.0,
0.0,
1.0,
8.0,
0.0,
0.0,
0.0,
0.0,
0.0,
0.0,
0.0,
0.0,
0.0,
0.0,
0.0,
0.0,
0.0,
15.0,
118.0,
216.0,
251.0,
209.0,
132.0,
124.0,
21.0,
9.0,
0.0,
0.0,
1.0,
4.0,
1.0,
0.0,
0.0,
0.0,
0.0,
0.0,
0.0,
0.0,
0.0,
0.0,
0.0,
0.0,
0.0,
0.0,
0.0,
67.0,
211.0,
255.0,
255.0,
255.0,
237.0,
255.0,
255.0,
206.0,
102.0,
14.0,
0.0,
6.0,
11.0,
0.0,
0.0,
0.0,
0.0,
0.0,
0.0,
0.0,
0.0,
0.0,
0.0,
0.0,
0.0,
0.0,
13.0,
135.0,
255.0,
255.0,
236.0,
255.0,
251.0,
248.0,
238.0,
255.0,
248.0,
130.0,
20.0,
0.0,
0.0,
3.0,
0.0,
0.0,
0.0,
0.0,
0.0,
0.0,
0.0,
0.0,
0.0,
0.0,
0.0,
0.0,
0.0,
169.0,
248.0,
255.0,
138.0,
22.0,
22.0,
16.0,
47.0,
143.0,
160.0,
148.0,
46.0,
12.0,
0.0,
1.0,
0.0,
0.0,
0.0,
0.0,
0.0,
0.0,
0.0,
0.0,
0.0,
0.0,
0.0,
0.0,
4.0,
219.0,
252.0,
248.0,
45.0,
0.0,
0.0,
12.0,
0.0,
6.0,
0.0,
0.0,
0.0,
0.0,
5.0,
6.0,
0.0,
0.0,
0.0,
0.0,
0.0,
0.0,
0.0,
0.0,
0.0,
0.0,
0.0,
0.0,
0.0,
239.0,
255.0,
255.0,
37.0,
19.0,
0.0,
0.0,
2.0,
2.0,
5.0,
5.0,
0.0,
0.0,
6.0,
0.0,
0.0,
0.0,
0.0,
0.0,
0.0,
0.0,
0.0,
0.0,
0.0,
0.0,
0.0,
0.0,
3.0,
216.0,
233.0,
184.0,
4.0,
0.0,
9.0,
1.0,
0.0,
0.0,
0.0,
0.0,
0.0,
0.0,
14.0,
0.0,
0.0,
0.0,
0.0,
0.0,
0.0,
0.0,
0.0,
0.0,
0.0,
0.0,
0.0,
0.0,
0.0,
231.0,
255.0,
169.0,
16.0,
0.0,
16.0,
0.0,
3.0,
4.0,
0.0,
12.0,
6.0,
2.0,
2.0,
0.0,
0.0,
0.0,
0.0,
0.0,
0.0,
0.0,
0.0,
0.0,
0.0,
0.0,
0.0,
0.0,
0.0,
243.0,
248.0,
174.0,
78.0,
103.0,
130.0,
111.0,
21.0,
10.0,
0.0,
0.0,
6.0,
0.0,
0.0,
9.0,
0.0,
0.0,
0.0,
0.0,
0.0,
0.0,
0.0,
0.0,
0.0,
0.0,
0.0,
0.0,
0.0,
228.0,
255.0,
255.0,
246.0,
255.0,
255.0,
251.0,
209.0,
162.0,
53.0,
0.0,
4.0,
0.0,
0.0,
0.0,
0.0,
0.0,
0.0,
0.0,
0.0,
0.0,
0.0,
0.0,
0.0,
0.0,
0.0,
0.0,
16.0,
219.0,
249.0,
251.0,
243.0,
185.0,
196.0,
238.0,
247.0,
255.0,
173.0,
18.0,
11.0,
0.0,
11.0,
3.0,
0.0,
0.0,
0.0,
0.0,
0.0,
0.0,
0.0,
0.0,
0.0,
0.0,
0.0,
0.0,
4.0,
185.0,
192.0,
207.0,
67.0,
0.0,
16.0,
86.0,
212.0,
254.0,
255.0,
184.0,
0.0,
0.0,
15.0,
0.0,
0.0,
0.0,
0.0,
0.0,
0.0,
0.0,
0.0,
0.0,
0.0,
0.0,
0.0,
0.0,
8.0,
0.0,
14.0,
7.0,
5.0,
0.0,
7.0,
0.0,
46.0,
215.0,
242.0,
242.0,
28.0,
5.0,
0.0,
5.0,
0.0,
0.0,
0.0,
0.0,
0.0,
0.0,
0.0,
0.0,
0.0,
0.0,
0.0,
0.0,
0.0,
0.0,
5.0,
0.0,
0.0,
1.0,
0.0,
11.0,
0.0,
63.0,
238.0,
248.0,
80.0,
5.0,
0.0,
13.0,
0.0,
0.0,
0.0,
0.0,
0.0,
0.0,
0.0,
0.0,
0.0,
0.0,
0.0,
0.0,
6.0,
27.0,
0.0,
0.0,
2.0,
4.0,
0.0,
7.0,
20.0,
51.0,
255.0,
247.0,
110.0,
5.0,
0.0,
0.0,
0.0,
0.0,
0.0,
0.0,
0.0,
0.0,
0.0,
0.0,
0.0,
0.0,
0.0,
0.0,
0.0,
0.0,
2.0,
4.0,
2.0,
0.0,
16.0,
0.0,
0.0,
186.0,
251.0,
255.0,
79.0,
10.0,
1.0,
0.0,
0.0,
0.0,
0.0,
0.0,
0.0,
0.0,
0.0,
0.0,
0.0,
0.0,
0.0,
0.0,
14.0,
0.0,
0.0,
0.0,
3.0,
8.0,
0.0,
24.0,
76.0,
248.0,
255.0,
237.0,
29.0,
8.0,
0.0,
8.0,
0.0,
0.0,
0.0,
0.0,
0.0,
0.0,
0.0,
0.0,
0.0,
0.0,
0.0,
0.0,
0.0,
23.0,
0.0,
6.0,
14.0,
0.0,
25.0,
180.0,
255.0,
252.0,
245.0,
136.0,
12.0,
0.0,
0.0,
3.0,
0.0,
0.0,
0.0,
0.0,
0.0,
0.0,
0.0,
0.0,
0.0,
0.0,
0.0,
0.0,
3.0,
0.0,
0.0,
91.0,
215.0,
139.0,
221.0,
255.0,
253.0,
244.0,
146.0,
3.0,
3.0,
0.0,
0.0,
2.0,
0.0,
0.0,
0.0,
0.0,
0.0,
0.0,
0.0,
0.0,
0.0,
0.0,
0.0,
0.0,
0.0,
0.0,
3.0,
49.0,
219.0,
255.0,
251.0,
235.0,
107.0,
49.0,
0.0,
0.0,
3.0,
2.0,
0.0,
2.0,
0.0,
0.0,
0.0,
0.0,
0.0,
0.0,
0.0,
0.0,
0.0,
0.0,
0.0,
0.0,
0.0,
8.0,
2.0,
0.0,
25.0,
1.0,
0.0,
0.0,
19.0,
4.0,
0.0,
6.0,
8.0,
0.0,
0.0,
3.0,
0.0,
0.0,
0.0,
0.0,
0.0,
0.0,
0.0,
0.0,
0.0,
0.0,
0.0,
0.0,
0.0,
3.0,
4.0,
0.0,
5.0,
0.0,
1.0,
13.0,
0.0,
0.0,
0.0,
4.0,
0.0,
0.0,
0.0,
8.0,
0.0,
0.0,
0.0,
0.0,
0.0,
0.0,
0.0,
0.0,
0.0,
0.0,
0.0,
0.0,
6.0,
3.0,
0.0,
4.0,
0.0,
6.0,
0.0,
0.0,
6.0,
5.0,
0.0,
0.0,
0.0,
2.0,
4.0,
3.0,
0.0,
0.0,
0.0,
0.0,
