0.0,
0.0,
0.0,
0.0,
0.0,
0.0,
0.0,
0.0,
0.0,
10.0,
6.0,
0.0,
2.0,
7.0,
0.0,
0.0,
4.0,
0.0,
0.0,
0.0,
2.0,
3.0,
0.0,
0.0,
1.0,
3.0,
2.0,
0.0,
0.0,
0.0,
0.0,
0.0,
0.0,
0.0,
0.0,
0.0,
9.0,
0.0,
0.0,
0.0,
0.0,
0.0,
0.0,
0.0,
2.0,
3.0,
3.0,
0.0,
0.0,
0.0,
1.0,
9.0,
2.0,
0.0,
9.0,
7.0,
0.0,
0.0,
0.0,
0.0,
0.0,
0.0,
0.0,
0.0,
3.0,
0.0,
0.0,
9.0,
1.0,
3.0,
10.0,
0.0,
0.0,
0.0,
5.0,
7.0,
3.0,
0.0,
0.0,
0.0,
0.0,
0.0,
0.0,
10.0,
0.0,
0.0,
0.0,
0.0,
0.0,
0.0,
0.0,
0.0,
0.0,
1.0,
3.0,
0.0,
0.0,
0.0,
0.0,
0.0,
7.0,
2.0,
0.0,
0.0,
0.0,
7.0,
9.0,
6.0,
0.0,
2.0,
0.0,
0.0,
0.0,
0.0,
0.0,
0.0,
0.0,
0.0,
0.0,
0.0,
0.0,
10.0,
0.0,
0.0,
3.0,
0.0,
0.0,
17.0,
0.0,
0.0,
0.0,
0.0,
0.0,
3.0,
1.0,
0.0,
0.0,
14.0,
2.0,
0.0,
0.0,
0.0,
0.0,
0.0,
0.0,
0.0,
0.0,
0.0,
0.0,
0.0,
0.0,
2.0,
10.0,
0.0,
0.0,
7.0,
0.0,
6.0,
8.0,
1.0,
0.0,
3.0,
5.0,
2.0,
1.0,
0.0,
3.0,
0.0,
0.0,
0.0,
0.0,
0.0,
0.0,
0.0,
0.0,
0.0,
3.0,
0.0,
2.0,
1.0,
0.0,
7.0,
17.0,
0.0,
0.0,
0.0,
0.0,
0.0,
15.0,
52.0,
76.0,
79.0,
87.0,
0.0,
0.0,
0.0,
0.0,
0.0,
0.0,
0.0,
0.0,
0.0,
0.0,
0.0,
4.0,
0.0,
13.0,
0.0,
0.0,
95.0,
158.0,
88.0,
36.0,
44.0,
70.0,
125.0,
200.0,
252.0,
253.0,
228.0,
205.0,
12.0,
0.0,
8.0,
0.0,
0.0,
0.0,
0.0,
0.0,
0.0,
0.0,
0.0,
0.0,
9.0,
0.0,
52.0,
192.0,
247.0,
254.0,
255.0,
245.0,
255.0,
255.0,
245.0,
191.0,
143.0,
92.0,
21.0,
0.0,
0.0,
0.0,
0.0,
0.0,
0.0,
0.0,
0.0,
0.0,
0.0,
0.0,
0.0,
5.0,
0.0,
0.0,
89.0,
243.0,
255.0,
196.0,
132.0,
113.0,
92.0,
57.0,
16.0,
6.0,
4.0,
0.0,
7.0,
0.0,
0.0,
0.0,
0.0,
0.0,
0.0,
0.0,
0.0,
0.0,
0.0,
0.0,
0.0,
10.0,
15.0,
97.0,
234.0,
254.0,
173.0,
26.0,
7.0,
0.0,
2.0,
18.0,
0.0,
0.0,
4.0,
0.0,
6.0,
0.0,
0.0,
0.0,
0.0,
0.0,
0.0,
0.0,
0.0,
0.0,
0.0,
0.0,
0.0,
0.0,
54.0,
255.0,
245.0,
255.0,
124.0,
84.0,
56.0,
6.0,
0.0,
0.0,
7.0,
0.0,
1.0,
6.0,
0.0,
0.0,
0.0,
0.0,
0.0,
0.0,
0.0,
0.0,
0.0,
0.0,
0.0,
0.0,
0.0,
1.0,
60.0,
202.0,
232.0,
248.0,
253.0,
248.0,
255.0,
173.0,
101.0,
2.0,
0.0,
6.0,
0.0,
4.0,
4.0,
0.0,
0.0,
0.0,
0.0,
0.0,
0.0,
0.0,
0.0,
0.0,
0.0,
0.0,
0.0,
20.0,
0.0,
0.0,
6.0,
57.0,
79.0,
148.0,
213.0,
243.0,
251.0,
124.0,
7.0,
2.0,
1.0,
0.0,
0.0,
0.0,
0.0,
0.0,
0.0,
0.0,
0.0,
0.0,
0.0,
0.0,
0.0,
0.0,
0.0,
0.0,
11.0,
2.0,
9.0,
0.0,
12.0,
7.0,
23.0,
153.0,
244.0,
247.0,
78.0,
0.0,
8.0,
0.0,
9.0,
0.0,
0.0,
0.0,
0.0,
0.0,
0.0,
0.0,
0.0,
0.0,
0.0,
0.0,
0.0,
0.0,
0.0,
2.0,
0.0,
11.0,
0.0,
0.0,
0.0,
3.0,
79.0,
253.0,
158.0,
0.0,
4.0,
0.0,
0.0,
0.0,
0.0,
0.0,
0.0,
1.0,
4.0,
0.0,
0.0,
20.0,
0.0,
24.0,
0.0,
0.0,
0.0,
1.0,
4.0,
0.0,
0.0,
0.0,
0.0,
9.0,
98.0,
255.0,
151.0,
0.0,
9.0,
0.0,
5.0,
0.0,
0.0,
0.0,
0.0,
0.0,
0.0,
8.0,
9.0,
0.0,
4.0,
23.0,
46.0,
139.0,
131.0,
125.0,
128.0,
139.0,
147.0,
148.0,
145.0,
169.0,
253.0,
247.0,
78.0,
0.0,
8.0,
0.0,
6.0,
0.0,
0.0,
0.0,
0.0,
0.0,
0.0,
5.0,
0.0,
1.0,
197.0,
232.0,
255.0,
246.0,
255.0,
255.0,
255.0,
250.0,
247.0,
244.0,
238.0,
255.0,
247.0,
111.0,
8.0,
8.0,
2.0,
0.0,
3.0,
0.0,
0.0,
0.0,
0.0,
0.0,
11.0,
7.0,
0.0,
3.0,
250.0,
255.0,
246.0,
245.0,
255.0,
255.0,
251.0,
247.0,
255.0,
255.0,
255.0,
178.0,
79.0,
0.0,
0.0,
10.0,
0.0,
6.0,
0.0,
0.0,
0.0,
0.0,
0.0,
7.0,
0.0,
0.0,
3.0,
7.0,
161.0,
223.0,
241.0,
255.0,
249.0,
238.0,
241.0,
251.0,
227.0,
151.0,
76.0,
29.0,
0.0,
0.0,
8.0,
0.0,
2.0,
18.0,
0.0,
0.0,
0.0,
0.0,
0.0,
4.0,
0.0,
2.0,
19.0,
0.0,
0.0,
0.0,
0.0,
59.0,
84.0,
95.0,
69.0,
28.0,
3.0,
0.0,
5.0,
0.0,
0.0,
19.0,
2.0,
0.0,
5.0,
0.0,
2.0,
0.0,
0.0,
0.0,
0.0,
3.0,
0.0,
0.0,
1.0,
1.0,
5.0,
13.0,
1.0,
1.0,
0.0,
0.0,
1.0,
4.0,
3.0,
0.0,
0.0,
4.0,
2.0,
0.0,
0.0,
8.0,
1.0,
0.0,
5.0,
0.0,
0.0,
0.0,
0.0,
7.0,
0.0,
3.0,
0.0,
0.0,
2.0,
0.0,
3.0,
3.0,
0.0,
0.0,
0.0,
2.0,
0.0,
0.0,
1.0,
4.0,
2.0,
0.0,
3.0,
3.0,
0.0,
3.0,
1.0,
0.0,
0.0,
0.0,
0.0,
0.0,
0.0,
0.0,
0.0,
0.0,
0.0,
0.0,
0.0,
0.0,
0.0,
0.0,
0.0,
0.0,
0.0,
0.0,
0.0,
0.0,
0.0,
0.0,
0.0,
0.0,
0.0,
0.0,
0.0,
0.0,
0.0,
0.0,
0.0,
0.0,
0.0,
0.0,
0.0,
0.0,
0.0,
0.0,
0.0,
0.0,
0.0,
0.0,
0.0,
0.0,
0.0,
0.0,
0.0,
0.0,
0.0,
0.0,
0.0,
0.0,
0.0,
0.0,
0.0,
0.0,
0.0,
0.0,
0.0,
0.0,
0.0,
0.0,
0.0,
0.0,
0.0,
0.0,
0.0,
0.0,
0.0,
0.0,
0.0,
0.0,
0.0,
0.0,
0.0,
0.0,
0.0,
0.0,
0.0,
0.0,
0.0,
0.0,
0.0,
0.0,
0.0,
0.0,
0.0,
0.0,
0.0,
0.0,
0.0,
0.0,
0.0,
0.0,
0.0,
0.0,
0.0,
0.0,
0.0,
0.0,
0.0,
0.0,
0.0,
0.0,
0.0,
0.0,
0.0,
0.0,
0.0,
0.0,
0.0,
0.0,
0.0,
0.0,
0.0,
