0.0,
0.0,
0.0,
0.0,
0.0,
0.0,
0.0,
0.0,
5.0,
0.0,
12.0,
0.0,
0.0,
0.0,
10.0,
4.0,
0.0,
0.0,
2.0,
1.0,
0.0,
0.0,
0.0,
0.0,
0.0,
0.0,
0.0,
0.0,
0.0,
0.0,
0.0,
0.0,
0.0,
0.0,
0.0,
0.0,
14.0,
0.0,
0.0,
3.0,
7.0,
4.0,
0.0,
0.0,
0.0,
1.0,
0.0,
0.0,
0.0,
0.0,
0.0,
0.0,
0.0,
0.0,
0.0,
0.0,
0.0,
0.0,
0.0,
0.0,
0.0,
0.0,
0.0,
0.0,
0.0,
0.0,
0.0,
6.0,
0.0,
0.0,
0.0,
14.0,
0.0,
0.0,
2.0,
13.0,
15.0,
5.0,
1.0,
4.0,
0.0,
0.0,
0.0,
0.0,
0.0,
0.0,
0.0,
0.0,
0.0,
0.0,
0.0,
0.0,
5.0,
1.0,
0.0,
0.0,
14.0,
2.0,
2.0,
0.0,
8.0,
0.0,
0.0,
0.0,
0.0,
0.0,
0.0,
3.0,
0.0,
0.0,
0.0,
0.0,
0.0,
0.0,
0.0,
0.0,
0.0,
0.0,
0.0,
0.0,
3.0,
5.0,
8.0,
0.0,
5.0,
0.0,
16.0,
0.0,
0.0,
3.0,
2.0,
0.0,
0.0,
9.0,
12.0,
6.0,
0.0,
0.0,
0.0,
0.0,
0.0,
0.0,
0.0,
0.0,
0.0,
0.0,
0.0,
0.0,
0.0,
0.0,
0.0,
0.0,
0.0,
15.0,
128.0,
172.0,
217.0,
252.0,
255.0,
243.0,
231.0,
220.0,
162.0,
90.0,
0.0,
0.0,
0.0,
0.0,
0.0,
0.0,
0.0,
0.0,
0.0,
0.0,
0.0,
0.0,
0.0,
0.0,
59.0,
212.0,
240.0,
245.0,
255.0,
241.0,
246.0,
246.0,
246.0,
252.0,
255.0,
238.0,
174.0,
111.0,
0.0,
0.0,
0.0,
0.0,
0.0,
0.0,
0.0,
0.0,
0.0,
0.0,
0.0,
0.0,
12.0,
0.0,
30.0,
240.0,
247.0,
255.0,
246.0,
225.0,
207.0,
110.0,
34.0,
32.0,
42.0,
19.0,
0.0,
2.0,
0.0,
0.0,
0.0,
0.0,
0.0,
0.0,
0.0,
0.0,
0.0,
0.0,
0.0,
0.0,
10.0,
113.0,
22.0,
40.0,
98.0,
75.0,
55.0,
0.0,
0.0,
2.0,
0.0,
0.0,
0.0,
0.0,
0.0,
3.0,
0.0,
0.0,
0.0,
0.0,
0.0,
0.0,
0.0,
0.0,
0.0,
0.0,
0.0,
0.0,
0.0,
198.0,
255.0,
230.0,
26.0,
7.0,
0.0,
7.0,
1.0,
0.0,
2.0,
21.0,
0.0,
0.0,
0.0,
0.0,
0.0,
0.0,
0.0,
0.0,
0.0,
0.0,
0.0,
0.0,
0.0,
0.0,
0.0,
0.0,
31.0,
247.0,
255.0,
253.0,
44.0,
0.0,
0.0,
7.0,
0.0,
8.0,
0.0,
0.0,
0.0,
10.0,
0.0,
3.0,
0.0,
0.0,
0.0,
0.0,
0.0,
0.0,
0.0,
0.0,
0.0,
0.0,
0.0,
0.0,
58.0,
255.0,
232.0,
142.0,
20.0,
0.0,
14.0,
0.0,
0.0,
5.0,
11.0,
15.0,
0.0,
0.0,
0.0,
0.0,
0.0,
0.0,
0.0,
0.0,
0.0,
0.0,
0.0,
0.0,
0.0,
0.0,
0.0,
0.0,
145.0,
255.0,
255.0,
132.0,
39.0,
46.0,
96.0,
123.0,
98.0,
16.0,
0.0,
0.0,
0.0,
0.0,
14.0,
0.0,
0.0,
0.0,
0.0,
0.0,
0.0,
0.0,
0.0,
0.0,
0.0,
0.0,
0.0,
0.0,
112.0,
243.0,
245.0,
223.0,
234.0,
255.0,
255.0,
255.0,
255.0,
225.0,
111.0,
3.0,
1.0,
15.0,
1.0,
0.0,
0.0,
0.0,
0.0,
0.0,
0.0,
0.0,
0.0,
0.0,
0.0,
0.0,
0.0,
0.0,
42.0,
255.0,
255.0,
255.0,
255.0,
239.0,
163.0,
66.0,
82.0,
227.0,
224.0,
116.0,
0.0,
1.0,
0.0,
10.0,
0.0,
0.0,
0.0,
0.0,
0.0,
0.0,
0.0,
0.0,
0.0,
0.0,
0.0,
0.0,
0.0,
46.0,
130.0,
162.0,
92.0,
29.0,
0.0,
0.0,
4.0,
122.0,
254.0,
255.0,
1.0,
0.0,
14.0,
0.0,
0.0,
0.0,
0.0,
0.0,
0.0,
11.0,
0.0,
0.0,
0.0,
0.0,
13.0,
0.0,
0.0,
0.0,
11.0,
9.0,
0.0,
7.0,
15.0,
0.0,
1.0,
132.0,
246.0,
244.0,
0.0,
24.0,
0.0,
7.0,
0.0,
0.0,
0.0,
0.0,
0.0,
2.0,
5.0,
0.0,
0.0,
0.0,
0.0,
11.0,
6.0,
12.0,
0.0,
0.0,
6.0,
0.0,
0.0,
11.0,
5.0,
134.0,
255.0,
255.0,
0.0,
0.0,
23.0,
0.0,
0.0,
0.0,
0.0,
0.0,
2.0,
0.0,
0.0,
0.0,
12.0,
15.0,
0.0,
0.0,
0.0,
0.0,
18.0,
4.0,
3.0,
15.0,
0.0,
0.0,
35.0,
232.0,
255.0,
252.0,
0.0,
6.0,
6.0,
0.0,
0.0,
0.0,
0.0,
0.0,
7.0,
0.0,
7.0,
0.0,
0.0,
0.0,
0.0,
14.0,
1.0,
10.0,
0.0,
5.0,
0.0,
0.0,
17.0,
0.0,
163.0,
245.0,
255.0,
240.0,
0.0,
7.0,
0.0,
0.0,
0.0,
0.0,
0.0,
0.0,
3.0,
0.0,
0.0,
12.0,
0.0,
0.0,
11.0,
0.0,
0.0,
0.0,
13.0,
0.0,
0.0,
0.0,
7.0,
147.0,
239.0,
255.0,
229.0,
102.0,
0.0,
0.0,
9.0,
1.0,
0.0,
0.0,
0.0,
0.0,
0.0,
0.0,
0.0,
13.0,
0.0,
9.0,
78.0,
73.0,
1.0,
9.0,
0.0,
0.0,
10.0,
36.0,
158.0,
255.0,
255.0,
251.0,
99.0,
0.0,
4.0,
0.0,
11.0,
0.0,
0.0,
0.0,
0.0,
0.0,
0.0,
6.0,
11.0,
2.0,
0.0,
5.0,
124.0,
243.0,
146.0,
70.0,
46.0,
36.0,
77.0,
195.0,
255.0,
248.0,
237.0,
87.0,
0.0,
22.0,
0.0,
0.0,
2.0,
0.0,
0.0,
0.0,
0.0,
0.0,
4.0,
0.0,
0.0,
0.0,
14.0,
1.0,
17.0,
130.0,
226.0,
247.0,
254.0,
255.0,
255.0,
252.0,
240.0,
216.0,
88.0,
0.0,
7.0,
0.0,
0.0,
12.0,
0.0,
3.0,
0.0,
0.0,
0.0,
0.0,
0.0,
0.0,
0.0,
0.0,
0.0,
0.0,
0.0,
0.0,
45.0,
155.0,
166.0,
235.0,
161.0,
155.0,
21.0,
0.0,
0.0,
0.0,
0.0,
0.0,
0.0,
0.0,
0.0,
0.0,
0.0,
0.0,
0.0,
0.0,
0.0,
0.0,
0.0,
0.0,
0.0,
0.0,
0.0,
0.0,
0.0,
14.0,
0.0,
0.0,
0.0,
4.0,
0.0,
4.0,
0.0,
0.0,
0.0,
0.0,
0.0,
0.0,
0.0,
0.0,
0.0,
0.0,
0.0,
0.0,
0.0,
0.0,
0.0,
0.0,
0.0,
0.0,
0.0,
0.0,
5.0,
9.0,
6.0,
0.0,
12.0,
0.0,
3.0,
6.0,
0.0,
0.0,
0.0,
0.0,
0.0,
0.0,
0.0,
0.0,
0.0,
0.0,
0.0,
0.0,
0.0,
0.0,
0.0,
0.0,
0.0,
0.0,
0.0,
0.0,
0.0,
0.0,
0.0,
3.0,
9.0,
7.0,
0.0,
0.0,
0.0,
0.0,
0.0,
0.0,
0.0,
0.0,
0.0,
0.0,
0.0,
0.0,
0.0,
0.0,
