0.0,
0.0,
2.0,
1.0,
10.0,
0.0,
1.0,
0.0,
0.0,
12.0,
0.0,
0.0,
0.0,
12.0,
0.0,
7.0,
6.0,
0.0,
4.0,
0.0,
11.0,
0.0,
5.0,
0.0,
0.0,
0.0,
0.0,
0.0,
0.0,
15.0,
7.0,
0.0,
0.0,
6.0,
19.0,
0.0,
13.0,
0.0,
3.0,
7.0,
0.0,
0.0,
6.0,
0.0,
0.0,
9.0,
1.0,
6.0,
0.0,
1.0,
0.0,
3.0,
0.0,
0.0,
0.0,
0.0,
0.0,
0.0,
0.0,
7.0,
9.0,
0.0,
0.0,
4.0,
3.0,
10.0,
0.0,
4.0,
4.0,
0.0,
27.0,
0.0,
0.0,
6.0,
0.0,
3.0,
0.0,
17.0,
0.0,
0.0,
0.0,
0.0,
0.0,
0.0,
0.0,
14.0,
1.0,
4.0,
6.0,
0.0,
2.0,
3.0,
0.0,
0.0,
23.0,
0.0,
7.0,
20.0,
0.0,
0.0,
0.0,
0.0,
1.0,
0.0,
2.0,
0.0,
0.0,
15.0,
0.0,
0.0,
0.0,
0.0,
5.0,
1.0,
0.0,
0.0,
8.0,
6.0,
0.0,
0.0,
4.0,
0.0,
0.0,
3.0,
0.0,
0.0,
4.0,
0.0,
8.0,
7.0,
0.0,
0.0,
1.0,
5.0,
0.0,
0.0,
0.0,
0.0,
0.0,
0.0,
0.0,
0.0,
11.0,
0.0,
0.0,
70.0,
171.0,
255.0,
242.0,
255.0,
255.0,
243.0,
255.0,
235.0,
73.0,
176.0,
255.0,
233.0,
131.0,
63.0,
0.0,
13.0,
4.0,
0.0,
0.0,
0.0,
0.0,
0.0,
0.0,
2.0,
12.0,
0.0,
16.0,
234.0,
251.0,
243.0,
255.0,
228.0,
245.0,
255.0,
246.0,
248.0,
250.0,
255.0,
242.0,
255.0,
251.0,
202.0,
28.0,
0.0,
0.0,
5.0,
0.0,
0.0,
0.0,
0.0,
1.0,
0.0,
0.0,
2.0,
0.0,
255.0,
253.0,
255.0,
249.0,
255.0,
255.0,
235.0,
255.0,
255.0,
245.0,
254.0,
255.0,
243.0,
255.0,
239.0,
92.0,
6.0,
0.0,
6.0,
0.0,
0.0,
0.0,
0.0,
0.0,
6.0,
2.0,
0.0,
7.0,
252.0,
255.0,
247.0,
248.0,
255.0,
255.0,
250.0,
250.0,
251.0,
253.0,
255.0,
255.0,
246.0,
255.0,
245.0,
90.0,
5.0,
3.0,
0.0,
0.0,
0.0,
0.0,
0.0,
2.0,
0.0,
0.0,
4.0,
1.0,
247.0,
248.0,
254.0,
246.0,
173.0,
113.0,
108.0,
122.0,
118.0,
105.0,
99.0,
239.0,
245.0,
255.0,
199.0,
13.0,
0.0,
17.0,
0.0,
0.0,
0.0,
0.0,
0.0,
4.0,
1.0,
0.0,
5.0,
0.0,
251.0,
255.0,
249.0,
255.0,
113.0,
3.0,
0.0,
0.0,
0.0,
4.0,
14.0,
61.0,
247.0,
224.0,
51.0,
0.0,
13.0,
0.0,
9.0,
0.0,
0.0,
0.0,
0.0,
3.0,
0.0,
0.0,
10.0,
0.0,
178.0,
255.0,
248.0,
246.0,
96.0,
1.0,
4.0,
5.0,
0.0,
0.0,
0.0,
21.0,
0.0,
0.0,
10.0,
0.0,
0.0,
0.0,
0.0,
0.0,
0.0,
0.0,
0.0,
0.0,
0.0,
0.0,
18.0,
0.0,
70.0,
238.0,
255.0,
255.0,
118.0,
16.0,
0.0,
0.0,
0.0,
5.0,
0.0,
0.0,
2.0,
2.0,
0.0,
0.0,
0.0,
0.0,
14.0,
0.0,
0.0,
0.0,
0.0,
0.0,
10.0,
0.0,
0.0,
4.0,
64.0,
255.0,
253.0,
255.0,
218.0,
205.0,
218.0,
222.0,
226.0,
227.0,
214.0,
53.0,
29.0,
32.0,
47.0,
30.0,
0.0,
3.0,
0.0,
0.0,
0.0,
0.0,
0.0,
0.0,
13.0,
0.0,
0.0,
4.0,
79.0,
247.0,
249.0,
248.0,
255.0,
255.0,
255.0,
248.0,
246.0,
249.0,
251.0,
255.0,
240.0,
246.0,
251.0,
171.0,
80.0,
84.0,
7.0,
0.0,
0.0,
0.0,
0.0,
4.0,
0.0,
3.0,
9.0,
0.0,
24.0,
170.0,
255.0,
253.0,
255.0,
252.0,
245.0,
253.0,
255.0,
254.0,
251.0,
244.0,
255.0,
243.0,
244.0,
255.0,
253.0,
233.0,
79.0,
0.0,
0.0,
0.0,
0.0,
0.0,
9.0,
0.0,
1.0,
7.0,
0.0,
34.0,
165.0,
212.0,
255.0,
238.0,
252.0,
255.0,
246.0,
255.0,
253.0,
255.0,
241.0,
255.0,
255.0,
242.0,
252.0,
255.0,
234.0,
65.0,
0.0,
0.0,
0.0,
0.0,
8.0,
0.0,
0.0,
7.0,
0.0,
0.0,
7.0,
0.0,
77.0,
152.0,
158.0,
143.0,
156.0,
133.0,
149.0,
147.0,
147.0,
153.0,
238.0,
253.0,
247.0,
250.0,
255.0,
153.0,
0.0,
0.0,
3.0,
0.0,
6.0,
1.0,
0.0,
9.0,
15.0,
0.0,
0.0,
10.0,
0.0,
23.0,
0.0,
0.0,
3.0,
3.0,
3.0,
0.0,
10.0,
2.0,
82.0,
165.0,
255.0,
244.0,
242.0,
249.0,
1.0,
4.0,
2.0,
8.0,
2.0,
3.0,
3.0,
0.0,
0.0,
2.0,
12.0,
0.0,
0.0,
0.0,
13.0,
20.0,
0.0,
4.0,
0.0,
0.0,
2.0,
26.0,
60.0,
133.0,
255.0,
250.0,
255.0,
215.0,
2.0,
4.0,
2.0,
11.0,
0.0,
0.0,
7.0,
2.0,
0.0,
0.0,
0.0,
7.0,
6.0,
21.0,
117.0,
93.0,
113.0,
105.0,
115.0,
118.0,
124.0,
193.0,
250.0,
249.0,
249.0,
248.0,
250.0,
78.0,
0.0,
1.0,
4.0,
0.0,
0.0,
1.0,
7.0,
6.0,
10.0,
10.0,
0.0,
0.0,
0.0,
158.0,
232.0,
255.0,
255.0,
255.0,
255.0,
245.0,
255.0,
245.0,
255.0,
255.0,
251.0,
255.0,
158.0,
3.0,
7.0,
2.0,
0.0,
0.0,
9.0,
9.0,
0.0,
0.0,
0.0,
0.0,
0.0,
0.0,
5.0,
211.0,
254.0,
255.0,
235.0,
246.0,
255.0,
237.0,
255.0,
251.0,
251.0,
250.0,
249.0,
164.0,
2.0,
5.0,
14.0,
1.0,
0.0,
0.0,
0.0,
0.0,
0.0,
7.0,
2.0,
0.0,
8.0,
8.0,
2.0,
105.0,
255.0,
249.0,
255.0,
249.0,
255.0,
255.0,
241.0,
253.0,
255.0,
196.0,
136.0,
0.0,
4.0,
1.0,
0.0,
0.0,
3.0,
0.0,
0.0,
0.0,
0.0,
0.0,
0.0,
0.0,
0.0,
0.0,
4.0,
21.0,
249.0,
255.0,
251.0,
250.0,
255.0,
255.0,
225.0,
145.0,
69.0,
25.0,
0.0,
0.0,
0.0,
0.0,
0.0,
0.0,
0.0,
0.0,
0.0,
0.0,
0.0,
0.0,
0.0,
0.0,
0.0,
11.0,
17.0,
0.0,
23.0,
0.0,
1.0,
14.0,
0.0,
0.0,
0.0,
0.0,
0.0,
0.0,
2.0,
1.0,
8.0,
0.0,
0.0,
0.0,
0.0,
0.0,
0.0,
0.0,
0.0,
0.0,
0.0,
0.0,
0.0,
0.0,
0.0,
0.0,
0.0,
0.0,
0.0,
18.0,
0.0,
2.0,
8.0,
6.0,
6.0,
11.0,
3.0,
0.0,
0.0,
0.0,
0.0,
0.0,
0.0,
0.0,
0.0,
0.0,
0.0,
0.0,
0.0,
0.0,
0.0,
17.0,
0.0,
7.0,
9.0,
5.0,
0.0,
0.0,
3.0,
0.0,
0.0,
0.0,
0.0,
0.0,
0.0,
1.0,
10.0,
0.0,
0.0,
0.0,
0.0,
