0.0,
0.0,
0.0,
0.0,
0.0,
0.0,
0.0,
0.0,
0.0,
18.0,
0.0,
0.0,
0.0,
5.0,
0.0,
11.0,
0.0,
1.0,
0.0,
0.0,
0.0,
0.0,
0.0,
1.0,
5.0,
0.0,
0.0,
6.0,
0.0,
0.0,
0.0,
0.0,
0.0,
0.0,
0.0,
0.0,
0.0,
0.0,
1.0,
0.0,
0.0,
4.0,
18.0,
0.0,
0.0,
0.0,
0.0,
3.0,
7.0,
7.0,
1.0,
0.0,
1.0,
0.0,
0.0,
0.0,
0.0,
0.0,
0.0,
0.0,
0.0,
0.0,
0.0,
0.0,
1.0,
14.0,
19.0,
0.0,
7.0,
0.0,
0.0,
9.0,
1.0,
3.0,
6.0,
0.0,
0.0,
0.0,
0.0,
3.0,
0.0,
9.0,
9.0,
5.0,
0.0,
0.0,
0.0,
0.0,
0.0,
0.0,
0.0,
0.0,
0.0,
7.0,
0.0,
0.0,
10.0,
5.0,
0.0,
12.0,
1.0,
0.0,
2.0,
0.0,
2.0,
0.0,
7.0,
7.0,
0.0,
0.0,
0.0,
0.0,
0.0,
0.0,
0.0,
0.0,
0.0,
0.0,
0.0,
0.0,
0.0,
0.0,
1.0,
23.0,
0.0,
0.0,
0.0,
0.0,
8.0,
0.0,
0.0,
0.0,
18.0,
5.0,
0.0,
0.0,
13.0,
3.0,
0.0,
0.0,
0.0,
0.0,
0.0,
0.0,
0.0,
0.0,
0.0,
0.0,
5.0,
0.0,
0.0,
0.0,
2.0,
2.0,
10.0,
0.0,
0.0,
0.0,
11.0,
0.0,
2.0,
0.0,
8.0,
11.0,
0.0,
0.0,
15.0,
9.0,
0.0,
0.0,
0.0,
0.0,
0.0,
0.0,
0.0,
0.0,
5.0,
0.0,
0.0,
65.0,
220.0,
255.0,
251.0,
252.0,
255.0,
255.0,
242.0,
155.0,
93.0,
10.0,
3.0,
0.0,
7.0,
0.0,
0.0,
8.0,
0.0,
0.0,
0.0,
0.0,
0.0,
0.0,
0.0,
0.0,
4.0,
0.0,
54.0,
199.0,
255.0,
255.0,
243.0,
255.0,
251.0,
247.0,
255.0,
239.0,
246.0,
197.0,
190.0,
165.0,
175.0,
44.0,
0.0,
11.0,
0.0,
0.0,
5.0,
1.0,
0.0,
0.0,
4.0,
0.0,
0.0,
124.0,
236.0,
255.0,
254.0,
247.0,
255.0,
252.0,
248.0,
255.0,
255.0,
247.0,
255.0,
255.0,
255.0,
247.0,
255.0,
232.0,
97.0,
5.0,
3.0,
0.0,
0.0,
0.0,
3.0,
2.0,
0.0,
0.0,
19.0,
209.0,
255.0,
246.0,
254.0,
228.0,
223.0,
117.0,
52.0,
58.0,
55.0,
50.0,
50.0,
49.0,
50.0,
57.0,
56.0,
69.0,
13.0,
0.0,
0.0,
3.0,
0.0,
0.0,
9.0,
2.0,
0.0,
15.0,
93.0,
255.0,
245.0,
255.0,
141.0,
68.0,
0.0,
0.0,
0.0,
0.0,
3.0,
8.0,
6.0,
0.0,
0.0,
4.0,
0.0,
10.0,
0.0,
0.0,
0.0,
9.0,
2.0,
0.0,
6.0,
0.0,
8.0,
56.0,
255.0,
245.0,
248.0,
183.0,
4.0,
0.0,
16.0,
0.0,
6.0,
0.0,
0.0,
1.0,
1.0,
0.0,
0.0,
0.0,
2.0,
0.0,
0.0,
2.0,
0.0,
9.0,
2.0,
0.0,
4.0,
0.0,
5.0,
52.0,
204.0,
244.0,
255.0,
238.0,
158.0,
78.0,
0.0,
0.0,
9.0,
0.0,
2.0,
0.0,
0.0,
2.0,
10.0,
0.0,
0.0,
0.0,
0.0,
4.0,
2.0,
4.0,
0.0,
0.0,
6.0,
0.0,
0.0,
9.0,
29.0,
234.0,
242.0,
250.0,
255.0,
220.0,
80.0,
31.0,
0.0,
0.0,
0.0,
6.0,
0.0,
0.0,
7.0,
0.0,
11.0,
0.0,
8.0,
7.0,
3.0,
0.0,
0.0,
0.0,
3.0,
1.0,
0.0,
0.0,
5.0,
27.0,
99.0,
170.0,
249.0,
255.0,
255.0,
179.0,
94.0,
25.0,
0.0,
7.0,
1.0,
0.0,
1.0,
0.0,
0.0,
0.0,
0.0,
0.0,
0.0,
0.0,
5.0,
2.0,
0.0,
2.0,
9.0,
4.0,
0.0,
7.0,
7.0,
0.0,
44.0,
208.0,
246.0,
255.0,
255.0,
110.0,
8.0,
0.0,
0.0,
0.0,
3.0,
0.0,
0.0,
0.0,
9.0,
0.0,
8.0,
0.0,
4.0,
0.0,
0.0,
0.0,
0.0,
2.0,
0.0,
0.0,
12.0,
0.0,
7.0,
55.0,
116.0,
250.0,
255.0,
237.0,
127.0,
4.0,
8.0,
0.0,
8.0,
3.0,
0.0,
0.0,
0.0,
0.0,
0.0,
0.0,
4.0,
0.0,
1.0,
11.0,
1.0,
4.0,
3.0,
0.0,
6.0,
0.0,
0.0,
0.0,
6.0,
90.0,
254.0,
255.0,
245.0,
59.0,
0.0,
10.0,
7.0,
0.0,
0.0,
0.0,
0.0,
0.0,
0.0,
3.0,
5.0,
0.0,
3.0,
8.0,
0.0,
6.0,
2.0,
0.0,
0.0,
0.0,
4.0,
1.0,
0.0,
9.0,
122.0,
255.0,
253.0,
62.0,
5.0,
0.0,
6.0,
0.0,
0.0,
0.0,
0.0,
0.0,
0.0,
6.0,
5.0,
0.0,
2.0,
0.0,
0.0,
38.0,
31.0,
15.0,
0.0,
4.0,
7.0,
0.0,
0.0,
0.0,
33.0,
230.0,
241.0,
63.0,
18.0,
0.0,
0.0,
2.0,
0.0,
0.0,
0.0,
0.0,
0.0,
1.0,
3.0,
0.0,
5.0,
0.0,
13.0,
87.0,
210.0,
113.0,
11.0,
0.0,
5.0,
1.0,
6.0,
8.0,
6.0,
159.0,
255.0,
73.0,
0.0,
8.0,
0.0,
1.0,
0.0,
0.0,
0.0,
0.0,
3.0,
0.0,
2.0,
1.0,
0.0,
0.0,
12.0,
80.0,
250.0,
211.0,
114.0,
12.0,
0.0,
6.0,
4.0,
0.0,
0.0,
169.0,
254.0,
59.0,
0.0,
6.0,
2.0,
1.0,
0.0,
0.0,
0.0,
0.0,
7.0,
0.0,
2.0,
0.0,
0.0,
0.0,
0.0,
26.0,
59.0,
191.0,
247.0,
140.0,
64.0,
53.0,
15.0,
0.0,
115.0,
255.0,
248.0,
59.0,
10.0,
0.0,
0.0,
0.0,
0.0,
0.0,
0.0,
0.0,
3.0,
0.0,
1.0,
0.0,
1.0,
13.0,
1.0,
0.0,
0.0,
124.0,
247.0,
250.0,
255.0,
248.0,
161.0,
142.0,
251.0,
245.0,
255.0,
66.0,
0.0,
10.0,
0.0,
2.0,
0.0,
0.0,
0.0,
0.0,
0.0,
0.0,
0.0,
0.0,
0.0,
0.0,
0.0,
0.0,
0.0,
22.0,
133.0,
210.0,
251.0,
255.0,
238.0,
255.0,
250.0,
205.0,
109.0,
14.0,
0.0,
7.0,
12.0,
0.0,
0.0,
0.0,
0.0,
0.0,
0.0,
0.0,
0.0,
0.0,
0.0,
0.0,
0.0,
0.0,
0.0,
0.0,
14.0,
36.0,
129.0,
243.0,
254.0,
246.0,
246.0,
102.0,
0.0,
0.0,
11.0,
0.0,
0.0,
17.0,
0.0,
0.0,
0.0,
0.0,
0.0,
0.0,
0.0,
0.0,
0.0,
0.0,
0.0,
0.0,
8.0,
0.0,
8.0,
0.0,
0.0,
16.0,
2.0,
8.0,
4.0,
0.0,
0.0,
6.0,
11.0,
5.0,
0.0,
0.0,
0.0,
0.0,
0.0,
0.0,
0.0,
0.0,
0.0,
0.0,
0.0,
0.0,
0.0,
0.0,
8.0,
0.0,
0.0,
14.0,
11.0,
0.0,
0.0,
2.0,
0.0,
0.0,
0.0,
0.0,
0.0,
0.0,
6.0,
10.0,
0.0,
0.0,
0.0,
0.0,
