0.0,
0.0,
0.0,
0.0,
0.0,
0.0,
0.0,
0.0,
6.0,
5.0,
0.0,
4.0,
8.0,
0.0,
3.0,
0.0,
4.0,
0.0,
0.0,
0.0,
1.0,
0.0,
0.0,
0.0,
2.0,
0.0,
0.0,
1.0,
0.0,
0.0,
0.0,
0.0,
0.0,
0.0,
0.0,
0.0,
0.0,
4.0,
1.0,
2.0,
2.0,
0.0,
8.0,
4.0,
0.0,
1.0,
1.0,
0.0,
0.0,
4.0,
7.0,
6.0,
1.0,
0.0,
0.0,
0.0,
0.0,
0.0,
0.0,
0.0,
0.0,
0.0,
0.0,
0.0,
0.0,
4.0,
9.0,
0.0,
2.0,
0.0,
6.0,
0.0,
0.0,
1.0,
3.0,
0.0,
0.0,
0.0,
0.0,
0.0,
2.0,
2.0,
1.0,
0.0,
0.0,
0.0,
0.0,
0.0,
0.0,
0.0,
0.0,
0.0,
6.0,
0.0,
5.0,
0.0,
12.0,
0.0,
7.0,
0.0,
0.0,
2.0,
6.0,
6.0,
4.0,
1.0,
0.0,
0.0,
1.0,
3.0,
3.0,
2.0,
0.0,
0.0,
0.0,
0.0,
0.0,
0.0,
0.0,
0.0,
5.0,
0.0,
2.0,
0.0,
12.0,
0.0,
1.0,
4.0,
1.0,
0.0,
0.0,
2.0,
4.0,
0.0,
0.0,
5.0,
0.0,
0.0,
1.0,
2.0,
0.0,
0.0,
0.0,
0.0,
0.0,
0.0,
0.0,
0.0,
0.0,
0.0,
5.0,
3.0,
0.0,
0.0,
0.0,
0.0,
7.0,
0.0,
0.0,
0.0,
0.0,
0.0,
0.0,
6.0,
0.0,
0.0,
0.0,
0.0,
0.0,
0.0,
0.0,
0.0,
0.0,
0.0,
0.0,
0.0,
0.0,
4.0,
1.0,
2.0,
0.0,
29.0,
0.0,
0.0,
0.0,
2.0,
11.0,
4.0,
0.0,
0.0,
4.0,
2.0,
9.0,
3.0,
0.0,
0.0,
0.0,
0.0,
0.0,
0.0,
0.0,
0.0,
0.0,
0.0,
0.0,
5.0,
0.0,
2.0,
14.0,
93.0,
48.0,
20.0,
45.0,
94.0,
126.0,
117.0,
111.0,
124.0,
126.0,
111.0,
24.0,
12.0,
0.0,
0.0,
0.0,
0.0,
3.0,
4.0,
1.0,
0.0,
0.0,
0.0,
2.0,
49.0,
106.0,
175.0,
198.0,
255.0,
254.0,
253.0,
245.0,
255.0,
254.0,
255.0,
255.0,
255.0,
245.0,
255.0,
215.0,
8.0,
1.0,
1.0,
4.0,
0.0,
0.0,
1.0,
0.0,
0.0,
9.0,
29.0,
187.0,
250.0,
255.0,
242.0,
255.0,
239.0,
241.0,
255.0,
254.0,
253.0,
250.0,
236.0,
234.0,
255.0,
202.0,
215.0,
103.0,
0.0,
5.0,
0.0,
8.0,
0.0,
0.0,
3.0,
0.0,
0.0,
13.0,
45.0,
255.0,
248.0,
253.0,
247.0,
249.0,
217.0,
90.0,
129.0,
240.0,
255.0,
221.0,
175.0,
84.0,
40.0,
6.0,
8.0,
5.0,
0.0,
4.0,
0.0,
2.0,
0.0,
0.0,
5.0,
1.0,
0.0,
4.0,
22.0,
170.0,
255.0,
251.0,
247.0,
255.0,
54.0,
86.0,
241.0,
255.0,
148.0,
19.0,
0.0,
0.0,
0.0,
14.0,
0.0,
0.0,
4.0,
0.0,
0.0,
0.0,
0.0,
2.0,
0.0,
0.0,
1.0,
0.0,
0.0,
19.0,
199.0,
245.0,
255.0,
248.0,
251.0,
255.0,
242.0,
175.0,
8.0,
13.0,
0.0,
0.0,
14.0,
0.0,
5.0,
6.0,
4.0,
0.0,
5.0,
0.0,
3.0,
1.0,
0.0,
0.0,
6.0,
3.0,
0.0,
0.0,
56.0,
255.0,
255.0,
248.0,
255.0,
249.0,
251.0,
184.0,
23.0,
0.0,
0.0,
4.0,
1.0,
0.0,
0.0,
3.0,
0.0,
0.0,
17.0,
0.0,
0.0,
0.0,
0.0,
0.0,
1.0,
2.0,
0.0,
0.0,
25.0,
2.0,
27.0,
144.0,
255.0,
238.0,
255.0,
248.0,
168.0,
0.0,
3.0,
5.0,
0.0,
14.0,
2.0,
0.0,
0.0,
0.0,
12.0,
0.0,
0.0,
0.0,
5.0,
1.0,
0.0,
0.0,
4.0,
0.0,
0.0,
16.0,
0.0,
28.0,
201.0,
254.0,
248.0,
255.0,
229.0,
25.0,
0.0,
0.0,
13.0,
0.0,
1.0,
4.0,
5.0,
0.0,
0.0,
0.0,
5.0,
0.0,
7.0,
0.0,
11.0,
0.0,
7.0,
6.0,
0.0,
0.0,
2.0,
0.0,
12.0,
210.0,
255.0,
255.0,
252.0,
185.0,
0.0,
5.0,
0.0,
0.0,
0.0,
0.0,
0.0,
0.0,
0.0,
0.0,
0.0,
7.0,
0.0,
18.0,
0.0,
0.0,
27.0,
0.0,
16.0,
19.0,
0.0,
0.0,
8.0,
157.0,
253.0,
244.0,
251.0,
175.0,
0.0,
0.0,
24.0,
0.0,
4.0,
0.0,
0.0,
0.0,
0.0,
2.0,
15.0,
4.0,
0.0,
0.0,
108.0,
191.0,
239.0,
96.0,
0.0,
0.0,
4.0,
2.0,
0.0,
128.0,
246.0,
249.0,
255.0,
90.0,
2.0,
0.0,
4.0,
4.0,
0.0,
0.0,
0.0,
0.0,
0.0,
0.0,
0.0,
0.0,
10.0,
10.0,
182.0,
255.0,
252.0,
175.0,
58.0,
17.0,
0.0,
0.0,
41.0,
192.0,
255.0,
255.0,
204.0,
8.0,
4.0,
4.0,
0.0,
6.0,
0.0,
0.0,
0.0,
0.0,
0.0,
0.0,
0.0,
19.0,
3.0,
0.0,
13.0,
140.0,
255.0,
255.0,
246.0,
198.0,
186.0,
210.0,
219.0,
255.0,
244.0,
223.0,
76.0,
1.0,
0.0,
0.0,
6.0,
0.0,
9.0,
0.0,
0.0,
0.0,
0.0,
0.0,
1.0,
0.0,
0.0,
15.0,
0.0,
47.0,
226.0,
248.0,
252.0,
246.0,
255.0,
253.0,
243.0,
255.0,
225.0,
84.0,
0.0,
0.0,
4.0,
0.0,
4.0,
0.0,
0.0,
0.0,
0.0,
0.0,
0.0,
0.0,
25.0,
0.0,
1.0,
0.0,
8.0,
5.0,
136.0,
255.0,
249.0,
255.0,
255.0,
243.0,
255.0,
190.0,
20.0,
0.0,
0.0,
0.0,
7.0,
0.0,
0.0,
11.0,
0.0,
0.0,
0.0,
0.0,
0.0,
6.0,
0.0,
2.0,
2.0,
1.0,
0.0,
0.0,
3.0,
117.0,
171.0,
255.0,
241.0,
171.0,
116.0,
31.0,
0.0,
0.0,
10.0,
7.0,
0.0,
0.0,
16.0,
0.0,
13.0,
0.0,
0.0,
0.0,
0.0,
0.0,
0.0,
0.0,
0.0,
0.0,
0.0,
0.0,
0.0,
0.0,
6.0,
14.0,
13.0,
6.0,
0.0,
1.0,
5.0,
0.0,
0.0,
0.0,
0.0,
0.0,
0.0,
0.0,
0.0,
0.0,
0.0,
0.0,
0.0,
0.0,
0.0,
0.0,
0.0,
0.0,
0.0,
0.0,
0.0,
0.0,
2.0,
7.0,
7.0,
1.0,
0.0,
0.0,
1.0,
0.0,
0.0,
0.0,
0.0,
0.0,
0.0,
0.0,
0.0,
0.0,
0.0,
0.0,
0.0,
0.0,
0.0,
0.0,
0.0,
0.0,
0.0,
0.0,
0.0,
0.0,
0.0,
1.0,
1.0,
0.0,
0.0,
0.0,
0.0,
0.0,
0.0,
0.0,
0.0,
0.0,
0.0,
0.0,
0.0,
0.0,
0.0,
0.0,
0.0,
0.0,
0.0,
0.0,
0.0,
0.0,
0.0,
0.0,
0.0,
2.0,
1.0,
0.0,
0.0,
0.0,
1.0,
1.0,
0.0,
0.0,
0.0,
0.0,
0.0,
0.0,
0.0,
0.0,
0.0,
0.0,
0.0,
0.0,
0.0,
