0.0,
0.0,
0.0,
0.0,
0.0,
0.0,
0.0,
0.0,
3.0,
4.0,
1.0,
0.0,
6.0,
1.0,
0.0,
2.0,
0.0,
7.0,
0.0,
0.0,
0.0,
0.0,
1.0,
10.0,
0.0,
0.0,
0.0,
0.0,
0.0,
0.0,
0.0,
0.0,
0.0,
0.0,
0.0,
0.0,
0.0,
0.0,
0.0,
0.0,
1.0,
6.0,
2.0,
0.0,
0.0,
0.0,
12.0,
0.0,
12.0,
0.0,
1.0,
0.0,
0.0,
0.0,
0.0,
0.0,
0.0,
0.0,
0.0,
0.0,
0.0,
0.0,
0.0,
0.0,
12.0,
4.0,
0.0,
2.0,
0.0,
0.0,
5.0,
0.0,
1.0,
0.0,
3.0,
0.0,
0.0,
1.0,
0.0,
21.0,
0.0,
0.0,
0.0,
0.0,
0.0,
0.0,
0.0,
0.0,
0.0,
0.0,
0.0,
0.0,
0.0,
0.0,
0.0,
10.0,
0.0,
0.0,
2.0,
13.0,
6.0,
0.0,
4.0,
0.0,
0.0,
18.0,
0.0,
0.0,
0.0,
0.0,
0.0,
0.0,
0.0,
0.0,
0.0,
0.0,
0.0,
0.0,
0.0,
0.0,
2.0,
5.0,
2.0,
0.0,
18.0,
63.0,
96.0,
138.0,
175.0,
195.0,
222.0,
32.0,
5.0,
0.0,
15.0,
6.0,
0.0,
0.0,
0.0,
0.0,
0.0,
0.0,
0.0,
0.0,
0.0,
0.0,
0.0,
0.0,
0.0,
4.0,
0.0,
2.0,
145.0,
255.0,
218.0,
218.0,
220.0,
196.0,
156.0,
0.0,
0.0,
0.0,
10.0,
0.0,
0.0,
0.0,
0.0,
0.0,
0.0,
0.0,
0.0,
0.0,
0.0,
0.0,
0.0,
0.0,
0.0,
0.0,
0.0,
3.0,
183.0,
236.0,
41.0,
0.0,
0.0,
6.0,
0.0,
0.0,
0.0,
13.0,
1.0,
12.0,
0.0,
0.0,
0.0,
0.0,
0.0,
0.0,
0.0,
0.0,
0.0,
0.0,
0.0,
0.0,
7.0,
0.0,
0.0,
4.0,
183.0,
204.0,
0.0,
6.0,
0.0,
6.0,
0.0,
3.0,
2.0,
0.0,
0.0,
1.0,
0.0,
0.0,
0.0,
0.0,
0.0,
0.0,
0.0,
0.0,
0.0,
0.0,
0.0,
0.0,
0.0,
1.0,
0.0,
59.0,
255.0,
116.0,
0.0,
0.0,
0.0,
7.0,
5.0,
0.0,
0.0,
5.0,
2.0,
0.0,
0.0,
0.0,
0.0,
0.0,
0.0,
0.0,
0.0,
0.0,
0.0,
0.0,
0.0,
0.0,
0.0,
9.0,
1.0,
147.0,
255.0,
111.0,
126.0,
81.0,
8.0,
0.0,
12.0,
0.0,
1.0,
10.0,
0.0,
0.0,
0.0,
0.0,
0.0,
0.0,
0.0,
0.0,
0.0,
0.0,
0.0,
0.0,
0.0,
0.0,
20.0,
0.0,
12.0,
233.0,
253.0,
255.0,
249.0,
243.0,
172.0,
37.0,
0.0,
9.0,
0.0,
0.0,
5.0,
0.0,
0.0,
0.0,
0.0,
0.0,
0.0,
0.0,
0.0,
0.0,
0.0,
0.0,
0.0,
0.0,
0.0,
1.0,
151.0,
236.0,
205.0,
122.0,
7.0,
54.0,
230.0,
192.0,
23.0,
0.0,
1.0,
0.0,
0.0,
4.0,
0.0,
0.0,
0.0,
0.0,
0.0,
0.0,
0.0,
0.0,
0.0,
0.0,
0.0,
0.0,
3.0,
2.0,
94.0,
185.0,
12.0,
0.0,
0.0,
0.0,
58.0,
248.0,
142.0,
0.0,
18.0,
6.0,
0.0,
1.0,
0.0,
0.0,
0.0,
0.0,
0.0,
0.0,
0.0,
0.0,
0.0,
0.0,
0.0,
0.0,
0.0,
0.0,
0.0,
4.0,
26.0,
0.0,
12.0,
6.0,
0.0,
137.0,
241.0,
23.0,
2.0,
3.0,
0.0,
1.0,
0.0,
0.0,
0.0,
0.0,
0.0,
0.0,
0.0,
0.0,
0.0,
0.0,
0.0,
0.0,
11.0,
7.0,
0.0,
0.0,
0.0,
3.0,
0.0,
1.0,
15.0,
29.0,
244.0,
113.0,
0.0,
0.0,
10.0,
1.0,
0.0,
0.0,
0.0,
0.0,
0.0,
0.0,
0.0,
0.0,
0.0,
0.0,
0.0,
0.0,
1.0,
0.0,
2.0,
13.0,
2.0,
0.0,
10.0,
0.0,
0.0,
19.0,
212.0,
171.0,
9.0,
4.0,
0.0,
0.0,
0.0,
0.0,
0.0,
0.0,
8.0,
0.0,
3.0,
0.0,
0.0,
7.0,
0.0,
0.0,
0.0,
6.0,
0.0,
0.0,
1.0,
0.0,
2.0,
4.0,
2.0,
0.0,
137.0,
218.0,
1.0,
1.0,
0.0,
11.0,
0.0,
0.0,
0.0,
0.0,
5.0,
0.0,
2.0,
5.0,
3.0,
0.0,
0.0,
24.0,
21.0,
0.0,
13.0,
0.0,
15.0,
14.0,
0.0,
0.0,
0.0,
24.0,
131.0,
254.0,
8.0,
10.0,
0.0,
0.0,
0.0,
0.0,
0.0,
0.0,
5.0,
0.0,
0.0,
4.0,
5.0,
0.0,
2.0,
66.0,
159.0,
0.0,
0.0,
0.0,
10.0,
0.0,
0.0,
24.0,
1.0,
0.0,
128.0,
252.0,
4.0,
0.0,
0.0,
3.0,
0.0,
0.0,
0.0,
0.0,
5.0,
0.0,
0.0,
0.0,
3.0,
0.0,
11.0,
87.0,
194.0,
4.0,
18.0,
4.0,
0.0,
0.0,
4.0,
0.0,
3.0,
9.0,
227.0,
221.0,
3.0,
0.0,
0.0,
8.0,
0.0,
0.0,
0.0,
0.0,
0.0,
4.0,
2.0,
0.0,
2.0,
1.0,
6.0,
60.0,
254.0,
67.0,
0.0,
1.0,
0.0,
0.0,
7.0,
10.0,
0.0,
119.0,
255.0,
133.0,
0.0,
3.0,
7.0,
0.0,
0.0,
0.0,
0.0,
0.0,
0.0,
1.0,
6.0,
0.0,
3.0,
4.0,
0.0,
13.0,
167.0,
201.0,
118.0,
28.0,
0.0,
0.0,
2.0,
22.0,
139.0,
247.0,
192.0,
28.0,
0.0,
3.0,
0.0,
3.0,
0.0,
0.0,
0.0,
0.0,
0.0,
0.0,
5.0,
1.0,
2.0,
4.0,
0.0,
0.0,
10.0,
153.0,
228.0,
230.0,
213.0,
147.0,
172.0,
240.0,
248.0,
214.0,
67.0,
0.0,
8.0,
0.0,
0.0,
5.0,
0.0,
0.0,
0.0,
0.0,
10.0,
0.0,
0.0,
1.0,
0.0,
3.0,
0.0,
4.0,
2.0,
0.0,
30.0,
85.0,
180.0,
190.0,
205.0,
172.0,
120.0,
10.0,
0.0,
6.0,
2.0,
0.0,
8.0,
0.0,
0.0,
0.0,
0.0,
0.0,
0.0,
0.0,
0.0,
0.0,
0.0,
0.0,
0.0,
0.0,
0.0,
0.0,
0.0,
0.0,
0.0,
0.0,
0.0,
0.0,
0.0,
0.0,
0.0,
0.0,
0.0,
0.0,
0.0,
0.0,
0.0,
0.0,
0.0,
0.0,
0.0,
0.0,
0.0,
0.0,
0.0,
0.0,
0.0,
0.0,
0.0,
0.0,
0.0,
0.0,
0.0,
0.0,
0.0,
0.0,
0.0,
0.0,
0.0,
0.0,
0.0,
0.0,
0.0,
0.0,
0.0,
0.0,
0.0,
0.0,
0.0,
0.0,
0.0,
0.0,
0.0,
0.0,
0.0,
0.0,
0.0,
0.0,
0.0,
0.0,
0.0,
0.0,
0.0,
0.0,
0.0,
0.0,
0.0,
0.0,
0.0,
0.0,
0.0,
0.0,
0.0,
0.0,
0.0,
0.0,
0.0,
0.0,
0.0,
0.0,
0.0,
0.0,
0.0,
0.0,
0.0,
0.0,
0.0,
0.0,
0.0,
0.0,
0.0,
0.0,
0.0,
0.0,
0.0,
0.0,
0.0,
0.0,
0.0,
0.0,
0.0,
0.0,
0.0,
0.0,
