0.0,
0.0,
0.0,
0.0,
0.0,
0.0,
0.0,
0.0,
5.0,
0.0,
0.0,
0.0,
0.0,
0.0,
10.0,
0.0,
0.0,
0.0,
0.0,
5.0,
6.0,
0.0,
4.0,
0.0,
0.0,
0.0,
0.0,
0.0,
0.0,
0.0,
0.0,
0.0,
0.0,
0.0,
0.0,
0.0,
0.0,
0.0,
8.0,
8.0,
2.0,
4.0,
3.0,
0.0,
12.0,
0.0,
10.0,
10.0,
0.0,
0.0,
17.0,
16.0,
0.0,
0.0,
0.0,
0.0,
0.0,
0.0,
0.0,
0.0,
0.0,
0.0,
0.0,
0.0,
8.0,
0.0,
0.0,
1.0,
14.0,
1.0,
0.0,
7.0,
0.0,
9.0,
2.0,
0.0,
6.0,
17.0,
0.0,
0.0,
0.0,
0.0,
0.0,
0.0,
0.0,
0.0,
0.0,
0.0,
0.0,
0.0,
0.0,
0.0,
0.0,
17.0,
14.0,
0.0,
0.0,
0.0,
0.0,
0.0,
1.0,
1.0,
0.0,
14.0,
8.0,
0.0,
0.0,
11.0,
0.0,
0.0,
0.0,
0.0,
0.0,
0.0,
0.0,
0.0,
0.0,
0.0,
0.0,
0.0,
5.0,
7.0,
0.0,
1.0,
6.0,
0.0,
10.0,
52.0,
138.0,
235.0,
78.0,
0.0,
3.0,
8.0,
0.0,
3.0,
0.0,
0.0,
0.0,
0.0,
0.0,
0.0,
0.0,
0.0,
0.0,
0.0,
0.0,
0.0,
0.0,
0.0,
0.0,
8.0,
0.0,
9.0,
107.0,
230.0,
255.0,
250.0,
69.0,
3.0,
0.0,
0.0,
2.0,
0.0,
0.0,
0.0,
0.0,
0.0,
0.0,
0.0,
0.0,
0.0,
0.0,
0.0,
0.0,
0.0,
10.0,
5.0,
5.0,
30.0,
102.0,
199.0,
253.0,
250.0,
255.0,
225.0,
99.0,
1.0,
4.0,
3.0,
0.0,
4.0,
0.0,
0.0,
0.0,
0.0,
0.0,
0.0,
0.0,
0.0,
0.0,
0.0,
0.0,
0.0,
0.0,
8.0,
104.0,
224.0,
255.0,
255.0,
251.0,
255.0,
226.0,
49.0,
3.0,
0.0,
14.0,
0.0,
0.0,
5.0,
0.0,
0.0,
0.0,
0.0,
4.0,
0.0,
0.0,
8.0,
5.0,
0.0,
5.0,
0.0,
0.0,
114.0,
242.0,
255.0,
255.0,
239.0,
255.0,
219.0,
44.0,
3.0,
7.0,
0.0,
13.0,
0.0,
6.0,
0.0,
0.0,
0.0,
0.0,
0.0,
0.0,
8.0,
9.0,
0.0,
0.0,
4.0,
5.0,
0.0,
132.0,
251.0,
255.0,
238.0,
242.0,
255.0,
168.0,
55.0,
8.0,
0.0,
2.0,
0.0,
10.0,
2.0,
2.0,
0.0,
0.0,
0.0,
0.0,
0.0,
0.0,
3.0,
8.0,
0.0,
0.0,
14.0,
0.0,
0.0,
180.0,
253.0,
240.0,
255.0,
138.0,
113.0,
0.0,
6.0,
0.0,
8.0,
0.0,
0.0,
0.0,
0.0,
0.0,
6.0,
0.0,
0.0,
0.0,
0.0,
7.0,
0.0,
4.0,
0.0,
8.0,
5.0,
0.0,
63.0,
227.0,
249.0,
255.0,
120.0,
0.0,
0.0,
14.0,
0.0,
0.0,
3.0,
0.0,
0.0,
10.0,
14.0,
0.0,
0.0,
0.0,
0.0,
0.0,
0.0,
7.0,
0.0,
8.0,
1.0,
0.0,
0.0,
9.0,
125.0,
255.0,
255.0,
253.0,
204.0,
52.0,
14.0,
0.0,
13.0,
1.0,
0.0,
0.0,
0.0,
2.0,
0.0,
0.0,
17.0,
0.0,
0.0,
0.0,
0.0,
4.0,
0.0,
2.0,
0.0,
1.0,
3.0,
6.0,
63.0,
234.0,
255.0,
254.0,
238.0,
255.0,
201.0,
99.0,
53.0,
46.0,
6.0,
0.0,
2.0,
8.0,
0.0,
0.0,
0.0,
0.0,
0.0,
0.0,
0.0,
1.0,
0.0,
0.0,
0.0,
7.0,
10.0,
0.0,
0.0,
153.0,
255.0,
247.0,
251.0,
250.0,
255.0,
237.0,
255.0,
233.0,
130.0,
39.0,
8.0,
0.0,
12.0,
20.0,
0.0,
0.0,
0.0,
0.0,
0.0,
0.0,
2.0,
4.0,
6.0,
0.0,
0.0,
6.0,
1.0,
44.0,
185.0,
255.0,
255.0,
254.0,
241.0,
255.0,
253.0,
254.0,
255.0,
245.0,
195.0,
28.0,
0.0,
0.0,
3.0,
0.0,
0.0,
0.0,
0.0,
0.0,
0.0,
0.0,
0.0,
0.0,
0.0,
0.0,
0.0,
7.0,
0.0,
138.0,
235.0,
214.0,
255.0,
245.0,
255.0,
247.0,
251.0,
255.0,
255.0,
223.0,
120.0,
17.0,
0.0,
0.0,
0.0,
0.0,
0.0,
0.0,
0.0,
0.0,
0.0,
0.0,
0.0,
0.0,
0.0,
0.0,
4.0,
0.0,
8.0,
0.0,
30.0,
213.0,
242.0,
255.0,
255.0,
242.0,
240.0,
255.0,
253.0,
51.0,
4.0,
0.0,
0.0,
0.0,
0.0,
0.0,
0.0,
0.0,
0.0,
0.0,
0.0,
0.0,
0.0,
0.0,
9.0,
0.0,
0.0,
20.0,
0.0,
0.0,
0.0,
81.0,
249.0,
255.0,
255.0,
246.0,
246.0,
158.0,
14.0,
0.0,
0.0,
0.0,
0.0,
0.0,
0.0,
0.0,
0.0,
0.0,
0.0,
0.0,
0.0,
0.0,
0.0,
24.0,
6.0,
0.0,
31.0,
37.0,
147.0,
161.0,
236.0,
255.0,
254.0,
245.0,
253.0,
146.0,
0.0,
0.0,
0.0,
0.0,
0.0,
0.0,
0.0,
0.0,
0.0,
0.0,
0.0,
0.0,
0.0,
11.0,
0.0,
0.0,
78.0,
126.0,
196.0,
254.0,
255.0,
255.0,
255.0,
255.0,
255.0,
255.0,
100.0,
0.0,
0.0,
0.0,
0.0,
0.0,
0.0,
0.0,
0.0,
0.0,
0.0,
0.0,
0.0,
0.0,
0.0,
0.0,
4.0,
0.0,
133.0,
255.0,
241.0,
255.0,
253.0,
247.0,
255.0,
245.0,
234.0,
179.0,
12.0,
5.0,
3.0,
0.0,
0.0,
0.0,
0.0,
0.0,
0.0,
0.0,
0.0,
0.0,
0.0,
0.0,
0.0,
0.0,
0.0,
7.0,
114.0,
255.0,
253.0,
243.0,
255.0,
255.0,
247.0,
255.0,
133.0,
21.0,
1.0,
0.0,
0.0,
0.0,
0.0,
0.0,
0.0,
0.0,
0.0,
0.0,
0.0,
0.0,
0.0,
0.0,
0.0,
3.0,
0.0,
6.0,
69.0,
74.0,
152.0,
188.0,
90.0,
12.0,
22.0,
12.0,
0.0,
1.0,
7.0,
0.0,
8.0,
0.0,
0.0,
0.0,
0.0,
0.0,
0.0,
0.0,
0.0,
0.0,
0.0,
0.0,
0.0,
0.0,
0.0,
0.0,
0.0,
0.0,
0.0,
0.0,
0.0,
0.0,
0.0,
0.0,
0.0,
0.0,
0.0,
0.0,
0.0,
0.0,
0.0,
0.0,
0.0,
0.0,
0.0,
0.0,
0.0,
0.0,
0.0,
0.0,
0.0,
0.0,
0.0,
0.0,
0.0,
0.0,
0.0,
0.0,
0.0,
0.0,
0.0,
0.0,
0.0,
0.0,
0.0,
0.0,
0.0,
0.0,
0.0,
0.0,
0.0,
0.0,
0.0,
0.0,
0.0,
0.0,
0.0,
0.0,
0.0,
0.0,
0.0,
0.0,
0.0,
0.0,
0.0,
0.0,
0.0,
0.0,
0.0,
0.0,
0.0,
0.0,
0.0,
0.0,
0.0,
0.0,
0.0,
0.0,
0.0,
0.0,
0.0,
0.0,
0.0,
0.0,
0.0,
0.0,
0.0,
0.0,
0.0,
0.0,
0.0,
0.0,
0.0,
0.0,
0.0,
0.0,
0.0,
0.0,
0.0,
0.0,
0.0,
0.0,
0.0,
0.0,
0.0,
0.0,
0.0,
