0.0,
0.0,
0.0,
0.0,
0.0,
0.0,
0.0,
0.0,
0.0,
0.0,
0.0,
0.0,
0.0,
0.0,
0.0,
0.0,
0.0,
0.0,
0.0,
2.0,
4.0,
2.0,
0.0,
0.0,
0.0,
1.0,
12.0,
0.0,
0.0,
0.0,
0.0,
0.0,
0.0,
0.0,
0.0,
0.0,
0.0,
0.0,
0.0,
0.0,
0.0,
0.0,
0.0,
0.0,
2.0,
0.0,
0.0,
0.0,
0.0,
0.0,
3.0,
8.0,
0.0,
0.0,
6.0,
0.0,
0.0,
0.0,
0.0,
0.0,
0.0,
0.0,
0.0,
0.0,
0.0,
0.0,
0.0,
0.0,
0.0,
0.0,
0.0,
0.0,
3.0,
6.0,
7.0,
5.0,
1.0,
0.0,
1.0,
3.0,
13.0,
0.0,
1.0,
0.0,
0.0,
0.0,
0.0,
0.0,
0.0,
0.0,
0.0,
0.0,
0.0,
0.0,
0.0,
0.0,
0.0,
0.0,
0.0,
0.0,
0.0,
0.0,
0.0,
0.0,
0.0,
0.0,
0.0,
0.0,
0.0,
0.0,
0.0,
6.0,
0.0,
0.0,
0.0,
0.0,
0.0,
0.0,
0.0,
0.0,
0.0,
0.0,
0.0,
0.0,
0.0,
0.0,
0.0,
0.0,
6.0,
1.0,
0.0,
0.0,
1.0,
5.0,
6.0,
5.0,
8.0,
5.0,
4.0,
6.0,
0.0,
0.0,
0.0,
0.0,
0.0,
0.0,
0.0,
0.0,
0.0,
0.0,
0.0,
0.0,
0.0,
0.0,
0.0,
0.0,
1.0,
1.0,
1.0,
2.0,
3.0,
1.0,
0.0,
0.0,
0.0,
4.0,
0.0,
0.0,
0.0,
0.0,
0.0,
0.0,
0.0,
0.0,
0.0,
0.0,
1.0,
1.0,
1.0,
1.0,
1.0,
1.0,
1.0,
1.0,
0.0,
0.0,
0.0,
0.0,
0.0,
0.0,
5.0,
11.0,
0.0,
24.0,
0.0,
0.0,
0.0,
0.0,
0.0,
0.0,
0.0,
0.0,
0.0,
0.0,
3.0,
3.0,
3.0,
3.0,
3.0,
3.0,
3.0,
3.0,
31.0,
27.0,
17.0,
6.0,
8.0,
35.0,
78.0,
112.0,
181.0,
175.0,
64.0,
0.0,
1.0,
0.0,
0.0,
0.0,
0.0,
6.0,
8.0,
0.0,
8.0,
0.0,
0.0,
182.0,
237.0,
202.0,
216.0,
206.0,
237.0,
251.0,
242.0,
215.0,
216.0,
245.0,
255.0,
251.0,
242.0,
255.0,
185.0,
0.0,
5.0,
0.0,
3.0,
6.0,
0.0,
0.0,
0.0,
4.0,
3.0,
3.0,
161.0,
235.0,
255.0,
255.0,
240.0,
255.0,
253.0,
255.0,
255.0,
247.0,
248.0,
255.0,
255.0,
252.0,
255.0,
238.0,
199.0,
0.0,
0.0,
2.0,
5.0,
4.0,
0.0,
0.0,
0.0,
2.0,
3.0,
202.0,
253.0,
250.0,
248.0,
198.0,
80.0,
105.0,
93.0,
92.0,
92.0,
96.0,
97.0,
93.0,
86.0,
82.0,
75.0,
161.0,
12.0,
25.0,
0.0,
6.0,
2.0,
0.0,
2.0,
10.0,
3.0,
0.0,
147.0,
242.0,
255.0,
255.0,
156.0,
0.0,
4.0,
0.0,
4.0,
4.0,
3.0,
3.0,
2.0,
1.0,
0.0,
0.0,
0.0,
6.0,
0.0,
0.0,
2.0,
4.0,
0.0,
0.0,
1.0,
0.0,
0.0,
17.0,
235.0,
250.0,
255.0,
243.0,
1.0,
0.0,
8.0,
3.0,
0.0,
3.0,
4.0,
0.0,
0.0,
0.0,
3.0,
1.0,
2.0,
15.0,
0.0,
1.0,
4.0,
0.0,
0.0,
5.0,
8.0,
0.0,
7.0,
76.0,
255.0,
241.0,
244.0,
247.0,
187.0,
111.0,
11.0,
0.0,
0.0,
4.0,
7.0,
0.0,
0.0,
5.0,
6.0,
1.0,
3.0,
0.0,
0.0,
10.0,
0.0,
0.0,
0.0,
4.0,
12.0,
0.0,
10.0,
75.0,
233.0,
216.0,
193.0,
255.0,
248.0,
255.0,
198.0,
79.0,
6.0,
0.0,
0.0,
0.0,
0.0,
0.0,
0.0,
0.0,
7.0,
0.0,
25.0,
0.0,
0.0,
13.0,
0.0,
0.0,
5.0,
1.0,
0.0,
11.0,
90.0,
2.0,
0.0,
6.0,
19.0,
85.0,
224.0,
216.0,
36.0,
7.0,
0.0,
2.0,
10.0,
2.0,
0.0,
4.0,
0.0,
5.0,
0.0,
15.0,
0.0,
0.0,
0.0,
8.0,
0.0,
0.0,
24.0,
0.0,
9.0,
0.0,
2.0,
0.0,
0.0,
0.0,
63.0,
243.0,
179.0,
0.0,
0.0,
3.0,
9.0,
0.0,
8.0,
0.0,
0.0,
0.0,
0.0,
0.0,
8.0,
0.0,
0.0,
1.0,
0.0,
0.0,
0.0,
4.0,
0.0,
0.0,
9.0,
1.0,
0.0,
7.0,
35.0,
255.0,
164.0,
9.0,
5.0,
1.0,
5.0,
0.0,
5.0,
0.0,
0.0,
0.0,
0.0,
0.0,
3.0,
1.0,
1.0,
0.0,
1.0,
12.0,
0.0,
107.0,
96.0,
6.0,
0.0,
4.0,
11.0,
0.0,
135.0,
239.0,
96.0,
0.0,
4.0,
0.0,
2.0,
0.0,
4.0,
2.0,
0.0,
0.0,
0.0,
0.0,
0.0,
0.0,
6.0,
0.0,
0.0,
7.0,
3.0,
238.0,
242.0,
173.0,
129.0,
24.0,
0.0,
22.0,
255.0,
243.0,
22.0,
0.0,
2.0,
0.0,
5.0,
0.0,
0.0,
0.0,
0.0,
0.0,
0.0,
0.0,
0.0,
0.0,
5.0,
0.0,
0.0,
0.0,
2.0,
255.0,
255.0,
245.0,
255.0,
242.0,
242.0,
243.0,
254.0,
176.0,
0.0,
0.0,
10.0,
0.0,
6.0,
1.0,
0.0,
0.0,
0.0,
0.0,
0.0,
0.0,
3.0,
0.0,
0.0,
2.0,
3.0,
0.0,
3.0,
202.0,
255.0,
255.0,
250.0,
255.0,
255.0,
237.0,
251.0,
157.0,
0.0,
5.0,
5.0,
0.0,
0.0,
0.0,
0.0,
4.0,
0.0,
0.0,
0.0,
0.0,
0.0,
3.0,
0.0,
3.0,
9.0,
0.0,
9.0,
84.0,
194.0,
255.0,
255.0,
241.0,
255.0,
255.0,
236.0,
0.0,
0.0,
1.0,
0.0,
0.0,
0.0,
0.0,
1.0,
8.0,
0.0,
0.0,
0.0,
0.0,
0.0,
12.0,
0.0,
0.0,
0.0,
0.0,
4.0,
0.0,
35.0,
202.0,
245.0,
255.0,
248.0,
241.0,
103.0,
0.0,
3.0,
3.0,
0.0,
8.0,
5.0,
0.0,
0.0,
0.0,
0.0,
0.0,
0.0,
0.0,
0.0,
0.0,
0.0,
0.0,
0.0,
0.0,
0.0,
0.0,
0.0,
16.0,
67.0,
114.0,
100.0,
39.0,
0.0,
0.0,
0.0,
0.0,
0.0,
0.0,
0.0,
0.0,
0.0,
0.0,
0.0,
0.0,
0.0,
0.0,
0.0,
0.0,
0.0,
0.0,
0.0,
0.0,
0.0,
0.0,
1.0,
0.0,
0.0,
4.0,
0.0,
0.0,
0.0,
7.0,
0.0,
0.0,
0.0,
0.0,
0.0,
0.0,
0.0,
0.0,
0.0,
0.0,
0.0,
0.0,
0.0,
0.0,
0.0,
0.0,
0.0,
0.0,
0.0,
0.0,
0.0,
0.0,
0.0,
0.0,
0.0,
4.0,
4.0,
0.0,
0.0,
0.0,
0.0,
0.0,
0.0,
0.0,
0.0,
0.0,
0.0,
0.0,
0.0,
0.0,
0.0,
0.0,
0.0,
0.0,
0.0,
0.0,
0.0,
0.0,
3.0,
7.0,
3.0,
0.0,
0.0,
8.0,
7.0,
0.0,
0.0,
0.0,
0.0,
0.0,
0.0,
0.0,
0.0,
0.0,
0.0,
0.0,
0.0,
0.0,
