0.0,
0.0,
0.0,
0.0,
0.0,
0.0,
0.0,
0.0,
0.0,
10.0,
0.0,
2.0,
0.0,
8.0,
0.0,
6.0,
4.0,
5.0,
0.0,
4.0,
7.0,
0.0,
7.0,
1.0,
4.0,
0.0,
0.0,
0.0,
0.0,
0.0,
0.0,
0.0,
0.0,
0.0,
0.0,
0.0,
1.0,
9.0,
0.0,
4.0,
0.0,
5.0,
0.0,
1.0,
0.0,
0.0,
0.0,
0.0,
0.0,
1.0,
0.0,
0.0,
0.0,
11.0,
12.0,
3.0,
0.0,
0.0,
0.0,
0.0,
0.0,
0.0,
0.0,
0.0,
0.0,
12.0,
0.0,
11.0,
0.0,
0.0,
6.0,
0.0,
0.0,
0.0,
13.0,
0.0,
0.0,
20.0,
1.0,
3.0,
3.0,
0.0,
0.0,
15.0,
0.0,
0.0,
0.0,
0.0,
0.0,
0.0,
0.0,
0.0,
15.0,
0.0,
23.0,
0.0,
0.0,
25.0,
0.0,
1.0,
4.0,
0.0,
9.0,
0.0,
0.0,
6.0,
0.0,
0.0,
0.0,
16.0,
5.0,
0.0,
0.0,
0.0,
0.0,
0.0,
0.0,
0.0,
0.0,
0.0,
0.0,
0.0,
0.0,
6.0,
0.0,
0.0,
0.0,
4.0,
2.0,
1.0,
0.0,
6.0,
5.0,
0.0,
1.0,
4.0,
3.0,
0.0,
0.0,
2.0,
0.0,
0.0,
0.0,
0.0,
0.0,
0.0,
0.0,
0.0,
14.0,
4.0,
59.0,
179.0,
255.0,
255.0,
255.0,
243.0,
222.0,
215.0,
184.0,
193.0,
173.0,
127.0,
132.0,
128.0,
54.0,
11.0,
8.0,
0.0,
0.0,
0.0,
0.0,
0.0,
0.0,
0.0,
0.0,
0.0,
0.0,
9.0,
228.0,
247.0,
249.0,
255.0,
224.0,
255.0,
250.0,
249.0,
251.0,
255.0,
255.0,
246.0,
247.0,
253.0,
240.0,
252.0,
224.0,
13.0,
0.0,
0.0,
0.0,
0.0,
0.0,
0.0,
0.0,
0.0,
68.0,
157.0,
255.0,
255.0,
250.0,
246.0,
229.0,
137.0,
111.0,
110.0,
139.0,
138.0,
142.0,
153.0,
137.0,
147.0,
144.0,
140.0,
153.0,
0.0,
0.0,
0.0,
0.0,
0.0,
0.0,
0.0,
0.0,
0.0,
114.0,
255.0,
255.0,
215.0,
147.0,
140.0,
32.0,
0.0,
0.0,
0.0,
0.0,
0.0,
0.0,
0.0,
0.0,
0.0,
0.0,
0.0,
0.0,
0.0,
0.0,
0.0,
0.0,
0.0,
0.0,
0.0,
0.0,
0.0,
185.0,
242.0,
210.0,
31.0,
3.0,
15.0,
12.0,
5.0,
0.0,
0.0,
0.0,
0.0,
0.0,
0.0,
0.0,
0.0,
0.0,
0.0,
0.0,
0.0,
0.0,
0.0,
0.0,
0.0,
0.0,
0.0,
0.0,
0.0,
241.0,
249.0,
175.0,
0.0,
4.0,
12.0,
0.0,
0.0,
0.0,
0.0,
0.0,
0.0,
0.0,
0.0,
0.0,
0.0,
0.0,
0.0,
0.0,
0.0,
0.0,
0.0,
0.0,
0.0,
0.0,
0.0,
0.0,
0.0,
211.0,
250.0,
231.0,
48.0,
4.0,
0.0,
9.0,
14.0,
0.0,
0.0,
0.0,
0.0,
0.0,
0.0,
0.0,
0.0,
0.0,
0.0,
0.0,
0.0,
0.0,
0.0,
0.0,
0.0,
0.0,
0.0,
0.0,
0.0,
114.0,
248.0,
255.0,
202.0,
0.0,
1.0,
14.0,
0.0,
0.0,
0.0,
0.0,
0.0,
0.0,
0.0,
0.0,
0.0,
0.0,
0.0,
0.0,
0.0,
0.0,
0.0,
0.0,
0.0,
0.0,
0.0,
0.0,
0.0,
88.0,
241.0,
253.0,
255.0,
95.0,
17.0,
0.0,
4.0,
0.0,
0.0,
0.0,
0.0,
0.0,
0.0,
0.0,
0.0,
0.0,
0.0,
0.0,
0.0,
0.0,
0.0,
0.0,
0.0,
0.0,
0.0,
0.0,
0.0,
7.0,
110.0,
238.0,
253.0,
255.0,
63.0,
14.0,
1.0,
0.0,
0.0,
0.0,
0.0,
0.0,
0.0,
0.0,
0.0,
0.0,
0.0,
0.0,
0.0,
0.0,
0.0,
0.0,
0.0,
0.0,
0.0,
0.0,
0.0,
0.0,
5.0,
115.0,
242.0,
249.0,
237.0,
143.0,
11.0,
0.0,
0.0,
0.0,
0.0,
0.0,
0.0,
0.0,
0.0,
0.0,
0.0,
0.0,
0.0,
0.0,
7.0,
1.0,
0.0,
0.0,
6.0,
0.0,
26.0,
0.0,
9.0,
0.0,
112.0,
222.0,
255.0,
255.0,
184.0,
33.0,
5.0,
0.0,
16.0,
0.0,
0.0,
0.0,
2.0,
0.0,
0.0,
0.0,
0.0,
6.0,
0.0,
0.0,
0.0,
0.0,
0.0,
12.0,
219.0,
107.0,
0.0,
0.0,
6.0,
22.0,
190.0,
237.0,
255.0,
165.0,
38.0,
0.0,
0.0,
10.0,
8.0,
1.0,
0.0,
0.0,
0.0,
0.0,
0.0,
0.0,
0.0,
7.0,
0.0,
5.0,
0.0,
0.0,
254.0,
154.0,
0.0,
7.0,
10.0,
0.0,
1.0,
188.0,
242.0,
248.0,
206.0,
11.0,
10.0,
19.0,
0.0,
0.0,
10.0,
0.0,
0.0,
0.0,
0.0,
4.0,
5.0,
1.0,
0.0,
0.0,
9.0,
0.0,
255.0,
247.0,
122.0,
0.0,
0.0,
18.0,
0.0,
32.0,
200.0,
244.0,
242.0,
193.0,
47.0,
0.0,
2.0,
23.0,
0.0,
0.0,
0.0,
0.0,
0.0,
5.0,
0.0,
0.0,
8.0,
0.0,
0.0,
18.0,
222.0,
255.0,
255.0,
109.0,
21.0,
0.0,
0.0,
0.0,
6.0,
202.0,
247.0,
255.0,
95.0,
11.0,
12.0,
0.0,
8.0,
0.0,
0.0,
0.0,
0.0,
0.0,
0.0,
1.0,
13.0,
0.0,
0.0,
0.0,
54.0,
240.0,
229.0,
255.0,
223.0,
141.0,
52.0,
34.0,
56.0,
235.0,
248.0,
253.0,
177.0,
1.0,
0.0,
1.0,
3.0,
0.0,
0.0,
0.0,
0.0,
5.0,
0.0,
3.0,
0.0,
0.0,
12.0,
11.0,
0.0,
105.0,
255.0,
239.0,
255.0,
255.0,
249.0,
244.0,
249.0,
248.0,
255.0,
255.0,
66.0,
1.0,
16.0,
0.0,
0.0,
0.0,
0.0,
0.0,
0.0,
6.0,
0.0,
9.0,
0.0,
12.0,
0.0,
0.0,
5.0,
0.0,
60.0,
233.0,
237.0,
251.0,
255.0,
251.0,
255.0,
253.0,
219.0,
114.0,
39.0,
0.0,
1.0,
0.0,
6.0,
0.0,
0.0,
0.0,
0.0,
0.0,
0.0,
0.0,
0.0,
0.0,
0.0,
0.0,
0.0,
6.0,
0.0,
4.0,
53.0,
106.0,
130.0,
127.0,
119.0,
129.0,
80.0,
23.0,
0.0,
0.0,
6.0,
1.0,
0.0,
0.0,
0.0,
0.0,
0.0,
0.0,
0.0,
0.0,
0.0,
0.0,
0.0,
0.0,
0.0,
0.0,
0.0,
0.0,
6.0,
11.0,
5.0,
0.0,
0.0,
0.0,
0.0,
0.0,
0.0,
0.0,
2.0,
2.0,
1.0,
0.0,
0.0,
0.0,
0.0,
0.0,
0.0,
0.0,
0.0,
0.0,
0.0,
0.0,
0.0,
0.0,
0.0,
4.0,
6.0,
0.0,
0.0,
0.0,
5.0,
0.0,
0.0,
7.0,
6.0,
0.0,
0.0,
0.0,
0.0,
0.0,
0.0,
0.0,
0.0,
0.0,
0.0,
0.0,
0.0,
0.0,
0.0,
0.0,
0.0,
0.0,
0.0,
0.0,
0.0,
0.0,
0.0,
0.0,
1.0,
6.0,
3.0,
0.0,
0.0,
0.0,
0.0,
1.0,
1.0,
0.0,
0.0,
0.0,
0.0,
