0.0,
0.0,
0.0,
0.0,
0.0,
0.0,
0.0,
0.0,
1.0,
0.0,
0.0,
0.0,
13.0,
0.0,
0.0,
4.0,
0.0,
8.0,
12.0,
0.0,
0.0,
0.0,
5.0,
0.0,
0.0,
0.0,
0.0,
0.0,
0.0,
0.0,
0.0,
0.0,
0.0,
0.0,
0.0,
0.0,
10.0,
3.0,
4.0,
0.0,
4.0,
0.0,
7.0,
0.0,
3.0,
0.0,
0.0,
2.0,
4.0,
0.0,
0.0,
6.0,
0.0,
0.0,
0.0,
0.0,
0.0,
0.0,
0.0,
0.0,
0.0,
0.0,
0.0,
0.0,
0.0,
0.0,
9.0,
2.0,
6.0,
0.0,
0.0,
0.0,
1.0,
0.0,
0.0,
3.0,
1.0,
1.0,
0.0,
0.0,
0.0,
0.0,
0.0,
0.0,
0.0,
0.0,
0.0,
0.0,
0.0,
0.0,
0.0,
0.0,
13.0,
3.0,
2.0,
1.0,
0.0,
0.0,
0.0,
11.0,
6.0,
4.0,
0.0,
14.0,
3.0,
0.0,
0.0,
4.0,
0.0,
0.0,
0.0,
0.0,
0.0,
0.0,
0.0,
0.0,
0.0,
0.0,
0.0,
0.0,
1.0,
0.0,
0.0,
0.0,
3.0,
8.0,
2.0,
0.0,
0.0,
8.0,
0.0,
0.0,
0.0,
8.0,
4.0,
1.0,
0.0,
0.0,
0.0,
0.0,
0.0,
0.0,
0.0,
0.0,
0.0,
0.0,
0.0,
0.0,
0.0,
11.0,
12.0,
8.0,
0.0,
0.0,
0.0,
0.0,
11.0,
37.0,
90.0,
184.0,
170.0,
111.0,
19.0,
0.0,
0.0,
0.0,
0.0,
0.0,
0.0,
0.0,
0.0,
0.0,
0.0,
0.0,
0.0,
0.0,
1.0,
0.0,
0.0,
11.0,
0.0,
0.0,
19.0,
64.0,
152.0,
240.0,
255.0,
246.0,
233.0,
255.0,
152.0,
12.0,
0.0,
0.0,
0.0,
0.0,
0.0,
0.0,
0.0,
0.0,
0.0,
0.0,
0.0,
0.0,
12.0,
0.0,
13.0,
144.0,
200.0,
203.0,
202.0,
251.0,
255.0,
255.0,
240.0,
255.0,
251.0,
231.0,
95.0,
0.0,
0.0,
0.0,
0.0,
0.0,
0.0,
0.0,
0.0,
0.0,
0.0,
0.0,
0.0,
0.0,
0.0,
0.0,
58.0,
243.0,
254.0,
255.0,
236.0,
253.0,
250.0,
255.0,
255.0,
239.0,
215.0,
65.0,
1.0,
1.0,
0.0,
0.0,
0.0,
0.0,
0.0,
0.0,
0.0,
0.0,
0.0,
0.0,
0.0,
0.0,
0.0,
94.0,
251.0,
255.0,
242.0,
184.0,
117.0,
119.0,
118.0,
107.0,
81.0,
0.0,
0.0,
0.0,
7.0,
0.0,
0.0,
0.0,
0.0,
0.0,
0.0,
0.0,
0.0,
0.0,
0.0,
0.0,
0.0,
0.0,
6.0,
131.0,
253.0,
247.0,
254.0,
24.0,
1.0,
0.0,
0.0,
0.0,
14.0,
7.0,
3.0,
2.0,
0.0,
0.0,
0.0,
0.0,
0.0,
0.0,
0.0,
0.0,
0.0,
0.0,
0.0,
0.0,
0.0,
0.0,
1.0,
91.0,
227.0,
247.0,
255.0,
86.0,
1.0,
1.0,
0.0,
7.0,
6.0,
0.0,
0.0,
7.0,
8.0,
1.0,
0.0,
0.0,
0.0,
0.0,
0.0,
0.0,
0.0,
0.0,
0.0,
0.0,
0.0,
0.0,
1.0,
0.0,
37.0,
226.0,
255.0,
222.0,
63.0,
3.0,
0.0,
16.0,
0.0,
0.0,
5.0,
0.0,
0.0,
0.0,
0.0,
0.0,
0.0,
0.0,
0.0,
0.0,
0.0,
0.0,
0.0,
0.0,
0.0,
0.0,
1.0,
0.0,
3.0,
41.0,
197.0,
253.0,
255.0,
37.0,
5.0,
0.0,
0.0,
7.0,
14.0,
0.0,
1.0,
18.0,
0.0,
0.0,
0.0,
0.0,
0.0,
0.0,
0.0,
0.0,
0.0,
0.0,
0.0,
0.0,
0.0,
0.0,
1.0,
12.0,
7.0,
168.0,
242.0,
216.0,
48.0,
0.0,
22.0,
0.0,
0.0,
2.0,
3.0,
0.0,
0.0,
0.0,
0.0,
0.0,
0.0,
0.0,
0.0,
0.0,
0.0,
0.0,
0.0,
0.0,
3.0,
0.0,
5.0,
0.0,
0.0,
40.0,
231.0,
251.0,
236.0,
0.0,
3.0,
0.0,
0.0,
7.0,
0.0,
5.0,
0.0,
0.0,
0.0,
0.0,
1.0,
1.0,
2.0,
0.0,
0.0,
13.0,
0.0,
0.0,
0.0,
0.0,
3.0,
0.0,
0.0,
3.0,
69.0,
254.0,
249.0,
100.0,
0.0,
0.0,
9.0,
0.0,
0.0,
11.0,
0.0,
0.0,
0.0,
0.0,
0.0,
0.0,
12.0,
14.0,
0.0,
0.0,
0.0,
2.0,
7.0,
1.0,
0.0,
5.0,
7.0,
1.0,
46.0,
253.0,
255.0,
104.0,
21.0,
0.0,
0.0,
5.0,
2.0,
0.0,
0.0,
0.0,
0.0,
0.0,
4.0,
0.0,
4.0,
0.0,
0.0,
12.0,
8.0,
0.0,
0.0,
11.0,
1.0,
6.0,
0.0,
1.0,
57.0,
255.0,
255.0,
66.0,
17.0,
0.0,
0.0,
5.0,
10.0,
0.0,
0.0,
0.0,
0.0,
0.0,
0.0,
0.0,
0.0,
0.0,
1.0,
5.0,
0.0,
7.0,
3.0,
0.0,
0.0,
9.0,
0.0,
2.0,
76.0,
239.0,
253.0,
16.0,
0.0,
0.0,
3.0,
0.0,
4.0,
2.0,
0.0,
0.0,
0.0,
0.0,
1.0,
1.0,
0.0,
4.0,
17.0,
0.0,
28.0,
188.0,
223.0,
66.0,
2.0,
2.0,
0.0,
0.0,
111.0,
245.0,
235.0,
2.0,
0.0,
6.0,
9.0,
0.0,
0.0,
1.0,
0.0,
0.0,
0.0,
0.0,
0.0,
11.0,
0.0,
0.0,
7.0,
0.0,
59.0,
245.0,
255.0,
109.0,
30.0,
0.0,
0.0,
40.0,
187.0,
255.0,
159.0,
3.0,
0.0,
0.0,
1.0,
1.0,
5.0,
0.0,
0.0,
0.0,
0.0,
0.0,
0.0,
7.0,
11.0,
0.0,
1.0,
0.0,
1.0,
62.0,
241.0,
252.0,
244.0,
179.0,
174.0,
209.0,
255.0,
247.0,
61.0,
0.0,
0.0,
0.0,
0.0,
4.0,
8.0,
0.0,
0.0,
0.0,
0.0,
0.0,
9.0,
0.0,
1.0,
2.0,
2.0,
4.0,
0.0,
2.0,
103.0,
215.0,
255.0,
233.0,
248.0,
255.0,
245.0,
190.0,
9.0,
0.0,
0.0,
5.0,
0.0,
0.0,
0.0,
0.0,
0.0,
0.0,
0.0,
0.0,
0.0,
0.0,
0.0,
0.0,
0.0,
0.0,
0.0,
0.0,
3.0,
11.0,
118.0,
131.0,
231.0,
144.0,
110.0,
20.0,
0.0,
0.0,
0.0,
0.0,
0.0,
0.0,
0.0,
0.0,
0.0,
0.0,
0.0,
0.0,
0.0,
0.0,
0.0,
0.0,
0.0,
0.0,
0.0,
0.0,
0.0,
0.0,
0.0,
0.0,
10.0,
2.0,
7.0,
0.0,
0.0,
0.0,
0.0,
0.0,
0.0,
0.0,
0.0,
0.0,
0.0,
0.0,
0.0,
0.0,
0.0,
0.0,
0.0,
0.0,
0.0,
0.0,
0.0,
0.0,
0.0,
10.0,
1.0,
11.0,
0.0,
0.0,
0.0,
4.0,
0.0,
0.0,
0.0,
0.0,
0.0,
0.0,
0.0,
0.0,
0.0,
0.0,
0.0,
0.0,
0.0,
0.0,
0.0,
0.0,
0.0,
0.0,
0.0,
0.0,
0.0,
0.0,
0.0,
0.0,
5.0,
0.0,
1.0,
0.0,
0.0,
0.0,
0.0,
0.0,
0.0,
0.0,
0.0,
0.0,
0.0,
0.0,
0.0,
0.0,
