0.0,
0.0,
0.0,
0.0,
0.0,
0.0,
0.0,
0.0,
0.0,
0.0,
0.0,
0.0,
0.0,
1.0,
4.0,
7.0,
0.0,
5.0,
5.0,
0.0,
0.0,
12.0,
0.0,
0.0,
9.0,
0.0,
1.0,
0.0,
0.0,
0.0,
0.0,
0.0,
0.0,
0.0,
0.0,
0.0,
0.0,
0.0,
1.0,
4.0,
6.0,
3.0,
0.0,
0.0,
3.0,
0.0,
5.0,
3.0,
0.0,
0.0,
11.0,
9.0,
0.0,
0.0,
2.0,
0.0,
0.0,
0.0,
0.0,
0.0,
0.0,
0.0,
0.0,
0.0,
3.0,
1.0,
0.0,
0.0,
0.0,
1.0,
8.0,
12.0,
0.0,
4.0,
0.0,
7.0,
21.0,
0.0,
0.0,
0.0,
4.0,
14.0,
10.0,
0.0,
0.0,
0.0,
0.0,
0.0,
0.0,
0.0,
0.0,
0.0,
0.0,
0.0,
6.0,
5.0,
0.0,
0.0,
0.0,
0.0,
2.0,
2.0,
4.0,
0.0,
0.0,
11.0,
34.0,
0.0,
3.0,
0.0,
0.0,
6.0,
0.0,
0.0,
0.0,
0.0,
0.0,
0.0,
0.0,
0.0,
0.0,
1.0,
1.0,
1.0,
1.0,
2.0,
4.0,
6.0,
0.0,
2.0,
0.0,
7.0,
3.0,
0.0,
88.0,
243.0,
89.0,
0.0,
0.0,
9.0,
0.0,
0.0,
0.0,
0.0,
0.0,
0.0,
0.0,
0.0,
9.0,
0.0,
0.0,
0.0,
0.0,
1.0,
0.0,
0.0,
0.0,
8.0,
2.0,
0.0,
0.0,
74.0,
214.0,
255.0,
135.0,
21.0,
0.0,
6.0,
0.0,
0.0,
0.0,
0.0,
0.0,
0.0,
0.0,
0.0,
0.0,
0.0,
5.0,
4.0,
0.0,
0.0,
0.0,
5.0,
0.0,
16.0,
0.0,
40.0,
164.0,
246.0,
254.0,
190.0,
28.0,
0.0,
0.0,
10.0,
0.0,
0.0,
0.0,
0.0,
0.0,
0.0,
0.0,
0.0,
0.0,
7.0,
7.0,
0.0,
0.0,
34.0,
119.0,
189.0,
128.0,
200.0,
219.0,
240.0,
255.0,
247.0,
193.0,
65.0,
3.0,
3.0,
5.0,
0.0,
0.0,
0.0,
0.0,
0.0,
0.0,
0.0,
0.0,
0.0,
0.0,
6.0,
0.0,
0.0,
32.0,
210.0,
245.0,
255.0,
251.0,
255.0,
255.0,
249.0,
252.0,
94.0,
3.0,
0.0,
0.0,
0.0,
0.0,
0.0,
0.0,
0.0,
0.0,
0.0,
0.0,
0.0,
0.0,
0.0,
0.0,
10.0,
0.0,
46.0,
220.0,
255.0,
254.0,
231.0,
118.0,
95.0,
63.0,
22.0,
29.0,
0.0,
0.0,
9.0,
0.0,
0.0,
0.0,
0.0,
0.0,
0.0,
0.0,
0.0,
0.0,
0.0,
0.0,
0.0,
6.0,
0.0,
124.0,
255.0,
255.0,
97.0,
58.0,
17.0,
0.0,
0.0,
7.0,
2.0,
0.0,
2.0,
7.0,
0.0,
0.0,
0.0,
0.0,
0.0,
0.0,
0.0,
0.0,
0.0,
0.0,
0.0,
0.0,
0.0,
0.0,
147.0,
255.0,
242.0,
241.0,
255.0,
149.0,
2.0,
10.0,
0.0,
1.0,
3.0,
0.0,
2.0,
6.0,
4.0,
0.0,
0.0,
0.0,
0.0,
0.0,
0.0,
0.0,
0.0,
0.0,
0.0,
0.0,
0.0,
14.0,
168.0,
255.0,
201.0,
165.0,
251.0,
246.0,
160.0,
4.0,
0.0,
2.0,
5.0,
4.0,
5.0,
0.0,
0.0,
0.0,
0.0,
0.0,
0.0,
0.0,
0.0,
0.0,
0.0,
0.0,
0.0,
0.0,
0.0,
0.0,
84.0,
55.0,
0.0,
19.0,
101.0,
254.0,
255.0,
48.0,
9.0,
6.0,
0.0,
0.0,
14.0,
3.0,
11.0,
0.0,
0.0,
0.0,
0.0,
0.0,
0.0,
0.0,
0.0,
0.0,
0.0,
0.0,
0.0,
4.0,
0.0,
13.0,
6.0,
0.0,
15.0,
236.0,
255.0,
104.0,
0.0,
2.0,
0.0,
2.0,
1.0,
0.0,
0.0,
0.0,
0.0,
0.0,
0.0,
0.0,
0.0,
0.0,
0.0,
0.0,
0.0,
0.0,
0.0,
1.0,
0.0,
10.0,
0.0,
0.0,
1.0,
136.0,
243.0,
189.0,
3.0,
0.0,
7.0,
8.0,
0.0,
7.0,
4.0,
0.0,
0.0,
0.0,
0.0,
0.0,
0.0,
0.0,
3.0,
0.0,
8.0,
0.0,
0.0,
0.0,
0.0,
13.0,
0.0,
0.0,
1.0,
56.0,
251.0,
191.0,
0.0,
0.0,
0.0,
7.0,
2.0,
0.0,
1.0,
0.0,
0.0,
0.0,
0.0,
15.0,
0.0,
13.0,
0.0,
0.0,
53.0,
39.0,
0.0,
0.0,
23.0,
0.0,
0.0,
4.0,
3.0,
37.0,
255.0,
199.0,
0.0,
0.0,
0.0,
2.0,
0.0,
0.0,
1.0,
0.0,
0.0,
0.0,
0.0,
1.0,
2.0,
0.0,
14.0,
0.0,
231.0,
255.0,
38.0,
0.0,
11.0,
0.0,
0.0,
14.0,
0.0,
67.0,
255.0,
199.0,
2.0,
0.0,
0.0,
0.0,
0.0,
2.0,
0.0,
0.0,
0.0,
0.0,
0.0,
0.0,
3.0,
9.0,
11.0,
0.0,
224.0,
244.0,
238.0,
60.0,
0.0,
3.0,
0.0,
0.0,
0.0,
159.0,
254.0,
176.0,
2.0,
0.0,
3.0,
0.0,
0.0,
3.0,
0.0,
0.0,
0.0,
0.0,
0.0,
3.0,
6.0,
0.0,
0.0,
0.0,
71.0,
222.0,
255.0,
242.0,
63.0,
0.0,
0.0,
12.0,
20.0,
225.0,
255.0,
129.0,
0.0,
0.0,
4.0,
0.0,
1.0,
2.0,
0.0,
0.0,
0.0,
0.0,
0.0,
0.0,
0.0,
12.0,
0.0,
18.0,
0.0,
36.0,
251.0,
235.0,
230.0,
156.0,
64.0,
31.0,
122.0,
255.0,
240.0,
71.0,
0.0,
1.0,
3.0,
0.0,
5.0,
0.0,
0.0,
0.0,
0.0,
0.0,
0.0,
0.0,
14.0,
0.0,
0.0,
0.0,
5.0,
9.0,
30.0,
255.0,
255.0,
229.0,
250.0,
255.0,
249.0,
251.0,
185.0,
22.0,
0.0,
4.0,
0.0,
0.0,
7.0,
0.0,
2.0,
0.0,
0.0,
0.0,
0.0,
4.0,
0.0,
13.0,
0.0,
6.0,
0.0,
0.0,
5.0,
49.0,
150.0,
252.0,
255.0,
252.0,
175.0,
134.0,
5.0,
0.0,
0.0,
8.0,
0.0,
0.0,
9.0,
0.0,
5.0,
0.0,
0.0,
0.0,
0.0,
0.0,
0.0,
0.0,
0.0,
0.0,
0.0,
0.0,
0.0,
0.0,
0.0,
0.0,
0.0,
0.0,
0.0,
0.0,
0.0,
0.0,
0.0,
0.0,
0.0,
0.0,
0.0,
0.0,
0.0,
0.0,
0.0,
0.0,
0.0,
0.0,
0.0,
0.0,
0.0,
0.0,
0.0,
0.0,
0.0,
0.0,
0.0,
0.0,
0.0,
0.0,
0.0,
0.0,
0.0,
0.0,
0.0,
0.0,
0.0,
0.0,
0.0,
0.0,
0.0,
0.0,
0.0,
0.0,
0.0,
0.0,
0.0,
0.0,
0.0,
0.0,
0.0,
0.0,
0.0,
0.0,
0.0,
0.0,
0.0,
0.0,
0.0,
0.0,
0.0,
0.0,
0.0,
0.0,
0.0,
0.0,
0.0,
0.0,
0.0,
0.0,
0.0,
0.0,
0.0,
0.0,
0.0,
0.0,
0.0,
0.0,
0.0,
0.0,
0.0,
0.0,
0.0,
0.0,
0.0,
0.0,
0.0,
0.0,
0.0,
0.0,
0.0,
0.0,
0.0,
0.0,
0.0,
0.0,
0.0,
0.0,
0.0,
0.0,
0.0,
