0.0,
0.0,
0.0,
0.0,
1.0,
6.0,
4.0,
0.0,
0.0,
6.0,
0.0,
0.0,
0.0,
0.0,
2.0,
0.0,
2.0,
0.0,
3.0,
1.0,
1.0,
3.0,
0.0,
2.0,
0.0,
0.0,
0.0,
0.0,
0.0,
1.0,
2.0,
0.0,
0.0,
0.0,
0.0,
0.0,
0.0,
0.0,
0.0,
5.0,
7.0,
4.0,
6.0,
2.0,
0.0,
0.0,
0.0,
0.0,
0.0,
0.0,
0.0,
0.0,
0.0,
0.0,
0.0,
0.0,
0.0,
2.0,
3.0,
0.0,
0.0,
0.0,
0.0,
1.0,
9.0,
1.0,
0.0,
0.0,
0.0,
0.0,
0.0,
1.0,
1.0,
2.0,
2.0,
3.0,
4.0,
4.0,
5.0,
4.0,
0.0,
0.0,
0.0,
0.0,
0.0,
1.0,
1.0,
0.0,
0.0,
2.0,
3.0,
3.0,
0.0,
0.0,
6.0,
6.0,
9.0,
14.0,
0.0,
3.0,
0.0,
0.0,
0.0,
0.0,
0.0,
0.0,
4.0,
0.0,
1.0,
0.0,
0.0,
0.0,
3.0,
0.0,
0.0,
0.0,
4.0,
4.0,
1.0,
0.0,
6.0,
2.0,
2.0,
0.0,
0.0,
0.0,
0.0,
0.0,
4.0,
15.0,
1.0,
2.0,
0.0,
0.0,
4.0,
0.0,
1.0,
1.0,
0.0,
0.0,
4.0,
0.0,
0.0,
0.0,
1.0,
0.0,
0.0,
0.0,
0.0,
5.0,
0.0,
7.0,
3.0,
0.0,
7.0,
5.0,
0.0,
8.0,
0.0,
0.0,
1.0,
0.0,
16.0,
0.0,
2.0,
1.0,
0.0,
0.0,
2.0,
0.0,
0.0,
1.0,
0.0,
0.0,
4.0,
15.0,
0.0,
16.0,
0.0,
6.0,
22.0,
43.0,
120.0,
139.0,
141.0,
200.0,
229.0,
255.0,
235.0,
157.0,
93.0,
15.0,
2.0,
1.0,
0.0,
0.0,
0.0,
0.0,
3.0,
3.0,
0.0,
0.0,
16.0,
37.0,
57.0,
130.0,
158.0,
234.0,
255.0,
234.0,
255.0,
244.0,
240.0,
255.0,
246.0,
255.0,
253.0,
240.0,
255.0,
228.0,
2.0,
2.0,
0.0,
0.0,
0.0,
4.0,
0.0,
0.0,
0.0,
14.0,
118.0,
255.0,
245.0,
251.0,
251.0,
251.0,
238.0,
255.0,
243.0,
254.0,
249.0,
255.0,
255.0,
251.0,
248.0,
251.0,
242.0,
232.0,
5.0,
4.0,
1.0,
0.0,
0.0,
0.0,
0.0,
1.0,
0.0,
3.0,
104.0,
255.0,
255.0,
242.0,
255.0,
250.0,
253.0,
254.0,
243.0,
255.0,
255.0,
248.0,
245.0,
236.0,
255.0,
226.0,
127.0,
22.0,
4.0,
2.0,
0.0,
0.0,
0.0,
1.0,
0.0,
6.0,
0.0,
0.0,
36.0,
130.0,
235.0,
251.0,
243.0,
255.0,
252.0,
235.0,
255.0,
240.0,
245.0,
255.0,
255.0,
160.0,
114.0,
28.0,
8.0,
0.0,
2.0,
1.0,
0.0,
0.0,
0.0,
7.0,
4.0,
0.0,
0.0,
0.0,
0.0,
0.0,
140.0,
255.0,
255.0,
242.0,
255.0,
238.0,
101.0,
122.0,
0.0,
0.0,
0.0,
0.0,
11.0,
0.0,
0.0,
11.0,
0.0,
0.0,
0.0,
0.0,
0.0,
4.0,
0.0,
0.0,
2.0,
10.0,
3.0,
0.0,
32.0,
236.0,
255.0,
245.0,
126.0,
25.0,
0.0,
0.0,
6.0,
14.0,
8.0,
1.0,
9.0,
0.0,
0.0,
0.0,
0.0,
0.0,
0.0,
0.0,
2.0,
0.0,
0.0,
7.0,
5.0,
0.0,
2.0,
12.0,
0.0,
112.0,
245.0,
255.0,
255.0,
159.0,
44.0,
2.0,
0.0,
2.0,
0.0,
0.0,
0.0,
11.0,
14.0,
2.0,
0.0,
0.0,
0.0,
0.0,
0.0,
0.0,
4.0,
12.0,
2.0,
0.0,
0.0,
0.0,
0.0,
9.0,
111.0,
177.0,
246.0,
236.0,
236.0,
140.0,
0.0,
0.0,
12.0,
18.0,
7.0,
0.0,
1.0,
0.0,
0.0,
0.0,
0.0,
0.0,
1.0,
0.0,
1.0,
0.0,
0.0,
7.0,
11.0,
0.0,
11.0,
0.0,
0.0,
0.0,
121.0,
232.0,
252.0,
249.0,
129.0,
14.0,
0.0,
0.0,
8.0,
0.0,
10.0,
7.0,
0.0,
0.0,
0.0,
1.0,
1.0,
1.0,
6.0,
0.0,
0.0,
0.0,
0.0,
8.0,
0.0,
1.0,
5.0,
0.0,
4.0,
7.0,
167.0,
255.0,
253.0,
128.0,
16.0,
0.0,
0.0,
0.0,
1.0,
0.0,
0.0,
0.0,
0.0,
0.0,
4.0,
0.0,
0.0,
0.0,
10.0,
16.0,
0.0,
0.0,
12.0,
5.0,
0.0,
0.0,
4.0,
0.0,
44.0,
151.0,
255.0,
244.0,
109.0,
5.0,
9.0,
0.0,
4.0,
0.0,
0.0,
0.0,
0.0,
0.0,
3.0,
4.0,
8.0,
0.0,
0.0,
0.0,
6.0,
13.0,
1.0,
0.0,
10.0,
24.0,
0.0,
3.0,
0.0,
75.0,
234.0,
255.0,
189.0,
0.0,
1.0,
0.0,
8.0,
8.0,
0.0,
0.0,
0.0,
0.0,
0.0,
0.0,
3.0,
10.0,
5.0,
0.0,
10.0,
0.0,
0.0,
19.0,
6.0,
0.0,
2.0,
23.0,
0.0,
128.0,
255.0,
243.0,
255.0,
16.0,
0.0,
12.0,
0.0,
0.0,
0.0,
0.0,
0.0,
0.0,
0.0,
0.0,
0.0,
3.0,
0.0,
1.0,
73.0,
46.0,
16.0,
1.0,
0.0,
0.0,
0.0,
0.0,
62.0,
248.0,
255.0,
246.0,
255.0,
19.0,
0.0,
12.0,
0.0,
0.0,
0.0,
0.0,
0.0,
0.0,
3.0,
2.0,
0.0,
0.0,
0.0,
27.0,
197.0,
215.0,
35.0,
0.0,
9.0,
18.0,
19.0,
119.0,
253.0,
241.0,
242.0,
255.0,
188.0,
3.0,
7.0,
0.0,
3.0,
4.0,
0.0,
0.0,
0.0,
0.0,
3.0,
0.0,
0.0,
4.0,
19.0,
69.0,
255.0,
255.0,
169.0,
63.0,
35.0,
119.0,
223.0,
246.0,
255.0,
255.0,
255.0,
229.0,
94.0,
3.0,
15.0,
0.0,
0.0,
0.0,
0.0,
0.0,
0.0,
0.0,
0.0,
2.0,
2.0,
0.0,
0.0,
18.0,
232.0,
246.0,
255.0,
250.0,
253.0,
244.0,
253.0,
255.0,
248.0,
255.0,
232.0,
97.0,
0.0,
0.0,
1.0,
0.0,
0.0,
0.0,
0.0,
0.0,
0.0,
0.0,
5.0,
0.0,
0.0,
2.0,
4.0,
3.0,
103.0,
255.0,
255.0,
250.0,
243.0,
248.0,
255.0,
255.0,
232.0,
200.0,
25.0,
13.0,
1.0,
0.0,
1.0,
5.0,
3.0,
0.0,
0.0,
0.0,
0.0,
0.0,
0.0,
6.0,
0.0,
0.0,
0.0,
0.0,
33.0,
123.0,
243.0,
252.0,
255.0,
255.0,
233.0,
171.0,
84.0,
18.0,
8.0,
2.0,
0.0,
0.0,
1.0,
4.0,
2.0,
0.0,
0.0,
0.0,
0.0,
0.0,
0.0,
7.0,
4.0,
0.0,
2.0,
0.0,
0.0,
15.0,
5.0,
1.0,
0.0,
0.0,
1.0,
6.0,
1.0,
0.0,
0.0,
0.0,
0.0,
0.0,
2.0,
3.0,
1.0,
0.0,
0.0,
0.0,
0.0,
0.0,
0.0,
5.0,
2.0,
0.0,
7.0,
8.0,
0.0,
0.0,
0.0,
0.0,
0.0,
0.0,
0.0,
0.0,
0.0,
0.0,
0.0,
0.0,
2.0,
3.0,
2.0,
0.0,
0.0,
0.0,
0.0,
0.0,
0.0,
0.0,
