0.0,
0.0,
0.0,
0.0,
0.0,
0.0,
0.0,
0.0,
1.0,
0.0,
0.0,
1.0,
7.0,
0.0,
12.0,
0.0,
2.0,
0.0,
0.0,
12.0,
0.0,
0.0,
0.0,
0.0,
0.0,
0.0,
0.0,
0.0,
0.0,
0.0,
0.0,
0.0,
0.0,
0.0,
0.0,
0.0,
0.0,
1.0,
4.0,
1.0,
2.0,
0.0,
0.0,
0.0,
1.0,
5.0,
0.0,
0.0,
0.0,
0.0,
0.0,
13.0,
0.0,
0.0,
0.0,
0.0,
0.0,
0.0,
0.0,
0.0,
0.0,
0.0,
0.0,
0.0,
11.0,
0.0,
0.0,
0.0,
5.0,
17.0,
3.0,
5.0,
0.0,
0.0,
0.0,
0.0,
15.0,
3.0,
0.0,
0.0,
0.0,
0.0,
0.0,
0.0,
0.0,
0.0,
0.0,
0.0,
0.0,
0.0,
0.0,
0.0,
0.0,
1.0,
11.0,
4.0,
0.0,
0.0,
0.0,
0.0,
0.0,
9.0,
6.0,
0.0,
0.0,
0.0,
26.0,
0.0,
0.0,
0.0,
0.0,
0.0,
0.0,
0.0,
0.0,
0.0,
0.0,
0.0,
0.0,
0.0,
4.0,
0.0,
0.0,
0.0,
4.0,
10.0,
6.0,
10.0,
0.0,
7.0,
0.0,
30.0,
143.0,
235.0,
236.0,
0.0,
0.0,
0.0,
0.0,
0.0,
0.0,
0.0,
0.0,
0.0,
0.0,
0.0,
0.0,
0.0,
0.0,
0.0,
2.0,
4.0,
10.0,
0.0,
9.0,
0.0,
8.0,
54.0,
115.0,
242.0,
255.0,
252.0,
255.0,
92.0,
0.0,
0.0,
0.0,
0.0,
0.0,
0.0,
0.0,
0.0,
0.0,
0.0,
0.0,
0.0,
0.0,
6.0,
15.0,
0.0,
0.0,
2.0,
182.0,
235.0,
235.0,
255.0,
252.0,
255.0,
242.0,
236.0,
168.0,
0.0,
0.0,
0.0,
0.0,
0.0,
0.0,
0.0,
0.0,
0.0,
0.0,
0.0,
0.0,
0.0,
1.0,
0.0,
2.0,
0.0,
15.0,
38.0,
240.0,
255.0,
255.0,
255.0,
242.0,
224.0,
136.0,
53.0,
0.0,
4.0,
0.0,
0.0,
0.0,
0.0,
0.0,
0.0,
0.0,
0.0,
0.0,
0.0,
0.0,
0.0,
0.0,
1.0,
3.0,
0.0,
22.0,
159.0,
249.0,
242.0,
214.0,
109.0,
75.0,
12.0,
0.0,
12.0,
6.0,
0.0,
0.0,
0.0,
0.0,
0.0,
0.0,
0.0,
0.0,
0.0,
0.0,
0.0,
0.0,
0.0,
0.0,
0.0,
4.0,
11.0,
152.0,
255.0,
247.0,
69.0,
0.0,
37.0,
0.0,
0.0,
0.0,
0.0,
0.0,
14.0,
0.0,
0.0,
0.0,
0.0,
0.0,
0.0,
0.0,
0.0,
0.0,
0.0,
0.0,
0.0,
0.0,
5.0,
5.0,
76.0,
255.0,
218.0,
78.0,
0.0,
6.0,
0.0,
26.0,
0.0,
5.0,
2.0,
0.0,
0.0,
0.0,
0.0,
0.0,
0.0,
0.0,
0.0,
0.0,
0.0,
0.0,
0.0,
0.0,
0.0,
9.0,
0.0,
111.0,
240.0,
242.0,
119.0,
0.0,
2.0,
0.0,
15.0,
0.0,
3.0,
5.0,
3.0,
0.0,
7.0,
0.0,
0.0,
0.0,
0.0,
0.0,
0.0,
0.0,
0.0,
0.0,
0.0,
0.0,
0.0,
4.0,
0.0,
172.0,
255.0,
250.0,
254.0,
186.0,
160.0,
7.0,
9.0,
0.0,
5.0,
0.0,
0.0,
7.0,
5.0,
0.0,
0.0,
0.0,
0.0,
0.0,
0.0,
0.0,
0.0,
0.0,
0.0,
0.0,
0.0,
9.0,
22.0,
226.0,
253.0,
247.0,
245.0,
239.0,
255.0,
216.0,
39.0,
7.0,
0.0,
8.0,
0.0,
3.0,
0.0,
0.0,
0.0,
0.0,
0.0,
0.0,
0.0,
0.0,
0.0,
0.0,
0.0,
0.0,
0.0,
0.0,
15.0,
225.0,
255.0,
164.0,
107.0,
174.0,
228.0,
255.0,
214.0,
8.0,
0.0,
20.0,
0.0,
0.0,
8.0,
0.0,
0.0,
0.0,
0.0,
0.0,
0.0,
0.0,
0.0,
0.0,
0.0,
0.0,
0.0,
0.0,
15.0,
0.0,
0.0,
4.0,
5.0,
0.0,
10.0,
170.0,
255.0,
185.0,
10.0,
0.0,
5.0,
10.0,
0.0,
0.0,
0.0,
0.0,
0.0,
1.0,
5.0,
0.0,
9.0,
0.0,
0.0,
10.0,
0.0,
0.0,
4.0,
0.0,
0.0,
1.0,
6.0,
3.0,
2.0,
14.0,
122.0,
249.0,
61.0,
0.0,
10.0,
0.0,
0.0,
0.0,
0.0,
0.0,
0.0,
1.0,
0.0,
5.0,
11.0,
11.0,
0.0,
0.0,
184.0,
9.0,
0.0,
0.0,
0.0,
3.0,
0.0,
0.0,
0.0,
0.0,
23.0,
228.0,
67.0,
0.0,
0.0,
1.0,
11.0,
0.0,
0.0,
0.0,
0.0,
0.0,
8.0,
3.0,
0.0,
0.0,
6.0,
9.0,
114.0,
0.0,
0.0,
16.0,
2.0,
2.0,
1.0,
18.0,
0.0,
7.0,
0.0,
243.0,
79.0,
1.0,
0.0,
3.0,
0.0,
0.0,
0.0,
0.0,
0.0,
0.0,
3.0,
0.0,
7.0,
5.0,
8.0,
64.0,
223.0,
148.0,
27.0,
0.0,
0.0,
10.0,
0.0,
1.0,
5.0,
0.0,
41.0,
255.0,
76.0,
0.0,
1.0,
6.0,
0.0,
0.0,
0.0,
0.0,
0.0,
7.0,
0.0,
10.0,
0.0,
0.0,
0.0,
0.0,
241.0,
245.0,
198.0,
151.0,
65.0,
6.0,
0.0,
33.0,
22.0,
91.0,
180.0,
255.0,
68.0,
2.0,
1.0,
0.0,
5.0,
0.0,
0.0,
0.0,
0.0,
0.0,
5.0,
9.0,
0.0,
11.0,
27.0,
1.0,
104.0,
255.0,
253.0,
255.0,
250.0,
219.0,
219.0,
233.0,
235.0,
255.0,
255.0,
170.0,
24.0,
1.0,
2.0,
0.0,
4.0,
0.0,
0.0,
0.0,
0.0,
2.0,
7.0,
0.0,
17.0,
0.0,
0.0,
1.0,
13.0,
145.0,
218.0,
253.0,
255.0,
234.0,
255.0,
255.0,
247.0,
237.0,
145.0,
31.0,
0.0,
0.0,
2.0,
3.0,
1.0,
0.0,
0.0,
0.0,
0.0,
0.0,
3.0,
0.0,
0.0,
0.0,
21.0,
0.0,
4.0,
0.0,
33.0,
76.0,
189.0,
228.0,
245.0,
179.0,
157.0,
94.0,
0.0,
0.0,
13.0,
4.0,
0.0,
12.0,
0.0,
0.0,
0.0,
0.0,
0.0,
0.0,
0.0,
0.0,
0.0,
0.0,
0.0,
0.0,
0.0,
0.0,
0.0,
0.0,
0.0,
0.0,
0.0,
0.0,
0.0,
0.0,
0.0,
0.0,
0.0,
0.0,
0.0,
0.0,
0.0,
0.0,
0.0,
0.0,
0.0,
0.0,
0.0,
0.0,
0.0,
0.0,
0.0,
0.0,
0.0,
0.0,
0.0,
0.0,
0.0,
0.0,
0.0,
0.0,
0.0,
0.0,
0.0,
0.0,
0.0,
0.0,
0.0,
0.0,
0.0,
0.0,
0.0,
0.0,
0.0,
0.0,
0.0,
0.0,
0.0,
0.0,
0.0,
0.0,
0.0,
0.0,
0.0,
0.0,
0.0,
0.0,
0.0,
0.0,
0.0,
0.0,
0.0,
0.0,
0.0,
0.0,
0.0,
0.0,
0.0,
0.0,
0.0,
0.0,
0.0,
0.0,
0.0,
0.0,
0.0,
0.0,
0.0,
0.0,
0.0,
0.0,
0.0,
0.0,
0.0,
0.0,
0.0,
0.0,
0.0,
0.0,
0.0,
0.0,
0.0,
0.0,
0.0,
0.0,
0.0,
0.0,
0.0,
0.0,
0.0,
