0.0,
0.0,
0.0,
0.0,
0.0,
0.0,
0.0,
0.0,
0.0,
0.0,
2.0,
5.0,
2.0,
0.0,
0.0,
0.0,
2.0,
0.0,
0.0,
0.0,
6.0,
4.0,
0.0,
0.0,
3.0,
7.0,
0.0,
2.0,
0.0,
0.0,
0.0,
0.0,
0.0,
0.0,
0.0,
0.0,
6.0,
5.0,
0.0,
0.0,
0.0,
6.0,
0.0,
0.0,
4.0,
2.0,
3.0,
4.0,
0.0,
0.0,
0.0,
1.0,
0.0,
7.0,
12.0,
0.0,
0.0,
0.0,
0.0,
0.0,
0.0,
0.0,
0.0,
0.0,
0.0,
7.0,
0.0,
3.0,
0.0,
10.0,
7.0,
9.0,
0.0,
0.0,
0.0,
2.0,
0.0,
0.0,
3.0,
11.0,
0.0,
0.0,
1.0,
0.0,
0.0,
0.0,
0.0,
0.0,
0.0,
0.0,
0.0,
0.0,
0.0,
7.0,
0.0,
10.0,
0.0,
0.0,
0.0,
0.0,
3.0,
0.0,
0.0,
0.0,
0.0,
0.0,
0.0,
0.0,
16.0,
0.0,
3.0,
6.0,
0.0,
0.0,
0.0,
0.0,
0.0,
0.0,
0.0,
0.0,
7.0,
0.0,
0.0,
8.0,
6.0,
10.0,
0.0,
1.0,
0.0,
2.0,
3.0,
5.0,
7.0,
8.0,
6.0,
3.0,
0.0,
0.0,
3.0,
0.0,
0.0,
0.0,
0.0,
0.0,
0.0,
0.0,
0.0,
0.0,
0.0,
0.0,
0.0,
0.0,
0.0,
0.0,
0.0,
7.0,
0.0,
2.0,
7.0,
2.0,
0.0,
0.0,
0.0,
0.0,
16.0,
0.0,
4.0,
7.0,
0.0,
0.0,
0.0,
0.0,
0.0,
0.0,
0.0,
0.0,
0.0,
1.0,
13.0,
0.0,
12.0,
3.0,
8.0,
0.0,
3.0,
2.0,
0.0,
0.0,
0.0,
8.0,
7.0,
2.0,
0.0,
0.0,
14.0,
0.0,
0.0,
0.0,
0.0,
0.0,
0.0,
0.0,
0.0,
0.0,
2.0,
0.0,
7.0,
6.0,
97.0,
122.0,
111.0,
38.0,
3.0,
0.0,
0.0,
20.0,
72.0,
116.0,
125.0,
113.0,
192.0,
255.0,
250.0,
12.0,
0.0,
0.0,
0.0,
0.0,
0.0,
0.0,
0.0,
0.0,
2.0,
0.0,
47.0,
228.0,
255.0,
253.0,
254.0,
137.0,
112.0,
202.0,
247.0,
235.0,
243.0,
255.0,
255.0,
243.0,
255.0,
243.0,
202.0,
7.0,
0.0,
0.0,
0.0,
0.0,
0.0,
0.0,
0.0,
0.0,
0.0,
26.0,
100.0,
244.0,
255.0,
246.0,
255.0,
254.0,
255.0,
255.0,
255.0,
249.0,
255.0,
252.0,
250.0,
255.0,
255.0,
149.0,
83.0,
0.0,
0.0,
0.0,
0.0,
0.0,
0.0,
0.0,
0.0,
0.0,
0.0,
146.0,
238.0,
255.0,
255.0,
255.0,
240.0,
227.0,
154.0,
154.0,
148.0,
156.0,
172.0,
145.0,
76.0,
24.0,
23.0,
0.0,
7.0,
0.0,
0.0,
0.0,
0.0,
0.0,
0.0,
0.0,
0.0,
0.0,
6.0,
194.0,
241.0,
244.0,
255.0,
254.0,
178.0,
119.0,
0.0,
9.0,
7.0,
0.0,
0.0,
5.0,
2.0,
0.0,
6.0,
0.0,
21.0,
5.0,
0.0,
0.0,
0.0,
0.0,
0.0,
0.0,
0.0,
0.0,
39.0,
237.0,
255.0,
249.0,
185.0,
58.0,
1.0,
5.0,
0.0,
0.0,
0.0,
4.0,
2.0,
0.0,
0.0,
13.0,
10.0,
0.0,
0.0,
0.0,
0.0,
0.0,
0.0,
0.0,
0.0,
0.0,
0.0,
0.0,
23.0,
237.0,
255.0,
252.0,
202.0,
107.0,
42.0,
0.0,
16.0,
0.0,
0.0,
5.0,
1.0,
0.0,
0.0,
0.0,
1.0,
0.0,
12.0,
21.0,
0.0,
0.0,
0.0,
0.0,
0.0,
0.0,
0.0,
0.0,
0.0,
191.0,
255.0,
255.0,
252.0,
240.0,
200.0,
112.0,
5.0,
0.0,
4.0,
2.0,
0.0,
0.0,
11.0,
10.0,
0.0,
6.0,
0.0,
0.0,
0.0,
0.0,
0.0,
0.0,
0.0,
0.0,
0.0,
0.0,
4.0,
56.0,
112.0,
210.0,
252.0,
255.0,
255.0,
253.0,
218.0,
87.0,
0.0,
0.0,
7.0,
1.0,
0.0,
0.0,
0.0,
11.0,
8.0,
0.0,
0.0,
10.0,
1.0,
0.0,
6.0,
0.0,
0.0,
0.0,
5.0,
4.0,
0.0,
33.0,
108.0,
215.0,
253.0,
254.0,
255.0,
156.0,
13.0,
0.0,
18.0,
0.0,
0.0,
2.0,
0.0,
0.0,
0.0,
0.0,
0.0,
8.0,
0.0,
0.0,
0.0,
0.0,
1.0,
3.0,
0.0,
0.0,
5.0,
0.0,
0.0,
77.0,
250.0,
249.0,
252.0,
68.0,
0.0,
0.0,
0.0,
0.0,
11.0,
5.0,
0.0,
0.0,
0.0,
0.0,
1.0,
3.0,
1.0,
0.0,
0.0,
2.0,
2.0,
0.0,
0.0,
0.0,
0.0,
8.0,
39.0,
154.0,
246.0,
251.0,
227.0,
51.0,
14.0,
25.0,
0.0,
0.0,
2.0,
0.0,
0.0,
0.0,
0.0,
0.0,
0.0,
0.0,
5.0,
1.0,
0.0,
1.0,
0.0,
0.0,
8.0,
5.0,
9.0,
11.0,
222.0,
248.0,
255.0,
198.0,
27.0,
0.0,
0.0,
0.0,
0.0,
8.0,
0.0,
6.0,
0.0,
0.0,
0.0,
0.0,
1.0,
0.0,
6.0,
0.0,
0.0,
1.0,
0.0,
21.0,
0.0,
17.0,
0.0,
9.0,
226.0,
255.0,
252.0,
153.0,
0.0,
25.0,
6.0,
0.0,
16.0,
3.0,
0.0,
0.0,
0.0,
0.0,
0.0,
0.0,
6.0,
0.0,
3.0,
0.0,
0.0,
1.0,
5.0,
72.0,
168.0,
26.0,
93.0,
255.0,
253.0,
240.0,
78.0,
7.0,
0.0,
7.0,
0.0,
0.0,
3.0,
0.0,
6.0,
0.0,
0.0,
0.0,
0.0,
0.0,
5.0,
0.0,
2.0,
0.0,
5.0,
0.0,
5.0,
112.0,
255.0,
232.0,
255.0,
224.0,
255.0,
209.0,
12.0,
12.0,
16.0,
0.0,
0.0,
3.0,
0.0,
0.0,
3.0,
0.0,
0.0,
0.0,
0.0,
0.0,
0.0,
0.0,
4.0,
0.0,
11.0,
0.0,
0.0,
125.0,
241.0,
252.0,
255.0,
255.0,
182.0,
13.0,
10.0,
0.0,
0.0,
0.0,
10.0,
0.0,
0.0,
8.0,
0.0,
4.0,
0.0,
0.0,
0.0,
0.0,
0.0,
0.0,
0.0,
0.0,
0.0,
0.0,
0.0,
0.0,
7.0,
98.0,
127.0,
109.0,
13.0,
6.0,
0.0,
5.0,
0.0,
0.0,
0.0,
0.0,
0.0,
0.0,
0.0,
0.0,
0.0,
0.0,
0.0,
0.0,
0.0,
0.0,
0.0,
0.0,
0.0,
0.0,
0.0,
0.0,
0.0,
9.0,
3.0,
9.0,
0.0,
7.0,
0.0,
3.0,
0.0,
0.0,
0.0,
0.0,
0.0,
0.0,
0.0,
0.0,
0.0,
0.0,
0.0,
0.0,
0.0,
0.0,
0.0,
0.0,
0.0,
0.0,
0.0,
0.0,
10.0,
0.0,
0.0,
0.0,
1.0,
1.0,
0.0,
0.0,
0.0,
0.0,
0.0,
0.0,
0.0,
0.0,
0.0,
0.0,
0.0,
0.0,
0.0,
0.0,
0.0,
0.0,
0.0,
0.0,
0.0,
0.0,
0.0,
0.0,
1.0,
0.0,
6.0,
6.0,
14.0,
0.0,
0.0,
5.0,
0.0,
0.0,
0.0,
0.0,
0.0,
0.0,
0.0,
0.0,
0.0,
0.0,
0.0,
0.0,
