0.0,
0.0,
0.0,
0.0,
0.0,
0.0,
0.0,
0.0,
11.0,
0.0,
0.0,
0.0,
3.0,
0.0,
5.0,
0.0,
0.0,
6.0,
2.0,
0.0,
0.0,
2.0,
9.0,
0.0,
0.0,
0.0,
0.0,
0.0,
0.0,
0.0,
0.0,
0.0,
0.0,
0.0,
0.0,
0.0,
0.0,
6.0,
15.0,
6.0,
0.0,
0.0,
3.0,
0.0,
5.0,
0.0,
0.0,
1.0,
0.0,
4.0,
0.0,
0.0,
0.0,
0.0,
0.0,
0.0,
0.0,
0.0,
0.0,
0.0,
0.0,
0.0,
0.0,
0.0,
9.0,
3.0,
0.0,
0.0,
0.0,
0.0,
0.0,
14.0,
15.0,
0.0,
1.0,
0.0,
10.0,
11.0,
0.0,
10.0,
0.0,
0.0,
0.0,
0.0,
0.0,
0.0,
0.0,
0.0,
0.0,
0.0,
0.0,
0.0,
0.0,
5.0,
5.0,
0.0,
5.0,
15.0,
0.0,
0.0,
0.0,
0.0,
12.0,
0.0,
0.0,
0.0,
8.0,
0.0,
0.0,
0.0,
0.0,
0.0,
0.0,
0.0,
0.0,
0.0,
0.0,
0.0,
0.0,
0.0,
0.0,
0.0,
0.0,
2.0,
0.0,
0.0,
0.0,
15.0,
22.0,
0.0,
47.0,
140.0,
183.0,
237.0,
255.0,
62.0,
0.0,
0.0,
0.0,
0.0,
0.0,
0.0,
0.0,
0.0,
0.0,
0.0,
0.0,
0.0,
21.0,
0.0,
7.0,
7.0,
0.0,
11.0,
13.0,
38.0,
217.0,
255.0,
249.0,
241.0,
255.0,
236.0,
255.0,
129.0,
0.0,
0.0,
0.0,
0.0,
0.0,
0.0,
0.0,
0.0,
0.0,
0.0,
0.0,
0.0,
0.0,
0.0,
29.0,
8.0,
39.0,
170.0,
232.0,
229.0,
255.0,
245.0,
249.0,
240.0,
177.0,
142.0,
206.0,
56.0,
0.0,
0.0,
0.0,
0.0,
0.0,
0.0,
0.0,
0.0,
0.0,
0.0,
0.0,
0.0,
2.0,
13.0,
161.0,
255.0,
255.0,
255.0,
244.0,
253.0,
229.0,
186.0,
72.0,
0.0,
11.0,
0.0,
21.0,
0.0,
0.0,
0.0,
0.0,
0.0,
0.0,
0.0,
0.0,
0.0,
0.0,
0.0,
0.0,
0.0,
0.0,
48.0,
255.0,
255.0,
250.0,
225.0,
201.0,
89.0,
26.0,
0.0,
0.0,
0.0,
0.0,
0.0,
7.0,
0.0,
0.0,
0.0,
0.0,
0.0,
0.0,
0.0,
0.0,
0.0,
0.0,
0.0,
0.0,
0.0,
10.0,
38.0,
255.0,
251.0,
180.0,
41.0,
0.0,
13.0,
0.0,
13.0,
8.0,
0.0,
12.0,
3.0,
0.0,
4.0,
0.0,
0.0,
0.0,
0.0,
0.0,
0.0,
0.0,
0.0,
0.0,
0.0,
0.0,
0.0,
22.0,
232.0,
251.0,
223.0,
45.0,
0.0,
0.0,
0.0,
9.0,
0.0,
0.0,
0.0,
0.0,
5.0,
7.0,
0.0,
0.0,
0.0,
0.0,
0.0,
0.0,
0.0,
0.0,
0.0,
0.0,
0.0,
0.0,
0.0,
26.0,
255.0,
248.0,
118.0,
0.0,
0.0,
9.0,
0.0,
5.0,
0.0,
0.0,
10.0,
0.0,
0.0,
9.0,
9.0,
0.0,
0.0,
0.0,
0.0,
0.0,
0.0,
0.0,
0.0,
0.0,
0.0,
0.0,
0.0,
22.0,
253.0,
253.0,
130.0,
19.0,
0.0,
4.0,
0.0,
4.0,
15.0,
0.0,
0.0,
18.0,
7.0,
0.0,
0.0,
0.0,
0.0,
0.0,
0.0,
0.0,
0.0,
0.0,
0.0,
0.0,
0.0,
0.0,
0.0,
40.0,
239.0,
230.0,
248.0,
209.0,
196.0,
178.0,
90.0,
62.0,
71.0,
49.0,
9.0,
0.0,
2.0,
5.0,
2.0,
0.0,
0.0,
0.0,
0.0,
0.0,
0.0,
0.0,
0.0,
0.0,
0.0,
0.0,
0.0,
0.0,
57.0,
217.0,
242.0,
255.0,
249.0,
251.0,
254.0,
246.0,
254.0,
255.0,
195.0,
58.0,
0.0,
0.0,
4.0,
0.0,
0.0,
0.0,
0.0,
0.0,
0.0,
0.0,
0.0,
0.0,
0.0,
0.0,
0.0,
8.0,
1.0,
9.0,
45.0,
62.0,
142.0,
189.0,
175.0,
193.0,
220.0,
253.0,
255.0,
203.0,
73.0,
0.0,
0.0,
0.0,
0.0,
0.0,
0.0,
5.0,
0.0,
0.0,
9.0,
0.0,
12.0,
0.0,
8.0,
1.0,
8.0,
0.0,
0.0,
0.0,
0.0,
0.0,
0.0,
0.0,
37.0,
54.0,
224.0,
255.0,
169.0,
3.0,
0.0,
0.0,
0.0,
0.0,
0.0,
0.0,
18.0,
6.0,
0.0,
21.0,
0.0,
0.0,
0.0,
0.0,
5.0,
0.0,
8.0,
0.0,
12.0,
0.0,
10.0,
7.0,
0.0,
0.0,
128.0,
237.0,
255.0,
17.0,
6.0,
0.0,
0.0,
0.0,
0.0,
4.0,
0.0,
0.0,
13.0,
0.0,
95.0,
2.0,
3.0,
0.0,
0.0,
0.0,
8.0,
0.0,
0.0,
0.0,
0.0,
16.0,
0.0,
50.0,
207.0,
255.0,
255.0,
17.0,
0.0,
0.0,
0.0,
0.0,
0.0,
1.0,
0.0,
13.0,
0.0,
46.0,
239.0,
44.0,
9.0,
5.0,
0.0,
1.0,
4.0,
5.0,
0.0,
0.0,
7.0,
14.0,
160.0,
215.0,
255.0,
245.0,
183.0,
18.0,
0.0,
0.0,
0.0,
0.0,
0.0,
0.0,
6.0,
0.0,
9.0,
25.0,
255.0,
220.0,
41.0,
7.0,
1.0,
6.0,
8.0,
0.0,
0.0,
49.0,
96.0,
216.0,
251.0,
249.0,
239.0,
122.0,
14.0,
6.0,
9.0,
0.0,
0.0,
0.0,
0.0,
0.0,
9.0,
7.0,
0.0,
0.0,
208.0,
240.0,
250.0,
229.0,
163.0,
92.0,
118.0,
126.0,
208.0,
234.0,
247.0,
255.0,
244.0,
150.0,
34.0,
11.0,
0.0,
0.0,
0.0,
0.0,
0.0,
0.0,
0.0,
0.0,
12.0,
0.0,
11.0,
10.0,
1.0,
220.0,
244.0,
255.0,
250.0,
255.0,
255.0,
232.0,
239.0,
255.0,
255.0,
141.0,
52.0,
13.0,
0.0,
0.0,
5.0,
8.0,
3.0,
0.0,
0.0,
0.0,
0.0,
0.0,
0.0,
3.0,
6.0,
0.0,
4.0,
0.0,
82.0,
128.0,
139.0,
250.0,
245.0,
255.0,
167.0,
128.0,
26.0,
0.0,
5.0,
0.0,
8.0,
0.0,
0.0,
0.0,
0.0,
0.0,
0.0,
0.0,
0.0,
0.0,
0.0,
0.0,
0.0,
0.0,
0.0,
0.0,
0.0,
0.0,
0.0,
0.0,
0.0,
0.0,
0.0,
0.0,
0.0,
0.0,
0.0,
0.0,
0.0,
0.0,
0.0,
0.0,
0.0,
0.0,
0.0,
0.0,
0.0,
0.0,
0.0,
0.0,
0.0,
0.0,
0.0,
0.0,
0.0,
0.0,
0.0,
0.0,
0.0,
0.0,
0.0,
0.0,
0.0,
0.0,
0.0,
0.0,
0.0,
0.0,
0.0,
0.0,
0.0,
0.0,
0.0,
0.0,
0.0,
0.0,
0.0,
0.0,
0.0,
0.0,
0.0,
0.0,
0.0,
0.0,
0.0,
0.0,
0.0,
0.0,
0.0,
0.0,
0.0,
0.0,
0.0,
0.0,
0.0,
0.0,
0.0,
0.0,
0.0,
0.0,
0.0,
0.0,
0.0,
0.0,
0.0,
0.0,
0.0,
0.0,
0.0,
0.0,
0.0,
0.0,
0.0,
0.0,
0.0,
0.0,
0.0,
0.0,
0.0,
0.0,
0.0,
0.0,
0.0,
0.0,
0.0,
0.0,
0.0,
0.0,
0.0,
0.0,
0.0,
