0.0,
0.0,
0.0,
0.0,
0.0,
0.0,
0.0,
0.0,
2.0,
3.0,
0.0,
0.0,
8.0,
0.0,
0.0,
13.0,
0.0,
0.0,
0.0,
1.0,
2.0,
0.0,
0.0,
4.0,
0.0,
0.0,
0.0,
0.0,
0.0,
0.0,
0.0,
0.0,
0.0,
0.0,
0.0,
0.0,
0.0,
3.0,
5.0,
6.0,
0.0,
7.0,
1.0,
0.0,
8.0,
5.0,
0.0,
0.0,
3.0,
4.0,
0.0,
0.0,
0.0,
0.0,
0.0,
0.0,
0.0,
0.0,
0.0,
0.0,
0.0,
0.0,
0.0,
0.0,
0.0,
7.0,
0.0,
9.0,
0.0,
0.0,
0.0,
6.0,
0.0,
0.0,
10.0,
9.0,
0.0,
8.0,
18.0,
0.0,
0.0,
0.0,
0.0,
0.0,
0.0,
0.0,
0.0,
0.0,
0.0,
0.0,
0.0,
0.0,
0.0,
8.0,
0.0,
0.0,
14.0,
7.0,
0.0,
12.0,
0.0,
0.0,
0.0,
5.0,
0.0,
0.0,
0.0,
10.0,
0.0,
0.0,
0.0,
0.0,
0.0,
0.0,
0.0,
0.0,
0.0,
0.0,
0.0,
0.0,
5.0,
8.0,
18.0,
10.0,
2.0,
0.0,
78.0,
190.0,
249.0,
255.0,
247.0,
252.0,
255.0,
155.0,
27.0,
0.0,
0.0,
0.0,
0.0,
0.0,
0.0,
0.0,
0.0,
0.0,
0.0,
0.0,
0.0,
0.0,
0.0,
0.0,
0.0,
0.0,
48.0,
171.0,
255.0,
251.0,
254.0,
252.0,
251.0,
251.0,
255.0,
255.0,
155.0,
10.0,
0.0,
0.0,
0.0,
0.0,
0.0,
0.0,
0.0,
0.0,
0.0,
0.0,
0.0,
0.0,
18.0,
39.0,
79.0,
203.0,
247.0,
255.0,
234.0,
255.0,
255.0,
247.0,
255.0,
252.0,
227.0,
243.0,
168.0,
0.0,
0.0,
0.0,
0.0,
0.0,
0.0,
0.0,
0.0,
0.0,
0.0,
0.0,
0.0,
0.0,
0.0,
219.0,
243.0,
255.0,
249.0,
253.0,
111.0,
110.0,
109.0,
120.0,
104.0,
111.0,
124.0,
60.0,
0.0,
6.0,
0.0,
0.0,
0.0,
0.0,
0.0,
0.0,
0.0,
0.0,
0.0,
0.0,
0.0,
0.0,
2.0,
214.0,
255.0,
222.0,
122.0,
40.0,
6.0,
0.0,
11.0,
0.0,
0.0,
0.0,
3.0,
1.0,
0.0,
16.0,
0.0,
0.0,
0.0,
0.0,
0.0,
0.0,
0.0,
0.0,
0.0,
0.0,
0.0,
0.0,
0.0,
215.0,
249.0,
31.0,
15.0,
4.0,
0.0,
7.0,
0.0,
16.0,
5.0,
0.0,
0.0,
0.0,
0.0,
0.0,
0.0,
0.0,
0.0,
0.0,
0.0,
0.0,
0.0,
0.0,
0.0,
0.0,
0.0,
0.0,
3.0,
218.0,
170.0,
41.0,
0.0,
0.0,
7.0,
0.0,
11.0,
0.0,
0.0,
17.0,
0.0,
5.0,
8.0,
0.0,
0.0,
0.0,
0.0,
0.0,
0.0,
0.0,
0.0,
0.0,
0.0,
0.0,
0.0,
0.0,
20.0,
203.0,
246.0,
42.0,
7.0,
0.0,
8.0,
0.0,
0.0,
15.0,
17.0,
0.0,
0.0,
2.0,
0.0,
8.0,
0.0,
0.0,
0.0,
0.0,
0.0,
0.0,
0.0,
0.0,
0.0,
0.0,
0.0,
0.0,
0.0,
212.0,
255.0,
58.0,
15.0,
4.0,
75.0,
181.0,
137.0,
0.0,
3.0,
0.0,
13.0,
6.0,
0.0,
0.0,
0.0,
0.0,
0.0,
0.0,
0.0,
0.0,
0.0,
0.0,
0.0,
0.0,
0.0,
0.0,
0.0,
165.0,
237.0,
255.0,
247.0,
237.0,
250.0,
255.0,
255.0,
255.0,
232.0,
47.0,
0.0,
4.0,
0.0,
1.0,
0.0,
0.0,
0.0,
0.0,
0.0,
0.0,
0.0,
0.0,
0.0,
0.0,
0.0,
0.0,
0.0,
49.0,
251.0,
255.0,
250.0,
255.0,
255.0,
242.0,
245.0,
254.0,
247.0,
133.0,
0.0,
0.0,
15.0,
0.0,
0.0,
0.0,
0.0,
0.0,
0.0,
0.0,
0.0,
0.0,
0.0,
0.0,
0.0,
0.0,
0.0,
0.0,
96.0,
244.0,
251.0,
206.0,
171.0,
188.0,
184.0,
234.0,
237.0,
248.0,
99.0,
4.0,
0.0,
3.0,
0.0,
0.0,
0.0,
0.0,
2.0,
5.0,
1.0,
11.0,
0.0,
3.0,
0.0,
8.0,
0.0,
4.0,
15.0,
73.0,
99.0,
33.0,
0.0,
0.0,
0.0,
62.0,
141.0,
238.0,
221.0,
0.0,
0.0,
3.0,
0.0,
0.0,
0.0,
0.0,
3.0,
0.0,
0.0,
1.0,
4.0,
2.0,
13.0,
0.0,
15.0,
0.0,
0.0,
17.0,
13.0,
2.0,
15.0,
1.0,
6.0,
0.0,
59.0,
255.0,
200.0,
48.0,
0.0,
0.0,
0.0,
0.0,
0.0,
0.0,
7.0,
15.0,
7.0,
0.0,
0.0,
0.0,
97.0,
112.0,
0.0,
16.0,
8.0,
0.0,
0.0,
0.0,
4.0,
0.0,
1.0,
1.0,
31.0,
181.0,
255.0,
142.0,
6.0,
0.0,
0.0,
0.0,
0.0,
0.0,
0.0,
0.0,
0.0,
0.0,
5.0,
19.0,
143.0,
247.0,
204.0,
54.0,
0.0,
12.0,
10.0,
0.0,
17.0,
3.0,
6.0,
2.0,
58.0,
241.0,
255.0,
112.0,
0.0,
7.0,
0.0,
0.0,
0.0,
0.0,
14.0,
12.0,
3.0,
4.0,
0.0,
0.0,
70.0,
255.0,
255.0,
219.0,
74.0,
0.0,
0.0,
0.0,
0.0,
2.0,
24.0,
126.0,
239.0,
252.0,
221.0,
8.0,
0.0,
5.0,
0.0,
0.0,
0.0,
0.0,
0.0,
0.0,
0.0,
2.0,
0.0,
0.0,
24.0,
207.0,
244.0,
247.0,
222.0,
204.0,
196.0,
194.0,
200.0,
185.0,
209.0,
255.0,
239.0,
229.0,
82.0,
0.0,
0.0,
13.0,
0.0,
0.0,
0.0,
0.0,
11.0,
0.0,
0.0,
2.0,
14.0,
2.0,
0.0,
12.0,
80.0,
193.0,
249.0,
251.0,
249.0,
246.0,
255.0,
255.0,
255.0,
255.0,
130.0,
10.0,
9.0,
11.0,
0.0,
0.0,
0.0,
0.0,
0.0,
0.0,
0.0,
0.0,
11.0,
0.0,
0.0,
0.0,
16.0,
0.0,
7.0,
2.0,
82.0,
216.0,
255.0,
251.0,
255.0,
247.0,
205.0,
72.0,
6.0,
0.0,
0.0,
3.0,
0.0,
2.0,
0.0,
0.0,
0.0,
0.0,
0.0,
0.0,
0.0,
0.0,
0.0,
0.0,
0.0,
0.0,
0.0,
0.0,
0.0,
0.0,
0.0,
0.0,
0.0,
0.0,
0.0,
0.0,
0.0,
0.0,
0.0,
0.0,
0.0,
0.0,
0.0,
0.0,
0.0,
0.0,
0.0,
0.0,
0.0,
0.0,
0.0,
0.0,
0.0,
0.0,
0.0,
0.0,
0.0,
0.0,
0.0,
0.0,
0.0,
0.0,
0.0,
0.0,
0.0,
0.0,
0.0,
0.0,
0.0,
0.0,
0.0,
0.0,
0.0,
0.0,
0.0,
0.0,
0.0,
0.0,
0.0,
0.0,
0.0,
0.0,
0.0,
0.0,
0.0,
0.0,
0.0,
0.0,
0.0,
0.0,
0.0,
0.0,
0.0,
0.0,
0.0,
0.0,
0.0,
0.0,
0.0,
0.0,
0.0,
0.0,
0.0,
0.0,
0.0,
0.0,
0.0,
0.0,
0.0,
0.0,
0.0,
0.0,
0.0,
0.0,
0.0,
0.0,
0.0,
0.0,
0.0,
0.0,
0.0,
0.0,
0.0,
0.0,
0.0,
0.0,
0.0,
0.0,
0.0,
0.0,
