0.0,
0.0,
0.0,
0.0,
0.0,
0.0,
0.0,
0.0,
8.0,
0.0,
0.0,
0.0,
11.0,
0.0,
2.0,
2.0,
10.0,
2.0,
0.0,
8.0,
0.0,
8.0,
0.0,
0.0,
0.0,
0.0,
0.0,
0.0,
0.0,
0.0,
0.0,
0.0,
0.0,
0.0,
0.0,
0.0,
0.0,
9.0,
0.0,
10.0,
0.0,
5.0,
0.0,
0.0,
0.0,
0.0,
0.0,
0.0,
12.0,
6.0,
1.0,
19.0,
0.0,
0.0,
0.0,
0.0,
0.0,
0.0,
0.0,
0.0,
0.0,
0.0,
0.0,
0.0,
12.0,
0.0,
0.0,
2.0,
11.0,
0.0,
0.0,
2.0,
1.0,
0.0,
16.0,
1.0,
2.0,
0.0,
2.0,
0.0,
0.0,
0.0,
0.0,
0.0,
0.0,
0.0,
0.0,
0.0,
0.0,
0.0,
0.0,
0.0,
0.0,
0.0,
13.0,
0.0,
2.0,
0.0,
3.0,
0.0,
4.0,
0.0,
0.0,
0.0,
0.0,
0.0,
14.0,
15.0,
0.0,
0.0,
0.0,
0.0,
0.0,
0.0,
0.0,
0.0,
0.0,
0.0,
0.0,
0.0,
6.0,
2.0,
0.0,
12.0,
1.0,
15.0,
0.0,
0.0,
0.0,
14.0,
0.0,
0.0,
0.0,
9.0,
4.0,
0.0,
0.0,
0.0,
0.0,
0.0,
0.0,
0.0,
0.0,
0.0,
0.0,
0.0,
0.0,
0.0,
6.0,
4.0,
0.0,
6.0,
3.0,
5.0,
0.0,
0.0,
0.0,
2.0,
7.0,
12.0,
0.0,
147.0,
193.0,
30.0,
0.0,
0.0,
0.0,
0.0,
0.0,
0.0,
0.0,
0.0,
0.0,
0.0,
0.0,
0.0,
0.0,
7.0,
150.0,
255.0,
250.0,
60.0,
0.0,
16.0,
15.0,
0.0,
0.0,
0.0,
23.0,
204.0,
255.0,
22.0,
0.0,
0.0,
0.0,
0.0,
0.0,
0.0,
0.0,
0.0,
0.0,
0.0,
0.0,
0.0,
13.0,
150.0,
241.0,
255.0,
246.0,
242.0,
121.0,
0.0,
0.0,
4.0,
0.0,
78.0,
224.0,
255.0,
183.0,
12.0,
0.0,
0.0,
0.0,
0.0,
0.0,
0.0,
6.0,
0.0,
0.0,
0.0,
5.0,
3.0,
49.0,
255.0,
240.0,
168.0,
185.0,
247.0,
246.0,
176.0,
168.0,
172.0,
182.0,
255.0,
248.0,
179.0,
48.0,
0.0,
0.0,
0.0,
0.0,
0.0,
0.0,
0.0,
3.0,
8.0,
6.0,
0.0,
0.0,
7.0,
147.0,
255.0,
183.0,
25.0,
0.0,
184.0,
247.0,
244.0,
252.0,
252.0,
255.0,
195.0,
150.0,
25.0,
0.0,
7.0,
0.0,
0.0,
0.0,
0.0,
8.0,
0.0,
0.0,
0.0,
0.0,
10.0,
6.0,
128.0,
243.0,
238.0,
28.0,
0.0,
0.0,
7.0,
56.0,
127.0,
126.0,
112.0,
57.0,
28.0,
9.0,
0.0,
0.0,
0.0,
0.0,
0.0,
0.0,
0.0,
0.0,
0.0,
0.0,
6.0,
0.0,
0.0,
3.0,
194.0,
252.0,
255.0,
201.0,
215.0,
213.0,
154.0,
24.0,
0.0,
15.0,
0.0,
0.0,
0.0,
8.0,
2.0,
16.0,
1.0,
0.0,
0.0,
0.0,
0.0,
0.0,
4.0,
6.0,
10.0,
0.0,
0.0,
12.0,
210.0,
253.0,
244.0,
255.0,
219.0,
189.0,
247.0,
255.0,
205.0,
68.0,
11.0,
0.0,
11.0,
0.0,
0.0,
0.0,
0.0,
0.0,
0.0,
0.0,
0.0,
7.0,
1.0,
0.0,
0.0,
0.0,
8.0,
17.0,
151.0,
229.0,
142.0,
58.0,
23.0,
0.0,
25.0,
193.0,
249.0,
252.0,
135.0,
0.0,
8.0,
0.0,
24.0,
0.0,
7.0,
0.0,
0.0,
0.0,
0.0,
0.0,
0.0,
0.0,
2.0,
0.0,
0.0,
0.0,
13.0,
23.0,
0.0,
0.0,
0.0,
5.0,
5.0,
0.0,
83.0,
255.0,
244.0,
137.0,
0.0,
0.0,
0.0,
0.0,
2.0,
0.0,
0.0,
0.0,
0.0,
2.0,
0.0,
3.0,
0.0,
0.0,
6.0,
8.0,
0.0,
0.0,
7.0,
0.0,
10.0,
0.0,
0.0,
0.0,
8.0,
77.0,
255.0,
224.0,
47.0,
8.0,
11.0,
0.0,
6.0,
0.0,
0.0,
0.0,
0.0,
0.0,
0.0,
0.0,
1.0,
3.0,
3.0,
2.0,
0.0,
6.0,
0.0,
8.0,
0.0,
2.0,
0.0,
11.0,
0.0,
0.0,
149.0,
255.0,
188.0,
0.0,
0.0,
0.0,
3.0,
0.0,
0.0,
0.0,
0.0,
0.0,
0.0,
1.0,
0.0,
0.0,
0.0,
0.0,
1.0,
0.0,
18.0,
0.0,
0.0,
11.0,
0.0,
0.0,
10.0,
0.0,
51.0,
219.0,
227.0,
47.0,
4.0,
3.0,
0.0,
0.0,
0.0,
0.0,
0.0,
0.0,
2.0,
2.0,
0.0,
0.0,
0.0,
0.0,
3.0,
0.0,
3.0,
3.0,
0.0,
3.0,
0.0,
0.0,
0.0,
0.0,
0.0,
193.0,
255.0,
58.0,
4.0,
0.0,
3.0,
0.0,
0.0,
0.0,
0.0,
0.0,
2.0,
4.0,
1.0,
0.0,
0.0,
3.0,
9.0,
43.0,
0.0,
20.0,
0.0,
0.0,
0.0,
11.0,
12.0,
9.0,
70.0,
238.0,
254.0,
35.0,
7.0,
0.0,
6.0,
0.0,
0.0,
0.0,
0.0,
0.0,
1.0,
4.0,
2.0,
0.0,
0.0,
6.0,
13.0,
216.0,
69.0,
0.0,
3.0,
7.0,
0.0,
0.0,
0.0,
0.0,
153.0,
255.0,
147.0,
6.0,
11.0,
0.0,
7.0,
0.0,
0.0,
0.0,
0.0,
0.0,
1.0,
2.0,
2.0,
1.0,
2.0,
6.0,
10.0,
190.0,
178.0,
11.0,
7.0,
0.0,
5.0,
6.0,
16.0,
100.0,
228.0,
228.0,
22.0,
0.0,
2.0,
3.0,
4.0,
0.0,
0.0,
0.0,
0.0,
0.0,
0.0,
1.0,
1.0,
1.0,
1.0,
1.0,
2.0,
117.0,
255.0,
229.0,
166.0,
93.0,
96.0,
108.0,
150.0,
255.0,
255.0,
149.0,
0.0,
0.0,
0.0,
0.0,
0.0,
0.0,
0.0,
0.0,
0.0,
1.0,
0.0,
0.0,
0.0,
0.0,
0.0,
0.0,
0.0,
10.0,
120.0,
255.0,
249.0,
255.0,
255.0,
237.0,
255.0,
255.0,
166.0,
16.0,
3.0,
0.0,
7.0,
0.0,
6.0,
0.0,
0.0,
0.0,
0.0,
0.0,
0.0,
0.0,
0.0,
0.0,
0.0,
0.0,
0.0,
0.0,
13.0,
101.0,
120.0,
247.0,
249.0,
239.0,
131.0,
3.0,
3.0,
2.0,
1.0,
0.0,
0.0,
0.0,
0.0,
0.0,
0.0,
0.0,
0.0,
0.0,
0.0,
0.0,
0.0,
0.0,
0.0,
0.0,
0.0,
0.0,
0.0,
13.0,
0.0,
8.0,
2.0,
22.0,
0.0,
2.0,
2.0,
1.0,
0.0,
0.0,
0.0,
0.0,
0.0,
0.0,
0.0,
0.0,
0.0,
0.0,
0.0,
0.0,
0.0,
0.0,
0.0,
0.0,
0.0,
5.0,
1.0,
6.0,
10.0,
0.0,
0.0,
0.0,
0.0,
0.0,
0.0,
0.0,
0.0,
0.0,
0.0,
0.0,
0.0,
0.0,
0.0,
0.0,
0.0,
0.0,
0.0,
0.0,
0.0,
0.0,
0.0,
0.0,
0.0,
5.0,
0.0,
0.0,
3.0,
0.0,
6.0,
4.0,
5.0,
0.0,
0.0,
0.0,
0.0,
0.0,
1.0,
1.0,
1.0,
0.0,
0.0,
0.0,
0.0,
