0.0,
0.0,
0.0,
0.0,
0.0,
0.0,
0.0,
0.0,
3.0,
0.0,
1.0,
4.0,
0.0,
0.0,
1.0,
0.0,
2.0,
3.0,
0.0,
0.0,
0.0,
7.0,
5.0,
0.0,
7.0,
0.0,
9.0,
4.0,
0.0,
0.0,
0.0,
0.0,
0.0,
0.0,
0.0,
0.0,
8.0,
0.0,
0.0,
0.0,
0.0,
4.0,
6.0,
5.0,
0.0,
0.0,
1.0,
4.0,
0.0,
0.0,
0.0,
2.0,
0.0,
20.0,
0.0,
2.0,
0.0,
0.0,
0.0,
0.0,
0.0,
0.0,
0.0,
0.0,
0.0,
5.0,
9.0,
6.0,
6.0,
0.0,
0.0,
0.0,
3.0,
1.0,
1.0,
13.0,
4.0,
0.0,
0.0,
8.0,
5.0,
11.0,
0.0,
8.0,
0.0,
0.0,
0.0,
0.0,
0.0,
0.0,
0.0,
0.0,
0.0,
6.0,
0.0,
0.0,
0.0,
0.0,
0.0,
4.0,
0.0,
0.0,
0.0,
1.0,
3.0,
0.0,
0.0,
0.0,
13.0,
0.0,
3.0,
3.0,
0.0,
0.0,
0.0,
0.0,
0.0,
0.0,
0.0,
0.0,
0.0,
2.0,
0.0,
0.0,
10.0,
14.0,
4.0,
0.0,
4.0,
2.0,
17.0,
0.0,
0.0,
0.0,
15.0,
4.0,
0.0,
16.0,
18.0,
0.0,
0.0,
0.0,
0.0,
0.0,
0.0,
0.0,
0.0,
0.0,
0.0,
0.0,
11.0,
4.0,
0.0,
0.0,
4.0,
0.0,
4.0,
107.0,
118.0,
243.0,
180.0,
255.0,
231.0,
255.0,
255.0,
0.0,
2.0,
11.0,
0.0,
0.0,
0.0,
0.0,
0.0,
0.0,
0.0,
0.0,
4.0,
0.0,
6.0,
3.0,
0.0,
35.0,
100.0,
113.0,
235.0,
255.0,
255.0,
253.0,
241.0,
247.0,
253.0,
255.0,
239.0,
196.0,
17.0,
0.0,
0.0,
0.0,
0.0,
0.0,
0.0,
0.0,
0.0,
0.0,
6.0,
0.0,
30.0,
87.0,
132.0,
214.0,
255.0,
245.0,
255.0,
255.0,
242.0,
255.0,
249.0,
255.0,
250.0,
249.0,
250.0,
149.0,
0.0,
1.0,
0.0,
0.0,
2.0,
0.0,
3.0,
0.0,
0.0,
7.0,
0.0,
72.0,
198.0,
247.0,
253.0,
255.0,
245.0,
255.0,
254.0,
249.0,
255.0,
252.0,
230.0,
212.0,
144.0,
40.0,
25.0,
13.0,
1.0,
0.0,
2.0,
1.0,
0.0,
0.0,
0.0,
1.0,
5.0,
0.0,
12.0,
206.0,
241.0,
255.0,
255.0,
252.0,
255.0,
242.0,
255.0,
247.0,
220.0,
146.0,
50.0,
13.0,
16.0,
5.0,
8.0,
2.0,
0.0,
0.0,
2.0,
2.0,
0.0,
2.0,
0.0,
2.0,
5.0,
0.0,
170.0,
237.0,
255.0,
255.0,
245.0,
244.0,
241.0,
255.0,
174.0,
98.0,
36.0,
8.0,
0.0,
0.0,
1.0,
0.0,
0.0,
0.0,
0.0,
0.0,
0.0,
0.0,
3.0,
3.0,
2.0,
1.0,
0.0,
80.0,
230.0,
255.0,
237.0,
250.0,
252.0,
129.0,
75.0,
74.0,
12.0,
0.0,
0.0,
0.0,
0.0,
0.0,
10.0,
15.0,
0.0,
0.0,
2.0,
3.0,
0.0,
0.0,
7.0,
0.0,
6.0,
1.0,
0.0,
196.0,
255.0,
242.0,
255.0,
203.0,
95.0,
0.0,
18.0,
3.0,
1.0,
0.0,
0.0,
0.0,
5.0,
7.0,
0.0,
0.0,
2.0,
4.0,
5.0,
3.0,
3.0,
0.0,
1.0,
0.0,
2.0,
3.0,
0.0,
241.0,
255.0,
247.0,
227.0,
35.0,
0.0,
3.0,
1.0,
0.0,
0.0,
5.0,
9.0,
0.0,
0.0,
0.0,
0.0,
0.0,
1.0,
1.0,
0.0,
0.0,
2.0,
6.0,
0.0,
0.0,
0.0,
2.0,
0.0,
165.0,
252.0,
254.0,
241.0,
246.0,
125.0,
0.0,
7.0,
0.0,
0.0,
4.0,
2.0,
0.0,
2.0,
4.0,
1.0,
2.0,
0.0,
0.0,
0.0,
0.0,
0.0,
13.0,
0.0,
8.0,
0.0,
0.0,
0.0,
60.0,
176.0,
255.0,
243.0,
255.0,
250.0,
240.0,
115.0,
0.0,
1.0,
2.0,
0.0,
0.0,
3.0,
0.0,
0.0,
2.0,
3.0,
1.0,
1.0,
2.0,
0.0,
1.0,
0.0,
8.0,
4.0,
0.0,
5.0,
6.0,
11.0,
148.0,
255.0,
255.0,
245.0,
255.0,
251.0,
239.0,
167.0,
75.0,
0.0,
0.0,
9.0,
0.0,
0.0,
4.0,
0.0,
0.0,
0.0,
0.0,
12.0,
5.0,
0.0,
0.0,
0.0,
2.0,
0.0,
0.0,
0.0,
8.0,
19.0,
134.0,
250.0,
251.0,
245.0,
255.0,
255.0,
234.0,
124.0,
33.0,
0.0,
10.0,
0.0,
0.0,
0.0,
0.0,
0.0,
0.0,
0.0,
0.0,
2.0,
13.0,
1.0,
17.0,
0.0,
6.0,
6.0,
0.0,
15.0,
1.0,
66.0,
197.0,
242.0,
247.0,
255.0,
255.0,
210.0,
12.0,
0.0,
0.0,
11.0,
0.0,
0.0,
0.0,
0.0,
0.0,
4.0,
6.0,
2.0,
0.0,
0.0,
0.0,
0.0,
4.0,
0.0,
1.0,
0.0,
10.0,
0.0,
4.0,
148.0,
253.0,
246.0,
242.0,
245.0,
45.0,
12.0,
0.0,
10.0,
0.0,
0.0,
0.0,
0.0,
0.0,
0.0,
0.0,
0.0,
9.0,
6.0,
18.0,
2.0,
3.0,
3.0,
8.0,
5.0,
0.0,
42.0,
38.0,
67.0,
249.0,
255.0,
255.0,
253.0,
127.0,
4.0,
3.0,
0.0,
0.0,
0.0,
0.0,
0.0,
0.0,
0.0,
4.0,
1.0,
7.0,
0.0,
0.0,
12.0,
30.0,
37.0,
162.0,
164.0,
167.0,
234.0,
255.0,
255.0,
244.0,
249.0,
255.0,
243.0,
119.0,
0.0,
0.0,
6.0,
3.0,
0.0,
0.0,
0.0,
0.0,
0.0,
7.0,
0.0,
0.0,
3.0,
9.0,
159.0,
244.0,
255.0,
241.0,
255.0,
255.0,
240.0,
245.0,
247.0,
255.0,
255.0,
255.0,
206.0,
55.0,
10.0,
0.0,
10.0,
0.0,
0.0,
0.0,
0.0,
0.0,
0.0,
9.0,
0.0,
0.0,
10.0,
0.0,
173.0,
255.0,
248.0,
249.0,
249.0,
255.0,
255.0,
252.0,
254.0,
247.0,
246.0,
244.0,
121.0,
11.0,
4.0,
10.0,
0.0,
0.0,
0.0,
0.0,
0.0,
0.0,
0.0,
6.0,
0.0,
1.0,
5.0,
0.0,
19.0,
96.0,
244.0,
157.0,
212.0,
241.0,
255.0,
239.0,
114.0,
124.0,
51.0,
17.0,
0.0,
0.0,
5.0,
0.0,
0.0,
8.0,
0.0,
0.0,
0.0,
0.0,
2.0,
9.0,
0.0,
0.0,
5.0,
0.0,
0.0,
22.0,
7.0,
0.0,
14.0,
5.0,
1.0,
5.0,
0.0,
0.0,
15.0,
0.0,
0.0,
2.0,
4.0,
0.0,
0.0,
0.0,
0.0,
0.0,
0.0,
0.0,
0.0,
9.0,
0.0,
0.0,
7.0,
7.0,
0.0,
0.0,
0.0,
10.0,
1.0,
0.0,
0.0,
0.0,
15.0,
9.0,
0.0,
0.0,
1.0,
5.0,
3.0,
0.0,
0.0,
0.0,
0.0,
0.0,
0.0,
0.0,
0.0,
8.0,
4.0,
0.0,
2.0,
7.0,
3.0,
4.0,
1.0,
1.0,
0.0,
2.0,
10.0,
0.0,
0.0,
0.0,
0.0,
4.0,
6.0,
1.0,
0.0,
0.0,
2.0,
3.0,
0.0,
0.0,
0.0,
0.0,
