0.0,
0.0,
0.0,
0.0,
0.0,
0.0,
0.0,
0.0,
0.0,
0.0,
0.0,
0.0,
0.0,
0.0,
0.0,
0.0,
0.0,
0.0,
9.0,
0.0,
1.0,
4.0,
0.0,
9.0,
0.0,
9.0,
1.0,
0.0,
0.0,
0.0,
0.0,
0.0,
0.0,
0.0,
0.0,
0.0,
0.0,
0.0,
0.0,
0.0,
0.0,
0.0,
0.0,
0.0,
1.0,
0.0,
11.0,
0.0,
0.0,
5.0,
0.0,
0.0,
0.0,
0.0,
5.0,
16.0,
0.0,
0.0,
0.0,
0.0,
0.0,
0.0,
0.0,
0.0,
0.0,
0.0,
0.0,
0.0,
0.0,
0.0,
0.0,
0.0,
0.0,
0.0,
5.0,
0.0,
6.0,
8.0,
8.0,
1.0,
5.0,
15.0,
0.0,
1.0,
0.0,
0.0,
0.0,
0.0,
0.0,
0.0,
0.0,
0.0,
0.0,
0.0,
0.0,
0.0,
0.0,
0.0,
0.0,
0.0,
12.0,
0.0,
5.0,
0.0,
8.0,
0.0,
0.0,
0.0,
0.0,
11.0,
0.0,
0.0,
0.0,
0.0,
0.0,
0.0,
0.0,
0.0,
0.0,
0.0,
0.0,
0.0,
0.0,
0.0,
0.0,
0.0,
0.0,
0.0,
0.0,
0.0,
5.0,
0.0,
0.0,
0.0,
15.0,
3.0,
18.0,
0.0,
24.0,
0.0,
0.0,
0.0,
0.0,
0.0,
0.0,
0.0,
0.0,
0.0,
0.0,
0.0,
0.0,
0.0,
0.0,
0.0,
0.0,
0.0,
0.0,
7.0,
13.0,
8.0,
0.0,
2.0,
15.0,
0.0,
13.0,
6.0,
0.0,
0.0,
0.0,
0.0,
0.0,
0.0,
0.0,
0.0,
0.0,
0.0,
0.0,
0.0,
0.0,
0.0,
0.0,
0.0,
0.0,
0.0,
10.0,
0.0,
0.0,
2.0,
6.0,
86.0,
165.0,
190.0,
232.0,
183.0,
19.0,
0.0,
0.0,
0.0,
0.0,
0.0,
0.0,
0.0,
0.0,
0.0,
0.0,
0.0,
0.0,
0.0,
0.0,
0.0,
0.0,
0.0,
8.0,
31.0,
89.0,
235.0,
245.0,
255.0,
251.0,
247.0,
174.0,
39.0,
0.0,
0.0,
0.0,
0.0,
0.0,
0.0,
0.0,
0.0,
0.0,
0.0,
4.0,
0.0,
0.0,
8.0,
0.0,
0.0,
16.0,
83.0,
199.0,
242.0,
255.0,
248.0,
244.0,
226.0,
134.0,
26.0,
0.0,
0.0,
0.0,
0.0,
0.0,
0.0,
0.0,
0.0,
0.0,
0.0,
0.0,
0.0,
0.0,
0.0,
27.0,
1.0,
72.0,
145.0,
235.0,
250.0,
255.0,
255.0,
218.0,
139.0,
51.0,
0.0,
0.0,
0.0,
0.0,
0.0,
0.0,
0.0,
0.0,
0.0,
0.0,
0.0,
0.0,
0.0,
0.0,
0.0,
0.0,
22.0,
167.0,
242.0,
255.0,
236.0,
241.0,
217.0,
135.0,
68.0,
10.0,
0.0,
5.0,
1.0,
2.0,
11.0,
0.0,
0.0,
0.0,
0.0,
0.0,
0.0,
0.0,
0.0,
0.0,
0.0,
0.0,
0.0,
12.0,
83.0,
253.0,
255.0,
224.0,
172.0,
120.0,
0.0,
0.0,
0.0,
0.0,
3.0,
1.0,
0.0,
0.0,
0.0,
0.0,
0.0,
0.0,
0.0,
0.0,
0.0,
0.0,
0.0,
0.0,
0.0,
0.0,
0.0,
1.0,
124.0,
242.0,
219.0,
9.0,
0.0,
0.0,
6.0,
1.0,
0.0,
0.0,
0.0,
5.0,
11.0,
3.0,
0.0,
0.0,
0.0,
0.0,
0.0,
0.0,
0.0,
0.0,
0.0,
0.0,
0.0,
0.0,
0.0,
0.0,
152.0,
255.0,
226.0,
23.0,
9.0,
0.0,
0.0,
7.0,
4.0,
3.0,
1.0,
0.0,
0.0,
0.0,
7.0,
0.0,
0.0,
0.0,
0.0,
0.0,
0.0,
0.0,
0.0,
0.0,
0.0,
0.0,
0.0,
13.0,
69.0,
239.0,
251.0,
212.0,
47.0,
13.0,
5.0,
0.0,
0.0,
0.0,
1.0,
3.0,
2.0,
1.0,
1.0,
0.0,
0.0,
0.0,
0.0,
0.0,
0.0,
0.0,
0.0,
0.0,
0.0,
0.0,
0.0,
0.0,
21.0,
80.0,
225.0,
253.0,
233.0,
70.0,
1.0,
1.0,
9.0,
5.0,
0.0,
0.0,
7.0,
5.0,
0.0,
0.0,
0.0,
0.0,
0.0,
4.0,
0.0,
0.0,
4.0,
0.0,
11.0,
17.0,
90.0,
9.0,
0.0,
7.0,
118.0,
225.0,
252.0,
250.0,
90.0,
14.0,
0.0,
8.0,
3.0,
0.0,
10.0,
0.0,
0.0,
0.0,
0.0,
0.0,
0.0,
4.0,
5.0,
0.0,
0.0,
6.0,
0.0,
92.0,
243.0,
45.0,
0.0,
0.0,
3.0,
79.0,
251.0,
255.0,
247.0,
101.0,
9.0,
0.0,
6.0,
1.0,
5.0,
0.0,
4.0,
0.0,
0.0,
0.0,
0.0,
0.0,
0.0,
6.0,
14.0,
0.0,
0.0,
155.0,
247.0,
98.0,
6.0,
0.0,
0.0,
0.0,
140.0,
249.0,
255.0,
111.0,
13.0,
0.0,
1.0,
4.0,
3.0,
0.0,
9.0,
0.0,
0.0,
0.0,
0.0,
8.0,
0.0,
4.0,
2.0,
0.0,
21.0,
177.0,
255.0,
232.0,
149.0,
140.0,
135.0,
201.0,
255.0,
250.0,
198.0,
33.0,
0.0,
0.0,
0.0,
0.0,
5.0,
0.0,
2.0,
0.0,
0.0,
0.0,
0.0,
0.0,
12.0,
0.0,
0.0,
0.0,
9.0,
69.0,
232.0,
255.0,
252.0,
231.0,
255.0,
255.0,
249.0,
255.0,
57.0,
0.0,
0.0,
11.0,
3.0,
0.0,
4.0,
0.0,
0.0,
0.0,
0.0,
0.0,
0.0,
0.0,
6.0,
5.0,
4.0,
3.0,
4.0,
0.0,
60.0,
104.0,
167.0,
235.0,
230.0,
186.0,
177.0,
78.0,
16.0,
4.0,
0.0,
0.0,
0.0,
1.0,
0.0,
0.0,
4.0,
0.0,
0.0,
0.0,
0.0,
5.0,
0.0,
3.0,
0.0,
0.0,
13.0,
12.0,
0.0,
0.0,
0.0,
5.0,
30.0,
0.0,
8.0,
9.0,
0.0,
7.0,
0.0,
0.0,
0.0,
5.0,
0.0,
0.0,
7.0,
0.0,
0.0,
0.0,
0.0,
2.0,
5.0,
0.0,
0.0,
10.0,
0.0,
6.0,
2.0,
0.0,
1.0,
12.0,
0.0,
3.0,
0.0,
2.0,
0.0,
0.0,
4.0,
0.0,
0.0,
7.0,
1.0,
0.0,
0.0,
0.0,
0.0,
0.0,
0.0,
0.0,
0.0,
0.0,
0.0,
0.0,
0.0,
0.0,
0.0,
0.0,
0.0,
0.0,
0.0,
0.0,
0.0,
0.0,
0.0,
0.0,
0.0,
0.0,
0.0,
0.0,
0.0,
0.0,
0.0,
0.0,
0.0,
0.0,
0.0,
0.0,
0.0,
0.0,
0.0,
0.0,
0.0,
0.0,
0.0,
0.0,
0.0,
0.0,
0.0,
0.0,
0.0,
0.0,
0.0,
0.0,
0.0,
0.0,
0.0,
0.0,
0.0,
0.0,
0.0,
0.0,
0.0,
0.0,
0.0,
0.0,
0.0,
0.0,
0.0,
0.0,
0.0,
0.0,
0.0,
0.0,
0.0,
0.0,
0.0,
0.0,
0.0,
0.0,
0.0,
0.0,
0.0,
0.0,
0.0,
0.0,
0.0,
0.0,
0.0,
0.0,
0.0,
0.0,
0.0,
0.0,
0.0,
0.0,
0.0,
0.0,
0.0,
0.0,
0.0,
0.0,
0.0,
0.0,
0.0,
0.0,
0.0,
0.0,
0.0,
0.0,
0.0,
0.0,
0.0,
0.0,
0.0,
0.0,
0.0,
0.0,
0.0,
0.0,
0.0,
