0.0,
0.0,
0.0,
0.0,
0.0,
0.0,
0.0,
0.0,
3.0,
0.0,
0.0,
0.0,
0.0,
7.0,
9.0,
0.0,
6.0,
1.0,
0.0,
0.0,
0.0,
1.0,
6.0,
0.0,
0.0,
0.0,
0.0,
0.0,
0.0,
0.0,
0.0,
0.0,
0.0,
0.0,
0.0,
0.0,
4.0,
0.0,
5.0,
17.0,
6.0,
0.0,
0.0,
4.0,
0.0,
2.0,
7.0,
5.0,
0.0,
2.0,
6.0,
0.0,
0.0,
0.0,
0.0,
0.0,
0.0,
0.0,
0.0,
0.0,
0.0,
0.0,
0.0,
0.0,
1.0,
0.0,
0.0,
0.0,
0.0,
8.0,
6.0,
0.0,
11.0,
0.0,
0.0,
0.0,
0.0,
4.0,
4.0,
0.0,
0.0,
0.0,
0.0,
0.0,
0.0,
0.0,
0.0,
0.0,
0.0,
0.0,
0.0,
0.0,
0.0,
9.0,
9.0,
0.0,
0.0,
0.0,
0.0,
0.0,
0.0,
0.0,
11.0,
0.0,
1.0,
0.0,
0.0,
2.0,
0.0,
0.0,
0.0,
0.0,
0.0,
0.0,
0.0,
0.0,
0.0,
0.0,
0.0,
0.0,
11.0,
1.0,
0.0,
1.0,
4.0,
0.0,
34.0,
97.0,
135.0,
212.0,
232.0,
56.0,
18.0,
0.0,
6.0,
11.0,
0.0,
0.0,
0.0,
0.0,
0.0,
0.0,
0.0,
0.0,
0.0,
0.0,
0.0,
0.0,
0.0,
0.0,
0.0,
54.0,
155.0,
215.0,
229.0,
240.0,
255.0,
225.0,
255.0,
255.0,
0.0,
0.0,
0.0,
0.0,
0.0,
0.0,
0.0,
0.0,
0.0,
0.0,
0.0,
0.0,
0.0,
0.0,
0.0,
0.0,
38.0,
174.0,
255.0,
251.0,
244.0,
252.0,
255.0,
255.0,
251.0,
227.0,
205.0,
60.0,
3.0,
3.0,
11.0,
0.0,
0.0,
0.0,
0.0,
0.0,
0.0,
0.0,
0.0,
0.0,
0.0,
0.0,
0.0,
0.0,
190.0,
254.0,
255.0,
238.0,
254.0,
255.0,
238.0,
212.0,
90.0,
8.0,
6.0,
0.0,
10.0,
4.0,
0.0,
2.0,
0.0,
0.0,
0.0,
0.0,
0.0,
6.0,
2.0,
0.0,
9.0,
0.0,
0.0,
165.0,
254.0,
246.0,
255.0,
156.0,
99.0,
106.0,
0.0,
7.0,
2.0,
0.0,
0.0,
5.0,
4.0,
2.0,
14.0,
0.0,
0.0,
0.0,
0.0,
0.0,
0.0,
0.0,
1.0,
0.0,
8.0,
0.0,
31.0,
228.0,
255.0,
204.0,
77.0,
0.0,
8.0,
5.0,
0.0,
0.0,
7.0,
0.0,
10.0,
13.0,
0.0,
0.0,
10.0,
1.0,
0.0,
0.0,
0.0,
0.0,
1.0,
7.0,
0.0,
1.0,
0.0,
43.0,
189.0,
249.0,
217.0,
100.0,
0.0,
8.0,
0.0,
0.0,
7.0,
1.0,
0.0,
0.0,
24.0,
0.0,
26.0,
0.0,
0.0,
10.0,
0.0,
0.0,
0.0,
0.0,
6.0,
0.0,
19.0,
6.0,
9.0,
194.0,
255.0,
255.0,
64.0,
0.0,
5.0,
6.0,
0.0,
12.0,
59.0,
100.0,
99.0,
178.0,
246.0,
193.0,
39.0,
29.0,
0.0,
5.0,
0.0,
0.0,
0.0,
0.0,
0.0,
16.0,
0.0,
7.0,
70.0,
235.0,
254.0,
235.0,
195.0,
200.0,
255.0,
174.0,
255.0,
255.0,
245.0,
255.0,
255.0,
248.0,
255.0,
245.0,
247.0,
159.0,
15.0,
0.0,
0.0,
0.0,
0.0,
0.0,
2.0,
0.0,
9.0,
0.0,
48.0,
255.0,
252.0,
255.0,
247.0,
255.0,
244.0,
237.0,
251.0,
255.0,
246.0,
255.0,
246.0,
138.0,
108.0,
234.0,
252.0,
253.0,
88.0,
0.0,
0.0,
0.0,
0.0,
0.0,
0.0,
0.0,
6.0,
0.0,
24.0,
175.0,
255.0,
235.0,
215.0,
216.0,
196.0,
231.0,
74.0,
10.0,
0.0,
0.0,
5.0,
1.0,
0.0,
12.0,
171.0,
255.0,
187.0,
2.0,
0.0,
0.0,
0.0,
0.0,
9.0,
0.0,
7.0,
0.0,
0.0,
9.0,
43.0,
58.0,
26.0,
0.0,
0.0,
0.0,
0.0,
0.0,
16.0,
0.0,
0.0,
0.0,
0.0,
0.0,
124.0,
246.0,
210.0,
0.0,
0.0,
0.0,
0.0,
0.0,
0.0,
0.0,
0.0,
0.0,
0.0,
0.0,
0.0,
0.0,
0.0,
0.0,
4.0,
3.0,
0.0,
12.0,
0.0,
10.0,
0.0,
10.0,
8.0,
0.0,
75.0,
252.0,
195.0,
3.0,
0.0,
0.0,
0.0,
0.0,
0.0,
0.0,
0.0,
0.0,
0.0,
0.0,
0.0,
0.0,
0.0,
10.0,
8.0,
0.0,
8.0,
0.0,
0.0,
0.0,
4.0,
0.0,
1.0,
5.0,
37.0,
247.0,
205.0,
1.0,
0.0,
0.0,
0.0,
0.0,
0.0,
0.0,
0.0,
0.0,
0.0,
0.0,
0.0,
0.0,
13.0,
0.0,
0.0,
3.0,
0.0,
0.0,
15.0,
3.0,
4.0,
0.0,
0.0,
12.0,
175.0,
255.0,
189.0,
27.0,
0.0,
0.0,
0.0,
0.0,
0.0,
0.0,
0.0,
0.0,
0.0,
0.0,
0.0,
0.0,
112.0,
117.0,
6.0,
14.0,
0.0,
7.0,
0.0,
3.0,
10.0,
0.0,
37.0,
153.0,
255.0,
218.0,
79.0,
0.0,
0.0,
0.0,
0.0,
0.0,
0.0,
0.0,
0.0,
0.0,
0.0,
0.0,
0.0,
0.0,
236.0,
255.0,
192.0,
160.0,
41.0,
55.0,
62.0,
54.0,
41.0,
183.0,
249.0,
255.0,
255.0,
129.0,
2.0,
5.0,
0.0,
0.0,
0.0,
0.0,
0.0,
0.0,
0.0,
0.0,
0.0,
0.0,
0.0,
0.0,
121.0,
235.0,
255.0,
237.0,
249.0,
255.0,
254.0,
237.0,
255.0,
222.0,
255.0,
253.0,
169.0,
10.0,
1.0,
0.0,
0.0,
0.0,
0.0,
0.0,
0.0,
0.0,
0.0,
0.0,
0.0,
0.0,
0.0,
0.0,
0.0,
119.0,
255.0,
255.0,
249.0,
246.0,
255.0,
255.0,
251.0,
255.0,
200.0,
126.0,
0.0,
0.0,
5.0,
2.0,
0.0,
0.0,
0.0,
0.0,
0.0,
0.0,
0.0,
0.0,
0.0,
0.0,
0.0,
0.0,
0.0,
11.0,
65.0,
152.0,
220.0,
247.0,
191.0,
193.0,
148.0,
73.0,
0.0,
0.0,
7.0,
0.0,
4.0,
0.0,
0.0,
0.0,
0.0,
0.0,
0.0,
0.0,
0.0,
0.0,
0.0,
0.0,
0.0,
0.0,
0.0,
0.0,
0.0,
0.0,
0.0,
0.0,
0.0,
0.0,
0.0,
0.0,
0.0,
0.0,
0.0,
0.0,
0.0,
0.0,
0.0,
0.0,
0.0,
0.0,
0.0,
0.0,
0.0,
0.0,
0.0,
0.0,
0.0,
0.0,
0.0,
0.0,
0.0,
0.0,
0.0,
0.0,
0.0,
0.0,
0.0,
0.0,
0.0,
0.0,
0.0,
0.0,
0.0,
0.0,
0.0,
0.0,
0.0,
0.0,
0.0,
0.0,
0.0,
0.0,
0.0,
0.0,
0.0,
0.0,
0.0,
0.0,
0.0,
0.0,
0.0,
0.0,
0.0,
0.0,
0.0,
0.0,
0.0,
0.0,
0.0,
0.0,
0.0,
0.0,
0.0,
0.0,
0.0,
0.0,
0.0,
0.0,
0.0,
0.0,
0.0,
0.0,
0.0,
0.0,
0.0,
0.0,
0.0,
0.0,
0.0,
0.0,
0.0,
0.0,
0.0,
0.0,
0.0,
0.0,
0.0,
0.0,
0.0,
0.0,
0.0,
0.0,
0.0,
0.0,
