0.0,
0.0,
0.0,
0.0,
0.0,
0.0,
0.0,
0.0,
3.0,
0.0,
8.0,
0.0,
7.0,
0.0,
7.0,
0.0,
0.0,
0.0,
3.0,
0.0,
5.0,
0.0,
0.0,
2.0,
0.0,
0.0,
0.0,
0.0,
0.0,
0.0,
0.0,
0.0,
0.0,
0.0,
0.0,
0.0,
0.0,
0.0,
5.0,
4.0,
6.0,
0.0,
0.0,
0.0,
0.0,
0.0,
5.0,
0.0,
3.0,
2.0,
5.0,
0.0,
0.0,
0.0,
0.0,
0.0,
0.0,
0.0,
0.0,
0.0,
0.0,
0.0,
0.0,
0.0,
3.0,
5.0,
0.0,
0.0,
0.0,
0.0,
2.0,
13.0,
6.0,
6.0,
6.0,
2.0,
0.0,
0.0,
0.0,
0.0,
0.0,
0.0,
0.0,
0.0,
0.0,
0.0,
0.0,
0.0,
0.0,
0.0,
0.0,
0.0,
0.0,
0.0,
2.0,
0.0,
14.0,
3.0,
0.0,
0.0,
0.0,
0.0,
0.0,
3.0,
0.0,
6.0,
8.0,
1.0,
0.0,
0.0,
0.0,
0.0,
0.0,
0.0,
0.0,
0.0,
0.0,
0.0,
0.0,
0.0,
8.0,
1.0,
8.0,
0.0,
7.0,
0.0,
0.0,
0.0,
7.0,
1.0,
3.0,
6.0,
4.0,
0.0,
0.0,
0.0,
0.0,
0.0,
0.0,
0.0,
0.0,
0.0,
0.0,
0.0,
0.0,
0.0,
0.0,
0.0,
0.0,
0.0,
13.0,
4.0,
3.0,
0.0,
9.0,
3.0,
0.0,
5.0,
5.0,
0.0,
0.0,
0.0,
3.0,
3.0,
0.0,
0.0,
0.0,
0.0,
0.0,
0.0,
0.0,
0.0,
0.0,
0.0,
0.0,
0.0,
7.0,
0.0,
4.0,
11.0,
0.0,
17.0,
77.0,
110.0,
181.0,
189.0,
140.0,
17.0,
19.0,
0.0,
8.0,
0.0,
0.0,
0.0,
0.0,
0.0,
0.0,
0.0,
0.0,
0.0,
0.0,
0.0,
0.0,
0.0,
61.0,
114.0,
184.0,
255.0,
198.0,
240.0,
250.0,
255.0,
252.0,
255.0,
180.0,
0.0,
0.0,
0.0,
13.0,
0.0,
0.0,
0.0,
0.0,
0.0,
0.0,
0.0,
2.0,
2.0,
0.0,
0.0,
9.0,
26.0,
255.0,
249.0,
255.0,
247.0,
248.0,
255.0,
230.0,
192.0,
221.0,
139.0,
45.0,
0.0,
0.0,
5.0,
0.0,
0.0,
0.0,
0.0,
0.0,
0.0,
0.0,
0.0,
2.0,
3.0,
0.0,
0.0,
3.0,
14.0,
134.0,
252.0,
249.0,
248.0,
180.0,
53.0,
0.0,
15.0,
0.0,
3.0,
7.0,
0.0,
0.0,
0.0,
3.0,
7.0,
0.0,
0.0,
0.0,
0.0,
0.0,
0.0,
1.0,
4.0,
2.0,
0.0,
0.0,
1.0,
27.0,
217.0,
255.0,
86.0,
0.0,
19.0,
0.0,
0.0,
4.0,
0.0,
0.0,
0.0,
2.0,
6.0,
2.0,
0.0,
0.0,
0.0,
0.0,
0.0,
0.0,
0.0,
0.0,
2.0,
2.0,
0.0,
0.0,
0.0,
58.0,
249.0,
253.0,
40.0,
0.0,
0.0,
2.0,
14.0,
8.0,
0.0,
0.0,
7.0,
8.0,
0.0,
0.0,
2.0,
0.0,
0.0,
0.0,
0.0,
2.0,
0.0,
0.0,
0.0,
1.0,
3.0,
1.0,
0.0,
165.0,
244.0,
255.0,
89.0,
0.0,
12.0,
0.0,
0.0,
0.0,
0.0,
0.0,
1.0,
1.0,
0.0,
1.0,
2.0,
0.0,
0.0,
0.0,
0.0,
2.0,
2.0,
0.0,
0.0,
0.0,
3.0,
4.0,
2.0,
96.0,
255.0,
248.0,
248.0,
98.0,
0.0,
12.0,
10.0,
0.0,
10.0,
9.0,
0.0,
0.0,
7.0,
6.0,
0.0,
0.0,
0.0,
0.0,
0.0,
0.0,
3.0,
3.0,
0.0,
0.0,
2.0,
3.0,
0.0,
0.0,
206.0,
251.0,
250.0,
255.0,
223.0,
72.0,
3.0,
0.0,
3.0,
3.0,
0.0,
0.0,
0.0,
0.0,
4.0,
0.0,
0.0,
0.0,
0.0,
0.0,
4.0,
6.0,
0.0,
0.0,
0.0,
0.0,
0.0,
10.0,
3.0,
194.0,
253.0,
249.0,
252.0,
255.0,
233.0,
209.0,
94.0,
0.0,
0.0,
9.0,
3.0,
0.0,
4.0,
0.0,
0.0,
0.0,
0.0,
0.0,
0.0,
0.0,
0.0,
0.0,
0.0,
0.0,
0.0,
0.0,
5.0,
11.0,
32.0,
98.0,
179.0,
236.0,
255.0,
255.0,
230.0,
145.0,
7.0,
4.0,
0.0,
0.0,
18.0,
0.0,
0.0,
0.0,
0.0,
0.0,
0.0,
0.0,
0.0,
0.0,
0.0,
0.0,
0.0,
9.0,
2.0,
0.0,
0.0,
0.0,
0.0,
30.0,
85.0,
220.0,
255.0,
255.0,
96.0,
0.0,
9.0,
6.0,
0.0,
0.0,
0.0,
0.0,
0.0,
0.0,
0.0,
0.0,
0.0,
0.0,
0.0,
0.0,
0.0,
0.0,
0.0,
0.0,
0.0,
0.0,
0.0,
0.0,
16.0,
45.0,
250.0,
251.0,
123.0,
5.0,
4.0,
0.0,
13.0,
0.0,
0.0,
0.0,
0.0,
0.0,
0.0,
0.0,
0.0,
0.0,
0.0,
0.0,
0.0,
0.0,
8.0,
2.0,
0.0,
5.0,
13.0,
3.0,
0.0,
9.0,
244.0,
241.0,
209.0,
1.0,
0.0,
9.0,
0.0,
0.0,
0.0,
0.0,
0.0,
0.0,
0.0,
0.0,
0.0,
0.0,
0.0,
0.0,
0.0,
5.0,
0.0,
0.0,
0.0,
4.0,
0.0,
0.0,
3.0,
23.0,
244.0,
255.0,
186.0,
6.0,
0.0,
7.0,
0.0,
0.0,
0.0,
0.0,
0.0,
0.0,
0.0,
0.0,
0.0,
0.0,
0.0,
0.0,
0.0,
0.0,
0.0,
0.0,
3.0,
9.0,
3.0,
0.0,
1.0,
84.0,
251.0,
245.0,
47.0,
0.0,
7.0,
0.0,
10.0,
0.0,
0.0,
0.0,
0.0,
0.0,
0.0,
0.0,
0.0,
0.0,
0.0,
0.0,
0.0,
1.0,
11.0,
6.0,
0.0,
0.0,
0.0,
8.0,
34.0,
247.0,
255.0,
186.0,
14.0,
0.0,
0.0,
9.0,
0.0,
0.0,
0.0,
0.0,
0.0,
0.0,
0.0,
0.0,
0.0,
0.0,
0.0,
0.0,
0.0,
0.0,
0.0,
0.0,
8.0,
0.0,
1.0,
101.0,
233.0,
244.0,
226.0,
23.0,
0.0,
27.0,
0.0,
0.0,
10.0,
0.0,
0.0,
0.0,
0.0,
0.0,
0.0,
0.0,
0.0,
0.0,
0.0,
0.0,
0.0,
1.0,
0.0,
4.0,
40.0,
129.0,
234.0,
255.0,
239.0,
203.0,
51.0,
0.0,
13.0,
5.0,
0.0,
0.0,
0.0,
0.0,
0.0,
0.0,
0.0,
0.0,
0.0,
0.0,
0.0,
0.0,
0.0,
0.0,
0.0,
0.0,
4.0,
131.0,
248.0,
230.0,
180.0,
138.0,
79.0,
21.0,
0.0,
0.0,
9.0,
0.0,
0.0,
10.0,
4.0,
0.0,
0.0,
0.0,
0.0,
0.0,
0.0,
0.0,
0.0,
0.0,
0.0,
0.0,
0.0,
3.0,
0.0,
1.0,
19.0,
5.0,
0.0,
0.0,
2.0,
0.0,
0.0,
12.0,
8.0,
0.0,
4.0,
6.0,
0.0,
0.0,
0.0,
0.0,
0.0,
0.0,
0.0,
0.0,
0.0,
0.0,
0.0,
0.0,
0.0,
0.0,
13.0,
0.0,
0.0,
2.0,
17.0,
6.0,
0.0,
12.0,
6.0,
0.0,
0.0,
0.0,
4.0,
0.0,
0.0,
0.0,
0.0,
0.0,
0.0,
