0.0,
0.0,
0.0,
0.0,
0.0,
0.0,
0.0,
0.0,
0.0,
0.0,
1.0,
7.0,
6.0,
0.0,
0.0,
4.0,
0.0,
5.0,
0.0,
0.0,
5.0,
0.0,
0.0,
5.0,
0.0,
0.0,
0.0,
0.0,
0.0,
0.0,
0.0,
0.0,
0.0,
0.0,
0.0,
0.0,
4.0,
7.0,
0.0,
0.0,
0.0,
0.0,
12.0,
7.0,
0.0,
9.0,
5.0,
2.0,
0.0,
14.0,
10.0,
0.0,
0.0,
0.0,
0.0,
0.0,
0.0,
0.0,
0.0,
0.0,
0.0,
0.0,
0.0,
0.0,
0.0,
8.0,
0.0,
14.0,
11.0,
0.0,
0.0,
0.0,
3.0,
0.0,
0.0,
14.0,
2.0,
0.0,
0.0,
0.0,
0.0,
0.0,
0.0,
0.0,
0.0,
0.0,
0.0,
0.0,
0.0,
0.0,
0.0,
0.0,
0.0,
9.0,
0.0,
0.0,
0.0,
24.0,
7.0,
0.0,
1.0,
0.0,
16.0,
0.0,
1.0,
0.0,
15.0,
0.0,
0.0,
0.0,
0.0,
0.0,
0.0,
0.0,
0.0,
0.0,
0.0,
0.0,
0.0,
0.0,
3.0,
3.0,
14.0,
7.0,
0.0,
8.0,
0.0,
15.0,
0.0,
1.0,
0.0,
0.0,
19.0,
3.0,
0.0,
2.0,
0.0,
0.0,
0.0,
0.0,
0.0,
0.0,
0.0,
0.0,
0.0,
0.0,
0.0,
0.0,
9.0,
0.0,
0.0,
29.0,
78.0,
126.0,
89.0,
145.0,
218.0,
195.0,
166.0,
227.0,
191.0,
120.0,
11.0,
7.0,
0.0,
0.0,
0.0,
0.0,
0.0,
0.0,
0.0,
0.0,
0.0,
0.0,
0.0,
0.0,
17.0,
182.0,
245.0,
250.0,
233.0,
255.0,
251.0,
250.0,
246.0,
254.0,
255.0,
255.0,
251.0,
246.0,
131.0,
0.0,
0.0,
0.0,
0.0,
0.0,
0.0,
0.0,
0.0,
0.0,
0.0,
0.0,
0.0,
0.0,
166.0,
255.0,
235.0,
255.0,
251.0,
252.0,
252.0,
252.0,
255.0,
235.0,
255.0,
231.0,
251.0,
255.0,
219.0,
17.0,
0.0,
0.0,
0.0,
0.0,
0.0,
0.0,
0.0,
0.0,
0.0,
0.0,
0.0,
0.0,
114.0,
253.0,
253.0,
255.0,
241.0,
255.0,
138.0,
53.0,
70.0,
59.0,
53.0,
75.0,
191.0,
232.0,
110.0,
0.0,
0.0,
0.0,
0.0,
0.0,
0.0,
0.0,
0.0,
0.0,
0.0,
0.0,
0.0,
0.0,
3.0,
0.0,
6.0,
5.0,
212.0,
198.0,
3.0,
13.0,
0.0,
5.0,
0.0,
11.0,
255.0,
138.0,
0.0,
3.0,
0.0,
0.0,
0.0,
0.0,
0.0,
0.0,
0.0,
0.0,
0.0,
0.0,
0.0,
0.0,
0.0,
7.0,
0.0,
83.0,
255.0,
191.0,
0.0,
0.0,
4.0,
0.0,
13.0,
6.0,
11.0,
9.0,
3.0,
4.0,
0.0,
0.0,
0.0,
0.0,
0.0,
0.0,
0.0,
0.0,
0.0,
0.0,
0.0,
0.0,
6.0,
3.0,
0.0,
124.0,
236.0,
188.0,
5.0,
4.0,
0.0,
0.0,
0.0,
0.0,
3.0,
0.0,
0.0,
4.0,
0.0,
0.0,
0.0,
0.0,
0.0,
0.0,
0.0,
0.0,
0.0,
0.0,
0.0,
0.0,
0.0,
1.0,
0.0,
133.0,
247.0,
69.0,
15.0,
40.0,
107.0,
36.0,
0.0,
11.0,
0.0,
0.0,
0.0,
0.0,
0.0,
0.0,
0.0,
0.0,
0.0,
0.0,
0.0,
0.0,
0.0,
0.0,
0.0,
0.0,
0.0,
7.0,
0.0,
161.0,
209.0,
68.0,
216.0,
250.0,
242.0,
251.0,
176.0,
121.0,
29.0,
18.0,
0.0,
0.0,
0.0,
0.0,
0.0,
0.0,
0.0,
0.0,
0.0,
0.0,
0.0,
0.0,
0.0,
0.0,
16.0,
0.0,
59.0,
247.0,
232.0,
254.0,
235.0,
210.0,
218.0,
255.0,
251.0,
153.0,
47.0,
0.0,
5.0,
0.0,
0.0,
0.0,
0.0,
0.0,
0.0,
0.0,
0.0,
0.0,
0.0,
0.0,
0.0,
0.0,
0.0,
2.0,
43.0,
252.0,
255.0,
254.0,
84.0,
2.0,
27.0,
197.0,
251.0,
217.0,
3.0,
0.0,
5.0,
0.0,
0.0,
0.0,
0.0,
0.0,
1.0,
0.0,
4.0,
0.0,
0.0,
0.0,
14.0,
0.0,
0.0,
0.0,
80.0,
255.0,
255.0,
162.0,
16.0,
0.0,
2.0,
40.0,
248.0,
255.0,
62.0,
11.0,
0.0,
0.0,
0.0,
0.0,
0.0,
0.0,
0.0,
0.0,
8.0,
0.0,
2.0,
0.0,
0.0,
10.0,
6.0,
3.0,
140.0,
251.0,
241.0,
30.0,
0.0,
4.0,
0.0,
2.0,
150.0,
250.0,
183.0,
0.0,
20.0,
0.0,
0.0,
0.0,
0.0,
0.0,
3.0,
0.0,
0.0,
0.0,
0.0,
0.0,
21.0,
134.0,
50.0,
0.0,
92.0,
170.0,
32.0,
0.0,
13.0,
2.0,
8.0,
5.0,
3.0,
236.0,
250.0,
9.0,
0.0,
11.0,
0.0,
0.0,
0.0,
0.0,
11.0,
0.0,
0.0,
1.0,
0.0,
0.0,
37.0,
232.0,
238.0,
55.0,
0.0,
0.0,
18.0,
8.0,
0.0,
0.0,
0.0,
9.0,
17.0,
236.0,
243.0,
0.0,
11.0,
0.0,
0.0,
0.0,
0.0,
0.0,
0.0,
0.0,
0.0,
6.0,
6.0,
0.0,
5.0,
160.0,
246.0,
224.0,
51.0,
0.0,
0.0,
0.0,
5.0,
5.0,
4.0,
31.0,
223.0,
250.0,
104.0,
21.0,
0.0,
6.0,
0.0,
0.0,
0.0,
0.0,
0.0,
4.0,
4.0,
0.0,
2.0,
5.0,
0.0,
31.0,
181.0,
244.0,
255.0,
55.0,
0.0,
18.0,
0.0,
4.0,
108.0,
249.0,
244.0,
190.0,
10.0,
4.0,
1.0,
0.0,
0.0,
0.0,
0.0,
0.0,
0.0,
3.0,
2.0,
0.0,
0.0,
4.0,
0.0,
0.0,
23.0,
236.0,
236.0,
250.0,
166.0,
129.0,
160.0,
245.0,
243.0,
255.0,
153.0,
28.0,
8.0,
0.0,
0.0,
4.0,
0.0,
0.0,
0.0,
0.0,
2.0,
0.0,
4.0,
2.0,
3.0,
0.0,
14.0,
0.0,
0.0,
34.0,
198.0,
243.0,
255.0,
246.0,
255.0,
243.0,
255.0,
100.0,
16.0,
0.0,
0.0,
15.0,
0.0,
2.0,
0.0,
0.0,
0.0,
0.0,
0.0,
0.0,
0.0,
0.0,
0.0,
0.0,
0.0,
0.0,
0.0,
8.0,
44.0,
172.0,
226.0,
226.0,
229.0,
114.0,
55.0,
20.0,
0.0,
0.0,
4.0,
0.0,
0.0,
3.0,
0.0,
0.0,
0.0,
0.0,
0.0,
0.0,
0.0,
0.0,
0.0,
0.0,
0.0,
0.0,
0.0,
0.0,
0.0,
14.0,
0.0,
0.0,
29.0,
0.0,
10.0,
0.0,
0.0,
1.0,
5.0,
0.0,
0.0,
4.0,
0.0,
0.0,
0.0,
0.0,
0.0,
0.0,
0.0,
0.0,
0.0,
0.0,
0.0,
0.0,
7.0,
10.0,
6.0,
11.0,
0.0,
0.0,
4.0,
0.0,
0.0,
0.0,
0.0,
5.0,
4.0,
0.0,
0.0,
1.0,
0.0,
0.0,
0.0,
0.0,
0.0,
0.0,
0.0,
0.0,
0.0,
0.0,
0.0,
0.0,
0.0,
0.0,
0.0,
0.0,
5.0,
9.0,
0.0,
0.0,
1.0,
6.0,
7.0,
2.0,
0.0,
0.0,
0.0,
0.0,
0.0,
0.0,
0.0,
0.0,
