0.0,
0.0,
0.0,
0.0,
0.0,
0.0,
0.0,
0.0,
2.0,
0.0,
3.0,
1.0,
5.0,
9.0,
0.0,
1.0,
4.0,
3.0,
7.0,
0.0,
0.0,
0.0,
8.0,
0.0,
0.0,
0.0,
0.0,
0.0,
0.0,
0.0,
0.0,
0.0,
0.0,
0.0,
0.0,
0.0,
1.0,
4.0,
0.0,
9.0,
0.0,
0.0,
15.0,
0.0,
2.0,
0.0,
0.0,
11.0,
12.0,
5.0,
2.0,
0.0,
0.0,
0.0,
0.0,
0.0,
0.0,
0.0,
0.0,
0.0,
0.0,
0.0,
0.0,
0.0,
0.0,
7.0,
0.0,
14.0,
0.0,
0.0,
7.0,
9.0,
2.0,
0.0,
0.0,
0.0,
0.0,
0.0,
2.0,
0.0,
0.0,
0.0,
0.0,
0.0,
0.0,
0.0,
0.0,
0.0,
0.0,
0.0,
0.0,
0.0,
0.0,
0.0,
0.0,
2.0,
19.0,
0.0,
0.0,
9.0,
2.0,
4.0,
8.0,
18.0,
0.0,
0.0,
0.0,
0.0,
0.0,
0.0,
0.0,
0.0,
0.0,
0.0,
0.0,
0.0,
0.0,
0.0,
0.0,
0.0,
0.0,
0.0,
1.0,
0.0,
7.0,
0.0,
25.0,
0.0,
6.0,
0.0,
0.0,
8.0,
0.0,
0.0,
0.0,
15.0,
0.0,
0.0,
0.0,
0.0,
0.0,
0.0,
0.0,
0.0,
0.0,
0.0,
0.0,
0.0,
0.0,
7.0,
0.0,
0.0,
1.0,
50.0,
170.0,
35.0,
0.0,
15.0,
33.0,
85.0,
114.0,
188.0,
196.0,
185.0,
0.0,
0.0,
0.0,
0.0,
0.0,
0.0,
0.0,
0.0,
0.0,
0.0,
0.0,
0.0,
0.0,
9.0,
0.0,
5.0,
34.0,
169.0,
255.0,
160.0,
146.0,
205.0,
238.0,
255.0,
241.0,
255.0,
214.0,
166.0,
0.0,
0.0,
0.0,
0.0,
0.0,
0.0,
0.0,
0.0,
0.0,
0.0,
0.0,
0.0,
0.0,
1.0,
1.0,
0.0,
70.0,
255.0,
245.0,
255.0,
252.0,
255.0,
250.0,
255.0,
146.0,
63.0,
0.0,
6.0,
0.0,
0.0,
0.0,
0.0,
0.0,
0.0,
0.0,
0.0,
0.0,
0.0,
0.0,
0.0,
0.0,
0.0,
0.0,
0.0,
144.0,
255.0,
245.0,
251.0,
232.0,
158.0,
83.0,
14.0,
0.0,
5.0,
0.0,
0.0,
0.0,
0.0,
0.0,
0.0,
0.0,
0.0,
0.0,
0.0,
0.0,
0.0,
0.0,
0.0,
0.0,
7.0,
0.0,
7.0,
247.0,
232.0,
189.0,
49.0,
15.0,
1.0,
0.0,
0.0,
0.0,
4.0,
4.0,
7.0,
0.0,
0.0,
0.0,
0.0,
0.0,
0.0,
0.0,
0.0,
0.0,
0.0,
0.0,
0.0,
8.0,
0.0,
0.0,
80.0,
232.0,
255.0,
40.0,
0.0,
0.0,
10.0,
6.0,
10.0,
11.0,
0.0,
0.0,
0.0,
0.0,
0.0,
0.0,
0.0,
0.0,
0.0,
0.0,
0.0,
0.0,
0.0,
0.0,
0.0,
6.0,
0.0,
2.0,
128.0,
255.0,
205.0,
1.0,
1.0,
0.0,
4.0,
0.0,
0.0,
0.0,
0.0,
4.0,
4.0,
0.0,
0.0,
0.0,
0.0,
0.0,
0.0,
0.0,
0.0,
0.0,
0.0,
0.0,
0.0,
5.0,
0.0,
4.0,
121.0,
255.0,
243.0,
43.0,
0.0,
2.0,
12.0,
5.0,
1.0,
4.0,
5.0,
3.0,
0.0,
0.0,
0.0,
0.0,
0.0,
0.0,
0.0,
0.0,
0.0,
0.0,
0.0,
0.0,
0.0,
0.0,
0.0,
9.0,
30.0,
251.0,
255.0,
230.0,
95.0,
7.0,
0.0,
0.0,
0.0,
0.0,
5.0,
0.0,
2.0,
0.0,
0.0,
0.0,
0.0,
0.0,
0.0,
0.0,
0.0,
0.0,
0.0,
0.0,
0.0,
2.0,
0.0,
8.0,
0.0,
85.0,
235.0,
252.0,
252.0,
132.0,
18.0,
4.0,
1.0,
0.0,
6.0,
0.0,
4.0,
0.0,
0.0,
0.0,
0.0,
0.0,
0.0,
0.0,
0.0,
0.0,
0.0,
0.0,
0.0,
0.0,
6.0,
0.0,
0.0,
15.0,
48.0,
214.0,
246.0,
229.0,
38.0,
0.0,
0.0,
0.0,
17.0,
0.0,
4.0,
0.0,
0.0,
0.0,
0.0,
0.0,
3.0,
3.0,
0.0,
1.0,
0.0,
0.0,
4.0,
0.0,
21.0,
0.0,
0.0,
17.0,
0.0,
30.0,
226.0,
255.0,
110.0,
10.0,
0.0,
3.0,
2.0,
0.0,
5.0,
0.0,
0.0,
0.0,
0.0,
3.0,
0.0,
0.0,
5.0,
8.0,
11.0,
0.0,
0.0,
1.0,
0.0,
0.0,
2.0,
0.0,
38.0,
225.0,
255.0,
251.0,
60.0,
0.0,
2.0,
4.0,
6.0,
0.0,
7.0,
0.0,
0.0,
0.0,
0.0,
0.0,
14.0,
0.0,
3.0,
0.0,
0.0,
0.0,
17.0,
0.0,
10.0,
8.0,
2.0,
56.0,
225.0,
245.0,
255.0,
184.0,
9.0,
0.0,
8.0,
0.0,
9.0,
0.0,
4.0,
0.0,
0.0,
0.0,
0.0,
3.0,
0.0,
0.0,
5.0,
0.0,
6.0,
18.0,
0.0,
0.0,
15.0,
88.0,
174.0,
232.0,
255.0,
255.0,
200.0,
68.0,
0.0,
7.0,
6.0,
0.0,
7.0,
0.0,
0.0,
0.0,
0.0,
0.0,
0.0,
0.0,
17.0,
3.0,
0.0,
105.0,
141.0,
148.0,
151.0,
149.0,
192.0,
255.0,
255.0,
251.0,
254.0,
213.0,
45.0,
0.0,
7.0,
4.0,
0.0,
0.0,
0.0,
7.0,
0.0,
0.0,
0.0,
0.0,
0.0,
0.0,
12.0,
0.0,
0.0,
202.0,
255.0,
255.0,
253.0,
253.0,
254.0,
249.0,
255.0,
240.0,
180.0,
13.0,
4.0,
0.0,
16.0,
0.0,
0.0,
10.0,
0.0,
4.0,
4.0,
0.0,
0.0,
0.0,
0.0,
15.0,
0.0,
25.0,
0.0,
0.0,
45.0,
184.0,
202.0,
207.0,
198.0,
142.0,
88.0,
65.0,
0.0,
3.0,
2.0,
6.0,
4.0,
0.0,
0.0,
5.0,
0.0,
2.0,
1.0,
0.0,
0.0,
0.0,
0.0,
3.0,
0.0,
0.0,
0.0,
8.0,
0.0,
4.0,
4.0,
0.0,
1.0,
4.0,
4.0,
0.0,
12.0,
0.0,
5.0,
1.0,
0.0,
11.0,
7.0,
0.0,
3.0,
3.0,
0.0,
0.0,
0.0,
0.0,
0.0,
0.0,
0.0,
0.0,
0.0,
0.0,
0.0,
0.0,
0.0,
0.0,
0.0,
0.0,
0.0,
0.0,
0.0,
0.0,
0.0,
0.0,
0.0,
0.0,
0.0,
0.0,
0.0,
0.0,
0.0,
0.0,
0.0,
0.0,
0.0,
0.0,
0.0,
0.0,
0.0,
0.0,
0.0,
0.0,
0.0,
0.0,
0.0,
0.0,
0.0,
0.0,
0.0,
0.0,
0.0,
0.0,
0.0,
0.0,
0.0,
0.0,
0.0,
0.0,
0.0,
0.0,
0.0,
0.0,
0.0,
0.0,
0.0,
0.0,
0.0,
0.0,
0.0,
0.0,
0.0,
0.0,
0.0,
0.0,
0.0,
0.0,
0.0,
0.0,
0.0,
0.0,
0.0,
0.0,
0.0,
0.0,
0.0,
0.0,
0.0,
0.0,
0.0,
0.0,
0.0,
0.0,
0.0,
0.0,
0.0,
0.0,
0.0,
0.0,
0.0,
0.0,
0.0,
0.0,
0.0,
0.0,
0.0,
0.0,
0.0,
0.0,
0.0,
0.0,
0.0,
0.0,
0.0,
0.0,
0.0,
0.0,
0.0,
0.0,
0.0,
