0.0,
0.0,
0.0,
0.0,
0.0,
0.0,
0.0,
0.0,
0.0,
0.0,
0.0,
15.0,
0.0,
5.0,
3.0,
2.0,
5.0,
2.0,
0.0,
0.0,
5.0,
0.0,
0.0,
5.0,
0.0,
17.0,
0.0,
0.0,
0.0,
0.0,
0.0,
0.0,
0.0,
0.0,
0.0,
0.0,
5.0,
5.0,
0.0,
2.0,
0.0,
0.0,
0.0,
1.0,
0.0,
5.0,
2.0,
9.0,
0.0,
1.0,
0.0,
1.0,
0.0,
0.0,
4.0,
1.0,
0.0,
0.0,
0.0,
0.0,
0.0,
0.0,
0.0,
0.0,
0.0,
7.0,
5.0,
0.0,
11.0,
18.0,
10.0,
8.0,
0.0,
6.0,
0.0,
0.0,
0.0,
4.0,
0.0,
2.0,
22.0,
0.0,
0.0,
4.0,
0.0,
0.0,
0.0,
0.0,
0.0,
0.0,
0.0,
0.0,
4.0,
7.0,
0.0,
0.0,
0.0,
3.0,
0.0,
0.0,
1.0,
1.0,
3.0,
0.0,
0.0,
10.0,
8.0,
0.0,
0.0,
0.0,
0.0,
0.0,
0.0,
0.0,
0.0,
0.0,
0.0,
0.0,
0.0,
0.0,
5.0,
0.0,
0.0,
32.0,
0.0,
1.0,
0.0,
7.0,
0.0,
0.0,
26.0,
11.0,
45.0,
61.0,
95.0,
72.0,
0.0,
0.0,
8.0,
0.0,
0.0,
0.0,
0.0,
0.0,
0.0,
0.0,
0.0,
0.0,
0.0,
5.0,
0.0,
0.0,
0.0,
26.0,
51.0,
55.0,
165.0,
189.0,
253.0,
252.0,
255.0,
245.0,
255.0,
220.0,
133.0,
10.0,
0.0,
3.0,
0.0,
0.0,
0.0,
0.0,
0.0,
0.0,
0.0,
0.0,
0.0,
12.0,
0.0,
0.0,
83.0,
182.0,
247.0,
255.0,
246.0,
246.0,
255.0,
255.0,
233.0,
246.0,
255.0,
244.0,
166.0,
11.0,
0.0,
6.0,
0.0,
0.0,
0.0,
0.0,
0.0,
0.0,
0.0,
0.0,
1.0,
0.0,
4.0,
41.0,
238.0,
249.0,
247.0,
253.0,
255.0,
254.0,
240.0,
251.0,
173.0,
150.0,
79.0,
23.0,
10.0,
0.0,
14.0,
0.0,
2.0,
0.0,
9.0,
0.0,
0.0,
4.0,
0.0,
5.0,
0.0,
13.0,
0.0,
166.0,
246.0,
255.0,
255.0,
253.0,
243.0,
192.0,
114.0,
44.0,
3.0,
0.0,
0.0,
9.0,
0.0,
0.0,
0.0,
0.0,
0.0,
2.0,
0.0,
0.0,
0.0,
15.0,
2.0,
0.0,
6.0,
6.0,
7.0,
197.0,
247.0,
255.0,
237.0,
104.0,
1.0,
0.0,
0.0,
0.0,
0.0,
0.0,
0.0,
0.0,
0.0,
0.0,
0.0,
0.0,
1.0,
7.0,
0.0,
17.0,
1.0,
0.0,
0.0,
6.0,
0.0,
0.0,
28.0,
255.0,
249.0,
240.0,
54.0,
4.0,
1.0,
0.0,
0.0,
0.0,
5.0,
10.0,
13.0,
13.0,
0.0,
0.0,
0.0,
0.0,
0.0,
0.0,
0.0,
5.0,
0.0,
0.0,
0.0,
2.0,
2.0,
15.0,
17.0,
240.0,
255.0,
142.0,
6.0,
7.0,
9.0,
5.0,
0.0,
0.0,
0.0,
0.0,
0.0,
0.0,
0.0,
0.0,
0.0,
0.0,
0.0,
4.0,
0.0,
0.0,
0.0,
10.0,
17.0,
0.0,
0.0,
0.0,
20.0,
224.0,
244.0,
250.0,
23.0,
0.0,
0.0,
0.0,
0.0,
3.0,
5.0,
5.0,
3.0,
0.0,
0.0,
0.0,
0.0,
0.0,
10.0,
0.0,
11.0,
1.0,
0.0,
0.0,
0.0,
2.0,
5.0,
15.0,
0.0,
100.0,
255.0,
246.0,
124.0,
0.0,
6.0,
2.0,
0.0,
0.0,
0.0,
0.0,
0.0,
3.0,
0.0,
0.0,
0.0,
0.0,
0.0,
0.0,
0.0,
6.0,
0.0,
31.0,
0.0,
6.0,
0.0,
2.0,
0.0,
51.0,
240.0,
255.0,
139.0,
9.0,
0.0,
0.0,
4.0,
7.0,
6.0,
2.0,
0.0,
0.0,
0.0,
0.0,
0.0,
0.0,
0.0,
14.0,
1.0,
0.0,
4.0,
162.0,
65.0,
12.0,
10.0,
0.0,
8.0,
9.0,
194.0,
247.0,
250.0,
23.0,
0.0,
0.0,
0.0,
0.0,
0.0,
0.0,
1.0,
4.0,
0.0,
0.0,
0.0,
0.0,
9.0,
0.0,
7.0,
0.0,
0.0,
226.0,
233.0,
141.0,
2.0,
0.0,
0.0,
0.0,
22.0,
216.0,
253.0,
202.0,
6.0,
0.0,
1.0,
10.0,
0.0,
10.0,
0.0,
4.0,
0.0,
0.0,
0.0,
0.0,
0.0,
3.0,
7.0,
0.0,
9.0,
108.0,
254.0,
233.0,
159.0,
14.0,
11.0,
3.0,
4.0,
159.0,
250.0,
234.0,
36.0,
0.0,
5.0,
4.0,
2.0,
0.0,
0.0,
0.0,
0.0,
0.0,
0.0,
0.0,
1.0,
6.0,
5.0,
0.0,
0.0,
0.0,
183.0,
255.0,
255.0,
119.0,
4.0,
5.0,
0.0,
2.0,
212.0,
243.0,
211.0,
57.0,
0.0,
0.0,
0.0,
0.0,
7.0,
2.0,
0.0,
0.0,
0.0,
0.0,
4.0,
0.0,
1.0,
2.0,
3.0,
0.0,
90.0,
234.0,
252.0,
255.0,
217.0,
145.0,
145.0,
44.0,
104.0,
255.0,
234.0,
91.0,
0.0,
0.0,
9.0,
18.0,
0.0,
0.0,
0.0,
0.0,
0.0,
0.0,
5.0,
0.0,
0.0,
1.0,
5.0,
14.0,
10.0,
121.0,
248.0,
237.0,
254.0,
251.0,
249.0,
253.0,
255.0,
255.0,
255.0,
215.0,
76.0,
2.0,
0.0,
0.0,
0.0,
15.0,
0.0,
0.0,
0.0,
0.0,
2.0,
8.0,
0.0,
0.0,
4.0,
0.0,
0.0,
12.0,
166.0,
246.0,
255.0,
255.0,
250.0,
255.0,
255.0,
251.0,
237.0,
255.0,
148.0,
1.0,
1.0,
0.0,
4.0,
0.0,
0.0,
0.0,
0.0,
0.0,
0.0,
9.0,
0.0,
0.0,
10.0,
0.0,
14.0,
5.0,
0.0,
41.0,
164.0,
205.0,
213.0,
255.0,
235.0,
255.0,
255.0,
250.0,
123.0,
0.0,
0.0,
0.0,
12.0,
1.0,
0.0,
0.0,
0.0,
0.0,
0.0,
2.0,
0.0,
6.0,
0.0,
8.0,
0.0,
0.0,
7.0,
0.0,
0.0,
16.0,
17.0,
20.0,
85.0,
138.0,
134.0,
105.0,
10.0,
0.0,
3.0,
4.0,
0.0,
0.0,
0.0,
0.0,
0.0,
0.0,
0.0,
0.0,
0.0,
0.0,
0.0,
0.0,
0.0,
0.0,
0.0,
0.0,
0.0,
0.0,
0.0,
0.0,
0.0,
0.0,
0.0,
0.0,
0.0,
0.0,
0.0,
0.0,
0.0,
0.0,
0.0,
0.0,
0.0,
0.0,
0.0,
0.0,
0.0,
0.0,
0.0,
0.0,
0.0,
0.0,
0.0,
0.0,
0.0,
0.0,
0.0,
0.0,
0.0,
0.0,
0.0,
0.0,
0.0,
0.0,
0.0,
0.0,
0.0,
0.0,
0.0,
0.0,
0.0,
0.0,
0.0,
0.0,
0.0,
0.0,
0.0,
0.0,
0.0,
0.0,
0.0,
0.0,
0.0,
0.0,
0.0,
0.0,
0.0,
0.0,
0.0,
0.0,
0.0,
0.0,
0.0,
0.0,
0.0,
0.0,
0.0,
0.0,
0.0,
0.0,
0.0,
0.0,
0.0,
0.0,
0.0,
0.0,
0.0,
0.0,
0.0,
0.0,
0.0,
0.0,
0.0,
0.0,
0.0,
0.0,
0.0,
0.0,
0.0,
0.0,
0.0,
0.0,
0.0,
0.0,
0.0,
0.0,
0.0,
0.0,
