0.0,
0.0,
0.0,
0.0,
0.0,
0.0,
0.0,
0.0,
0.0,
0.0,
4.0,
10.0,
5.0,
0.0,
0.0,
7.0,
0.0,
0.0,
2.0,
5.0,
2.0,
0.0,
0.0,
1.0,
2.0,
1.0,
0.0,
0.0,
0.0,
0.0,
0.0,
0.0,
0.0,
0.0,
0.0,
0.0,
13.0,
4.0,
0.0,
0.0,
0.0,
0.0,
0.0,
0.0,
3.0,
0.0,
0.0,
0.0,
0.0,
0.0,
0.0,
13.0,
0.0,
0.0,
8.0,
5.0,
0.0,
0.0,
0.0,
0.0,
0.0,
0.0,
0.0,
0.0,
0.0,
0.0,
0.0,
0.0,
4.0,
9.0,
8.0,
3.0,
2.0,
2.0,
17.0,
0.0,
0.0,
18.0,
0.0,
0.0,
0.0,
0.0,
3.0,
0.0,
0.0,
0.0,
0.0,
0.0,
0.0,
0.0,
0.0,
0.0,
0.0,
0.0,
4.0,
0.0,
0.0,
0.0,
0.0,
0.0,
0.0,
0.0,
11.0,
0.0,
0.0,
5.0,
0.0,
7.0,
16.0,
0.0,
23.0,
0.0,
0.0,
0.0,
0.0,
0.0,
0.0,
0.0,
0.0,
0.0,
1.0,
3.0,
2.0,
0.0,
0.0,
0.0,
4.0,
4.0,
20.0,
0.0,
4.0,
0.0,
0.0,
7.0,
35.0,
93.0,
124.0,
61.0,
61.0,
0.0,
0.0,
0.0,
0.0,
0.0,
0.0,
0.0,
0.0,
0.0,
1.0,
0.0,
0.0,
2.0,
9.0,
8.0,
1.0,
0.0,
0.0,
0.0,
6.0,
39.0,
110.0,
194.0,
247.0,
255.0,
223.0,
147.0,
107.0,
5.0,
0.0,
0.0,
0.0,
0.0,
0.0,
0.0,
0.0,
0.0,
2.0,
0.0,
0.0,
2.0,
0.0,
0.0,
0.0,
9.0,
0.0,
89.0,
157.0,
224.0,
255.0,
255.0,
211.0,
111.0,
19.0,
5.0,
3.0,
0.0,
0.0,
0.0,
0.0,
0.0,
0.0,
0.0,
0.0,
0.0,
2.0,
0.0,
1.0,
4.0,
0.0,
11.0,
67.0,
129.0,
206.0,
252.0,
245.0,
240.0,
158.0,
46.0,
27.0,
2.0,
0.0,
10.0,
0.0,
12.0,
0.0,
0.0,
0.0,
0.0,
0.0,
0.0,
0.0,
0.0,
8.0,
0.0,
1.0,
11.0,
132.0,
215.0,
249.0,
254.0,
248.0,
195.0,
107.0,
30.0,
0.0,
1.0,
4.0,
0.0,
0.0,
0.0,
0.0,
0.0,
0.0,
0.0,
0.0,
0.0,
0.0,
0.0,
0.0,
0.0,
0.0,
3.0,
13.0,
175.0,
252.0,
255.0,
255.0,
179.0,
99.0,
29.0,
0.0,
0.0,
10.0,
0.0,
0.0,
14.0,
0.0,
0.0,
0.0,
0.0,
0.0,
0.0,
0.0,
0.0,
0.0,
0.0,
0.0,
0.0,
4.0,
19.0,
230.0,
248.0,
250.0,
232.0,
77.0,
10.0,
12.0,
0.0,
0.0,
1.0,
5.0,
0.0,
0.0,
2.0,
0.0,
0.0,
0.0,
0.0,
0.0,
0.0,
0.0,
0.0,
0.0,
0.0,
0.0,
0.0,
0.0,
175.0,
250.0,
240.0,
237.0,
17.0,
5.0,
0.0,
0.0,
9.0,
16.0,
0.0,
0.0,
2.0,
5.0,
0.0,
0.0,
0.0,
0.0,
0.0,
0.0,
0.0,
0.0,
0.0,
0.0,
0.0,
0.0,
0.0,
52.0,
251.0,
255.0,
254.0,
94.0,
0.0,
26.0,
0.0,
3.0,
0.0,
0.0,
0.0,
2.0,
0.0,
0.0,
1.0,
0.0,
0.0,
0.0,
0.0,
0.0,
0.0,
0.0,
0.0,
0.0,
0.0,
0.0,
0.0,
20.0,
178.0,
244.0,
255.0,
245.0,
47.0,
0.0,
7.0,
12.0,
1.0,
0.0,
10.0,
8.0,
0.0,
0.0,
7.0,
0.0,
0.0,
0.0,
0.0,
0.0,
0.0,
0.0,
0.0,
0.0,
0.0,
0.0,
0.0,
12.0,
122.0,
162.0,
247.0,
246.0,
221.0,
54.0,
6.0,
0.0,
0.0,
8.0,
1.0,
0.0,
0.0,
5.0,
6.0,
0.0,
0.0,
0.0,
0.0,
0.0,
0.0,
0.0,
0.0,
0.0,
0.0,
0.0,
0.0,
41.0,
0.0,
0.0,
50.0,
230.0,
247.0,
255.0,
115.0,
7.0,
2.0,
0.0,
0.0,
4.0,
8.0,
1.0,
0.0,
0.0,
0.0,
0.0,
0.0,
4.0,
0.0,
10.0,
0.0,
0.0,
0.0,
3.0,
110.0,
178.0,
0.0,
8.0,
3.0,
51.0,
229.0,
250.0,
224.0,
40.0,
7.0,
0.0,
8.0,
0.0,
0.0,
0.0,
0.0,
0.0,
0.0,
0.0,
0.0,
4.0,
0.0,
3.0,
0.0,
4.0,
0.0,
0.0,
135.0,
92.0,
12.0,
0.0,
0.0,
0.0,
55.0,
219.0,
255.0,
249.0,
50.0,
0.0,
0.0,
12.0,
0.0,
0.0,
6.0,
0.0,
0.0,
0.0,
0.0,
0.0,
0.0,
2.0,
0.0,
2.0,
3.0,
0.0,
195.0,
81.0,
19.0,
0.0,
0.0,
21.0,
4.0,
62.0,
211.0,
222.0,
229.0,
3.0,
2.0,
9.0,
0.0,
0.0,
4.0,
0.0,
0.0,
0.0,
0.0,
0.0,
2.0,
6.0,
0.0,
0.0,
3.0,
5.0,
240.0,
150.0,
0.0,
2.0,
1.0,
0.0,
0.0,
0.0,
160.0,
255.0,
255.0,
81.0,
6.0,
0.0,
0.0,
4.0,
0.0,
0.0,
0.0,
0.0,
0.0,
0.0,
4.0,
1.0,
0.0,
0.0,
4.0,
0.0,
199.0,
255.0,
189.0,
75.0,
50.0,
34.0,
28.0,
37.0,
171.0,
255.0,
255.0,
81.0,
3.0,
0.0,
0.0,
7.0,
2.0,
0.0,
0.0,
0.0,
0.0,
4.0,
2.0,
0.0,
0.0,
3.0,
6.0,
0.0,
93.0,
219.0,
244.0,
238.0,
252.0,
196.0,
224.0,
255.0,
255.0,
239.0,
250.0,
18.0,
4.0,
5.0,
0.0,
0.0,
5.0,
0.0,
0.0,
0.0,
0.0,
4.0,
2.0,
0.0,
0.0,
2.0,
4.0,
0.0,
15.0,
69.0,
178.0,
255.0,
251.0,
251.0,
255.0,
245.0,
242.0,
255.0,
76.0,
16.0,
0.0,
10.0,
0.0,
0.0,
0.0,
0.0,
0.0,
0.0,
0.0,
0.0,
4.0,
7.0,
0.0,
0.0,
0.0,
8.0,
0.0,
0.0,
5.0,
29.0,
9.0,
94.0,
133.0,
140.0,
98.0,
18.0,
2.0,
0.0,
7.0,
0.0,
3.0,
3.0,
0.0,
0.0,
0.0,
0.0,
0.0,
0.0,
0.0,
0.0,
0.0,
0.0,
0.0,
0.0,
0.0,
0.0,
0.0,
0.0,
0.0,
0.0,
0.0,
0.0,
0.0,
0.0,
0.0,
0.0,
0.0,
0.0,
0.0,
0.0,
0.0,
0.0,
0.0,
0.0,
0.0,
0.0,
0.0,
0.0,
0.0,
0.0,
0.0,
0.0,
0.0,
0.0,
0.0,
0.0,
0.0,
0.0,
0.0,
0.0,
0.0,
0.0,
0.0,
0.0,
0.0,
0.0,
0.0,
0.0,
0.0,
0.0,
0.0,
0.0,
0.0,
0.0,
0.0,
0.0,
0.0,
0.0,
0.0,
0.0,
0.0,
0.0,
0.0,
0.0,
0.0,
0.0,
0.0,
0.0,
0.0,
0.0,
0.0,
0.0,
0.0,
0.0,
0.0,
0.0,
0.0,
0.0,
0.0,
0.0,
0.0,
0.0,
0.0,
0.0,
0.0,
0.0,
0.0,
0.0,
0.0,
0.0,
0.0,
0.0,
0.0,
0.0,
0.0,
0.0,
0.0,
0.0,
0.0,
0.0,
0.0,
0.0,
0.0,
0.0,
0.0,
0.0,
0.0,
0.0,
0.0,
