0.0,
0.0,
0.0,
0.0,
0.0,
0.0,
0.0,
0.0,
0.0,
1.0,
0.0,
0.0,
0.0,
14.0,
0.0,
5.0,
10.0,
0.0,
0.0,
2.0,
1.0,
1.0,
0.0,
1.0,
0.0,
2.0,
4.0,
3.0,
0.0,
0.0,
0.0,
0.0,
0.0,
0.0,
0.0,
0.0,
0.0,
2.0,
5.0,
9.0,
0.0,
0.0,
0.0,
0.0,
0.0,
7.0,
12.0,
0.0,
0.0,
5.0,
5.0,
1.0,
0.0,
0.0,
0.0,
0.0,
0.0,
0.0,
0.0,
0.0,
0.0,
0.0,
0.0,
0.0,
0.0,
7.0,
0.0,
0.0,
3.0,
8.0,
13.0,
0.0,
0.0,
5.0,
0.0,
0.0,
0.0,
2.0,
0.0,
0.0,
3.0,
0.0,
0.0,
0.0,
0.0,
0.0,
0.0,
0.0,
0.0,
0.0,
0.0,
0.0,
0.0,
0.0,
0.0,
1.0,
1.0,
0.0,
1.0,
0.0,
0.0,
2.0,
0.0,
10.0,
15.0,
0.0,
0.0,
13.0,
5.0,
2.0,
1.0,
2.0,
0.0,
0.0,
0.0,
0.0,
0.0,
0.0,
0.0,
0.0,
4.0,
0.0,
0.0,
5.0,
0.0,
8.0,
78.0,
133.0,
139.0,
133.0,
64.0,
4.0,
0.0,
0.0,
14.0,
0.0,
0.0,
0.0,
2.0,
5.0,
0.0,
0.0,
0.0,
0.0,
0.0,
0.0,
0.0,
0.0,
0.0,
4.0,
3.0,
0.0,
4.0,
139.0,
229.0,
255.0,
250.0,
243.0,
244.0,
255.0,
178.0,
53.0,
14.0,
2.0,
0.0,
0.0,
0.0,
3.0,
0.0,
0.0,
0.0,
0.0,
0.0,
0.0,
0.0,
0.0,
0.0,
1.0,
10.0,
1.0,
42.0,
241.0,
255.0,
239.0,
247.0,
255.0,
255.0,
255.0,
255.0,
243.0,
170.0,
3.0,
17.0,
3.0,
0.0,
0.0,
0.0,
0.0,
0.0,
0.0,
0.0,
0.0,
0.0,
0.0,
16.0,
0.0,
0.0,
14.0,
54.0,
250.0,
254.0,
255.0,
253.0,
250.0,
244.0,
255.0,
245.0,
251.0,
255.0,
177.0,
39.0,
14.0,
0.0,
0.0,
0.0,
2.0,
2.0,
0.0,
1.0,
7.0,
1.0,
0.0,
4.0,
11.0,
0.0,
75.0,
200.0,
255.0,
236.0,
255.0,
248.0,
182.0,
207.0,
189.0,
180.0,
255.0,
255.0,
249.0,
209.0,
0.0,
0.0,
3.0,
2.0,
4.0,
4.0,
0.0,
0.0,
0.0,
3.0,
10.0,
0.0,
0.0,
3.0,
171.0,
240.0,
243.0,
255.0,
196.0,
64.0,
3.0,
0.0,
8.0,
24.0,
129.0,
189.0,
250.0,
169.0,
13.0,
3.0,
0.0,
5.0,
0.0,
0.0,
2.0,
3.0,
0.0,
0.0,
0.0,
0.0,
11.0,
155.0,
249.0,
255.0,
242.0,
144.0,
35.0,
84.0,
48.0,
18.0,
0.0,
0.0,
4.0,
32.0,
47.0,
67.0,
0.0,
4.0,
4.0,
0.0,
0.0,
0.0,
2.0,
3.0,
3.0,
2.0,
0.0,
0.0,
36.0,
214.0,
247.0,
255.0,
254.0,
235.0,
228.0,
255.0,
255.0,
195.0,
95.0,
24.0,
0.0,
10.0,
0.0,
0.0,
0.0,
0.0,
4.0,
0.0,
4.0,
8.0,
0.0,
0.0,
0.0,
7.0,
10.0,
14.0,
21.0,
224.0,
255.0,
248.0,
246.0,
248.0,
251.0,
226.0,
255.0,
247.0,
219.0,
93.0,
2.0,
0.0,
0.0,
0.0,
9.0,
0.0,
0.0,
2.0,
2.0,
0.0,
0.0,
1.0,
2.0,
0.0,
0.0,
0.0,
62.0,
255.0,
247.0,
252.0,
255.0,
254.0,
255.0,
255.0,
248.0,
255.0,
250.0,
200.0,
26.0,
2.0,
10.0,
3.0,
10.0,
0.0,
6.0,
8.0,
0.0,
0.0,
5.0,
9.0,
2.0,
4.0,
17.0,
0.0,
128.0,
249.0,
255.0,
255.0,
235.0,
255.0,
240.0,
247.0,
252.0,
255.0,
241.0,
255.0,
102.0,
7.0,
0.0,
0.0,
0.0,
0.0,
10.0,
0.0,
0.0,
4.0,
12.0,
0.0,
0.0,
47.0,
131.0,
113.0,
0.0,
87.0,
107.0,
106.0,
121.0,
47.0,
6.0,
123.0,
255.0,
239.0,
255.0,
248.0,
208.0,
17.0,
3.0,
2.0,
2.0,
0.0,
2.0,
0.0,
3.0,
0.0,
12.0,
0.0,
6.0,
162.0,
255.0,
162.0,
130.0,
117.0,
9.0,
0.0,
0.0,
0.0,
0.0,
51.0,
197.0,
255.0,
246.0,
234.0,
75.0,
13.0,
0.0,
0.0,
0.0,
0.0,
0.0,
0.0,
17.0,
0.0,
0.0,
16.0,
37.0,
203.0,
246.0,
255.0,
254.0,
255.0,
160.0,
25.0,
12.0,
0.0,
6.0,
24.0,
164.0,
251.0,
255.0,
102.0,
13.0,
7.0,
0.0,
0.0,
0.0,
0.0,
0.0,
0.0,
1.0,
0.0,
0.0,
5.0,
154.0,
240.0,
253.0,
255.0,
230.0,
255.0,
136.0,
0.0,
0.0,
51.0,
70.0,
232.0,
251.0,
255.0,
253.0,
59.0,
0.0,
0.0,
6.0,
0.0,
0.0,
0.0,
0.0,
6.0,
0.0,
10.0,
8.0,
0.0,
178.0,
255.0,
253.0,
230.0,
111.0,
86.0,
41.0,
94.0,
178.0,
255.0,
245.0,
243.0,
255.0,
224.0,
114.0,
17.0,
0.0,
13.0,
0.0,
0.0,
0.0,
0.0,
0.0,
0.0,
3.0,
0.0,
0.0,
7.0,
47.0,
235.0,
251.0,
240.0,
233.0,
244.0,
254.0,
242.0,
255.0,
253.0,
242.0,
255.0,
236.0,
141.0,
10.0,
2.0,
0.0,
7.0,
0.0,
0.0,
0.0,
0.0,
0.0,
0.0,
14.0,
0.0,
0.0,
13.0,
0.0,
120.0,
255.0,
255.0,
255.0,
253.0,
240.0,
254.0,
248.0,
252.0,
255.0,
159.0,
71.0,
0.0,
0.0,
1.0,
4.0,
7.0,
9.0,
0.0,
0.0,
0.0,
0.0,
0.0,
0.0,
4.0,
10.0,
0.0,
7.0,
20.0,
162.0,
248.0,
244.0,
255.0,
247.0,
255.0,
152.0,
84.0,
17.0,
0.0,
0.0,
7.0,
13.0,
0.0,
9.0,
0.0,
0.0,
0.0,
0.0,
0.0,
0.0,
8.0,
0.0,
4.0,
9.0,
0.0,
0.0,
8.0,
0.0,
17.0,
10.0,
6.0,
20.0,
12.0,
1.0,
3.0,
1.0,
7.0,
7.0,
0.0,
0.0,
5.0,
3.0,
0.0,
12.0,
0.0,
0.0,
0.0,
0.0,
0.0,
0.0,
0.0,
0.0,
0.0,
0.0,
0.0,
0.0,
0.0,
0.0,
0.0,
0.0,
0.0,
0.0,
0.0,
0.0,
0.0,
0.0,
0.0,
0.0,
0.0,
0.0,
0.0,
0.0,
0.0,
0.0,
0.0,
0.0,
0.0,
0.0,
0.0,
0.0,
0.0,
0.0,
0.0,
0.0,
0.0,
0.0,
0.0,
0.0,
0.0,
0.0,
0.0,
0.0,
0.0,
0.0,
0.0,
0.0,
0.0,
0.0,
0.0,
0.0,
0.0,
0.0,
0.0,
0.0,
0.0,
0.0,
0.0,
0.0,
0.0,
0.0,
0.0,
0.0,
0.0,
0.0,
0.0,
0.0,
0.0,
0.0,
0.0,
0.0,
0.0,
0.0,
0.0,
0.0,
0.0,
0.0,
0.0,
0.0,
0.0,
0.0,
0.0,
0.0,
0.0,
0.0,
0.0,
0.0,
0.0,
0.0,
0.0,
0.0,
0.0,
0.0,
0.0,
0.0,
0.0,
0.0,
0.0,
0.0,
0.0,
0.0,
0.0,
0.0,
0.0,
0.0,
0.0,
0.0,
0.0,
0.0,
0.0,
0.0,
