0.0,
0.0,
0.0,
0.0,
0.0,
0.0,
0.0,
0.0,
0.0,
0.0,
1.0,
1.0,
3.0,
5.0,
3.0,
0.0,
0.0,
0.0,
1.0,
3.0,
0.0,
0.0,
0.0,
6.0,
2.0,
0.0,
0.0,
0.0,
0.0,
0.0,
0.0,
0.0,
0.0,
0.0,
0.0,
0.0,
0.0,
2.0,
2.0,
0.0,
0.0,
0.0,
0.0,
0.0,
0.0,
2.0,
0.0,
0.0,
0.0,
8.0,
6.0,
0.0,
4.0,
11.0,
10.0,
6.0,
0.0,
0.0,
0.0,
0.0,
0.0,
0.0,
0.0,
0.0,
1.0,
2.0,
3.0,
0.0,
0.0,
0.0,
0.0,
2.0,
4.0,
0.0,
0.0,
2.0,
3.0,
0.0,
0.0,
0.0,
0.0,
0.0,
0.0,
0.0,
0.0,
0.0,
0.0,
0.0,
0.0,
0.0,
0.0,
0.0,
3.0,
0.0,
0.0,
2.0,
2.0,
0.0,
1.0,
4.0,
0.0,
0.0,
5.0,
6.0,
0.0,
0.0,
0.0,
3.0,
14.0,
7.0,
0.0,
0.0,
0.0,
0.0,
0.0,
0.0,
0.0,
0.0,
0.0,
0.0,
5.0,
0.0,
0.0,
2.0,
5.0,
1.0,
0.0,
0.0,
0.0,
12.0,
11.0,
0.0,
0.0,
4.0,
7.0,
0.0,
0.0,
0.0,
9.0,
3.0,
0.0,
0.0,
0.0,
0.0,
0.0,
0.0,
0.0,
0.0,
6.0,
0.0,
0.0,
1.0,
2.0,
0.0,
0.0,
0.0,
2.0,
0.0,
0.0,
0.0,
9.0,
8.0,
5.0,
5.0,
20.0,
0.0,
1.0,
9.0,
0.0,
0.0,
0.0,
0.0,
0.0,
0.0,
0.0,
0.0,
3.0,
0.0,
0.0,
2.0,
0.0,
0.0,
1.0,
15.0,
0.0,
17.0,
62.0,
120.0,
160.0,
174.0,
182.0,
191.0,
133.0,
23.0,
0.0,
0.0,
0.0,
0.0,
0.0,
0.0,
0.0,
0.0,
0.0,
0.0,
0.0,
0.0,
1.0,
4.0,
0.0,
0.0,
12.0,
37.0,
120.0,
206.0,
252.0,
221.0,
197.0,
201.0,
167.0,
105.0,
106.0,
0.0,
0.0,
8.0,
0.0,
0.0,
0.0,
0.0,
0.0,
0.0,
0.0,
0.0,
15.0,
0.0,
0.0,
9.0,
0.0,
0.0,
183.0,
241.0,
248.0,
94.0,
29.0,
16.0,
0.0,
2.0,
0.0,
5.0,
0.0,
0.0,
0.0,
0.0,
0.0,
0.0,
0.0,
0.0,
0.0,
0.0,
0.0,
0.0,
0.0,
5.0,
1.0,
1.0,
45.0,
127.0,
242.0,
255.0,
251.0,
145.0,
33.0,
0.0,
0.0,
0.0,
0.0,
0.0,
0.0,
0.0,
0.0,
0.0,
0.0,
0.0,
0.0,
0.0,
0.0,
0.0,
0.0,
0.0,
0.0,
51.0,
189.0,
241.0,
246.0,
255.0,
195.0,
189.0,
128.0,
125.0,
36.0,
0.0,
9.0,
0.0,
2.0,
9.0,
0.0,
0.0,
0.0,
0.0,
0.0,
0.0,
0.0,
0.0,
0.0,
0.0,
0.0,
0.0,
6.0,
195.0,
241.0,
214.0,
134.0,
36.0,
7.0,
2.0,
0.0,
24.0,
4.0,
0.0,
2.0,
0.0,
0.0,
0.0,
0.0,
0.0,
0.0,
0.0,
0.0,
0.0,
0.0,
0.0,
0.0,
0.0,
0.0,
0.0,
0.0,
215.0,
236.0,
21.0,
0.0,
17.0,
0.0,
16.0,
2.0,
0.0,
7.0,
0.0,
7.0,
19.0,
3.0,
2.0,
0.0,
0.0,
0.0,
0.0,
0.0,
0.0,
0.0,
0.0,
0.0,
0.0,
0.0,
0.0,
0.0,
163.0,
255.0,
131.0,
15.0,
0.0,
4.0,
0.0,
13.0,
0.0,
4.0,
0.0,
0.0,
0.0,
0.0,
0.0,
0.0,
0.0,
0.0,
0.0,
0.0,
0.0,
0.0,
0.0,
0.0,
0.0,
0.0,
0.0,
3.0,
35.0,
224.0,
252.0,
83.0,
7.0,
0.0,
16.0,
0.0,
0.0,
9.0,
13.0,
0.0,
0.0,
2.0,
9.0,
0.0,
0.0,
0.0,
0.0,
0.0,
0.0,
0.0,
0.0,
0.0,
0.0,
0.0,
0.0,
0.0,
11.0,
53.0,
232.0,
250.0,
174.0,
65.0,
0.0,
1.0,
7.0,
0.0,
0.0,
8.0,
0.0,
4.0,
0.0,
0.0,
0.0,
0.0,
0.0,
0.0,
0.0,
4.0,
3.0,
0.0,
10.0,
0.0,
0.0,
0.0,
0.0,
1.0,
0.0,
119.0,
255.0,
235.0,
164.0,
18.0,
0.0,
9.0,
0.0,
6.0,
2.0,
0.0,
2.0,
0.0,
0.0,
0.0,
0.0,
0.0,
19.0,
0.0,
3.0,
0.0,
0.0,
23.0,
0.0,
18.0,
0.0,
0.0,
11.0,
0.0,
63.0,
76.0,
224.0,
208.0,
68.0,
0.0,
14.0,
0.0,
0.0,
8.0,
1.0,
0.0,
0.0,
0.0,
0.0,
3.0,
0.0,
21.0,
0.0,
3.0,
0.0,
0.0,
0.0,
0.0,
5.0,
14.0,
0.0,
7.0,
0.0,
0.0,
173.0,
255.0,
189.0,
9.0,
0.0,
4.0,
14.0,
0.0,
0.0,
0.0,
0.0,
0.0,
0.0,
4.0,
0.0,
11.0,
0.0,
0.0,
60.0,
48.0,
16.0,
5.0,
6.0,
0.0,
16.0,
79.0,
135.0,
228.0,
242.0,
223.0,
103.0,
2.0,
13.0,
1.0,
0.0,
2.0,
0.0,
0.0,
0.0,
0.0,
0.0,
11.0,
0.0,
0.0,
0.0,
0.0,
227.0,
129.0,
94.0,
153.0,
185.0,
135.0,
213.0,
244.0,
255.0,
254.0,
241.0,
62.0,
0.0,
2.0,
2.0,
1.0,
0.0,
0.0,
2.0,
0.0,
0.0,
0.0,
0.0,
0.0,
25.0,
0.0,
7.0,
3.0,
115.0,
234.0,
255.0,
255.0,
196.0,
197.0,
197.0,
104.0,
79.0,
36.0,
1.0,
0.0,
0.0,
20.0,
0.0,
5.0,
15.0,
0.0,
0.0,
0.0,
0.0,
0.0,
0.0,
5.0,
0.0,
6.0,
0.0,
20.0,
0.0,
22.0,
28.0,
7.0,
0.0,
22.0,
0.0,
12.0,
11.0,
0.0,
7.0,
22.0,
0.0,
4.0,
22.0,
0.0,
0.0,
8.0,
0.0,
0.0,
0.0,
0.0,
0.0,
0.0,
7.0,
1.0,
0.0,
0.0,
10.0,
0.0,
2.0,
5.0,
15.0,
0.0,
4.0,
0.0,
7.0,
0.0,
0.0,
0.0,
15.0,
0.0,
0.0,
0.0,
1.0,
6.0,
0.0,
0.0,
0.0,
0.0,
0.0,
0.0,
0.0,
0.0,
0.0,
0.0,
0.0,
0.0,
0.0,
0.0,
0.0,
0.0,
0.0,
0.0,
0.0,
0.0,
0.0,
0.0,
0.0,
0.0,
0.0,
0.0,
0.0,
0.0,
0.0,
0.0,
0.0,
0.0,
0.0,
0.0,
0.0,
0.0,
0.0,
0.0,
0.0,
0.0,
0.0,
0.0,
0.0,
0.0,
0.0,
0.0,
0.0,
0.0,
0.0,
0.0,
0.0,
0.0,
0.0,
0.0,
0.0,
0.0,
0.0,
0.0,
0.0,
0.0,
0.0,
0.0,
0.0,
0.0,
0.0,
0.0,
0.0,
0.0,
0.0,
0.0,
0.0,
0.0,
0.0,
0.0,
0.0,
0.0,
0.0,
0.0,
0.0,
0.0,
0.0,
0.0,
0.0,
0.0,
0.0,
0.0,
0.0,
0.0,
0.0,
0.0,
0.0,
0.0,
0.0,
0.0,
0.0,
0.0,
0.0,
0.0,
0.0,
0.0,
0.0,
0.0,
0.0,
0.0,
0.0,
0.0,
0.0,
0.0,
0.0,
0.0,
0.0,
0.0,
0.0,
0.0,
0.0,
0.0,
0.0,
