0.0,
5.0,
0.0,
1.0,
4.0,
0.0,
1.0,
0.0,
0.0,
0.0,
0.0,
3.0,
4.0,
0.0,
0.0,
0.0,
0.0,
4.0,
14.0,
0.0,
0.0,
0.0,
0.0,
0.0,
0.0,
0.0,
0.0,
0.0,
7.0,
5.0,
0.0,
2.0,
7.0,
0.0,
7.0,
0.0,
0.0,
0.0,
0.0,
0.0,
1.0,
5.0,
9.0,
12.0,
0.0,
0.0,
0.0,
0.0,
12.0,
11.0,
1.0,
0.0,
0.0,
0.0,
0.0,
0.0,
3.0,
0.0,
0.0,
7.0,
5.0,
0.0,
1.0,
0.0,
2.0,
3.0,
3.0,
2.0,
0.0,
0.0,
0.0,
0.0,
11.0,
2.0,
0.0,
4.0,
0.0,
0.0,
3.0,
3.0,
0.0,
0.0,
0.0,
0.0,
0.0,
0.0,
0.0,
4.0,
0.0,
0.0,
7.0,
0.0,
0.0,
0.0,
1.0,
0.0,
0.0,
2.0,
2.0,
1.0,
0.0,
0.0,
4.0,
16.0,
0.0,
0.0,
1.0,
0.0,
0.0,
0.0,
0.0,
0.0,
3.0,
2.0,
3.0,
0.0,
0.0,
5.0,
10.0,
5.0,
2.0,
4.0,
1.0,
0.0,
0.0,
0.0,
2.0,
3.0,
1.0,
1.0,
0.0,
0.0,
0.0,
0.0,
14.0,
2.0,
0.0,
0.0,
0.0,
0.0,
2.0,
1.0,
2.0,
0.0,
4.0,
1.0,
0.0,
0.0,
0.0,
5.0,
14.0,
13.0,
11.0,
12.0,
8.0,
1.0,
11.0,
20.0,
9.0,
10.0,
21.0,
0.0,
0.0,
4.0,
0.0,
0.0,
0.0,
0.0,
0.0,
0.0,
1.0,
2.0,
10.0,
0.0,
0.0,
75.0,
198.0,
221.0,
243.0,
253.0,
255.0,
255.0,
255.0,
250.0,
239.0,
255.0,
255.0,
247.0,
216.0,
41.0,
0.0,
0.0,
0.0,
0.0,
0.0,
0.0,
2.0,
0.0,
0.0,
0.0,
3.0,
0.0,
60.0,
226.0,
251.0,
255.0,
255.0,
251.0,
246.0,
252.0,
255.0,
253.0,
255.0,
254.0,
253.0,
255.0,
255.0,
51.0,
1.0,
9.0,
0.0,
0.0,
0.0,
0.0,
3.0,
0.0,
0.0,
9.0,
0.0,
0.0,
154.0,
255.0,
243.0,
189.0,
139.0,
67.0,
54.0,
62.0,
138.0,
87.0,
52.0,
62.0,
124.0,
143.0,
222.0,
40.0,
0.0,
7.0,
0.0,
0.0,
0.0,
0.0,
0.0,
15.0,
1.0,
0.0,
1.0,
59.0,
238.0,
254.0,
158.0,
0.0,
2.0,
12.0,
0.0,
0.0,
16.0,
0.0,
0.0,
22.0,
0.0,
0.0,
12.0,
0.0,
3.0,
2.0,
0.0,
0.0,
0.0,
0.0,
0.0,
8.0,
0.0,
0.0,
8.0,
82.0,
255.0,
246.0,
40.0,
0.0,
0.0,
0.0,
0.0,
10.0,
0.0,
7.0,
7.0,
0.0,
0.0,
3.0,
10.0,
7.0,
6.0,
0.0,
0.0,
0.0,
0.0,
0.0,
0.0,
0.0,
0.0,
12.0,
8.0,
117.0,
235.0,
192.0,
7.0,
0.0,
0.0,
28.0,
0.0,
3.0,
62.0,
64.0,
56.0,
56.0,
57.0,
21.0,
0.0,
5.0,
0.0,
0.0,
0.0,
0.0,
0.0,
0.0,
3.0,
4.0,
0.0,
0.0,
0.0,
208.0,
243.0,
142.0,
0.0,
6.0,
22.0,
116.0,
163.0,
233.0,
255.0,
234.0,
255.0,
255.0,
234.0,
223.0,
168.0,
18.0,
11.0,
1.0,
0.0,
0.0,
0.0,
0.0,
0.0,
2.0,
5.0,
0.0,
0.0,
236.0,
255.0,
183.0,
1.0,
136.0,
236.0,
251.0,
250.0,
255.0,
235.0,
255.0,
254.0,
251.0,
255.0,
255.0,
226.0,
255.0,
65.0,
0.0,
0.0,
0.0,
0.0,
0.0,
0.0,
0.0,
5.0,
7.0,
0.0,
183.0,
255.0,
247.0,
250.0,
236.0,
255.0,
233.0,
143.0,
87.0,
27.0,
13.0,
7.0,
6.0,
70.0,
108.0,
255.0,
248.0,
242.0,
47.0,
0.0,
0.0,
0.0,
0.0,
7.0,
0.0,
0.0,
0.0,
1.0,
147.0,
253.0,
253.0,
255.0,
255.0,
130.0,
21.0,
0.0,
0.0,
5.0,
0.0,
6.0,
0.0,
8.0,
2.0,
13.0,
224.0,
255.0,
230.0,
0.0,
0.0,
0.0,
0.0,
0.0,
7.0,
0.0,
14.0,
0.0,
36.0,
201.0,
236.0,
180.0,
63.0,
0.0,
0.0,
0.0,
1.0,
2.0,
0.0,
0.0,
2.0,
2.0,
2.0,
3.0,
102.0,
255.0,
245.0,
96.0,
0.0,
3.0,
0.0,
0.0,
0.0,
0.0,
15.0,
0.0,
0.0,
32.0,
0.0,
0.0,
0.0,
4.0,
12.0,
0.0,
0.0,
19.0,
0.0,
7.0,
0.0,
1.0,
0.0,
0.0,
12.0,
229.0,
255.0,
171.0,
0.0,
5.0,
1.0,
6.0,
1.0,
0.0,
1.0,
0.0,
0.0,
0.0,
0.0,
1.0,
14.0,
0.0,
2.0,
1.0,
1.0,
0.0,
4.0,
0.0,
2.0,
0.0,
0.0,
6.0,
29.0,
136.0,
251.0,
222.0,
0.0,
3.0,
9.0,
0.0,
1.0,
9.0,
3.0,
0.0,
1.0,
4.0,
19.0,
4.0,
0.0,
113.0,
184.0,
6.0,
7.0,
8.0,
0.0,
0.0,
0.0,
16.0,
0.0,
3.0,
7.0,
233.0,
255.0,
175.0,
0.0,
0.0,
5.0,
0.0,
0.0,
2.0,
0.0,
0.0,
3.0,
0.0,
0.0,
0.0,
0.0,
217.0,
228.0,
0.0,
0.0,
2.0,
0.0,
8.0,
0.0,
7.0,
32.0,
114.0,
231.0,
255.0,
247.0,
70.0,
1.0,
0.0,
0.0,
1.0,
0.0,
0.0,
0.0,
0.0,
5.0,
0.0,
9.0,
0.0,
26.0,
238.0,
239.0,
189.0,
102.0,
47.0,
63.0,
57.0,
58.0,
136.0,
218.0,
255.0,
235.0,
231.0,
60.0,
0.0,
9.0,
0.0,
0.0,
0.0,
0.0,
6.0,
11.0,
5.0,
0.0,
0.0,
0.0,
6.0,
0.0,
167.0,
236.0,
255.0,
246.0,
250.0,
252.0,
255.0,
251.0,
246.0,
255.0,
243.0,
200.0,
64.0,
0.0,
0.0,
1.0,
4.0,
0.0,
5.0,
1.0,
0.0,
0.0,
0.0,
0.0,
12.0,
0.0,
0.0,
3.0,
15.0,
79.0,
190.0,
255.0,
255.0,
254.0,
254.0,
255.0,
195.0,
136.0,
50.0,
1.0,
0.0,
7.0,
16.0,
0.0,
3.0,
1.0,
0.0,
0.0,
0.0,
0.0,
0.0,
0.0,
0.0,
0.0,
0.0,
0.0,
1.0,
2.0,
4.0,
6.0,
7.0,
7.0,
4.0,
4.0,
3.0,
2.0,
0.0,
0.0,
0.0,
0.0,
0.0,
0.0,
0.0,
0.0,
0.0,
0.0,
0.0,
0.0,
0.0,
0.0,
0.0,
0.0,
0.0,
0.0,
0.0,
1.0,
2.0,
3.0,
4.0,
4.0,
3.0,
2.0,
2.0,
1.0,
1.0,
0.0,
0.0,
0.0,
0.0,
0.0,
0.0,
0.0,
0.0,
0.0,
0.0,
0.0,
0.0,
0.0,
0.0,
0.0,
0.0,
0.0,
0.0,
0.0,
0.0,
0.0,
0.0,
0.0,
1.0,
1.0,
1.0,
1.0,
1.0,
0.0,
0.0,
0.0,
0.0,
0.0,
0.0,
0.0,
0.0,
0.0,
0.0,
0.0,
0.0,
0.0,
0.0,
0.0,
0.0,
0.0,
0.0,
0.0,
0.0,
0.0,
0.0,
0.0,
0.0,
0.0,
0.0,
0.0,
0.0,
1.0,
1.0,
2.0,
0.0,
0.0,
0.0,
0.0,
