0.0,
0.0,
0.0,
0.0,
0.0,
0.0,
0.0,
0.0,
0.0,
8.0,
0.0,
0.0,
9.0,
0.0,
5.0,
0.0,
0.0,
9.0,
0.0,
3.0,
7.0,
0.0,
5.0,
3.0,
0.0,
0.0,
0.0,
0.0,
0.0,
0.0,
0.0,
0.0,
0.0,
0.0,
0.0,
0.0,
1.0,
7.0,
0.0,
0.0,
11.0,
0.0,
4.0,
0.0,
14.0,
9.0,
0.0,
0.0,
0.0,
0.0,
3.0,
1.0,
0.0,
0.0,
0.0,
0.0,
0.0,
0.0,
0.0,
0.0,
0.0,
0.0,
0.0,
0.0,
3.0,
10.0,
0.0,
12.0,
0.0,
2.0,
0.0,
1.0,
0.0,
3.0,
3.0,
14.0,
11.0,
0.0,
2.0,
1.0,
0.0,
0.0,
0.0,
0.0,
0.0,
0.0,
0.0,
0.0,
0.0,
0.0,
0.0,
0.0,
0.0,
0.0,
0.0,
12.0,
0.0,
10.0,
4.0,
3.0,
2.0,
7.0,
0.0,
0.0,
0.0,
0.0,
7.0,
0.0,
0.0,
0.0,
0.0,
0.0,
0.0,
0.0,
0.0,
0.0,
0.0,
0.0,
0.0,
0.0,
1.0,
0.0,
18.0,
0.0,
0.0,
4.0,
44.0,
40.0,
39.0,
38.0,
58.0,
138.0,
227.0,
255.0,
183.0,
57.0,
0.0,
0.0,
0.0,
0.0,
0.0,
0.0,
0.0,
0.0,
0.0,
0.0,
0.0,
0.0,
0.0,
7.0,
0.0,
4.0,
8.0,
154.0,
229.0,
255.0,
255.0,
255.0,
249.0,
252.0,
254.0,
255.0,
234.0,
155.0,
0.0,
0.0,
0.0,
0.0,
0.0,
0.0,
0.0,
0.0,
0.0,
0.0,
0.0,
0.0,
6.0,
21.0,
0.0,
8.0,
16.0,
229.0,
255.0,
255.0,
255.0,
248.0,
247.0,
254.0,
226.0,
177.0,
104.0,
2.0,
0.0,
0.0,
0.0,
0.0,
0.0,
0.0,
0.0,
0.0,
0.0,
0.0,
0.0,
0.0,
2.0,
0.0,
3.0,
4.0,
106.0,
255.0,
255.0,
147.0,
66.0,
64.0,
73.0,
71.0,
21.0,
0.0,
8.0,
0.0,
0.0,
0.0,
0.0,
0.0,
0.0,
0.0,
0.0,
0.0,
0.0,
0.0,
0.0,
0.0,
1.0,
0.0,
1.0,
24.0,
200.0,
251.0,
255.0,
48.0,
0.0,
12.0,
1.0,
0.0,
11.0,
0.0,
8.0,
0.0,
0.0,
0.0,
0.0,
0.0,
0.0,
0.0,
0.0,
0.0,
0.0,
0.0,
0.0,
0.0,
0.0,
9.0,
0.0,
62.0,
248.0,
252.0,
222.0,
9.0,
10.0,
6.0,
0.0,
24.0,
0.0,
0.0,
9.0,
0.0,
0.0,
0.0,
0.0,
0.0,
0.0,
0.0,
0.0,
0.0,
0.0,
0.0,
0.0,
0.0,
0.0,
19.0,
0.0,
101.0,
255.0,
252.0,
67.0,
0.0,
0.0,
0.0,
2.0,
5.0,
13.0,
0.0,
11.0,
0.0,
0.0,
0.0,
0.0,
0.0,
0.0,
0.0,
0.0,
0.0,
0.0,
0.0,
0.0,
0.0,
18.0,
0.0,
17.0,
221.0,
241.0,
246.0,
94.0,
63.0,
62.0,
71.0,
11.0,
0.0,
0.0,
11.0,
0.0,
3.0,
0.0,
0.0,
0.0,
0.0,
0.0,
0.0,
0.0,
0.0,
0.0,
0.0,
0.0,
0.0,
0.0,
3.0,
30.0,
255.0,
250.0,
245.0,
255.0,
255.0,
251.0,
241.0,
171.0,
18.0,
11.0,
0.0,
6.0,
0.0,
0.0,
0.0,
0.0,
0.0,
0.0,
0.0,
0.0,
0.0,
0.0,
0.0,
0.0,
0.0,
4.0,
14.0,
0.0,
67.0,
199.0,
204.0,
210.0,
190.0,
196.0,
249.0,
255.0,
197.0,
12.0,
3.0,
0.0,
0.0,
0.0,
0.0,
0.0,
0.0,
0.0,
0.0,
0.0,
0.0,
0.0,
0.0,
0.0,
0.0,
7.0,
0.0,
18.0,
0.0,
3.0,
7.0,
14.0,
13.0,
0.0,
53.0,
238.0,
251.0,
132.0,
1.0,
3.0,
10.0,
0.0,
0.0,
0.0,
0.0,
0.0,
0.0,
0.0,
0.0,
0.0,
0.0,
0.0,
0.0,
0.0,
7.0,
0.0,
0.0,
10.0,
1.0,
0.0,
0.0,
3.0,
0.0,
193.0,
255.0,
249.0,
40.0,
0.0,
1.0,
0.0,
0.0,
0.0,
0.0,
9.0,
0.0,
9.0,
10.0,
0.0,
2.0,
8.0,
2.0,
10.0,
0.0,
14.0,
0.0,
6.0,
0.0,
14.0,
0.0,
8.0,
0.0,
194.0,
255.0,
247.0,
27.0,
7.0,
0.0,
0.0,
0.0,
0.0,
0.0,
0.0,
1.0,
0.0,
0.0,
11.0,
9.0,
0.0,
9.0,
0.0,
0.0,
0.0,
3.0,
8.0,
0.0,
0.0,
0.0,
0.0,
24.0,
169.0,
248.0,
253.0,
25.0,
21.0,
1.0,
0.0,
0.0,
0.0,
0.0,
7.0,
12.0,
17.0,
0.0,
0.0,
2.0,
0.0,
6.0,
11.0,
7.0,
7.0,
0.0,
46.0,
1.0,
0.0,
4.0,
0.0,
31.0,
255.0,
245.0,
221.0,
6.0,
0.0,
0.0,
0.0,
0.0,
0.0,
0.0,
0.0,
0.0,
0.0,
0.0,
27.0,
98.0,
126.0,
132.0,
108.0,
140.0,
136.0,
2.0,
15.0,
0.0,
14.0,
0.0,
16.0,
96.0,
223.0,
255.0,
88.0,
0.0,
13.0,
0.0,
0.0,
0.0,
0.0,
0.0,
0.0,
19.0,
0.0,
10.0,
155.0,
255.0,
248.0,
245.0,
192.0,
79.0,
5.0,
8.0,
13.0,
0.0,
7.0,
42.0,
176.0,
248.0,
255.0,
252.0,
26.0,
0.0,
3.0,
0.0,
0.0,
0.0,
0.0,
0.0,
1.0,
3.0,
0.0,
10.0,
129.0,
245.0,
255.0,
255.0,
192.0,
136.0,
112.0,
108.0,
107.0,
129.0,
194.0,
238.0,
255.0,
243.0,
229.0,
95.0,
13.0,
0.0,
0.0,
11.0,
0.0,
0.0,
0.0,
0.0,
11.0,
0.0,
0.0,
0.0,
29.0,
132.0,
224.0,
255.0,
255.0,
250.0,
255.0,
246.0,
255.0,
240.0,
252.0,
255.0,
252.0,
197.0,
37.0,
0.0,
0.0,
2.0,
7.0,
0.0,
0.0,
0.0,
0.0,
0.0,
0.0,
0.0,
12.0,
1.0,
0.0,
2.0,
25.0,
78.0,
161.0,
244.0,
249.0,
255.0,
249.0,
252.0,
171.0,
147.0,
69.0,
2.0,
4.0,
0.0,
3.0,
0.0,
0.0,
7.0,
0.0,
0.0,
0.0,
0.0,
0.0,
0.0,
0.0,
0.0,
0.0,
0.0,
0.0,
0.0,
0.0,
0.0,
0.0,
0.0,
0.0,
0.0,
0.0,
0.0,
0.0,
0.0,
0.0,
0.0,
0.0,
0.0,
0.0,
0.0,
0.0,
0.0,
0.0,
0.0,
0.0,
0.0,
0.0,
0.0,
0.0,
0.0,
0.0,
0.0,
0.0,
0.0,
0.0,
0.0,
0.0,
0.0,
0.0,
0.0,
0.0,
0.0,
0.0,
0.0,
0.0,
0.0,
0.0,
0.0,
0.0,
0.0,
0.0,
0.0,
0.0,
0.0,
0.0,
0.0,
0.0,
0.0,
0.0,
0.0,
0.0,
0.0,
0.0,
0.0,
0.0,
0.0,
0.0,
0.0,
0.0,
0.0,
0.0,
0.0,
0.0,
0.0,
0.0,
0.0,
0.0,
0.0,
0.0,
0.0,
0.0,
0.0,
0.0,
0.0,
0.0,
0.0,
0.0,
0.0,
0.0,
0.0,
0.0,
0.0,
0.0,
0.0,
0.0,
0.0,
0.0,
0.0,
0.0,
0.0,
0.0,
0.0,
0.0,
0.0,
0.0,
0.0,
0.0,
0.0,
