0.0,
0.0,
0.0,
0.0,
0.0,
0.0,
0.0,
0.0,
1.0,
2.0,
0.0,
0.0,
10.0,
0.0,
0.0,
10.0,
0.0,
0.0,
2.0,
0.0,
15.0,
0.0,
0.0,
1.0,
0.0,
0.0,
0.0,
0.0,
0.0,
0.0,
0.0,
0.0,
0.0,
0.0,
0.0,
0.0,
0.0,
1.0,
0.0,
16.0,
1.0,
5.0,
0.0,
0.0,
0.0,
3.0,
10.0,
5.0,
0.0,
2.0,
13.0,
0.0,
0.0,
0.0,
0.0,
0.0,
0.0,
0.0,
0.0,
0.0,
0.0,
0.0,
0.0,
0.0,
0.0,
0.0,
13.0,
4.0,
0.0,
0.0,
11.0,
7.0,
14.0,
0.0,
0.0,
0.0,
0.0,
4.0,
2.0,
0.0,
0.0,
0.0,
0.0,
0.0,
0.0,
0.0,
0.0,
0.0,
0.0,
0.0,
0.0,
0.0,
13.0,
0.0,
5.0,
0.0,
12.0,
3.0,
7.0,
0.0,
0.0,
7.0,
12.0,
11.0,
13.0,
0.0,
0.0,
5.0,
0.0,
0.0,
0.0,
0.0,
0.0,
0.0,
0.0,
0.0,
0.0,
0.0,
0.0,
0.0,
0.0,
0.0,
10.0,
1.0,
16.0,
3.0,
0.0,
16.0,
3.0,
111.0,
158.0,
112.0,
0.0,
0.0,
5.0,
6.0,
0.0,
0.0,
0.0,
0.0,
0.0,
0.0,
0.0,
0.0,
0.0,
0.0,
0.0,
0.0,
2.0,
7.0,
0.0,
4.0,
0.0,
7.0,
4.0,
83.0,
140.0,
234.0,
255.0,
224.0,
0.0,
5.0,
8.0,
0.0,
0.0,
0.0,
0.0,
0.0,
0.0,
0.0,
0.0,
0.0,
0.0,
0.0,
0.0,
0.0,
4.0,
0.0,
45.0,
105.0,
127.0,
212.0,
235.0,
255.0,
255.0,
255.0,
239.0,
167.0,
7.0,
6.0,
0.0,
0.0,
0.0,
0.0,
0.0,
0.0,
0.0,
0.0,
0.0,
0.0,
0.0,
0.0,
0.0,
0.0,
3.0,
35.0,
224.0,
255.0,
251.0,
247.0,
255.0,
242.0,
246.0,
255.0,
161.0,
6.0,
1.0,
0.0,
0.0,
3.0,
0.0,
0.0,
0.0,
0.0,
0.0,
0.0,
0.0,
0.0,
0.0,
0.0,
0.0,
0.0,
7.0,
215.0,
254.0,
255.0,
255.0,
250.0,
225.0,
157.0,
56.0,
39.0,
0.0,
2.0,
0.0,
5.0,
0.0,
0.0,
0.0,
0.0,
0.0,
0.0,
0.0,
0.0,
0.0,
0.0,
0.0,
0.0,
0.0,
0.0,
0.0,
239.0,
244.0,
255.0,
60.0,
48.0,
29.0,
0.0,
4.0,
0.0,
0.0,
4.0,
8.0,
0.0,
0.0,
7.0,
0.0,
0.0,
0.0,
0.0,
0.0,
0.0,
0.0,
0.0,
0.0,
0.0,
0.0,
0.0,
7.0,
226.0,
252.0,
185.0,
6.0,
3.0,
0.0,
0.0,
10.0,
0.0,
7.0,
0.0,
0.0,
1.0,
0.0,
3.0,
0.0,
0.0,
0.0,
0.0,
0.0,
0.0,
0.0,
0.0,
0.0,
0.0,
0.0,
0.0,
94.0,
229.0,
255.0,
51.0,
0.0,
7.0,
0.0,
12.0,
0.0,
0.0,
0.0,
20.0,
0.0,
10.0,
0.0,
0.0,
0.0,
0.0,
0.0,
0.0,
0.0,
0.0,
0.0,
0.0,
0.0,
0.0,
0.0,
0.0,
204.0,
255.0,
247.0,
44.0,
6.0,
62.0,
69.0,
140.0,
163.0,
216.0,
204.0,
162.0,
74.0,
6.0,
0.0,
0.0,
0.0,
0.0,
0.0,
0.0,
0.0,
0.0,
0.0,
0.0,
0.0,
0.0,
0.0,
0.0,
249.0,
255.0,
244.0,
203.0,
197.0,
225.0,
255.0,
251.0,
255.0,
244.0,
242.0,
255.0,
242.0,
79.0,
0.0,
9.0,
0.0,
0.0,
0.0,
0.0,
0.0,
0.0,
0.0,
0.0,
0.0,
0.0,
0.0,
0.0,
225.0,
243.0,
255.0,
255.0,
255.0,
204.0,
199.0,
101.0,
58.0,
166.0,
246.0,
255.0,
255.0,
188.0,
20.0,
0.0,
0.0,
0.0,
0.0,
0.0,
0.0,
0.0,
0.0,
0.0,
0.0,
0.0,
0.0,
0.0,
209.0,
255.0,
242.0,
162.0,
63.0,
21.0,
6.0,
0.0,
7.0,
1.0,
37.0,
194.0,
252.0,
244.0,
0.0,
13.0,
0.0,
0.0,
0.0,
0.0,
0.0,
0.0,
0.0,
0.0,
0.0,
0.0,
0.0,
0.0,
42.0,
188.0,
97.0,
2.0,
12.0,
0.0,
4.0,
5.0,
6.0,
0.0,
0.0,
169.0,
255.0,
237.0,
0.0,
0.0,
0.0,
0.0,
0.0,
0.0,
0.0,
0.0,
0.0,
0.0,
0.0,
0.0,
0.0,
0.0,
3.0,
0.0,
2.0,
8.0,
0.0,
1.0,
0.0,
2.0,
0.0,
12.0,
37.0,
212.0,
243.0,
130.0,
12.0,
5.0,
0.0,
0.0,
0.0,
0.0,
0.0,
0.0,
0.0,
0.0,
0.0,
0.0,
0.0,
0.0,
13.0,
92.0,
43.0,
0.0,
9.0,
19.0,
0.0,
2.0,
1.0,
0.0,
128.0,
255.0,
255.0,
122.0,
0.0,
0.0,
0.0,
0.0,
0.0,
0.0,
0.0,
0.0,
0.0,
0.0,
0.0,
0.0,
0.0,
0.0,
248.0,
255.0,
148.0,
4.0,
2.0,
0.0,
4.0,
0.0,
37.0,
195.0,
255.0,
254.0,
202.0,
50.0,
0.0,
0.0,
0.0,
0.0,
0.0,
0.0,
0.0,
0.0,
0.0,
0.0,
0.0,
0.0,
0.0,
0.0,
236.0,
255.0,
176.0,
2.0,
0.0,
25.0,
27.0,
117.0,
242.0,
228.0,
250.0,
255.0,
99.0,
0.0,
15.0,
0.0,
0.0,
0.0,
0.0,
0.0,
0.0,
0.0,
0.0,
0.0,
0.0,
0.0,
0.0,
0.0,
151.0,
255.0,
237.0,
163.0,
140.0,
243.0,
245.0,
246.0,
255.0,
255.0,
217.0,
101.0,
2.0,
13.0,
0.0,
10.0,
0.0,
0.0,
0.0,
0.0,
0.0,
0.0,
0.0,
0.0,
0.0,
0.0,
0.0,
0.0,
47.0,
250.0,
250.0,
255.0,
255.0,
238.0,
251.0,
255.0,
239.0,
172.0,
40.0,
0.0,
0.0,
0.0,
10.0,
0.0,
0.0,
0.0,
0.0,
0.0,
0.0,
0.0,
0.0,
0.0,
0.0,
0.0,
0.0,
0.0,
2.0,
0.0,
50.0,
119.0,
226.0,
255.0,
255.0,
145.0,
100.0,
3.0,
1.0,
1.0,
2.0,
7.0,
0.0,
9.0,
0.0,
0.0,
0.0,
0.0,
0.0,
0.0,
0.0,
0.0,
0.0,
0.0,
0.0,
0.0,
0.0,
0.0,
0.0,
0.0,
0.0,
0.0,
0.0,
0.0,
0.0,
0.0,
0.0,
0.0,
0.0,
0.0,
0.0,
0.0,
0.0,
0.0,
0.0,
0.0,
0.0,
0.0,
0.0,
0.0,
0.0,
0.0,
0.0,
0.0,
0.0,
0.0,
0.0,
0.0,
0.0,
0.0,
0.0,
0.0,
0.0,
0.0,
0.0,
0.0,
0.0,
0.0,
0.0,
0.0,
0.0,
0.0,
0.0,
0.0,
0.0,
0.0,
0.0,
0.0,
0.0,
0.0,
0.0,
0.0,
0.0,
0.0,
0.0,
0.0,
0.0,
0.0,
0.0,
0.0,
0.0,
0.0,
0.0,
0.0,
0.0,
0.0,
0.0,
0.0,
0.0,
0.0,
0.0,
0.0,
0.0,
0.0,
0.0,
0.0,
0.0,
0.0,
0.0,
0.0,
0.0,
0.0,
0.0,
0.0,
0.0,
0.0,
0.0,
0.0,
0.0,
0.0,
0.0,
0.0,
0.0,
0.0,
0.0,
0.0,
0.0,
0.0,
0.0,
0.0,
