0.0,
0.0,
0.0,
0.0,
0.0,
0.0,
0.0,
0.0,
0.0,
0.0,
0.0,
0.0,
0.0,
0.0,
0.0,
0.0,
0.0,
0.0,
0.0,
0.0,
0.0,
0.0,
0.0,
0.0,
0.0,
0.0,
0.0,
0.0,
0.0,
0.0,
0.0,
0.0,
0.0,
0.0,
0.0,
0.0,
0.0,
0.0,
0.0,
0.0,
0.0,
0.0,
0.0,
0.0,
0.0,
0.0,
0.0,
0.0,
0.0,
0.0,
0.0,
0.0,
0.0,
0.0,
0.0,
0.0,
0.0,
0.0,
0.0,
0.0,
0.0,
0.0,
0.0,
0.0,
0.0,
0.0,
0.0,
0.0,
0.0,
0.0,
0.0,
0.0,
0.0,
0.0,
0.0,
0.0,
0.0,
0.0,
0.0,
0.0,
0.0,
0.0,
0.0,
0.0,
0.0,
0.0,
0.0,
0.0,
0.0,
0.0,
0.0,
0.0,
0.0,
0.0,
0.0,
0.0,
0.0,
0.0,
0.0,
0.0,
0.0,
0.0,
0.0,
0.0,
0.0,
0.0,
0.0,
0.0,
0.0,
0.0,
0.0,
0.0,
0.0,
0.0,
0.0,
0.0,
0.0,
0.0,
0.0,
0.0,
0.0,
0.0,
0.0,
0.0,
0.0,
0.0,
0.0,
0.0,
0.0,
0.0,
0.0,
0.0,
0.0,
0.0,
0.0,
0.0,
0.0,
0.0,
0.0,
0.0,
0.0,
0.0,
0.0,
0.0,
0.0,
0.0,
0.0,
0.0,
0.0,
0.0,
0.0,
0.0,
0.0,
0.0,
0.0,
0.0,
0.0,
0.0,
0.0,
0.0,
0.0,
0.0,
0.0,
0.0,
0.0,
0.0,
0.0,
0.0,
0.0,
0.0,
0.0,
0.0,
0.0,
0.0,
0.0,
0.0,
0.0,
0.0,
0.0,
0.0,
0.0,
0.0,
0.0,
0.0,
0.0,
0.0,
0.0,
0.0,
0.0,
0.0,
0.0,
0.0,
0.0,
0.0,
0.0,
0.0,
0.0,
0.0,
0.0,
0.0,
0.0,
0.0,
0.0,
0.0,
0.0,
0.0,
0.0,
0.0,
0.0,
0.0,
0.0,
0.0,
0.0,
0.0,
0.0,
0.0,
0.0,
0.0,
0.0,
0.0,
0.0,
0.0,
0.0,
0.0,
8.0,
0.0,
2.0,
23.0,
0.0,
0.0,
14.0,
0.0,
0.0,
7.0,
0.0,
5.0,
31.0,
111.0,
99.0,
40.0,
0.0,
24.0,
16.0,
7.0,
1.0,
0.0,
3.0,
5.0,
0.0,
13.0,
0.0,
0.0,
0.0,
9.0,
0.0,
0.0,
0.0,
4.0,
10.0,
11.0,
0.0,
0.0,
4.0,
109.0,
199.0,
252.0,
250.0,
255.0,
250.0,
255.0,
251.0,
247.0,
215.0,
157.0,
142.0,
149.0,
144.0,
146.0,
79.0,
0.0,
0.0,
7.0,
3.0,
1.0,
5.0,
0.0,
0.0,
0.0,
16.0,
31.0,
135.0,
255.0,
255.0,
249.0,
249.0,
253.0,
240.0,
255.0,
255.0,
253.0,
255.0,
254.0,
255.0,
251.0,
255.0,
252.0,
164.0,
26.0,
6.0,
0.0,
0.0,
10.0,
0.0,
8.0,
3.0,
4.0,
22.0,
187.0,
255.0,
240.0,
217.0,
218.0,
165.0,
100.0,
117.0,
88.0,
19.0,
6.0,
60.0,
104.0,
94.0,
43.0,
0.0,
1.0,
5.0,
0.0,
1.0,
0.0,
0.0,
0.0,
0.0,
13.0,
0.0,
15.0,
208.0,
241.0,
255.0,
176.0,
37.0,
0.0,
14.0,
0.0,
0.0,
8.0,
4.0,
15.0,
14.0,
0.0,
0.0,
1.0,
9.0,
9.0,
0.0,
4.0,
0.0,
9.0,
0.0,
6.0,
1.0,
0.0,
0.0,
148.0,
234.0,
255.0,
245.0,
120.0,
47.0,
16.0,
8.0,
0.0,
0.0,
3.0,
0.0,
0.0,
0.0,
0.0,
5.0,
12.0,
0.0,
0.0,
0.0,
15.0,
4.0,
7.0,
0.0,
5.0,
2.0,
0.0,
22.0,
241.0,
255.0,
238.0,
255.0,
255.0,
255.0,
213.0,
161.0,
80.0,
0.0,
15.0,
0.0,
0.0,
6.0,
5.0,
2.0,
0.0,
5.0,
7.0,
3.0,
0.0,
0.0,
0.0,
0.0,
5.0,
0.0,
11.0,
0.0,
66.0,
181.0,
204.0,
247.0,
248.0,
255.0,
248.0,
255.0,
252.0,
251.0,
152.0,
30.0,
0.0,
4.0,
0.0,
0.0,
4.0,
1.0,
0.0,
5.0,
0.0,
0.0,
2.0,
3.0,
0.0,
0.0,
0.0,
0.0,
5.0,
31.0,
83.0,
46.0,
44.0,
56.0,
112.0,
150.0,
252.0,
249.0,
255.0,
208.0,
112.0,
4.0,
0.0,
3.0,
2.0,
0.0,
0.0,
0.0,
0.0,
0.0,
0.0,
2.0,
3.0,
3.0,
6.0,
13.0,
19.0,
231.0,
255.0,
204.0,
131.0,
47.0,
50.0,
31.0,
43.0,
186.0,
242.0,
250.0,
181.0,
14.0,
1.0,
0.0,
0.0,
0.0,
0.0,
0.0,
0.0,
0.0,
2.0,
3.0,
2.0,
0.0,
0.0,
4.0,
9.0,
141.0,
238.0,
255.0,
255.0,
251.0,
246.0,
188.0,
183.0,
195.0,
230.0,
255.0,
239.0,
43.0,
0.0,
0.0,
16.0,
0.0,
0.0,
0.0,
0.0,
4.0,
4.0,
3.0,
0.0,
0.0,
0.0,
0.0,
0.0,
0.0,
40.0,
141.0,
244.0,
245.0,
255.0,
255.0,
240.0,
254.0,
255.0,
255.0,
239.0,
81.0,
11.0,
0.0,
0.0,
0.0,
0.0,
0.0,
0.0,
0.0,
1.0,
2.0,
1.0,
1.0,
1.0,
2.0,
4.0,
0.0,
0.0,
0.0,
51.0,
101.0,
143.0,
189.0,
255.0,
255.0,
248.0,
190.0,
90.0,
16.0,
0.0,
0.0,
0.0,
0.0,
0.0,
0.0,
0.0,
0.0,
0.0,
1.0,
2.0,
2.0,
3.0,
4.0,
4.0,
14.0,
0.0,
2.0,
15.0,
0.0,
0.0,
4.0,
0.0,
0.0,
17.0,
16.0,
0.0,
0.0,
0.0,
1.0,
3.0,
0.0,
0.0,
0.0,
0.0,
1.0,
0.0,
0.0,
0.0,
0.0,
0.0,
0.0,
0.0,
0.0,
10.0,
1.0,
0.0,
4.0,
6.0,
3.0,
12.0,
1.0,
0.0,
0.0,
4.0,
7.0,
0.0,
0.0,
5.0,
0.0,
0.0,
0.0,
0.0,
0.0,
0.0,
0.0,
0.0,
2.0,
2.0,
1.0,
0.0,
0.0,
0.0,
1.0,
0.0,
1.0,
0.0,
0.0,
0.0,
0.0,
0.0,
0.0,
8.0,
0.0,
6.0,
9.0,
0.0,
0.0,
0.0,
0.0,
0.0,
0.0,
0.0,
0.0,
0.0,
0.0,
0.0,
0.0,
0.0,
0.0,
0.0,
0.0,
0.0,
0.0,
0.0,
0.0,
0.0,
0.0,
0.0,
0.0,
0.0,
0.0,
0.0,
0.0,
0.0,
0.0,
0.0,
0.0,
0.0,
0.0,
0.0,
0.0,
0.0,
0.0,
0.0,
0.0,
0.0,
0.0,
0.0,
0.0,
0.0,
0.0,
0.0,
0.0,
0.0,
0.0,
0.0,
0.0,
0.0,
0.0,
0.0,
0.0,
0.0,
0.0,
0.0,
0.0,
0.0,
0.0,
0.0,
0.0,
0.0,
0.0,
0.0,
0.0,
0.0,
0.0,
0.0,
0.0,
0.0,
0.0,
0.0,
0.0,
0.0,
0.0,
0.0,
0.0,
0.0,
0.0,
0.0,
0.0,
0.0,
0.0,
0.0,
0.0,
0.0,
0.0,
0.0,
0.0,
0.0,
0.0,
0.0,
0.0,
0.0,
0.0,
0.0,
0.0,
0.0,
0.0,
0.0,
0.0,
0.0,
0.0,
0.0,
0.0,
0.0,
0.0,
0.0,
0.0,
0.0,
0.0,
0.0,
0.0,
0.0,
