0.0,
0.0,
0.0,
0.0,
0.0,
0.0,
0.0,
0.0,
3.0,
0.0,
0.0,
2.0,
5.0,
1.0,
0.0,
0.0,
8.0,
3.0,
3.0,
0.0,
0.0,
0.0,
3.0,
0.0,
0.0,
0.0,
0.0,
0.0,
0.0,
0.0,
0.0,
0.0,
0.0,
0.0,
0.0,
0.0,
0.0,
6.0,
8.0,
0.0,
0.0,
0.0,
2.0,
0.0,
0.0,
0.0,
0.0,
6.0,
14.0,
8.0,
1.0,
1.0,
0.0,
0.0,
0.0,
0.0,
0.0,
0.0,
0.0,
0.0,
0.0,
0.0,
0.0,
0.0,
0.0,
0.0,
0.0,
0.0,
0.0,
3.0,
2.0,
0.0,
2.0,
5.0,
1.0,
1.0,
1.0,
0.0,
0.0,
0.0,
0.0,
0.0,
0.0,
0.0,
0.0,
0.0,
0.0,
0.0,
0.0,
0.0,
0.0,
0.0,
16.0,
0.0,
0.0,
5.0,
7.0,
0.0,
0.0,
0.0,
0.0,
11.0,
6.0,
0.0,
0.0,
5.0,
5.0,
8.0,
0.0,
0.0,
0.0,
0.0,
0.0,
0.0,
0.0,
0.0,
0.0,
0.0,
0.0,
0.0,
0.0,
0.0,
0.0,
3.0,
0.0,
0.0,
0.0,
8.0,
0.0,
0.0,
0.0,
0.0,
5.0,
6.0,
0.0,
0.0,
0.0,
0.0,
0.0,
0.0,
0.0,
0.0,
0.0,
0.0,
0.0,
0.0,
0.0,
0.0,
6.0,
10.0,
5.0,
0.0,
0.0,
8.0,
3.0,
0.0,
9.0,
0.0,
0.0,
10.0,
0.0,
0.0,
0.0,
12.0,
0.0,
0.0,
0.0,
0.0,
0.0,
0.0,
0.0,
0.0,
0.0,
0.0,
0.0,
0.0,
1.0,
0.0,
0.0,
0.0,
0.0,
0.0,
0.0,
12.0,
0.0,
0.0,
3.0,
10.0,
0.0,
0.0,
12.0,
0.0,
0.0,
0.0,
0.0,
0.0,
0.0,
0.0,
0.0,
0.0,
0.0,
0.0,
0.0,
0.0,
0.0,
4.0,
53.0,
103.0,
98.0,
84.0,
147.0,
243.0,
255.0,
248.0,
255.0,
249.0,
243.0,
255.0,
223.0,
100.0,
0.0,
0.0,
0.0,
0.0,
0.0,
6.0,
0.0,
0.0,
2.0,
0.0,
0.0,
2.0,
0.0,
79.0,
220.0,
255.0,
255.0,
250.0,
245.0,
255.0,
254.0,
255.0,
255.0,
244.0,
243.0,
252.0,
255.0,
252.0,
210.0,
77.0,
0.0,
0.0,
8.0,
0.0,
0.0,
1.0,
11.0,
0.0,
0.0,
28.0,
142.0,
240.0,
255.0,
199.0,
124.0,
174.0,
255.0,
237.0,
122.0,
115.0,
116.0,
146.0,
203.0,
252.0,
255.0,
245.0,
121.0,
41.0,
0.0,
5.0,
0.0,
8.0,
0.0,
0.0,
1.0,
2.0,
5.0,
24.0,
245.0,
240.0,
252.0,
122.0,
12.0,
29.0,
18.0,
43.0,
13.0,
5.0,
0.0,
0.0,
18.0,
35.0,
32.0,
17.0,
24.0,
2.0,
1.0,
4.0,
0.0,
9.0,
12.0,
0.0,
0.0,
0.0,
2.0,
48.0,
255.0,
251.0,
255.0,
0.0,
0.0,
0.0,
0.0,
11.0,
0.0,
1.0,
7.0,
1.0,
0.0,
0.0,
9.0,
15.0,
0.0,
0.0,
1.0,
1.0,
3.0,
0.0,
1.0,
11.0,
7.0,
0.0,
23.0,
157.0,
238.0,
254.0,
34.0,
6.0,
3.0,
13.0,
19.0,
0.0,
0.0,
1.0,
0.0,
0.0,
0.0,
0.0,
0.0,
0.0,
2.0,
0.0,
2.0,
4.0,
8.0,
0.0,
0.0,
0.0,
3.0,
0.0,
75.0,
252.0,
255.0,
228.0,
198.0,
44.0,
0.0,
0.0,
0.0,
7.0,
5.0,
3.0,
0.0,
1.0,
5.0,
6.0,
4.0,
0.0,
6.0,
0.0,
0.0,
3.0,
1.0,
3.0,
9.0,
0.0,
0.0,
12.0,
80.0,
245.0,
252.0,
249.0,
244.0,
252.0,
170.0,
68.0,
9.0,
0.0,
0.0,
0.0,
1.0,
1.0,
0.0,
0.0,
0.0,
0.0,
0.0,
0.0,
0.0,
0.0,
4.0,
0.0,
4.0,
1.0,
7.0,
0.0,
31.0,
194.0,
245.0,
255.0,
243.0,
254.0,
244.0,
238.0,
63.0,
11.0,
4.0,
0.0,
0.0,
0.0,
5.0,
5.0,
0.0,
0.0,
0.0,
9.0,
4.0,
0.0,
3.0,
0.0,
0.0,
4.0,
0.0,
0.0,
20.0,
55.0,
93.0,
134.0,
239.0,
255.0,
255.0,
249.0,
227.0,
58.0,
0.0,
0.0,
4.0,
0.0,
4.0,
1.0,
4.0,
0.0,
0.0,
0.0,
0.0,
0.0,
4.0,
0.0,
0.0,
5.0,
1.0,
0.0,
0.0,
10.0,
9.0,
0.0,
16.0,
44.0,
218.0,
255.0,
255.0,
90.0,
4.0,
0.0,
7.0,
4.0,
1.0,
0.0,
0.0,
5.0,
0.0,
0.0,
0.0,
0.0,
1.0,
0.0,
0.0,
4.0,
5.0,
0.0,
0.0,
0.0,
0.0,
0.0,
2.0,
0.0,
91.0,
217.0,
248.0,
214.0,
128.0,
22.0,
0.0,
0.0,
2.0,
0.0,
7.0,
2.0,
0.0,
0.0,
0.0,
0.0,
0.0,
0.0,
0.0,
0.0,
2.0,
7.0,
6.0,
1.0,
0.0,
12.0,
6.0,
4.0,
0.0,
131.0,
241.0,
255.0,
254.0,
64.0,
0.0,
0.0,
4.0,
8.0,
9.0,
0.0,
0.0,
0.0,
0.0,
0.0,
0.0,
3.0,
1.0,
0.0,
0.0,
0.0,
0.0,
0.0,
0.0,
5.0,
0.0,
0.0,
0.0,
22.0,
200.0,
234.0,
255.0,
60.0,
5.0,
4.0,
1.0,
0.0,
0.0,
0.0,
0.0,
0.0,
0.0,
0.0,
0.0,
0.0,
3.0,
1.0,
0.0,
0.0,
0.0,
0.0,
3.0,
8.0,
10.0,
10.0,
2.0,
0.0,
77.0,
249.0,
247.0,
53.0,
8.0,
4.0,
0.0,
0.0,
0.0,
7.0,
0.0,
0.0,
0.0,
0.0,
0.0,
0.0,
1.0,
5.0,
4.0,
2.0,
2.0,
4.0,
0.0,
0.0,
0.0,
0.0,
0.0,
16.0,
56.0,
254.0,
255.0,
62.0,
6.0,
0.0,
1.0,
8.0,
0.0,
8.0,
0.0,
0.0,
0.0,
0.0,
10.0,
1.0,
0.0,
0.0,
0.0,
0.0,
0.0,
1.0,
0.0,
17.0,
0.0,
0.0,
16.0,
10.0,
179.0,
254.0,
247.0,
62.0,
11.0,
0.0,
1.0,
6.0,
0.0,
0.0,
0.0,
0.0,
0.0,
0.0,
0.0,
0.0,
0.0,
0.0,
0.0,
0.0,
0.0,
0.0,
3.0,
0.0,
1.0,
118.0,
124.0,
190.0,
250.0,
248.0,
255.0,
66.0,
0.0,
1.0,
0.0,
7.0,
0.0,
0.0,
0.0,
0.0,
0.0,
0.0,
0.0,
0.0,
0.0,
0.0,
0.0,
0.0,
0.0,
0.0,
6.0,
0.0,
12.0,
224.0,
255.0,
255.0,
232.0,
222.0,
120.0,
13.0,
0.0,
0.0,
0.0,
4.0,
0.0,
7.0,
0.0,
0.0,
0.0,
0.0,
0.0,
0.0,
0.0,
0.0,
0.0,
0.0,
0.0,
0.0,
5.0,
0.0,
0.0,
35.0,
199.0,
255.0,
248.0,
88.0,
15.0,
0.0,
6.0,
0.0,
0.0,
5.0,
0.0,
4.0,
0.0,
0.0,
0.0,
0.0,
0.0,
0.0,
0.0,
0.0,
0.0,
0.0,
0.0,
0.0,
2.0,
6.0,
0.0,
0.0,
10.0,
0.0,
7.0,
0.0,
0.0,
0.0,
9.0,
0.0,
0.0,
9.0,
0.0,
0.0,
0.0,
0.0,
0.0,
0.0,
