0.0,
0.0,
0.0,
0.0,
0.0,
0.0,
0.0,
0.0,
0.0,
8.0,
3.0,
0.0,
0.0,
4.0,
1.0,
0.0,
0.0,
0.0,
4.0,
7.0,
0.0,
12.0,
0.0,
0.0,
0.0,
0.0,
0.0,
0.0,
0.0,
0.0,
0.0,
0.0,
0.0,
0.0,
0.0,
0.0,
2.0,
0.0,
0.0,
2.0,
3.0,
11.0,
0.0,
0.0,
11.0,
0.0,
0.0,
14.0,
1.0,
2.0,
0.0,
5.0,
0.0,
0.0,
0.0,
0.0,
0.0,
0.0,
0.0,
0.0,
0.0,
0.0,
0.0,
0.0,
3.0,
0.0,
18.0,
0.0,
0.0,
0.0,
8.0,
0.0,
5.0,
3.0,
8.0,
7.0,
0.0,
5.0,
0.0,
10.0,
0.0,
0.0,
0.0,
0.0,
0.0,
0.0,
0.0,
0.0,
0.0,
0.0,
0.0,
0.0,
7.0,
0.0,
2.0,
6.0,
8.0,
2.0,
6.0,
0.0,
0.0,
1.0,
0.0,
0.0,
0.0,
15.0,
2.0,
0.0,
0.0,
0.0,
0.0,
0.0,
0.0,
0.0,
0.0,
0.0,
0.0,
0.0,
0.0,
0.0,
2.0,
7.0,
0.0,
16.0,
0.0,
7.0,
0.0,
8.0,
2.0,
0.0,
8.0,
3.0,
11.0,
0.0,
0.0,
0.0,
0.0,
0.0,
0.0,
0.0,
0.0,
0.0,
0.0,
0.0,
0.0,
0.0,
0.0,
0.0,
0.0,
4.0,
3.0,
0.0,
82.0,
186.0,
251.0,
254.0,
255.0,
190.0,
89.0,
0.0,
0.0,
15.0,
9.0,
7.0,
0.0,
0.0,
0.0,
0.0,
0.0,
0.0,
0.0,
0.0,
0.0,
0.0,
0.0,
0.0,
18.0,
0.0,
2.0,
32.0,
211.0,
255.0,
255.0,
228.0,
235.0,
255.0,
236.0,
81.0,
8.0,
0.0,
0.0,
0.0,
0.0,
0.0,
0.0,
0.0,
0.0,
0.0,
0.0,
0.0,
0.0,
0.0,
0.0,
0.0,
5.0,
0.0,
19.0,
208.0,
251.0,
127.0,
0.0,
16.0,
26.0,
63.0,
67.0,
0.0,
2.0,
1.0,
0.0,
2.0,
0.0,
0.0,
0.0,
0.0,
0.0,
0.0,
0.0,
0.0,
0.0,
0.0,
0.0,
0.0,
0.0,
8.0,
64.0,
255.0,
193.0,
12.0,
0.0,
4.0,
9.0,
0.0,
5.0,
2.0,
0.0,
4.0,
0.0,
9.0,
0.0,
0.0,
0.0,
0.0,
0.0,
0.0,
0.0,
0.0,
0.0,
0.0,
0.0,
0.0,
7.0,
18.0,
206.0,
255.0,
66.0,
0.0,
29.0,
0.0,
0.0,
19.0,
0.0,
0.0,
0.0,
11.0,
8.0,
0.0,
0.0,
0.0,
0.0,
0.0,
0.0,
0.0,
0.0,
0.0,
0.0,
0.0,
0.0,
0.0,
0.0,
39.0,
255.0,
215.0,
68.0,
218.0,
190.0,
178.0,
73.0,
0.0,
5.0,
15.0,
3.0,
0.0,
0.0,
0.0,
0.0,
0.0,
0.0,
0.0,
0.0,
0.0,
0.0,
0.0,
0.0,
0.0,
0.0,
0.0,
12.0,
150.0,
255.0,
255.0,
255.0,
231.0,
221.0,
227.0,
228.0,
77.0,
0.0,
0.0,
0.0,
3.0,
0.0,
10.0,
0.0,
0.0,
0.0,
0.0,
0.0,
0.0,
0.0,
0.0,
0.0,
0.0,
0.0,
0.0,
35.0,
255.0,
250.0,
233.0,
112.0,
19.0,
0.0,
22.0,
138.0,
239.0,
68.0,
0.0,
0.0,
9.0,
0.0,
5.0,
0.0,
0.0,
0.0,
0.0,
0.0,
0.0,
0.0,
0.0,
0.0,
0.0,
0.0,
0.0,
93.0,
255.0,
243.0,
63.0,
9.0,
5.0,
0.0,
0.0,
0.0,
198.0,
214.0,
15.0,
0.0,
0.0,
6.0,
0.0,
0.0,
0.0,
0.0,
0.0,
0.0,
0.0,
0.0,
0.0,
0.0,
0.0,
0.0,
0.0,
19.0,
113.0,
8.0,
0.0,
0.0,
4.0,
7.0,
0.0,
17.0,
60.0,
249.0,
25.0,
0.0,
5.0,
15.0,
0.0,
0.0,
0.0,
0.0,
0.0,
0.0,
0.0,
0.0,
0.0,
0.0,
0.0,
0.0,
0.0,
0.0,
4.0,
0.0,
19.0,
0.0,
0.0,
3.0,
0.0,
0.0,
41.0,
245.0,
122.0,
3.0,
5.0,
0.0,
6.0,
0.0,
0.0,
0.0,
0.0,
0.0,
0.0,
3.0,
3.0,
0.0,
1.0,
0.0,
0.0,
3.0,
3.0,
0.0,
7.0,
0.0,
6.0,
4.0,
5.0,
7.0,
0.0,
243.0,
182.0,
0.0,
10.0,
0.0,
1.0,
0.0,
0.0,
0.0,
0.0,
0.0,
13.0,
0.0,
5.0,
0.0,
4.0,
4.0,
1.0,
0.0,
4.0,
0.0,
15.0,
11.0,
4.0,
0.0,
2.0,
1.0,
8.0,
232.0,
178.0,
0.0,
2.0,
0.0,
3.0,
0.0,
0.0,
0.0,
0.0,
8.0,
0.0,
5.0,
13.0,
0.0,
1.0,
2.0,
0.0,
5.0,
3.0,
0.0,
0.0,
0.0,
13.0,
11.0,
0.0,
0.0,
7.0,
214.0,
178.0,
0.0,
0.0,
5.0,
5.0,
0.0,
0.0,
0.0,
0.0,
0.0,
8.0,
14.0,
0.0,
12.0,
5.0,
46.0,
0.0,
0.0,
0.0,
5.0,
12.0,
1.0,
0.0,
0.0,
17.0,
19.0,
35.0,
245.0,
180.0,
4.0,
0.0,
16.0,
0.0,
0.0,
0.0,
0.0,
0.0,
8.0,
0.0,
0.0,
16.0,
0.0,
1.0,
172.0,
35.0,
0.0,
17.0,
0.0,
0.0,
3.0,
0.0,
0.0,
0.0,
0.0,
81.0,
255.0,
114.0,
0.0,
0.0,
8.0,
0.0,
0.0,
0.0,
0.0,
0.0,
0.0,
9.0,
0.0,
0.0,
0.0,
8.0,
81.0,
207.0,
18.0,
0.0,
5.0,
12.0,
4.0,
3.0,
19.0,
0.0,
8.0,
165.0,
228.0,
29.0,
0.0,
2.0,
0.0,
6.0,
0.0,
0.0,
0.0,
0.0,
4.0,
0.0,
1.0,
5.0,
0.0,
0.0,
0.0,
186.0,
235.0,
74.0,
0.0,
0.0,
4.0,
0.0,
2.0,
10.0,
154.0,
243.0,
145.0,
5.0,
9.0,
0.0,
0.0,
0.0,
0.0,
0.0,
0.0,
0.0,
0.0,
16.0,
0.0,
0.0,
8.0,
0.0,
12.0,
0.0,
131.0,
255.0,
236.0,
128.0,
146.0,
117.0,
140.0,
251.0,
247.0,
210.0,
14.0,
0.0,
0.0,
0.0,
15.0,
0.0,
0.0,
0.0,
0.0,
0.0,
0.0,
0.0,
0.0,
0.0,
0.0,
0.0,
0.0,
0.0,
0.0,
28.0,
134.0,
224.0,
241.0,
255.0,
255.0,
208.0,
78.0,
32.0,
0.0,
0.0,
6.0,
2.0,
0.0,
3.0,
0.0,
0.0,
0.0,
0.0,
0.0,
0.0,
0.0,
0.0,
0.0,
0.0,
0.0,
0.0,
2.0,
0.0,
0.0,
10.0,
0.0,
0.0,
14.0,
0.0,
19.0,
0.0,
0.0,
0.0,
6.0,
2.0,
0.0,
2.0,
0.0,
0.0,
0.0,
0.0,
0.0,
0.0,
0.0,
0.0,
0.0,
0.0,
0.0,
0.0,
12.0,
3.0,
5.0,
5.0,
0.0,
0.0,
0.0,
0.0,
0.0,
0.0,
0.0,
4.0,
5.0,
0.0,
0.0,
0.0,
0.0,
0.0,
0.0,
0.0,
0.0,
0.0,
0.0,
0.0,
0.0,
0.0,
0.0,
0.0,
0.0,
0.0,
0.0,
1.0,
7.0,
9.0,
8.0,
11.0,
0.0,
7.0,
10.0,
5.0,
0.0,
0.0,
0.0,
0.0,
0.0,
0.0,
0.0,
0.0,
