0.0,
0.0,
0.0,
0.0,
0.0,
0.0,
0.0,
0.0,
0.0,
14.0,
0.0,
2.0,
5.0,
6.0,
0.0,
19.0,
1.0,
0.0,
0.0,
11.0,
0.0,
4.0,
10.0,
3.0,
0.0,
0.0,
0.0,
0.0,
0.0,
0.0,
0.0,
0.0,
0.0,
0.0,
0.0,
0.0,
0.0,
0.0,
0.0,
2.0,
4.0,
0.0,
16.0,
0.0,
0.0,
20.0,
0.0,
2.0,
13.0,
0.0,
0.0,
0.0,
0.0,
0.0,
0.0,
0.0,
0.0,
0.0,
0.0,
0.0,
0.0,
0.0,
0.0,
0.0,
0.0,
5.0,
8.0,
11.0,
0.0,
0.0,
24.0,
3.0,
20.0,
0.0,
3.0,
10.0,
6.0,
0.0,
0.0,
9.0,
0.0,
0.0,
0.0,
0.0,
0.0,
0.0,
0.0,
0.0,
0.0,
0.0,
0.0,
0.0,
0.0,
0.0,
0.0,
0.0,
6.0,
3.0,
0.0,
0.0,
0.0,
10.0,
0.0,
0.0,
5.0,
0.0,
11.0,
1.0,
0.0,
0.0,
0.0,
0.0,
0.0,
0.0,
0.0,
0.0,
0.0,
0.0,
0.0,
0.0,
0.0,
8.0,
0.0,
0.0,
0.0,
1.0,
136.0,
255.0,
252.0,
2.0,
7.0,
8.0,
2.0,
9.0,
0.0,
7.0,
0.0,
0.0,
0.0,
0.0,
0.0,
0.0,
0.0,
0.0,
0.0,
0.0,
0.0,
0.0,
8.0,
1.0,
0.0,
7.0,
13.0,
5.0,
215.0,
250.0,
255.0,
151.0,
80.0,
16.0,
0.0,
10.0,
0.0,
4.0,
0.0,
0.0,
0.0,
0.0,
0.0,
0.0,
0.0,
0.0,
0.0,
0.0,
0.0,
0.0,
0.0,
0.0,
2.0,
0.0,
2.0,
83.0,
247.0,
255.0,
246.0,
245.0,
255.0,
206.0,
98.0,
68.0,
7.0,
0.0,
0.0,
0.0,
0.0,
0.0,
0.0,
0.0,
0.0,
0.0,
0.0,
0.0,
0.0,
0.0,
0.0,
5.0,
0.0,
0.0,
44.0,
251.0,
243.0,
253.0,
198.0,
255.0,
240.0,
239.0,
255.0,
246.0,
123.0,
7.0,
0.0,
0.0,
0.0,
0.0,
0.0,
0.0,
0.0,
0.0,
0.0,
0.0,
0.0,
0.0,
8.0,
0.0,
0.0,
46.0,
199.0,
255.0,
248.0,
164.0,
0.0,
42.0,
113.0,
237.0,
255.0,
245.0,
246.0,
124.0,
4.0,
0.0,
0.0,
0.0,
0.0,
0.0,
0.0,
0.0,
0.0,
0.0,
0.0,
0.0,
0.0,
8.0,
16.0,
178.0,
246.0,
250.0,
246.0,
79.0,
4.0,
0.0,
8.0,
16.0,
83.0,
213.0,
255.0,
224.0,
16.0,
6.0,
0.0,
0.0,
0.0,
0.0,
0.0,
0.0,
0.0,
0.0,
0.0,
0.0,
4.0,
0.0,
150.0,
250.0,
226.0,
251.0,
88.0,
0.0,
0.0,
7.0,
15.0,
10.0,
0.0,
16.0,
121.0,
199.0,
19.0,
9.0,
1.0,
0.0,
0.0,
0.0,
0.0,
0.0,
0.0,
0.0,
0.0,
0.0,
1.0,
0.0,
162.0,
255.0,
255.0,
202.0,
19.0,
0.0,
11.0,
0.0,
0.0,
6.0,
0.0,
0.0,
12.0,
0.0,
8.0,
1.0,
0.0,
0.0,
0.0,
0.0,
0.0,
0.0,
0.0,
0.0,
0.0,
0.0,
0.0,
96.0,
247.0,
230.0,
255.0,
255.0,
252.0,
211.0,
133.0,
12.0,
2.0,
4.0,
0.0,
14.0,
0.0,
11.0,
0.0,
0.0,
0.0,
0.0,
0.0,
0.0,
0.0,
0.0,
0.0,
0.0,
0.0,
0.0,
0.0,
24.0,
255.0,
254.0,
255.0,
243.0,
242.0,
255.0,
255.0,
95.0,
0.0,
0.0,
0.0,
0.0,
0.0,
4.0,
0.0,
0.0,
0.0,
4.0,
0.0,
0.0,
0.0,
0.0,
0.0,
0.0,
0.0,
0.0,
1.0,
5.0,
121.0,
163.0,
225.0,
232.0,
252.0,
249.0,
251.0,
234.0,
78.0,
10.0,
5.0,
0.0,
26.0,
0.0,
3.0,
1.0,
1.0,
3.0,
0.0,
0.0,
0.0,
0.0,
0.0,
0.0,
0.0,
0.0,
0.0,
12.0,
0.0,
5.0,
30.0,
14.0,
31.0,
102.0,
249.0,
255.0,
122.0,
0.0,
0.0,
0.0,
0.0,
7.0,
2.0,
0.0,
0.0,
0.0,
0.0,
0.0,
0.0,
0.0,
0.0,
0.0,
18.0,
0.0,
5.0,
5.0,
0.0,
1.0,
4.0,
1.0,
7.0,
39.0,
244.0,
244.0,
235.0,
24.0,
0.0,
5.0,
2.0,
3.0,
0.0,
0.0,
0.0,
0.0,
1.0,
11.0,
8.0,
0.0,
3.0,
18.0,
0.0,
0.0,
0.0,
8.0,
3.0,
0.0,
4.0,
0.0,
0.0,
96.0,
255.0,
243.0,
255.0,
62.0,
0.0,
5.0,
0.0,
4.0,
0.0,
0.0,
0.0,
0.0,
2.0,
0.0,
0.0,
3.0,
0.0,
0.0,
54.0,
159.0,
15.0,
3.0,
0.0,
22.0,
0.0,
11.0,
20.0,
186.0,
233.0,
255.0,
161.0,
19.0,
6.0,
0.0,
4.0,
0.0,
0.0,
0.0,
0.0,
0.0,
0.0,
0.0,
6.0,
0.0,
4.0,
17.0,
217.0,
232.0,
175.0,
2.0,
6.0,
0.0,
0.0,
19.0,
180.0,
255.0,
255.0,
235.0,
54.0,
0.0,
13.0,
0.0,
3.0,
0.0,
0.0,
0.0,
0.0,
0.0,
3.0,
0.0,
11.0,
0.0,
5.0,
22.0,
235.0,
255.0,
255.0,
230.0,
40.0,
1.0,
97.0,
247.0,
255.0,
254.0,
232.0,
67.0,
4.0,
1.0,
0.0,
10.0,
0.0,
5.0,
0.0,
0.0,
0.0,
0.0,
4.0,
0.0,
0.0,
6.0,
0.0,
0.0,
82.0,
213.0,
247.0,
255.0,
184.0,
183.0,
234.0,
255.0,
246.0,
197.0,
59.0,
0.0,
0.0,
0.0,
0.0,
7.0,
1.0,
0.0,
0.0,
0.0,
0.0,
0.0,
0.0,
5.0,
3.0,
0.0,
1.0,
14.0,
0.0,
20.0,
156.0,
254.0,
254.0,
244.0,
243.0,
255.0,
189.0,
65.0,
0.0,
25.0,
5.0,
0.0,
8.0,
0.0,
4.0,
0.0,
0.0,
0.0,
0.0,
0.0,
5.0,
0.0,
0.0,
4.0,
5.0,
0.0,
14.0,
0.0,
0.0,
51.0,
251.0,
255.0,
203.0,
24.0,
22.0,
0.0,
12.0,
0.0,
2.0,
0.0,
4.0,
0.0,
0.0,
10.0,
0.0,
0.0,
0.0,
0.0,
0.0,
0.0,
0.0,
0.0,
0.0,
0.0,
0.0,
0.0,
0.0,
0.0,
0.0,
0.0,
0.0,
0.0,
0.0,
0.0,
0.0,
0.0,
0.0,
0.0,
0.0,
0.0,
0.0,
0.0,
0.0,
0.0,
0.0,
0.0,
0.0,
0.0,
0.0,
0.0,
0.0,
0.0,
0.0,
0.0,
0.0,
0.0,
0.0,
0.0,
0.0,
0.0,
0.0,
0.0,
0.0,
0.0,
0.0,
0.0,
0.0,
0.0,
0.0,
0.0,
0.0,
0.0,
0.0,
0.0,
0.0,
0.0,
0.0,
0.0,
0.0,
0.0,
0.0,
0.0,
0.0,
0.0,
0.0,
0.0,
0.0,
0.0,
0.0,
0.0,
0.0,
0.0,
0.0,
0.0,
0.0,
0.0,
0.0,
0.0,
0.0,
0.0,
0.0,
0.0,
0.0,
0.0,
0.0,
0.0,
0.0,
0.0,
0.0,
0.0,
0.0,
0.0,
0.0,
0.0,
0.0,
0.0,
0.0,
0.0,
0.0,
0.0,
0.0,
0.0,
0.0,
0.0,
0.0,
0.0,
0.0,
0.0,
0.0,
0.0,
