0.0,
0.0,
0.0,
0.0,
0.0,
0.0,
0.0,
0.0,
3.0,
0.0,
0.0,
0.0,
0.0,
1.0,
0.0,
0.0,
13.0,
0.0,
0.0,
16.0,
0.0,
3.0,
3.0,
0.0,
0.0,
0.0,
0.0,
0.0,
0.0,
0.0,
0.0,
0.0,
0.0,
0.0,
0.0,
0.0,
0.0,
0.0,
4.0,
11.0,
3.0,
0.0,
0.0,
11.0,
0.0,
5.0,
0.0,
0.0,
0.0,
8.0,
0.0,
3.0,
0.0,
0.0,
0.0,
0.0,
0.0,
0.0,
0.0,
0.0,
0.0,
0.0,
0.0,
0.0,
0.0,
5.0,
1.0,
0.0,
0.0,
12.0,
7.0,
0.0,
0.0,
16.0,
3.0,
1.0,
8.0,
7.0,
0.0,
0.0,
0.0,
0.0,
0.0,
0.0,
0.0,
0.0,
0.0,
0.0,
0.0,
0.0,
0.0,
0.0,
0.0,
0.0,
0.0,
4.0,
0.0,
0.0,
0.0,
7.0,
6.0,
5.0,
0.0,
0.0,
0.0,
4.0,
1.0,
19.0,
0.0,
0.0,
0.0,
0.0,
0.0,
0.0,
0.0,
0.0,
0.0,
0.0,
0.0,
0.0,
0.0,
3.0,
0.0,
0.0,
0.0,
9.0,
3.0,
0.0,
0.0,
0.0,
19.0,
11.0,
0.0,
0.0,
3.0,
0.0,
0.0,
0.0,
0.0,
0.0,
0.0,
0.0,
0.0,
0.0,
0.0,
0.0,
0.0,
0.0,
2.0,
3.0,
0.0,
0.0,
0.0,
0.0,
4.0,
8.0,
12.0,
0.0,
26.0,
63.0,
130.0,
184.0,
170.0,
80.0,
0.0,
0.0,
0.0,
0.0,
0.0,
0.0,
0.0,
0.0,
0.0,
0.0,
0.0,
0.0,
0.0,
0.0,
3.0,
26.0,
4.0,
0.0,
61.0,
171.0,
196.0,
212.0,
244.0,
243.0,
255.0,
254.0,
250.0,
220.0,
0.0,
0.0,
0.0,
0.0,
0.0,
0.0,
0.0,
0.0,
0.0,
0.0,
0.0,
0.0,
0.0,
13.0,
1.0,
0.0,
18.0,
132.0,
228.0,
255.0,
255.0,
252.0,
255.0,
252.0,
241.0,
127.0,
36.0,
3.0,
0.0,
0.0,
0.0,
0.0,
0.0,
0.0,
0.0,
0.0,
0.0,
0.0,
0.0,
0.0,
5.0,
1.0,
0.0,
10.0,
165.0,
245.0,
255.0,
239.0,
255.0,
217.0,
226.0,
211.0,
241.0,
0.0,
0.0,
5.0,
0.0,
0.0,
0.0,
0.0,
0.0,
0.0,
0.0,
0.0,
0.0,
0.0,
0.0,
0.0,
0.0,
0.0,
9.0,
52.0,
248.0,
248.0,
254.0,
250.0,
201.0,
84.0,
111.0,
73.0,
53.0,
15.0,
0.0,
0.0,
0.0,
0.0,
0.0,
0.0,
0.0,
0.0,
0.0,
0.0,
0.0,
0.0,
0.0,
0.0,
12.0,
2.0,
7.0,
130.0,
254.0,
255.0,
248.0,
255.0,
251.0,
231.0,
254.0,
253.0,
222.0,
0.0,
0.0,
3.0,
0.0,
0.0,
0.0,
0.0,
0.0,
0.0,
0.0,
0.0,
0.0,
0.0,
0.0,
0.0,
0.0,
0.0,
117.0,
255.0,
251.0,
249.0,
242.0,
222.0,
207.0,
204.0,
145.0,
131.0,
148.0,
54.0,
0.0,
13.0,
0.0,
0.0,
0.0,
0.0,
0.0,
0.0,
0.0,
0.0,
0.0,
0.0,
0.0,
0.0,
19.0,
0.0,
180.0,
246.0,
255.0,
232.0,
201.0,
84.0,
13.0,
5.0,
0.0,
0.0,
0.0,
2.0,
10.0,
0.0,
0.0,
0.0,
0.0,
0.0,
0.0,
0.0,
0.0,
0.0,
0.0,
0.0,
0.0,
0.0,
0.0,
79.0,
245.0,
243.0,
249.0,
255.0,
255.0,
234.0,
197.0,
48.0,
17.0,
0.0,
10.0,
0.0,
8.0,
1.0,
0.0,
0.0,
0.0,
0.0,
0.0,
0.0,
0.0,
0.0,
0.0,
0.0,
0.0,
0.0,
10.0,
194.0,
255.0,
255.0,
253.0,
255.0,
239.0,
254.0,
255.0,
248.0,
48.0,
3.0,
0.0,
0.0,
9.0,
0.0,
0.0,
0.0,
0.0,
0.0,
0.0,
0.0,
0.0,
0.0,
0.0,
0.0,
0.0,
0.0,
0.0,
209.0,
249.0,
243.0,
255.0,
241.0,
249.0,
255.0,
240.0,
255.0,
162.0,
0.0,
8.0,
8.0,
0.0,
5.0,
0.0,
0.0,
0.0,
0.0,
0.0,
0.0,
0.0,
4.0,
4.0,
7.0,
4.0,
0.0,
0.0,
34.0,
138.0,
156.0,
158.0,
150.0,
255.0,
239.0,
243.0,
255.0,
114.0,
4.0,
2.0,
0.0,
0.0,
2.0,
0.0,
0.0,
0.0,
0.0,
0.0,
9.0,
4.0,
0.0,
235.0,
164.0,
80.0,
31.0,
13.0,
27.0,
0.0,
4.0,
0.0,
1.0,
68.0,
255.0,
252.0,
255.0,
88.0,
0.0,
0.0,
5.0,
6.0,
0.0,
0.0,
0.0,
0.0,
0.0,
3.0,
0.0,
0.0,
10.0,
253.0,
255.0,
250.0,
248.0,
255.0,
128.0,
30.0,
11.0,
12.0,
7.0,
6.0,
175.0,
253.0,
255.0,
225.0,
27.0,
15.0,
0.0,
0.0,
4.0,
0.0,
0.0,
0.0,
0.0,
0.0,
6.0,
0.0,
3.0,
75.0,
207.0,
255.0,
249.0,
251.0,
250.0,
220.0,
43.0,
0.0,
0.0,
70.0,
230.0,
242.0,
240.0,
254.0,
27.0,
11.0,
0.0,
0.0,
9.0,
0.0,
0.0,
0.0,
0.0,
8.0,
0.0,
0.0,
9.0,
1.0,
8.0,
115.0,
249.0,
255.0,
235.0,
253.0,
235.0,
122.0,
131.0,
185.0,
255.0,
255.0,
230.0,
87.0,
3.0,
0.0,
2.0,
12.0,
0.0,
0.0,
0.0,
0.0,
0.0,
0.0,
6.0,
0.0,
0.0,
0.0,
0.0,
0.0,
0.0,
172.0,
255.0,
252.0,
241.0,
235.0,
255.0,
244.0,
249.0,
198.0,
117.0,
1.0,
0.0,
6.0,
0.0,
1.0,
0.0,
0.0,
0.0,
0.0,
0.0,
2.0,
0.0,
0.0,
17.0,
0.0,
13.0,
6.0,
7.0,
9.0,
77.0,
157.0,
174.0,
192.0,
173.0,
171.0,
151.0,
28.0,
0.0,
7.0,
0.0,
13.0,
0.0,
0.0,
8.0,
0.0,
0.0,
0.0,
0.0,
0.0,
3.0,
0.0,
0.0,
0.0,
0.0,
0.0,
5.0,
0.0,
0.0,
12.0,
0.0,
0.0,
0.0,
0.0,
1.0,
0.0,
9.0,
1.0,
3.0,
0.0,
0.0,
15.0,
0.0,
0.0,
0.0,
0.0,
0.0,
0.0,
0.0,
0.0,
0.0,
0.0,
0.0,
0.0,
0.0,
0.0,
0.0,
0.0,
0.0,
0.0,
0.0,
0.0,
0.0,
0.0,
0.0,
0.0,
0.0,
0.0,
0.0,
0.0,
0.0,
0.0,
0.0,
0.0,
0.0,
0.0,
0.0,
0.0,
0.0,
0.0,
0.0,
0.0,
0.0,
0.0,
0.0,
0.0,
0.0,
0.0,
0.0,
0.0,
0.0,
0.0,
0.0,
0.0,
0.0,
0.0,
0.0,
0.0,
0.0,
0.0,
0.0,
0.0,
0.0,
0.0,
0.0,
0.0,
0.0,
0.0,
0.0,
0.0,
0.0,
0.0,
0.0,
0.0,
0.0,
0.0,
0.0,
0.0,
0.0,
0.0,
0.0,
0.0,
0.0,
0.0,
0.0,
0.0,
0.0,
0.0,
0.0,
0.0,
0.0,
0.0,
0.0,
0.0,
0.0,
0.0,
0.0,
0.0,
0.0,
0.0,
0.0,
0.0,
0.0,
0.0,
0.0,
0.0,
0.0,
0.0,
0.0,
0.0,
0.0,
0.0,
0.0,
0.0,
0.0,
0.0,
0.0,
0.0,
0.0,
