0.0,
0.0,
0.0,
0.0,
0.0,
0.0,
0.0,
0.0,
1.0,
6.0,
0.0,
0.0,
5.0,
8.0,
8.0,
0.0,
2.0,
0.0,
0.0,
0.0,
0.0,
0.0,
2.0,
2.0,
10.0,
0.0,
5.0,
0.0,
0.0,
0.0,
0.0,
0.0,
0.0,
0.0,
0.0,
0.0,
0.0,
0.0,
17.0,
8.0,
1.0,
0.0,
0.0,
0.0,
1.0,
3.0,
4.0,
3.0,
0.0,
0.0,
0.0,
0.0,
0.0,
0.0,
2.0,
3.0,
0.0,
0.0,
0.0,
0.0,
0.0,
0.0,
0.0,
0.0,
7.0,
0.0,
8.0,
0.0,
4.0,
6.0,
7.0,
7.0,
0.0,
0.0,
1.0,
2.0,
1.0,
0.0,
1.0,
3.0,
6.0,
3.0,
9.0,
0.0,
0.0,
0.0,
0.0,
0.0,
0.0,
0.0,
0.0,
0.0,
0.0,
0.0,
16.0,
0.0,
0.0,
0.0,
11.0,
0.0,
7.0,
6.0,
3.0,
1.0,
0.0,
0.0,
1.0,
3.0,
0.0,
0.0,
1.0,
0.0,
0.0,
0.0,
0.0,
0.0,
0.0,
0.0,
0.0,
0.0,
0.0,
5.0,
3.0,
4.0,
14.0,
0.0,
16.0,
0.0,
0.0,
0.0,
0.0,
0.0,
0.0,
1.0,
0.0,
0.0,
14.0,
9.0,
0.0,
0.0,
0.0,
0.0,
0.0,
0.0,
0.0,
0.0,
0.0,
0.0,
0.0,
3.0,
0.0,
0.0,
7.0,
0.0,
0.0,
9.0,
3.0,
3.0,
3.0,
5.0,
7.0,
5.0,
0.0,
0.0,
0.0,
0.0,
0.0,
3.0,
0.0,
0.0,
0.0,
0.0,
0.0,
0.0,
0.0,
0.0,
0.0,
9.0,
10.0,
0.0,
0.0,
21.0,
0.0,
16.0,
0.0,
0.0,
0.0,
0.0,
0.0,
0.0,
1.0,
7.0,
10.0,
5.0,
0.0,
7.0,
0.0,
0.0,
0.0,
0.0,
0.0,
0.0,
0.0,
0.0,
5.0,
0.0,
0.0,
0.0,
85.0,
202.0,
52.0,
15.0,
13.0,
26.0,
44.0,
59.0,
78.0,
109.0,
149.0,
178.0,
237.0,
141.0,
18.0,
0.0,
0.0,
9.0,
1.0,
2.0,
4.0,
0.0,
0.0,
9.0,
0.0,
0.0,
8.0,
52.0,
232.0,
255.0,
225.0,
222.0,
202.0,
247.0,
255.0,
248.0,
250.0,
255.0,
251.0,
249.0,
255.0,
213.0,
3.0,
16.0,
0.0,
0.0,
0.0,
0.0,
13.0,
10.0,
3.0,
1.0,
16.0,
0.0,
51.0,
219.0,
255.0,
255.0,
231.0,
255.0,
253.0,
239.0,
244.0,
255.0,
248.0,
218.0,
147.0,
68.0,
50.0,
39.0,
0.0,
0.0,
3.0,
5.0,
2.0,
0.0,
0.0,
0.0,
0.0,
0.0,
0.0,
21.0,
113.0,
254.0,
197.0,
208.0,
176.0,
164.0,
104.0,
87.0,
100.0,
80.0,
10.0,
0.0,
7.0,
3.0,
0.0,
0.0,
9.0,
1.0,
0.0,
0.0,
10.0,
3.0,
0.0,
3.0,
2.0,
7.0,
21.0,
185.0,
244.0,
144.0,
0.0,
0.0,
2.0,
8.0,
6.0,
0.0,
0.0,
8.0,
1.0,
4.0,
4.0,
0.0,
16.0,
0.0,
18.0,
0.0,
1.0,
0.0,
0.0,
1.0,
9.0,
7.0,
0.0,
0.0,
131.0,
240.0,
255.0,
188.0,
167.0,
150.0,
116.0,
24.0,
0.0,
7.0,
4.0,
0.0,
0.0,
0.0,
4.0,
14.0,
0.0,
0.0,
0.0,
0.0,
10.0,
0.0,
1.0,
0.0,
0.0,
0.0,
0.0,
78.0,
216.0,
244.0,
255.0,
255.0,
244.0,
253.0,
245.0,
138.0,
0.0,
8.0,
3.0,
0.0,
9.0,
4.0,
0.0,
0.0,
3.0,
9.0,
0.0,
11.0,
2.0,
0.0,
11.0,
0.0,
1.0,
2.0,
61.0,
228.0,
255.0,
247.0,
255.0,
243.0,
186.0,
202.0,
255.0,
221.0,
16.0,
0.0,
0.0,
0.0,
0.0,
0.0,
2.0,
6.0,
0.0,
5.0,
0.0,
0.0,
1.0,
0.0,
4.0,
0.0,
5.0,
0.0,
50.0,
241.0,
227.0,
145.0,
84.0,
20.0,
0.0,
38.0,
221.0,
255.0,
85.0,
15.0,
0.0,
5.0,
0.0,
0.0,
8.0,
0.0,
0.0,
0.0,
5.0,
0.0,
0.0,
2.0,
0.0,
1.0,
9.0,
0.0,
0.0,
35.0,
30.0,
4.0,
0.0,
2.0,
3.0,
0.0,
90.0,
255.0,
214.0,
0.0,
0.0,
0.0,
1.0,
3.0,
0.0,
1.0,
0.0,
0.0,
0.0,
0.0,
3.0,
0.0,
0.0,
0.0,
4.0,
0.0,
6.0,
0.0,
0.0,
0.0,
1.0,
8.0,
0.0,
0.0,
43.0,
222.0,
247.0,
62.0,
9.0,
3.0,
0.0,
0.0,
0.0,
0.0,
0.0,
0.0,
0.0,
0.0,
0.0,
1.0,
4.0,
0.0,
0.0,
3.0,
8.0,
4.0,
11.0,
5.0,
0.0,
0.0,
0.0,
0.0,
33.0,
226.0,
250.0,
86.0,
0.0,
6.0,
0.0,
0.0,
0.0,
4.0,
0.0,
0.0,
0.0,
0.0,
0.0,
0.0,
7.0,
2.0,
0.0,
12.0,
0.0,
9.0,
0.0,
0.0,
0.0,
4.0,
9.0,
4.0,
27.0,
229.0,
239.0,
52.0,
0.0,
1.0,
1.0,
2.0,
1.0,
4.0,
0.0,
0.0,
0.0,
0.0,
7.0,
0.0,
0.0,
0.0,
0.0,
3.0,
22.0,
0.0,
0.0,
0.0,
7.0,
7.0,
0.0,
0.0,
51.0,
255.0,
240.0,
17.0,
0.0,
0.0,
2.0,
4.0,
1.0,
0.0,
0.0,
0.0,
0.0,
0.0,
4.0,
0.0,
4.0,
0.0,
1.0,
3.0,
187.0,
116.0,
11.0,
1.0,
1.0,
0.0,
0.0,
11.0,
100.0,
237.0,
195.0,
0.0,
11.0,
0.0,
0.0,
2.0,
0.0,
0.0,
0.0,
0.0,
0.0,
0.0,
0.0,
0.0,
12.0,
0.0,
0.0,
7.0,
217.0,
247.0,
210.0,
153.0,
101.0,
60.0,
83.0,
131.0,
242.0,
255.0,
88.0,
0.0,
7.0,
0.0,
0.0,
4.0,
0.0,
3.0,
0.0,
0.0,
0.0,
0.0,
1.0,
3.0,
1.0,
0.0,
0.0,
0.0,
74.0,
233.0,
254.0,
249.0,
255.0,
251.0,
255.0,
245.0,
255.0,
162.0,
0.0,
1.0,
5.0,
0.0,
3.0,
8.0,
0.0,
5.0,
0.0,
0.0,
0.0,
0.0,
0.0,
0.0,
1.0,
0.0,
0.0,
2.0,
9.0,
15.0,
142.0,
206.0,
247.0,
237.0,
223.0,
197.0,
107.0,
4.0,
0.0,
0.0,
0.0,
0.0,
0.0,
0.0,
0.0,
0.0,
0.0,
0.0,
0.0,
0.0,
0.0,
1.0,
1.0,
0.0,
0.0,
0.0,
4.0,
8.0,
0.0,
1.0,
0.0,
0.0,
0.0,
7.0,
4.0,
0.0,
0.0,
0.0,
0.0,
0.0,
0.0,
0.0,
0.0,
0.0,
0.0,
0.0,
0.0,
0.0,
0.0,
0.0,
0.0,
0.0,
0.0,
0.0,
0.0,
0.0,
0.0,
0.0,
0.0,
4.0,
2.0,
0.0,
0.0,
6.0,
0.0,
0.0,
0.0,
0.0,
0.0,
0.0,
0.0,
0.0,
0.0,
0.0,
0.0,
0.0,
0.0,
0.0,
0.0,
0.0,
0.0,
0.0,
0.0,
0.0,
0.0,
3.0,
9.0,
5.0,
1.0,
0.0,
0.0,
0.0,
0.0,
0.0,
0.0,
0.0,
0.0,
0.0,
0.0,
0.0,
0.0,
0.0,
0.0,
0.0,
