0.0,
9.0,
2.0,
0.0,
1.0,
0.0,
0.0,
0.0,
1.0,
0.0,
0.0,
0.0,
3.0,
7.0,
0.0,
1.0,
6.0,
0.0,
2.0,
0.0,
0.0,
0.0,
11.0,
0.0,
0.0,
0.0,
0.0,
0.0,
0.0,
0.0,
0.0,
2.0,
7.0,
4.0,
3.0,
0.0,
3.0,
5.0,
12.0,
0.0,
0.0,
0.0,
0.0,
0.0,
0.0,
10.0,
8.0,
0.0,
0.0,
0.0,
0.0,
2.0,
0.0,
0.0,
0.0,
0.0,
4.0,
0.0,
0.0,
2.0,
0.0,
0.0,
2.0,
0.0,
0.0,
0.0,
6.0,
4.0,
11.0,
0.0,
0.0,
0.0,
4.0,
1.0,
0.0,
0.0,
0.0,
10.0,
9.0,
0.0,
0.0,
0.0,
0.0,
0.0,
1.0,
0.0,
10.0,
1.0,
0.0,
0.0,
5.0,
3.0,
8.0,
8.0,
0.0,
0.0,
0.0,
3.0,
8.0,
2.0,
0.0,
0.0,
8.0,
2.0,
14.0,
0.0,
0.0,
0.0,
0.0,
0.0,
0.0,
0.0,
0.0,
0.0,
12.0,
0.0,
0.0,
15.0,
5.0,
0.0,
0.0,
0.0,
32.0,
192.0,
253.0,
255.0,
239.0,
255.0,
182.0,
0.0,
0.0,
4.0,
0.0,
17.0,
108.0,
0.0,
0.0,
0.0,
0.0,
0.0,
3.0,
0.0,
5.0,
0.0,
5.0,
14.0,
0.0,
0.0,
7.0,
112.0,
189.0,
255.0,
255.0,
246.0,
251.0,
255.0,
58.0,
3.0,
11.0,
0.0,
16.0,
0.0,
9.0,
4.0,
0.0,
0.0,
0.0,
0.0,
7.0,
0.0,
1.0,
0.0,
5.0,
0.0,
0.0,
63.0,
76.0,
207.0,
250.0,
237.0,
249.0,
255.0,
208.0,
53.0,
0.0,
4.0,
0.0,
0.0,
16.0,
0.0,
0.0,
3.0,
0.0,
0.0,
0.0,
0.0,
0.0,
0.0,
4.0,
0.0,
6.0,
0.0,
18.0,
163.0,
255.0,
251.0,
251.0,
255.0,
255.0,
129.0,
73.0,
0.0,
0.0,
10.0,
0.0,
5.0,
0.0,
11.0,
1.0,
2.0,
0.0,
0.0,
0.0,
0.0,
0.0,
0.0,
0.0,
0.0,
18.0,
0.0,
20.0,
202.0,
255.0,
247.0,
255.0,
255.0,
250.0,
141.0,
90.0,
11.0,
0.0,
5.0,
0.0,
0.0,
1.0,
12.0,
0.0,
9.0,
0.0,
0.0,
0.0,
0.0,
3.0,
2.0,
2.0,
0.0,
3.0,
0.0,
35.0,
199.0,
252.0,
254.0,
255.0,
246.0,
255.0,
242.0,
245.0,
218.0,
110.0,
9.0,
0.0,
15.0,
1.0,
0.0,
7.0,
0.0,
0.0,
0.0,
0.0,
0.0,
0.0,
0.0,
8.0,
0.0,
1.0,
0.0,
12.0,
108.0,
175.0,
218.0,
251.0,
244.0,
255.0,
255.0,
247.0,
251.0,
254.0,
252.0,
78.0,
36.0,
0.0,
0.0,
0.0,
1.0,
0.0,
0.0,
0.0,
0.0,
3.0,
0.0,
4.0,
1.0,
5.0,
3.0,
0.0,
5.0,
0.0,
65.0,
88.0,
78.0,
146.0,
255.0,
255.0,
241.0,
255.0,
255.0,
255.0,
194.0,
0.0,
2.0,
12.0,
0.0,
0.0,
0.0,
0.0,
0.0,
8.0,
0.0,
0.0,
0.0,
0.0,
9.0,
0.0,
0.0,
2.0,
0.0,
0.0,
12.0,
0.0,
0.0,
4.0,
119.0,
185.0,
252.0,
252.0,
252.0,
205.0,
31.0,
2.0,
5.0,
0.0,
0.0,
0.0,
0.0,
0.0,
0.0,
5.0,
4.0,
0.0,
2.0,
8.0,
2.0,
0.0,
6.0,
0.0,
0.0,
0.0,
9.0,
0.0,
8.0,
44.0,
216.0,
234.0,
255.0,
254.0,
71.0,
0.0,
0.0,
0.0,
0.0,
0.0,
0.0,
0.0,
0.0,
6.0,
11.0,
1.0,
0.0,
0.0,
0.0,
0.0,
6.0,
0.0,
12.0,
6.0,
0.0,
0.0,
1.0,
0.0,
82.0,
214.0,
255.0,
248.0,
255.0,
66.0,
0.0,
0.0,
0.0,
0.0,
0.0,
4.0,
0.0,
0.0,
0.0,
1.0,
0.0,
1.0,
3.0,
0.0,
4.0,
0.0,
3.0,
0.0,
0.0,
12.0,
0.0,
4.0,
4.0,
91.0,
244.0,
255.0,
243.0,
171.0,
4.0,
0.0,
0.0,
0.0,
0.0,
10.0,
0.0,
0.0,
13.0,
0.0,
2.0,
12.0,
0.0,
0.0,
13.0,
0.0,
11.0,
0.0,
0.0,
0.0,
10.0,
0.0,
12.0,
74.0,
255.0,
255.0,
255.0,
158.0,
0.0,
0.0,
0.0,
0.0,
0.0,
0.0,
0.0,
5.0,
0.0,
1.0,
1.0,
4.0,
0.0,
5.0,
0.0,
2.0,
0.0,
14.0,
2.0,
17.0,
0.0,
1.0,
0.0,
81.0,
255.0,
255.0,
226.0,
171.0,
12.0,
0.0,
0.0,
0.0,
0.0,
0.0,
2.0,
4.0,
0.0,
15.0,
0.0,
0.0,
5.0,
0.0,
0.0,
6.0,
7.0,
0.0,
0.0,
1.0,
0.0,
1.0,
73.0,
250.0,
231.0,
255.0,
255.0,
173.0,
0.0,
0.0,
0.0,
0.0,
0.0,
6.0,
2.0,
0.0,
1.0,
6.0,
0.0,
0.0,
6.0,
6.0,
0.0,
0.0,
0.0,
4.0,
11.0,
0.0,
11.0,
168.0,
209.0,
255.0,
255.0,
251.0,
254.0,
47.0,
0.0,
0.0,
0.0,
0.0,
0.0,
0.0,
2.0,
0.0,
10.0,
0.0,
66.0,
92.0,
88.0,
72.0,
86.0,
98.0,
27.0,
73.0,
75.0,
149.0,
239.0,
255.0,
255.0,
253.0,
242.0,
234.0,
61.0,
0.0,
11.0,
0.0,
0.0,
0.0,
0.0,
0.0,
9.0,
0.0,
4.0,
0.0,
158.0,
241.0,
252.0,
255.0,
255.0,
249.0,
187.0,
254.0,
255.0,
252.0,
255.0,
246.0,
255.0,
238.0,
148.0,
56.0,
5.0,
5.0,
0.0,
0.0,
0.0,
0.0,
0.0,
0.0,
11.0,
0.0,
1.0,
1.0,
123.0,
207.0,
255.0,
246.0,
242.0,
255.0,
249.0,
253.0,
255.0,
236.0,
253.0,
239.0,
145.0,
133.0,
0.0,
0.0,
2.0,
7.0,
0.0,
0.0,
0.0,
0.0,
0.0,
0.0,
4.0,
0.0,
11.0,
0.0,
0.0,
19.0,
88.0,
87.0,
90.0,
246.0,
255.0,
243.0,
130.0,
93.0,
82.0,
51.0,
18.0,
0.0,
7.0,
0.0,
5.0,
0.0,
16.0,
0.0,
0.0,
0.0,
0.0,
0.0,
0.0,
0.0,
0.0,
0.0,
0.0,
0.0,
0.0,
0.0,
0.0,
0.0,
0.0,
0.0,
0.0,
0.0,
0.0,
0.0,
0.0,
0.0,
0.0,
0.0,
0.0,
0.0,
0.0,
0.0,
0.0,
0.0,
0.0,
0.0,
0.0,
0.0,
0.0,
0.0,
0.0,
0.0,
0.0,
0.0,
0.0,
0.0,
0.0,
0.0,
0.0,
0.0,
0.0,
0.0,
0.0,
0.0,
0.0,
0.0,
0.0,
0.0,
0.0,
0.0,
0.0,
0.0,
0.0,
0.0,
0.0,
0.0,
0.0,
0.0,
0.0,
0.0,
0.0,
0.0,
0.0,
0.0,
0.0,
0.0,
0.0,
0.0,
0.0,
0.0,
0.0,
0.0,
0.0,
0.0,
0.0,
0.0,
0.0,
0.0,
0.0,
0.0,
0.0,
0.0,
0.0,
0.0,
0.0,
0.0,
0.0,
0.0,
0.0,
0.0,
0.0,
0.0,
0.0,
0.0,
0.0,
0.0,
0.0,
0.0,
0.0,
0.0,
0.0,
0.0,
0.0,
0.0,
0.0,
0.0,
0.0,
0.0,
0.0,
