0.0,
0.0,
0.0,
0.0,
0.0,
0.0,
0.0,
0.0,
5.0,
3.0,
0.0,
0.0,
8.0,
0.0,
8.0,
0.0,
0.0,
4.0,
0.0,
0.0,
17.0,
8.0,
0.0,
10.0,
0.0,
0.0,
0.0,
0.0,
0.0,
0.0,
0.0,
0.0,
0.0,
0.0,
0.0,
0.0,
0.0,
0.0,
5.0,
5.0,
2.0,
2.0,
0.0,
6.0,
1.0,
9.0,
6.0,
0.0,
0.0,
0.0,
13.0,
0.0,
0.0,
0.0,
0.0,
0.0,
0.0,
0.0,
0.0,
0.0,
0.0,
0.0,
0.0,
0.0,
3.0,
0.0,
0.0,
2.0,
0.0,
14.0,
0.0,
8.0,
5.0,
0.0,
0.0,
11.0,
0.0,
0.0,
5.0,
0.0,
0.0,
0.0,
0.0,
0.0,
0.0,
0.0,
0.0,
0.0,
0.0,
0.0,
0.0,
0.0,
7.0,
3.0,
0.0,
0.0,
0.0,
9.0,
0.0,
3.0,
0.0,
3.0,
14.0,
0.0,
0.0,
15.0,
0.0,
6.0,
0.0,
0.0,
0.0,
0.0,
0.0,
0.0,
0.0,
0.0,
0.0,
0.0,
0.0,
0.0,
0.0,
7.0,
6.0,
11.0,
8.0,
0.0,
20.0,
0.0,
13.0,
7.0,
0.0,
0.0,
2.0,
0.0,
0.0,
0.0,
0.0,
0.0,
0.0,
0.0,
0.0,
0.0,
0.0,
0.0,
0.0,
0.0,
0.0,
0.0,
0.0,
11.0,
0.0,
0.0,
0.0,
63.0,
234.0,
253.0,
163.0,
140.0,
80.0,
165.0,
164.0,
133.0,
172.0,
23.0,
0.0,
0.0,
0.0,
0.0,
0.0,
0.0,
0.0,
0.0,
0.0,
0.0,
0.0,
0.0,
0.0,
0.0,
1.0,
5.0,
5.0,
107.0,
255.0,
255.0,
248.0,
255.0,
233.0,
255.0,
248.0,
255.0,
255.0,
14.0,
0.0,
0.0,
0.0,
0.0,
0.0,
0.0,
0.0,
0.0,
0.0,
0.0,
0.0,
0.0,
11.0,
0.0,
0.0,
8.0,
0.0,
140.0,
255.0,
243.0,
255.0,
251.0,
252.0,
255.0,
209.0,
152.0,
97.0,
9.0,
0.0,
0.0,
0.0,
0.0,
0.0,
0.0,
0.0,
0.0,
0.0,
0.0,
0.0,
0.0,
2.0,
2.0,
0.0,
0.0,
48.0,
225.0,
251.0,
111.0,
59.0,
45.0,
41.0,
34.0,
10.0,
0.0,
0.0,
4.0,
0.0,
0.0,
0.0,
0.0,
0.0,
0.0,
0.0,
0.0,
0.0,
0.0,
0.0,
0.0,
0.0,
0.0,
22.0,
4.0,
152.0,
255.0,
115.0,
0.0,
0.0,
0.0,
0.0,
0.0,
0.0,
0.0,
0.0,
0.0,
0.0,
0.0,
0.0,
0.0,
0.0,
0.0,
0.0,
0.0,
0.0,
0.0,
0.0,
0.0,
0.0,
0.0,
0.0,
68.0,
255.0,
213.0,
40.0,
11.0,
0.0,
1.0,
0.0,
0.0,
4.0,
7.0,
2.0,
2.0,
0.0,
0.0,
0.0,
0.0,
0.0,
0.0,
0.0,
0.0,
0.0,
0.0,
0.0,
0.0,
0.0,
10.0,
21.0,
183.0,
255.0,
95.0,
0.0,
0.0,
0.0,
11.0,
4.0,
0.0,
1.0,
2.0,
0.0,
0.0,
0.0,
0.0,
0.0,
0.0,
0.0,
0.0,
0.0,
0.0,
0.0,
0.0,
0.0,
0.0,
0.0,
4.0,
88.0,
246.0,
214.0,
117.0,
28.0,
11.0,
0.0,
0.0,
0.0,
0.0,
1.0,
0.0,
0.0,
4.0,
0.0,
0.0,
0.0,
0.0,
0.0,
0.0,
0.0,
0.0,
0.0,
0.0,
0.0,
0.0,
0.0,
2.0,
76.0,
255.0,
251.0,
254.0,
242.0,
169.0,
48.0,
4.0,
0.0,
4.0,
6.0,
0.0,
3.0,
5.0,
0.0,
0.0,
0.0,
0.0,
0.0,
0.0,
0.0,
0.0,
0.0,
0.0,
0.0,
0.0,
0.0,
9.0,
30.0,
198.0,
233.0,
252.0,
255.0,
250.0,
158.0,
43.0,
0.0,
1.0,
0.0,
0.0,
0.0,
0.0,
0.0,
0.0,
0.0,
0.0,
0.0,
0.0,
0.0,
0.0,
0.0,
0.0,
0.0,
0.0,
9.0,
0.0,
0.0,
0.0,
51.0,
119.0,
123.0,
234.0,
255.0,
99.0,
1.0,
7.0,
1.0,
0.0,
7.0,
0.0,
0.0,
0.0,
0.0,
0.0,
4.0,
0.0,
0.0,
7.0,
0.0,
0.0,
1.0,
6.0,
0.0,
0.0,
0.0,
4.0,
9.0,
0.0,
0.0,
46.0,
251.0,
207.0,
0.0,
0.0,
0.0,
0.0,
0.0,
1.0,
0.0,
0.0,
0.0,
0.0,
0.0,
5.0,
0.0,
0.0,
6.0,
16.0,
9.0,
0.0,
0.0,
15.0,
1.0,
0.0,
0.0,
0.0,
4.0,
5.0,
223.0,
246.0,
10.0,
4.0,
3.0,
0.0,
0.0,
0.0,
0.0,
0.0,
0.0,
0.0,
0.0,
7.0,
0.0,
0.0,
0.0,
0.0,
3.0,
57.0,
14.0,
0.0,
13.0,
1.0,
5.0,
9.0,
0.0,
11.0,
197.0,
255.0,
11.0,
2.0,
6.0,
0.0,
5.0,
0.0,
0.0,
0.0,
0.0,
0.0,
0.0,
1.0,
0.0,
1.0,
6.0,
0.0,
59.0,
208.0,
4.0,
6.0,
0.0,
2.0,
7.0,
5.0,
15.0,
18.0,
227.0,
246.0,
5.0,
2.0,
3.0,
0.0,
4.0,
2.0,
0.0,
0.0,
0.0,
0.0,
0.0,
6.0,
3.0,
0.0,
4.0,
13.0,
90.0,
255.0,
133.0,
10.0,
0.0,
0.0,
0.0,
0.0,
52.0,
217.0,
255.0,
191.0,
5.0,
7.0,
0.0,
1.0,
0.0,
0.0,
0.0,
0.0,
0.0,
0.0,
8.0,
2.0,
3.0,
0.0,
0.0,
0.0,
62.0,
245.0,
251.0,
139.0,
12.0,
16.0,
59.0,
112.0,
213.0,
252.0,
238.0,
99.0,
0.0,
3.0,
0.0,
4.0,
0.0,
0.0,
0.0,
0.0,
0.0,
0.0,
8.0,
0.0,
1.0,
6.0,
7.0,
0.0,
35.0,
193.0,
255.0,
240.0,
232.0,
241.0,
235.0,
239.0,
255.0,
255.0,
115.0,
16.0,
0.0,
0.0,
0.0,
0.0,
4.0,
1.0,
0.0,
0.0,
0.0,
0.0,
3.0,
0.0,
6.0,
0.0,
8.0,
6.0,
0.0,
36.0,
195.0,
255.0,
255.0,
255.0,
254.0,
255.0,
239.0,
100.0,
18.0,
0.0,
7.0,
0.0,
4.0,
0.0,
6.0,
0.0,
0.0,
0.0,
0.0,
0.0,
0.0,
0.0,
0.0,
0.0,
0.0,
0.0,
0.0,
0.0,
27.0,
128.0,
180.0,
219.0,
206.0,
96.0,
12.0,
0.0,
0.0,
0.0,
0.0,
0.0,
0.0,
0.0,
0.0,
0.0,
0.0,
0.0,
0.0,
0.0,
0.0,
0.0,
0.0,
0.0,
0.0,
0.0,
0.0,
0.0,
0.0,
14.0,
0.0,
3.0,
20.0,
0.0,
0.0,
9.0,
0.0,
0.0,
0.0,
0.0,
0.0,
0.0,
0.0,
0.0,
0.0,
0.0,
0.0,
0.0,
0.0,
0.0,
0.0,
0.0,
0.0,
0.0,
0.0,
0.0,
9.0,
8.0,
0.0,
0.0,
6.0,
0.0,
0.0,
4.0,
0.0,
0.0,
0.0,
0.0,
0.0,
0.0,
0.0,
0.0,
0.0,
0.0,
0.0,
0.0,
0.0,
0.0,
0.0,
0.0,
0.0,
0.0,
0.0,
0.0,
0.0,
0.0,
0.0,
8.0,
4.0,
0.0,
0.0,
0.0,
0.0,
0.0,
0.0,
0.0,
0.0,
0.0,
0.0,
0.0,
0.0,
0.0,
0.0,
0.0,
