0.0,
0.0,
0.0,
0.0,
0.0,
0.0,
0.0,
0.0,
2.0,
0.0,
0.0,
0.0,
9.0,
1.0,
0.0,
0.0,
4.0,
0.0,
5.0,
0.0,
5.0,
0.0,
4.0,
0.0,
0.0,
0.0,
1.0,
5.0,
0.0,
0.0,
0.0,
0.0,
0.0,
0.0,
0.0,
0.0,
0.0,
8.0,
8.0,
2.0,
0.0,
0.0,
0.0,
9.0,
0.0,
3.0,
5.0,
1.0,
0.0,
6.0,
3.0,
0.0,
7.0,
5.0,
6.0,
0.0,
0.0,
0.0,
0.0,
0.0,
0.0,
0.0,
0.0,
0.0,
6.0,
3.0,
0.0,
0.0,
0.0,
6.0,
1.0,
0.0,
10.0,
4.0,
0.0,
10.0,
0.0,
0.0,
0.0,
7.0,
0.0,
0.0,
4.0,
3.0,
0.0,
0.0,
0.0,
0.0,
0.0,
0.0,
0.0,
0.0,
0.0,
0.0,
6.0,
8.0,
0.0,
0.0,
3.0,
5.0,
0.0,
11.0,
5.0,
0.0,
0.0,
14.0,
4.0,
0.0,
6.0,
0.0,
0.0,
6.0,
0.0,
0.0,
0.0,
0.0,
0.0,
0.0,
0.0,
0.0,
7.0,
0.0,
0.0,
11.0,
6.0,
1.0,
2.0,
0.0,
7.0,
0.0,
0.0,
0.0,
16.0,
67.0,
179.0,
255.0,
57.0,
16.0,
0.0,
2.0,
0.0,
0.0,
0.0,
0.0,
0.0,
0.0,
0.0,
0.0,
14.0,
0.0,
0.0,
0.0,
0.0,
0.0,
8.0,
3.0,
6.0,
0.0,
59.0,
144.0,
240.0,
252.0,
255.0,
249.0,
52.0,
11.0,
0.0,
3.0,
0.0,
0.0,
0.0,
0.0,
0.0,
0.0,
0.0,
0.0,
0.0,
0.0,
17.0,
5.0,
0.0,
34.0,
105.0,
129.0,
179.0,
249.0,
255.0,
241.0,
246.0,
255.0,
232.0,
142.0,
10.0,
0.0,
0.0,
5.0,
0.0,
0.0,
0.0,
0.0,
0.0,
0.0,
0.0,
0.0,
12.0,
0.0,
0.0,
2.0,
62.0,
185.0,
255.0,
251.0,
255.0,
255.0,
247.0,
255.0,
255.0,
254.0,
128.0,
4.0,
0.0,
0.0,
3.0,
0.0,
0.0,
0.0,
0.0,
0.0,
0.0,
0.0,
0.0,
0.0,
9.0,
0.0,
8.0,
0.0,
126.0,
255.0,
255.0,
251.0,
251.0,
255.0,
255.0,
255.0,
121.0,
0.0,
6.0,
0.0,
0.0,
0.0,
0.0,
0.0,
0.0,
0.0,
0.0,
0.0,
0.0,
0.0,
0.0,
0.0,
0.0,
19.0,
0.0,
0.0,
122.0,
236.0,
255.0,
255.0,
197.0,
6.0,
0.0,
20.0,
0.0,
0.0,
0.0,
0.0,
0.0,
0.0,
0.0,
0.0,
0.0,
0.0,
0.0,
0.0,
0.0,
0.0,
0.0,
0.0,
0.0,
0.0,
2.0,
5.0,
142.0,
255.0,
250.0,
126.0,
0.0,
2.0,
14.0,
0.0,
1.0,
15.0,
0.0,
9.0,
0.0,
0.0,
0.0,
0.0,
0.0,
0.0,
0.0,
0.0,
0.0,
0.0,
0.0,
0.0,
7.0,
1.0,
3.0,
0.0,
244.0,
255.0,
180.0,
0.0,
0.0,
0.0,
0.0,
0.0,
0.0,
2.0,
18.0,
0.0,
0.0,
0.0,
0.0,
0.0,
0.0,
0.0,
0.0,
0.0,
0.0,
0.0,
0.0,
0.0,
0.0,
1.0,
0.0,
255.0,
255.0,
240.0,
75.0,
11.0,
0.0,
2.0,
7.0,
13.0,
0.0,
0.0,
8.0,
5.0,
0.0,
0.0,
0.0,
0.0,
0.0,
0.0,
0.0,
0.0,
0.0,
0.0,
0.0,
0.0,
0.0,
14.0,
73.0,
243.0,
255.0,
255.0,
0.0,
0.0,
122.0,
140.0,
118.0,
0.0,
0.0,
23.0,
0.0,
3.0,
0.0,
0.0,
0.0,
0.0,
0.0,
0.0,
0.0,
0.0,
0.0,
0.0,
0.0,
0.0,
0.0,
0.0,
162.0,
255.0,
242.0,
254.0,
130.0,
255.0,
255.0,
240.0,
255.0,
130.0,
0.0,
7.0,
0.0,
0.0,
0.0,
0.0,
0.0,
0.0,
0.0,
0.0,
0.0,
0.0,
0.0,
0.0,
0.0,
0.0,
0.0,
148.0,
255.0,
247.0,
255.0,
253.0,
255.0,
247.0,
244.0,
255.0,
246.0,
121.0,
12.0,
0.0,
0.0,
5.0,
0.0,
0.0,
0.0,
0.0,
6.0,
0.0,
1.0,
11.0,
0.0,
6.0,
0.0,
3.0,
0.0,
116.0,
255.0,
255.0,
244.0,
255.0,
240.0,
255.0,
255.0,
255.0,
252.0,
6.0,
0.0,
1.0,
2.0,
0.0,
0.0,
0.0,
0.0,
0.0,
0.0,
2.0,
3.0,
0.0,
11.0,
0.0,
19.0,
0.0,
9.0,
62.0,
244.0,
255.0,
192.0,
123.0,
62.0,
132.0,
251.0,
255.0,
203.0,
4.0,
1.0,
11.0,
0.0,
9.0,
0.0,
0.0,
0.0,
0.0,
0.0,
5.0,
11.0,
0.0,
0.0,
0.0,
49.0,
133.0,
0.0,
6.0,
0.0,
75.0,
1.0,
0.0,
25.0,
176.0,
255.0,
245.0,
120.0,
0.0,
0.0,
20.0,
0.0,
0.0,
0.0,
0.0,
0.0,
0.0,
19.0,
0.0,
1.0,
9.0,
0.0,
79.0,
248.0,
255.0,
0.0,
1.0,
27.0,
0.0,
0.0,
0.0,
252.0,
254.0,
254.0,
213.0,
0.0,
0.0,
18.0,
0.0,
13.0,
0.0,
0.0,
0.0,
0.0,
0.0,
2.0,
0.0,
0.0,
1.0,
7.0,
240.0,
255.0,
242.0,
0.0,
6.0,
0.0,
0.0,
25.0,
131.0,
236.0,
255.0,
246.0,
0.0,
6.0,
23.0,
0.0,
1.0,
3.0,
2.0,
0.0,
0.0,
0.0,
0.0,
0.0,
14.0,
0.0,
0.0,
9.0,
193.0,
247.0,
255.0,
255.0,
198.0,
120.0,
135.0,
233.0,
247.0,
255.0,
246.0,
73.0,
7.0,
0.0,
0.0,
23.0,
0.0,
0.0,
5.0,
0.0,
0.0,
0.0,
0.0,
15.0,
0.0,
0.0,
0.0,
7.0,
0.0,
255.0,
255.0,
255.0,
240.0,
255.0,
255.0,
255.0,
255.0,
255.0,
70.0,
0.0,
10.0,
3.0,
0.0,
9.0,
2.0,
2.0,
0.0,
0.0,
0.0,
0.0,
0.0,
0.0,
2.0,
15.0,
0.0,
6.0,
12.0,
0.0,
133.0,
251.0,
255.0,
246.0,
253.0,
246.0,
255.0,
58.0,
0.0,
10.0,
0.0,
0.0,
9.0,
0.0,
0.0,
3.0,
1.0,
0.0,
0.0,
0.0,
0.0,
0.0,
0.0,
0.0,
0.0,
0.0,
0.0,
0.0,
0.0,
0.0,
0.0,
0.0,
0.0,
0.0,
0.0,
0.0,
0.0,
0.0,
0.0,
0.0,
0.0,
0.0,
0.0,
0.0,
0.0,
0.0,
0.0,
0.0,
0.0,
0.0,
0.0,
0.0,
0.0,
0.0,
0.0,
0.0,
0.0,
0.0,
0.0,
0.0,
0.0,
0.0,
0.0,
0.0,
0.0,
0.0,
0.0,
0.0,
0.0,
0.0,
0.0,
0.0,
0.0,
0.0,
0.0,
0.0,
0.0,
0.0,
0.0,
0.0,
0.0,
0.0,
0.0,
0.0,
0.0,
0.0,
0.0,
0.0,
0.0,
0.0,
0.0,
0.0,
0.0,
0.0,
0.0,
0.0,
0.0,
0.0,
0.0,
0.0,
0.0,
0.0,
0.0,
0.0,
0.0,
0.0,
0.0,
0.0,
0.0,
0.0,
0.0,
0.0,
0.0,
0.0,
0.0,
0.0,
0.0,
0.0,
0.0,
0.0,
0.0,
0.0,
0.0,
0.0,
0.0,
0.0,
0.0,
0.0,
0.0,
0.0,
0.0,
0.0,
0.0,
