0.0,
8.0,
7.0,
1.0,
3.0,
3.0,
0.0,
4.0,
1.0,
1.0,
0.0,
1.0,
7.0,
0.0,
0.0,
6.0,
4.0,
0.0,
9.0,
0.0,
3.0,
0.0,
8.0,
0.0,
0.0,
0.0,
0.0,
0.0,
4.0,
2.0,
0.0,
0.0,
2.0,
0.0,
0.0,
0.0,
0.0,
0.0,
0.0,
0.0,
0.0,
10.0,
3.0,
0.0,
0.0,
1.0,
1.0,
0.0,
0.0,
1.0,
1.0,
0.0,
8.0,
12.0,
6.0,
0.0,
0.0,
0.0,
0.0,
3.0,
15.0,
8.0,
0.0,
8.0,
0.0,
4.0,
8.0,
6.0,
0.0,
0.0,
0.0,
3.0,
2.0,
3.0,
0.0,
16.0,
7.0,
7.0,
0.0,
6.0,
0.0,
0.0,
0.0,
0.0,
0.0,
3.0,
0.0,
0.0,
2.0,
0.0,
0.0,
0.0,
0.0,
0.0,
0.0,
0.0,
2.0,
7.0,
7.0,
0.0,
0.0,
17.0,
0.0,
0.0,
0.0,
15.0,
8.0,
0.0,
14.0,
5.0,
3.0,
3.0,
3.0,
7.0,
0.0,
0.0,
0.0,
5.0,
4.0,
6.0,
15.0,
0.0,
0.0,
5.0,
0.0,
0.0,
0.0,
7.0,
0.0,
0.0,
6.0,
9.0,
12.0,
0.0,
0.0,
6.0,
0.0,
0.0,
8.0,
14.0,
0.0,
3.0,
0.0,
0.0,
9.0,
8.0,
0.0,
0.0,
0.0,
0.0,
6.0,
0.0,
23.0,
113.0,
147.0,
102.0,
123.0,
130.0,
215.0,
255.0,
255.0,
157.0,
122.0,
117.0,
14.0,
0.0,
0.0,
6.0,
4.0,
3.0,
2.0,
3.0,
0.0,
0.0,
1.0,
44.0,
91.0,
0.0,
0.0,
92.0,
192.0,
244.0,
255.0,
251.0,
255.0,
242.0,
255.0,
255.0,
245.0,
255.0,
255.0,
243.0,
94.0,
31.0,
0.0,
0.0,
0.0,
0.0,
0.0,
5.0,
0.0,
6.0,
99.0,
218.0,
249.0,
225.0,
208.0,
195.0,
207.0,
252.0,
242.0,
169.0,
149.0,
57.0,
59.0,
159.0,
163.0,
160.0,
155.0,
156.0,
18.0,
0.0,
0.0,
11.0,
0.0,
3.0,
0.0,
0.0,
2.0,
108.0,
253.0,
253.0,
180.0,
174.0,
202.0,
202.0,
49.0,
42.0,
46.0,
0.0,
10.0,
0.0,
3.0,
5.0,
0.0,
2.0,
4.0,
1.0,
0.0,
0.0,
0.0,
0.0,
4.0,
4.0,
13.0,
11.0,
0.0,
115.0,
252.0,
200.0,
17.0,
13.0,
0.0,
18.0,
8.0,
2.0,
0.0,
2.0,
0.0,
15.0,
0.0,
13.0,
6.0,
0.0,
11.0,
0.0,
0.0,
0.0,
0.0,
0.0,
7.0,
0.0,
0.0,
4.0,
0.0,
57.0,
220.0,
255.0,
195.0,
161.0,
55.0,
40.0,
2.0,
0.0,
0.0,
13.0,
0.0,
0.0,
15.0,
0.0,
0.0,
19.0,
0.0,
4.0,
0.0,
0.0,
0.0,
0.0,
0.0,
2.0,
0.0,
16.0,
5.0,
0.0,
84.0,
210.0,
252.0,
242.0,
255.0,
243.0,
165.0,
185.0,
36.0,
13.0,
0.0,
2.0,
0.0,
0.0,
0.0,
0.0,
13.0,
0.0,
0.0,
0.0,
0.0,
0.0,
0.0,
17.0,
3.0,
1.0,
8.0,
0.0,
0.0,
43.0,
106.0,
199.0,
216.0,
248.0,
255.0,
255.0,
245.0,
224.0,
57.0,
6.0,
0.0,
17.0,
2.0,
0.0,
5.0,
0.0,
0.0,
0.0,
0.0,
0.0,
3.0,
0.0,
0.0,
0.0,
0.0,
5.0,
12.0,
0.0,
0.0,
0.0,
45.0,
108.0,
202.0,
219.0,
255.0,
240.0,
214.0,
53.0,
0.0,
0.0,
3.0,
8.0,
0.0,
6.0,
0.0,
0.0,
0.0,
0.0,
1.0,
0.0,
5.0,
15.0,
2.0,
1.0,
2.0,
0.0,
5.0,
0.0,
0.0,
12.0,
0.0,
4.0,
187.0,
255.0,
255.0,
191.0,
32.0,
0.0,
8.0,
0.0,
10.0,
0.0,
0.0,
0.0,
0.0,
0.0,
0.0,
9.0,
2.0,
0.0,
3.0,
2.0,
0.0,
10.0,
5.0,
0.0,
5.0,
1.0,
0.0,
18.0,
0.0,
122.0,
240.0,
255.0,
159.0,
10.0,
0.0,
10.0,
0.0,
6.0,
0.0,
0.0,
0.0,
0.0,
0.0,
0.0,
0.0,
0.0,
0.0,
0.0,
0.0,
0.0,
2.0,
0.0,
3.0,
4.0,
0.0,
0.0,
1.0,
11.0,
235.0,
255.0,
179.0,
0.0,
7.0,
0.0,
0.0,
8.0,
0.0,
0.0,
0.0,
0.0,
0.0,
0.0,
0.0,
0.0,
0.0,
0.0,
0.0,
0.0,
0.0,
9.0,
5.0,
0.0,
1.0,
3.0,
0.0,
0.0,
132.0,
249.0,
205.0,
24.0,
3.0,
2.0,
2.0,
0.0,
0.0,
0.0,
0.0,
0.0,
0.0,
0.0,
0.0,
0.0,
0.0,
0.0,
0.0,
0.0,
183.0,
43.0,
0.0,
13.0,
0.0,
2.0,
20.0,
0.0,
93.0,
255.0,
240.0,
55.0,
0.0,
1.0,
3.0,
0.0,
0.0,
0.0,
0.0,
0.0,
0.0,
0.0,
0.0,
0.0,
0.0,
0.0,
0.0,
0.0,
214.0,
104.0,
0.0,
0.0,
11.0,
0.0,
0.0,
17.0,
109.0,
254.0,
255.0,
60.0,
0.0,
0.0,
0.0,
4.0,
0.0,
0.0,
0.0,
0.0,
0.0,
0.0,
0.0,
0.0,
0.0,
0.0,
0.0,
0.0,
217.0,
222.0,
87.0,
1.0,
0.0,
0.0,
0.0,
0.0,
123.0,
230.0,
255.0,
51.0,
4.0,
5.0,
0.0,
6.0,
0.0,
0.0,
0.0,
0.0,
0.0,
0.0,
0.0,
0.0,
0.0,
0.0,
0.0,
0.0,
181.0,
255.0,
208.0,
104.0,
9.0,
8.0,
24.0,
37.0,
187.0,
254.0,
255.0,
38.0,
2.0,
3.0,
0.0,
2.0,
0.0,
0.0,
0.0,
0.0,
0.0,
0.0,
0.0,
0.0,
0.0,
0.0,
0.0,
0.0,
28.0,
225.0,
250.0,
247.0,
203.0,
150.0,
153.0,
255.0,
255.0,
255.0,
193.0,
19.0,
0.0,
0.0,
2.0,
0.0,
0.0,
0.0,
0.0,
0.0,
0.0,
0.0,
0.0,
0.0,
0.0,
0.0,
0.0,
0.0,
0.0,
89.0,
134.0,
246.0,
255.0,
253.0,
246.0,
255.0,
255.0,
227.0,
89.0,
2.0,
8.0,
0.0,
4.0,
0.0,
0.0,
0.0,
0.0,
0.0,
0.0,
0.0,
0.0,
0.0,
0.0,
0.0,
0.0,
0.0,
4.0,
0.0,
3.0,
83.0,
125.0,
189.0,
245.0,
120.0,
100.0,
37.0,
0.0,
0.0,
7.0,
0.0,
0.0,
5.0,
0.0,
0.0,
0.0,
0.0,
0.0,
0.0,
0.0,
0.0,
0.0,
0.0,
0.0,
0.0,
0.0,
1.0,
0.0,
7.0,
0.0,
0.0,
34.0,
0.0,
13.0,
0.0,
0.0,
4.0,
7.0,
0.0,
0.0,
0.0,
0.0,
0.0,
0.0,
0.0,
0.0,
0.0,
0.0,
0.0,
0.0,
0.0,
0.0,
0.0,
5.0,
17.0,
0.0,
0.0,
3.0,
0.0,
0.0,
3.0,
0.0,
0.0,
4.0,
0.0,
0.0,
0.0,
2.0,
1.0,
0.0,
0.0,
0.0,
0.0,
0.0,
0.0,
0.0,
0.0,
0.0,
0.0,
0.0,
0.0,
0.0,
0.0,
0.0,
0.0,
13.0,
7.0,
0.0,
5.0,
7.0,
10.0,
4.0,
0.0,
0.0,
3.0,
5.0,
0.0,
0.0,
0.0,
0.0,
0.0,
