0.0,
0.0,
0.0,
0.0,
0.0,
0.0,
0.0,
0.0,
9.0,
0.0,
0.0,
0.0,
0.0,
0.0,
0.0,
0.0,
3.0,
2.0,
6.0,
0.0,
1.0,
2.0,
0.0,
2.0,
8.0,
0.0,
4.0,
0.0,
0.0,
0.0,
0.0,
0.0,
0.0,
0.0,
0.0,
0.0,
0.0,
0.0,
1.0,
5.0,
5.0,
2.0,
2.0,
4.0,
2.0,
0.0,
13.0,
8.0,
0.0,
5.0,
17.0,
0.0,
0.0,
0.0,
2.0,
5.0,
0.0,
0.0,
0.0,
0.0,
0.0,
0.0,
0.0,
0.0,
0.0,
1.0,
4.0,
2.0,
0.0,
0.0,
0.0,
0.0,
13.0,
0.0,
0.0,
1.0,
9.0,
0.0,
0.0,
1.0,
0.0,
3.0,
0.0,
2.0,
0.0,
0.0,
0.0,
0.0,
0.0,
0.0,
0.0,
0.0,
0.0,
3.0,
1.0,
0.0,
0.0,
0.0,
1.0,
0.0,
0.0,
15.0,
14.0,
0.0,
6.0,
11.0,
0.0,
14.0,
2.0,
11.0,
0.0,
0.0,
0.0,
0.0,
0.0,
0.0,
0.0,
0.0,
0.0,
0.0,
0.0,
0.0,
0.0,
0.0,
1.0,
6.0,
5.0,
0.0,
7.0,
0.0,
0.0,
0.0,
0.0,
8.0,
2.0,
0.0,
0.0,
3.0,
0.0,
0.0,
0.0,
0.0,
0.0,
0.0,
0.0,
0.0,
0.0,
0.0,
0.0,
0.0,
0.0,
2.0,
4.0,
0.0,
0.0,
0.0,
5.0,
48.0,
62.0,
12.0,
0.0,
0.0,
0.0,
14.0,
3.0,
0.0,
7.0,
6.0,
0.0,
0.0,
0.0,
0.0,
0.0,
0.0,
0.0,
0.0,
4.0,
0.0,
0.0,
5.0,
0.0,
0.0,
0.0,
10.0,
71.0,
227.0,
230.0,
67.0,
0.0,
5.0,
0.0,
17.0,
83.0,
0.0,
3.0,
6.0,
0.0,
0.0,
0.0,
0.0,
0.0,
0.0,
0.0,
0.0,
4.0,
0.0,
0.0,
5.0,
1.0,
0.0,
21.0,
56.0,
242.0,
255.0,
255.0,
229.0,
228.0,
245.0,
241.0,
248.0,
175.0,
10.0,
0.0,
0.0,
0.0,
10.0,
0.0,
3.0,
9.0,
0.0,
3.0,
0.0,
0.0,
18.0,
0.0,
2.0,
0.0,
9.0,
35.0,
223.0,
255.0,
251.0,
255.0,
199.0,
191.0,
198.0,
162.0,
81.0,
0.0,
0.0,
0.0,
0.0,
0.0,
2.0,
0.0,
0.0,
0.0,
0.0,
5.0,
1.0,
0.0,
0.0,
5.0,
12.0,
0.0,
57.0,
199.0,
255.0,
204.0,
96.0,
33.0,
1.0,
3.0,
0.0,
11.0,
0.0,
0.0,
0.0,
0.0,
0.0,
7.0,
9.0,
3.0,
5.0,
0.0,
0.0,
2.0,
0.0,
25.0,
0.0,
6.0,
0.0,
111.0,
233.0,
255.0,
182.0,
46.0,
0.0,
0.0,
0.0,
6.0,
0.0,
0.0,
0.0,
0.0,
0.0,
0.0,
0.0,
0.0,
0.0,
0.0,
3.0,
0.0,
3.0,
12.0,
1.0,
0.0,
3.0,
5.0,
93.0,
240.0,
251.0,
239.0,
113.0,
40.0,
40.0,
7.0,
0.0,
4.0,
0.0,
0.0,
4.0,
0.0,
0.0,
0.0,
0.0,
3.0,
0.0,
0.0,
0.0,
0.0,
0.0,
0.0,
0.0,
27.0,
12.0,
146.0,
250.0,
244.0,
249.0,
255.0,
245.0,
255.0,
230.0,
112.0,
18.0,
0.0,
0.0,
0.0,
4.0,
0.0,
0.0,
0.0,
0.0,
11.0,
4.0,
3.0,
0.0,
3.0,
0.0,
0.0,
16.0,
60.0,
222.0,
241.0,
251.0,
228.0,
141.0,
108.0,
145.0,
216.0,
255.0,
243.0,
118.0,
7.0,
3.0,
0.0,
0.0,
0.0,
0.0,
0.0,
0.0,
0.0,
0.0,
0.0,
0.0,
12.0,
9.0,
11.0,
79.0,
244.0,
255.0,
239.0,
120.0,
7.0,
4.0,
0.0,
3.0,
25.0,
131.0,
255.0,
203.0,
4.0,
0.0,
14.0,
8.0,
0.0,
0.0,
0.0,
0.0,
1.0,
8.0,
5.0,
0.0,
6.0,
0.0,
0.0,
90.0,
248.0,
133.0,
38.0,
0.0,
0.0,
10.0,
0.0,
0.0,
11.0,
38.0,
250.0,
255.0,
30.0,
0.0,
5.0,
0.0,
0.0,
0.0,
0.0,
0.0,
0.0,
0.0,
2.0,
0.0,
9.0,
0.0,
9.0,
5.0,
38.0,
7.0,
0.0,
0.0,
6.0,
1.0,
0.0,
5.0,
0.0,
140.0,
254.0,
232.0,
10.0,
0.0,
7.0,
0.0,
0.0,
0.0,
0.0,
0.0,
5.0,
1.0,
0.0,
10.0,
0.0,
30.0,
47.0,
0.0,
0.0,
0.0,
3.0,
0.0,
0.0,
2.0,
0.0,
5.0,
67.0,
223.0,
243.0,
121.0,
0.0,
0.0,
0.0,
0.0,
0.0,
0.0,
0.0,
0.0,
3.0,
9.0,
0.0,
0.0,
5.0,
199.0,
201.0,
10.0,
3.0,
3.0,
6.0,
0.0,
0.0,
3.0,
16.0,
52.0,
227.0,
255.0,
163.0,
4.0,
0.0,
7.0,
2.0,
0.0,
0.0,
0.0,
0.0,
0.0,
0.0,
15.0,
2.0,
0.0,
5.0,
221.0,
230.0,
26.0,
7.0,
0.0,
3.0,
13.0,
34.0,
73.0,
145.0,
241.0,
255.0,
162.0,
49.0,
0.0,
6.0,
0.0,
8.0,
0.0,
0.0,
0.0,
0.0,
0.0,
3.0,
6.0,
0.0,
0.0,
0.0,
113.0,
238.0,
252.0,
211.0,
185.0,
190.0,
221.0,
255.0,
255.0,
246.0,
255.0,
126.0,
30.0,
0.0,
5.0,
7.0,
0.0,
0.0,
0.0,
0.0,
0.0,
0.0,
0.0,
0.0,
0.0,
0.0,
22.0,
0.0,
0.0,
82.0,
156.0,
229.0,
239.0,
252.0,
243.0,
234.0,
192.0,
102.0,
48.0,
0.0,
0.0,
0.0,
2.0,
4.0,
1.0,
0.0,
0.0,
0.0,
0.0,
0.0,
0.0,
8.0,
4.0,
0.0,
0.0,
0.0,
0.0,
2.0,
7.0,
5.0,
57.0,
89.0,
47.0,
5.0,
0.0,
0.0,
12.0,
0.0,
9.0,
5.0,
0.0,
3.0,
9.0,
5.0,
0.0,
0.0,
0.0,
0.0,
0.0,
0.0,
10.0,
0.0,
5.0,
0.0,
8.0,
9.0,
0.0,
0.0,
0.0,
1.0,
0.0,
0.0,
9.0,
0.0,
0.0,
8.0,
0.0,
3.0,
1.0,
2.0,
0.0,
7.0,
0.0,
0.0,
0.0,
0.0,
0.0,
0.0,
0.0,
0.0,
0.0,
0.0,
0.0,
0.0,
0.0,
0.0,
0.0,
0.0,
0.0,
0.0,
0.0,
0.0,
0.0,
0.0,
0.0,
0.0,
0.0,
0.0,
0.0,
0.0,
0.0,
0.0,
0.0,
0.0,
0.0,
0.0,
0.0,
0.0,
0.0,
0.0,
0.0,
0.0,
0.0,
0.0,
0.0,
0.0,
0.0,
0.0,
0.0,
0.0,
0.0,
0.0,
0.0,
0.0,
0.0,
0.0,
0.0,
0.0,
0.0,
0.0,
0.0,
0.0,
0.0,
0.0,
0.0,
0.0,
0.0,
0.0,
0.0,
0.0,
0.0,
0.0,
0.0,
0.0,
0.0,
0.0,
0.0,
0.0,
0.0,
0.0,
0.0,
0.0,
0.0,
0.0,
0.0,
0.0,
0.0,
0.0,
0.0,
0.0,
0.0,
0.0,
0.0,
0.0,
0.0,
0.0,
0.0,
0.0,
0.0,
0.0,
0.0,
0.0,
0.0,
0.0,
0.0,
0.0,
0.0,
0.0,
0.0,
0.0,
0.0,
0.0,
0.0,
0.0,
0.0,
0.0,
0.0,
0.0,
0.0,
