0.0,
0.0,
0.0,
0.0,
0.0,
0.0,
0.0,
0.0,
1.0,
0.0,
0.0,
0.0,
2.0,
7.0,
5.0,
0.0,
0.0,
6.0,
1.0,
0.0,
5.0,
0.0,
0.0,
9.0,
0.0,
8.0,
3.0,
0.0,
0.0,
0.0,
0.0,
0.0,
0.0,
0.0,
0.0,
0.0,
2.0,
1.0,
2.0,
2.0,
0.0,
0.0,
0.0,
3.0,
3.0,
2.0,
0.0,
0.0,
3.0,
0.0,
0.0,
0.0,
4.0,
0.0,
0.0,
10.0,
0.0,
0.0,
0.0,
0.0,
0.0,
0.0,
0.0,
0.0,
0.0,
0.0,
0.0,
9.0,
12.0,
5.0,
2.0,
5.0,
7.0,
3.0,
4.0,
3.0,
0.0,
0.0,
6.0,
4.0,
8.0,
0.0,
0.0,
0.0,
0.0,
0.0,
0.0,
0.0,
0.0,
0.0,
0.0,
0.0,
0.0,
0.0,
0.0,
0.0,
0.0,
0.0,
0.0,
0.0,
0.0,
0.0,
0.0,
2.0,
0.0,
1.0,
6.0,
0.0,
0.0,
4.0,
4.0,
0.0,
0.0,
0.0,
0.0,
0.0,
0.0,
0.0,
0.0,
0.0,
0.0,
4.0,
7.0,
0.0,
0.0,
0.0,
9.0,
13.0,
12.0,
4.0,
6.0,
0.0,
0.0,
16.0,
56.0,
67.0,
25.0,
0.0,
3.0,
7.0,
0.0,
0.0,
0.0,
0.0,
0.0,
0.0,
0.0,
0.0,
0.0,
0.0,
1.0,
1.0,
6.0,
11.0,
3.0,
0.0,
0.0,
0.0,
8.0,
66.0,
148.0,
225.0,
255.0,
247.0,
169.0,
3.0,
0.0,
14.0,
0.0,
0.0,
0.0,
0.0,
0.0,
0.0,
0.0,
0.0,
11.0,
0.0,
0.0,
1.0,
2.0,
0.0,
0.0,
2.0,
47.0,
124.0,
205.0,
249.0,
255.0,
255.0,
246.0,
246.0,
180.0,
16.0,
0.0,
3.0,
0.0,
0.0,
0.0,
0.0,
0.0,
0.0,
0.0,
0.0,
0.0,
0.0,
4.0,
10.0,
0.0,
3.0,
77.0,
164.0,
243.0,
255.0,
255.0,
251.0,
254.0,
216.0,
145.0,
99.0,
29.0,
1.0,
9.0,
0.0,
0.0,
0.0,
0.0,
0.0,
1.0,
0.0,
0.0,
0.0,
0.0,
4.0,
0.0,
4.0,
2.0,
91.0,
253.0,
250.0,
255.0,
236.0,
217.0,
117.0,
15.0,
10.0,
11.0,
0.0,
0.0,
0.0,
0.0,
0.0,
0.0,
0.0,
0.0,
0.0,
0.0,
1.0,
1.0,
1.0,
14.0,
0.0,
19.0,
0.0,
29.0,
193.0,
255.0,
235.0,
152.0,
42.0,
0.0,
0.0,
0.0,
3.0,
0.0,
3.0,
0.0,
0.0,
0.0,
0.0,
0.0,
0.0,
0.0,
0.0,
0.0,
0.0,
2.0,
4.0,
0.0,
0.0,
0.0,
63.0,
162.0,
255.0,
249.0,
100.0,
0.0,
0.0,
21.0,
11.0,
0.0,
7.0,
1.0,
0.0,
0.0,
0.0,
0.0,
0.0,
0.0,
0.0,
0.0,
0.0,
0.0,
0.0,
0.0,
1.0,
0.0,
16.0,
39.0,
176.0,
255.0,
255.0,
202.0,
29.0,
9.0,
0.0,
0.0,
0.0,
0.0,
0.0,
0.0,
14.0,
0.0,
0.0,
0.0,
0.0,
0.0,
0.0,
2.0,
2.0,
0.0,
0.0,
0.0,
0.0,
17.0,
65.0,
237.0,
255.0,
254.0,
247.0,
91.0,
33.0,
0.0,
3.0,
0.0,
0.0,
6.0,
14.0,
11.0,
0.0,
0.0,
0.0,
0.0,
0.0,
0.0,
0.0,
3.0,
2.0,
0.0,
0.0,
0.0,
0.0,
0.0,
165.0,
249.0,
255.0,
250.0,
244.0,
255.0,
224.0,
170.0,
91.0,
14.0,
1.0,
0.0,
0.0,
0.0,
0.0,
0.0,
0.0,
0.0,
0.0,
0.0,
1.0,
2.0,
0.0,
0.0,
0.0,
4.0,
9.0,
0.0,
103.0,
220.0,
216.0,
224.0,
255.0,
245.0,
254.0,
249.0,
255.0,
220.0,
128.0,
15.0,
0.0,
20.0,
9.0,
0.0,
0.0,
0.0,
0.0,
0.0,
2.0,
1.0,
0.0,
0.0,
0.0,
10.0,
19.0,
9.0,
1.0,
3.0,
0.0,
15.0,
41.0,
75.0,
151.0,
227.0,
231.0,
254.0,
246.0,
115.0,
0.0,
0.0,
0.0,
0.0,
0.0,
0.0,
0.0,
0.0,
2.0,
0.0,
10.0,
0.0,
0.0,
150.0,
245.0,
69.0,
8.0,
0.0,
1.0,
0.0,
0.0,
0.0,
0.0,
0.0,
153.0,
255.0,
255.0,
106.0,
0.0,
5.0,
0.0,
0.0,
0.0,
0.0,
0.0,
0.0,
5.0,
1.0,
0.0,
10.0,
145.0,
242.0,
234.0,
28.0,
0.0,
0.0,
3.0,
7.0,
10.0,
5.0,
17.0,
193.0,
241.0,
255.0,
241.0,
102.0,
7.0,
0.0,
0.0,
0.0,
0.0,
0.0,
0.0,
2.0,
0.0,
1.0,
4.0,
0.0,
189.0,
254.0,
255.0,
227.0,
204.0,
187.0,
169.0,
174.0,
187.0,
196.0,
226.0,
237.0,
255.0,
246.0,
155.0,
21.0,
0.0,
0.0,
9.0,
0.0,
0.0,
0.0,
0.0,
9.0,
9.0,
10.0,
0.0,
3.0,
201.0,
250.0,
249.0,
236.0,
248.0,
255.0,
251.0,
255.0,
255.0,
246.0,
255.0,
255.0,
188.0,
100.0,
8.0,
0.0,
21.0,
12.0,
0.0,
0.0,
0.0,
0.0,
0.0,
0.0,
0.0,
0.0,
11.0,
0.0,
21.0,
74.0,
162.0,
220.0,
241.0,
255.0,
247.0,
247.0,
226.0,
175.0,
162.0,
44.0,
0.0,
2.0,
0.0,
3.0,
4.0,
0.0,
5.0,
0.0,
0.0,
0.0,
0.0,
3.0,
24.0,
0.0,
0.0,
5.0,
7.0,
6.0,
0.0,
0.0,
1.0,
6.0,
0.0,
5.0,
14.0,
0.0,
1.0,
25.0,
0.0,
6.0,
0.0,
4.0,
0.0,
0.0,
11.0,
0.0,
0.0,
0.0,
0.0,
0.0,
0.0,
0.0,
14.0,
12.0,
0.0,
0.0,
2.0,
2.0,
0.0,
4.0,
0.0,
0.0,
4.0,
0.0,
0.0,
0.0,
0.0,
12.0,
0.0,
3.0,
4.0,
1.0,
0.0,
0.0,
0.0,
0.0,
0.0,
5.0,
1.0,
2.0,
6.0,
0.0,
6.0,
12.0,
0.0,
6.0,
0.0,
7.0,
4.0,
0.0,
0.0,
4.0,
4.0,
4.0,
1.0,
2.0,
0.0,
9.0,
0.0,
0.0,
1.0,
0.0,
0.0,
0.0,
0.0,
0.0,
0.0,
0.0,
0.0,
0.0,
0.0,
0.0,
0.0,
0.0,
0.0,
0.0,
0.0,
0.0,
0.0,
0.0,
0.0,
0.0,
0.0,
0.0,
0.0,
0.0,
0.0,
0.0,
0.0,
0.0,
0.0,
0.0,
0.0,
0.0,
0.0,
0.0,
0.0,
0.0,
0.0,
0.0,
0.0,
0.0,
0.0,
0.0,
0.0,
0.0,
0.0,
0.0,
0.0,
0.0,
0.0,
0.0,
0.0,
0.0,
0.0,
0.0,
0.0,
0.0,
0.0,
0.0,
0.0,
0.0,
0.0,
0.0,
0.0,
0.0,
0.0,
0.0,
0.0,
0.0,
0.0,
0.0,
0.0,
0.0,
0.0,
0.0,
0.0,
0.0,
0.0,
0.0,
0.0,
0.0,
0.0,
0.0,
0.0,
0.0,
0.0,
0.0,
0.0,
0.0,
0.0,
0.0,
0.0,
0.0,
0.0,
0.0,
0.0,
0.0,
0.0,
0.0,
0.0,
0.0,
0.0,
0.0,
0.0,
0.0,
0.0,
0.0,
0.0,
0.0,
0.0,
0.0,
0.0,
0.0,
0.0,
0.0,
0.0,
