0.0,
0.0,
0.0,
0.0,
0.0,
0.0,
0.0,
0.0,
3.0,
0.0,
8.0,
5.0,
0.0,
6.0,
5.0,
0.0,
0.0,
0.0,
0.0,
0.0,
0.0,
0.0,
0.0,
0.0,
0.0,
0.0,
0.0,
0.0,
0.0,
0.0,
0.0,
0.0,
0.0,
0.0,
0.0,
0.0,
2.0,
0.0,
0.0,
0.0,
9.0,
0.0,
0.0,
9.0,
0.0,
0.0,
0.0,
0.0,
0.0,
0.0,
0.0,
0.0,
0.0,
0.0,
0.0,
0.0,
0.0,
0.0,
0.0,
0.0,
0.0,
0.0,
0.0,
0.0,
0.0,
4.0,
0.0,
0.0,
22.0,
4.0,
0.0,
6.0,
0.0,
0.0,
0.0,
0.0,
0.0,
0.0,
0.0,
0.0,
0.0,
0.0,
0.0,
0.0,
0.0,
0.0,
0.0,
0.0,
0.0,
0.0,
0.0,
0.0,
0.0,
6.0,
0.0,
0.0,
7.0,
0.0,
0.0,
0.0,
0.0,
0.0,
0.0,
0.0,
0.0,
0.0,
0.0,
0.0,
0.0,
0.0,
0.0,
0.0,
0.0,
0.0,
0.0,
0.0,
0.0,
0.0,
0.0,
0.0,
1.0,
0.0,
0.0,
15.0,
0.0,
0.0,
16.0,
0.0,
0.0,
0.0,
0.0,
0.0,
0.0,
0.0,
0.0,
0.0,
0.0,
0.0,
0.0,
0.0,
0.0,
0.0,
0.0,
0.0,
0.0,
0.0,
0.0,
0.0,
2.0,
4.0,
0.0,
0.0,
28.0,
111.0,
124.0,
0.0,
0.0,
0.0,
0.0,
0.0,
0.0,
0.0,
0.0,
0.0,
0.0,
0.0,
0.0,
0.0,
0.0,
0.0,
0.0,
0.0,
0.0,
0.0,
0.0,
0.0,
1.0,
8.0,
0.0,
2.0,
139.0,
243.0,
222.0,
3.0,
0.0,
0.0,
0.0,
0.0,
0.0,
0.0,
0.0,
0.0,
0.0,
0.0,
0.0,
0.0,
0.0,
0.0,
0.0,
0.0,
0.0,
0.0,
0.0,
0.0,
1.0,
0.0,
6.0,
43.0,
236.0,
255.0,
225.0,
23.0,
0.0,
0.0,
0.0,
0.0,
0.0,
0.0,
0.0,
0.0,
0.0,
0.0,
0.0,
0.0,
0.0,
0.0,
0.0,
0.0,
0.0,
0.0,
0.0,
0.0,
0.0,
0.0,
17.0,
148.0,
242.0,
255.0,
255.0,
218.0,
206.0,
210.0,
213.0,
206.0,
127.0,
88.0,
99.0,
23.0,
7.0,
0.0,
0.0,
2.0,
0.0,
0.0,
0.0,
0.0,
0.0,
0.0,
0.0,
0.0,
3.0,
2.0,
25.0,
240.0,
255.0,
255.0,
243.0,
255.0,
255.0,
251.0,
241.0,
255.0,
237.0,
236.0,
251.0,
180.0,
44.0,
16.0,
0.0,
0.0,
0.0,
0.0,
0.0,
0.0,
0.0,
0.0,
0.0,
0.0,
4.0,
0.0,
98.0,
255.0,
217.0,
69.0,
19.0,
10.0,
7.0,
19.0,
9.0,
4.0,
0.0,
24.0,
115.0,
136.0,
149.0,
89.0,
21.0,
0.0,
0.0,
0.0,
0.0,
0.0,
0.0,
0.0,
0.0,
0.0,
0.0,
4.0,
204.0,
255.0,
141.0,
0.0,
1.0,
0.0,
0.0,
8.0,
9.0,
10.0,
0.0,
0.0,
2.0,
0.0,
0.0,
0.0,
0.0,
4.0,
0.0,
0.0,
0.0,
0.0,
0.0,
0.0,
0.0,
0.0,
0.0,
2.0,
202.0,
238.0,
18.0,
4.0,
7.0,
5.0,
6.0,
2.0,
0.0,
0.0,
4.0,
6.0,
5.0,
0.0,
1.0,
4.0,
6.0,
4.0,
0.0,
0.0,
0.0,
0.0,
0.0,
0.0,
0.0,
0.0,
15.0,
38.0,
245.0,
255.0,
0.0,
2.0,
0.0,
0.0,
0.0,
2.0,
7.0,
9.0,
2.0,
0.0,
0.0,
0.0,
0.0,
0.0,
0.0,
1.0,
0.0,
0.0,
0.0,
0.0,
0.0,
0.0,
0.0,
0.0,
0.0,
54.0,
255.0,
247.0,
31.0,
0.0,
9.0,
3.0,
10.0,
0.0,
0.0,
0.0,
0.0,
1.0,
0.0,
0.0,
9.0,
5.0,
0.0,
0.0,
0.0,
0.0,
0.0,
0.0,
0.0,
0.0,
0.0,
0.0,
0.0,
29.0,
174.0,
246.0,
218.0,
221.0,
194.0,
89.0,
26.0,
0.0,
3.0,
6.0,
0.0,
2.0,
5.0,
4.0,
0.0,
0.0,
0.0,
0.0,
0.0,
0.0,
1.0,
9.0,
0.0,
10.0,
0.0,
14.0,
11.0,
0.0,
7.0,
136.0,
129.0,
255.0,
255.0,
246.0,
191.0,
35.0,
0.0,
0.0,
9.0,
0.0,
0.0,
7.0,
0.0,
0.0,
0.0,
0.0,
2.0,
1.0,
0.0,
0.0,
0.0,
0.0,
134.0,
0.0,
0.0,
6.0,
13.0,
4.0,
0.0,
1.0,
97.0,
255.0,
255.0,
139.0,
20.0,
0.0,
3.0,
3.0,
0.0,
0.0,
0.0,
0.0,
0.0,
0.0,
0.0,
3.0,
0.0,
2.0,
0.0,
0.0,
248.0,
85.0,
0.0,
8.0,
0.0,
1.0,
2.0,
0.0,
51.0,
251.0,
246.0,
161.0,
7.0,
0.0,
0.0,
1.0,
0.0,
6.0,
0.0,
0.0,
0.0,
0.0,
0.0,
2.0,
0.0,
8.0,
0.0,
5.0,
184.0,
216.0,
56.0,
15.0,
7.0,
0.0,
47.0,
73.0,
159.0,
255.0,
255.0,
144.0,
4.0,
0.0,
8.0,
0.0,
0.0,
8.0,
0.0,
0.0,
0.0,
0.0,
1.0,
2.0,
3.0,
0.0,
1.0,
0.0,
47.0,
181.0,
248.0,
196.0,
187.0,
192.0,
230.0,
255.0,
255.0,
241.0,
249.0,
84.0,
0.0,
0.0,
9.0,
1.0,
0.0,
0.0,
0.0,
0.0,
0.0,
0.0,
0.0,
0.0,
5.0,
0.0,
5.0,
0.0,
0.0,
35.0,
74.0,
145.0,
196.0,
255.0,
240.0,
245.0,
171.0,
179.0,
92.0,
0.0,
1.0,
0.0,
0.0,
0.0,
4.0,
0.0,
0.0,
0.0,
0.0,
0.0,
0.0,
0.0,
2.0,
0.0,
0.0,
7.0,
1.0,
0.0,
0.0,
0.0,
22.0,
22.0,
57.0,
25.0,
0.0,
0.0,
0.0,
0.0,
14.0,
15.0,
0.0,
0.0,
0.0,
0.0,
0.0,
0.0,
0.0,
0.0,
8.0,
0.0,
0.0,
12.0,
0.0,
6.0,
0.0,
13.0,
10.0,
0.0,
1.0,
4.0,
0.0,
5.0,
0.0,
3.0,
0.0,
15.0,
0.0,
4.0,
4.0,
0.0,
0.0,
3.0,
0.0,
0.0,
0.0,
0.0,
0.0,
0.0,
0.0,
0.0,
0.0,
0.0,
0.0,
0.0,
0.0,
0.0,
0.0,
0.0,
0.0,
0.0,
0.0,
0.0,
0.0,
0.0,
0.0,
0.0,
0.0,
0.0,
0.0,
0.0,
0.0,
0.0,
0.0,
0.0,
0.0,
0.0,
0.0,
0.0,
0.0,
0.0,
0.0,
0.0,
0.0,
0.0,
0.0,
0.0,
0.0,
0.0,
0.0,
0.0,
0.0,
0.0,
0.0,
0.0,
0.0,
0.0,
0.0,
0.0,
0.0,
0.0,
0.0,
0.0,
0.0,
0.0,
0.0,
0.0,
0.0,
0.0,
0.0,
0.0,
0.0,
0.0,
0.0,
0.0,
0.0,
0.0,
0.0,
0.0,
0.0,
0.0,
0.0,
0.0,
0.0,
0.0,
0.0,
0.0,
0.0,
0.0,
0.0,
0.0,
0.0,
0.0,
0.0,
0.0,
0.0,
0.0,
0.0,
0.0,
0.0,
0.0,
0.0,
0.0,
0.0,
0.0,
0.0,
0.0,
0.0,
0.0,
0.0,
0.0,
0.0,
0.0,
0.0,
0.0,
0.0,
0.0,
0.0,
0.0,
