0.0,
0.0,
3.0,
7.0,
1.0,
0.0,
0.0,
3.0,
0.0,
0.0,
0.0,
0.0,
9.0,
0.0,
0.0,
0.0,
0.0,
0.0,
1.0,
0.0,
5.0,
0.0,
8.0,
0.0,
0.0,
0.0,
0.0,
0.0,
6.0,
0.0,
0.0,
0.0,
0.0,
2.0,
4.0,
5.0,
2.0,
3.0,
0.0,
0.0,
3.0,
8.0,
2.0,
8.0,
3.0,
5.0,
1.0,
6.0,
0.0,
0.0,
3.0,
9.0,
0.0,
0.0,
0.0,
0.0,
1.0,
1.0,
0.0,
0.0,
1.0,
3.0,
0.0,
0.0,
0.0,
10.0,
1.0,
6.0,
0.0,
0.0,
0.0,
1.0,
0.0,
1.0,
0.0,
9.0,
0.0,
2.0,
0.0,
1.0,
0.0,
0.0,
0.0,
0.0,
0.0,
3.0,
8.0,
3.0,
0.0,
0.0,
0.0,
0.0,
0.0,
3.0,
0.0,
0.0,
5.0,
7.0,
2.0,
4.0,
7.0,
3.0,
0.0,
0.0,
7.0,
16.0,
0.0,
4.0,
0.0,
0.0,
0.0,
0.0,
2.0,
3.0,
1.0,
0.0,
0.0,
0.0,
6.0,
8.0,
0.0,
0.0,
13.0,
0.0,
12.0,
0.0,
3.0,
0.0,
0.0,
0.0,
12.0,
0.0,
0.0,
0.0,
0.0,
10.0,
0.0,
0.0,
0.0,
0.0,
5.0,
0.0,
0.0,
0.0,
3.0,
0.0,
0.0,
0.0,
4.0,
12.0,
72.0,
113.0,
239.0,
255.0,
255.0,
237.0,
255.0,
170.0,
91.0,
0.0,
0.0,
10.0,
9.0,
0.0,
0.0,
0.0,
0.0,
0.0,
0.0,
0.0,
0.0,
7.0,
5.0,
0.0,
1.0,
15.0,
107.0,
170.0,
252.0,
247.0,
255.0,
232.0,
255.0,
255.0,
250.0,
234.0,
235.0,
121.0,
7.0,
0.0,
1.0,
5.0,
0.0,
0.0,
0.0,
0.0,
0.0,
0.0,
1.0,
3.0,
0.0,
0.0,
43.0,
99.0,
238.0,
255.0,
255.0,
237.0,
238.0,
217.0,
214.0,
207.0,
247.0,
253.0,
255.0,
162.0,
4.0,
0.0,
0.0,
3.0,
0.0,
0.0,
0.0,
0.0,
0.0,
16.0,
0.0,
5.0,
0.0,
0.0,
222.0,
254.0,
239.0,
255.0,
188.0,
143.0,
72.0,
11.0,
0.0,
5.0,
117.0,
153.0,
131.0,
108.0,
4.0,
0.0,
3.0,
2.0,
0.0,
0.0,
0.0,
0.0,
5.0,
0.0,
0.0,
0.0,
19.0,
0.0,
213.0,
243.0,
253.0,
69.0,
23.0,
0.0,
15.0,
6.0,
0.0,
0.0,
3.0,
2.0,
0.0,
9.0,
0.0,
0.0,
0.0,
0.0,
0.0,
0.0,
0.0,
0.0,
5.0,
0.0,
11.0,
0.0,
9.0,
4.0,
219.0,
255.0,
82.0,
0.0,
0.0,
12.0,
0.0,
0.0,
16.0,
5.0,
6.0,
0.0,
0.0,
2.0,
7.0,
3.0,
7.0,
9.0,
0.0,
0.0,
0.0,
0.0,
0.0,
8.0,
6.0,
0.0,
0.0,
83.0,
241.0,
255.0,
70.0,
6.0,
0.0,
21.0,
6.0,
0.0,
0.0,
0.0,
4.0,
0.0,
8.0,
0.0,
0.0,
0.0,
0.0,
1.0,
0.0,
0.0,
0.0,
0.0,
0.0,
8.0,
0.0,
3.0,
6.0,
139.0,
254.0,
242.0,
77.0,
1.0,
52.0,
0.0,
6.0,
14.0,
1.0,
13.0,
0.0,
3.0,
3.0,
0.0,
0.0,
8.0,
1.0,
6.0,
0.0,
0.0,
0.0,
0.0,
0.0,
0.0,
0.0,
0.0,
3.0,
84.0,
238.0,
255.0,
144.0,
162.0,
233.0,
148.0,
94.0,
98.0,
119.0,
91.0,
107.0,
124.0,
108.0,
108.0,
63.0,
7.0,
0.0,
0.0,
0.0,
0.0,
0.0,
0.0,
5.0,
0.0,
5.0,
0.0,
0.0,
10.0,
197.0,
246.0,
250.0,
252.0,
232.0,
255.0,
255.0,
244.0,
255.0,
255.0,
255.0,
250.0,
233.0,
255.0,
198.0,
30.0,
0.0,
10.0,
0.0,
0.0,
0.0,
0.0,
5.0,
0.0,
0.0,
7.0,
0.0,
2.0,
159.0,
181.0,
230.0,
255.0,
255.0,
193.0,
254.0,
198.0,
198.0,
250.0,
234.0,
189.0,
180.0,
255.0,
255.0,
35.0,
0.0,
3.0,
0.0,
0.0,
0.0,
0.0,
0.0,
0.0,
0.0,
0.0,
0.0,
0.0,
0.0,
0.0,
81.0,
100.0,
111.0,
25.0,
104.0,
37.0,
29.0,
106.0,
95.0,
0.0,
0.0,
255.0,
242.0,
143.0,
8.0,
0.0,
0.0,
0.0,
0.0,
0.0,
0.0,
0.0,
0.0,
0.0,
0.0,
0.0,
0.0,
0.0,
0.0,
2.0,
15.0,
0.0,
25.0,
0.0,
0.0,
6.0,
0.0,
2.0,
0.0,
255.0,
252.0,
205.0,
0.0,
1.0,
0.0,
0.0,
0.0,
0.0,
0.0,
0.0,
0.0,
0.0,
0.0,
0.0,
0.0,
0.0,
5.0,
0.0,
0.0,
0.0,
0.0,
0.0,
2.0,
4.0,
0.0,
8.0,
12.0,
237.0,
255.0,
221.0,
0.0,
0.0,
0.0,
0.0,
0.0,
0.0,
0.0,
0.0,
0.0,
0.0,
0.0,
0.0,
0.0,
0.0,
7.0,
0.0,
0.0,
15.0,
7.0,
0.0,
2.0,
0.0,
8.0,
0.0,
0.0,
254.0,
250.0,
204.0,
11.0,
8.0,
0.0,
0.0,
0.0,
0.0,
0.0,
0.0,
0.0,
0.0,
0.0,
0.0,
0.0,
0.0,
0.0,
0.0,
13.0,
0.0,
0.0,
0.0,
8.0,
0.0,
0.0,
4.0,
0.0,
255.0,
254.0,
172.0,
0.0,
0.0,
0.0,
0.0,
0.0,
0.0,
0.0,
0.0,
0.0,
0.0,
0.0,
0.0,
0.0,
0.0,
0.0,
53.0,
121.0,
22.0,
8.0,
0.0,
4.0,
0.0,
28.0,
133.0,
163.0,
255.0,
249.0,
42.0,
0.0,
17.0,
0.0,
0.0,
0.0,
0.0,
0.0,
0.0,
0.0,
0.0,
0.0,
0.0,
0.0,
0.0,
0.0,
81.0,
255.0,
224.0,
215.0,
213.0,
213.0,
217.0,
214.0,
255.0,
255.0,
229.0,
247.0,
38.0,
6.0,
0.0,
0.0,
0.0,
0.0,
0.0,
0.0,
0.0,
0.0,
0.0,
0.0,
0.0,
0.0,
0.0,
14.0,
58.0,
246.0,
250.0,
246.0,
255.0,
247.0,
255.0,
246.0,
255.0,
247.0,
229.0,
136.0,
23.0,
0.0,
0.0,
0.0,
0.0,
0.0,
0.0,
0.0,
0.0,
0.0,
0.0,
0.0,
0.0,
0.0,
0.0,
0.0,
37.0,
161.0,
252.0,
247.0,
247.0,
255.0,
248.0,
255.0,
251.0,
253.0,
62.0,
0.0,
3.0,
0.0,
0.0,
0.0,
0.0,
0.0,
0.0,
0.0,
0.0,
0.0,
0.0,
0.0,
0.0,
0.0,
0.0,
9.0,
0.0,
5.0,
18.0,
0.0,
0.0,
8.0,
0.0,
0.0,
0.0,
28.0,
0.0,
0.0,
7.0,
2.0,
11.0,
0.0,
0.0,
0.0,
0.0,
0.0,
0.0,
0.0,
0.0,
0.0,
0.0,
0.0,
0.0,
8.0,
0.0,
0.0,
2.0,
1.0,
1.0,
4.0,
0.0,
13.0,
0.0,
1.0,
5.0,
12.0,
6.0,
0.0,
0.0,
0.0,
0.0,
0.0,
0.0,
0.0,
0.0,
0.0,
0.0,
0.0,
0.0,
0.0,
0.0,
4.0,
4.0,
4.0,
6.0,
7.0,
0.0,
0.0,
2.0,
1.0,
4.0,
0.0,
0.0,
0.0,
0.0,
3.0,
10.0,
0.0,
0.0,
0.0,
0.0,
