0.0,
0.0,
0.0,
0.0,
0.0,
0.0,
0.0,
0.0,
0.0,
0.0,
0.0,
0.0,
0.0,
0.0,
0.0,
0.0,
0.0,
7.0,
0.0,
0.0,
0.0,
0.0,
6.0,
1.0,
0.0,
7.0,
0.0,
0.0,
0.0,
0.0,
0.0,
0.0,
0.0,
0.0,
0.0,
0.0,
0.0,
0.0,
0.0,
0.0,
0.0,
0.0,
0.0,
0.0,
0.0,
5.0,
0.0,
5.0,
3.0,
0.0,
0.0,
0.0,
0.0,
0.0,
4.0,
13.0,
0.0,
0.0,
0.0,
0.0,
0.0,
0.0,
0.0,
0.0,
0.0,
0.0,
0.0,
0.0,
0.0,
0.0,
0.0,
0.0,
0.0,
10.0,
2.0,
3.0,
0.0,
12.0,
0.0,
16.0,
0.0,
1.0,
2.0,
0.0,
0.0,
0.0,
0.0,
0.0,
0.0,
0.0,
0.0,
0.0,
0.0,
0.0,
0.0,
0.0,
0.0,
0.0,
0.0,
0.0,
0.0,
10.0,
0.0,
0.0,
0.0,
16.0,
0.0,
0.0,
0.0,
10.0,
0.0,
0.0,
0.0,
0.0,
0.0,
0.0,
0.0,
0.0,
0.0,
0.0,
0.0,
0.0,
0.0,
0.0,
0.0,
0.0,
0.0,
0.0,
6.0,
0.0,
0.0,
0.0,
3.0,
5.0,
0.0,
11.0,
26.0,
0.0,
4.0,
1.0,
0.0,
0.0,
0.0,
0.0,
0.0,
0.0,
0.0,
0.0,
0.0,
0.0,
0.0,
0.0,
0.0,
0.0,
0.0,
0.0,
0.0,
0.0,
2.0,
21.0,
6.0,
0.0,
35.0,
86.0,
138.0,
0.0,
0.0,
18.0,
0.0,
0.0,
0.0,
0.0,
0.0,
0.0,
0.0,
0.0,
0.0,
0.0,
0.0,
0.0,
0.0,
0.0,
0.0,
0.0,
5.0,
5.0,
0.0,
0.0,
26.0,
80.0,
236.0,
255.0,
134.0,
3.0,
0.0,
6.0,
0.0,
0.0,
0.0,
0.0,
0.0,
0.0,
0.0,
0.0,
0.0,
0.0,
0.0,
0.0,
0.0,
0.0,
0.0,
0.0,
52.0,
117.0,
166.0,
201.0,
255.0,
255.0,
255.0,
101.0,
0.0,
0.0,
7.0,
0.0,
0.0,
0.0,
0.0,
0.0,
0.0,
0.0,
0.0,
0.0,
5.0,
8.0,
10.0,
0.0,
163.0,
168.0,
210.0,
251.0,
253.0,
245.0,
252.0,
227.0,
168.0,
87.0,
9.0,
0.0,
0.0,
0.0,
0.0,
0.0,
0.0,
0.0,
0.0,
0.0,
0.0,
0.0,
0.0,
0.0,
0.0,
2.0,
0.0,
31.0,
255.0,
255.0,
253.0,
225.0,
161.0,
104.0,
52.0,
8.0,
0.0,
0.0,
0.0,
16.0,
0.0,
0.0,
0.0,
0.0,
0.0,
0.0,
0.0,
0.0,
0.0,
0.0,
0.0,
0.0,
4.0,
1.0,
25.0,
0.0,
79.0,
86.0,
0.0,
13.0,
3.0,
0.0,
0.0,
0.0,
0.0,
1.0,
0.0,
0.0,
0.0,
0.0,
0.0,
0.0,
0.0,
0.0,
0.0,
0.0,
0.0,
0.0,
0.0,
0.0,
14.0,
0.0,
4.0,
82.0,
85.0,
11.0,
0.0,
1.0,
0.0,
0.0,
13.0,
3.0,
0.0,
7.0,
2.0,
9.0,
0.0,
0.0,
0.0,
0.0,
0.0,
0.0,
0.0,
0.0,
0.0,
0.0,
0.0,
0.0,
0.0,
17.0,
19.0,
226.0,
39.0,
79.0,
39.0,
0.0,
5.0,
0.0,
4.0,
0.0,
2.0,
10.0,
0.0,
0.0,
0.0,
0.0,
0.0,
0.0,
0.0,
0.0,
0.0,
0.0,
0.0,
0.0,
0.0,
0.0,
2.0,
0.0,
114.0,
255.0,
232.0,
255.0,
255.0,
117.0,
5.0,
0.0,
0.0,
0.0,
0.0,
3.0,
0.0,
10.0,
0.0,
0.0,
0.0,
0.0,
0.0,
0.0,
0.0,
0.0,
0.0,
0.0,
0.0,
0.0,
3.0,
15.0,
101.0,
255.0,
255.0,
164.0,
249.0,
235.0,
0.0,
0.0,
5.0,
7.0,
5.0,
1.0,
0.0,
2.0,
0.0,
0.0,
0.0,
0.0,
0.0,
0.0,
0.0,
0.0,
0.0,
0.0,
0.0,
0.0,
0.0,
0.0,
0.0,
6.0,
0.0,
0.0,
98.0,
245.0,
57.0,
14.0,
0.0,
0.0,
0.0,
7.0,
0.0,
1.0,
0.0,
0.0,
0.0,
0.0,
0.0,
3.0,
0.0,
0.0,
5.0,
8.0,
1.0,
0.0,
0.0,
0.0,
13.0,
0.0,
0.0,
20.0,
4.0,
255.0,
121.0,
0.0,
0.0,
4.0,
0.0,
6.0,
3.0,
1.0,
0.0,
0.0,
0.0,
0.0,
1.0,
0.0,
17.0,
0.0,
0.0,
2.0,
0.0,
11.0,
0.0,
0.0,
0.0,
1.0,
15.0,
0.0,
0.0,
190.0,
118.0,
16.0,
10.0,
13.0,
0.0,
6.0,
0.0,
0.0,
0.0,
0.0,
0.0,
0.0,
0.0,
0.0,
3.0,
0.0,
24.0,
37.0,
124.0,
0.0,
6.0,
0.0,
0.0,
16.0,
0.0,
2.0,
63.0,
255.0,
45.0,
0.0,
0.0,
0.0,
0.0,
7.0,
0.0,
5.0,
0.0,
0.0,
0.0,
0.0,
8.0,
0.0,
0.0,
13.0,
0.0,
186.0,
244.0,
68.0,
3.0,
7.0,
0.0,
0.0,
6.0,
0.0,
200.0,
244.0,
20.0,
0.0,
1.0,
0.0,
0.0,
6.0,
0.0,
2.0,
0.0,
0.0,
0.0,
0.0,
2.0,
1.0,
0.0,
7.0,
0.0,
150.0,
255.0,
223.0,
46.0,
11.0,
0.0,
4.0,
8.0,
146.0,
248.0,
186.0,
12.0,
9.0,
12.0,
5.0,
4.0,
4.0,
0.0,
0.0,
0.0,
0.0,
0.0,
0.0,
0.0,
17.0,
2.0,
0.0,
22.0,
0.0,
174.0,
255.0,
255.0,
171.0,
89.0,
92.0,
189.0,
242.0,
255.0,
0.0,
0.0,
0.0,
0.0,
0.0,
0.0,
1.0,
1.0,
1.0,
0.0,
0.0,
0.0,
0.0,
0.0,
0.0,
4.0,
3.0,
0.0,
0.0,
11.0,
145.0,
166.0,
163.0,
169.0,
171.0,
164.0,
187.0,
117.0,
1.0,
8.0,
3.0,
3.0,
7.0,
0.0,
0.0,
5.0,
0.0,
0.0,
0.0,
0.0,
0.0,
2.0,
0.0,
0.0,
4.0,
0.0,
0.0,
0.0,
0.0,
0.0,
11.0,
2.0,
0.0,
7.0,
0.0,
0.0,
3.0,
6.0,
0.0,
0.0,
4.0,
0.0,
0.0,
10.0,
0.0,
0.0,
0.0,
0.0,
0.0,
0.0,
0.0,
0.0,
0.0,
0.0,
0.0,
0.0,
0.0,
0.0,
0.0,
0.0,
0.0,
0.0,
0.0,
0.0,
0.0,
0.0,
0.0,
0.0,
0.0,
0.0,
0.0,
0.0,
0.0,
0.0,
0.0,
0.0,
0.0,
0.0,
0.0,
0.0,
0.0,
0.0,
0.0,
0.0,
0.0,
0.0,
0.0,
0.0,
0.0,
0.0,
0.0,
0.0,
0.0,
0.0,
0.0,
0.0,
0.0,
0.0,
0.0,
0.0,
0.0,
0.0,
0.0,
0.0,
0.0,
0.0,
0.0,
0.0,
0.0,
0.0,
0.0,
0.0,
0.0,
0.0,
0.0,
0.0,
0.0,
0.0,
0.0,
0.0,
0.0,
0.0,
0.0,
0.0,
0.0,
0.0,
0.0,
0.0,
0.0,
0.0,
0.0,
0.0,
0.0,
0.0,
0.0,
0.0,
0.0,
0.0,
0.0,
0.0,
0.0,
0.0,
0.0,
0.0,
0.0,
0.0,
0.0,
0.0,
0.0,
0.0,
0.0,
0.0,
0.0,
0.0,
0.0,
0.0,
0.0,
0.0,
0.0,
0.0,
0.0,
