0.0,
0.0,
0.0,
0.0,
0.0,
0.0,
0.0,
0.0,
0.0,
0.0,
0.0,
1.0,
1.0,
0.0,
0.0,
9.0,
0.0,
2.0,
2.0,
1.0,
4.0,
0.0,
0.0,
3.0,
0.0,
0.0,
0.0,
0.0,
0.0,
0.0,
0.0,
0.0,
0.0,
0.0,
0.0,
0.0,
0.0,
5.0,
0.0,
0.0,
4.0,
21.0,
5.0,
0.0,
0.0,
7.0,
0.0,
0.0,
0.0,
0.0,
11.0,
0.0,
0.0,
0.0,
0.0,
0.0,
0.0,
0.0,
0.0,
0.0,
0.0,
0.0,
0.0,
0.0,
1.0,
1.0,
0.0,
11.0,
0.0,
0.0,
0.0,
6.0,
5.0,
0.0,
0.0,
10.0,
3.0,
0.0,
0.0,
4.0,
0.0,
0.0,
0.0,
0.0,
0.0,
0.0,
0.0,
0.0,
0.0,
0.0,
0.0,
0.0,
0.0,
2.0,
0.0,
3.0,
0.0,
20.0,
10.0,
0.0,
10.0,
0.0,
11.0,
0.0,
0.0,
13.0,
0.0,
5.0,
0.0,
0.0,
0.0,
0.0,
0.0,
0.0,
0.0,
0.0,
0.0,
0.0,
0.0,
0.0,
3.0,
0.0,
0.0,
17.0,
0.0,
0.0,
0.0,
9.0,
0.0,
0.0,
7.0,
11.0,
4.0,
0.0,
0.0,
3.0,
0.0,
0.0,
0.0,
0.0,
0.0,
0.0,
0.0,
0.0,
0.0,
0.0,
0.0,
0.0,
1.0,
5.0,
1.0,
0.0,
0.0,
18.0,
81.0,
155.0,
193.0,
255.0,
183.0,
80.0,
0.0,
0.0,
22.0,
0.0,
0.0,
0.0,
0.0,
0.0,
0.0,
0.0,
0.0,
0.0,
0.0,
0.0,
0.0,
0.0,
0.0,
15.0,
0.0,
0.0,
99.0,
206.0,
255.0,
255.0,
251.0,
255.0,
235.0,
245.0,
175.0,
16.0,
0.0,
13.0,
0.0,
0.0,
0.0,
0.0,
0.0,
0.0,
0.0,
0.0,
0.0,
0.0,
0.0,
0.0,
4.0,
0.0,
4.0,
78.0,
244.0,
252.0,
244.0,
252.0,
252.0,
252.0,
255.0,
243.0,
246.0,
178.0,
16.0,
0.0,
0.0,
0.0,
0.0,
0.0,
0.0,
0.0,
0.0,
0.0,
0.0,
0.0,
0.0,
0.0,
8.0,
0.0,
22.0,
197.0,
252.0,
174.0,
162.0,
179.0,
246.0,
255.0,
249.0,
255.0,
255.0,
234.0,
0.0,
4.0,
0.0,
0.0,
0.0,
0.0,
0.0,
0.0,
0.0,
0.0,
0.0,
0.0,
0.0,
0.0,
0.0,
7.0,
153.0,
255.0,
207.0,
4.0,
0.0,
12.0,
37.0,
7.0,
53.0,
120.0,
113.0,
119.0,
4.0,
1.0,
0.0,
0.0,
0.0,
0.0,
0.0,
0.0,
0.0,
0.0,
0.0,
0.0,
0.0,
0.0,
0.0,
99.0,
255.0,
244.0,
37.0,
0.0,
5.0,
7.0,
0.0,
0.0,
9.0,
15.0,
0.0,
25.0,
0.0,
0.0,
0.0,
0.0,
0.0,
0.0,
0.0,
0.0,
0.0,
0.0,
0.0,
0.0,
0.0,
0.0,
3.0,
60.0,
254.0,
239.0,
49.0,
1.0,
0.0,
0.0,
0.0,
5.0,
9.0,
0.0,
0.0,
0.0,
0.0,
10.0,
0.0,
0.0,
0.0,
0.0,
0.0,
0.0,
0.0,
0.0,
0.0,
0.0,
0.0,
0.0,
0.0,
82.0,
255.0,
253.0,
37.0,
4.0,
0.0,
14.0,
19.0,
0.0,
0.0,
20.0,
12.0,
0.0,
2.0,
0.0,
0.0,
0.0,
0.0,
0.0,
0.0,
0.0,
0.0,
0.0,
0.0,
0.0,
0.0,
0.0,
0.0,
151.0,
249.0,
240.0,
9.0,
19.0,
25.0,
102.0,
94.0,
60.0,
13.0,
0.0,
0.0,
1.0,
0.0,
7.0,
0.0,
0.0,
0.0,
0.0,
0.0,
0.0,
0.0,
0.0,
0.0,
0.0,
0.0,
0.0,
9.0,
214.0,
242.0,
114.0,
96.0,
199.0,
255.0,
255.0,
255.0,
255.0,
172.0,
38.0,
0.0,
7.0,
0.0,
4.0,
0.0,
0.0,
0.0,
0.0,
0.0,
0.0,
0.0,
0.0,
0.0,
0.0,
0.0,
0.0,
27.0,
241.0,
255.0,
227.0,
243.0,
252.0,
253.0,
245.0,
253.0,
254.0,
249.0,
139.0,
3.0,
2.0,
1.0,
2.0,
0.0,
0.0,
0.0,
0.0,
2.0,
0.0,
0.0,
0.0,
9.0,
0.0,
11.0,
5.0,
30.0,
242.0,
255.0,
255.0,
249.0,
243.0,
125.0,
4.0,
13.0,
231.0,
255.0,
127.0,
0.0,
10.0,
0.0,
2.0,
0.0,
0.0,
0.0,
0.0,
0.0,
11.0,
0.0,
11.0,
8.0,
0.0,
2.0,
0.0,
18.0,
232.0,
250.0,
179.0,
83.0,
24.0,
0.0,
11.0,
0.0,
255.0,
240.0,
133.0,
3.0,
0.0,
0.0,
0.0,
0.0,
0.0,
0.0,
0.0,
0.0,
9.0,
0.0,
11.0,
0.0,
3.0,
6.0,
10.0,
0.0,
21.0,
16.0,
19.0,
0.0,
11.0,
0.0,
0.0,
27.0,
239.0,
238.0,
39.0,
3.0,
0.0,
0.0,
2.0,
0.0,
0.0,
0.0,
0.0,
2.0,
0.0,
4.0,
0.0,
0.0,
11.0,
0.0,
0.0,
22.0,
0.0,
0.0,
3.0,
0.0,
7.0,
3.0,
9.0,
175.0,
255.0,
231.0,
0.0,
0.0,
6.0,
1.0,
0.0,
0.0,
0.0,
0.0,
0.0,
4.0,
0.0,
0.0,
0.0,
5.0,
0.0,
11.0,
10.0,
0.0,
15.0,
0.0,
1.0,
12.0,
0.0,
2.0,
114.0,
252.0,
242.0,
113.0,
30.0,
0.0,
0.0,
11.0,
0.0,
0.0,
0.0,
0.0,
0.0,
0.0,
21.0,
0.0,
0.0,
6.0,
0.0,
148.0,
201.0,
204.0,
139.0,
40.0,
0.0,
0.0,
3.0,
99.0,
245.0,
255.0,
112.0,
3.0,
0.0,
0.0,
4.0,
2.0,
3.0,
0.0,
0.0,
0.0,
0.0,
0.0,
14.0,
0.0,
3.0,
0.0,
8.0,
158.0,
255.0,
255.0,
250.0,
245.0,
217.0,
130.0,
117.0,
216.0,
255.0,
200.0,
25.0,
6.0,
0.0,
10.0,
8.0,
0.0,
0.0,
0.0,
0.0,
0.0,
0.0,
12.0,
0.0,
0.0,
9.0,
0.0,
6.0,
0.0,
62.0,
107.0,
190.0,
237.0,
255.0,
245.0,
250.0,
255.0,
193.0,
21.0,
0.0,
0.0,
11.0,
0.0,
0.0,
8.0,
3.0,
0.0,
0.0,
0.0,
0.0,
0.0,
0.0,
0.0,
0.0,
0.0,
0.0,
0.0,
0.0,
0.0,
11.0,
36.0,
158.0,
159.0,
237.0,
139.0,
25.0,
0.0,
0.0,
0.0,
0.0,
0.0,
0.0,
0.0,
0.0,
0.0,
0.0,
0.0,
0.0,
0.0,
0.0,
0.0,
0.0,
0.0,
0.0,
0.0,
0.0,
12.0,
0.0,
0.0,
12.0,
0.0,
17.0,
11.0,
0.0,
0.0,
0.0,
0.0,
0.0,
0.0,
0.0,
0.0,
0.0,
0.0,
0.0,
0.0,
0.0,
0.0,
0.0,
0.0,
0.0,
0.0,
0.0,
0.0,
0.0,
6.0,
0.0,
6.0,
10.0,
0.0,
0.0,
2.0,
6.0,
0.0,
0.0,
0.0,
0.0,
0.0,
0.0,
0.0,
0.0,
0.0,
0.0,
0.0,
0.0,
0.0,
0.0,
0.0,
0.0,
0.0,
0.0,
0.0,
0.0,
0.0,
0.0,
0.0,
0.0,
14.0,
0.0,
0.0,
0.0,
0.0,
0.0,
0.0,
0.0,
0.0,
0.0,
0.0,
0.0,
0.0,
0.0,
0.0,
0.0,
