0.0,
0.0,
0.0,
0.0,
0.0,
0.0,
0.0,
0.0,
0.0,
0.0,
0.0,
0.0,
0.0,
0.0,
0.0,
0.0,
0.0,
0.0,
0.0,
0.0,
0.0,
0.0,
0.0,
0.0,
0.0,
0.0,
0.0,
0.0,
0.0,
0.0,
0.0,
0.0,
0.0,
0.0,
0.0,
0.0,
0.0,
0.0,
0.0,
0.0,
0.0,
0.0,
0.0,
0.0,
0.0,
0.0,
0.0,
0.0,
0.0,
0.0,
0.0,
0.0,
0.0,
0.0,
0.0,
0.0,
0.0,
0.0,
0.0,
0.0,
0.0,
0.0,
0.0,
0.0,
0.0,
0.0,
0.0,
0.0,
0.0,
0.0,
0.0,
0.0,
0.0,
0.0,
0.0,
0.0,
0.0,
0.0,
0.0,
0.0,
0.0,
0.0,
0.0,
0.0,
0.0,
0.0,
0.0,
0.0,
0.0,
0.0,
0.0,
0.0,
0.0,
0.0,
0.0,
0.0,
0.0,
0.0,
0.0,
0.0,
0.0,
0.0,
0.0,
0.0,
0.0,
0.0,
0.0,
0.0,
0.0,
0.0,
0.0,
0.0,
0.0,
0.0,
0.0,
0.0,
0.0,
0.0,
0.0,
0.0,
0.0,
0.0,
0.0,
0.0,
0.0,
0.0,
0.0,
0.0,
0.0,
0.0,
0.0,
0.0,
0.0,
0.0,
0.0,
0.0,
0.0,
0.0,
0.0,
0.0,
0.0,
0.0,
0.0,
0.0,
0.0,
0.0,
0.0,
0.0,
0.0,
0.0,
0.0,
0.0,
0.0,
0.0,
0.0,
0.0,
0.0,
0.0,
0.0,
0.0,
0.0,
0.0,
0.0,
0.0,
0.0,
0.0,
0.0,
0.0,
0.0,
0.0,
0.0,
0.0,
0.0,
0.0,
0.0,
0.0,
0.0,
0.0,
0.0,
0.0,
0.0,
0.0,
0.0,
0.0,
0.0,
0.0,
0.0,
0.0,
0.0,
0.0,
0.0,
0.0,
0.0,
0.0,
0.0,
0.0,
0.0,
0.0,
0.0,
0.0,
0.0,
0.0,
0.0,
0.0,
0.0,
0.0,
0.0,
0.0,
0.0,
0.0,
0.0,
0.0,
0.0,
0.0,
0.0,
0.0,
0.0,
0.0,
0.0,
0.0,
0.0,
0.0,
0.0,
0.0,
0.0,
0.0,
0.0,
0.0,
0.0,
0.0,
0.0,
0.0,
0.0,
10.0,
0.0,
0.0,
3.0,
5.0,
0.0,
1.0,
1.0,
1.0,
92.0,
111.0,
167.0,
166.0,
177.0,
81.0,
0.0,
0.0,
16.0,
2.0,
0.0,
0.0,
0.0,
0.0,
0.0,
0.0,
0.0,
0.0,
0.0,
15.0,
11.0,
10.0,
0.0,
6.0,
15.0,
172.0,
155.0,
199.0,
245.0,
255.0,
255.0,
255.0,
253.0,
255.0,
197.0,
20.0,
0.0,
11.0,
0.0,
0.0,
0.0,
0.0,
0.0,
0.0,
0.0,
0.0,
5.0,
0.0,
0.0,
0.0,
159.0,
63.0,
202.0,
255.0,
255.0,
182.0,
158.0,
145.0,
33.0,
0.0,
5.0,
0.0,
4.0,
0.0,
5.0,
0.0,
0.0,
0.0,
0.0,
0.0,
0.0,
0.0,
0.0,
0.0,
0.0,
14.0,
0.0,
138.0,
247.0,
205.0,
215.0,
74.0,
2.0,
0.0,
0.0,
6.0,
21.0,
0.0,
0.0,
1.0,
0.0,
11.0,
14.0,
0.0,
0.0,
0.0,
0.0,
0.0,
0.0,
0.0,
0.0,
0.0,
0.0,
17.0,
150.0,
247.0,
216.0,
0.0,
0.0,
4.0,
0.0,
10.0,
8.0,
0.0,
5.0,
0.0,
0.0,
0.0,
4.0,
0.0,
0.0,
11.0,
0.0,
0.0,
0.0,
0.0,
0.0,
0.0,
0.0,
0.0,
11.0,
185.0,
251.0,
252.0,
226.0,
164.0,
163.0,
168.0,
116.0,
60.0,
3.0,
0.0,
0.0,
9.0,
0.0,
0.0,
8.0,
15.0,
16.0,
1.0,
0.0,
0.0,
0.0,
0.0,
0.0,
0.0,
0.0,
0.0,
47.0,
245.0,
255.0,
255.0,
246.0,
255.0,
255.0,
255.0,
254.0,
250.0,
98.0,
0.0,
9.0,
1.0,
0.0,
20.0,
0.0,
0.0,
0.0,
0.0,
0.0,
0.0,
0.0,
0.0,
0.0,
0.0,
0.0,
0.0,
182.0,
238.0,
255.0,
185.0,
90.0,
57.0,
0.0,
27.0,
115.0,
255.0,
242.0,
12.0,
0.0,
0.0,
21.0,
0.0,
5.0,
6.0,
3.0,
2.0,
0.0,
0.0,
20.0,
0.0,
0.0,
16.0,
84.0,
0.0,
25.0,
153.0,
79.0,
0.0,
0.0,
21.0,
0.0,
34.0,
180.0,
255.0,
180.0,
20.0,
0.0,
6.0,
0.0,
4.0,
0.0,
0.0,
0.0,
0.0,
4.0,
14.0,
0.0,
0.0,
2.0,
181.0,
242.0,
172.0,
96.0,
127.0,
75.0,
55.0,
28.0,
83.0,
140.0,
250.0,
255.0,
201.0,
82.0,
0.0,
0.0,
10.0,
0.0,
0.0,
0.0,
0.0,
0.0,
0.0,
0.0,
5.0,
2.0,
0.0,
1.0,
114.0,
236.0,
255.0,
252.0,
245.0,
246.0,
255.0,
234.0,
253.0,
255.0,
255.0,
168.0,
71.0,
1.0,
0.0,
0.0,
1.0,
3.0,
0.0,
0.0,
0.0,
0.0,
0.0,
4.0,
0.0,
10.0,
0.0,
8.0,
0.0,
79.0,
129.0,
175.0,
164.0,
179.0,
183.0,
169.0,
179.0,
144.0,
56.0,
13.0,
0.0,
0.0,
10.0,
0.0,
0.0,
2.0,
0.0,
0.0,
0.0,
0.0,
0.0,
0.0,
3.0,
0.0,
2.0,
0.0,
0.0,
0.0,
6.0,
8.0,
0.0,
0.0,
0.0,
0.0,
0.0,
4.0,
0.0,
0.0,
0.0,
4.0,
4.0,
4.0,
1.0,
0.0,
0.0,
0.0,
0.0,
0.0,
0.0,
0.0,
8.0,
4.0,
7.0,
0.0,
14.0,
0.0,
5.0,
0.0,
2.0,
4.0,
0.0,
3.0,
0.0,
0.0,
14.0,
4.0,
13.0,
1.0,
0.0,
6.0,
1.0,
0.0,
5.0,
0.0,
0.0,
0.0,
0.0,
14.0,
0.0,
0.0,
0.0,
9.0,
7.0,
0.0,
1.0,
0.0,
10.0,
0.0,
0.0,
0.0,
5.0,
0.0,
0.0,
0.0,
0.0,
0.0,
0.0,
1.0,
0.0,
0.0,
6.0,
0.0,
0.0,
0.0,
0.0,
0.0,
0.0,
13.0,
0.0,
0.0,
3.0,
0.0,
2.0,
2.0,
1.0,
0.0,
5.0,
0.0,
0.0,
0.0,
5.0,
4.0,
0.0,
6.0,
4.0,
0.0,
2.0,
7.0,
0.0,
0.0,
0.0,
0.0,
0.0,
0.0,
0.0,
0.0,
0.0,
0.0,
0.0,
0.0,
0.0,
0.0,
0.0,
0.0,
0.0,
0.0,
0.0,
0.0,
0.0,
0.0,
0.0,
0.0,
0.0,
0.0,
0.0,
0.0,
0.0,
0.0,
0.0,
0.0,
0.0,
0.0,
0.0,
0.0,
0.0,
0.0,
0.0,
0.0,
0.0,
0.0,
0.0,
0.0,
0.0,
0.0,
0.0,
0.0,
0.0,
0.0,
0.0,
0.0,
0.0,
0.0,
0.0,
0.0,
0.0,
0.0,
0.0,
0.0,
0.0,
0.0,
0.0,
0.0,
0.0,
0.0,
0.0,
0.0,
0.0,
0.0,
0.0,
0.0,
0.0,
0.0,
0.0,
0.0,
0.0,
0.0,
0.0,
0.0,
0.0,
0.0,
0.0,
0.0,
0.0,
0.0,
0.0,
0.0,
0.0,
0.0,
0.0,
0.0,
0.0,
0.0,
0.0,
0.0,
0.0,
0.0,
0.0,
0.0,
0.0,
0.0,
0.0,
0.0,
0.0,
0.0,
0.0,
0.0,
0.0,
0.0,
0.0,
0.0,
0.0,
0.0,
0.0,
0.0,
0.0,
