0.0,
0.0,
0.0,
0.0,
0.0,
0.0,
0.0,
0.0,
0.0,
0.0,
2.0,
5.0,
0.0,
12.0,
0.0,
0.0,
6.0,
0.0,
0.0,
0.0,
5.0,
0.0,
6.0,
2.0,
3.0,
4.0,
0.0,
11.0,
0.0,
0.0,
0.0,
0.0,
0.0,
0.0,
0.0,
0.0,
6.0,
10.0,
2.0,
0.0,
0.0,
10.0,
5.0,
0.0,
0.0,
2.0,
16.0,
0.0,
5.0,
0.0,
2.0,
0.0,
0.0,
1.0,
0.0,
0.0,
0.0,
0.0,
0.0,
0.0,
0.0,
0.0,
0.0,
0.0,
0.0,
0.0,
1.0,
8.0,
4.0,
0.0,
2.0,
11.0,
13.0,
0.0,
0.0,
0.0,
11.0,
0.0,
0.0,
10.0,
0.0,
16.0,
10.0,
5.0,
0.0,
0.0,
0.0,
0.0,
0.0,
0.0,
0.0,
0.0,
0.0,
0.0,
0.0,
8.0,
6.0,
0.0,
0.0,
0.0,
0.0,
1.0,
11.0,
2.0,
0.0,
0.0,
0.0,
0.0,
0.0,
1.0,
0.0,
0.0,
0.0,
0.0,
0.0,
0.0,
0.0,
0.0,
0.0,
0.0,
2.0,
8.0,
0.0,
0.0,
2.0,
15.0,
14.0,
0.0,
11.0,
0.0,
0.0,
0.0,
2.0,
6.0,
2.0,
2.0,
10.0,
4.0,
0.0,
0.0,
0.0,
0.0,
0.0,
0.0,
0.0,
0.0,
0.0,
0.0,
0.0,
0.0,
0.0,
10.0,
0.0,
0.0,
0.0,
3.0,
0.0,
5.0,
6.0,
6.0,
0.0,
0.0,
0.0,
5.0,
0.0,
0.0,
18.0,
7.0,
0.0,
0.0,
0.0,
0.0,
0.0,
0.0,
0.0,
0.0,
4.0,
0.0,
0.0,
12.0,
0.0,
43.0,
20.0,
72.0,
0.0,
9.0,
0.0,
35.0,
126.0,
220.0,
155.0,
36.0,
16.0,
0.0,
0.0,
7.0,
0.0,
0.0,
0.0,
0.0,
0.0,
0.0,
0.0,
0.0,
0.0,
9.0,
0.0,
0.0,
37.0,
241.0,
239.0,
252.0,
249.0,
187.0,
150.0,
218.0,
255.0,
255.0,
213.0,
184.0,
177.0,
23.0,
0.0,
9.0,
0.0,
0.0,
0.0,
0.0,
0.0,
0.0,
0.0,
0.0,
6.0,
0.0,
8.0,
0.0,
98.0,
250.0,
255.0,
249.0,
255.0,
251.0,
254.0,
255.0,
255.0,
241.0,
233.0,
235.0,
114.0,
17.0,
0.0,
11.0,
0.0,
0.0,
0.0,
0.0,
0.0,
0.0,
0.0,
0.0,
0.0,
8.0,
0.0,
23.0,
251.0,
242.0,
122.0,
137.0,
105.0,
102.0,
105.0,
105.0,
86.0,
50.0,
20.0,
8.0,
23.0,
0.0,
0.0,
15.0,
0.0,
0.0,
0.0,
0.0,
0.0,
0.0,
0.0,
0.0,
0.0,
4.0,
0.0,
154.0,
234.0,
161.0,
22.0,
0.0,
0.0,
0.0,
0.0,
11.0,
11.0,
1.0,
0.0,
0.0,
0.0,
0.0,
3.0,
3.0,
0.0,
0.0,
0.0,
0.0,
0.0,
0.0,
0.0,
0.0,
10.0,
0.0,
67.0,
251.0,
230.0,
30.0,
0.0,
5.0,
15.0,
6.0,
0.0,
0.0,
0.0,
0.0,
0.0,
6.0,
6.0,
11.0,
2.0,
0.0,
0.0,
0.0,
0.0,
0.0,
0.0,
0.0,
0.0,
0.0,
0.0,
0.0,
176.0,
255.0,
114.0,
0.0,
0.0,
0.0,
0.0,
0.0,
0.0,
0.0,
0.0,
0.0,
2.0,
5.0,
0.0,
3.0,
0.0,
0.0,
0.0,
0.0,
0.0,
0.0,
0.0,
0.0,
0.0,
0.0,
18.0,
9.0,
247.0,
226.0,
15.0,
17.0,
0.0,
0.0,
8.0,
8.0,
9.0,
8.0,
5.0,
1.0,
0.0,
0.0,
0.0,
0.0,
2.0,
3.0,
0.0,
0.0,
0.0,
0.0,
0.0,
0.0,
0.0,
0.0,
0.0,
9.0,
246.0,
244.0,
249.0,
134.0,
23.0,
0.0,
0.0,
0.0,
0.0,
0.0,
0.0,
0.0,
2.0,
4.0,
3.0,
5.0,
5.0,
0.0,
0.0,
0.0,
0.0,
0.0,
0.0,
0.0,
0.0,
0.0,
0.0,
4.0,
88.0,
129.0,
214.0,
250.0,
212.0,
41.0,
0.0,
0.0,
0.0,
0.0,
0.0,
1.0,
1.0,
0.0,
0.0,
0.0,
1.0,
0.0,
0.0,
15.0,
0.0,
0.0,
0.0,
6.0,
0.0,
5.0,
0.0,
6.0,
0.0,
0.0,
8.0,
138.0,
242.0,
119.0,
4.0,
0.0,
0.0,
0.0,
3.0,
2.0,
1.0,
1.0,
0.0,
0.0,
0.0,
0.0,
0.0,
0.0,
6.0,
0.0,
16.0,
0.0,
7.0,
0.0,
0.0,
7.0,
0.0,
9.0,
0.0,
11.0,
179.0,
208.0,
16.0,
6.0,
0.0,
0.0,
2.0,
1.0,
0.0,
1.0,
0.0,
0.0,
0.0,
0.0,
2.0,
8.0,
0.0,
18.0,
0.0,
2.0,
0.0,
12.0,
8.0,
9.0,
0.0,
0.0,
0.0,
0.0,
196.0,
234.0,
19.0,
9.0,
1.0,
0.0,
1.0,
0.0,
0.0,
2.0,
0.0,
0.0,
0.0,
0.0,
0.0,
9.0,
0.0,
0.0,
4.0,
3.0,
0.0,
0.0,
0.0,
0.0,
0.0,
22.0,
7.0,
80.0,
250.0,
219.0,
8.0,
1.0,
0.0,
0.0,
0.0,
0.0,
0.0,
3.0,
0.0,
0.0,
0.0,
0.0,
0.0,
0.0,
6.0,
3.0,
15.0,
15.0,
25.0,
13.0,
0.0,
17.0,
7.0,
0.0,
26.0,
237.0,
249.0,
49.0,
0.0,
0.0,
0.0,
0.0,
2.0,
0.0,
0.0,
2.0,
0.0,
0.0,
0.0,
0.0,
0.0,
9.0,
0.0,
0.0,
6.0,
201.0,
255.0,
176.0,
40.0,
69.0,
120.0,
197.0,
238.0,
255.0,
108.0,
6.0,
0.0,
0.0,
0.0,
4.0,
4.0,
0.0,
0.0,
0.0,
0.0,
0.0,
0.0,
0.0,
6.0,
0.0,
14.0,
0.0,
0.0,
10.0,
153.0,
253.0,
255.0,
253.0,
237.0,
255.0,
234.0,
152.0,
14.0,
0.0,
3.0,
1.0,
1.0,
3.0,
2.0,
0.0,
0.0,
2.0,
0.0,
0.0,
0.0,
0.0,
0.0,
18.0,
0.0,
3.0,
14.0,
0.0,
0.0,
137.0,
160.0,
165.0,
165.0,
141.0,
65.0,
0.0,
0.0,
8.0,
2.0,
0.0,
0.0,
0.0,
0.0,
0.0,
0.0,
5.0,
0.0,
0.0,
0.0,
0.0,
0.0,
0.0,
0.0,
0.0,
0.0,
0.0,
0.0,
0.0,
0.0,
0.0,
0.0,
0.0,
0.0,
0.0,
0.0,
0.0,
0.0,
0.0,
0.0,
0.0,
0.0,
0.0,
0.0,
0.0,
0.0,
0.0,
0.0,
0.0,
0.0,
0.0,
0.0,
0.0,
0.0,
0.0,
0.0,
0.0,
0.0,
0.0,
0.0,
0.0,
0.0,
0.0,
0.0,
0.0,
0.0,
0.0,
0.0,
0.0,
0.0,
0.0,
0.0,
0.0,
0.0,
0.0,
0.0,
0.0,
0.0,
0.0,
0.0,
0.0,
0.0,
0.0,
0.0,
0.0,
0.0,
0.0,
0.0,
0.0,
0.0,
0.0,
0.0,
0.0,
0.0,
0.0,
0.0,
0.0,
0.0,
0.0,
0.0,
0.0,
0.0,
0.0,
0.0,
0.0,
0.0,
0.0,
0.0,
0.0,
0.0,
0.0,
0.0,
0.0,
0.0,
0.0,
0.0,
0.0,
0.0,
0.0,
0.0,
0.0,
0.0,
0.0,
0.0,
0.0,
0.0,
0.0,
0.0,
0.0,
0.0,
0.0,
0.0,
0.0,
