0.0,
0.0,
0.0,
0.0,
0.0,
0.0,
0.0,
0.0,
0.0,
2.0,
1.0,
0.0,
0.0,
5.0,
6.0,
2.0,
0.0,
0.0,
0.0,
1.0,
3.0,
0.0,
0.0,
9.0,
1.0,
0.0,
4.0,
9.0,
0.0,
0.0,
0.0,
0.0,
0.0,
0.0,
0.0,
0.0,
0.0,
0.0,
6.0,
9.0,
2.0,
0.0,
0.0,
0.0,
0.0,
0.0,
0.0,
0.0,
13.0,
12.0,
2.0,
1.0,
0.0,
5.0,
0.0,
0.0,
0.0,
0.0,
0.0,
0.0,
0.0,
0.0,
0.0,
0.0,
11.0,
0.0,
0.0,
0.0,
1.0,
2.0,
5.0,
12.0,
3.0,
8.0,
0.0,
0.0,
0.0,
0.0,
0.0,
4.0,
0.0,
15.0,
0.0,
0.0,
0.0,
0.0,
0.0,
0.0,
0.0,
0.0,
0.0,
0.0,
1.0,
0.0,
0.0,
0.0,
5.0,
1.0,
0.0,
0.0,
0.0,
5.0,
6.0,
6.0,
9.0,
3.0,
0.0,
0.0,
7.0,
0.0,
21.0,
0.0,
0.0,
0.0,
0.0,
0.0,
0.0,
0.0,
0.0,
0.0,
0.0,
4.0,
9.0,
4.0,
0.0,
1.0,
4.0,
4.0,
0.0,
0.0,
0.0,
0.0,
15.0,
59.0,
130.0,
199.0,
243.0,
38.0,
3.0,
8.0,
0.0,
0.0,
0.0,
0.0,
0.0,
0.0,
0.0,
0.0,
6.0,
2.0,
0.0,
0.0,
0.0,
0.0,
0.0,
0.0,
0.0,
21.0,
70.0,
152.0,
235.0,
255.0,
254.0,
242.0,
251.0,
255.0,
0.0,
0.0,
0.0,
0.0,
0.0,
0.0,
0.0,
0.0,
0.0,
0.0,
0.0,
0.0,
0.0,
7.0,
4.0,
0.0,
3.0,
28.0,
160.0,
213.0,
250.0,
254.0,
253.0,
254.0,
255.0,
255.0,
196.0,
67.0,
0.0,
18.0,
0.0,
0.0,
0.0,
0.0,
0.0,
0.0,
0.0,
0.0,
1.0,
0.0,
2.0,
7.0,
0.0,
10.0,
119.0,
243.0,
243.0,
255.0,
255.0,
247.0,
255.0,
238.0,
155.0,
70.0,
3.0,
3.0,
19.0,
0.0,
3.0,
0.0,
0.0,
3.0,
3.0,
0.0,
12.0,
0.0,
1.0,
0.0,
0.0,
3.0,
37.0,
141.0,
247.0,
255.0,
255.0,
235.0,
198.0,
151.0,
81.0,
15.0,
0.0,
4.0,
0.0,
0.0,
0.0,
0.0,
0.0,
7.0,
2.0,
0.0,
1.0,
16.0,
0.0,
0.0,
99.0,
206.0,
74.0,
0.0,
92.0,
240.0,
255.0,
180.0,
121.0,
60.0,
1.0,
0.0,
6.0,
13.0,
8.0,
3.0,
0.0,
0.0,
0.0,
0.0,
0.0,
1.0,
2.0,
3.0,
2.0,
4.0,
0.0,
88.0,
232.0,
255.0,
140.0,
0.0,
95.0,
227.0,
66.0,
3.0,
0.0,
0.0,
0.0,
0.0,
0.0,
0.0,
0.0,
0.0,
0.0,
0.0,
0.0,
0.0,
8.0,
0.0,
0.0,
0.0,
0.0,
0.0,
93.0,
249.0,
255.0,
248.0,
55.0,
0.0,
20.0,
36.0,
9.0,
0.0,
0.0,
5.0,
10.0,
7.0,
3.0,
2.0,
2.0,
1.0,
0.0,
0.0,
0.0,
0.0,
0.0,
2.0,
6.0,
0.0,
0.0,
0.0,
156.0,
251.0,
250.0,
190.0,
45.0,
0.0,
0.0,
0.0,
0.0,
12.0,
5.0,
2.0,
0.0,
0.0,
0.0,
4.0,
5.0,
0.0,
0.0,
0.0,
0.0,
0.0,
0.0,
0.0,
7.0,
6.0,
9.0,
0.0,
170.0,
251.0,
254.0,
255.0,
237.0,
197.0,
157.0,
53.0,
3.0,
0.0,
0.0,
5.0,
14.0,
10.0,
0.0,
0.0,
0.0,
0.0,
0.0,
0.0,
0.0,
0.0,
8.0,
0.0,
0.0,
0.0,
7.0,
0.0,
148.0,
255.0,
252.0,
230.0,
255.0,
244.0,
255.0,
248.0,
70.0,
21.0,
8.0,
0.0,
0.0,
0.0,
0.0,
5.0,
7.0,
7.0,
0.0,
0.0,
0.0,
0.0,
0.0,
12.0,
2.0,
0.0,
13.0,
0.0,
26.0,
69.0,
83.0,
191.0,
197.0,
255.0,
242.0,
253.0,
255.0,
165.0,
7.0,
4.0,
5.0,
7.0,
2.0,
0.0,
0.0,
1.0,
0.0,
0.0,
0.0,
0.0,
0.0,
11.0,
0.0,
0.0,
5.0,
0.0,
0.0,
4.0,
0.0,
0.0,
0.0,
73.0,
198.0,
255.0,
244.0,
255.0,
160.0,
9.0,
6.0,
4.0,
0.0,
7.0,
0.0,
10.0,
0.0,
0.0,
0.0,
0.0,
3.0,
0.0,
12.0,
0.0,
4.0,
0.0,
0.0,
4.0,
0.0,
9.0,
0.0,
6.0,
25.0,
121.0,
255.0,
249.0,
255.0,
99.0,
0.0,
8.0,
0.0,
2.0,
4.0,
0.0,
0.0,
0.0,
0.0,
0.0,
6.0,
0.0,
0.0,
10.0,
0.0,
0.0,
16.0,
0.0,
4.0,
0.0,
20.0,
0.0,
0.0,
0.0,
201.0,
254.0,
255.0,
196.0,
9.0,
0.0,
0.0,
0.0,
12.0,
0.0,
0.0,
0.0,
0.0,
0.0,
0.0,
0.0,
0.0,
13.0,
0.0,
0.0,
0.0,
0.0,
0.0,
17.0,
0.0,
5.0,
9.0,
11.0,
44.0,
255.0,
232.0,
255.0,
72.0,
0.0,
4.0,
0.0,
0.0,
0.0,
0.0,
0.0,
0.0,
0.0,
0.0,
7.0,
18.0,
0.0,
3.0,
2.0,
11.0,
87.0,
33.0,
4.0,
35.0,
126.0,
83.0,
155.0,
179.0,
255.0,
250.0,
246.0,
65.0,
5.0,
0.0,
4.0,
0.0,
3.0,
0.0,
0.0,
0.0,
0.0,
0.0,
0.0,
7.0,
0.0,
6.0,
0.0,
207.0,
243.0,
255.0,
248.0,
253.0,
255.0,
255.0,
242.0,
254.0,
235.0,
255.0,
117.0,
0.0,
7.0,
0.0,
5.0,
4.0,
3.0,
0.0,
0.0,
0.0,
0.0,
5.0,
0.0,
0.0,
11.0,
0.0,
0.0,
253.0,
254.0,
245.0,
255.0,
255.0,
255.0,
238.0,
255.0,
255.0,
255.0,
196.0,
46.0,
0.0,
14.0,
0.0,
4.0,
4.0,
0.0,
0.0,
0.0,
0.0,
0.0,
4.0,
0.0,
15.0,
0.0,
0.0,
23.0,
43.0,
126.0,
130.0,
187.0,
248.0,
136.0,
120.0,
134.0,
108.0,
90.0,
8.0,
0.0,
5.0,
0.0,
0.0,
3.0,
1.0,
1.0,
0.0,
0.0,
0.0,
0.0,
0.0,
0.0,
0.0,
0.0,
0.0,
0.0,
0.0,
0.0,
0.0,
0.0,
0.0,
0.0,
0.0,
0.0,
0.0,
0.0,
0.0,
0.0,
0.0,
0.0,
0.0,
0.0,
0.0,
0.0,
0.0,
0.0,
0.0,
0.0,
0.0,
0.0,
0.0,
0.0,
0.0,
0.0,
0.0,
0.0,
0.0,
0.0,
0.0,
0.0,
0.0,
0.0,
0.0,
0.0,
0.0,
0.0,
0.0,
0.0,
0.0,
0.0,
0.0,
0.0,
0.0,
0.0,
0.0,
0.0,
0.0,
0.0,
0.0,
0.0,
0.0,
0.0,
0.0,
0.0,
0.0,
0.0,
0.0,
0.0,
0.0,
0.0,
0.0,
0.0,
0.0,
0.0,
0.0,
0.0,
0.0,
0.0,
0.0,
0.0,
0.0,
0.0,
0.0,
0.0,
0.0,
0.0,
0.0,
0.0,
0.0,
0.0,
0.0,
0.0,
0.0,
0.0,
0.0,
0.0,
0.0,
0.0,
0.0,
0.0,
0.0,
0.0,
0.0,
0.0,
0.0,
0.0,
0.0,
0.0,
0.0,
0.0,
0.0,
0.0,
