4.0,
4.0,
0.0,
0.0,
0.0,
1.0,
1.0,
0.0,
0.0,
10.0,
12.0,
0.0,
0.0,
3.0,
4.0,
0.0,
5.0,
0.0,
0.0,
15.0,
0.0,
0.0,
0.0,
0.0,
0.0,
0.0,
0.0,
0.0,
0.0,
0.0,
4.0,
9.0,
3.0,
0.0,
0.0,
0.0,
11.0,
0.0,
0.0,
5.0,
8.0,
0.0,
0.0,
11.0,
0.0,
10.0,
0.0,
0.0,
2.0,
13.0,
0.0,
1.0,
0.0,
0.0,
0.0,
0.0,
10.0,
0.0,
0.0,
0.0,
1.0,
1.0,
6.0,
15.0,
4.0,
0.0,
0.0,
1.0,
3.0,
0.0,
0.0,
0.0,
7.0,
0.0,
4.0,
9.0,
5.0,
0.0,
0.0,
0.0,
0.0,
0.0,
0.0,
0.0,
1.0,
0.0,
0.0,
3.0,
3.0,
0.0,
0.0,
0.0,
0.0,
3.0,
4.0,
0.0,
0.0,
0.0,
5.0,
10.0,
0.0,
0.0,
13.0,
0.0,
0.0,
0.0,
9.0,
9.0,
0.0,
0.0,
0.0,
0.0,
0.0,
2.0,
11.0,
3.0,
0.0,
3.0,
7.0,
6.0,
0.0,
0.0,
1.0,
17.0,
6.0,
0.0,
7.0,
50.0,
77.0,
52.0,
49.0,
143.0,
242.0,
94.0,
0.0,
8.0,
0.0,
0.0,
0.0,
0.0,
1.0,
3.0,
0.0,
0.0,
0.0,
3.0,
0.0,
0.0,
10.0,
0.0,
0.0,
0.0,
0.0,
55.0,
150.0,
231.0,
240.0,
255.0,
248.0,
255.0,
255.0,
142.0,
14.0,
0.0,
0.0,
0.0,
0.0,
0.0,
4.0,
0.0,
0.0,
6.0,
3.0,
0.0,
0.0,
12.0,
159.0,
183.0,
192.0,
178.0,
178.0,
210.0,
244.0,
255.0,
255.0,
242.0,
255.0,
247.0,
121.0,
20.0,
0.0,
0.0,
0.0,
0.0,
0.0,
0.0,
1.0,
0.0,
3.0,
4.0,
0.0,
20.0,
123.0,
232.0,
248.0,
248.0,
250.0,
247.0,
233.0,
217.0,
212.0,
217.0,
211.0,
83.0,
4.0,
29.0,
9.0,
2.0,
0.0,
5.0,
0.0,
0.0,
0.0,
0.0,
0.0,
0.0,
17.0,
0.0,
0.0,
59.0,
245.0,
255.0,
249.0,
255.0,
182.0,
156.0,
104.0,
3.0,
0.0,
4.0,
3.0,
0.0,
6.0,
2.0,
0.0,
0.0,
18.0,
0.0,
0.0,
0.0,
0.0,
0.0,
7.0,
0.0,
0.0,
0.0,
11.0,
71.0,
245.0,
240.0,
251.0,
179.0,
55.0,
0.0,
3.0,
0.0,
0.0,
5.0,
1.0,
2.0,
1.0,
3.0,
0.0,
22.0,
0.0,
0.0,
0.0,
0.0,
0.0,
0.0,
0.0,
5.0,
5.0,
3.0,
0.0,
50.0,
255.0,
255.0,
218.0,
40.0,
0.0,
5.0,
0.0,
6.0,
7.0,
0.0,
0.0,
1.0,
0.0,
4.0,
11.0,
0.0,
4.0,
14.0,
0.0,
0.0,
0.0,
0.0,
0.0,
9.0,
0.0,
4.0,
0.0,
62.0,
246.0,
230.0,
254.0,
178.0,
58.0,
0.0,
0.0,
6.0,
0.0,
10.0,
17.0,
0.0,
0.0,
0.0,
5.0,
0.0,
4.0,
0.0,
0.0,
0.0,
0.0,
0.0,
0.0,
2.0,
0.0,
3.0,
2.0,
64.0,
248.0,
255.0,
239.0,
253.0,
180.0,
126.0,
143.0,
143.0,
133.0,
140.0,
132.0,
134.0,
151.0,
94.0,
0.0,
17.0,
0.0,
9.0,
0.0,
0.0,
0.0,
0.0,
3.0,
0.0,
0.0,
9.0,
0.0,
11.0,
153.0,
228.0,
255.0,
244.0,
248.0,
255.0,
239.0,
232.0,
255.0,
245.0,
242.0,
255.0,
250.0,
220.0,
85.0,
0.0,
0.0,
5.0,
0.0,
0.0,
0.0,
0.0,
8.0,
0.0,
0.0,
7.0,
8.0,
0.0,
2.0,
17.0,
158.0,
224.0,
252.0,
246.0,
255.0,
236.0,
203.0,
248.0,
255.0,
246.0,
241.0,
255.0,
251.0,
87.0,
21.0,
0.0,
0.0,
0.0,
0.0,
0.0,
0.0,
10.0,
5.0,
0.0,
0.0,
7.0,
0.0,
0.0,
15.0,
54.0,
123.0,
141.0,
131.0,
46.0,
0.0,
137.0,
132.0,
139.0,
246.0,
242.0,
255.0,
228.0,
0.0,
3.0,
0.0,
0.0,
0.0,
0.0,
0.0,
0.0,
0.0,
0.0,
0.0,
0.0,
0.0,
0.0,
0.0,
5.0,
5.0,
0.0,
0.0,
2.0,
0.0,
7.0,
0.0,
10.0,
67.0,
142.0,
255.0,
242.0,
118.0,
8.0,
0.0,
0.0,
0.0,
0.0,
0.0,
0.0,
0.0,
0.0,
0.0,
0.0,
0.0,
0.0,
72.0,
218.0,
86.0,
0.0,
5.0,
0.0,
3.0,
0.0,
10.0,
0.0,
5.0,
106.0,
240.0,
255.0,
237.0,
100.0,
0.0,
0.0,
0.0,
0.0,
0.0,
0.0,
0.0,
0.0,
0.0,
0.0,
0.0,
0.0,
159.0,
255.0,
169.0,
8.0,
0.0,
4.0,
2.0,
7.0,
0.0,
17.0,
0.0,
48.0,
216.0,
252.0,
255.0,
110.0,
0.0,
0.0,
0.0,
0.0,
0.0,
0.0,
0.0,
0.0,
0.0,
0.0,
0.0,
0.0,
37.0,
252.0,
243.0,
166.0,
0.0,
3.0,
8.0,
0.0,
0.0,
18.0,
0.0,
55.0,
218.0,
253.0,
243.0,
119.0,
0.0,
0.0,
0.0,
0.0,
0.0,
0.0,
0.0,
0.0,
0.0,
0.0,
0.0,
0.0,
3.0,
117.0,
237.0,
255.0,
137.0,
20.0,
12.0,
44.0,
34.0,
136.0,
218.0,
240.0,
238.0,
255.0,
231.0,
111.0,
0.0,
0.0,
0.0,
0.0,
0.0,
0.0,
0.0,
0.0,
0.0,
0.0,
0.0,
0.0,
2.0,
0.0,
183.0,
237.0,
255.0,
249.0,
244.0,
243.0,
246.0,
255.0,
255.0,
249.0,
240.0,
244.0,
121.0,
6.0,
0.0,
0.0,
0.0,
0.0,
0.0,
0.0,
0.0,
0.0,
0.0,
0.0,
0.0,
0.0,
6.0,
0.0,
54.0,
239.0,
247.0,
253.0,
255.0,
255.0,
255.0,
236.0,
237.0,
255.0,
252.0,
138.0,
2.0,
0.0,
0.0,
0.0,
0.0,
0.0,
0.0,
0.0,
0.0,
0.0,
0.0,
0.0,
0.0,
0.0,
1.0,
0.0,
23.0,
56.0,
254.0,
249.0,
249.0,
250.0,
249.0,
254.0,
255.0,
172.0,
65.0,
0.0,
0.0,
1.0,
0.0,
0.0,
0.0,
0.0,
0.0,
0.0,
0.0,
0.0,
0.0,
0.0,
0.0,
0.0,
0.0,
0.0,
0.0,
0.0,
0.0,
0.0,
0.0,
0.0,
0.0,
0.0,
0.0,
0.0,
0.0,
0.0,
0.0,
0.0,
0.0,
0.0,
0.0,
0.0,
0.0,
0.0,
0.0,
0.0,
0.0,
0.0,
0.0,
0.0,
0.0,
0.0,
0.0,
0.0,
0.0,
0.0,
0.0,
0.0,
0.0,
0.0,
0.0,
0.0,
0.0,
0.0,
0.0,
0.0,
0.0,
0.0,
0.0,
0.0,
0.0,
0.0,
0.0,
0.0,
0.0,
0.0,
0.0,
0.0,
0.0,
0.0,
0.0,
0.0,
0.0,
0.0,
0.0,
0.0,
0.0,
0.0,
0.0,
0.0,
0.0,
0.0,
0.0,
0.0,
0.0,
0.0,
0.0,
0.0,
0.0,
0.0,
0.0,
0.0,
0.0,
0.0,
0.0,
0.0,
0.0,
0.0,
0.0,
0.0,
0.0,
0.0,
0.0,
0.0,
0.0,
0.0,
0.0,
0.0,
0.0,
0.0,
0.0,
0.0,
0.0,
0.0,
0.0,
0.0,
