0.0,
0.0,
0.0,
0.0,
0.0,
0.0,
0.0,
0.0,
0.0,
7.0,
0.0,
0.0,
0.0,
0.0,
0.0,
9.0,
5.0,
10.0,
0.0,
13.0,
0.0,
5.0,
4.0,
0.0,
0.0,
0.0,
0.0,
0.0,
0.0,
0.0,
0.0,
0.0,
0.0,
0.0,
0.0,
0.0,
2.0,
0.0,
0.0,
13.0,
19.0,
2.0,
0.0,
0.0,
0.0,
0.0,
9.0,
0.0,
2.0,
0.0,
3.0,
2.0,
0.0,
0.0,
0.0,
0.0,
0.0,
0.0,
0.0,
0.0,
0.0,
0.0,
0.0,
0.0,
0.0,
3.0,
8.0,
0.0,
0.0,
0.0,
7.0,
0.0,
21.0,
1.0,
13.0,
0.0,
2.0,
3.0,
0.0,
3.0,
0.0,
0.0,
0.0,
0.0,
0.0,
0.0,
0.0,
0.0,
0.0,
0.0,
0.0,
0.0,
10.0,
0.0,
0.0,
7.0,
6.0,
5.0,
0.0,
0.0,
0.0,
0.0,
0.0,
2.0,
0.0,
6.0,
0.0,
3.0,
0.0,
0.0,
0.0,
0.0,
0.0,
0.0,
0.0,
0.0,
0.0,
0.0,
0.0,
0.0,
4.0,
1.0,
15.0,
0.0,
0.0,
3.0,
0.0,
0.0,
0.0,
14.0,
4.0,
0.0,
9.0,
0.0,
10.0,
2.0,
0.0,
0.0,
0.0,
0.0,
0.0,
0.0,
0.0,
0.0,
0.0,
0.0,
0.0,
0.0,
0.0,
0.0,
5.0,
0.0,
4.0,
12.0,
0.0,
7.0,
8.0,
115.0,
128.0,
255.0,
239.0,
253.0,
73.0,
0.0,
0.0,
0.0,
0.0,
0.0,
0.0,
0.0,
0.0,
0.0,
0.0,
0.0,
0.0,
0.0,
15.0,
0.0,
6.0,
0.0,
0.0,
1.0,
72.0,
242.0,
255.0,
250.0,
255.0,
234.0,
255.0,
255.0,
110.0,
6.0,
0.0,
0.0,
0.0,
0.0,
0.0,
0.0,
0.0,
0.0,
0.0,
0.0,
0.0,
0.0,
0.0,
5.0,
0.0,
0.0,
131.0,
252.0,
248.0,
255.0,
252.0,
254.0,
255.0,
245.0,
241.0,
255.0,
63.0,
0.0,
0.0,
0.0,
0.0,
0.0,
0.0,
14.0,
0.0,
0.0,
0.0,
5.0,
0.0,
0.0,
1.0,
6.0,
0.0,
126.0,
255.0,
255.0,
250.0,
255.0,
255.0,
249.0,
116.0,
201.0,
255.0,
61.0,
5.0,
0.0,
0.0,
0.0,
0.0,
0.0,
0.0,
9.0,
0.0,
10.0,
0.0,
0.0,
4.0,
5.0,
0.0,
0.0,
199.0,
255.0,
251.0,
245.0,
255.0,
126.0,
129.0,
16.0,
2.0,
72.0,
57.0,
0.0,
10.0,
1.0,
0.0,
0.0,
0.0,
0.0,
0.0,
5.0,
0.0,
12.0,
0.0,
0.0,
5.0,
7.0,
73.0,
254.0,
255.0,
255.0,
243.0,
194.0,
0.0,
0.0,
0.0,
0.0,
17.0,
0.0,
5.0,
0.0,
8.0,
0.0,
0.0,
0.0,
0.0,
0.0,
0.0,
4.0,
0.0,
0.0,
0.0,
5.0,
0.0,
48.0,
250.0,
238.0,
255.0,
244.0,
211.0,
0.0,
0.0,
12.0,
0.0,
3.0,
0.0,
13.0,
0.0,
13.0,
0.0,
0.0,
0.0,
0.0,
0.0,
0.0,
0.0,
0.0,
7.0,
0.0,
1.0,
4.0,
0.0,
159.0,
248.0,
255.0,
255.0,
255.0,
248.0,
67.0,
0.0,
0.0,
136.0,
117.0,
75.0,
0.0,
0.0,
0.0,
0.0,
0.0,
0.0,
0.0,
0.0,
0.0,
10.0,
0.0,
3.0,
0.0,
2.0,
0.0,
8.0,
231.0,
255.0,
230.0,
255.0,
240.0,
244.0,
255.0,
251.0,
136.0,
247.0,
255.0,
255.0,
55.0,
19.0,
1.0,
0.0,
3.0,
0.0,
0.0,
0.0,
0.0,
5.0,
0.0,
0.0,
4.0,
1.0,
0.0,
9.0,
144.0,
254.0,
245.0,
255.0,
248.0,
255.0,
255.0,
253.0,
243.0,
255.0,
246.0,
255.0,
255.0,
54.0,
3.0,
0.0,
8.0,
0.0,
0.0,
0.0,
0.0,
0.0,
6.0,
0.0,
7.0,
0.0,
2.0,
0.0,
0.0,
0.0,
69.0,
55.0,
127.0,
187.0,
244.0,
255.0,
254.0,
255.0,
255.0,
255.0,
253.0,
192.0,
0.0,
12.0,
0.0,
0.0,
0.0,
0.0,
0.0,
4.0,
0.0,
0.0,
4.0,
0.0,
4.0,
0.0,
4.0,
5.0,
0.0,
0.0,
6.0,
0.0,
0.0,
20.0,
0.0,
5.0,
60.0,
255.0,
255.0,
237.0,
11.0,
0.0,
8.0,
0.0,
0.0,
0.0,
0.0,
0.0,
2.0,
6.0,
0.0,
0.0,
1.0,
9.0,
0.0,
0.0,
23.0,
0.0,
0.0,
0.0,
38.0,
0.0,
0.0,
0.0,
1.0,
138.0,
247.0,
255.0,
0.0,
0.0,
0.0,
0.0,
0.0,
0.0,
0.0,
0.0,
5.0,
16.0,
0.0,
0.0,
0.0,
19.0,
5.0,
10.0,
0.0,
0.0,
3.0,
13.0,
0.0,
18.0,
12.0,
2.0,
13.0,
181.0,
248.0,
255.0,
10.0,
0.0,
18.0,
0.0,
0.0,
0.0,
0.0,
12.0,
0.0,
0.0,
0.0,
20.0,
9.0,
0.0,
0.0,
0.0,
9.0,
0.0,
10.0,
0.0,
0.0,
2.0,
0.0,
0.0,
0.0,
255.0,
255.0,
250.0,
0.0,
10.0,
0.0,
0.0,
0.0,
0.0,
0.0,
0.0,
0.0,
6.0,
0.0,
0.0,
0.0,
16.0,
255.0,
135.0,
0.0,
9.0,
0.0,
0.0,
10.0,
0.0,
19.0,
85.0,
184.0,
240.0,
255.0,
201.0,
4.0,
0.0,
18.0,
0.0,
0.0,
0.0,
0.0,
4.0,
0.0,
0.0,
7.0,
0.0,
2.0,
0.0,
253.0,
249.0,
72.0,
4.0,
0.0,
130.0,
72.0,
60.0,
173.0,
239.0,
255.0,
254.0,
253.0,
0.0,
0.0,
0.0,
0.0,
0.0,
0.0,
0.0,
0.0,
0.0,
8.0,
0.0,
6.0,
0.0,
0.0,
2.0,
192.0,
255.0,
247.0,
142.0,
199.0,
244.0,
255.0,
253.0,
255.0,
255.0,
254.0,
255.0,
130.0,
3.0,
1.0,
20.0,
0.0,
0.0,
0.0,
0.0,
0.0,
0.0,
11.0,
0.0,
2.0,
2.0,
0.0,
2.0,
67.0,
194.0,
255.0,
245.0,
255.0,
255.0,
255.0,
254.0,
252.0,
255.0,
247.0,
66.0,
0.0,
1.0,
3.0,
0.0,
6.0,
0.0,
0.0,
0.0,
0.0,
0.0,
0.0,
0.0,
0.0,
0.0,
0.0,
0.0,
0.0,
0.0,
133.0,
188.0,
240.0,
255.0,
255.0,
244.0,
127.0,
51.0,
17.0,
0.0,
0.0,
5.0,
0.0,
0.0,
8.0,
0.0,
0.0,
0.0,
0.0,
0.0,
0.0,
0.0,
0.0,
0.0,
0.0,
0.0,
0.0,
0.0,
20.0,
0.0,
0.0,
0.0,
0.0,
22.0,
0.0,
15.0,
0.0,
0.0,
2.0,
4.0,
0.0,
0.0,
0.0,
0.0,
0.0,
0.0,
0.0,
0.0,
0.0,
0.0,
0.0,
0.0,
0.0,
0.0,
0.0,
5.0,
1.0,
0.0,
0.0,
0.0,
0.0,
0.0,
5.0,
0.0,
0.0,
1.0,
5.0,
3.0,
0.0,
0.0,
0.0,
0.0,
0.0,
0.0,
0.0,
0.0,
0.0,
0.0,
0.0,
0.0,
0.0,
0.0,
0.0,
0.0,
0.0,
5.0,
7.0,
8.0,
7.0,
0.0,
0.0,
0.0,
4.0,
6.0,
1.0,
0.0,
0.0,
2.0,
3.0,
0.0,
0.0,
0.0,
0.0,
