0.0,
0.0,
0.0,
0.0,
0.0,
0.0,
0.0,
0.0,
10.0,
0.0,
0.0,
1.0,
9.0,
8.0,
0.0,
0.0,
0.0,
0.0,
5.0,
2.0,
0.0,
0.0,
0.0,
3.0,
0.0,
0.0,
0.0,
1.0,
0.0,
0.0,
0.0,
0.0,
0.0,
0.0,
0.0,
0.0,
0.0,
3.0,
7.0,
0.0,
0.0,
0.0,
4.0,
8.0,
8.0,
0.0,
0.0,
0.0,
2.0,
8.0,
0.0,
0.0,
3.0,
3.0,
5.0,
7.0,
0.0,
0.0,
0.0,
0.0,
0.0,
0.0,
0.0,
0.0,
4.0,
0.0,
0.0,
8.0,
11.0,
4.0,
0.0,
0.0,
0.0,
2.0,
3.0,
2.0,
0.0,
0.0,
1.0,
4.0,
0.0,
0.0,
0.0,
0.0,
0.0,
0.0,
0.0,
0.0,
0.0,
0.0,
0.0,
0.0,
5.0,
1.0,
0.0,
0.0,
0.0,
0.0,
0.0,
3.0,
4.0,
4.0,
0.0,
0.0,
7.0,
8.0,
8.0,
0.0,
0.0,
0.0,
0.0,
0.0,
0.0,
0.0,
0.0,
0.0,
0.0,
0.0,
0.0,
0.0,
0.0,
4.0,
4.0,
0.0,
1.0,
13.0,
6.0,
0.0,
0.0,
13.0,
6.0,
6.0,
0.0,
0.0,
0.0,
0.0,
0.0,
4.0,
4.0,
0.0,
0.0,
0.0,
0.0,
0.0,
0.0,
0.0,
0.0,
0.0,
7.0,
0.0,
0.0,
4.0,
0.0,
0.0,
0.0,
16.0,
0.0,
5.0,
0.0,
0.0,
1.0,
0.0,
16.0,
2.0,
0.0,
0.0,
0.0,
1.0,
0.0,
0.0,
0.0,
0.0,
0.0,
0.0,
0.0,
0.0,
7.0,
0.0,
0.0,
0.0,
0.0,
16.0,
88.0,
161.0,
184.0,
207.0,
207.0,
251.0,
255.0,
204.0,
119.0,
12.0,
15.0,
0.0,
0.0,
0.0,
0.0,
0.0,
0.0,
0.0,
0.0,
0.0,
0.0,
0.0,
0.0,
4.0,
0.0,
15.0,
114.0,
239.0,
255.0,
243.0,
245.0,
255.0,
242.0,
246.0,
244.0,
238.0,
255.0,
247.0,
62.0,
23.0,
0.0,
0.0,
0.0,
0.0,
0.0,
0.0,
0.0,
0.0,
0.0,
0.0,
0.0,
0.0,
6.0,
162.0,
255.0,
255.0,
255.0,
143.0,
111.0,
111.0,
80.0,
0.0,
0.0,
41.0,
110.0,
62.0,
44.0,
16.0,
0.0,
0.0,
0.0,
0.0,
0.0,
0.0,
0.0,
0.0,
0.0,
0.0,
12.0,
0.0,
126.0,
198.0,
245.0,
143.0,
181.0,
134.0,
1.0,
0.0,
1.0,
2.0,
19.0,
3.0,
2.0,
0.0,
14.0,
2.0,
0.0,
2.0,
0.0,
0.0,
0.0,
0.0,
0.0,
0.0,
0.0,
0.0,
0.0,
33.0,
229.0,
255.0,
149.0,
5.0,
0.0,
0.0,
0.0,
5.0,
0.0,
0.0,
0.0,
3.0,
0.0,
11.0,
0.0,
0.0,
0.0,
7.0,
0.0,
0.0,
0.0,
0.0,
0.0,
0.0,
0.0,
0.0,
5.0,
24.0,
255.0,
255.0,
170.0,
3.0,
5.0,
0.0,
0.0,
6.0,
15.0,
0.0,
0.0,
13.0,
2.0,
4.0,
1.0,
0.0,
2.0,
4.0,
0.0,
0.0,
0.0,
0.0,
0.0,
0.0,
0.0,
0.0,
0.0,
11.0,
176.0,
241.0,
252.0,
195.0,
188.0,
128.0,
26.0,
0.0,
0.0,
7.0,
9.0,
0.0,
0.0,
0.0,
6.0,
2.0,
0.0,
0.0,
0.0,
0.0,
0.0,
0.0,
0.0,
0.0,
0.0,
0.0,
16.0,
0.0,
12.0,
180.0,
243.0,
255.0,
245.0,
255.0,
181.0,
84.0,
3.0,
0.0,
2.0,
0.0,
13.0,
2.0,
0.0,
0.0,
0.0,
0.0,
0.0,
0.0,
0.0,
0.0,
0.0,
0.0,
0.0,
0.0,
0.0,
7.0,
12.0,
0.0,
81.0,
160.0,
235.0,
249.0,
255.0,
208.0,
46.0,
0.0,
0.0,
0.0,
6.0,
0.0,
0.0,
0.0,
0.0,
0.0,
0.0,
0.0,
0.0,
0.0,
0.0,
0.0,
0.0,
0.0,
0.0,
2.0,
8.0,
3.0,
2.0,
0.0,
49.0,
209.0,
254.0,
249.0,
50.0,
5.0,
3.0,
0.0,
0.0,
10.0,
4.0,
4.0,
2.0,
0.0,
3.0,
0.0,
0.0,
0.0,
0.0,
0.0,
0.0,
6.0,
0.0,
11.0,
0.0,
7.0,
0.0,
7.0,
29.0,
192.0,
247.0,
203.0,
13.0,
0.0,
4.0,
0.0,
0.0,
15.0,
0.0,
0.0,
0.0,
0.0,
0.0,
0.0,
2.0,
5.0,
3.0,
0.0,
0.0,
0.0,
10.0,
0.0,
18.0,
0.0,
0.0,
1.0,
134.0,
255.0,
253.0,
96.0,
0.0,
0.0,
1.0,
0.0,
0.0,
0.0,
0.0,
0.0,
0.0,
0.0,
0.0,
0.0,
4.0,
2.0,
0.0,
0.0,
0.0,
0.0,
0.0,
5.0,
0.0,
0.0,
7.0,
39.0,
246.0,
249.0,
161.0,
0.0,
0.0,
0.0,
0.0,
0.0,
7.0,
0.0,
0.0,
0.0,
0.0,
0.0,
0.0,
1.0,
0.0,
0.0,
0.0,
1.0,
4.0,
1.0,
0.0,
6.0,
0.0,
10.0,
17.0,
173.0,
255.0,
197.0,
32.0,
0.0,
17.0,
0.0,
4.0,
0.0,
0.0,
11.0,
0.0,
0.0,
0.0,
0.0,
4.0,
3.0,
1.0,
0.0,
2.0,
7.0,
5.0,
0.0,
7.0,
6.0,
0.0,
62.0,
186.0,
252.0,
255.0,
89.0,
0.0,
1.0,
4.0,
0.0,
8.0,
8.0,
0.0,
0.0,
0.0,
0.0,
0.0,
0.0,
1.0,
0.0,
0.0,
4.0,
6.0,
1.0,
0.0,
0.0,
0.0,
8.0,
78.0,
229.0,
255.0,
255.0,
83.0,
15.0,
2.0,
3.0,
0.0,
12.0,
0.0,
0.0,
7.0,
0.0,
0.0,
0.0,
0.0,
0.0,
0.0,
0.0,
0.0,
4.0,
1.0,
0.0,
0.0,
13.0,
18.0,
112.0,
251.0,
255.0,
230.0,
48.0,
16.0,
0.0,
0.0,
0.0,
0.0,
16.0,
0.0,
0.0,
11.0,
5.0,
0.0,
0.0,
0.0,
0.0,
8.0,
0.0,
0.0,
4.0,
0.0,
0.0,
14.0,
48.0,
180.0,
253.0,
251.0,
182.0,
57.0,
12.0,
0.0,
5.0,
0.0,
7.0,
3.0,
0.0,
2.0,
5.0,
0.0,
0.0,
0.0,
0.0,
0.0,
0.0,
0.0,
7.0,
4.0,
0.0,
5.0,
0.0,
12.0,
250.0,
255.0,
228.0,
132.0,
18.0,
0.0,
1.0,
13.0,
0.0,
0.0,
0.0,
0.0,
0.0,
0.0,
0.0,
0.0,
0.0,
0.0,
0.0,
0.0,
0.0,
3.0,
0.0,
0.0,
0.0,
4.0,
3.0,
0.0,
128.0,
171.0,
61.0,
0.0,
4.0,
26.0,
3.0,
0.0,
0.0,
0.0,
0.0,
0.0,
0.0,
0.0,
0.0,
0.0,
0.0,
0.0,
0.0,
0.0,
0.0,
5.0,
0.0,
0.0,
4.0,
0.0,
3.0,
0.0,
16.0,
8.0,
4.0,
0.0,
0.0,
0.0,
0.0,
3.0,
2.0,
0.0,
0.0,
0.0,
0.0,
0.0,
0.0,
0.0,
0.0,
0.0,
0.0,
0.0,
0.0,
0.0,
1.0,
0.0,
5.0,
0.0,
0.0,
1.0,
0.0,
0.0,
3.0,
9.0,
0.0,
0.0,
0.0,
3.0,
0.0,
0.0,
0.0,
0.0,
0.0,
0.0,
0.0,
0.0,
0.0,
0.0,
0.0,
0.0,
0.0,
