0.0,
0.0,
0.0,
0.0,
0.0,
0.0,
0.0,
0.0,
0.0,
0.0,
0.0,
0.0,
0.0,
0.0,
0.0,
0.0,
0.0,
2.0,
4.0,
1.0,
0.0,
0.0,
0.0,
6.0,
0.0,
11.0,
0.0,
0.0,
0.0,
0.0,
0.0,
0.0,
0.0,
0.0,
0.0,
0.0,
0.0,
0.0,
0.0,
0.0,
0.0,
0.0,
0.0,
0.0,
4.0,
0.0,
0.0,
3.0,
12.0,
11.0,
0.0,
0.0,
0.0,
0.0,
0.0,
7.0,
0.0,
0.0,
0.0,
0.0,
0.0,
0.0,
0.0,
0.0,
0.0,
0.0,
0.0,
0.0,
0.0,
0.0,
0.0,
0.0,
1.0,
0.0,
0.0,
0.0,
0.0,
0.0,
1.0,
5.0,
2.0,
0.0,
0.0,
13.0,
0.0,
0.0,
0.0,
0.0,
0.0,
0.0,
0.0,
0.0,
0.0,
0.0,
0.0,
0.0,
0.0,
0.0,
0.0,
0.0,
0.0,
0.0,
8.0,
8.0,
2.0,
0.0,
2.0,
7.0,
4.0,
3.0,
0.0,
3.0,
0.0,
0.0,
0.0,
0.0,
0.0,
0.0,
0.0,
0.0,
0.0,
0.0,
0.0,
0.0,
0.0,
0.0,
0.0,
0.0,
13.0,
4.0,
0.0,
0.0,
0.0,
0.0,
0.0,
0.0,
0.0,
0.0,
0.0,
0.0,
0.0,
0.0,
0.0,
0.0,
0.0,
0.0,
0.0,
0.0,
0.0,
0.0,
0.0,
0.0,
0.0,
0.0,
0.0,
0.0,
0.0,
0.0,
4.0,
8.0,
6.0,
3.0,
2.0,
2.0,
18.0,
0.0,
5.0,
0.0,
0.0,
0.0,
0.0,
0.0,
0.0,
0.0,
0.0,
0.0,
0.0,
0.0,
0.0,
0.0,
0.0,
0.0,
0.0,
0.0,
0.0,
2.0,
0.0,
0.0,
0.0,
26.0,
84.0,
130.0,
128.0,
0.0,
3.0,
4.0,
0.0,
0.0,
0.0,
0.0,
0.0,
0.0,
0.0,
0.0,
0.0,
0.0,
0.0,
0.0,
0.0,
0.0,
0.0,
0.0,
39.0,
74.0,
126.0,
175.0,
210.0,
233.0,
249.0,
255.0,
247.0,
8.0,
0.0,
2.0,
0.0,
0.0,
0.0,
0.0,
0.0,
0.0,
0.0,
0.0,
1.0,
0.0,
0.0,
1.0,
12.0,
0.0,
102.0,
163.0,
253.0,
255.0,
250.0,
242.0,
255.0,
255.0,
242.0,
240.0,
24.0,
12.0,
0.0,
0.0,
0.0,
0.0,
0.0,
0.0,
0.0,
0.0,
0.0,
0.0,
0.0,
22.0,
16.0,
0.0,
0.0,
173.0,
251.0,
251.0,
250.0,
248.0,
245.0,
255.0,
255.0,
217.0,
109.0,
38.0,
9.0,
3.0,
0.0,
0.0,
0.0,
0.0,
0.0,
0.0,
0.0,
0.0,
0.0,
0.0,
1.0,
0.0,
0.0,
9.0,
141.0,
250.0,
255.0,
241.0,
98.0,
99.0,
92.0,
85.0,
68.0,
31.0,
4.0,
5.0,
0.0,
0.0,
0.0,
0.0,
0.0,
0.0,
0.0,
0.0,
0.0,
0.0,
0.0,
0.0,
0.0,
17.0,
1.0,
0.0,
195.0,
250.0,
241.0,
54.0,
0.0,
0.0,
2.0,
8.0,
8.0,
0.0,
0.0,
0.0,
0.0,
0.0,
1.0,
2.0,
0.0,
0.0,
0.0,
0.0,
0.0,
0.0,
0.0,
0.0,
2.0,
0.0,
35.0,
146.0,
236.0,
241.0,
206.0,
26.0,
11.0,
1.0,
0.0,
0.0,
3.0,
9.0,
10.0,
4.0,
1.0,
3.0,
3.0,
2.0,
0.0,
0.0,
0.0,
0.0,
0.0,
0.0,
0.0,
0.0,
8.0,
85.0,
208.0,
255.0,
255.0,
254.0,
179.0,
79.0,
1.0,
0.0,
0.0,
5.0,
0.0,
0.0,
0.0,
0.0,
2.0,
2.0,
1.0,
0.0,
0.0,
0.0,
0.0,
0.0,
0.0,
0.0,
0.0,
0.0,
0.0,
150.0,
255.0,
239.0,
255.0,
255.0,
235.0,
242.0,
154.0,
62.0,
0.0,
0.0,
3.0,
5.0,
8.0,
6.0,
1.0,
0.0,
0.0,
0.0,
0.0,
0.0,
0.0,
0.0,
0.0,
0.0,
0.0,
0.0,
6.0,
179.0,
245.0,
255.0,
251.0,
222.0,
245.0,
255.0,
255.0,
115.0,
6.0,
0.0,
1.0,
0.0,
0.0,
1.0,
2.0,
0.0,
0.0,
1.0,
0.0,
0.0,
2.0,
13.0,
0.0,
0.0,
0.0,
0.0,
86.0,
228.0,
255.0,
217.0,
67.0,
8.0,
76.0,
255.0,
247.0,
175.0,
0.0,
2.0,
0.0,
0.0,
12.0,
0.0,
0.0,
0.0,
0.0,
0.0,
6.0,
3.0,
0.0,
0.0,
12.0,
16.0,
5.0,
0.0,
74.0,
237.0,
255.0,
172.0,
0.0,
4.0,
19.0,
151.0,
255.0,
165.0,
4.0,
6.0,
1.0,
0.0,
6.0,
0.0,
0.0,
0.0,
0.0,
0.0,
0.0,
8.0,
12.0,
0.0,
11.0,
0.0,
0.0,
5.0,
6.0,
55.0,
105.0,
17.0,
3.0,
0.0,
136.0,
245.0,
255.0,
121.0,
3.0,
3.0,
8.0,
0.0,
2.0,
0.0,
0.0,
0.0,
0.0,
0.0,
0.0,
1.0,
0.0,
0.0,
6.0,
0.0,
0.0,
12.0,
42.0,
94.0,
17.0,
3.0,
1.0,
79.0,
231.0,
252.0,
172.0,
51.0,
0.0,
0.0,
6.0,
0.0,
4.0,
0.0,
0.0,
0.0,
0.0,
0.0,
0.0,
8.0,
6.0,
5.0,
0.0,
85.0,
182.0,
232.0,
246.0,
229.0,
69.0,
156.0,
152.0,
234.0,
255.0,
211.0,
71.0,
0.0,
0.0,
0.0,
1.0,
0.0,
7.0,
0.0,
0.0,
0.0,
0.0,
0.0,
0.0,
3.0,
0.0,
9.0,
5.0,
175.0,
251.0,
239.0,
245.0,
255.0,
253.0,
247.0,
255.0,
224.0,
157.0,
32.0,
12.0,
0.0,
8.0,
0.0,
2.0,
0.0,
6.0,
0.0,
0.0,
0.0,
0.0,
0.0,
1.0,
9.0,
0.0,
0.0,
0.0,
127.0,
222.0,
255.0,
234.0,
249.0,
255.0,
213.0,
120.0,
5.0,
0.0,
10.0,
0.0,
0.0,
5.0,
1.0,
5.0,
0.0,
4.0,
0.0,
0.0,
0.0,
0.0,
0.0,
0.0,
0.0,
0.0,
13.0,
0.0,
0.0,
12.0,
45.0,
0.0,
64.0,
40.0,
23.0,
0.0,
0.0,
20.0,
0.0,
0.0,
6.0,
0.0,
0.0,
6.0,
0.0,
2.0,
3.0,
0.0,
0.0,
0.0,
0.0,
0.0,
0.0,
0.0,
0.0,
0.0,
0.0,
0.0,
0.0,
0.0,
0.0,
0.0,
0.0,
0.0,
0.0,
0.0,
0.0,
0.0,
0.0,
0.0,
0.0,
0.0,
0.0,
0.0,
0.0,
0.0,
0.0,
0.0,
0.0,
0.0,
0.0,
0.0,
0.0,
0.0,
0.0,
0.0,
0.0,
0.0,
0.0,
0.0,
0.0,
0.0,
0.0,
0.0,
0.0,
0.0,
0.0,
0.0,
0.0,
0.0,
0.0,
0.0,
0.0,
0.0,
0.0,
0.0,
0.0,
0.0,
0.0,
0.0,
0.0,
0.0,
0.0,
0.0,
0.0,
0.0,
0.0,
0.0,
0.0,
0.0,
0.0,
0.0,
0.0,
0.0,
0.0,
0.0,
0.0,
0.0,
0.0,
0.0,
0.0,
0.0,
0.0,
0.0,
0.0,
0.0,
0.0,
0.0,
0.0,
0.0,
0.0,
0.0,
0.0,
0.0,
0.0,
0.0,
0.0,
0.0,
0.0,
0.0,
0.0,
0.0,
0.0,
0.0,
0.0,
0.0,
0.0,
0.0,
0.0,
0.0,
0.0,
0.0,
0.0,
