0.0,
0.0,
0.0,
1.0,
3.0,
4.0,
1.0,
0.0,
0.0,
4.0,
0.0,
0.0,
6.0,
0.0,
0.0,
6.0,
0.0,
1.0,
0.0,
0.0,
4.0,
2.0,
3.0,
0.0,
0.0,
0.0,
0.0,
0.0,
4.0,
2.0,
0.0,
0.0,
0.0,
0.0,
0.0,
0.0,
0.0,
9.0,
3.0,
0.0,
0.0,
6.0,
2.0,
1.0,
3.0,
1.0,
1.0,
8.0,
2.0,
0.0,
1.0,
8.0,
0.0,
0.0,
0.0,
0.0,
1.0,
0.0,
0.0,
0.0,
0.0,
1.0,
4.0,
6.0,
7.0,
0.0,
0.0,
4.0,
4.0,
0.0,
0.0,
0.0,
0.0,
0.0,
0.0,
0.0,
0.0,
0.0,
7.0,
4.0,
0.0,
0.0,
0.0,
0.0,
0.0,
0.0,
1.0,
5.0,
5.0,
1.0,
0.0,
0.0,
0.0,
0.0,
1.0,
10.0,
5.0,
0.0,
1.0,
11.0,
0.0,
0.0,
13.0,
3.0,
0.0,
9.0,
5.0,
0.0,
0.0,
0.0,
0.0,
0.0,
0.0,
0.0,
1.0,
4.0,
0.0,
0.0,
0.0,
0.0,
12.0,
12.0,
0.0,
0.0,
0.0,
4.0,
0.0,
0.0,
9.0,
0.0,
6.0,
9.0,
0.0,
0.0,
0.0,
2.0,
0.0,
0.0,
0.0,
0.0,
5.0,
0.0,
0.0,
0.0,
0.0,
0.0,
5.0,
17.0,
154.0,
189.0,
184.0,
131.0,
66.0,
15.0,
31.0,
93.0,
147.0,
25.0,
0.0,
0.0,
0.0,
0.0,
0.0,
14.0,
0.0,
0.0,
0.0,
0.0,
4.0,
0.0,
0.0,
1.0,
2.0,
3.0,
15.0,
32.0,
242.0,
255.0,
249.0,
235.0,
253.0,
237.0,
222.0,
253.0,
248.0,
81.0,
11.0,
4.0,
1.0,
7.0,
0.0,
0.0,
0.0,
0.0,
0.0,
0.0,
4.0,
0.0,
0.0,
4.0,
1.0,
0.0,
1.0,
14.0,
139.0,
249.0,
245.0,
177.0,
196.0,
224.0,
195.0,
173.0,
129.0,
19.0,
0.0,
0.0,
0.0,
11.0,
0.0,
0.0,
0.0,
0.0,
0.0,
0.0,
0.0,
0.0,
0.0,
0.0,
0.0,
0.0,
0.0,
0.0,
50.0,
255.0,
183.0,
6.0,
11.0,
3.0,
12.0,
0.0,
0.0,
5.0,
4.0,
0.0,
0.0,
10.0,
8.0,
0.0,
0.0,
0.0,
0.0,
0.0,
0.0,
0.0,
0.0,
0.0,
0.0,
0.0,
0.0,
0.0,
91.0,
255.0,
194.0,
0.0,
9.0,
12.0,
0.0,
7.0,
0.0,
0.0,
0.0,
11.0,
0.0,
0.0,
3.0,
11.0,
0.0,
0.0,
0.0,
0.0,
0.0,
0.0,
0.0,
0.0,
0.0,
0.0,
0.0,
0.0,
70.0,
255.0,
182.0,
26.0,
50.0,
110.0,
127.0,
41.0,
3.0,
18.0,
11.0,
2.0,
9.0,
3.0,
0.0,
0.0,
0.0,
0.0,
0.0,
0.0,
0.0,
0.0,
0.0,
0.0,
0.0,
0.0,
0.0,
0.0,
133.0,
250.0,
230.0,
220.0,
254.0,
252.0,
255.0,
241.0,
127.0,
34.0,
0.0,
1.0,
0.0,
0.0,
8.0,
3.0,
0.0,
0.0,
0.0,
0.0,
0.0,
0.0,
0.0,
0.0,
0.0,
0.0,
0.0,
0.0,
192.0,
249.0,
255.0,
234.0,
234.0,
164.0,
85.0,
205.0,
255.0,
250.0,
128.0,
6.0,
0.0,
7.0,
0.0,
2.0,
0.0,
0.0,
0.0,
0.0,
0.0,
0.0,
0.0,
0.0,
0.0,
0.0,
0.0,
0.0,
251.0,
255.0,
242.0,
130.0,
14.0,
9.0,
3.0,
0.0,
72.0,
252.0,
240.0,
62.0,
0.0,
6.0,
2.0,
1.0,
0.0,
0.0,
0.0,
0.0,
0.0,
0.0,
0.0,
0.0,
0.0,
0.0,
0.0,
0.0,
152.0,
249.0,
90.0,
9.0,
15.0,
0.0,
0.0,
13.0,
0.0,
71.0,
240.0,
245.0,
54.0,
0.0,
16.0,
0.0,
0.0,
0.0,
0.0,
0.0,
0.0,
0.0,
0.0,
0.0,
0.0,
0.0,
0.0,
0.0,
22.0,
86.0,
15.0,
3.0,
0.0,
0.0,
12.0,
0.0,
3.0,
12.0,
147.0,
252.0,
157.0,
20.0,
0.0,
6.0,
0.0,
0.0,
0.0,
0.0,
0.0,
0.0,
0.0,
0.0,
0.0,
0.0,
0.0,
0.0,
3.0,
0.0,
7.0,
0.0,
8.0,
6.0,
2.0,
0.0,
2.0,
0.0,
84.0,
223.0,
250.0,
54.0,
0.0,
5.0,
0.0,
0.0,
0.0,
0.0,
0.0,
0.0,
0.0,
0.0,
0.0,
0.0,
0.0,
0.0,
0.0,
24.0,
0.0,
0.0,
8.0,
0.0,
0.0,
2.0,
6.0,
0.0,
19.0,
178.0,
247.0,
129.0,
14.0,
0.0,
0.0,
0.0,
0.0,
0.0,
0.0,
0.0,
0.0,
0.0,
0.0,
0.0,
0.0,
0.0,
6.0,
0.0,
34.0,
14.0,
0.0,
10.0,
12.0,
0.0,
4.0,
1.0,
1.0,
152.0,
254.0,
127.0,
0.0,
0.0,
0.0,
0.0,
0.0,
0.0,
0.0,
0.0,
0.0,
0.0,
0.0,
0.0,
0.0,
0.0,
2.0,
38.0,
230.0,
190.0,
49.0,
13.0,
0.0,
0.0,
0.0,
4.0,
0.0,
161.0,
255.0,
149.0,
0.0,
0.0,
0.0,
0.0,
0.0,
0.0,
0.0,
0.0,
0.0,
0.0,
0.0,
0.0,
0.0,
0.0,
17.0,
133.0,
255.0,
224.0,
84.0,
0.0,
0.0,
10.0,
13.0,
20.0,
0.0,
152.0,
241.0,
171.0,
10.0,
0.0,
0.0,
0.0,
0.0,
0.0,
0.0,
0.0,
0.0,
0.0,
0.0,
0.0,
0.0,
0.0,
0.0,
92.0,
247.0,
235.0,
118.0,
16.0,
0.0,
0.0,
0.0,
0.0,
48.0,
193.0,
255.0,
87.0,
4.0,
1.0,
0.0,
0.0,
0.0,
0.0,
0.0,
0.0,
0.0,
0.0,
0.0,
0.0,
0.0,
0.0,
0.0,
11.0,
165.0,
240.0,
255.0,
213.0,
97.0,
5.0,
9.0,
27.0,
175.0,
255.0,
223.0,
8.0,
0.0,
2.0,
0.0,
0.0,
0.0,
0.0,
0.0,
0.0,
0.0,
0.0,
0.0,
0.0,
0.0,
0.0,
0.0,
4.0,
0.0,
78.0,
226.0,
252.0,
255.0,
231.0,
230.0,
245.0,
246.0,
235.0,
55.0,
0.0,
6.0,
0.0,
0.0,
0.0,
0.0,
0.0,
0.0,
0.0,
0.0,
0.0,
0.0,
0.0,
0.0,
0.0,
0.0,
6.0,
0.0,
0.0,
40.0,
143.0,
227.0,
255.0,
255.0,
254.0,
187.0,
68.0,
0.0,
2.0,
10.0,
0.0,
0.0,
0.0,
0.0,
0.0,
0.0,
0.0,
0.0,
0.0,
0.0,
0.0,
0.0,
0.0,
0.0,
6.0,
4.0,
0.0,
0.0,
0.0,
0.0,
0.0,
0.0,
3.0,
4.0,
0.0,
0.0,
0.0,
3.0,
9.0,
0.0,
0.0,
0.0,
0.0,
0.0,
0.0,
0.0,
0.0,
0.0,
0.0,
0.0,
0.0,
0.0,
0.0,
0.0,
2.0,
6.0,
4.0,
8.0,
17.0,
7.0,
0.0,
1.0,
15.0,
13.0,
0.0,
0.0,
0.0,
0.0,
0.0,
0.0,
0.0,
0.0,
0.0,
0.0,
0.0,
0.0,
0.0,
0.0,
0.0,
6.0,
0.0,
0.0,
2.0,
0.0,
0.0,
0.0,
0.0,
0.0,
0.0,
0.0,
0.0,
0.0,
4.0,
7.0,
6.0,
0.0,
0.0,
0.0,
0.0,
