0.0,
0.0,
0.0,
0.0,
0.0,
0.0,
0.0,
0.0,
0.0,
1.0,
0.0,
0.0,
0.0,
0.0,
1.0,
6.0,
0.0,
8.0,
8.0,
0.0,
9.0,
0.0,
4.0,
0.0,
0.0,
0.0,
0.0,
0.0,
0.0,
0.0,
0.0,
0.0,
0.0,
0.0,
0.0,
0.0,
0.0,
0.0,
5.0,
12.0,
0.0,
6.0,
15.0,
0.0,
0.0,
0.0,
0.0,
0.0,
3.0,
0.0,
0.0,
10.0,
0.0,
0.0,
0.0,
0.0,
0.0,
0.0,
0.0,
0.0,
0.0,
0.0,
0.0,
0.0,
7.0,
9.0,
0.0,
0.0,
0.0,
0.0,
7.0,
0.0,
11.0,
1.0,
10.0,
0.0,
0.0,
21.0,
0.0,
0.0,
0.0,
0.0,
0.0,
0.0,
0.0,
0.0,
0.0,
0.0,
0.0,
0.0,
0.0,
0.0,
0.0,
8.0,
0.0,
1.0,
26.0,
0.0,
1.0,
9.0,
5.0,
0.0,
5.0,
0.0,
0.0,
0.0,
9.0,
13.0,
0.0,
0.0,
0.0,
0.0,
0.0,
0.0,
0.0,
0.0,
0.0,
0.0,
0.0,
0.0,
4.0,
9.0,
0.0,
0.0,
0.0,
0.0,
61.0,
59.0,
147.0,
215.0,
209.0,
89.0,
13.0,
0.0,
21.0,
0.0,
0.0,
0.0,
0.0,
0.0,
0.0,
0.0,
0.0,
0.0,
0.0,
0.0,
0.0,
0.0,
9.0,
0.0,
7.0,
3.0,
0.0,
74.0,
255.0,
255.0,
255.0,
253.0,
254.0,
234.0,
161.0,
16.0,
0.0,
10.0,
0.0,
0.0,
0.0,
0.0,
0.0,
0.0,
0.0,
0.0,
0.0,
0.0,
0.0,
0.0,
0.0,
0.0,
11.0,
9.0,
0.0,
39.0,
229.0,
252.0,
255.0,
244.0,
252.0,
255.0,
249.0,
162.0,
9.0,
0.0,
0.0,
0.0,
0.0,
0.0,
0.0,
0.0,
0.0,
0.0,
0.0,
0.0,
0.0,
0.0,
0.0,
8.0,
0.0,
0.0,
13.0,
0.0,
156.0,
255.0,
251.0,
255.0,
255.0,
250.0,
247.0,
255.0,
46.0,
6.0,
0.0,
0.0,
0.0,
0.0,
0.0,
0.0,
0.0,
0.0,
0.0,
0.0,
0.0,
0.0,
2.0,
0.0,
4.0,
0.0,
10.0,
10.0,
102.0,
255.0,
186.0,
71.0,
131.0,
212.0,
255.0,
229.0,
51.0,
0.0,
0.0,
0.0,
0.0,
0.0,
0.0,
0.0,
0.0,
0.0,
0.0,
0.0,
0.0,
0.0,
0.0,
0.0,
0.0,
3.0,
0.0,
4.0,
203.0,
255.0,
153.0,
7.0,
0.0,
13.0,
38.0,
51.0,
0.0,
0.0,
0.0,
0.0,
0.0,
0.0,
0.0,
0.0,
0.0,
0.0,
0.0,
0.0,
0.0,
0.0,
0.0,
1.0,
1.0,
3.0,
0.0,
0.0,
217.0,
249.0,
147.0,
10.0,
0.0,
0.0,
1.0,
10.0,
0.0,
11.0,
0.0,
0.0,
0.0,
0.0,
0.0,
0.0,
0.0,
0.0,
0.0,
0.0,
0.0,
0.0,
1.0,
0.0,
7.0,
0.0,
6.0,
0.0,
125.0,
253.0,
146.0,
7.0,
0.0,
2.0,
2.0,
1.0,
0.0,
0.0,
0.0,
0.0,
0.0,
0.0,
0.0,
0.0,
0.0,
0.0,
0.0,
0.0,
0.0,
0.0,
0.0,
0.0,
2.0,
0.0,
9.0,
12.0,
77.0,
255.0,
171.0,
10.0,
0.0,
2.0,
0.0,
0.0,
11.0,
2.0,
0.0,
0.0,
0.0,
0.0,
0.0,
0.0,
0.0,
0.0,
0.0,
0.0,
0.0,
0.0,
0.0,
5.0,
0.0,
6.0,
0.0,
5.0,
101.0,
255.0,
173.0,
0.0,
0.0,
8.0,
0.0,
0.0,
2.0,
0.0,
0.0,
0.0,
0.0,
0.0,
0.0,
0.0,
0.0,
0.0,
0.0,
0.0,
0.0,
0.0,
1.0,
5.0,
0.0,
6.0,
0.0,
0.0,
115.0,
244.0,
217.0,
0.0,
3.0,
1.0,
0.0,
0.0,
2.0,
5.0,
0.0,
0.0,
0.0,
0.0,
0.0,
0.0,
0.0,
0.0,
0.0,
0.0,
0.0,
0.0,
0.0,
0.0,
5.0,
0.0,
5.0,
0.0,
101.0,
255.0,
252.0,
0.0,
3.0,
0.0,
2.0,
6.0,
0.0,
0.0,
0.0,
0.0,
0.0,
0.0,
4.0,
1.0,
0.0,
1.0,
3.0,
2.0,
2.0,
0.0,
6.0,
0.0,
0.0,
5.0,
0.0,
8.0,
118.0,
252.0,
247.0,
2.0,
0.0,
0.0,
0.0,
4.0,
0.0,
0.0,
0.0,
0.0,
0.0,
0.0,
0.0,
0.0,
13.0,
42.0,
117.0,
0.0,
11.0,
0.0,
0.0,
0.0,
5.0,
0.0,
5.0,
66.0,
222.0,
255.0,
208.0,
5.0,
7.0,
0.0,
3.0,
1.0,
0.0,
0.0,
0.0,
0.0,
0.0,
0.0,
9.0,
0.0,
6.0,
36.0,
247.0,
104.0,
24.0,
4.0,
19.0,
0.0,
0.0,
0.0,
12.0,
76.0,
255.0,
243.0,
129.0,
0.0,
6.0,
0.0,
4.0,
0.0,
0.0,
6.0,
0.0,
0.0,
0.0,
0.0,
0.0,
0.0,
0.0,
0.0,
207.0,
240.0,
59.0,
0.0,
0.0,
0.0,
8.0,
5.0,
0.0,
50.0,
247.0,
255.0,
64.0,
0.0,
3.0,
0.0,
5.0,
1.0,
0.0,
8.0,
0.0,
0.0,
0.0,
0.0,
0.0,
3.0,
20.0,
0.0,
37.0,
255.0,
255.0,
237.0,
134.0,
75.0,
16.0,
0.0,
12.0,
128.0,
240.0,
239.0,
37.0,
3.0,
7.0,
0.0,
6.0,
3.0,
0.0,
1.0,
0.0,
0.0,
0.0,
0.0,
19.0,
0.0,
0.0,
7.0,
7.0,
134.0,
223.0,
255.0,
255.0,
243.0,
219.0,
200.0,
196.0,
236.0,
249.0,
229.0,
14.0,
4.0,
0.0,
0.0,
3.0,
3.0,
1.0,
0.0,
0.0,
0.0,
0.0,
0.0,
0.0,
0.0,
2.0,
13.0,
0.0,
0.0,
66.0,
215.0,
255.0,
253.0,
247.0,
247.0,
255.0,
255.0,
253.0,
173.0,
0.0,
0.0,
0.0,
0.0,
0.0,
0.0,
8.0,
0.0,
0.0,
0.0,
0.0,
0.0,
5.0,
0.0,
8.0,
0.0,
0.0,
20.0,
0.0,
11.0,
87.0,
180.0,
248.0,
252.0,
255.0,
240.0,
219.0,
26.0,
0.0,
8.0,
0.0,
6.0,
0.0,
0.0,
9.0,
0.0,
0.0,
0.0,
0.0,
0.0,
0.0,
0.0,
0.0,
0.0,
0.0,
0.0,
0.0,
0.0,
0.0,
0.0,
0.0,
0.0,
0.0,
0.0,
0.0,
0.0,
0.0,
0.0,
0.0,
0.0,
0.0,
0.0,
0.0,
0.0,
0.0,
0.0,
0.0,
0.0,
0.0,
0.0,
0.0,
0.0,
0.0,
0.0,
0.0,
0.0,
0.0,
0.0,
0.0,
0.0,
0.0,
0.0,
0.0,
0.0,
0.0,
0.0,
0.0,
0.0,
0.0,
0.0,
0.0,
0.0,
0.0,
0.0,
0.0,
0.0,
0.0,
0.0,
0.0,
0.0,
0.0,
0.0,
0.0,
0.0,
0.0,
0.0,
0.0,
0.0,
0.0,
0.0,
0.0,
0.0,
0.0,
0.0,
0.0,
0.0,
0.0,
0.0,
0.0,
0.0,
0.0,
0.0,
0.0,
0.0,
0.0,
0.0,
0.0,
0.0,
0.0,
0.0,
0.0,
0.0,
0.0,
0.0,
0.0,
0.0,
0.0,
0.0,
0.0,
0.0,
0.0,
0.0,
0.0,
0.0,
0.0,
0.0,
0.0,
0.0,
0.0,
0.0,
0.0,
0.0,
