0.0,
0.0,
0.0,
0.0,
0.0,
0.0,
0.0,
0.0,
0.0,
0.0,
0.0,
0.0,
3.0,
5.0,
0.0,
0.0,
9.0,
0.0,
1.0,
11.0,
1.0,
0.0,
0.0,
4.0,
0.0,
0.0,
0.0,
0.0,
0.0,
0.0,
0.0,
0.0,
0.0,
0.0,
0.0,
0.0,
4.0,
0.0,
17.0,
1.0,
0.0,
0.0,
13.0,
2.0,
0.0,
6.0,
2.0,
0.0,
0.0,
6.0,
1.0,
0.0,
0.0,
0.0,
0.0,
0.0,
0.0,
0.0,
0.0,
0.0,
0.0,
0.0,
0.0,
0.0,
0.0,
7.0,
4.0,
4.0,
14.0,
11.0,
0.0,
0.0,
0.0,
9.0,
1.0,
2.0,
10.0,
0.0,
0.0,
1.0,
0.0,
0.0,
0.0,
0.0,
0.0,
0.0,
0.0,
0.0,
0.0,
0.0,
0.0,
0.0,
7.0,
5.0,
4.0,
0.0,
0.0,
17.0,
0.0,
9.0,
5.0,
1.0,
0.0,
2.0,
5.0,
0.0,
0.0,
6.0,
0.0,
0.0,
0.0,
0.0,
0.0,
0.0,
0.0,
0.0,
0.0,
0.0,
0.0,
0.0,
0.0,
9.0,
0.0,
0.0,
15.0,
36.0,
246.0,
172.0,
0.0,
0.0,
4.0,
3.0,
0.0,
7.0,
16.0,
0.0,
0.0,
0.0,
0.0,
0.0,
0.0,
0.0,
0.0,
0.0,
0.0,
0.0,
0.0,
0.0,
4.0,
2.0,
0.0,
14.0,
2.0,
197.0,
254.0,
255.0,
141.0,
115.0,
112.0,
71.0,
12.0,
0.0,
0.0,
7.0,
0.0,
0.0,
0.0,
0.0,
0.0,
0.0,
0.0,
0.0,
0.0,
0.0,
0.0,
0.0,
0.0,
0.0,
23.0,
31.0,
193.0,
255.0,
255.0,
238.0,
252.0,
235.0,
255.0,
255.0,
226.0,
123.0,
0.0,
1.0,
0.0,
0.0,
0.0,
0.0,
0.0,
0.0,
0.0,
0.0,
0.0,
0.0,
0.0,
0.0,
0.0,
13.0,
0.0,
156.0,
255.0,
253.0,
240.0,
179.0,
150.0,
127.0,
135.0,
156.0,
248.0,
210.0,
23.0,
0.0,
0.0,
0.0,
0.0,
0.0,
0.0,
0.0,
0.0,
0.0,
0.0,
0.0,
0.0,
0.0,
0.0,
5.0,
27.0,
249.0,
248.0,
241.0,
66.0,
0.0,
3.0,
0.0,
0.0,
9.0,
0.0,
4.0,
0.0,
0.0,
0.0,
0.0,
0.0,
0.0,
0.0,
0.0,
0.0,
0.0,
0.0,
0.0,
0.0,
0.0,
0.0,
8.0,
156.0,
255.0,
255.0,
127.0,
24.0,
0.0,
0.0,
3.0,
16.0,
0.0,
10.0,
0.0,
6.0,
11.0,
0.0,
0.0,
0.0,
0.0,
0.0,
0.0,
0.0,
0.0,
0.0,
0.0,
0.0,
0.0,
0.0,
8.0,
76.0,
236.0,
237.0,
252.0,
199.0,
68.0,
13.0,
0.0,
3.0,
0.0,
13.0,
0.0,
1.0,
0.0,
0.0,
0.0,
0.0,
0.0,
0.0,
0.0,
0.0,
0.0,
0.0,
0.0,
0.0,
0.0,
0.0,
0.0,
4.0,
6.0,
94.0,
223.0,
243.0,
247.0,
142.0,
35.0,
0.0,
5.0,
5.0,
2.0,
8.0,
0.0,
0.0,
0.0,
0.0,
0.0,
0.0,
0.0,
0.0,
0.0,
0.0,
0.0,
0.0,
0.0,
10.0,
6.0,
5.0,
0.0,
0.0,
15.0,
190.0,
255.0,
255.0,
158.0,
34.0,
0.0,
0.0,
5.0,
3.0,
5.0,
0.0,
0.0,
0.0,
0.0,
0.0,
0.0,
0.0,
0.0,
0.0,
0.0,
0.0,
0.0,
0.0,
3.0,
0.0,
10.0,
0.0,
10.0,
0.0,
122.0,
246.0,
255.0,
146.0,
0.0,
5.0,
0.0,
0.0,
2.0,
0.0,
0.0,
0.0,
0.0,
0.0,
0.0,
0.0,
0.0,
0.0,
0.0,
0.0,
0.0,
1.0,
9.0,
0.0,
14.0,
0.0,
0.0,
3.0,
0.0,
124.0,
255.0,
244.0,
99.0,
19.0,
6.0,
0.0,
2.0,
0.0,
0.0,
0.0,
0.0,
0.0,
0.0,
0.0,
0.0,
0.0,
0.0,
0.0,
0.0,
3.0,
0.0,
1.0,
0.0,
0.0,
3.0,
4.0,
0.0,
14.0,
193.0,
255.0,
180.0,
0.0,
1.0,
2.0,
0.0,
0.0,
0.0,
0.0,
0.0,
4.0,
1.0,
0.0,
0.0,
4.0,
0.0,
69.0,
0.0,
1.0,
12.0,
0.0,
0.0,
13.0,
0.0,
0.0,
1.0,
5.0,
167.0,
254.0,
173.0,
0.0,
0.0,
13.0,
0.0,
0.0,
0.0,
0.0,
0.0,
0.0,
0.0,
0.0,
3.0,
14.0,
4.0,
158.0,
71.0,
0.0,
0.0,
0.0,
13.0,
0.0,
6.0,
13.0,
0.0,
0.0,
168.0,
255.0,
175.0,
11.0,
0.0,
4.0,
0.0,
0.0,
0.0,
0.0,
0.0,
4.0,
4.0,
2.0,
0.0,
0.0,
0.0,
137.0,
162.0,
0.0,
3.0,
3.0,
6.0,
0.0,
5.0,
0.0,
0.0,
30.0,
226.0,
250.0,
172.0,
0.0,
14.0,
0.0,
5.0,
0.0,
0.0,
0.0,
0.0,
0.0,
7.0,
2.0,
0.0,
0.0,
6.0,
69.0,
255.0,
97.0,
0.0,
0.0,
20.0,
6.0,
0.0,
0.0,
14.0,
167.0,
255.0,
238.0,
76.0,
6.0,
0.0,
6.0,
0.0,
0.0,
0.0,
0.0,
0.0,
0.0,
2.0,
1.0,
4.0,
5.0,
9.0,
22.0,
212.0,
234.0,
152.0,
0.0,
0.0,
0.0,
14.0,
9.0,
153.0,
255.0,
243.0,
137.0,
7.0,
3.0,
0.0,
3.0,
0.0,
0.0,
0.0,
0.0,
0.0,
3.0,
0.0,
2.0,
0.0,
5.0,
0.0,
8.0,
46.0,
232.0,
247.0,
218.0,
87.0,
104.0,
102.0,
222.0,
255.0,
244.0,
153.0,
6.0,
6.0,
0.0,
16.0,
0.0,
11.0,
0.0,
0.0,
0.0,
0.0,
0.0,
0.0,
5.0,
0.0,
12.0,
0.0,
16.0,
0.0,
32.0,
223.0,
253.0,
255.0,
245.0,
255.0,
255.0,
242.0,
124.0,
33.0,
0.0,
0.0,
7.0,
0.0,
2.0,
2.0,
0.0,
0.0,
0.0,
0.0,
0.0,
3.0,
8.0,
0.0,
2.0,
11.0,
0.0,
8.0,
0.0,
42.0,
122.0,
202.0,
255.0,
153.0,
148.0,
65.0,
14.0,
0.0,
5.0,
10.0,
0.0,
0.0,
15.0,
0.0,
0.0,
0.0,
0.0,
0.0,
0.0,
0.0,
0.0,
0.0,
0.0,
0.0,
0.0,
0.0,
0.0,
0.0,
0.0,
0.0,
0.0,
0.0,
0.0,
0.0,
0.0,
0.0,
0.0,
0.0,
0.0,
0.0,
0.0,
0.0,
0.0,
0.0,
0.0,
0.0,
0.0,
0.0,
0.0,
0.0,
0.0,
0.0,
0.0,
0.0,
0.0,
0.0,
0.0,
0.0,
0.0,
0.0,
0.0,
0.0,
0.0,
0.0,
0.0,
0.0,
0.0,
0.0,
0.0,
0.0,
0.0,
0.0,
0.0,
0.0,
0.0,
0.0,
0.0,
0.0,
0.0,
0.0,
0.0,
0.0,
0.0,
0.0,
0.0,
0.0,
0.0,
0.0,
0.0,
0.0,
0.0,
0.0,
0.0,
0.0,
0.0,
0.0,
0.0,
0.0,
0.0,
0.0,
0.0,
0.0,
0.0,
0.0,
0.0,
0.0,
0.0,
0.0,
0.0,
0.0,
0.0,
0.0,
0.0,
0.0,
0.0,
0.0,
0.0,
0.0,
0.0,
0.0,
0.0,
0.0,
0.0,
0.0,
0.0,
0.0,
0.0,
0.0,
0.0,
0.0,
