0.0,
0.0,
0.0,
0.0,
0.0,
0.0,
0.0,
0.0,
0.0,
7.0,
0.0,
2.0,
5.0,
0.0,
0.0,
0.0,
0.0,
5.0,
0.0,
3.0,
0.0,
6.0,
0.0,
2.0,
0.0,
0.0,
14.0,
0.0,
0.0,
0.0,
0.0,
0.0,
0.0,
0.0,
0.0,
0.0,
9.0,
0.0,
0.0,
0.0,
3.0,
6.0,
0.0,
0.0,
4.0,
3.0,
0.0,
0.0,
5.0,
9.0,
0.0,
0.0,
0.0,
0.0,
0.0,
0.0,
0.0,
0.0,
0.0,
0.0,
0.0,
0.0,
0.0,
0.0,
0.0,
10.0,
6.0,
7.0,
0.0,
0.0,
7.0,
3.0,
0.0,
2.0,
9.0,
0.0,
0.0,
0.0,
4.0,
14.0,
3.0,
19.0,
0.0,
2.0,
0.0,
0.0,
0.0,
0.0,
0.0,
0.0,
0.0,
0.0,
0.0,
10.0,
1.0,
0.0,
0.0,
11.0,
0.0,
0.0,
7.0,
0.0,
4.0,
0.0,
8.0,
1.0,
8.0,
0.0,
1.0,
0.0,
8.0,
10.0,
0.0,
0.0,
0.0,
0.0,
0.0,
0.0,
0.0,
0.0,
0.0,
0.0,
4.0,
0.0,
0.0,
37.0,
0.0,
52.0,
37.0,
27.0,
43.0,
40.0,
66.0,
92.0,
139.0,
143.0,
151.0,
0.0,
4.0,
0.0,
0.0,
0.0,
0.0,
0.0,
0.0,
0.0,
0.0,
0.0,
13.0,
9.0,
0.0,
42.0,
152.0,
194.0,
207.0,
242.0,
255.0,
249.0,
255.0,
252.0,
246.0,
255.0,
255.0,
255.0,
244.0,
20.0,
5.0,
0.0,
0.0,
0.0,
0.0,
0.0,
0.0,
0.0,
0.0,
0.0,
0.0,
1.0,
1.0,
6.0,
206.0,
253.0,
255.0,
248.0,
255.0,
241.0,
249.0,
255.0,
251.0,
241.0,
191.0,
123.0,
91.0,
0.0,
0.0,
6.0,
0.0,
0.0,
0.0,
0.0,
0.0,
0.0,
0.0,
0.0,
0.0,
59.0,
227.0,
0.0,
77.0,
107.0,
45.0,
115.0,
100.0,
109.0,
111.0,
84.0,
0.0,
0.0,
2.0,
2.0,
0.0,
12.0,
0.0,
0.0,
7.0,
0.0,
1.0,
14.0,
0.0,
0.0,
20.0,
0.0,
3.0,
121.0,
250.0,
148.0,
3.0,
0.0,
0.0,
6.0,
0.0,
6.0,
7.0,
0.0,
19.0,
0.0,
0.0,
7.0,
0.0,
0.0,
0.0,
0.0,
0.0,
2.0,
0.0,
1.0,
2.0,
2.0,
0.0,
1.0,
57.0,
232.0,
251.0,
237.0,
21.0,
26.0,
9.0,
0.0,
0.0,
0.0,
0.0,
7.0,
0.0,
23.0,
14.0,
0.0,
0.0,
0.0,
0.0,
0.0,
0.0,
13.0,
0.0,
0.0,
0.0,
0.0,
3.0,
134.0,
237.0,
255.0,
255.0,
255.0,
255.0,
236.0,
251.0,
154.0,
109.0,
21.0,
1.0,
2.0,
6.0,
0.0,
0.0,
1.0,
0.0,
0.0,
0.0,
0.0,
0.0,
8.0,
0.0,
3.0,
0.0,
0.0,
18.0,
220.0,
255.0,
239.0,
246.0,
255.0,
249.0,
255.0,
254.0,
255.0,
250.0,
197.0,
80.0,
19.0,
0.0,
13.0,
0.0,
11.0,
0.0,
0.0,
0.0,
0.0,
9.0,
0.0,
0.0,
7.0,
0.0,
3.0,
0.0,
116.0,
177.0,
92.0,
25.0,
22.0,
1.0,
101.0,
129.0,
232.0,
255.0,
255.0,
193.0,
47.0,
2.0,
0.0,
8.0,
0.0,
0.0,
0.0,
0.0,
0.0,
1.0,
0.0,
0.0,
3.0,
0.0,
13.0,
0.0,
8.0,
0.0,
0.0,
14.0,
2.0,
11.0,
0.0,
2.0,
6.0,
140.0,
238.0,
255.0,
225.0,
5.0,
4.0,
0.0,
7.0,
0.0,
0.0,
0.0,
0.0,
0.0,
2.0,
4.0,
0.0,
0.0,
6.0,
2.0,
0.0,
0.0,
12.0,
0.0,
0.0,
0.0,
0.0,
8.0,
0.0,
4.0,
116.0,
255.0,
252.0,
97.0,
3.0,
2.0,
0.0,
0.0,
0.0,
0.0,
0.0,
2.0,
4.0,
0.0,
2.0,
6.0,
0.0,
0.0,
3.0,
3.0,
1.0,
0.0,
0.0,
5.0,
1.0,
0.0,
2.0,
4.0,
5.0,
150.0,
255.0,
248.0,
43.0,
0.0,
14.0,
0.0,
0.0,
0.0,
0.0,
7.0,
0.0,
4.0,
6.0,
0.0,
11.0,
0.0,
9.0,
4.0,
0.0,
15.0,
0.0,
0.0,
6.0,
0.0,
12.0,
0.0,
0.0,
61.0,
255.0,
243.0,
90.0,
0.0,
4.0,
0.0,
0.0,
0.0,
0.0,
4.0,
0.0,
5.0,
0.0,
0.0,
155.0,
205.0,
75.0,
2.0,
0.0,
0.0,
0.0,
12.0,
1.0,
9.0,
0.0,
10.0,
2.0,
99.0,
241.0,
255.0,
38.0,
6.0,
0.0,
0.0,
0.0,
0.0,
0.0,
0.0,
2.0,
8.0,
0.0,
16.0,
255.0,
243.0,
239.0,
55.0,
9.0,
0.0,
0.0,
5.0,
0.0,
5.0,
0.0,
0.0,
8.0,
87.0,
255.0,
255.0,
31.0,
0.0,
20.0,
0.0,
0.0,
0.0,
0.0,
3.0,
0.0,
0.0,
16.0,
0.0,
250.0,
255.0,
255.0,
205.0,
55.0,
5.0,
0.0,
0.0,
14.0,
2.0,
21.0,
73.0,
202.0,
255.0,
246.0,
233.0,
49.0,
0.0,
0.0,
0.0,
0.0,
0.0,
0.0,
4.0,
0.0,
17.0,
0.0,
0.0,
255.0,
248.0,
248.0,
225.0,
119.0,
92.0,
98.0,
115.0,
184.0,
203.0,
242.0,
255.0,
238.0,
255.0,
243.0,
31.0,
2.0,
3.0,
3.0,
0.0,
0.0,
0.0,
0.0,
0.0,
5.0,
0.0,
9.0,
4.0,
80.0,
255.0,
255.0,
255.0,
255.0,
253.0,
255.0,
249.0,
255.0,
255.0,
229.0,
255.0,
204.0,
189.0,
38.0,
0.0,
0.0,
12.0,
0.0,
0.0,
0.0,
0.0,
0.0,
0.0,
2.0,
0.0,
0.0,
16.0,
0.0,
78.0,
216.0,
244.0,
250.0,
255.0,
240.0,
255.0,
212.0,
167.0,
74.0,
71.0,
4.0,
5.0,
0.0,
9.0,
12.0,
0.0,
0.0,
0.0,
0.0,
0.0,
0.0,
7.0,
0.0,
9.0,
6.0,
0.0,
11.0,
2.0,
10.0,
45.0,
37.0,
118.0,
50.0,
78.0,
16.0,
2.0,
1.0,
8.0,
0.0,
8.0,
0.0,
1.0,
0.0,
8.0,
3.0,
0.0,
0.0,
0.0,
0.0,
0.0,
0.0,
0.0,
0.0,
0.0,
0.0,
0.0,
0.0,
0.0,
0.0,
0.0,
0.0,
0.0,
0.0,
0.0,
0.0,
0.0,
0.0,
0.0,
0.0,
0.0,
0.0,
0.0,
0.0,
0.0,
0.0,
0.0,
0.0,
0.0,
0.0,
0.0,
0.0,
0.0,
0.0,
0.0,
0.0,
0.0,
0.0,
0.0,
0.0,
0.0,
0.0,
0.0,
0.0,
0.0,
0.0,
0.0,
0.0,
0.0,
0.0,
0.0,
0.0,
0.0,
0.0,
0.0,
0.0,
0.0,
0.0,
0.0,
0.0,
0.0,
0.0,
0.0,
0.0,
0.0,
0.0,
0.0,
0.0,
0.0,
0.0,
0.0,
0.0,
0.0,
0.0,
0.0,
0.0,
0.0,
0.0,
0.0,
0.0,
0.0,
0.0,
0.0,
0.0,
0.0,
0.0,
0.0,
0.0,
0.0,
0.0,
0.0,
0.0,
0.0,
0.0,
0.0,
0.0,
0.0,
0.0,
0.0,
0.0,
0.0,
0.0,
0.0,
0.0,
0.0,
0.0,
0.0,
0.0,
0.0,
0.0,
0.0,
0.0,
