0.0,
0.0,
0.0,
0.0,
0.0,
0.0,
0.0,
0.0,
0.0,
0.0,
0.0,
0.0,
2.0,
6.0,
0.0,
0.0,
0.0,
3.0,
3.0,
0.0,
0.0,
3.0,
1.0,
0.0,
0.0,
6.0,
7.0,
2.0,
0.0,
0.0,
0.0,
0.0,
0.0,
0.0,
0.0,
0.0,
1.0,
2.0,
0.0,
0.0,
0.0,
3.0,
6.0,
5.0,
3.0,
1.0,
0.0,
0.0,
0.0,
1.0,
5.0,
6.0,
0.0,
0.0,
0.0,
0.0,
0.0,
0.0,
0.0,
0.0,
0.0,
0.0,
0.0,
0.0,
0.0,
1.0,
3.0,
1.0,
0.0,
0.0,
0.0,
0.0,
0.0,
0.0,
4.0,
9.0,
8.0,
1.0,
0.0,
0.0,
5.0,
1.0,
4.0,
11.0,
0.0,
0.0,
0.0,
0.0,
0.0,
0.0,
0.0,
0.0,
0.0,
0.0,
1.0,
2.0,
3.0,
2.0,
0.0,
0.0,
10.0,
3.0,
0.0,
0.0,
0.0,
0.0,
0.0,
8.0,
0.0,
0.0,
0.0,
0.0,
0.0,
0.0,
0.0,
0.0,
0.0,
0.0,
0.0,
0.0,
6.0,
0.0,
0.0,
0.0,
0.0,
3.0,
6.0,
8.0,
0.0,
0.0,
0.0,
0.0,
0.0,
0.0,
0.0,
4.0,
10.0,
6.0,
0.0,
0.0,
0.0,
0.0,
0.0,
0.0,
0.0,
0.0,
0.0,
0.0,
1.0,
0.0,
0.0,
1.0,
0.0,
0.0,
0.0,
0.0,
3.0,
9.0,
10.0,
5.0,
0.0,
0.0,
1.0,
0.0,
0.0,
5.0,
12.0,
7.0,
0.0,
0.0,
0.0,
0.0,
0.0,
0.0,
0.0,
0.0,
0.0,
0.0,
4.0,
6.0,
1.0,
0.0,
2.0,
13.0,
0.0,
39.0,
88.0,
108.0,
99.0,
68.0,
19.0,
0.0,
4.0,
0.0,
0.0,
1.0,
0.0,
0.0,
0.0,
0.0,
0.0,
0.0,
0.0,
0.0,
4.0,
2.0,
0.0,
0.0,
0.0,
8.0,
47.0,
84.0,
221.0,
247.0,
255.0,
253.0,
248.0,
251.0,
242.0,
223.0,
150.0,
64.0,
0.0,
0.0,
5.0,
0.0,
3.0,
0.0,
0.0,
11.0,
0.0,
0.0,
0.0,
14.0,
0.0,
42.0,
124.0,
198.0,
241.0,
255.0,
252.0,
255.0,
255.0,
243.0,
147.0,
159.0,
227.0,
230.0,
255.0,
176.0,
9.0,
0.0,
0.0,
2.0,
0.0,
16.0,
0.0,
0.0,
2.0,
2.0,
90.0,
199.0,
178.0,
255.0,
255.0,
255.0,
222.0,
151.0,
75.0,
69.0,
13.0,
7.0,
0.0,
0.0,
5.0,
10.0,
4.0,
15.0,
0.0,
20.0,
0.0,
16.0,
0.0,
0.0,
9.0,
1.0,
12.0,
109.0,
241.0,
243.0,
255.0,
247.0,
132.0,
68.0,
22.0,
9.0,
15.0,
18.0,
0.0,
0.0,
6.0,
2.0,
0.0,
0.0,
0.0,
0.0,
0.0,
7.0,
9.0,
0.0,
17.0,
14.0,
0.0,
0.0,
2.0,
117.0,
252.0,
231.0,
238.0,
72.0,
0.0,
1.0,
0.0,
0.0,
0.0,
0.0,
2.0,
13.0,
0.0,
0.0,
11.0,
4.0,
21.0,
11.0,
1.0,
0.0,
0.0,
0.0,
11.0,
0.0,
2.0,
0.0,
33.0,
185.0,
255.0,
179.0,
79.0,
0.0,
21.0,
0.0,
0.0,
3.0,
1.0,
0.0,
11.0,
0.0,
0.0,
0.0,
7.0,
0.0,
0.0,
0.0,
8.0,
0.0,
8.0,
0.0,
0.0,
8.0,
0.0,
0.0,
205.0,
255.0,
236.0,
63.0,
0.0,
1.0,
0.0,
7.0,
13.0,
0.0,
0.0,
3.0,
9.0,
0.0,
11.0,
5.0,
0.0,
4.0,
5.0,
0.0,
9.0,
0.0,
0.0,
16.0,
0.0,
7.0,
20.0,
0.0,
243.0,
255.0,
220.0,
11.0,
36.0,
106.0,
32.0,
4.0,
0.0,
6.0,
13.0,
0.0,
0.0,
0.0,
12.0,
0.0,
0.0,
5.0,
1.0,
0.0,
0.0,
0.0,
4.0,
0.0,
1.0,
0.0,
0.0,
0.0,
255.0,
244.0,
253.0,
252.0,
251.0,
252.0,
255.0,
242.0,
255.0,
242.0,
120.0,
3.0,
0.0,
0.0,
0.0,
0.0,
10.0,
0.0,
1.0,
0.0,
0.0,
0.0,
0.0,
0.0,
4.0,
4.0,
0.0,
10.0,
125.0,
252.0,
250.0,
255.0,
237.0,
255.0,
251.0,
255.0,
250.0,
247.0,
238.0,
179.0,
0.0,
0.0,
12.0,
8.0,
0.0,
0.0,
0.0,
0.0,
0.0,
0.0,
2.0,
0.0,
1.0,
10.0,
4.0,
0.0,
0.0,
15.0,
4.0,
0.0,
28.0,
0.0,
0.0,
0.0,
38.0,
147.0,
255.0,
231.0,
34.0,
0.0,
0.0,
0.0,
0.0,
15.0,
0.0,
0.0,
0.0,
0.0,
5.0,
2.0,
0.0,
0.0,
0.0,
4.0,
0.0,
0.0,
0.0,
7.0,
0.0,
0.0,
9.0,
14.0,
0.0,
0.0,
246.0,
255.0,
138.0,
15.0,
2.0,
7.0,
0.0,
0.0,
0.0,
0.0,
0.0,
0.0,
0.0,
2.0,
4.0,
0.0,
0.0,
5.0,
10.0,
7.0,
4.0,
11.0,
0.0,
18.0,
0.0,
0.0,
1.0,
11.0,
158.0,
238.0,
240.0,
22.0,
0.0,
0.0,
0.0,
6.0,
0.0,
0.0,
0.0,
0.0,
5.0,
1.0,
0.0,
0.0,
0.0,
0.0,
0.0,
0.0,
5.0,
0.0,
116.0,
14.0,
0.0,
48.0,
90.0,
106.0,
232.0,
253.0,
181.0,
0.0,
0.0,
20.0,
4.0,
0.0,
0.0,
0.0,
0.0,
0.0,
8.0,
1.0,
0.0,
0.0,
1.0,
0.0,
3.0,
8.0,
0.0,
48.0,
243.0,
246.0,
235.0,
255.0,
255.0,
252.0,
255.0,
246.0,
84.0,
16.0,
0.0,
0.0,
4.0,
2.0,
0.0,
0.0,
0.0,
0.0,
0.0,
0.0,
9.0,
11.0,
4.0,
0.0,
0.0,
0.0,
0.0,
0.0,
47.0,
235.0,
255.0,
255.0,
230.0,
210.0,
139.0,
91.0,
0.0,
0.0,
7.0,
3.0,
6.0,
0.0,
0.0,
0.0,
0.0,
0.0,
5.0,
5.0,
0.0,
0.0,
0.0,
6.0,
7.0,
0.0,
0.0,
14.0,
0.0,
1.0,
0.0,
0.0,
0.0,
12.0,
10.0,
0.0,
22.0,
0.0,
13.0,
0.0,
0.0,
10.0,
0.0,
0.0,
0.0,
0.0,
0.0,
0.0,
0.0,
0.0,
0.0,
0.0,
0.0,
0.0,
0.0,
0.0,
0.0,
0.0,
0.0,
0.0,
0.0,
0.0,
0.0,
0.0,
0.0,
0.0,
0.0,
0.0,
0.0,
0.0,
0.0,
0.0,
0.0,
0.0,
0.0,
0.0,
0.0,
0.0,
0.0,
0.0,
0.0,
0.0,
0.0,
0.0,
0.0,
0.0,
0.0,
0.0,
0.0,
0.0,
0.0,
0.0,
0.0,
0.0,
0.0,
0.0,
0.0,
0.0,
0.0,
0.0,
0.0,
0.0,
0.0,
0.0,
0.0,
0.0,
0.0,
0.0,
0.0,
0.0,
0.0,
0.0,
0.0,
0.0,
0.0,
0.0,
0.0,
0.0,
0.0,
0.0,
0.0,
0.0,
0.0,
0.0,
0.0,
0.0,
0.0,
0.0,
0.0,
0.0,
0.0,
0.0,
0.0,
0.0,
0.0,
0.0,
0.0,
0.0,
0.0,
0.0,
0.0,
0.0,
0.0,
0.0,
0.0,
0.0,
0.0,
0.0,
0.0,
0.0,
0.0,
0.0,
0.0,
0.0,
0.0,
0.0,
0.0,
0.0,
