0.0,
0.0,
0.0,
0.0,
0.0,
0.0,
0.0,
0.0,
5.0,
0.0,
15.0,
11.0,
0.0,
1.0,
0.0,
0.0,
0.0,
1.0,
6.0,
5.0,
2.0,
0.0,
0.0,
0.0,
0.0,
0.0,
0.0,
0.0,
0.0,
0.0,
0.0,
0.0,
0.0,
0.0,
0.0,
0.0,
8.0,
0.0,
0.0,
0.0,
0.0,
9.0,
4.0,
0.0,
1.0,
0.0,
0.0,
0.0,
0.0,
3.0,
4.0,
3.0,
0.0,
0.0,
0.0,
0.0,
0.0,
0.0,
0.0,
0.0,
0.0,
0.0,
0.0,
0.0,
2.0,
8.0,
1.0,
5.0,
5.0,
0.0,
0.0,
8.0,
0.0,
4.0,
6.0,
2.0,
0.0,
0.0,
0.0,
0.0,
0.0,
0.0,
0.0,
0.0,
0.0,
0.0,
0.0,
0.0,
0.0,
0.0,
0.0,
0.0,
0.0,
6.0,
0.0,
0.0,
8.0,
0.0,
0.0,
0.0,
0.0,
0.0,
1.0,
5.0,
4.0,
0.0,
0.0,
4.0,
0.0,
0.0,
0.0,
0.0,
0.0,
0.0,
0.0,
0.0,
0.0,
0.0,
0.0,
0.0,
0.0,
9.0,
1.0,
0.0,
3.0,
0.0,
0.0,
17.0,
14.0,
1.0,
0.0,
0.0,
3.0,
3.0,
0.0,
0.0,
0.0,
0.0,
0.0,
0.0,
0.0,
0.0,
0.0,
0.0,
0.0,
0.0,
0.0,
0.0,
2.0,
0.0,
2.0,
0.0,
0.0,
10.0,
0.0,
0.0,
0.0,
0.0,
3.0,
3.0,
0.0,
0.0,
0.0,
8.0,
0.0,
0.0,
0.0,
0.0,
0.0,
0.0,
0.0,
0.0,
0.0,
0.0,
0.0,
0.0,
1.0,
0.0,
41.0,
54.0,
88.0,
118.0,
49.0,
3.0,
0.0,
8.0,
38.0,
55.0,
42.0,
13.0,
0.0,
0.0,
0.0,
0.0,
0.0,
0.0,
0.0,
0.0,
0.0,
0.0,
0.0,
0.0,
0.0,
0.0,
0.0,
65.0,
228.0,
255.0,
247.0,
255.0,
214.0,
206.0,
204.0,
207.0,
229.0,
255.0,
250.0,
187.0,
100.0,
40.0,
0.0,
0.0,
0.0,
0.0,
0.0,
0.0,
0.0,
0.0,
0.0,
0.0,
0.0,
0.0,
10.0,
20.0,
229.0,
251.0,
255.0,
239.0,
255.0,
249.0,
252.0,
254.0,
255.0,
254.0,
254.0,
255.0,
254.0,
252.0,
212.0,
89.0,
2.0,
0.0,
0.0,
0.0,
0.0,
0.0,
0.0,
0.0,
0.0,
0.0,
0.0,
0.0,
195.0,
255.0,
248.0,
255.0,
255.0,
251.0,
255.0,
252.0,
247.0,
245.0,
248.0,
253.0,
254.0,
253.0,
247.0,
255.0,
167.0,
29.0,
0.0,
0.0,
0.0,
0.0,
0.0,
0.0,
0.0,
0.0,
14.0,
57.0,
248.0,
255.0,
255.0,
107.0,
0.0,
3.0,
39.0,
28.0,
14.0,
6.0,
3.0,
1.0,
0.0,
0.0,
7.0,
53.0,
37.0,
0.0,
0.0,
0.0,
0.0,
0.0,
0.0,
0.0,
0.0,
0.0,
0.0,
210.0,
255.0,
234.0,
181.0,
15.0,
0.0,
0.0,
5.0,
0.0,
0.0,
0.0,
0.0,
0.0,
0.0,
0.0,
0.0,
11.0,
1.0,
0.0,
0.0,
0.0,
0.0,
0.0,
0.0,
0.0,
0.0,
0.0,
13.0,
255.0,
255.0,
217.0,
20.0,
0.0,
0.0,
21.0,
0.0,
0.0,
0.0,
5.0,
6.0,
3.0,
5.0,
11.0,
1.0,
8.0,
7.0,
0.0,
0.0,
0.0,
0.0,
0.0,
0.0,
0.0,
0.0,
0.0,
0.0,
241.0,
254.0,
218.0,
92.0,
114.0,
27.0,
0.0,
6.0,
1.0,
1.0,
5.0,
1.0,
0.0,
0.0,
0.0,
5.0,
0.0,
0.0,
21.0,
0.0,
0.0,
0.0,
0.0,
0.0,
0.0,
0.0,
0.0,
0.0,
252.0,
255.0,
245.0,
255.0,
255.0,
249.0,
93.0,
11.0,
0.0,
0.0,
0.0,
2.0,
0.0,
0.0,
4.0,
9.0,
11.0,
2.0,
0.0,
0.0,
0.0,
0.0,
0.0,
0.0,
0.0,
0.0,
0.0,
5.0,
61.0,
241.0,
255.0,
247.0,
255.0,
238.0,
255.0,
43.0,
16.0,
0.0,
0.0,
2.0,
1.0,
0.0,
0.0,
0.0,
11.0,
3.0,
0.0,
1.0,
2.0,
0.0,
4.0,
8.0,
0.0,
0.0,
0.0,
0.0,
14.0,
84.0,
189.0,
145.0,
197.0,
242.0,
255.0,
176.0,
1.0,
2.0,
0.0,
12.0,
3.0,
0.0,
7.0,
0.0,
0.0,
0.0,
0.0,
0.0,
0.0,
0.0,
0.0,
0.0,
0.0,
8.0,
16.0,
4.0,
1.0,
0.0,
0.0,
0.0,
12.0,
196.0,
250.0,
231.0,
2.0,
0.0,
0.0,
2.0,
0.0,
0.0,
3.0,
0.0,
0.0,
0.0,
0.0,
4.0,
0.0,
0.0,
0.0,
2.0,
8.0,
0.0,
0.0,
0.0,
7.0,
27.0,
7.0,
0.0,
58.0,
255.0,
251.0,
255.0,
2.0,
0.0,
4.0,
0.0,
0.0,
0.0,
0.0,
0.0,
0.0,
0.0,
0.0,
0.0,
0.0,
16.0,
4.0,
0.0,
0.0,
11.0,
13.0,
2.0,
0.0,
0.0,
0.0,
0.0,
159.0,
255.0,
255.0,
238.0,
0.0,
0.0,
4.0,
0.0,
3.0,
0.0,
0.0,
0.0,
0.0,
0.0,
0.0,
0.0,
0.0,
4.0,
0.0,
0.0,
6.0,
0.0,
0.0,
3.0,
8.0,
10.0,
27.0,
169.0,
255.0,
252.0,
238.0,
140.0,
0.0,
0.0,
0.0,
1.0,
7.0,
0.0,
4.0,
0.0,
0.0,
0.0,
0.0,
10.0,
0.0,
0.0,
0.0,
7.0,
8.0,
0.0,
12.0,
1.0,
1.0,
0.0,
175.0,
246.0,
255.0,
233.0,
255.0,
45.0,
0.0,
1.0,
0.0,
5.0,
6.0,
0.0,
4.0,
0.0,
0.0,
0.0,
0.0,
1.0,
2.0,
16.0,
0.0,
0.0,
0.0,
26.0,
153.0,
148.0,
180.0,
255.0,
233.0,
255.0,
253.0,
246.0,
76.0,
1.0,
1.0,
0.0,
3.0,
1.0,
0.0,
2.0,
1.0,
0.0,
0.0,
0.0,
0.0,
0.0,
0.0,
0.0,
0.0,
13.0,
0.0,
0.0,
112.0,
255.0,
244.0,
255.0,
254.0,
235.0,
255.0,
132.0,
1.0,
0.0,
4.0,
0.0,
10.0,
0.0,
0.0,
14.0,
0.0,
0.0,
0.0,
0.0,
0.0,
1.0,
0.0,
0.0,
0.0,
0.0,
2.0,
6.0,
9.0,
188.0,
241.0,
255.0,
255.0,
216.0,
94.0,
0.0,
0.0,
0.0,
0.0,
0.0,
0.0,
0.0,
0.0,
0.0,
0.0,
0.0,
0.0,
0.0,
0.0,
1.0,
0.0,
0.0,
0.0,
0.0,
1.0,
5.0,
7.0,
0.0,
77.0,
116.0,
88.0,
48.0,
2.0,
0.0,
19.0,
0.0,
0.0,
0.0,
0.0,
0.0,
0.0,
0.0,
0.0,
0.0,
0.0,
0.0,
0.0,
0.0,
0.0,
0.0,
0.0,
0.0,
1.0,
2.0,
3.0,
0.0,
10.0,
6.0,
0.0,
0.0,
4.0,
0.0,
0.0,
0.0,
0.0,
0.0,
0.0,
0.0,
0.0,
0.0,
0.0,
0.0,
0.0,
0.0,
0.0,
0.0,
0.0,
1.0,
1.0,
1.0,
0.0,
0.0,
0.0,
12.0,
0.0,
0.0,
0.0,
5.0,
7.0,
6.0,
0.0,
0.0,
0.0,
0.0,
0.0,
0.0,
0.0,
0.0,
0.0,
0.0,
0.0,
0.0,
0.0,
