0.0,
0.0,
0.0,
0.0,
0.0,
0.0,
0.0,
0.0,
1.0,
0.0,
2.0,
6.0,
0.0,
0.0,
7.0,
0.0,
0.0,
0.0,
0.0,
8.0,
0.0,
0.0,
4.0,
2.0,
0.0,
0.0,
0.0,
0.0,
0.0,
0.0,
0.0,
0.0,
0.0,
0.0,
0.0,
0.0,
0.0,
0.0,
1.0,
0.0,
0.0,
1.0,
10.0,
5.0,
0.0,
11.0,
11.0,
0.0,
13.0,
9.0,
0.0,
0.0,
0.0,
0.0,
0.0,
0.0,
0.0,
0.0,
0.0,
0.0,
0.0,
0.0,
0.0,
0.0,
14.0,
1.0,
0.0,
6.0,
14.0,
0.0,
0.0,
0.0,
8.0,
0.0,
0.0,
0.0,
12.0,
0.0,
0.0,
8.0,
0.0,
0.0,
0.0,
0.0,
0.0,
0.0,
0.0,
0.0,
0.0,
0.0,
0.0,
0.0,
0.0,
9.0,
8.0,
0.0,
0.0,
2.0,
2.0,
8.0,
0.0,
10.0,
7.0,
14.0,
0.0,
0.0,
14.0,
0.0,
0.0,
0.0,
0.0,
0.0,
0.0,
0.0,
0.0,
0.0,
0.0,
0.0,
0.0,
0.0,
8.0,
4.0,
0.0,
4.0,
9.0,
0.0,
0.0,
32.0,
161.0,
136.0,
0.0,
2.0,
3.0,
1.0,
5.0,
0.0,
0.0,
0.0,
0.0,
0.0,
0.0,
0.0,
0.0,
0.0,
0.0,
0.0,
0.0,
0.0,
1.0,
0.0,
0.0,
6.0,
2.0,
17.0,
105.0,
213.0,
252.0,
255.0,
63.0,
0.0,
13.0,
5.0,
0.0,
16.0,
0.0,
0.0,
0.0,
0.0,
0.0,
0.0,
0.0,
0.0,
0.0,
0.0,
0.0,
0.0,
0.0,
10.0,
2.0,
5.0,
90.0,
220.0,
255.0,
219.0,
77.0,
232.0,
176.0,
10.0,
0.0,
4.0,
0.0,
0.0,
0.0,
0.0,
0.0,
0.0,
0.0,
0.0,
0.0,
0.0,
0.0,
0.0,
0.0,
0.0,
5.0,
72.0,
175.0,
247.0,
255.0,
225.0,
126.0,
16.0,
3.0,
42.0,
90.0,
0.0,
0.0,
1.0,
1.0,
5.0,
0.0,
0.0,
0.0,
0.0,
0.0,
0.0,
0.0,
1.0,
3.0,
3.0,
2.0,
0.0,
28.0,
249.0,
255.0,
183.0,
129.0,
14.0,
4.0,
0.0,
0.0,
3.0,
4.0,
1.0,
3.0,
0.0,
0.0,
1.0,
0.0,
0.0,
0.0,
0.0,
1.0,
1.0,
0.0,
0.0,
0.0,
0.0,
0.0,
0.0,
62.0,
255.0,
127.0,
16.0,
9.0,
0.0,
3.0,
0.0,
5.0,
0.0,
4.0,
11.0,
0.0,
0.0,
24.0,
0.0,
0.0,
0.0,
0.0,
0.0,
0.0,
2.0,
2.0,
0.0,
0.0,
0.0,
0.0,
4.0,
166.0,
247.0,
58.0,
0.0,
0.0,
0.0,
13.0,
0.0,
0.0,
7.0,
0.0,
1.0,
3.0,
0.0,
0.0,
0.0,
0.0,
0.0,
0.0,
0.0,
0.0,
1.0,
4.0,
2.0,
0.0,
1.0,
7.0,
14.0,
248.0,
255.0,
212.0,
222.0,
216.0,
122.0,
114.0,
47.0,
40.0,
58.0,
4.0,
0.0,
12.0,
0.0,
0.0,
2.0,
0.0,
0.0,
0.0,
0.0,
0.0,
1.0,
4.0,
2.0,
0.0,
1.0,
7.0,
14.0,
213.0,
208.0,
214.0,
212.0,
225.0,
231.0,
255.0,
255.0,
234.0,
251.0,
237.0,
182.0,
72.0,
0.0,
0.0,
0.0,
0.0,
0.0,
0.0,
0.0,
0.0,
2.0,
2.0,
0.0,
0.0,
0.0,
0.0,
4.0,
0.0,
14.0,
0.0,
0.0,
0.0,
31.0,
29.0,
62.0,
135.0,
156.0,
210.0,
253.0,
203.0,
75.0,
0.0,
11.0,
0.0,
0.0,
0.0,
0.0,
1.0,
1.0,
0.0,
0.0,
0.0,
0.0,
0.0,
0.0,
0.0,
10.0,
0.0,
6.0,
6.0,
7.0,
0.0,
12.0,
0.0,
0.0,
15.0,
112.0,
250.0,
223.0,
54.0,
0.0,
0.0,
0.0,
0.0,
0.0,
0.0,
0.0,
0.0,
1.0,
3.0,
3.0,
2.0,
0.0,
2.0,
0.0,
2.0,
4.0,
0.0,
0.0,
19.0,
0.0,
0.0,
4.0,
6.0,
0.0,
117.0,
255.0,
156.0,
6.0,
0.0,
0.0,
0.0,
0.0,
4.0,
0.0,
0.0,
5.0,
0.0,
0.0,
17.0,
0.0,
5.0,
0.0,
0.0,
0.0,
0.0,
0.0,
0.0,
5.0,
4.0,
0.0,
0.0,
7.0,
6.0,
239.0,
186.0,
13.0,
0.0,
0.0,
0.0,
0.0,
0.0,
0.0,
0.0,
84.0,
28.0,
6.0,
0.0,
0.0,
0.0,
9.0,
16.0,
6.0,
0.0,
0.0,
1.0,
0.0,
0.0,
0.0,
0.0,
0.0,
64.0,
255.0,
173.0,
0.0,
0.0,
0.0,
0.0,
0.0,
0.0,
4.0,
7.0,
223.0,
241.0,
214.0,
136.0,
78.0,
37.0,
6.0,
0.0,
0.0,
0.0,
0.0,
0.0,
11.0,
12.0,
4.0,
8.0,
49.0,
187.0,
254.0,
132.0,
9.0,
0.0,
0.0,
0.0,
0.0,
0.0,
14.0,
0.0,
24.0,
84.0,
186.0,
255.0,
247.0,
255.0,
218.0,
177.0,
158.0,
130.0,
87.0,
63.0,
65.0,
80.0,
125.0,
203.0,
250.0,
255.0,
146.0,
17.0,
0.0,
0.0,
0.0,
0.0,
0.0,
7.0,
0.0,
3.0,
8.0,
11.0,
0.0,
24.0,
70.0,
100.0,
186.0,
255.0,
255.0,
254.0,
250.0,
255.0,
254.0,
253.0,
255.0,
246.0,
189.0,
99.0,
19.0,
0.0,
3.0,
0.0,
0.0,
0.0,
0.0,
8.0,
2.0,
12.0,
0.0,
0.0,
13.0,
0.0,
0.0,
2.0,
2.0,
0.0,
6.0,
47.0,
94.0,
102.0,
83.0,
99.0,
63.0,
16.0,
4.0,
0.0,
10.0,
6.0,
0.0,
0.0,
0.0,
0.0,
0.0,
0.0,
0.0,
0.0,
6.0,
0.0,
5.0,
0.0,
8.0,
2.0,
0.0,
2.0,
9.0,
4.0,
0.0,
0.0,
14.0,
14.0,
0.0,
0.0,
7.0,
0.0,
1.0,
1.0,
0.0,
0.0,
0.0,
0.0,
0.0,
2.0,
9.0,
0.0,
0.0,
6.0,
0.0,
0.0,
1.0,
0.0,
3.0,
2.0,
0.0,
0.0,
4.0,
1.0,
0.0,
0.0,
0.0,
0.0,
2.0,
2.0,
0.0,
4.0,
1.0,
0.0,
0.0,
0.0,
0.0,
0.0,
0.0,
0.0,
0.0,
0.0,
0.0,
0.0,
0.0,
0.0,
0.0,
0.0,
0.0,
0.0,
0.0,
0.0,
0.0,
0.0,
0.0,
0.0,
0.0,
0.0,
0.0,
0.0,
0.0,
0.0,
0.0,
0.0,
0.0,
0.0,
0.0,
0.0,
0.0,
0.0,
0.0,
0.0,
0.0,
0.0,
0.0,
0.0,
0.0,
0.0,
0.0,
0.0,
0.0,
0.0,
0.0,
0.0,
0.0,
0.0,
0.0,
0.0,
0.0,
0.0,
0.0,
0.0,
0.0,
0.0,
0.0,
0.0,
0.0,
0.0,
0.0,
0.0,
0.0,
0.0,
0.0,
0.0,
0.0,
0.0,
0.0,
0.0,
0.0,
0.0,
0.0,
0.0,
0.0,
0.0,
0.0,
0.0,
0.0,
0.0,
0.0,
0.0,
0.0,
0.0,
0.0,
0.0,
0.0,
0.0,
0.0,
0.0,
0.0,
0.0,
0.0,
0.0,
0.0,
0.0,
0.0,
0.0,
0.0,
0.0,
0.0,
0.0,
0.0,
0.0,
0.0,
0.0,
0.0,
0.0,
0.0,
0.0,
0.0,
