0.0,
0.0,
0.0,
0.0,
0.0,
0.0,
0.0,
0.0,
0.0,
1.0,
0.0,
0.0,
3.0,
4.0,
0.0,
0.0,
0.0,
8.0,
0.0,
0.0,
0.0,
5.0,
10.0,
0.0,
0.0,
0.0,
0.0,
0.0,
0.0,
0.0,
0.0,
0.0,
0.0,
0.0,
0.0,
0.0,
0.0,
8.0,
17.0,
13.0,
2.0,
0.0,
0.0,
8.0,
11.0,
0.0,
0.0,
12.0,
7.0,
0.0,
0.0,
14.0,
0.0,
0.0,
0.0,
0.0,
0.0,
0.0,
0.0,
0.0,
0.0,
0.0,
0.0,
0.0,
5.0,
0.0,
0.0,
0.0,
0.0,
2.0,
9.0,
4.0,
0.0,
2.0,
5.0,
0.0,
0.0,
5.0,
3.0,
0.0,
0.0,
0.0,
0.0,
0.0,
0.0,
0.0,
0.0,
0.0,
0.0,
0.0,
0.0,
0.0,
3.0,
1.0,
12.0,
16.0,
4.0,
0.0,
0.0,
0.0,
0.0,
6.0,
0.0,
8.0,
11.0,
0.0,
8.0,
0.0,
0.0,
0.0,
0.0,
0.0,
0.0,
0.0,
0.0,
0.0,
0.0,
0.0,
0.0,
0.0,
0.0,
0.0,
0.0,
0.0,
0.0,
1.0,
6.0,
3.0,
0.0,
48.0,
125.0,
255.0,
232.0,
62.0,
9.0,
0.0,
0.0,
0.0,
0.0,
0.0,
0.0,
0.0,
0.0,
0.0,
0.0,
0.0,
0.0,
0.0,
0.0,
7.0,
2.0,
0.0,
0.0,
0.0,
3.0,
21.0,
148.0,
215.0,
238.0,
255.0,
166.0,
22.0,
8.0,
1.0,
0.0,
0.0,
0.0,
0.0,
0.0,
0.0,
0.0,
0.0,
0.0,
0.0,
0.0,
0.0,
0.0,
10.0,
0.0,
0.0,
31.0,
89.0,
165.0,
251.0,
250.0,
255.0,
200.0,
89.0,
4.0,
0.0,
1.0,
0.0,
0.0,
0.0,
0.0,
0.0,
0.0,
0.0,
0.0,
0.0,
0.0,
0.0,
0.0,
0.0,
0.0,
2.0,
0.0,
58.0,
198.0,
255.0,
241.0,
240.0,
108.0,
33.0,
8.0,
0.0,
2.0,
14.0,
0.0,
13.0,
0.0,
0.0,
0.0,
0.0,
0.0,
0.0,
0.0,
0.0,
0.0,
0.0,
0.0,
0.0,
2.0,
4.0,
20.0,
209.0,
255.0,
241.0,
163.0,
41.0,
10.0,
0.0,
0.0,
3.0,
0.0,
0.0,
0.0,
10.0,
0.0,
0.0,
0.0,
0.0,
0.0,
0.0,
0.0,
0.0,
0.0,
0.0,
0.0,
0.0,
0.0,
0.0,
96.0,
241.0,
252.0,
57.0,
0.0,
4.0,
0.0,
18.0,
4.0,
1.0,
11.0,
0.0,
4.0,
0.0,
0.0,
0.0,
0.0,
0.0,
0.0,
0.0,
0.0,
0.0,
0.0,
0.0,
0.0,
0.0,
0.0,
0.0,
208.0,
255.0,
141.0,
0.0,
17.0,
52.0,
97.0,
96.0,
8.0,
14.0,
0.0,
6.0,
0.0,
16.0,
0.0,
0.0,
0.0,
0.0,
0.0,
0.0,
0.0,
0.0,
0.0,
0.0,
0.0,
0.0,
9.0,
21.0,
233.0,
217.0,
7.0,
72.0,
216.0,
251.0,
248.0,
255.0,
241.0,
77.0,
6.0,
0.0,
0.0,
0.0,
0.0,
0.0,
0.0,
0.0,
0.0,
0.0,
0.0,
0.0,
0.0,
0.0,
0.0,
0.0,
0.0,
104.0,
255.0,
200.0,
110.0,
254.0,
236.0,
145.0,
105.0,
175.0,
255.0,
235.0,
79.0,
15.0,
0.0,
18.0,
0.0,
0.0,
0.0,
0.0,
0.0,
0.0,
0.0,
0.0,
0.0,
0.0,
0.0,
0.0,
16.0,
144.0,
255.0,
251.0,
241.0,
250.0,
111.0,
0.0,
7.0,
0.0,
98.0,
255.0,
225.0,
0.0,
0.0,
0.0,
0.0,
0.0,
0.0,
0.0,
0.0,
0.0,
0.0,
0.0,
0.0,
0.0,
0.0,
0.0,
0.0,
35.0,
186.0,
255.0,
225.0,
78.0,
1.0,
2.0,
2.0,
3.0,
0.0,
255.0,
255.0,
101.0,
21.0,
0.0,
0.0,
0.0,
0.0,
0.0,
0.0,
0.0,
0.0,
0.0,
0.0,
0.0,
0.0,
0.0,
1.0,
2.0,
16.0,
50.0,
38.0,
1.0,
0.0,
0.0,
0.0,
11.0,
0.0,
242.0,
255.0,
106.0,
0.0,
10.0,
0.0,
0.0,
0.0,
0.0,
0.0,
10.0,
6.0,
6.0,
0.0,
0.0,
0.0,
31.0,
15.0,
0.0,
16.0,
11.0,
0.0,
0.0,
0.0,
5.0,
7.0,
6.0,
1.0,
255.0,
255.0,
68.0,
15.0,
0.0,
0.0,
0.0,
0.0,
0.0,
0.0,
6.0,
0.0,
0.0,
17.0,
24.0,
148.0,
231.0,
54.0,
0.0,
0.0,
4.0,
11.0,
4.0,
0.0,
0.0,
0.0,
0.0,
46.0,
236.0,
251.0,
17.0,
0.0,
0.0,
0.0,
0.0,
0.0,
0.0,
0.0,
1.0,
0.0,
10.0,
0.0,
117.0,
244.0,
186.0,
0.0,
12.0,
9.0,
0.0,
0.0,
3.0,
9.0,
0.0,
12.0,
8.0,
198.0,
249.0,
138.0,
0.0,
0.0,
7.0,
0.0,
0.0,
0.0,
0.0,
2.0,
4.0,
0.0,
12.0,
23.0,
221.0,
233.0,
13.0,
2.0,
0.0,
0.0,
0.0,
4.0,
0.0,
0.0,
14.0,
37.0,
168.0,
232.0,
251.0,
16.0,
0.0,
14.0,
0.0,
0.0,
0.0,
0.0,
0.0,
6.0,
1.0,
1.0,
0.0,
117.0,
255.0,
182.0,
2.0,
14.0,
0.0,
8.0,
0.0,
0.0,
9.0,
3.0,
57.0,
227.0,
255.0,
232.0,
43.0,
18.0,
0.0,
0.0,
6.0,
0.0,
0.0,
0.0,
0.0,
0.0,
0.0,
3.0,
9.0,
93.0,
251.0,
233.0,
187.0,
80.0,
69.0,
55.0,
0.0,
5.0,
100.0,
176.0,
233.0,
251.0,
235.0,
57.0,
0.0,
9.0,
0.0,
0.0,
3.0,
0.0,
0.0,
0.0,
0.0,
4.0,
1.0,
0.0,
12.0,
0.0,
170.0,
229.0,
255.0,
255.0,
255.0,
250.0,
255.0,
252.0,
255.0,
255.0,
217.0,
71.0,
8.0,
0.0,
0.0,
9.0,
9.0,
0.0,
0.0,
0.0,
0.0,
0.0,
0.0,
0.0,
7.0,
0.0,
5.0,
0.0,
6.0,
18.0,
40.0,
41.0,
157.0,
182.0,
191.0,
158.0,
143.0,
151.0,
18.0,
4.0,
0.0,
5.0,
5.0,
0.0,
0.0,
4.0,
4.0,
0.0,
0.0,
0.0,
0.0,
0.0,
0.0,
0.0,
0.0,
0.0,
0.0,
0.0,
0.0,
0.0,
0.0,
0.0,
0.0,
0.0,
0.0,
0.0,
0.0,
0.0,
0.0,
0.0,
0.0,
0.0,
0.0,
0.0,
0.0,
0.0,
0.0,
0.0,
0.0,
0.0,
0.0,
0.0,
0.0,
0.0,
0.0,
0.0,
0.0,
0.0,
0.0,
0.0,
0.0,
0.0,
0.0,
0.0,
0.0,
0.0,
0.0,
0.0,
0.0,
0.0,
0.0,
0.0,
0.0,
0.0,
0.0,
0.0,
0.0,
0.0,
0.0,
0.0,
0.0,
0.0,
0.0,
0.0,
0.0,
0.0,
0.0,
0.0,
0.0,
0.0,
0.0,
0.0,
0.0,
0.0,
0.0,
0.0,
0.0,
0.0,
0.0,
0.0,
0.0,
0.0,
0.0,
0.0,
0.0,
0.0,
0.0,
0.0,
0.0,
0.0,
0.0,
0.0,
0.0,
0.0,
0.0,
0.0,
0.0,
0.0,
0.0,
0.0,
0.0,
0.0,
0.0,
0.0,
0.0,
0.0,
0.0,
0.0,
0.0,
0.0,
0.0,
0.0,
0.0,
