0.0,
0.0,
0.0,
0.0,
0.0,
0.0,
0.0,
0.0,
0.0,
15.0,
0.0,
4.0,
5.0,
0.0,
0.0,
7.0,
0.0,
0.0,
12.0,
0.0,
0.0,
14.0,
0.0,
0.0,
0.0,
0.0,
0.0,
0.0,
0.0,
0.0,
0.0,
0.0,
0.0,
0.0,
0.0,
0.0,
8.0,
0.0,
0.0,
0.0,
11.0,
0.0,
0.0,
0.0,
15.0,
0.0,
0.0,
6.0,
8.0,
0.0,
0.0,
2.0,
0.0,
0.0,
0.0,
0.0,
0.0,
0.0,
0.0,
0.0,
0.0,
0.0,
0.0,
0.0,
5.0,
0.0,
8.0,
0.0,
6.0,
9.0,
5.0,
12.0,
0.0,
4.0,
5.0,
0.0,
0.0,
0.0,
7.0,
0.0,
0.0,
0.0,
0.0,
0.0,
0.0,
0.0,
0.0,
0.0,
0.0,
0.0,
0.0,
0.0,
0.0,
9.0,
7.0,
12.0,
0.0,
0.0,
0.0,
0.0,
20.0,
0.0,
1.0,
1.0,
9.0,
0.0,
0.0,
17.0,
0.0,
0.0,
0.0,
0.0,
0.0,
0.0,
0.0,
0.0,
0.0,
0.0,
0.0,
0.0,
4.0,
0.0,
0.0,
0.0,
27.0,
0.0,
16.0,
1.0,
5.0,
0.0,
12.0,
0.0,
10.0,
11.0,
0.0,
0.0,
0.0,
0.0,
0.0,
0.0,
0.0,
0.0,
0.0,
0.0,
0.0,
0.0,
0.0,
0.0,
0.0,
0.0,
20.0,
1.0,
38.0,
255.0,
115.0,
118.0,
119.0,
127.0,
128.0,
12.0,
0.0,
0.0,
13.0,
10.0,
0.0,
0.0,
0.0,
0.0,
0.0,
0.0,
0.0,
0.0,
0.0,
0.0,
0.0,
0.0,
13.0,
0.0,
0.0,
71.0,
255.0,
248.0,
255.0,
253.0,
255.0,
255.0,
255.0,
229.0,
143.0,
0.0,
0.0,
2.0,
0.0,
0.0,
0.0,
0.0,
0.0,
0.0,
0.0,
0.0,
0.0,
0.0,
0.0,
0.0,
0.0,
12.0,
2.0,
121.0,
255.0,
247.0,
253.0,
255.0,
255.0,
255.0,
243.0,
255.0,
193.0,
0.0,
5.0,
0.0,
0.0,
0.0,
0.0,
0.0,
0.0,
0.0,
0.0,
0.0,
0.0,
0.0,
0.0,
0.0,
0.0,
6.0,
0.0,
255.0,
235.0,
255.0,
55.0,
5.0,
128.0,
136.0,
125.0,
133.0,
0.0,
15.0,
0.0,
1.0,
0.0,
0.0,
0.0,
0.0,
0.0,
0.0,
0.0,
0.0,
0.0,
0.0,
0.0,
0.0,
0.0,
2.0,
66.0,
255.0,
255.0,
58.0,
16.0,
0.0,
2.0,
0.0,
7.0,
0.0,
0.0,
0.0,
5.0,
3.0,
0.0,
0.0,
0.0,
0.0,
0.0,
0.0,
0.0,
0.0,
0.0,
0.0,
0.0,
0.0,
0.0,
1.0,
179.0,
254.0,
255.0,
0.0,
4.0,
0.0,
5.0,
4.0,
6.0,
2.0,
8.0,
3.0,
4.0,
0.0,
0.0,
0.0,
0.0,
0.0,
0.0,
0.0,
0.0,
0.0,
0.0,
0.0,
0.0,
0.0,
0.0,
0.0,
255.0,
255.0,
242.0,
139.0,
46.0,
8.0,
0.0,
0.0,
0.0,
9.0,
0.0,
2.0,
4.0,
0.0,
0.0,
0.0,
0.0,
0.0,
0.0,
0.0,
0.0,
0.0,
0.0,
0.0,
0.0,
0.0,
8.0,
0.0,
255.0,
240.0,
253.0,
255.0,
255.0,
254.0,
76.0,
13.0,
0.0,
0.0,
1.0,
0.0,
12.0,
0.0,
0.0,
0.0,
0.0,
0.0,
0.0,
0.0,
0.0,
0.0,
0.0,
0.0,
0.0,
0.0,
7.0,
0.0,
78.0,
255.0,
255.0,
255.0,
248.0,
240.0,
244.0,
126.0,
0.0,
16.0,
7.0,
1.0,
2.0,
0.0,
0.0,
0.0,
0.0,
0.0,
0.0,
0.0,
0.0,
0.0,
0.0,
0.0,
0.0,
0.0,
12.0,
0.0,
0.0,
12.0,
56.0,
0.0,
141.0,
255.0,
250.0,
192.0,
9.0,
0.0,
0.0,
12.0,
0.0,
9.0,
0.0,
0.0,
0.0,
0.0,
0.0,
0.0,
0.0,
0.0,
0.0,
0.0,
0.0,
0.0,
0.0,
16.0,
3.0,
0.0,
1.0,
9.0,
0.0,
131.0,
247.0,
255.0,
118.0,
0.0,
6.0,
0.0,
0.0,
0.0,
0.0,
0.0,
0.0,
0.0,
0.0,
0.0,
0.0,
0.0,
0.0,
0.0,
0.0,
0.0,
3.0,
0.0,
0.0,
8.0,
0.0,
0.0,
8.0,
123.0,
248.0,
249.0,
129.0,
6.0,
0.0,
4.0,
6.0,
0.0,
0.0,
0.0,
0.0,
0.0,
0.0,
0.0,
0.0,
0.0,
0.0,
0.0,
0.0,
0.0,
0.0,
6.0,
18.0,
0.0,
0.0,
8.0,
0.0,
135.0,
255.0,
255.0,
116.0,
10.0,
8.0,
0.0,
10.0,
0.0,
0.0,
0.0,
0.0,
0.0,
0.0,
0.0,
0.0,
0.0,
0.0,
0.0,
0.0,
0.0,
0.0,
0.0,
0.0,
1.0,
15.0,
0.0,
17.0,
121.0,
250.0,
246.0,
128.0,
0.0,
4.0,
5.0,
0.0,
7.0,
0.0,
0.0,
0.0,
0.0,
0.0,
0.0,
0.0,
0.0,
0.0,
0.0,
0.0,
0.0,
8.0,
10.0,
8.0,
3.0,
0.0,
0.0,
65.0,
252.0,
255.0,
255.0,
129.0,
0.0,
0.0,
16.0,
0.0,
3.0,
0.0,
0.0,
0.0,
0.0,
0.0,
0.0,
0.0,
0.0,
0.0,
0.0,
0.0,
0.0,
131.0,
229.0,
67.0,
13.0,
13.0,
0.0,
129.0,
251.0,
255.0,
237.0,
30.0,
1.0,
0.0,
0.0,
12.0,
0.0,
0.0,
0.0,
0.0,
0.0,
0.0,
0.0,
0.0,
0.0,
0.0,
0.0,
0.0,
0.0,
140.0,
255.0,
255.0,
175.0,
68.0,
127.0,
255.0,
255.0,
255.0,
145.0,
0.0,
0.0,
0.0,
0.0,
7.0,
4.0,
0.0,
0.0,
0.0,
0.0,
0.0,
0.0,
0.0,
0.0,
0.0,
0.0,
0.0,
0.0,
62.0,
255.0,
255.0,
253.0,
255.0,
254.0,
255.0,
248.0,
249.0,
64.0,
13.0,
5.0,
4.0,
14.0,
0.0,
0.0,
0.0,
0.0,
0.0,
0.0,
0.0,
0.0,
0.0,
0.0,
0.0,
0.0,
0.0,
0.0,
0.0,
71.0,
182.0,
255.0,
250.0,
251.0,
255.0,
255.0,
135.0,
0.0,
7.0,
0.0,
0.0,
0.0,
15.0,
0.0,
0.0,
0.0,
0.0,
0.0,
0.0,
0.0,
0.0,
0.0,
0.0,
0.0,
0.0,
0.0,
1.0,
0.0,
0.0,
60.0,
187.0,
255.0,
235.0,
144.0,
0.0,
0.0,
0.0,
0.0,
0.0,
0.0,
0.0,
0.0,
0.0,
0.0,
0.0,
0.0,
0.0,
0.0,
0.0,
0.0,
0.0,
0.0,
0.0,
0.0,
0.0,
14.0,
16.0,
1.0,
0.0,
1.0,
2.0,
0.0,
0.0,
0.0,
0.0,
0.0,
0.0,
0.0,
0.0,
0.0,
0.0,
0.0,
0.0,
0.0,
0.0,
0.0,
0.0,
0.0,
0.0,
0.0,
0.0,
0.0,
0.0,
0.0,
0.0,
0.0,
0.0,
0.0,
4.0,
12.0,
0.0,
0.0,
0.0,
0.0,
0.0,
0.0,
0.0,
0.0,
0.0,
0.0,
0.0,
0.0,
0.0,
0.0,
0.0,
0.0,
0.0,
0.0,
0.0,
0.0,
5.0,
0.0,
0.0,
8.0,
6.0,
0.0,
0.0,
0.0,
0.0,
0.0,
0.0,
0.0,
0.0,
0.0,
0.0,
0.0,
0.0,
0.0,
0.0,
0.0,
