0.0,
0.0,
0.0,
0.0,
0.0,
0.0,
0.0,
0.0,
0.0,
7.0,
4.0,
0.0,
0.0,
0.0,
0.0,
1.0,
7.0,
0.0,
1.0,
1.0,
10.0,
0.0,
2.0,
0.0,
0.0,
0.0,
0.0,
0.0,
0.0,
0.0,
0.0,
0.0,
0.0,
0.0,
0.0,
0.0,
5.0,
0.0,
0.0,
0.0,
1.0,
1.0,
0.0,
2.0,
0.0,
0.0,
9.0,
4.0,
0.0,
12.0,
3.0,
18.0,
0.0,
0.0,
0.0,
0.0,
0.0,
0.0,
0.0,
0.0,
0.0,
0.0,
0.0,
0.0,
2.0,
0.0,
0.0,
11.0,
6.0,
0.0,
0.0,
0.0,
0.0,
19.0,
0.0,
3.0,
12.0,
0.0,
0.0,
0.0,
0.0,
0.0,
0.0,
0.0,
0.0,
0.0,
0.0,
0.0,
0.0,
0.0,
0.0,
0.0,
0.0,
0.0,
6.0,
11.0,
0.0,
0.0,
5.0,
4.0,
0.0,
0.0,
25.0,
0.0,
2.0,
19.0,
2.0,
0.0,
0.0,
0.0,
0.0,
0.0,
0.0,
0.0,
0.0,
0.0,
0.0,
0.0,
0.0,
0.0,
3.0,
2.0,
0.0,
0.0,
0.0,
2.0,
9.0,
6.0,
12.0,
0.0,
29.0,
105.0,
151.0,
165.0,
202.0,
115.0,
0.0,
0.0,
0.0,
0.0,
0.0,
0.0,
0.0,
0.0,
0.0,
0.0,
0.0,
0.0,
0.0,
3.0,
0.0,
0.0,
7.0,
2.0,
0.0,
0.0,
1.0,
112.0,
229.0,
253.0,
206.0,
174.0,
116.0,
149.0,
0.0,
0.0,
0.0,
0.0,
0.0,
0.0,
0.0,
0.0,
0.0,
0.0,
0.0,
0.0,
0.0,
5.0,
0.0,
1.0,
14.0,
0.0,
0.0,
46.0,
165.0,
255.0,
188.0,
75.0,
10.0,
0.0,
0.0,
8.0,
0.0,
0.0,
0.0,
0.0,
0.0,
0.0,
0.0,
0.0,
0.0,
0.0,
0.0,
0.0,
0.0,
11.0,
0.0,
0.0,
3.0,
0.0,
49.0,
173.0,
234.0,
86.0,
24.0,
7.0,
5.0,
0.0,
10.0,
0.0,
0.0,
0.0,
0.0,
0.0,
0.0,
0.0,
0.0,
0.0,
0.0,
0.0,
0.0,
0.0,
6.0,
0.0,
4.0,
0.0,
0.0,
69.0,
213.0,
181.0,
21.0,
9.0,
0.0,
0.0,
0.0,
4.0,
2.0,
0.0,
0.0,
0.0,
0.0,
0.0,
0.0,
0.0,
0.0,
0.0,
0.0,
0.0,
0.0,
0.0,
2.0,
0.0,
0.0,
23.0,
73.0,
209.0,
178.0,
14.0,
10.0,
3.0,
0.0,
0.0,
1.0,
3.0,
1.0,
0.0,
0.0,
0.0,
0.0,
0.0,
0.0,
0.0,
0.0,
0.0,
0.0,
0.0,
0.0,
0.0,
4.0,
14.0,
4.0,
165.0,
249.0,
188.0,
0.0,
0.0,
0.0,
0.0,
0.0,
0.0,
1.0,
2.0,
0.0,
0.0,
0.0,
0.0,
0.0,
0.0,
0.0,
0.0,
0.0,
0.0,
0.0,
0.0,
0.0,
0.0,
0.0,
0.0,
144.0,
255.0,
93.0,
0.0,
5.0,
11.0,
0.0,
0.0,
0.0,
1.0,
0.0,
0.0,
0.0,
0.0,
0.0,
0.0,
0.0,
0.0,
0.0,
0.0,
0.0,
0.0,
0.0,
0.0,
0.0,
0.0,
0.0,
31.0,
206.0,
110.0,
2.0,
0.0,
23.0,
0.0,
0.0,
0.0,
1.0,
0.0,
0.0,
0.0,
0.0,
1.0,
0.0,
0.0,
0.0,
0.0,
0.0,
0.0,
0.0,
0.0,
0.0,
0.0,
0.0,
0.0,
0.0,
11.0,
255.0,
66.0,
0.0,
3.0,
0.0,
1.0,
3.0,
3.0,
2.0,
0.0,
0.0,
0.0,
0.0,
1.0,
0.0,
0.0,
0.0,
0.0,
0.0,
0.0,
0.0,
0.0,
0.0,
0.0,
0.0,
0.0,
17.0,
7.0,
248.0,
53.0,
0.0,
4.0,
0.0,
0.0,
2.0,
1.0,
0.0,
0.0,
0.0,
0.0,
0.0,
0.0,
0.0,
0.0,
0.0,
0.0,
0.0,
0.0,
0.0,
0.0,
0.0,
0.0,
0.0,
0.0,
0.0,
24.0,
230.0,
107.0,
16.0,
0.0,
10.0,
1.0,
0.0,
0.0,
0.0,
0.0,
1.0,
2.0,
0.0,
0.0,
0.0,
0.0,
0.0,
0.0,
0.0,
0.0,
0.0,
0.0,
8.0,
0.0,
14.0,
0.0,
10.0,
0.0,
106.0,
241.0,
109.0,
0.0,
3.0,
6.0,
3.0,
7.0,
0.0,
0.0,
6.0,
4.0,
3.0,
0.0,
0.0,
0.0,
0.0,
0.0,
5.0,
7.0,
6.0,
0.0,
0.0,
0.0,
0.0,
2.0,
0.0,
8.0,
0.0,
80.0,
250.0,
223.0,
34.0,
0.0,
0.0,
0.0,
10.0,
7.0,
0.0,
0.0,
0.0,
1.0,
0.0,
0.0,
0.0,
0.0,
1.0,
0.0,
0.0,
0.0,
4.0,
10.0,
0.0,
6.0,
3.0,
1.0,
5.0,
0.0,
74.0,
205.0,
254.0,
192.0,
61.0,
5.0,
2.0,
1.0,
0.0,
2.0,
0.0,
2.0,
0.0,
0.0,
0.0,
0.0,
0.0,
0.0,
0.0,
0.0,
0.0,
6.0,
0.0,
0.0,
0.0,
10.0,
0.0,
12.0,
7.0,
0.0,
155.0,
255.0,
122.0,
8.0,
0.0,
0.0,
2.0,
8.0,
0.0,
4.0,
0.0,
0.0,
0.0,
0.0,
0.0,
1.0,
9.0,
2.0,
0.0,
0.0,
0.0,
12.0,
0.0,
14.0,
0.0,
0.0,
15.0,
97.0,
243.0,
200.0,
61.0,
0.0,
6.0,
12.0,
0.0,
5.0,
0.0,
5.0,
0.0,
0.0,
0.0,
0.0,
0.0,
0.0,
2.0,
5.0,
13.0,
0.0,
13.0,
0.0,
4.0,
0.0,
21.0,
109.0,
217.0,
243.0,
148.0,
15.0,
0.0,
0.0,
16.0,
1.0,
0.0,
10.0,
4.0,
0.0,
0.0,
0.0,
0.0,
0.0,
12.0,
0.0,
0.0,
0.0,
3.0,
0.0,
66.0,
35.0,
33.0,
79.0,
189.0,
250.0,
201.0,
107.0,
11.0,
3.0,
0.0,
5.0,
4.0,
0.0,
0.0,
9.0,
9.0,
0.0,
0.0,
0.0,
0.0,
0.0,
0.0,
0.0,
11.0,
0.0,
1.0,
14.0,
215.0,
245.0,
247.0,
255.0,
188.0,
103.0,
8.0,
0.0,
2.0,
0.0,
0.0,
5.0,
0.0,
3.0,
6.0,
0.0,
0.0,
4.0,
0.0,
0.0,
0.0,
0.0,
0.0,
0.0,
0.0,
0.0,
0.0,
0.0,
0.0,
0.0,
0.0,
0.0,
0.0,
0.0,
0.0,
0.0,
0.0,
0.0,
0.0,
0.0,
0.0,
0.0,
0.0,
0.0,
0.0,
0.0,
0.0,
0.0,
0.0,
0.0,
0.0,
0.0,
0.0,
0.0,
0.0,
0.0,
0.0,
0.0,
0.0,
0.0,
0.0,
0.0,
0.0,
0.0,
0.0,
0.0,
0.0,
0.0,
0.0,
0.0,
0.0,
0.0,
0.0,
0.0,
0.0,
0.0,
0.0,
0.0,
0.0,
0.0,
0.0,
0.0,
0.0,
0.0,
0.0,
0.0,
0.0,
0.0,
0.0,
0.0,
0.0,
0.0,
0.0,
0.0,
0.0,
0.0,
0.0,
0.0,
0.0,
0.0,
0.0,
0.0,
0.0,
0.0,
0.0,
0.0,
0.0,
0.0,
0.0,
0.0,
0.0,
0.0,
0.0,
0.0,
0.0,
0.0,
0.0,
0.0,
0.0,
0.0,
0.0,
0.0,
0.0,
0.0,
0.0,
0.0,
0.0,
0.0,
0.0,
0.0,
0.0,
0.0,
0.0,
0.0,
