0.0,
0.0,
0.0,
0.0,
0.0,
0.0,
0.0,
0.0,
4.0,
0.0,
8.0,
0.0,
0.0,
8.0,
0.0,
1.0,
4.0,
0.0,
0.0,
0.0,
0.0,
7.0,
8.0,
0.0,
0.0,
0.0,
0.0,
0.0,
0.0,
0.0,
0.0,
0.0,
0.0,
0.0,
0.0,
0.0,
4.0,
0.0,
0.0,
0.0,
18.0,
0.0,
0.0,
7.0,
15.0,
0.0,
0.0,
23.0,
7.0,
0.0,
1.0,
8.0,
0.0,
0.0,
0.0,
0.0,
0.0,
0.0,
0.0,
0.0,
0.0,
0.0,
0.0,
0.0,
0.0,
0.0,
12.0,
1.0,
0.0,
0.0,
18.0,
2.0,
0.0,
17.0,
3.0,
0.0,
0.0,
1.0,
0.0,
2.0,
0.0,
0.0,
0.0,
0.0,
0.0,
0.0,
0.0,
0.0,
0.0,
0.0,
0.0,
0.0,
17.0,
0.0,
10.0,
0.0,
0.0,
3.0,
16.0,
0.0,
10.0,
0.0,
1.0,
11.0,
5.0,
6.0,
10.0,
4.0,
0.0,
0.0,
0.0,
0.0,
0.0,
0.0,
0.0,
0.0,
0.0,
0.0,
0.0,
0.0,
0.0,
0.0,
5.0,
5.0,
74.0,
107.0,
143.0,
251.0,
255.0,
250.0,
127.0,
0.0,
0.0,
10.0,
0.0,
0.0,
0.0,
0.0,
0.0,
0.0,
0.0,
0.0,
0.0,
0.0,
0.0,
0.0,
0.0,
0.0,
8.0,
20.0,
144.0,
228.0,
235.0,
255.0,
250.0,
220.0,
124.0,
50.0,
10.0,
8.0,
0.0,
0.0,
0.0,
3.0,
0.0,
0.0,
0.0,
0.0,
0.0,
0.0,
0.0,
0.0,
0.0,
0.0,
0.0,
0.0,
112.0,
253.0,
243.0,
246.0,
255.0,
204.0,
58.0,
0.0,
3.0,
0.0,
0.0,
0.0,
3.0,
8.0,
5.0,
9.0,
0.0,
0.0,
0.0,
0.0,
0.0,
0.0,
0.0,
0.0,
0.0,
0.0,
0.0,
0.0,
76.0,
255.0,
255.0,
241.0,
101.0,
14.0,
11.0,
0.0,
1.0,
0.0,
5.0,
13.0,
0.0,
0.0,
5.0,
0.0,
0.0,
0.0,
0.0,
0.0,
0.0,
0.0,
0.0,
0.0,
0.0,
0.0,
0.0,
0.0,
83.0,
246.0,
236.0,
48.0,
0.0,
0.0,
3.0,
3.0,
1.0,
0.0,
0.0,
17.0,
0.0,
0.0,
10.0,
0.0,
0.0,
0.0,
0.0,
0.0,
0.0,
0.0,
0.0,
0.0,
0.0,
0.0,
0.0,
0.0,
227.0,
255.0,
38.0,
0.0,
8.0,
0.0,
0.0,
0.0,
11.0,
0.0,
0.0,
0.0,
0.0,
0.0,
0.0,
5.0,
0.0,
0.0,
0.0,
0.0,
0.0,
0.0,
0.0,
0.0,
0.0,
0.0,
0.0,
0.0,
151.0,
255.0,
60.0,
3.0,
0.0,
1.0,
3.0,
0.0,
0.0,
3.0,
13.0,
1.0,
10.0,
11.0,
0.0,
0.0,
0.0,
0.0,
0.0,
0.0,
0.0,
0.0,
0.0,
0.0,
0.0,
0.0,
0.0,
0.0,
73.0,
249.0,
232.0,
81.0,
15.0,
2.0,
3.0,
0.0,
0.0,
3.0,
0.0,
0.0,
0.0,
3.0,
0.0,
0.0,
0.0,
0.0,
0.0,
0.0,
0.0,
0.0,
0.0,
0.0,
0.0,
0.0,
0.0,
0.0,
26.0,
127.0,
255.0,
250.0,
222.0,
144.0,
122.0,
129.0,
38.0,
37.0,
13.0,
9.0,
0.0,
0.0,
15.0,
2.0,
0.0,
0.0,
0.0,
0.0,
0.0,
0.0,
0.0,
0.0,
0.0,
0.0,
0.0,
0.0,
6.0,
0.0,
69.0,
185.0,
255.0,
255.0,
255.0,
239.0,
255.0,
255.0,
203.0,
136.0,
58.0,
0.0,
0.0,
0.0,
0.0,
0.0,
0.0,
0.0,
0.0,
0.0,
0.0,
0.0,
0.0,
0.0,
0.0,
0.0,
0.0,
10.0,
0.0,
0.0,
0.0,
40.0,
154.0,
196.0,
183.0,
218.0,
255.0,
252.0,
251.0,
161.0,
13.0,
0.0,
0.0,
0.0,
0.0,
0.0,
0.0,
0.0,
0.0,
0.0,
0.0,
0.0,
0.0,
0.0,
5.0,
0.0,
2.0,
0.0,
13.0,
0.0,
3.0,
0.0,
6.0,
5.0,
52.0,
106.0,
255.0,
240.0,
18.0,
3.0,
0.0,
0.0,
0.0,
0.0,
0.0,
0.0,
2.0,
3.0,
0.0,
4.0,
8.0,
0.0,
2.0,
1.0,
0.0,
4.0,
7.0,
0.0,
0.0,
8.0,
14.0,
2.0,
0.0,
75.0,
247.0,
167.0,
3.0,
0.0,
0.0,
0.0,
0.0,
0.0,
6.0,
1.0,
0.0,
0.0,
0.0,
0.0,
0.0,
0.0,
0.0,
5.0,
0.0,
0.0,
0.0,
2.0,
15.0,
0.0,
0.0,
12.0,
4.0,
199.0,
249.0,
123.0,
0.0,
13.0,
0.0,
0.0,
0.0,
0.0,
2.0,
0.0,
0.0,
1.0,
1.0,
1.0,
0.0,
0.0,
0.0,
9.0,
0.0,
10.0,
9.0,
0.0,
5.0,
4.0,
6.0,
8.0,
162.0,
248.0,
230.0,
37.0,
8.0,
0.0,
0.0,
0.0,
0.0,
0.0,
0.0,
0.0,
0.0,
6.0,
10.0,
2.0,
0.0,
0.0,
0.0,
6.0,
0.0,
0.0,
7.0,
8.0,
0.0,
4.0,
26.0,
194.0,
233.0,
255.0,
110.0,
0.0,
0.0,
2.0,
0.0,
0.0,
0.0,
0.0,
1.0,
3.0,
0.0,
1.0,
5.0,
0.0,
0.0,
10.0,
37.0,
0.0,
12.0,
6.0,
0.0,
6.0,
43.0,
144.0,
249.0,
241.0,
255.0,
118.0,
4.0,
0.0,
10.0,
0.0,
0.0,
0.0,
0.0,
0.0,
4.0,
6.0,
0.0,
0.0,
3.0,
0.0,
8.0,
48.0,
210.0,
18.0,
0.0,
18.0,
73.0,
189.0,
253.0,
255.0,
243.0,
203.0,
74.0,
0.0,
2.0,
3.0,
0.0,
0.0,
0.0,
0.0,
0.0,
0.0,
0.0,
5.0,
0.0,
0.0,
6.0,
0.0,
16.0,
69.0,
255.0,
234.0,
232.0,
238.0,
237.0,
255.0,
220.0,
83.0,
25.0,
0.0,
0.0,
6.0,
0.0,
0.0,
0.0,
2.0,
0.0,
0.0,
0.0,
0.0,
0.0,
6.0,
0.0,
0.0,
4.0,
0.0,
0.0,
52.0,
201.0,
255.0,
248.0,
255.0,
190.0,
54.0,
16.0,
4.0,
0.0,
12.0,
0.0,
6.0,
9.0,
0.0,
18.0,
0.0,
0.0,
0.0,
0.0,
0.0,
0.0,
0.0,
0.0,
0.0,
0.0,
0.0,
0.0,
0.0,
0.0,
0.0,
0.0,
0.0,
0.0,
0.0,
0.0,
0.0,
0.0,
0.0,
0.0,
0.0,
0.0,
0.0,
0.0,
0.0,
0.0,
0.0,
0.0,
0.0,
0.0,
0.0,
0.0,
0.0,
0.0,
0.0,
0.0,
0.0,
0.0,
0.0,
0.0,
0.0,
0.0,
0.0,
0.0,
0.0,
0.0,
0.0,
0.0,
0.0,
0.0,
0.0,
0.0,
0.0,
0.0,
0.0,
0.0,
0.0,
0.0,
0.0,
0.0,
0.0,
0.0,
0.0,
0.0,
0.0,
0.0,
0.0,
0.0,
0.0,
0.0,
0.0,
0.0,
0.0,
0.0,
0.0,
0.0,
0.0,
0.0,
0.0,
0.0,
0.0,
0.0,
0.0,
0.0,
0.0,
0.0,
0.0,
0.0,
0.0,
0.0,
0.0,
0.0,
0.0,
0.0,
0.0,
0.0,
0.0,
0.0,
0.0,
0.0,
0.0,
0.0,
0.0,
0.0,
0.0,
0.0,
0.0,
0.0,
0.0,
0.0,
0.0,
0.0,
0.0,
