0.0,
0.0,
0.0,
0.0,
0.0,
0.0,
0.0,
0.0,
5.0,
0.0,
1.0,
11.0,
0.0,
0.0,
2.0,
1.0,
5.0,
4.0,
0.0,
0.0,
11.0,
5.0,
0.0,
0.0,
0.0,
0.0,
0.0,
0.0,
0.0,
0.0,
0.0,
0.0,
0.0,
0.0,
0.0,
0.0,
0.0,
8.0,
0.0,
0.0,
4.0,
14.0,
1.0,
0.0,
0.0,
6.0,
8.0,
3.0,
0.0,
0.0,
0.0,
0.0,
3.0,
2.0,
4.0,
6.0,
0.0,
0.0,
0.0,
0.0,
0.0,
0.0,
0.0,
0.0,
0.0,
4.0,
0.0,
0.0,
0.0,
2.0,
3.0,
3.0,
4.0,
0.0,
0.0,
0.0,
0.0,
0.0,
0.0,
13.0,
0.0,
0.0,
1.0,
0.0,
0.0,
0.0,
0.0,
0.0,
0.0,
0.0,
0.0,
0.0,
7.0,
0.0,
3.0,
9.0,
0.0,
0.0,
7.0,
0.0,
13.0,
0.0,
2.0,
0.0,
0.0,
2.0,
0.0,
0.0,
0.0,
1.0,
0.0,
0.0,
0.0,
0.0,
0.0,
0.0,
0.0,
0.0,
0.0,
0.0,
0.0,
0.0,
2.0,
1.0,
4.0,
0.0,
0.0,
2.0,
0.0,
0.0,
21.0,
1.0,
0.0,
14.0,
8.0,
0.0,
1.0,
5.0,
6.0,
1.0,
0.0,
0.0,
0.0,
0.0,
0.0,
0.0,
0.0,
0.0,
0.0,
11.0,
0.0,
0.0,
12.0,
0.0,
5.0,
121.0,
52.0,
0.0,
1.0,
1.0,
0.0,
0.0,
0.0,
0.0,
0.0,
0.0,
0.0,
3.0,
0.0,
0.0,
0.0,
0.0,
0.0,
0.0,
0.0,
0.0,
4.0,
3.0,
0.0,
0.0,
3.0,
17.0,
110.0,
242.0,
137.0,
17.0,
0.0,
5.0,
8.0,
7.0,
0.0,
12.0,
12.0,
0.0,
0.0,
0.0,
0.0,
0.0,
0.0,
0.0,
0.0,
0.0,
0.0,
0.0,
4.0,
0.0,
10.0,
0.0,
0.0,
123.0,
252.0,
252.0,
65.0,
0.0,
2.0,
6.0,
26.0,
77.0,
77.0,
75.0,
58.0,
21.0,
0.0,
0.0,
0.0,
0.0,
0.0,
0.0,
0.0,
0.0,
0.0,
0.0,
6.0,
0.0,
0.0,
0.0,
47.0,
231.0,
255.0,
255.0,
100.0,
98.0,
180.0,
249.0,
246.0,
252.0,
255.0,
217.0,
203.0,
13.0,
0.0,
8.0,
0.0,
0.0,
0.0,
0.0,
0.0,
0.0,
0.0,
0.0,
0.0,
0.0,
0.0,
59.0,
246.0,
234.0,
255.0,
252.0,
254.0,
255.0,
255.0,
243.0,
166.0,
129.0,
73.0,
1.0,
20.0,
0.0,
0.0,
0.0,
0.0,
0.0,
0.0,
0.0,
0.0,
0.0,
0.0,
0.0,
0.0,
11.0,
38.0,
194.0,
236.0,
255.0,
255.0,
244.0,
187.0,
151.0,
70.0,
21.0,
0.0,
15.0,
6.0,
3.0,
0.0,
4.0,
16.0,
0.0,
0.0,
0.0,
0.0,
0.0,
0.0,
0.0,
0.0,
0.0,
0.0,
7.0,
140.0,
255.0,
255.0,
191.0,
62.0,
65.0,
15.0,
18.0,
0.0,
9.0,
22.0,
0.0,
0.0,
4.0,
6.0,
12.0,
0.0,
0.0,
0.0,
0.0,
0.0,
0.0,
0.0,
0.0,
0.0,
0.0,
2.0,
48.0,
255.0,
254.0,
246.0,
255.0,
254.0,
255.0,
250.0,
193.0,
72.0,
0.0,
0.0,
6.0,
1.0,
9.0,
0.0,
0.0,
0.0,
2.0,
0.0,
0.0,
0.0,
0.0,
0.0,
0.0,
0.0,
0.0,
0.0,
9.0,
168.0,
255.0,
135.0,
124.0,
143.0,
150.0,
169.0,
255.0,
226.0,
68.0,
0.0,
0.0,
5.0,
0.0,
3.0,
5.0,
11.0,
11.0,
0.0,
0.0,
0.0,
0.0,
0.0,
0.0,
0.0,
0.0,
0.0,
5.0,
0.0,
0.0,
5.0,
5.0,
15.0,
3.0,
7.0,
194.0,
250.0,
146.0,
0.0,
15.0,
10.0,
0.0,
2.0,
0.0,
0.0,
0.0,
0.0,
0.0,
0.0,
0.0,
0.0,
0.0,
0.0,
0.0,
6.0,
0.0,
0.0,
4.0,
0.0,
0.0,
5.0,
0.0,
0.0,
182.0,
255.0,
211.0,
2.0,
0.0,
0.0,
12.0,
1.0,
0.0,
4.0,
0.0,
4.0,
10.0,
0.0,
15.0,
0.0,
0.0,
10.0,
0.0,
0.0,
0.0,
9.0,
0.0,
1.0,
1.0,
13.0,
0.0,
0.0,
151.0,
244.0,
213.0,
14.0,
0.0,
0.0,
7.0,
0.0,
0.0,
0.0,
0.0,
0.0,
0.0,
14.0,
0.0,
21.0,
0.0,
0.0,
9.0,
10.0,
5.0,
0.0,
13.0,
12.0,
0.0,
8.0,
0.0,
29.0,
208.0,
255.0,
146.0,
3.0,
0.0,
5.0,
0.0,
0.0,
0.0,
0.0,
0.0,
8.0,
0.0,
2.0,
0.0,
0.0,
65.0,
2.0,
7.0,
0.0,
6.0,
0.0,
0.0,
0.0,
0.0,
5.0,
10.0,
147.0,
255.0,
242.0,
61.0,
0.0,
0.0,
10.0,
0.0,
0.0,
0.0,
0.0,
0.0,
0.0,
8.0,
0.0,
4.0,
0.0,
225.0,
149.0,
39.0,
1.0,
9.0,
9.0,
1.0,
11.0,
8.0,
14.0,
204.0,
255.0,
255.0,
152.0,
5.0,
1.0,
0.0,
1.0,
0.0,
0.0,
0.0,
0.0,
0.0,
0.0,
0.0,
13.0,
2.0,
9.0,
157.0,
244.0,
242.0,
227.0,
153.0,
171.0,
142.0,
101.0,
220.0,
255.0,
255.0,
254.0,
155.0,
46.0,
0.0,
4.0,
0.0,
0.0,
2.0,
0.0,
0.0,
0.0,
0.0,
7.0,
0.0,
4.0,
0.0,
4.0,
0.0,
112.0,
239.0,
242.0,
255.0,
255.0,
255.0,
248.0,
251.0,
249.0,
214.0,
116.0,
40.0,
0.0,
0.0,
3.0,
4.0,
1.0,
0.0,
0.0,
0.0,
0.0,
0.0,
0.0,
12.0,
0.0,
0.0,
0.0,
9.0,
0.0,
1.0,
38.0,
118.0,
126.0,
123.0,
140.0,
130.0,
107.0,
19.0,
9.0,
0.0,
0.0,
0.0,
5.0,
2.0,
3.0,
0.0,
0.0,
0.0,
0.0,
0.0,
7.0,
0.0,
0.0,
12.0,
0.0,
7.0,
0.0,
5.0,
0.0,
0.0,
7.0,
0.0,
11.0,
0.0,
0.0,
7.0,
0.0,
5.0,
14.0,
0.0,
11.0,
0.0,
0.0,
1.0,
0.0,
0.0,
0.0,
0.0,
0.0,
0.0,
0.0,
0.0,
0.0,
0.0,
0.0,
0.0,
0.0,
0.0,
0.0,
0.0,
0.0,
0.0,
0.0,
0.0,
0.0,
0.0,
0.0,
0.0,
0.0,
0.0,
0.0,
0.0,
0.0,
0.0,
0.0,
0.0,
0.0,
0.0,
0.0,
0.0,
0.0,
0.0,
0.0,
0.0,
0.0,
0.0,
0.0,
0.0,
0.0,
0.0,
0.0,
0.0,
0.0,
0.0,
0.0,
0.0,
0.0,
0.0,
0.0,
0.0,
0.0,
0.0,
0.0,
0.0,
0.0,
0.0,
0.0,
0.0,
0.0,
0.0,
0.0,
0.0,
0.0,
0.0,
0.0,
0.0,
0.0,
0.0,
0.0,
0.0,
0.0,
0.0,
0.0,
0.0,
0.0,
0.0,
0.0,
0.0,
0.0,
0.0,
0.0,
0.0,
0.0,
0.0,
0.0,
0.0,
0.0,
0.0,
0.0,
0.0,
0.0,
0.0,
0.0,
0.0,
0.0,
0.0,
0.0,
0.0,
0.0,
0.0,
0.0,
0.0,
0.0,
0.0,
0.0,
0.0,
0.0,
0.0,
0.0,
0.0,
