0.0,
0.0,
0.0,
0.0,
0.0,
0.0,
0.0,
0.0,
0.0,
0.0,
0.0,
0.0,
0.0,
0.0,
0.0,
0.0,
1.0,
0.0,
0.0,
4.0,
4.0,
0.0,
0.0,
2.0,
2.0,
4.0,
6.0,
0.0,
0.0,
0.0,
0.0,
0.0,
0.0,
0.0,
0.0,
0.0,
0.0,
0.0,
0.0,
0.0,
0.0,
0.0,
0.0,
0.0,
6.0,
3.0,
2.0,
3.0,
1.0,
0.0,
0.0,
1.0,
2.0,
0.0,
0.0,
6.0,
0.0,
0.0,
0.0,
0.0,
0.0,
0.0,
0.0,
0.0,
0.0,
0.0,
0.0,
0.0,
0.0,
0.0,
0.0,
0.0,
0.0,
0.0,
0.0,
0.0,
0.0,
1.0,
3.0,
2.0,
13.0,
8.0,
5.0,
3.0,
0.0,
0.0,
0.0,
0.0,
0.0,
0.0,
0.0,
0.0,
0.0,
0.0,
0.0,
0.0,
0.0,
0.0,
0.0,
0.0,
2.0,
6.0,
5.0,
0.0,
0.0,
3.0,
2.0,
0.0,
0.0,
0.0,
0.0,
3.0,
0.0,
0.0,
0.0,
0.0,
0.0,
0.0,
0.0,
0.0,
0.0,
0.0,
0.0,
0.0,
0.0,
0.0,
0.0,
0.0,
0.0,
0.0,
0.0,
0.0,
1.0,
4.0,
4.0,
1.0,
7.0,
4.0,
0.0,
0.0,
0.0,
0.0,
0.0,
0.0,
0.0,
0.0,
0.0,
0.0,
0.0,
0.0,
0.0,
0.0,
0.0,
0.0,
0.0,
0.0,
9.0,
6.0,
5.0,
7.0,
5.0,
0.0,
0.0,
0.0,
0.0,
4.0,
10.0,
0.0,
0.0,
0.0,
0.0,
0.0,
0.0,
0.0,
0.0,
0.0,
0.0,
0.0,
0.0,
0.0,
0.0,
0.0,
0.0,
0.0,
0.0,
0.0,
0.0,
1.0,
3.0,
0.0,
2.0,
13.0,
16.0,
0.0,
7.0,
0.0,
0.0,
0.0,
0.0,
0.0,
0.0,
0.0,
0.0,
0.0,
0.0,
0.0,
0.0,
0.0,
0.0,
0.0,
0.0,
0.0,
1.0,
0.0,
23.0,
72.0,
113.0,
141.0,
175.0,
209.0,
238.0,
20.0,
0.0,
7.0,
0.0,
10.0,
1.0,
0.0,
1.0,
1.0,
4.0,
2.0,
0.0,
0.0,
5.0,
0.0,
12.0,
69.0,
51.0,
91.0,
173.0,
233.0,
245.0,
248.0,
244.0,
192.0,
196.0,
135.0,
58.0,
21.0,
0.0,
0.0,
0.0,
1.0,
1.0,
5.0,
3.0,
0.0,
0.0,
0.0,
25.0,
135.0,
158.0,
224.0,
230.0,
238.0,
255.0,
217.0,
215.0,
118.0,
57.0,
38.0,
27.0,
0.0,
9.0,
0.0,
12.0,
0.0,
0.0,
0.0,
6.0,
0.0,
0.0,
7.0,
1.0,
0.0,
0.0,
1.0,
15.0,
196.0,
200.0,
196.0,
141.0,
94.0,
26.0,
13.0,
0.0,
0.0,
12.0,
0.0,
0.0,
2.0,
6.0,
0.0,
0.0,
0.0,
0.0,
3.0,
11.0,
0.0,
0.0,
1.0,
0.0,
2.0,
3.0,
4.0,
7.0,
115.0,
111.0,
0.0,
4.0,
0.0,
0.0,
4.0,
7.0,
3.0,
1.0,
0.0,
11.0,
2.0,
0.0,
9.0,
1.0,
5.0,
6.0,
1.0,
7.0,
0.0,
2.0,
0.0,
0.0,
8.0,
0.0,
3.0,
130.0,
245.0,
53.0,
0.0,
16.0,
0.0,
0.0,
1.0,
0.0,
8.0,
2.0,
4.0,
0.0,
2.0,
11.0,
0.0,
0.0,
1.0,
0.0,
0.0,
0.0,
0.0,
7.0,
0.0,
2.0,
7.0,
0.0,
21.0,
239.0,
225.0,
0.0,
17.0,
6.0,
0.0,
85.0,
163.0,
190.0,
190.0,
204.0,
229.0,
202.0,
205.0,
153.0,
25.0,
0.0,
0.0,
1.0,
0.0,
0.0,
0.0,
6.0,
0.0,
6.0,
0.0,
0.0,
79.0,
255.0,
81.0,
109.0,
196.0,
255.0,
255.0,
255.0,
148.0,
172.0,
112.0,
79.0,
80.0,
50.0,
71.0,
135.0,
239.0,
3.0,
2.0,
4.0,
6.0,
7.0,
0.0,
1.0,
0.0,
6.0,
0.0,
8.0,
138.0,
241.0,
255.0,
254.0,
168.0,
67.0,
84.0,
0.0,
2.0,
0.0,
10.0,
1.0,
0.0,
9.0,
6.0,
5.0,
191.0,
0.0,
0.0,
0.0,
0.0,
0.0,
11.0,
1.0,
2.0,
4.0,
0.0,
26.0,
208.0,
255.0,
188.0,
54.0,
0.0,
6.0,
0.0,
1.0,
4.0,
0.0,
4.0,
7.0,
0.0,
2.0,
0.0,
56.0,
242.0,
0.0,
0.0,
0.0,
0.0,
4.0,
0.0,
0.0,
0.0,
2.0,
28.0,
184.0,
252.0,
144.0,
28.0,
0.0,
0.0,
1.0,
2.0,
0.0,
0.0,
8.0,
0.0,
0.0,
14.0,
0.0,
0.0,
191.0,
135.0,
0.0,
0.0,
0.0,
0.0,
9.0,
0.0,
0.0,
15.0,
0.0,
105.0,
255.0,
199.0,
27.0,
0.0,
11.0,
14.0,
0.0,
0.0,
5.0,
5.0,
6.0,
5.0,
1.0,
0.0,
7.0,
33.0,
204.0,
39.0,
0.0,
0.0,
0.0,
0.0,
0.0,
0.0,
20.0,
0.0,
3.0,
204.0,
237.0,
154.0,
0.0,
3.0,
13.0,
0.0,
0.0,
12.0,
0.0,
0.0,
0.0,
0.0,
21.0,
0.0,
85.0,
154.0,
55.0,
4.0,
0.0,
0.0,
0.0,
0.0,
6.0,
0.0,
0.0,
15.0,
0.0,
82.0,
246.0,
31.0,
0.0,
6.0,
0.0,
0.0,
11.0,
0.0,
1.0,
0.0,
0.0,
8.0,
0.0,
154.0,
230.0,
97.0,
0.0,
10.0,
0.0,
0.0,
0.0,
0.0,
6.0,
0.0,
0.0,
0.0,
0.0,
20.0,
29.0,
0.0,
0.0,
4.0,
1.0,
16.0,
0.0,
0.0,
14.0,
0.0,
12.0,
21.0,
188.0,
242.0,
103.0,
10.0,
3.0,
0.0,
0.0,
0.0,
0.0,
0.0,
0.0,
2.0,
0.0,
15.0,
0.0,
13.0,
0.0,
6.0,
7.0,
1.0,
0.0,
0.0,
0.0,
1.0,
10.0,
5.0,
42.0,
205.0,
224.0,
62.0,
0.0,
0.0,
0.0,
0.0,
0.0,
0.0,
0.0,
0.0,
0.0,
0.0,
4.0,
0.0,
2.0,
0.0,
13.0,
0.0,
0.0,
6.0,
7.0,
1.0,
15.0,
0.0,
0.0,
140.0,
248.0,
138.0,
27.0,
1.0,
0.0,
1.0,
2.0,
5.0,
0.0,
0.0,
0.0,
0.0,
0.0,
0.0,
0.0,
0.0,
0.0,
0.0,
0.0,
0.0,
4.0,
0.0,
0.0,
5.0,
14.0,
164.0,
175.0,
250.0,
92.0,
31.0,
0.0,
0.0,
9.0,
0.0,
0.0,
2.0,
0.0,
0.0,
0.0,
0.0,
0.0,
0.0,
0.0,
0.0,
0.0,
0.0,
0.0,
0.0,
0.0,
0.0,
10.0,
0.0,
0.0,
20.0,
0.0,
0.0,
16.0,
0.0,
0.0,
0.0,
0.0,
0.0,
0.0,
8.0,
0.0,
0.0,
0.0,
0.0,
0.0,
0.0,
0.0,
0.0,
0.0,
0.0,
0.0,
0.0,
7.0,
0.0,
13.0,
0.0,
3.0,
4.0,
6.0,
7.0,
0.0,
0.0,
5.0,
0.0,
0.0,
1.0,
4.0,
2.0,
0.0,
0.0,
0.0,
0.0,
0.0,
0.0,
0.0,
0.0,
0.0,
0.0,
0.0,
0.0,
2.0,
0.0,
1.0,
0.0,
5.0,
0.0,
0.0,
0.0,
0.0,
7.0,
6.0,
0.0,
0.0,
6.0,
4.0,
0.0,
0.0,
0.0,
0.0,
0.0,
