5.0,
0.0,
11.0,
0.0,
3.0,
4.0,
3.0,
0.0,
3.0,
0.0,
0.0,
9.0,
0.0,
0.0,
14.0,
0.0,
4.0,
0.0,
0.0,
5.0,
8.0,
2.0,
0.0,
7.0,
0.0,
0.0,
0.0,
0.0,
1.0,
0.0,
9.0,
0.0,
5.0,
0.0,
3.0,
0.0,
0.0,
10.0,
3.0,
0.0,
0.0,
8.0,
12.0,
0.0,
0.0,
6.0,
15.0,
0.0,
0.0,
4.0,
11.0,
0.0,
0.0,
0.0,
0.0,
0.0,
0.0,
0.0,
3.0,
4.0,
3.0,
0.0,
8.0,
1.0,
0.0,
5.0,
0.0,
0.0,
0.0,
0.0,
3.0,
16.0,
10.0,
0.0,
6.0,
7.0,
12.0,
0.0,
5.0,
0.0,
0.0,
0.0,
0.0,
0.0,
1.0,
2.0,
0.0,
0.0,
0.0,
0.0,
9.0,
0.0,
9.0,
3.0,
0.0,
7.0,
7.0,
0.0,
0.0,
0.0,
3.0,
0.0,
0.0,
0.0,
4.0,
6.0,
17.0,
0.0,
0.0,
0.0,
0.0,
0.0,
0.0,
6.0,
0.0,
0.0,
0.0,
0.0,
0.0,
0.0,
46.0,
149.0,
247.0,
255.0,
191.0,
152.0,
131.0,
65.0,
18.0,
8.0,
0.0,
15.0,
0.0,
0.0,
0.0,
0.0,
0.0,
0.0,
0.0,
0.0,
0.0,
4.0,
0.0,
0.0,
5.0,
2.0,
0.0,
34.0,
239.0,
252.0,
255.0,
253.0,
240.0,
255.0,
255.0,
238.0,
245.0,
124.0,
11.0,
0.0,
0.0,
8.0,
0.0,
18.0,
0.0,
0.0,
0.0,
0.0,
0.0,
0.0,
2.0,
0.0,
6.0,
1.0,
0.0,
131.0,
244.0,
254.0,
242.0,
255.0,
255.0,
245.0,
241.0,
252.0,
242.0,
250.0,
216.0,
34.0,
1.0,
1.0,
0.0,
0.0,
0.0,
0.0,
0.0,
0.0,
5.0,
0.0,
1.0,
0.0,
4.0,
0.0,
11.0,
223.0,
254.0,
250.0,
143.0,
70.0,
82.0,
86.0,
123.0,
196.0,
239.0,
255.0,
254.0,
25.0,
13.0,
0.0,
0.0,
10.0,
0.0,
0.0,
0.0,
0.0,
0.0,
3.0,
0.0,
3.0,
0.0,
0.0,
0.0,
189.0,
241.0,
255.0,
0.0,
0.0,
6.0,
5.0,
0.0,
8.0,
67.0,
153.0,
255.0,
77.0,
9.0,
0.0,
0.0,
12.0,
0.0,
0.0,
0.0,
0.0,
0.0,
2.0,
0.0,
3.0,
0.0,
5.0,
3.0,
169.0,
255.0,
252.0,
45.0,
16.0,
0.0,
0.0,
11.0,
0.0,
10.0,
7.0,
100.0,
18.0,
0.0,
15.0,
12.0,
0.0,
0.0,
0.0,
0.0,
0.0,
0.0,
2.0,
0.0,
1.0,
0.0,
10.0,
0.0,
126.0,
254.0,
246.0,
71.0,
7.0,
0.0,
14.0,
0.0,
0.0,
0.0,
0.0,
17.0,
0.0,
16.0,
7.0,
0.0,
8.0,
0.0,
0.0,
0.0,
0.0,
0.0,
3.0,
0.0,
0.0,
0.0,
8.0,
0.0,
73.0,
252.0,
252.0,
127.0,
27.0,
0.0,
1.0,
0.0,
18.0,
12.0,
0.0,
0.0,
2.0,
0.0,
0.0,
8.0,
4.0,
0.0,
0.0,
0.0,
0.0,
0.0,
1.0,
2.0,
0.0,
0.0,
8.0,
0.0,
36.0,
253.0,
252.0,
255.0,
240.0,
183.0,
152.0,
86.0,
13.0,
0.0,
4.0,
0.0,
9.0,
0.0,
0.0,
8.0,
0.0,
0.0,
0.0,
0.0,
0.0,
0.0,
0.0,
3.0,
0.0,
1.0,
9.0,
0.0,
19.0,
245.0,
251.0,
253.0,
254.0,
251.0,
255.0,
255.0,
229.0,
200.0,
163.0,
42.0,
0.0,
4.0,
4.0,
2.0,
6.0,
0.0,
0.0,
0.0,
0.0,
2.0,
0.0,
4.0,
2.0,
0.0,
4.0,
3.0,
8.0,
135.0,
238.0,
255.0,
255.0,
242.0,
253.0,
238.0,
255.0,
255.0,
251.0,
253.0,
205.0,
79.0,
0.0,
0.0,
2.0,
0.0,
0.0,
0.0,
0.0,
5.0,
0.0,
4.0,
2.0,
0.0,
0.0,
0.0,
0.0,
4.0,
56.0,
58.0,
67.0,
71.0,
179.0,
242.0,
254.0,
254.0,
246.0,
254.0,
255.0,
212.0,
78.0,
5.0,
0.0,
0.0,
0.0,
0.0,
0.0,
1.0,
2.0,
1.0,
0.0,
3.0,
8.0,
0.0,
0.0,
0.0,
1.0,
1.0,
0.0,
0.0,
4.0,
21.0,
37.0,
126.0,
180.0,
249.0,
246.0,
253.0,
210.0,
17.0,
10.0,
0.0,
0.0,
0.0,
0.0,
1.0,
0.0,
9.0,
0.0,
0.0,
6.0,
5.0,
1.0,
0.0,
10.0,
0.0,
2.0,
0.0,
0.0,
0.0,
6.0,
0.0,
2.0,
54.0,
216.0,
255.0,
239.0,
163.0,
0.0,
0.0,
0.0,
0.0,
0.0,
5.0,
0.0,
9.0,
5.0,
0.0,
5.0,
10.0,
0.0,
0.0,
7.0,
0.0,
5.0,
5.0,
5.0,
0.0,
0.0,
0.0,
14.0,
1.0,
0.0,
243.0,
255.0,
214.0,
14.0,
0.0,
0.0,
0.0,
0.0,
8.0,
0.0,
0.0,
2.0,
0.0,
4.0,
0.0,
4.0,
68.0,
65.0,
34.0,
0.0,
3.0,
0.0,
0.0,
21.0,
6.0,
1.0,
0.0,
29.0,
255.0,
246.0,
240.0,
0.0,
0.0,
0.0,
0.0,
0.0,
3.0,
0.0,
0.0,
0.0,
10.0,
0.0,
0.0,
60.0,
255.0,
255.0,
255.0,
201.0,
180.0,
107.0,
80.0,
64.0,
84.0,
72.0,
117.0,
216.0,
249.0,
238.0,
158.0,
1.0,
0.0,
0.0,
0.0,
0.0,
0.0,
9.0,
3.0,
0.0,
9.0,
0.0,
7.0,
105.0,
234.0,
238.0,
255.0,
247.0,
255.0,
235.0,
255.0,
255.0,
255.0,
238.0,
251.0,
252.0,
247.0,
216.0,
20.0,
0.0,
0.0,
0.0,
0.0,
0.0,
0.0,
6.0,
6.0,
0.0,
3.0,
0.0,
5.0,
71.0,
207.0,
214.0,
246.0,
255.0,
248.0,
252.0,
255.0,
253.0,
235.0,
255.0,
252.0,
249.0,
167.0,
20.0,
0.0,
14.0,
0.0,
0.0,
0.0,
0.0,
3.0,
0.0,
3.0,
0.0,
0.0,
4.0,
0.0,
0.0,
0.0,
15.0,
63.0,
147.0,
144.0,
216.0,
245.0,
252.0,
249.0,
255.0,
145.0,
59.0,
1.0,
2.0,
0.0,
0.0,
0.0,
0.0,
0.0,
0.0,
0.0,
0.0,
0.0,
0.0,
0.0,
0.0,
0.0,
0.0,
0.0,
0.0,
0.0,
0.0,
0.0,
0.0,
0.0,
0.0,
0.0,
0.0,
0.0,
0.0,
0.0,
0.0,
0.0,
0.0,
0.0,
0.0,
0.0,
0.0,
0.0,
0.0,
0.0,
0.0,
0.0,
0.0,
0.0,
0.0,
0.0,
0.0,
0.0,
0.0,
0.0,
0.0,
0.0,
0.0,
0.0,
0.0,
0.0,
0.0,
0.0,
0.0,
0.0,
0.0,
0.0,
0.0,
0.0,
0.0,
0.0,
0.0,
0.0,
0.0,
0.0,
0.0,
0.0,
0.0,
0.0,
0.0,
0.0,
0.0,
0.0,
0.0,
0.0,
0.0,
0.0,
0.0,
0.0,
0.0,
0.0,
0.0,
0.0,
0.0,
0.0,
0.0,
0.0,
0.0,
0.0,
0.0,
0.0,
0.0,
0.0,
0.0,
0.0,
0.0,
0.0,
0.0,
0.0,
0.0,
0.0,
0.0,
0.0,
0.0,
0.0,
0.0,
0.0,
0.0,
0.0,
0.0,
0.0,
0.0,
0.0,
0.0,
0.0,
0.0,
