0.0,
7.0,
0.0,
0.0,
0.0,
0.0,
0.0,
0.0,
0.0,
4.0,
0.0,
3.0,
4.0,
0.0,
0.0,
10.0,
9.0,
0.0,
3.0,
0.0,
0.0,
13.0,
0.0,
5.0,
0.0,
0.0,
0.0,
0.0,
5.0,
2.0,
0.0,
0.0,
4.0,
11.0,
11.0,
2.0,
2.0,
1.0,
0.0,
12.0,
0.0,
14.0,
6.0,
0.0,
0.0,
11.0,
0.0,
0.0,
18.0,
4.0,
0.0,
0.0,
0.0,
0.0,
0.0,
0.0,
0.0,
0.0,
9.0,
7.0,
0.0,
0.0,
0.0,
0.0,
4.0,
0.0,
9.0,
0.0,
9.0,
0.0,
10.0,
0.0,
10.0,
0.0,
13.0,
0.0,
0.0,
0.0,
0.0,
13.0,
0.0,
0.0,
0.0,
0.0,
1.0,
0.0,
8.0,
0.0,
0.0,
0.0,
9.0,
15.0,
0.0,
4.0,
0.0,
9.0,
1.0,
9.0,
0.0,
2.0,
0.0,
0.0,
0.0,
16.0,
0.0,
15.0,
0.0,
0.0,
0.0,
0.0,
0.0,
0.0,
8.0,
0.0,
0.0,
0.0,
2.0,
10.0,
0.0,
0.0,
0.0,
39.0,
148.0,
92.0,
41.0,
50.0,
212.0,
255.0,
255.0,
253.0,
15.0,
0.0,
6.0,
0.0,
0.0,
4.0,
0.0,
0.0,
0.0,
0.0,
0.0,
0.0,
6.0,
4.0,
9.0,
3.0,
0.0,
13.0,
79.0,
227.0,
254.0,
243.0,
255.0,
255.0,
225.0,
255.0,
250.0,
221.0,
11.0,
0.0,
0.0,
0.0,
0.0,
4.0,
0.0,
0.0,
0.0,
0.0,
4.0,
0.0,
6.0,
0.0,
0.0,
1.0,
20.0,
120.0,
246.0,
250.0,
255.0,
253.0,
249.0,
246.0,
214.0,
134.0,
84.0,
30.0,
10.0,
6.0,
0.0,
3.0,
2.0,
0.0,
0.0,
0.0,
0.0,
0.0,
0.0,
0.0,
6.0,
0.0,
8.0,
0.0,
0.0,
89.0,
255.0,
218.0,
77.0,
26.0,
44.0,
42.0,
0.0,
11.0,
8.0,
0.0,
0.0,
0.0,
12.0,
0.0,
8.0,
0.0,
0.0,
0.0,
0.0,
0.0,
0.0,
4.0,
0.0,
2.0,
0.0,
0.0,
0.0,
68.0,
255.0,
171.0,
1.0,
0.0,
0.0,
2.0,
0.0,
1.0,
0.0,
7.0,
0.0,
4.0,
0.0,
0.0,
5.0,
0.0,
0.0,
0.0,
0.0,
0.0,
0.0,
3.0,
0.0,
3.0,
3.0,
4.0,
1.0,
68.0,
240.0,
195.0,
6.0,
0.0,
13.0,
4.0,
0.0,
2.0,
7.0,
0.0,
16.0,
6.0,
0.0,
0.0,
31.0,
0.0,
0.0,
0.0,
0.0,
0.0,
0.0,
3.0,
0.0,
3.0,
4.0,
4.0,
0.0,
67.0,
251.0,
174.0,
0.0,
0.0,
0.0,
0.0,
17.0,
0.0,
0.0,
0.0,
0.0,
0.0,
12.0,
0.0,
0.0,
10.0,
0.0,
0.0,
0.0,
0.0,
0.0,
5.0,
0.0,
2.0,
0.0,
0.0,
0.0,
68.0,
255.0,
156.0,
0.0,
32.0,
51.0,
74.0,
120.0,
69.0,
69.0,
28.0,
15.0,
0.0,
0.0,
6.0,
0.0,
0.0,
0.0,
0.0,
0.0,
0.0,
0.0,
6.0,
0.0,
3.0,
0.0,
0.0,
2.0,
79.0,
252.0,
216.0,
107.0,
170.0,
247.0,
250.0,
255.0,
252.0,
252.0,
223.0,
176.0,
9.0,
16.0,
0.0,
0.0,
0.0,
0.0,
0.0,
0.0,
0.0,
0.0,
5.0,
0.0,
4.0,
0.0,
0.0,
7.0,
85.0,
238.0,
255.0,
247.0,
255.0,
248.0,
196.0,
200.0,
205.0,
252.0,
239.0,
251.0,
239.0,
23.0,
13.0,
7.0,
1.0,
0.0,
0.0,
0.0,
0.0,
0.0,
3.0,
0.0,
3.0,
2.0,
3.0,
2.0,
72.0,
242.0,
255.0,
232.0,
152.0,
53.0,
0.0,
1.0,
0.0,
30.0,
50.0,
181.0,
255.0,
222.0,
43.0,
0.0,
0.0,
0.0,
0.0,
0.0,
0.0,
2.0,
2.0,
0.0,
1.0,
3.0,
1.0,
0.0,
52.0,
253.0,
249.0,
133.0,
1.0,
0.0,
9.0,
0.0,
2.0,
0.0,
5.0,
22.0,
228.0,
249.0,
138.0,
0.0,
1.0,
0.0,
0.0,
0.0,
0.0,
0.0,
0.0,
0.0,
0.0,
0.0,
0.0,
0.0,
0.0,
42.0,
38.0,
0.0,
0.0,
0.0,
2.0,
0.0,
1.0,
0.0,
15.0,
0.0,
183.0,
253.0,
198.0,
0.0,
8.0,
0.0,
0.0,
0.0,
0.0,
0.0,
0.0,
0.0,
0.0,
0.0,
0.0,
0.0,
0.0,
0.0,
0.0,
18.0,
2.0,
0.0,
6.0,
1.0,
6.0,
0.0,
0.0,
22.0,
121.0,
255.0,
249.0,
44.0,
0.0,
0.0,
0.0,
0.0,
0.0,
0.0,
0.0,
0.0,
0.0,
0.0,
0.0,
0.0,
0.0,
0.0,
18.0,
0.0,
0.0,
0.0,
6.0,
0.0,
9.0,
2.0,
17.0,
0.0,
82.0,
255.0,
251.0,
149.0,
0.0,
0.0,
0.0,
0.0,
0.0,
0.0,
0.0,
0.0,
0.0,
0.0,
0.0,
0.0,
0.0,
0.0,
0.0,
48.0,
78.0,
119.0,
0.0,
11.0,
1.0,
0.0,
8.0,
0.0,
161.0,
255.0,
229.0,
136.0,
5.0,
0.0,
0.0,
0.0,
0.0,
0.0,
0.0,
0.0,
0.0,
0.0,
0.0,
0.0,
0.0,
11.0,
14.0,
217.0,
246.0,
148.0,
0.0,
17.0,
0.0,
19.0,
36.0,
191.0,
250.0,
237.0,
206.0,
10.0,
0.0,
0.0,
0.0,
0.0,
0.0,
0.0,
0.0,
0.0,
0.0,
0.0,
0.0,
0.0,
0.0,
0.0,
77.0,
252.0,
255.0,
153.0,
88.0,
6.0,
96.0,
185.0,
227.0,
253.0,
255.0,
158.0,
5.0,
0.0,
8.0,
0.0,
0.0,
0.0,
0.0,
0.0,
0.0,
0.0,
0.0,
0.0,
0.0,
0.0,
0.0,
10.0,
1.0,
207.0,
254.0,
248.0,
254.0,
255.0,
248.0,
249.0,
255.0,
235.0,
68.0,
0.0,
8.0,
10.0,
0.0,
0.0,
0.0,
0.0,
0.0,
0.0,
0.0,
0.0,
0.0,
0.0,
0.0,
0.0,
0.0,
0.0,
4.0,
32.0,
121.0,
252.0,
252.0,
250.0,
250.0,
189.0,
115.0,
1.0,
2.0,
5.0,
0.0,
0.0,
3.0,
0.0,
0.0,
0.0,
0.0,
0.0,
0.0,
0.0,
0.0,
0.0,
0.0,
0.0,
0.0,
0.0,
0.0,
0.0,
0.0,
0.0,
0.0,
0.0,
0.0,
0.0,
0.0,
0.0,
0.0,
0.0,
0.0,
0.0,
0.0,
0.0,
0.0,
0.0,
0.0,
0.0,
0.0,
0.0,
0.0,
0.0,
0.0,
0.0,
0.0,
0.0,
0.0,
0.0,
0.0,
0.0,
0.0,
0.0,
0.0,
0.0,
0.0,
0.0,
0.0,
0.0,
0.0,
0.0,
0.0,
0.0,
0.0,
0.0,
0.0,
0.0,
0.0,
0.0,
0.0,
0.0,
0.0,
0.0,
0.0,
0.0,
0.0,
0.0,
0.0,
0.0,
0.0,
0.0,
0.0,
0.0,
0.0,
0.0,
0.0,
0.0,
0.0,
0.0,
0.0,
0.0,
0.0,
0.0,
0.0,
0.0,
0.0,
0.0,
0.0,
0.0,
0.0,
0.0,
0.0,
0.0,
0.0,
0.0,
0.0,
0.0,
0.0,
0.0,
0.0,
0.0,
0.0,
0.0,
0.0,
0.0,
0.0,
0.0,
0.0,
0.0,
0.0,
0.0,
0.0,
