0.0,
0.0,
0.0,
0.0,
0.0,
0.0,
0.0,
0.0,
3.0,
0.0,
0.0,
0.0,
0.0,
3.0,
2.0,
1.0,
0.0,
6.0,
0.0,
0.0,
4.0,
7.0,
0.0,
5.0,
0.0,
0.0,
0.0,
0.0,
0.0,
0.0,
0.0,
0.0,
0.0,
0.0,
0.0,
0.0,
2.0,
2.0,
14.0,
5.0,
0.0,
0.0,
1.0,
1.0,
7.0,
0.0,
4.0,
3.0,
12.0,
0.0,
0.0,
2.0,
0.0,
0.0,
0.0,
0.0,
0.0,
0.0,
0.0,
0.0,
0.0,
0.0,
0.0,
0.0,
0.0,
0.0,
2.0,
0.0,
10.0,
1.0,
10.0,
0.0,
0.0,
0.0,
0.0,
13.0,
0.0,
21.0,
14.0,
0.0,
0.0,
0.0,
0.0,
0.0,
0.0,
0.0,
0.0,
0.0,
0.0,
0.0,
0.0,
0.0,
10.0,
0.0,
1.0,
0.0,
0.0,
0.0,
4.0,
0.0,
18.0,
4.0,
2.0,
91.0,
249.0,
122.0,
0.0,
3.0,
0.0,
0.0,
0.0,
0.0,
0.0,
0.0,
0.0,
0.0,
0.0,
0.0,
0.0,
0.0,
0.0,
4.0,
0.0,
0.0,
3.0,
13.0,
4.0,
11.0,
87.0,
121.0,
163.0,
255.0,
253.0,
139.0,
1.0,
5.0,
0.0,
0.0,
0.0,
0.0,
0.0,
0.0,
0.0,
0.0,
0.0,
0.0,
0.0,
0.0,
0.0,
19.0,
6.0,
0.0,
13.0,
58.0,
133.0,
225.0,
255.0,
252.0,
255.0,
228.0,
165.0,
25.0,
0.0,
8.0,
0.0,
0.0,
0.0,
0.0,
0.0,
0.0,
0.0,
0.0,
0.0,
0.0,
0.0,
0.0,
1.0,
0.0,
0.0,
26.0,
207.0,
255.0,
255.0,
255.0,
255.0,
249.0,
232.0,
147.0,
0.0,
0.0,
18.0,
0.0,
0.0,
0.0,
0.0,
0.0,
0.0,
0.0,
0.0,
0.0,
0.0,
0.0,
0.0,
0.0,
5.0,
1.0,
8.0,
25.0,
241.0,
254.0,
255.0,
248.0,
209.0,
93.0,
13.0,
1.0,
7.0,
0.0,
0.0,
5.0,
0.0,
0.0,
0.0,
0.0,
0.0,
0.0,
0.0,
0.0,
0.0,
0.0,
0.0,
0.0,
2.0,
0.0,
10.0,
4.0,
209.0,
252.0,
232.0,
132.0,
17.0,
0.0,
11.0,
0.0,
5.0,
0.0,
15.0,
0.0,
0.0,
0.0,
0.0,
0.0,
0.0,
0.0,
0.0,
0.0,
0.0,
0.0,
0.0,
0.0,
0.0,
12.0,
0.0,
71.0,
235.0,
246.0,
109.0,
2.0,
0.0,
4.0,
1.0,
1.0,
7.0,
0.0,
0.0,
0.0,
0.0,
0.0,
0.0,
0.0,
0.0,
0.0,
0.0,
0.0,
0.0,
0.0,
0.0,
0.0,
0.0,
0.0,
7.0,
197.0,
248.0,
149.0,
13.0,
0.0,
0.0,
8.0,
12.0,
0.0,
0.0,
0.0,
8.0,
3.0,
0.0,
0.0,
0.0,
0.0,
0.0,
0.0,
0.0,
0.0,
0.0,
0.0,
0.0,
0.0,
9.0,
0.0,
51.0,
228.0,
255.0,
123.0,
23.0,
12.0,
8.0,
0.0,
0.0,
15.0,
9.0,
9.0,
5.0,
0.0,
0.0,
0.0,
0.0,
0.0,
0.0,
0.0,
0.0,
0.0,
0.0,
0.0,
0.0,
0.0,
0.0,
6.0,
0.0,
103.0,
255.0,
255.0,
218.0,
231.0,
202.0,
107.0,
0.0,
5.0,
0.0,
4.0,
0.0,
19.0,
0.0,
0.0,
0.0,
0.0,
0.0,
0.0,
0.0,
0.0,
0.0,
0.0,
0.0,
0.0,
0.0,
0.0,
0.0,
0.0,
17.0,
176.0,
255.0,
246.0,
239.0,
194.0,
73.0,
0.0,
14.0,
3.0,
0.0,
7.0,
0.0,
0.0,
0.0,
0.0,
0.0,
0.0,
0.0,
0.0,
0.0,
0.0,
0.0,
0.0,
0.0,
4.0,
0.0,
9.0,
16.0,
3.0,
19.0,
195.0,
230.0,
255.0,
235.0,
62.0,
12.0,
0.0,
10.0,
0.0,
0.0,
0.0,
0.0,
0.0,
0.0,
0.0,
0.0,
0.0,
0.0,
0.0,
0.0,
0.0,
3.0,
0.0,
21.0,
0.0,
0.0,
19.0,
0.0,
0.0,
43.0,
171.0,
250.0,
229.0,
0.0,
0.0,
2.0,
2.0,
0.0,
0.0,
0.0,
0.0,
0.0,
0.0,
0.0,
0.0,
0.0,
0.0,
0.0,
0.0,
0.0,
64.0,
151.0,
36.0,
5.0,
9.0,
0.0,
4.0,
0.0,
40.0,
189.0,
255.0,
2.0,
1.0,
6.0,
0.0,
0.0,
0.0,
0.0,
0.0,
0.0,
0.0,
0.0,
0.0,
0.0,
0.0,
0.0,
0.0,
104.0,
240.0,
248.0,
237.0,
61.0,
10.0,
0.0,
10.0,
0.0,
0.0,
112.0,
242.0,
73.0,
11.0,
0.0,
15.0,
0.0,
0.0,
0.0,
0.0,
0.0,
0.0,
0.0,
0.0,
0.0,
0.0,
0.0,
0.0,
219.0,
255.0,
255.0,
255.0,
255.0,
160.0,
163.0,
41.0,
20.0,
22.0,
233.0,
245.0,
0.0,
0.0,
0.0,
12.0,
0.0,
0.0,
0.0,
0.0,
0.0,
0.0,
0.0,
0.0,
0.0,
0.0,
0.0,
0.0,
251.0,
255.0,
242.0,
252.0,
255.0,
230.0,
255.0,
255.0,
165.0,
199.0,
230.0,
174.0,
15.0,
0.0,
13.0,
0.0,
0.0,
0.0,
0.0,
0.0,
0.0,
0.0,
0.0,
0.0,
0.0,
0.0,
0.0,
0.0,
148.0,
246.0,
253.0,
253.0,
240.0,
255.0,
233.0,
255.0,
255.0,
255.0,
229.0,
85.0,
0.0,
0.0,
3.0,
9.0,
0.0,
0.0,
0.0,
0.0,
0.0,
0.0,
0.0,
0.0,
0.0,
0.0,
0.0,
0.0,
74.0,
215.0,
255.0,
235.0,
255.0,
254.0,
255.0,
248.0,
242.0,
240.0,
69.0,
0.0,
6.0,
0.0,
12.0,
0.0,
0.0,
0.0,
0.0,
0.0,
0.0,
0.0,
0.0,
0.0,
0.0,
0.0,
0.0,
0.0,
0.0,
34.0,
98.0,
209.0,
255.0,
239.0,
247.0,
255.0,
168.0,
38.0,
0.0,
13.0,
0.0,
0.0,
0.0,
0.0,
0.0,
0.0,
0.0,
0.0,
0.0,
0.0,
0.0,
0.0,
0.0,
0.0,
0.0,
0.0,
10.0,
0.0,
4.0,
10.0,
0.0,
8.0,
7.0,
0.0,
0.0,
0.0,
0.0,
5.0,
0.0,
2.0,
0.0,
9.0,
0.0,
0.0,
0.0,
0.0,
0.0,
0.0,
0.0,
0.0,
0.0,
0.0,
0.0,
0.0,
0.0,
0.0,
0.0,
0.0,
0.0,
0.0,
0.0,
0.0,
0.0,
0.0,
0.0,
0.0,
0.0,
0.0,
0.0,
0.0,
0.0,
0.0,
0.0,
0.0,
0.0,
0.0,
0.0,
0.0,
0.0,
0.0,
0.0,
0.0,
0.0,
0.0,
0.0,
0.0,
0.0,
0.0,
0.0,
0.0,
0.0,
0.0,
0.0,
0.0,
0.0,
0.0,
0.0,
0.0,
0.0,
0.0,
0.0,
0.0,
0.0,
0.0,
0.0,
0.0,
0.0,
0.0,
0.0,
0.0,
0.0,
0.0,
0.0,
0.0,
0.0,
0.0,
0.0,
0.0,
0.0,
0.0,
0.0,
0.0,
0.0,
0.0,
0.0,
0.0,
0.0,
0.0,
0.0,
0.0,
0.0,
0.0,
0.0,
0.0,
0.0,
0.0,
0.0,
0.0,
0.0,
0.0,
0.0,
0.0,
0.0,
0.0,
0.0,
0.0,
0.0,
0.0,
0.0,
0.0,
0.0,
0.0,
0.0,
0.0,
0.0,
0.0,
0.0,
0.0,
