0.0,
0.0,
0.0,
0.0,
0.0,
0.0,
0.0,
0.0,
0.0,
0.0,
3.0,
10.0,
0.0,
0.0,
0.0,
0.0,
2.0,
0.0,
1.0,
0.0,
3.0,
8.0,
0.0,
0.0,
0.0,
0.0,
0.0,
0.0,
0.0,
0.0,
0.0,
0.0,
0.0,
0.0,
0.0,
0.0,
17.0,
0.0,
0.0,
0.0,
0.0,
12.0,
13.0,
0.0,
2.0,
0.0,
1.0,
0.0,
0.0,
0.0,
0.0,
13.0,
0.0,
0.0,
0.0,
0.0,
0.0,
0.0,
0.0,
0.0,
0.0,
0.0,
0.0,
0.0,
0.0,
0.0,
7.0,
9.0,
4.0,
0.0,
0.0,
0.0,
0.0,
5.0,
9.0,
3.0,
0.0,
4.0,
4.0,
0.0,
0.0,
0.0,
0.0,
0.0,
0.0,
0.0,
0.0,
0.0,
0.0,
0.0,
0.0,
0.0,
7.0,
0.0,
0.0,
0.0,
0.0,
0.0,
0.0,
10.0,
0.0,
0.0,
0.0,
0.0,
0.0,
0.0,
11.0,
0.0,
0.0,
0.0,
0.0,
0.0,
0.0,
0.0,
0.0,
0.0,
0.0,
0.0,
0.0,
0.0,
0.0,
8.0,
4.0,
0.0,
3.0,
7.0,
0.0,
0.0,
0.0,
3.0,
2.0,
9.0,
0.0,
0.0,
18.0,
0.0,
0.0,
0.0,
0.0,
0.0,
0.0,
0.0,
0.0,
0.0,
0.0,
0.0,
0.0,
0.0,
0.0,
4.0,
0.0,
7.0,
98.0,
189.0,
231.0,
247.0,
152.0,
58.0,
1.0,
35.0,
19.0,
0.0,
2.0,
3.0,
0.0,
0.0,
0.0,
0.0,
0.0,
0.0,
0.0,
0.0,
0.0,
0.0,
0.0,
0.0,
9.0,
0.0,
2.0,
105.0,
231.0,
255.0,
220.0,
205.0,
233.0,
255.0,
248.0,
233.0,
223.0,
244.0,
222.0,
86.0,
0.0,
0.0,
0.0,
0.0,
0.0,
0.0,
0.0,
0.0,
0.0,
0.0,
0.0,
0.0,
0.0,
8.0,
92.0,
225.0,
243.0,
97.0,
0.0,
6.0,
65.0,
84.0,
110.0,
159.0,
146.0,
141.0,
172.0,
126.0,
0.0,
0.0,
0.0,
0.0,
7.0,
0.0,
0.0,
0.0,
0.0,
0.0,
0.0,
5.0,
1.0,
46.0,
177.0,
236.0,
60.0,
5.0,
2.0,
0.0,
0.0,
4.0,
0.0,
6.0,
0.0,
1.0,
0.0,
0.0,
0.0,
0.0,
0.0,
0.0,
0.0,
0.0,
0.0,
0.0,
2.0,
6.0,
5.0,
1.0,
0.0,
145.0,
255.0,
120.0,
12.0,
0.0,
0.0,
1.0,
9.0,
0.0,
0.0,
5.0,
6.0,
1.0,
0.0,
11.0,
0.0,
0.0,
0.0,
0.0,
0.0,
3.0,
4.0,
0.0,
0.0,
3.0,
0.0,
0.0,
4.0,
207.0,
208.0,
5.0,
0.0,
0.0,
8.0,
0.0,
0.0,
0.0,
7.0,
4.0,
3.0,
0.0,
0.0,
0.0,
0.0,
0.0,
0.0,
0.0,
0.0,
2.0,
3.0,
0.0,
0.0,
0.0,
0.0,
0.0,
143.0,
255.0,
105.0,
0.0,
13.0,
0.0,
9.0,
0.0,
7.0,
8.0,
0.0,
0.0,
0.0,
8.0,
8.0,
5.0,
0.0,
0.0,
0.0,
0.0,
0.0,
0.0,
0.0,
5.0,
1.0,
0.0,
13.0,
37.0,
247.0,
236.0,
28.0,
18.0,
49.0,
48.0,
42.0,
0.0,
0.0,
3.0,
0.0,
17.0,
0.0,
0.0,
0.0,
5.0,
0.0,
0.0,
0.0,
0.0,
2.0,
0.0,
0.0,
6.0,
0.0,
0.0,
9.0,
40.0,
253.0,
253.0,
234.0,
232.0,
250.0,
255.0,
246.0,
214.0,
228.0,
181.0,
86.0,
23.0,
0.0,
12.0,
2.0,
0.0,
0.0,
0.0,
0.0,
0.0,
4.0,
0.0,
0.0,
2.0,
0.0,
0.0,
0.0,
13.0,
48.0,
132.0,
233.0,
195.0,
167.0,
155.0,
154.0,
187.0,
242.0,
255.0,
255.0,
188.0,
96.0,
0.0,
0.0,
8.0,
0.0,
0.0,
0.0,
0.0,
0.0,
0.0,
0.0,
1.0,
3.0,
2.0,
1.0,
0.0,
0.0,
21.0,
5.0,
0.0,
5.0,
8.0,
0.0,
9.0,
6.0,
0.0,
127.0,
226.0,
243.0,
51.0,
0.0,
3.0,
0.0,
0.0,
0.0,
0.0,
0.0,
0.0,
0.0,
1.0,
2.0,
1.0,
1.0,
0.0,
0.0,
1.0,
2.0,
0.0,
0.0,
2.0,
1.0,
0.0,
11.0,
0.0,
12.0,
90.0,
228.0,
170.0,
2.0,
0.0,
0.0,
0.0,
0.0,
0.0,
1.0,
0.0,
0.0,
0.0,
0.0,
0.0,
0.0,
0.0,
8.0,
0.0,
0.0,
3.0,
2.0,
0.0,
0.0,
10.0,
0.0,
15.0,
0.0,
15.0,
227.0,
162.0,
0.0,
14.0,
0.0,
0.0,
0.0,
0.0,
3.0,
2.0,
0.0,
0.0,
0.0,
0.0,
0.0,
0.0,
0.0,
0.0,
0.0,
3.0,
10.0,
4.0,
0.0,
0.0,
9.0,
0.0,
0.0,
130.0,
247.0,
153.0,
0.0,
4.0,
0.0,
0.0,
0.0,
0.0,
1.0,
1.0,
1.0,
1.0,
1.0,
1.0,
2.0,
2.0,
2.0,
9.0,
6.0,
0.0,
0.0,
0.0,
5.0,
7.0,
0.0,
28.0,
161.0,
255.0,
224.0,
38.0,
0.0,
0.0,
0.0,
0.0,
0.0,
0.0,
0.0,
1.0,
2.0,
3.0,
3.0,
1.0,
0.0,
0.0,
0.0,
0.0,
1.0,
8.0,
7.0,
2.0,
2.0,
5.0,
127.0,
249.0,
236.0,
180.0,
46.0,
0.0,
0.0,
13.0,
0.0,
0.0,
0.0,
0.0,
1.0,
1.0,
2.0,
1.0,
0.0,
0.0,
0.0,
0.0,
12.0,
4.0,
2.0,
0.0,
0.0,
11.0,
95.0,
184.0,
253.0,
243.0,
122.0,
0.0,
0.0,
0.0,
8.0,
0.0,
0.0,
0.0,
0.0,
0.0,
2.0,
1.0,
0.0,
0.0,
0.0,
2.0,
5.0,
7.0,
1.0,
0.0,
0.0,
72.0,
171.0,
238.0,
251.0,
240.0,
99.0,
51.0,
0.0,
12.0,
0.0,
11.0,
0.0,
0.0,
0.0,
0.0,
0.0,
0.0,
2.0,
0.0,
0.0,
0.0,
2.0,
10.0,
18.0,
23.0,
90.0,
152.0,
213.0,
245.0,
255.0,
224.0,
118.0,
8.0,
0.0,
6.0,
1.0,
2.0,
0.0,
2.0,
0.0,
9.0,
0.0,
0.0,
0.0,
0.0,
0.0,
0.0,
5.0,
5.0,
0.0,
9.0,
124.0,
250.0,
255.0,
249.0,
209.0,
135.0,
51.0,
0.0,
0.0,
0.0,
0.0,
0.0,
0.0,
0.0,
0.0,
0.0,
0.0,
0.0,
0.0,
0.0,
0.0,
0.0,
4.0,
0.0,
1.0,
10.0,
4.0,
0.0,
0.0,
14.0,
0.0,
0.0,
0.0,
0.0,
0.0,
2.0,
10.0,
17.0,
0.0,
0.0,
0.0,
0.0,
0.0,
0.0,
0.0,
0.0,
0.0,
0.0,
0.0,
0.0,
6.0,
3.0,
0.0,
0.0,
0.0,
4.0,
0.0,
0.0,
2.0,
0.0,
0.0,
1.0,
6.0,
5.0,
0.0,
0.0,
0.0,
0.0,
0.0,
0.0,
0.0,
0.0,
0.0,
0.0,
0.0,
0.0,
0.0,
0.0,
0.0,
2.0,
4.0,
0.0,
0.0,
5.0,
10.0,
7.0,
0.0,
0.0,
0.0,
0.0,
0.0,
0.0,
2.0,
4.0,
0.0,
0.0,
0.0,
0.0,
0.0,
0.0,
0.0,
0.0,
0.0,
0.0,
0.0,
0.0,
