0.0,
6.0,
1.0,
0.0,
0.0,
0.0,
1.0,
3.0,
1.0,
0.0,
5.0,
0.0,
2.0,
0.0,
3.0,
0.0,
6.0,
4.0,
0.0,
2.0,
5.0,
1.0,
6.0,
4.0,
0.0,
0.0,
0.0,
0.0,
0.0,
0.0,
0.0,
0.0,
3.0,
2.0,
2.0,
0.0,
0.0,
1.0,
3.0,
7.0,
1.0,
1.0,
0.0,
6.0,
0.0,
0.0,
0.0,
0.0,
0.0,
3.0,
5.0,
0.0,
0.0,
0.0,
0.0,
0.0,
7.0,
0.0,
0.0,
0.0,
0.0,
0.0,
0.0,
0.0,
5.0,
0.0,
0.0,
0.0,
0.0,
8.0,
0.0,
0.0,
0.0,
7.0,
15.0,
9.0,
1.0,
0.0,
0.0,
0.0,
0.0,
0.0,
0.0,
0.0,
3.0,
0.0,
8.0,
1.0,
0.0,
0.0,
2.0,
2.0,
1.0,
7.0,
6.0,
13.0,
0.0,
0.0,
0.0,
19.0,
9.0,
0.0,
0.0,
0.0,
0.0,
0.0,
0.0,
5.0,
0.0,
0.0,
0.0,
0.0,
0.0,
0.0,
11.0,
0.0,
0.0,
10.0,
0.0,
0.0,
1.0,
0.0,
0.0,
0.0,
9.0,
0.0,
0.0,
0.0,
0.0,
1.0,
10.0,
0.0,
0.0,
14.0,
0.0,
0.0,
0.0,
0.0,
0.0,
0.0,
3.0,
0.0,
4.0,
0.0,
1.0,
5.0,
0.0,
6.0,
0.0,
8.0,
44.0,
71.0,
135.0,
154.0,
162.0,
139.0,
251.0,
255.0,
211.0,
69.0,
0.0,
0.0,
0.0,
11.0,
0.0,
0.0,
0.0,
0.0,
7.0,
0.0,
2.0,
0.0,
2.0,
0.0,
0.0,
94.0,
160.0,
205.0,
245.0,
248.0,
248.0,
253.0,
255.0,
252.0,
250.0,
255.0,
248.0,
114.0,
14.0,
5.0,
0.0,
0.0,
0.0,
0.0,
0.0,
0.0,
0.0,
0.0,
6.0,
3.0,
6.0,
0.0,
45.0,
220.0,
248.0,
255.0,
247.0,
243.0,
231.0,
245.0,
204.0,
163.0,
205.0,
155.0,
112.0,
28.0,
0.0,
9.0,
0.0,
3.0,
0.0,
0.0,
0.0,
0.0,
2.0,
0.0,
0.0,
0.0,
0.0,
12.0,
2.0,
213.0,
241.0,
251.0,
150.0,
55.0,
28.0,
49.0,
11.0,
0.0,
1.0,
0.0,
3.0,
0.0,
10.0,
0.0,
0.0,
4.0,
0.0,
0.0,
0.0,
0.0,
0.0,
0.0,
4.0,
9.0,
0.0,
0.0,
0.0,
201.0,
255.0,
132.0,
0.0,
0.0,
9.0,
0.0,
0.0,
18.0,
2.0,
0.0,
13.0,
3.0,
0.0,
0.0,
0.0,
3.0,
0.0,
0.0,
0.0,
0.0,
5.0,
0.0,
1.0,
6.0,
0.0,
0.0,
9.0,
209.0,
233.0,
132.0,
18.0,
0.0,
0.0,
13.0,
0.0,
0.0,
47.0,
37.0,
85.0,
0.0,
4.0,
0.0,
9.0,
0.0,
0.0,
0.0,
0.0,
0.0,
4.0,
0.0,
0.0,
2.0,
0.0,
0.0,
18.0,
169.0,
255.0,
250.0,
247.0,
255.0,
247.0,
250.0,
254.0,
250.0,
255.0,
235.0,
251.0,
255.0,
211.0,
138.0,
0.0,
13.0,
0.0,
0.0,
0.0,
0.0,
0.0,
3.0,
4.0,
5.0,
5.0,
3.0,
0.0,
66.0,
251.0,
239.0,
255.0,
255.0,
254.0,
249.0,
255.0,
254.0,
255.0,
255.0,
253.0,
248.0,
255.0,
245.0,
46.0,
0.0,
0.0,
0.0,
0.0,
0.0,
0.0,
6.0,
0.0,
0.0,
4.0,
3.0,
0.0,
5.0,
5.0,
44.0,
97.0,
99.0,
102.0,
106.0,
87.0,
23.0,
0.0,
0.0,
15.0,
44.0,
218.0,
247.0,
126.0,
9.0,
0.0,
0.0,
0.0,
0.0,
3.0,
7.0,
0.0,
0.0,
1.0,
0.0,
5.0,
2.0,
0.0,
0.0,
6.0,
0.0,
0.0,
0.0,
8.0,
0.0,
11.0,
18.0,
0.0,
0.0,
80.0,
255.0,
187.0,
4.0,
0.0,
0.0,
0.0,
0.0,
0.0,
2.0,
0.0,
5.0,
9.0,
0.0,
3.0,
0.0,
3.0,
3.0,
11.0,
0.0,
0.0,
0.0,
7.0,
0.0,
0.0,
0.0,
1.0,
12.0,
56.0,
233.0,
202.0,
0.0,
0.0,
0.0,
0.0,
0.0,
13.0,
0.0,
0.0,
0.0,
0.0,
12.0,
0.0,
7.0,
3.0,
2.0,
0.0,
0.0,
0.0,
0.0,
1.0,
1.0,
6.0,
0.0,
0.0,
0.0,
51.0,
255.0,
93.0,
14.0,
0.0,
0.0,
0.0,
0.0,
0.0,
1.0,
9.0,
4.0,
0.0,
11.0,
0.0,
0.0,
0.0,
0.0,
3.0,
5.0,
6.0,
5.0,
4.0,
4.0,
0.0,
8.0,
0.0,
3.0,
217.0,
245.0,
89.0,
0.0,
0.0,
0.0,
0.0,
0.0,
0.0,
4.0,
5.0,
1.0,
0.0,
0.0,
6.0,
0.0,
4.0,
2.0,
0.0,
0.0,
0.0,
0.0,
0.0,
1.0,
1.0,
0.0,
6.0,
82.0,
255.0,
175.0,
0.0,
0.0,
0.0,
0.0,
0.0,
0.0,
3.0,
0.0,
0.0,
8.0,
5.0,
0.0,
17.0,
8.0,
0.0,
0.0,
7.0,
12.0,
11.0,
6.0,
3.0,
2.0,
0.0,
0.0,
54.0,
234.0,
243.0,
55.0,
0.0,
7.0,
0.0,
0.0,
0.0,
0.0,
3.0,
0.0,
0.0,
7.0,
0.0,
0.0,
9.0,
0.0,
2.0,
2.0,
1.0,
0.0,
0.0,
0.0,
0.0,
0.0,
38.0,
17.0,
240.0,
255.0,
206.0,
11.0,
5.0,
0.0,
0.0,
0.0,
0.0,
0.0,
0.0,
13.0,
0.0,
0.0,
0.0,
79.0,
105.0,
56.0,
4.0,
1.0,
0.0,
0.0,
1.0,
9.0,
17.0,
23.0,
147.0,
245.0,
255.0,
247.0,
45.0,
6.0,
1.0,
0.0,
0.0,
0.0,
0.0,
0.0,
0.0,
10.0,
0.0,
1.0,
21.0,
197.0,
254.0,
228.0,
189.0,
156.0,
115.0,
95.0,
112.0,
160.0,
216.0,
252.0,
255.0,
255.0,
218.0,
82.0,
0.0,
0.0,
0.0,
12.0,
0.0,
0.0,
0.0,
0.0,
0.0,
5.0,
0.0,
2.0,
12.0,
206.0,
255.0,
253.0,
255.0,
255.0,
252.0,
253.0,
255.0,
255.0,
253.0,
247.0,
220.0,
152.0,
2.0,
0.0,
6.0,
8.0,
1.0,
0.0,
0.0,
0.0,
0.0,
0.0,
3.0,
0.0,
0.0,
0.0,
9.0,
63.0,
139.0,
194.0,
255.0,
242.0,
255.0,
204.0,
255.0,
216.0,
234.0,
185.0,
9.0,
6.0,
2.0,
0.0,
0.0,
0.0,
0.0,
1.0,
0.0,
0.0,
0.0,
0.0,
0.0,
2.0,
10.0,
9.0,
0.0,
0.0,
0.0,
5.0,
0.0,
0.0,
13.0,
0.0,
12.0,
0.0,
10.0,
0.0,
7.0,
5.0,
1.0,
0.0,
0.0,
0.0,
0.0,
1.0,
0.0,
0.0,
0.0,
0.0,
3.0,
2.0,
0.0,
0.0,
0.0,
0.0,
0.0,
0.0,
0.0,
1.0,
3.0,
2.0,
0.0,
3.0,
4.0,
3.0,
3.0,
2.0,
1.0,
0.0,
0.0,
0.0,
0.0,
0.0,
0.0,
0.0,
0.0,
0.0,
0.0,
0.0,
0.0,
0.0,
4.0,
7.0,
9.0,
10.0,
2.0,
5.0,
0.0,
6.0,
0.0,
0.0,
0.0,
0.0,
0.0,
0.0,
0.0,
1.0,
1.0,
1.0,
0.0,
0.0,
0.0,
0.0,
0.0,
0.0,
