7.0,
0.0,
13.0,
1.0,
0.0,
0.0,
7.0,
0.0,
0.0,
0.0,
0.0,
8.0,
0.0,
0.0,
0.0,
11.0,
7.0,
2.0,
0.0,
7.0,
6.0,
0.0,
0.0,
0.0,
0.0,
0.0,
0.0,
0.0,
4.0,
0.0,
4.0,
0.0,
6.0,
0.0,
0.0,
0.0,
9.0,
6.0,
17.0,
0.0,
15.0,
4.0,
10.0,
0.0,
0.0,
7.0,
0.0,
0.0,
0.0,
4.0,
4.0,
5.0,
0.0,
0.0,
0.0,
0.0,
0.0,
8.0,
0.0,
0.0,
9.0,
0.0,
0.0,
3.0,
0.0,
0.0,
0.0,
1.0,
0.0,
0.0,
0.0,
13.0,
0.0,
10.0,
0.0,
11.0,
0.0,
3.0,
0.0,
0.0,
0.0,
0.0,
0.0,
0.0,
0.0,
13.0,
3.0,
0.0,
0.0,
0.0,
8.0,
4.0,
0.0,
19.0,
1.0,
13.0,
0.0,
10.0,
0.0,
2.0,
0.0,
0.0,
0.0,
0.0,
10.0,
4.0,
4.0,
3.0,
0.0,
0.0,
0.0,
0.0,
0.0,
4.0,
1.0,
1.0,
0.0,
3.0,
5.0,
0.0,
1.0,
0.0,
0.0,
5.0,
20.0,
2.0,
0.0,
0.0,
6.0,
11.0,
0.0,
0.0,
0.0,
9.0,
4.0,
0.0,
0.0,
0.0,
0.0,
0.0,
7.0,
0.0,
0.0,
1.0,
0.0,
8.0,
0.0,
12.0,
8.0,
8.0,
0.0,
6.0,
0.0,
4.0,
0.0,
8.0,
10.0,
0.0,
7.0,
30.0,
2.0,
0.0,
1.0,
9.0,
0.0,
0.0,
0.0,
0.0,
5.0,
0.0,
0.0,
0.0,
5.0,
2.0,
0.0,
129.0,
120.0,
205.0,
186.0,
175.0,
136.0,
255.0,
255.0,
249.0,
185.0,
187.0,
127.0,
234.0,
0.0,
33.0,
0.0,
17.0,
0.0,
0.0,
0.0,
0.0,
0.0,
5.0,
4.0,
0.0,
7.0,
0.0,
8.0,
255.0,
253.0,
255.0,
251.0,
255.0,
250.0,
255.0,
252.0,
255.0,
255.0,
255.0,
255.0,
193.0,
6.0,
0.0,
11.0,
0.0,
0.0,
0.0,
0.0,
0.0,
3.0,
1.0,
0.0,
5.0,
0.0,
11.0,
11.0,
247.0,
255.0,
247.0,
255.0,
239.0,
255.0,
255.0,
255.0,
244.0,
251.0,
248.0,
255.0,
123.0,
1.0,
0.0,
4.0,
4.0,
0.0,
0.0,
0.0,
0.0,
0.0,
0.0,
0.0,
8.0,
12.0,
0.0,
63.0,
255.0,
248.0,
255.0,
246.0,
201.0,
255.0,
246.0,
182.0,
209.0,
205.0,
255.0,
181.0,
0.0,
10.0,
0.0,
0.0,
0.0,
0.0,
0.0,
0.0,
0.0,
5.0,
0.0,
0.0,
1.0,
0.0,
21.0,
119.0,
252.0,
255.0,
238.0,
22.0,
0.0,
0.0,
10.0,
150.0,
0.0,
112.0,
0.0,
18.0,
9.0,
0.0,
14.0,
0.0,
8.0,
0.0,
0.0,
0.0,
0.0,
4.0,
0.0,
3.0,
8.0,
11.0,
0.0,
255.0,
250.0,
255.0,
255.0,
171.0,
126.0,
203.0,
242.0,
251.0,
255.0,
255.0,
196.0,
118.0,
0.0,
66.0,
0.0,
0.0,
0.0,
0.0,
0.0,
0.0,
0.0,
0.0,
28.0,
0.0,
0.0,
0.0,
0.0,
126.0,
255.0,
247.0,
255.0,
251.0,
255.0,
255.0,
252.0,
255.0,
252.0,
255.0,
255.0,
239.0,
243.0,
255.0,
117.0,
11.0,
11.0,
0.0,
0.0,
0.0,
0.0,
0.0,
5.0,
0.0,
0.0,
25.0,
9.0,
250.0,
255.0,
252.0,
251.0,
255.0,
249.0,
240.0,
255.0,
236.0,
255.0,
112.0,
255.0,
249.0,
255.0,
241.0,
255.0,
67.0,
0.0,
0.0,
0.0,
0.0,
0.0,
3.0,
1.0,
0.0,
0.0,
0.0,
117.0,
255.0,
250.0,
255.0,
255.0,
255.0,
241.0,
192.0,
135.0,
61.0,
133.0,
126.0,
255.0,
197.0,
247.0,
253.0,
255.0,
255.0,
72.0,
0.0,
0.0,
0.0,
0.0,
4.0,
0.0,
0.0,
3.0,
13.0,
119.0,
255.0,
252.0,
255.0,
242.0,
129.0,
62.0,
4.0,
0.0,
0.0,
0.0,
2.0,
4.0,
0.0,
191.0,
255.0,
255.0,
255.0,
186.0,
0.0,
0.0,
0.0,
0.0,
5.0,
0.0,
5.0,
0.0,
6.0,
137.0,
251.0,
248.0,
124.0,
0.0,
0.0,
14.0,
0.0,
0.0,
3.0,
9.0,
0.0,
3.0,
0.0,
0.0,
255.0,
249.0,
251.0,
255.0,
76.0,
0.0,
1.0,
12.0,
0.0,
0.0,
6.0,
2.0,
3.0,
63.0,
107.0,
84.0,
5.0,
0.0,
17.0,
1.0,
0.0,
9.0,
0.0,
0.0,
0.0,
12.0,
0.0,
0.0,
112.0,
255.0,
250.0,
244.0,
118.0,
20.0,
0.0,
0.0,
1.0,
0.0,
2.0,
3.0,
0.0,
8.0,
9.0,
0.0,
2.0,
0.0,
0.0,
0.0,
11.0,
7.0,
0.0,
18.0,
0.0,
5.0,
0.0,
21.0,
56.0,
243.0,
255.0,
254.0,
16.0,
0.0,
0.0,
2.0,
6.0,
4.0,
0.0,
0.0,
0.0,
1.0,
0.0,
3.0,
0.0,
11.0,
9.0,
0.0,
2.0,
0.0,
0.0,
4.0,
0.0,
0.0,
0.0,
14.0,
0.0,
250.0,
255.0,
196.0,
0.0,
0.0,
9.0,
3.0,
0.0,
5.0,
2.0,
0.0,
1.0,
3.0,
0.0,
3.0,
9.0,
4.0,
0.0,
0.0,
3.0,
9.0,
10.0,
2.0,
11.0,
6.0,
12.0,
0.0,
138.0,
255.0,
230.0,
193.0,
12.0,
9.0,
0.0,
0.0,
0.0,
7.0,
7.0,
0.0,
0.0,
0.0,
0.0,
0.0,
0.0,
6.0,
4.0,
0.0,
0.0,
0.0,
0.0,
0.0,
0.0,
0.0,
0.0,
153.0,
183.0,
255.0,
255.0,
133.0,
0.0,
0.0,
0.0,
0.0,
3.0,
4.0,
2.0,
0.0,
0.0,
0.0,
4.0,
4.0,
5.0,
190.0,
253.0,
192.0,
143.0,
133.0,
138.0,
125.0,
67.0,
132.0,
134.0,
248.0,
251.0,
247.0,
255.0,
52.0,
7.0,
12.0,
11.0,
6.0,
5.0,
0.0,
0.0,
3.0,
1.0,
0.0,
0.0,
0.0,
3.0,
190.0,
252.0,
245.0,
255.0,
248.0,
242.0,
255.0,
255.0,
253.0,
246.0,
255.0,
255.0,
255.0,
129.0,
0.0,
0.0,
0.0,
0.0,
5.0,
0.0,
0.0,
0.0,
0.0,
0.0,
0.0,
0.0,
0.0,
2.0,
67.0,
128.0,
128.0,
249.0,
254.0,
255.0,
247.0,
248.0,
251.0,
255.0,
247.0,
193.0,
121.0,
25.0,
0.0,
0.0,
0.0,
0.0,
0.0,
0.0,
0.0,
0.0,
0.0,
0.0,
0.0,
0.0,
0.0,
2.0,
0.0,
0.0,
3.0,
144.0,
183.0,
177.0,
134.0,
133.0,
126.0,
120.0,
66.0,
12.0,
0.0,
0.0,
17.0,
0.0,
0.0,
0.0,
0.0,
0.0,
0.0,
0.0,
0.0,
0.0,
0.0,
0.0,
0.0,
0.0,
6.0,
13.0,
0.0,
0.0,
0.0,
6.0,
9.0,
1.0,
1.0,
11.0,
0.0,
0.0,
0.0,
0.0,
14.0,
0.0,
0.0,
0.0,
0.0,
0.0,
0.0,
0.0,
0.0,
0.0,
0.0,
0.0,
0.0,
2.0,
0.0,
0.0,
0.0,
5.0,
9.0,
3.0,
0.0,
0.0,
0.0,
0.0,
0.0,
10.0,
14.0,
0.0,
0.0,
0.0,
0.0,
0.0,
0.0,
