0.0,
0.0,
0.0,
0.0,
0.0,
0.0,
0.0,
0.0,
0.0,
0.0,
8.0,
1.0,
0.0,
0.0,
0.0,
1.0,
0.0,
7.0,
0.0,
3.0,
0.0,
9.0,
0.0,
5.0,
0.0,
0.0,
0.0,
0.0,
0.0,
0.0,
0.0,
0.0,
0.0,
0.0,
0.0,
0.0,
13.0,
0.0,
9.0,
0.0,
0.0,
0.0,
8.0,
1.0,
7.0,
10.0,
0.0,
0.0,
0.0,
4.0,
0.0,
1.0,
0.0,
0.0,
0.0,
0.0,
0.0,
0.0,
0.0,
0.0,
0.0,
0.0,
0.0,
0.0,
0.0,
0.0,
7.0,
0.0,
6.0,
4.0,
0.0,
0.0,
0.0,
0.0,
0.0,
6.0,
2.0,
3.0,
0.0,
2.0,
0.0,
0.0,
0.0,
0.0,
0.0,
0.0,
0.0,
0.0,
0.0,
0.0,
0.0,
0.0,
0.0,
9.0,
12.0,
0.0,
0.0,
12.0,
0.0,
12.0,
13.0,
5.0,
0.0,
0.0,
0.0,
0.0,
1.0,
14.0,
0.0,
0.0,
0.0,
0.0,
0.0,
0.0,
0.0,
0.0,
0.0,
0.0,
0.0,
0.0,
17.0,
0.0,
0.0,
19.0,
0.0,
9.0,
0.0,
0.0,
0.0,
0.0,
0.0,
0.0,
9.0,
6.0,
0.0,
0.0,
0.0,
0.0,
0.0,
0.0,
0.0,
0.0,
0.0,
0.0,
0.0,
0.0,
0.0,
0.0,
0.0,
2.0,
0.0,
12.0,
0.0,
0.0,
29.0,
173.0,
255.0,
215.0,
110.0,
0.0,
0.0,
0.0,
4.0,
3.0,
0.0,
0.0,
0.0,
0.0,
0.0,
0.0,
0.0,
0.0,
0.0,
0.0,
0.0,
0.0,
18.0,
4.0,
9.0,
45.0,
121.0,
165.0,
193.0,
252.0,
255.0,
255.0,
151.0,
8.0,
0.0,
1.0,
5.0,
5.0,
0.0,
0.0,
0.0,
0.0,
0.0,
0.0,
0.0,
0.0,
0.0,
0.0,
0.0,
0.0,
0.0,
0.0,
183.0,
255.0,
248.0,
254.0,
245.0,
78.0,
56.0,
135.0,
109.0,
0.0,
4.0,
4.0,
0.0,
0.0,
0.0,
0.0,
0.0,
0.0,
0.0,
7.0,
1.0,
3.0,
0.0,
15.0,
0.0,
0.0,
0.0,
106.0,
241.0,
254.0,
242.0,
138.0,
47.0,
2.0,
12.0,
0.0,
0.0,
13.0,
0.0,
10.0,
16.0,
0.0,
0.0,
0.0,
0.0,
0.0,
0.0,
1.0,
0.0,
9.0,
0.0,
4.0,
11.0,
4.0,
4.0,
184.0,
252.0,
239.0,
12.0,
0.0,
14.0,
0.0,
0.0,
5.0,
18.0,
11.0,
7.0,
0.0,
0.0,
8.0,
0.0,
0.0,
0.0,
0.0,
4.0,
3.0,
0.0,
6.0,
5.0,
0.0,
9.0,
0.0,
99.0,
220.0,
242.0,
72.0,
0.0,
8.0,
0.0,
0.0,
6.0,
9.0,
0.0,
0.0,
0.0,
5.0,
4.0,
5.0,
0.0,
0.0,
0.0,
0.0,
0.0,
8.0,
0.0,
0.0,
5.0,
0.0,
0.0,
14.0,
253.0,
255.0,
235.0,
191.0,
200.0,
212.0,
104.0,
201.0,
33.0,
1.0,
0.0,
24.0,
0.0,
1.0,
1.0,
0.0,
0.0,
0.0,
0.0,
0.0,
0.0,
4.0,
0.0,
4.0,
3.0,
7.0,
3.0,
144.0,
248.0,
248.0,
254.0,
255.0,
255.0,
248.0,
242.0,
244.0,
232.0,
85.0,
0.0,
0.0,
5.0,
0.0,
8.0,
0.0,
0.0,
0.0,
0.0,
0.0,
3.0,
0.0,
0.0,
9.0,
0.0,
0.0,
9.0,
222.0,
255.0,
246.0,
245.0,
240.0,
159.0,
172.0,
197.0,
245.0,
255.0,
226.0,
134.0,
0.0,
16.0,
0.0,
0.0,
0.0,
0.0,
0.0,
0.0,
0.0,
8.0,
0.0,
0.0,
4.0,
0.0,
0.0,
3.0,
133.0,
231.0,
255.0,
249.0,
54.0,
4.0,
0.0,
5.0,
43.0,
208.0,
255.0,
215.0,
42.0,
0.0,
6.0,
12.0,
0.0,
0.0,
0.0,
0.0,
0.0,
0.0,
0.0,
2.0,
0.0,
1.0,
10.0,
3.0,
0.0,
71.0,
146.0,
29.0,
2.0,
0.0,
19.0,
0.0,
0.0,
56.0,
212.0,
250.0,
175.0,
0.0,
2.0,
0.0,
4.0,
0.0,
0.0,
0.0,
0.0,
0.0,
0.0,
0.0,
0.0,
0.0,
0.0,
0.0,
0.0,
0.0,
0.0,
0.0,
7.0,
0.0,
0.0,
4.0,
5.0,
6.0,
119.0,
255.0,
244.0,
51.0,
0.0,
0.0,
9.0,
0.0,
0.0,
0.0,
0.0,
0.0,
0.0,
0.0,
0.0,
0.0,
0.0,
0.0,
0.0,
5.0,
11.0,
0.0,
0.0,
8.0,
5.0,
0.0,
0.0,
0.0,
5.0,
172.0,
255.0,
173.0,
0.0,
17.0,
0.0,
0.0,
0.0,
0.0,
0.0,
0.0,
0.0,
0.0,
0.0,
0.0,
0.0,
0.0,
0.0,
0.0,
0.0,
12.0,
16.0,
0.0,
0.0,
13.0,
1.0,
0.0,
0.0,
105.0,
236.0,
242.0,
0.0,
0.0,
5.0,
0.0,
0.0,
0.0,
0.0,
0.0,
0.0,
0.0,
0.0,
0.0,
0.0,
0.0,
0.0,
5.0,
1.0,
0.0,
0.0,
0.0,
0.0,
0.0,
1.0,
0.0,
1.0,
86.0,
233.0,
237.0,
10.0,
0.0,
5.0,
0.0,
0.0,
0.0,
0.0,
0.0,
0.0,
0.0,
0.0,
0.0,
0.0,
0.0,
0.0,
0.0,
0.0,
9.0,
21.0,
0.0,
0.0,
14.0,
0.0,
5.0,
21.0,
203.0,
255.0,
168.0,
0.0,
7.0,
0.0,
0.0,
0.0,
0.0,
0.0,
0.0,
0.0,
0.0,
0.0,
0.0,
0.0,
0.0,
0.0,
1.0,
30.0,
17.0,
0.0,
0.0,
0.0,
0.0,
18.0,
135.0,
219.0,
255.0,
243.0,
0.0,
9.0,
0.0,
10.0,
0.0,
0.0,
0.0,
0.0,
0.0,
0.0,
0.0,
0.0,
0.0,
0.0,
0.0,
0.0,
13.0,
236.0,
205.0,
73.0,
88.0,
50.0,
55.0,
233.0,
255.0,
247.0,
199.0,
35.0,
0.0,
3.0,
12.0,
0.0,
0.0,
0.0,
0.0,
0.0,
0.0,
0.0,
0.0,
0.0,
0.0,
0.0,
0.0,
0.0,
27.0,
206.0,
255.0,
236.0,
241.0,
255.0,
246.0,
255.0,
168.0,
95.0,
38.0,
15.0,
0.0,
0.0,
0.0,
8.0,
0.0,
0.0,
0.0,
0.0,
0.0,
0.0,
0.0,
0.0,
0.0,
0.0,
0.0,
0.0,
0.0,
55.0,
128.0,
152.0,
190.0,
255.0,
209.0,
35.0,
0.0,
0.0,
0.0,
0.0,
0.0,
0.0,
0.0,
0.0,
0.0,
0.0,
0.0,
0.0,
0.0,
0.0,
0.0,
0.0,
0.0,
0.0,
0.0,
0.0,
8.0,
0.0,
3.0,
8.0,
0.0,
1.0,
14.0,
0.0,
0.0,
0.0,
0.0,
0.0,
0.0,
0.0,
0.0,
0.0,
0.0,
0.0,
0.0,
0.0,
0.0,
0.0,
0.0,
0.0,
0.0,
0.0,
0.0,
0.0,
5.0,
0.0,
1.0,
12.0,
0.0,
0.0,
0.0,
6.0,
0.0,
0.0,
0.0,
0.0,
0.0,
0.0,
0.0,
0.0,
0.0,
0.0,
0.0,
0.0,
0.0,
0.0,
0.0,
0.0,
0.0,
0.0,
0.0,
0.0,
0.0,
0.0,
0.0,
0.0,
3.0,
12.0,
3.0,
0.0,
0.0,
0.0,
0.0,
0.0,
0.0,
0.0,
0.0,
0.0,
0.0,
0.0,
0.0,
0.0,
