0.0,
0.0,
0.0,
0.0,
0.0,
0.0,
0.0,
0.0,
7.0,
0.0,
2.0,
6.0,
0.0,
0.0,
7.0,
0.0,
1.0,
0.0,
6.0,
13.0,
0.0,
9.0,
10.0,
3.0,
0.0,
0.0,
0.0,
0.0,
0.0,
0.0,
0.0,
0.0,
0.0,
0.0,
0.0,
0.0,
0.0,
0.0,
0.0,
0.0,
4.0,
0.0,
0.0,
7.0,
14.0,
0.0,
0.0,
0.0,
21.0,
0.0,
0.0,
0.0,
0.0,
0.0,
0.0,
0.0,
0.0,
0.0,
0.0,
0.0,
0.0,
0.0,
0.0,
0.0,
6.0,
0.0,
11.0,
0.0,
12.0,
2.0,
7.0,
0.0,
59.0,
237.0,
255.0,
35.0,
0.0,
4.0,
22.0,
4.0,
0.0,
0.0,
0.0,
0.0,
0.0,
0.0,
0.0,
0.0,
0.0,
0.0,
0.0,
0.0,
0.0,
8.0,
0.0,
11.0,
0.0,
5.0,
0.0,
45.0,
208.0,
255.0,
226.0,
20.0,
6.0,
0.0,
0.0,
0.0,
0.0,
0.0,
0.0,
0.0,
0.0,
0.0,
0.0,
0.0,
0.0,
0.0,
0.0,
0.0,
0.0,
0.0,
2.0,
1.0,
12.0,
0.0,
73.0,
216.0,
255.0,
226.0,
136.0,
0.0,
0.0,
5.0,
10.0,
6.0,
0.0,
0.0,
0.0,
0.0,
0.0,
0.0,
0.0,
0.0,
0.0,
0.0,
0.0,
0.0,
16.0,
0.0,
17.0,
0.0,
2.0,
62.0,
222.0,
255.0,
255.0,
109.0,
11.0,
0.0,
7.0,
6.0,
0.0,
0.0,
0.0,
0.0,
0.0,
0.0,
0.0,
0.0,
0.0,
0.0,
0.0,
0.0,
0.0,
0.0,
2.0,
0.0,
0.0,
16.0,
8.0,
200.0,
255.0,
231.0,
128.0,
23.0,
0.0,
0.0,
5.0,
5.0,
0.0,
0.0,
0.0,
0.0,
0.0,
0.0,
0.0,
0.0,
0.0,
0.0,
0.0,
0.0,
0.0,
0.0,
0.0,
16.0,
0.0,
1.0,
179.0,
250.0,
249.0,
233.0,
29.0,
0.0,
8.0,
3.0,
1.0,
0.0,
2.0,
1.0,
0.0,
0.0,
0.0,
0.0,
0.0,
2.0,
0.0,
1.0,
6.0,
0.0,
0.0,
3.0,
0.0,
11.0,
0.0,
75.0,
255.0,
244.0,
233.0,
34.0,
0.0,
19.0,
0.0,
0.0,
0.0,
10.0,
0.0,
3.0,
0.0,
0.0,
0.0,
0.0,
0.0,
3.0,
0.0,
0.0,
4.0,
0.0,
0.0,
4.0,
0.0,
8.0,
104.0,
245.0,
255.0,
225.0,
21.0,
1.0,
19.0,
0.0,
0.0,
14.0,
7.0,
7.0,
4.0,
0.0,
0.0,
0.0,
0.0,
0.0,
0.0,
5.0,
0.0,
0.0,
2.0,
3.0,
0.0,
2.0,
8.0,
0.0,
181.0,
251.0,
246.0,
77.0,
15.0,
0.0,
0.0,
0.0,
14.0,
0.0,
0.0,
0.0,
2.0,
12.0,
0.0,
0.0,
0.0,
0.0,
0.0,
5.0,
1.0,
0.0,
2.0,
4.0,
0.0,
0.0,
0.0,
163.0,
240.0,
255.0,
136.0,
0.0,
0.0,
8.0,
0.0,
23.0,
1.0,
0.0,
2.0,
17.0,
1.0,
0.0,
0.0,
0.0,
0.0,
0.0,
0.0,
4.0,
2.0,
0.0,
2.0,
1.0,
0.0,
0.0,
25.0,
223.0,
248.0,
246.0,
0.0,
25.0,
0.0,
0.0,
0.0,
2.0,
32.0,
77.0,
37.0,
0.0,
8.0,
0.0,
0.0,
0.0,
0.0,
0.0,
0.0,
3.0,
2.0,
1.0,
3.0,
0.0,
0.0,
13.0,
119.0,
253.0,
255.0,
102.0,
18.0,
0.0,
3.0,
8.0,
76.0,
146.0,
239.0,
255.0,
212.0,
24.0,
11.0,
3.0,
0.0,
0.0,
0.0,
0.0,
0.0,
1.0,
0.0,
3.0,
3.0,
0.0,
6.0,
35.0,
238.0,
255.0,
205.0,
0.0,
8.0,
14.0,
203.0,
229.0,
255.0,
255.0,
248.0,
246.0,
255.0,
116.0,
0.0,
0.0,
0.0,
0.0,
0.0,
0.0,
4.0,
0.0,
0.0,
3.0,
3.0,
0.0,
13.0,
53.0,
255.0,
248.0,
164.0,
10.0,
127.0,
205.0,
255.0,
246.0,
231.0,
143.0,
130.0,
249.0,
255.0,
193.0,
0.0,
4.0,
0.0,
0.0,
0.0,
0.0,
3.0,
0.0,
2.0,
8.0,
0.0,
0.0,
16.0,
53.0,
255.0,
255.0,
250.0,
255.0,
243.0,
252.0,
221.0,
68.0,
0.0,
6.0,
1.0,
239.0,
255.0,
182.0,
0.0,
0.0,
0.0,
0.0,
0.0,
0.0,
2.0,
0.0,
0.0,
5.0,
0.0,
0.0,
10.0,
33.0,
241.0,
251.0,
255.0,
255.0,
242.0,
134.0,
27.0,
0.0,
2.0,
0.0,
12.0,
71.0,
242.0,
193.0,
0.0,
6.0,
0.0,
0.0,
0.0,
0.0,
1.0,
0.0,
0.0,
2.0,
2.0,
1.0,
3.0,
8.0,
76.0,
245.0,
255.0,
246.0,
182.0,
8.0,
0.0,
5.0,
1.0,
0.0,
29.0,
158.0,
255.0,
181.0,
25.0,
0.0,
0.0,
0.0,
0.0,
0.0,
0.0,
0.0,
1.0,
0.0,
0.0,
3.0,
0.0,
0.0,
18.0,
179.0,
244.0,
246.0,
254.0,
189.0,
202.0,
112.0,
172.0,
224.0,
219.0,
255.0,
236.0,
163.0,
0.0,
6.0,
0.0,
0.0,
0.0,
0.0,
0.0,
2.0,
3.0,
0.0,
0.0,
1.0,
2.0,
0.0,
0.0,
81.0,
254.0,
255.0,
255.0,
255.0,
253.0,
253.0,
255.0,
255.0,
229.0,
249.0,
184.0,
10.0,
0.0,
7.0,
0.0,
0.0,
0.0,
0.0,
0.0,
2.0,
3.0,
0.0,
0.0,
0.0,
2.0,
3.0,
1.0,
0.0,
59.0,
126.0,
244.0,
255.0,
254.0,
255.0,
214.0,
122.0,
172.0,
72.0,
0.0,
4.0,
7.0,
0.0,
0.0,
0.0,
0.0,
0.0,
1.0,
0.0,
0.0,
1.0,
1.0,
0.0,
0.0,
2.0,
0.0,
22.0,
0.0,
0.0,
11.0,
0.0,
0.0,
1.0,
0.0,
0.0,
0.0,
0.0,
0.0,
12.0,
0.0,
6.0,
0.0,
0.0,
0.0,
0.0,
5.0,
0.0,
0.0,
3.0,
5.0,
0.0,
0.0,
0.0,
0.0,
0.0,
1.0,
1.0,
0.0,
6.0,
5.0,
1.0,
6.0,
4.0,
0.0,
8.0,
0.0,
8.0,
11.0,
0.0,
0.0,
0.0,
0.0,
0.0,
0.0,
0.0,
0.0,
0.0,
0.0,
0.0,
0.0,
0.0,
0.0,
0.0,
0.0,
0.0,
0.0,
0.0,
0.0,
0.0,
0.0,
0.0,
0.0,
0.0,
0.0,
0.0,
0.0,
0.0,
0.0,
0.0,
0.0,
0.0,
0.0,
0.0,
0.0,
0.0,
0.0,
0.0,
0.0,
0.0,
0.0,
0.0,
0.0,
0.0,
0.0,
0.0,
0.0,
0.0,
0.0,
0.0,
0.0,
0.0,
0.0,
0.0,
0.0,
0.0,
0.0,
0.0,
0.0,
0.0,
0.0,
0.0,
0.0,
0.0,
0.0,
0.0,
0.0,
0.0,
0.0,
0.0,
0.0,
0.0,
0.0,
0.0,
0.0,
0.0,
0.0,
0.0,
0.0,
0.0,
0.0,
0.0,
0.0,
0.0,
0.0,
0.0,
0.0,
0.0,
0.0,
0.0,
0.0,
0.0,
0.0,
0.0,
0.0,
0.0,
0.0,
0.0,
0.0,
0.0,
0.0,
0.0,
0.0,
0.0,
0.0,
0.0,
0.0,
0.0,
0.0,
0.0,
0.0,
0.0,
0.0,
0.0,
0.0,
0.0,
