0.0,
0.0,
0.0,
0.0,
0.0,
0.0,
0.0,
0.0,
0.0,
20.0,
0.0,
0.0,
0.0,
0.0,
5.0,
0.0,
0.0,
24.0,
0.0,
0.0,
5.0,
1.0,
0.0,
6.0,
0.0,
0.0,
0.0,
0.0,
0.0,
0.0,
0.0,
0.0,
0.0,
0.0,
0.0,
0.0,
0.0,
0.0,
0.0,
0.0,
8.0,
10.0,
0.0,
3.0,
13.0,
0.0,
4.0,
0.0,
4.0,
6.0,
0.0,
1.0,
0.0,
0.0,
0.0,
0.0,
0.0,
0.0,
0.0,
0.0,
0.0,
0.0,
0.0,
0.0,
9.0,
0.0,
6.0,
0.0,
6.0,
1.0,
0.0,
6.0,
6.0,
7.0,
5.0,
1.0,
0.0,
0.0,
0.0,
11.0,
0.0,
0.0,
0.0,
0.0,
0.0,
0.0,
0.0,
0.0,
0.0,
0.0,
0.0,
0.0,
0.0,
0.0,
2.0,
0.0,
0.0,
0.0,
21.0,
101.0,
244.0,
235.0,
27.0,
1.0,
0.0,
13.0,
0.0,
0.0,
0.0,
0.0,
0.0,
0.0,
0.0,
0.0,
0.0,
0.0,
0.0,
0.0,
0.0,
0.0,
0.0,
3.0,
0.0,
1.0,
0.0,
11.0,
127.0,
231.0,
255.0,
237.0,
36.0,
19.0,
0.0,
0.0,
0.0,
2.0,
0.0,
0.0,
0.0,
0.0,
0.0,
0.0,
0.0,
0.0,
0.0,
0.0,
0.0,
0.0,
4.0,
13.0,
0.0,
0.0,
1.0,
79.0,
227.0,
255.0,
254.0,
110.0,
2.0,
0.0,
0.0,
5.0,
4.0,
1.0,
0.0,
0.0,
0.0,
0.0,
0.0,
0.0,
0.0,
0.0,
0.0,
0.0,
0.0,
0.0,
0.0,
0.0,
0.0,
0.0,
39.0,
187.0,
255.0,
224.0,
85.0,
0.0,
8.0,
11.0,
0.0,
0.0,
0.0,
1.0,
0.0,
0.0,
0.0,
0.0,
0.0,
0.0,
0.0,
0.0,
0.0,
0.0,
0.0,
0.0,
9.0,
0.0,
12.0,
0.0,
68.0,
249.0,
251.0,
98.0,
1.0,
10.0,
0.0,
5.0,
0.0,
2.0,
6.0,
1.0,
0.0,
0.0,
0.0,
0.0,
0.0,
0.0,
0.0,
0.0,
0.0,
0.0,
0.0,
0.0,
0.0,
11.0,
0.0,
28.0,
237.0,
255.0,
183.0,
6.0,
0.0,
9.0,
3.0,
0.0,
24.0,
0.0,
7.0,
0.0,
0.0,
0.0,
0.0,
0.0,
0.0,
0.0,
0.0,
0.0,
0.0,
0.0,
0.0,
0.0,
0.0,
0.0,
2.0,
120.0,
248.0,
235.0,
61.0,
0.0,
0.0,
0.0,
10.0,
20.0,
0.0,
9.0,
0.0,
8.0,
0.0,
0.0,
0.0,
0.0,
0.0,
0.0,
0.0,
0.0,
0.0,
0.0,
0.0,
0.0,
7.0,
5.0,
45.0,
222.0,
254.0,
145.0,
0.0,
10.0,
11.0,
9.0,
2.0,
0.0,
0.0,
0.0,
9.0,
0.0,
0.0,
0.0,
0.0,
0.0,
0.0,
0.0,
0.0,
0.0,
0.0,
0.0,
0.0,
0.0,
0.0,
0.0,
81.0,
246.0,
236.0,
28.0,
0.0,
7.0,
0.0,
60.0,
191.0,
120.0,
14.0,
0.0,
8.0,
0.0,
0.0,
0.0,
0.0,
0.0,
0.0,
0.0,
0.0,
0.0,
0.0,
0.0,
0.0,
0.0,
5.0,
0.0,
155.0,
255.0,
218.0,
12.0,
10.0,
0.0,
21.0,
238.0,
255.0,
252.0,
91.0,
0.0,
0.0,
4.0,
0.0,
0.0,
0.0,
0.0,
0.0,
0.0,
0.0,
0.0,
0.0,
0.0,
0.0,
0.0,
0.0,
5.0,
217.0,
252.0,
116.0,
1.0,
0.0,
29.0,
205.0,
247.0,
254.0,
251.0,
85.0,
20.0,
2.0,
0.0,
0.0,
0.0,
0.0,
0.0,
0.0,
0.0,
0.0,
0.0,
0.0,
0.0,
0.0,
0.0,
0.0,
63.0,
255.0,
255.0,
46.0,
0.0,
13.0,
166.0,
254.0,
255.0,
245.0,
247.0,
99.0,
0.0,
12.0,
0.0,
0.0,
0.0,
0.0,
0.0,
0.0,
0.0,
0.0,
0.0,
0.0,
0.0,
0.0,
0.0,
0.0,
97.0,
242.0,
244.0,
33.0,
0.0,
50.0,
254.0,
252.0,
227.0,
246.0,
255.0,
21.0,
0.0,
2.0,
0.0,
0.0,
0.0,
0.0,
0.0,
0.0,
0.0,
0.0,
0.0,
0.0,
0.0,
0.0,
0.0,
0.0,
95.0,
249.0,
203.0,
8.0,
6.0,
179.0,
255.0,
247.0,
116.0,
255.0,
253.0,
3.0,
0.0,
15.0,
0.0,
0.0,
0.0,
0.0,
0.0,
0.0,
0.0,
0.0,
0.0,
0.0,
0.0,
0.0,
0.0,
17.0,
0.0,
255.0,
252.0,
24.0,
6.0,
189.0,
254.0,
255.0,
190.0,
255.0,
248.0,
18.0,
11.0,
0.0,
0.0,
0.0,
0.0,
0.0,
0.0,
0.0,
0.0,
0.0,
0.0,
0.0,
0.0,
0.0,
0.0,
0.0,
10.0,
253.0,
255.0,
35.0,
0.0,
27.0,
230.0,
250.0,
252.0,
255.0,
137.0,
7.0,
0.0,
6.0,
0.0,
0.0,
0.0,
0.0,
0.0,
0.0,
0.0,
0.0,
0.0,
0.0,
0.0,
0.0,
0.0,
11.0,
5.0,
207.0,
255.0,
128.0,
12.0,
0.0,
172.0,
255.0,
241.0,
175.0,
17.0,
0.0,
0.0,
17.0,
0.0,
0.0,
0.0,
0.0,
0.0,
0.0,
0.0,
0.0,
0.0,
0.0,
0.0,
0.0,
0.0,
4.0,
1.0,
115.0,
255.0,
253.0,
134.0,
122.0,
245.0,
255.0,
151.0,
33.0,
0.0,
1.0,
5.0,
0.0,
3.0,
0.0,
0.0,
0.0,
0.0,
0.0,
0.0,
0.0,
0.0,
0.0,
0.0,
0.0,
0.0,
0.0,
0.0,
32.0,
223.0,
235.0,
255.0,
255.0,
233.0,
125.0,
33.0,
0.0,
0.0,
14.0,
0.0,
0.0,
0.0,
0.0,
0.0,
0.0,
0.0,
0.0,
0.0,
0.0,
0.0,
0.0,
0.0,
0.0,
0.0,
3.0,
7.0,
0.0,
24.0,
171.0,
192.0,
181.0,
91.0,
4.0,
0.0,
15.0,
0.0,
5.0,
0.0,
6.0,
0.0,
0.0,
0.0,
0.0,
0.0,
0.0,
0.0,
0.0,
0.0,
0.0,
0.0,
0.0,
0.0,
0.0,
0.0,
3.0,
0.0,
0.0,
2.0,
0.0,
0.0,
5.0,
0.0,
7.0,
5.0,
0.0,
13.0,
0.0,
5.0,
0.0,
0.0,
0.0,
0.0,
0.0,
0.0,
0.0,
0.0,
0.0,
0.0,
0.0,
0.0,
0.0,
0.0,
0.0,
0.0,
0.0,
0.0,
0.0,
0.0,
0.0,
0.0,
0.0,
0.0,
0.0,
0.0,
0.0,
0.0,
0.0,
0.0,
0.0,
0.0,
0.0,
0.0,
0.0,
0.0,
0.0,
0.0,
0.0,
0.0,
0.0,
0.0,
0.0,
0.0,
0.0,
0.0,
0.0,
0.0,
0.0,
0.0,
0.0,
0.0,
0.0,
0.0,
0.0,
0.0,
0.0,
0.0,
0.0,
0.0,
0.0,
0.0,
0.0,
0.0,
0.0,
0.0,
0.0,
0.0,
0.0,
0.0,
0.0,
0.0,
0.0,
0.0,
0.0,
0.0,
0.0,
0.0,
0.0,
0.0,
0.0,
0.0,
0.0,
0.0,
0.0,
0.0,
0.0,
0.0,
0.0,
0.0,
0.0,
0.0,
0.0,
0.0,
0.0,
0.0,
0.0,
0.0,
0.0,
0.0,
0.0,
0.0,
0.0,
0.0,
0.0,
0.0,
0.0,
0.0,
0.0,
0.0,
0.0,
0.0,
0.0,
0.0,
0.0,
0.0,
