0.0,
0.0,
0.0,
0.0,
0.0,
0.0,
0.0,
0.0,
0.0,
0.0,
6.0,
0.0,
0.0,
11.0,
2.0,
0.0,
0.0,
0.0,
0.0,
0.0,
0.0,
0.0,
0.0,
0.0,
0.0,
0.0,
0.0,
0.0,
0.0,
0.0,
0.0,
0.0,
0.0,
0.0,
0.0,
0.0,
2.0,
8.0,
0.0,
10.0,
0.0,
0.0,
3.0,
1.0,
0.0,
0.0,
0.0,
0.0,
0.0,
0.0,
0.0,
0.0,
0.0,
0.0,
0.0,
0.0,
0.0,
0.0,
0.0,
0.0,
0.0,
0.0,
0.0,
0.0,
0.0,
5.0,
6.0,
163.0,
134.0,
2.0,
0.0,
3.0,
0.0,
0.0,
0.0,
0.0,
0.0,
0.0,
0.0,
0.0,
0.0,
0.0,
0.0,
0.0,
0.0,
0.0,
0.0,
0.0,
0.0,
0.0,
0.0,
0.0,
0.0,
1.0,
3.0,
252.0,
210.0,
3.0,
0.0,
6.0,
0.0,
0.0,
0.0,
0.0,
0.0,
0.0,
0.0,
0.0,
0.0,
0.0,
0.0,
0.0,
0.0,
0.0,
0.0,
0.0,
0.0,
0.0,
0.0,
0.0,
0.0,
7.0,
1.0,
248.0,
203.0,
4.0,
6.0,
0.0,
0.0,
0.0,
0.0,
0.0,
0.0,
0.0,
0.0,
0.0,
0.0,
0.0,
0.0,
0.0,
0.0,
0.0,
0.0,
0.0,
0.0,
0.0,
0.0,
0.0,
0.0,
0.0,
10.0,
254.0,
210.0,
2.0,
4.0,
0.0,
0.0,
0.0,
0.0,
0.0,
0.0,
0.0,
0.0,
0.0,
0.0,
0.0,
0.0,
0.0,
0.0,
0.0,
0.0,
0.0,
0.0,
0.0,
0.0,
0.0,
16.0,
0.0,
19.0,
245.0,
201.0,
0.0,
0.0,
12.0,
0.0,
0.0,
0.0,
0.0,
0.0,
0.0,
0.0,
0.0,
0.0,
0.0,
0.0,
0.0,
0.0,
0.0,
0.0,
0.0,
0.0,
0.0,
0.0,
0.0,
3.0,
0.0,
63.0,
254.0,
210.0,
11.0,
0.0,
0.0,
0.0,
0.0,
0.0,
0.0,
0.0,
0.0,
0.0,
0.0,
0.0,
0.0,
0.0,
0.0,
0.0,
0.0,
0.0,
0.0,
1.0,
3.0,
1.0,
0.0,
0.0,
1.0,
175.0,
255.0,
216.0,
0.0,
10.0,
0.0,
0.0,
0.0,
7.0,
10.0,
0.0,
5.0,
6.0,
0.0,
0.0,
0.0,
0.0,
0.0,
0.0,
1.0,
2.0,
0.0,
0.0,
0.0,
0.0,
0.0,
9.0,
3.0,
239.0,
246.0,
168.0,
1.0,
0.0,
9.0,
28.0,
62.0,
2.0,
0.0,
0.0,
0.0,
5.0,
0.0,
3.0,
2.0,
0.0,
0.0,
1.0,
2.0,
3.0,
1.0,
0.0,
0.0,
0.0,
4.0,
0.0,
9.0,
247.0,
248.0,
63.0,
0.0,
84.0,
185.0,
197.0,
252.0,
230.0,
203.0,
159.0,
90.0,
5.0,
6.0,
1.0,
0.0,
0.0,
0.0,
0.0,
0.0,
0.0,
0.0,
1.0,
0.0,
1.0,
4.0,
0.0,
220.0,
255.0,
231.0,
16.0,
195.0,
246.0,
255.0,
253.0,
255.0,
156.0,
188.0,
251.0,
250.0,
156.0,
28.0,
0.0,
0.0,
0.0,
1.0,
3.0,
0.0,
0.0,
1.0,
4.0,
1.0,
0.0,
0.0,
72.0,
242.0,
246.0,
248.0,
255.0,
224.0,
137.0,
61.0,
1.0,
0.0,
7.0,
0.0,
60.0,
237.0,
241.0,
196.0,
8.0,
0.0,
0.0,
0.0,
7.0,
0.0,
0.0,
2.0,
4.0,
0.0,
0.0,
0.0,
98.0,
246.0,
255.0,
224.0,
116.0,
41.0,
0.0,
1.0,
0.0,
6.0,
6.0,
1.0,
0.0,
84.0,
225.0,
225.0,
29.0,
12.0,
0.0,
0.0,
4.0,
0.0,
0.0,
3.0,
0.0,
0.0,
4.0,
18.0,
198.0,
242.0,
218.0,
98.0,
4.0,
0.0,
3.0,
0.0,
7.0,
0.0,
5.0,
4.0,
0.0,
5.0,
177.0,
240.0,
29.0,
11.0,
0.0,
0.0,
0.0,
0.0,
1.0,
3.0,
0.0,
0.0,
13.0,
38.0,
249.0,
255.0,
102.0,
0.0,
0.0,
11.0,
0.0,
6.0,
0.0,
16.0,
0.0,
2.0,
13.0,
16.0,
214.0,
205.0,
14.0,
0.0,
0.0,
2.0,
0.0,
9.0,
0.0,
0.0,
14.0,
0.0,
7.0,
95.0,
253.0,
252.0,
30.0,
0.0,
14.0,
1.0,
0.0,
9.0,
5.0,
0.0,
0.0,
3.0,
8.0,
70.0,
250.0,
192.0,
0.0,
0.0,
0.0,
0.0,
0.0,
10.0,
0.0,
0.0,
6.0,
0.0,
0.0,
49.0,
235.0,
255.0,
28.0,
15.0,
0.0,
26.0,
3.0,
0.0,
0.0,
19.0,
0.0,
1.0,
67.0,
255.0,
204.0,
30.0,
0.0,
0.0,
0.0,
0.0,
0.0,
7.0,
3.0,
0.0,
0.0,
0.0,
0.0,
2.0,
183.0,
237.0,
206.0,
34.0,
0.0,
0.0,
7.0,
13.0,
0.0,
0.0,
56.0,
150.0,
245.0,
247.0,
81.0,
2.0,
0.0,
0.0,
0.0,
0.0,
0.0,
1.0,
3.0,
0.0,
0.0,
4.0,
3.0,
0.0,
55.0,
255.0,
243.0,
222.0,
197.0,
183.0,
136.0,
176.0,
192.0,
207.0,
240.0,
254.0,
242.0,
47.0,
0.0,
8.0,
0.0,
0.0,
0.0,
0.0,
3.0,
0.0,
0.0,
3.0,
0.0,
0.0,
6.0,
0.0,
24.0,
80.0,
248.0,
248.0,
243.0,
255.0,
254.0,
252.0,
232.0,
255.0,
231.0,
204.0,
117.0,
14.0,
5.0,
0.0,
0.0,
0.0,
0.0,
0.0,
6.0,
0.0,
0.0,
2.0,
0.0,
0.0,
2.0,
4.0,
0.0,
12.0,
23.0,
89.0,
205.0,
245.0,
254.0,
255.0,
151.0,
127.0,
61.0,
41.0,
0.0,
0.0,
1.0,
2.0,
0.0,
0.0,
0.0,
0.0,
0.0,
1.0,
0.0,
0.0,
0.0,
0.0,
0.0,
2.0,
6.0,
1.0,
0.0,
0.0,
0.0,
21.0,
0.0,
2.0,
0.0,
0.0,
3.0,
0.0,
0.0,
4.0,
13.0,
0.0,
0.0,
0.0,
0.0,
0.0,
0.0,
5.0,
2.0,
0.0,
1.0,
7.0,
2.0,
0.0,
0.0,
0.0,
0.0,
3.0,
0.0,
6.0,
8.0,
0.0,
7.0,
6.0,
0.0,
4.0,
5.0,
0.0,
2.0,
0.0,
0.0,
0.0,
0.0,
0.0,
0.0,
0.0,
0.0,
0.0,
0.0,
0.0,
0.0,
0.0,
0.0,
0.0,
0.0,
0.0,
0.0,
0.0,
0.0,
0.0,
0.0,
0.0,
0.0,
0.0,
0.0,
0.0,
0.0,
0.0,
0.0,
0.0,
0.0,
0.0,
0.0,
0.0,
0.0,
0.0,
0.0,
0.0,
0.0,
0.0,
0.0,
0.0,
0.0,
0.0,
0.0,
0.0,
0.0,
0.0,
0.0,
0.0,
0.0,
0.0,
0.0,
0.0,
0.0,
0.0,
0.0,
0.0,
0.0,
0.0,
0.0,
0.0,
0.0,
0.0,
0.0,
0.0,
0.0,
0.0,
0.0,
0.0,
0.0,
0.0,
0.0,
0.0,
0.0,
0.0,
0.0,
0.0,
0.0,
0.0,
0.0,
0.0,
0.0,
0.0,
0.0,
0.0,
0.0,
0.0,
0.0,
0.0,
0.0,
0.0,
0.0,
0.0,
0.0,
0.0,
0.0,
0.0,
0.0,
0.0,
0.0,
0.0,
0.0,
0.0,
0.0,
0.0,
0.0,
0.0,
0.0,
0.0,
0.0,
0.0,
0.0,
0.0,
0.0,
0.0,
