0.0,
0.0,
0.0,
0.0,
0.0,
0.0,
0.0,
0.0,
7.0,
0.0,
8.0,
0.0,
0.0,
6.0,
0.0,
7.0,
0.0,
17.0,
0.0,
0.0,
8.0,
1.0,
0.0,
1.0,
0.0,
0.0,
0.0,
0.0,
0.0,
0.0,
0.0,
0.0,
0.0,
0.0,
0.0,
0.0,
1.0,
0.0,
3.0,
0.0,
16.0,
0.0,
18.0,
0.0,
1.0,
0.0,
8.0,
8.0,
0.0,
0.0,
3.0,
0.0,
0.0,
0.0,
0.0,
0.0,
0.0,
0.0,
0.0,
0.0,
0.0,
0.0,
0.0,
0.0,
0.0,
22.0,
0.0,
0.0,
0.0,
0.0,
0.0,
10.0,
0.0,
0.0,
23.0,
0.0,
0.0,
0.0,
2.0,
3.0,
0.0,
0.0,
0.0,
0.0,
0.0,
0.0,
0.0,
0.0,
0.0,
0.0,
0.0,
0.0,
0.0,
0.0,
14.0,
0.0,
0.0,
16.0,
9.0,
180.0,
255.0,
17.0,
0.0,
2.0,
6.0,
0.0,
11.0,
0.0,
0.0,
0.0,
0.0,
0.0,
0.0,
0.0,
0.0,
0.0,
0.0,
0.0,
0.0,
0.0,
0.0,
0.0,
7.0,
0.0,
16.0,
0.0,
149.0,
255.0,
231.0,
51.0,
6.0,
0.0,
14.0,
0.0,
0.0,
0.0,
0.0,
0.0,
0.0,
0.0,
0.0,
0.0,
0.0,
0.0,
0.0,
0.0,
0.0,
0.0,
3.0,
11.0,
0.0,
7.0,
0.0,
25.0,
255.0,
245.0,
209.0,
12.0,
0.0,
10.0,
4.0,
0.0,
11.0,
0.0,
0.0,
0.0,
0.0,
0.0,
0.0,
0.0,
0.0,
0.0,
0.0,
0.0,
0.0,
0.0,
10.0,
0.0,
8.0,
7.0,
0.0,
207.0,
255.0,
250.0,
0.0,
0.0,
1.0,
0.0,
0.0,
0.0,
6.0,
0.0,
0.0,
0.0,
0.0,
0.0,
0.0,
0.0,
0.0,
0.0,
0.0,
0.0,
0.0,
0.0,
0.0,
11.0,
2.0,
0.0,
49.0,
242.0,
247.0,
205.0,
17.0,
0.0,
0.0,
11.0,
1.0,
0.0,
5.0,
0.0,
0.0,
0.0,
0.0,
0.0,
0.0,
0.0,
0.0,
0.0,
0.0,
0.0,
0.0,
0.0,
3.0,
5.0,
0.0,
8.0,
138.0,
241.0,
255.0,
56.0,
2.0,
0.0,
4.0,
0.0,
5.0,
0.0,
0.0,
2.0,
0.0,
0.0,
0.0,
0.0,
0.0,
0.0,
0.0,
0.0,
0.0,
0.0,
0.0,
0.0,
0.0,
2.0,
0.0,
0.0,
179.0,
255.0,
241.0,
23.0,
3.0,
0.0,
1.0,
0.0,
10.0,
3.0,
0.0,
0.0,
0.0,
0.0,
0.0,
0.0,
0.0,
0.0,
0.0,
0.0,
0.0,
0.0,
0.0,
0.0,
0.0,
8.0,
11.0,
16.0,
229.0,
255.0,
102.0,
0.0,
7.0,
2.0,
1.0,
0.0,
0.0,
15.0,
0.0,
4.0,
0.0,
0.0,
0.0,
0.0,
0.0,
0.0,
0.0,
0.0,
0.0,
0.0,
0.0,
0.0,
7.0,
0.0,
0.0,
149.0,
244.0,
242.0,
88.0,
20.0,
0.0,
42.0,
43.0,
22.0,
0.0,
0.0,
0.0,
2.0,
0.0,
0.0,
0.0,
0.0,
0.0,
0.0,
0.0,
0.0,
0.0,
0.0,
0.0,
0.0,
7.0,
0.0,
10.0,
199.0,
251.0,
253.0,
88.0,
156.0,
213.0,
255.0,
254.0,
223.0,
111.0,
1.0,
6.0,
0.0,
0.0,
0.0,
0.0,
0.0,
0.0,
0.0,
0.0,
0.0,
0.0,
0.0,
0.0,
0.0,
7.0,
0.0,
82.0,
255.0,
251.0,
246.0,
255.0,
255.0,
255.0,
245.0,
255.0,
255.0,
164.0,
2.0,
0.0,
0.0,
0.0,
0.0,
0.0,
0.0,
0.0,
0.0,
0.0,
0.0,
0.0,
0.0,
0.0,
0.0,
0.0,
9.0,
200.0,
253.0,
253.0,
255.0,
249.0,
255.0,
178.0,
134.0,
234.0,
255.0,
171.0,
13.0,
1.0,
0.0,
0.0,
0.0,
0.0,
0.0,
0.0,
0.0,
0.0,
0.0,
0.0,
0.0,
0.0,
0.0,
1.0,
26.0,
244.0,
245.0,
179.0,
150.0,
104.0,
47.0,
0.0,
6.0,
229.0,
248.0,
141.0,
0.0,
0.0,
5.0,
0.0,
0.0,
0.0,
0.0,
0.0,
0.0,
0.0,
0.0,
0.0,
0.0,
0.0,
0.0,
8.0,
80.0,
255.0,
248.0,
42.0,
0.0,
0.0,
8.0,
2.0,
72.0,
239.0,
255.0,
114.0,
0.0,
12.0,
0.0,
0.0,
0.0,
0.0,
0.0,
0.0,
0.0,
0.0,
0.0,
0.0,
0.0,
0.0,
0.0,
0.0,
197.0,
245.0,
209.0,
22.0,
0.0,
0.0,
0.0,
9.0,
158.0,
255.0,
203.0,
27.0,
4.0,
0.0,
7.0,
0.0,
0.0,
0.0,
0.0,
0.0,
0.0,
0.0,
0.0,
0.0,
0.0,
0.0,
0.0,
0.0,
205.0,
251.0,
254.0,
19.0,
9.0,
5.0,
0.0,
77.0,
248.0,
247.0,
103.0,
4.0,
0.0,
13.0,
0.0,
0.0,
0.0,
0.0,
0.0,
0.0,
0.0,
0.0,
0.0,
0.0,
0.0,
0.0,
0.0,
0.0,
219.0,
255.0,
244.0,
53.0,
1.0,
9.0,
83.0,
230.0,
238.0,
182.0,
12.0,
1.0,
11.0,
0.0,
1.0,
0.0,
0.0,
0.0,
0.0,
0.0,
0.0,
0.0,
0.0,
0.0,
0.0,
0.0,
0.0,
0.0,
179.0,
251.0,
255.0,
164.0,
104.0,
217.0,
255.0,
255.0,
203.0,
36.0,
2.0,
0.0,
1.0,
4.0,
4.0,
0.0,
0.0,
0.0,
0.0,
0.0,
0.0,
0.0,
0.0,
0.0,
0.0,
0.0,
0.0,
12.0,
0.0,
217.0,
255.0,
255.0,
255.0,
252.0,
246.0,
146.0,
53.0,
4.0,
0.0,
0.0,
11.0,
0.0,
9.0,
0.0,
0.0,
0.0,
0.0,
0.0,
0.0,
0.0,
0.0,
0.0,
0.0,
0.0,
0.0,
0.0,
10.0,
48.0,
145.0,
230.0,
101.0,
77.0,
22.0,
8.0,
0.0,
0.0,
0.0,
19.0,
0.0,
11.0,
0.0,
0.0,
0.0,
0.0,
0.0,
0.0,
0.0,
0.0,
0.0,
0.0,
0.0,
0.0,
0.0,
8.0,
0.0,
9.0,
0.0,
10.0,
0.0,
1.0,
4.0,
0.0,
6.0,
0.0,
5.0,
0.0,
9.0,
0.0,
5.0,
0.0,
0.0,
0.0,
0.0,
0.0,
0.0,
0.0,
0.0,
0.0,
0.0,
0.0,
0.0,
0.0,
0.0,
0.0,
0.0,
0.0,
0.0,
0.0,
0.0,
0.0,
0.0,
0.0,
0.0,
0.0,
0.0,
0.0,
0.0,
0.0,
0.0,
0.0,
0.0,
0.0,
0.0,
0.0,
0.0,
0.0,
0.0,
0.0,
0.0,
0.0,
0.0,
0.0,
0.0,
0.0,
0.0,
0.0,
0.0,
0.0,
0.0,
0.0,
0.0,
0.0,
0.0,
0.0,
0.0,
0.0,
0.0,
0.0,
0.0,
0.0,
0.0,
0.0,
0.0,
0.0,
0.0,
0.0,
0.0,
0.0,
0.0,
0.0,
0.0,
0.0,
0.0,
0.0,
0.0,
0.0,
0.0,
0.0,
0.0,
0.0,
0.0,
0.0,
0.0,
0.0,
0.0,
0.0,
0.0,
0.0,
0.0,
0.0,
0.0,
0.0,
0.0,
0.0,
0.0,
0.0,
0.0,
0.0,
0.0,
0.0,
0.0,
0.0,
0.0,
0.0,
0.0,
0.0,
0.0,
0.0,
0.0,
0.0,
0.0,
0.0,
0.0,
0.0,
0.0,
