0.0,
0.0,
0.0,
0.0,
0.0,
0.0,
0.0,
0.0,
0.0,
5.0,
0.0,
0.0,
12.0,
0.0,
0.0,
11.0,
0.0,
13.0,
9.0,
0.0,
0.0,
14.0,
0.0,
4.0,
0.0,
0.0,
0.0,
0.0,
0.0,
0.0,
0.0,
0.0,
0.0,
0.0,
0.0,
0.0,
0.0,
8.0,
9.0,
0.0,
0.0,
6.0,
1.0,
0.0,
17.0,
0.0,
0.0,
14.0,
0.0,
0.0,
0.0,
8.0,
0.0,
0.0,
0.0,
0.0,
0.0,
0.0,
0.0,
0.0,
0.0,
0.0,
0.0,
0.0,
0.0,
0.0,
4.0,
0.0,
0.0,
0.0,
10.0,
7.0,
0.0,
6.0,
0.0,
13.0,
0.0,
12.0,
4.0,
0.0,
0.0,
0.0,
0.0,
0.0,
0.0,
0.0,
0.0,
0.0,
0.0,
0.0,
0.0,
0.0,
0.0,
0.0,
0.0,
0.0,
4.0,
6.0,
1.0,
0.0,
5.0,
149.0,
200.0,
255.0,
255.0,
180.0,
50.0,
20.0,
0.0,
0.0,
0.0,
0.0,
0.0,
0.0,
0.0,
0.0,
0.0,
0.0,
0.0,
0.0,
0.0,
13.0,
0.0,
0.0,
12.0,
8.0,
0.0,
0.0,
71.0,
244.0,
255.0,
252.0,
255.0,
248.0,
97.0,
0.0,
0.0,
0.0,
0.0,
0.0,
0.0,
0.0,
0.0,
0.0,
0.0,
0.0,
0.0,
0.0,
0.0,
4.0,
2.0,
4.0,
0.0,
0.0,
20.0,
112.0,
233.0,
249.0,
160.0,
52.0,
60.0,
255.0,
201.0,
0.0,
0.0,
0.0,
0.0,
0.0,
0.0,
0.0,
0.0,
0.0,
0.0,
0.0,
0.0,
0.0,
3.0,
0.0,
1.0,
9.0,
0.0,
22.0,
137.0,
240.0,
243.0,
81.0,
12.0,
0.0,
0.0,
235.0,
206.0,
0.0,
0.0,
0.0,
0.0,
0.0,
0.0,
0.0,
0.0,
0.0,
0.0,
0.0,
0.0,
0.0,
5.0,
0.0,
6.0,
0.0,
3.0,
141.0,
255.0,
249.0,
181.0,
0.0,
0.0,
17.0,
0.0,
222.0,
237.0,
92.0,
0.0,
0.0,
0.0,
0.0,
0.0,
6.0,
1.0,
0.0,
0.0,
6.0,
3.0,
0.0,
13.0,
0.0,
7.0,
6.0,
102.0,
255.0,
238.0,
148.0,
1.0,
3.0,
0.0,
0.0,
2.0,
0.0,
118.0,
82.0,
0.0,
0.0,
0.0,
0.0,
0.0,
0.0,
1.0,
2.0,
1.0,
0.0,
0.0,
0.0,
0.0,
9.0,
3.0,
93.0,
245.0,
255.0,
182.0,
2.0,
0.0,
0.0,
0.0,
3.0,
0.0,
17.0,
6.0,
0.0,
0.0,
0.0,
0.0,
0.0,
2.0,
0.0,
0.0,
6.0,
0.0,
0.0,
0.0,
0.0,
9.0,
0.0,
103.0,
255.0,
240.0,
174.0,
3.0,
11.0,
10.0,
0.0,
0.0,
5.0,
1.0,
4.0,
0.0,
20.0,
0.0,
0.0,
0.0,
0.0,
5.0,
0.0,
0.0,
1.0,
0.0,
0.0,
7.0,
1.0,
17.0,
0.0,
183.0,
243.0,
186.0,
0.0,
1.0,
0.0,
0.0,
12.0,
5.0,
0.0,
6.0,
0.0,
3.0,
0.0,
0.0,
0.0,
0.0,
0.0,
0.0,
1.0,
2.0,
0.0,
0.0,
4.0,
3.0,
0.0,
0.0,
129.0,
248.0,
206.0,
7.0,
7.0,
3.0,
0.0,
12.0,
0.0,
0.0,
0.0,
7.0,
0.0,
14.0,
0.0,
0.0,
0.0,
0.0,
0.0,
0.0,
5.0,
4.0,
0.0,
3.0,
1.0,
0.0,
0.0,
99.0,
255.0,
255.0,
115.0,
1.0,
0.0,
10.0,
0.0,
0.0,
0.0,
17.0,
10.0,
0.0,
3.0,
0.0,
4.0,
0.0,
0.0,
0.0,
0.0,
0.0,
8.0,
0.0,
0.0,
10.0,
0.0,
0.0,
45.0,
223.0,
245.0,
239.0,
29.0,
5.0,
3.0,
26.0,
151.0,
228.0,
245.0,
210.0,
82.0,
17.0,
0.0,
0.0,
0.0,
0.0,
0.0,
0.0,
0.0,
0.0,
10.0,
0.0,
0.0,
12.0,
0.0,
8.0,
98.0,
255.0,
241.0,
80.0,
0.0,
30.0,
141.0,
209.0,
255.0,
249.0,
255.0,
255.0,
254.0,
251.0,
14.0,
1.0,
2.0,
0.0,
0.0,
0.0,
0.0,
0.0,
2.0,
2.0,
1.0,
6.0,
0.0,
35.0,
201.0,
247.0,
210.0,
0.0,
66.0,
246.0,
246.0,
242.0,
160.0,
89.0,
74.0,
169.0,
218.0,
255.0,
196.0,
12.0,
5.0,
0.0,
0.0,
0.0,
0.0,
3.0,
6.0,
0.0,
3.0,
0.0,
3.0,
128.0,
255.0,
255.0,
54.0,
21.0,
82.0,
235.0,
253.0,
184.0,
5.0,
1.0,
0.0,
0.0,
124.0,
252.0,
249.0,
90.0,
0.0,
0.0,
0.0,
0.0,
0.0,
0.0,
1.0,
2.0,
9.0,
0.0,
0.0,
97.0,
241.0,
255.0,
0.0,
1.0,
12.0,
130.0,
148.0,
80.0,
0.0,
0.0,
4.0,
14.0,
135.0,
255.0,
233.0,
43.0,
8.0,
0.0,
0.0,
0.0,
0.0,
3.0,
0.0,
10.0,
0.0,
4.0,
0.0,
34.0,
255.0,
255.0,
63.0,
6.0,
10.0,
0.0,
0.0,
0.0,
6.0,
16.0,
42.0,
148.0,
247.0,
239.0,
157.0,
20.0,
0.0,
0.0,
0.0,
0.0,
0.0,
3.0,
0.0,
7.0,
0.0,
11.0,
2.0,
0.0,
169.0,
236.0,
255.0,
193.0,
167.0,
132.0,
55.0,
50.0,
143.0,
203.0,
255.0,
251.0,
237.0,
169.0,
0.0,
0.0,
7.0,
0.0,
0.0,
0.0,
0.0,
2.0,
0.0,
0.0,
8.0,
3.0,
0.0,
0.0,
10.0,
201.0,
242.0,
250.0,
237.0,
240.0,
253.0,
255.0,
255.0,
238.0,
255.0,
172.0,
13.0,
0.0,
0.0,
8.0,
4.0,
0.0,
0.0,
0.0,
0.0,
10.0,
5.0,
0.0,
0.0,
0.0,
0.0,
25.0,
0.0,
16.0,
141.0,
255.0,
255.0,
255.0,
255.0,
238.0,
249.0,
212.0,
18.0,
15.0,
16.0,
0.0,
8.0,
13.0,
0.0,
0.0,
0.0,
0.0,
0.0,
0.0,
0.0,
9.0,
0.0,
5.0,
4.0,
0.0,
4.0,
0.0,
0.0,
5.0,
0.0,
0.0,
7.0,
0.0,
7.0,
0.0,
0.0,
0.0,
3.0,
0.0,
0.0,
2.0,
4.0,
0.0,
0.0,
0.0,
0.0,
0.0,
0.0,
0.0,
0.0,
0.0,
0.0,
0.0,
0.0,
0.0,
0.0,
0.0,
0.0,
0.0,
0.0,
0.0,
0.0,
0.0,
0.0,
0.0,
0.0,
0.0,
0.0,
0.0,
0.0,
0.0,
0.0,
0.0,
0.0,
0.0,
0.0,
0.0,
0.0,
0.0,
0.0,
0.0,
0.0,
0.0,
0.0,
0.0,
0.0,
0.0,
0.0,
0.0,
0.0,
0.0,
0.0,
0.0,
0.0,
0.0,
0.0,
0.0,
0.0,
0.0,
0.0,
0.0,
0.0,
0.0,
0.0,
0.0,
0.0,
0.0,
0.0,
0.0,
0.0,
0.0,
0.0,
0.0,
0.0,
0.0,
0.0,
0.0,
0.0,
0.0,
0.0,
0.0,
0.0,
0.0,
0.0,
0.0,
0.0,
0.0,
0.0,
0.0,
0.0,
0.0,
0.0,
0.0,
0.0,
0.0,
0.0,
0.0,
0.0,
0.0,
0.0,
0.0,
0.0,
0.0,
0.0,
0.0,
0.0,
0.0,
0.0,
0.0,
0.0,
0.0,
0.0,
0.0,
0.0,
0.0,
0.0,
0.0,
0.0,
