0.0,
0.0,
0.0,
0.0,
0.0,
0.0,
0.0,
0.0,
7.0,
0.0,
0.0,
11.0,
0.0,
5.0,
0.0,
5.0,
8.0,
0.0,
4.0,
3.0,
3.0,
7.0,
0.0,
12.0,
0.0,
0.0,
0.0,
0.0,
0.0,
0.0,
0.0,
0.0,
0.0,
0.0,
0.0,
0.0,
0.0,
14.0,
12.0,
0.0,
8.0,
0.0,
18.0,
0.0,
0.0,
0.0,
4.0,
0.0,
0.0,
7.0,
0.0,
0.0,
0.0,
0.0,
0.0,
0.0,
0.0,
0.0,
0.0,
0.0,
0.0,
0.0,
0.0,
0.0,
4.0,
0.0,
0.0,
2.0,
0.0,
131.0,
252.0,
195.0,
8.0,
0.0,
1.0,
0.0,
8.0,
4.0,
11.0,
4.0,
0.0,
0.0,
0.0,
0.0,
0.0,
0.0,
0.0,
0.0,
0.0,
0.0,
0.0,
0.0,
0.0,
10.0,
3.0,
0.0,
78.0,
255.0,
255.0,
254.0,
170.0,
18.0,
10.0,
1.0,
10.0,
0.0,
0.0,
0.0,
0.0,
0.0,
0.0,
0.0,
0.0,
0.0,
0.0,
0.0,
0.0,
0.0,
0.0,
0.0,
1.0,
0.0,
0.0,
1.0,
182.0,
255.0,
241.0,
255.0,
255.0,
3.0,
0.0,
0.0,
6.0,
7.0,
8.0,
16.0,
0.0,
0.0,
0.0,
0.0,
0.0,
0.0,
0.0,
0.0,
0.0,
0.0,
0.0,
0.0,
3.0,
0.0,
0.0,
136.0,
255.0,
251.0,
255.0,
255.0,
190.0,
0.0,
8.0,
5.0,
0.0,
0.0,
0.0,
0.0,
0.0,
0.0,
0.0,
0.0,
0.0,
0.0,
0.0,
0.0,
0.0,
0.0,
0.0,
0.0,
0.0,
17.0,
1.0,
174.0,
255.0,
250.0,
255.0,
255.0,
22.0,
0.0,
5.0,
11.0,
0.0,
0.0,
7.0,
8.0,
0.0,
0.0,
0.0,
0.0,
0.0,
0.0,
0.0,
0.0,
0.0,
0.0,
0.0,
0.0,
11.0,
0.0,
122.0,
255.0,
255.0,
251.0,
255.0,
120.0,
0.0,
13.0,
0.0,
0.0,
5.0,
0.0,
2.0,
0.0,
0.0,
0.0,
0.0,
0.0,
7.0,
0.0,
0.0,
0.0,
7.0,
1.0,
0.0,
12.0,
0.0,
7.0,
255.0,
244.0,
255.0,
253.0,
125.0,
0.0,
6.0,
0.0,
2.0,
0.0,
0.0,
10.0,
10.0,
0.0,
0.0,
0.0,
0.0,
0.0,
1.0,
0.0,
3.0,
0.0,
6.0,
0.0,
1.0,
0.0,
3.0,
197.0,
251.0,
253.0,
252.0,
255.0,
0.0,
5.0,
0.0,
14.0,
3.0,
7.0,
0.0,
0.0,
0.0,
7.0,
0.0,
0.0,
0.0,
0.0,
0.0,
0.0,
7.0,
0.0,
2.0,
0.0,
10.0,
0.0,
133.0,
248.0,
251.0,
255.0,
249.0,
59.0,
4.0,
0.0,
5.0,
0.0,
0.0,
0.0,
9.0,
7.0,
6.0,
4.0,
0.0,
0.0,
0.0,
0.0,
0.0,
0.0,
6.0,
0.0,
0.0,
0.0,
1.0,
73.0,
255.0,
240.0,
255.0,
240.0,
197.0,
0.0,
0.0,
140.0,
243.0,
255.0,
249.0,
255.0,
195.0,
41.0,
3.0,
4.0,
0.0,
0.0,
0.0,
0.0,
1.0,
1.0,
0.0,
2.0,
0.0,
0.0,
0.0,
180.0,
255.0,
255.0,
255.0,
182.0,
75.0,
0.0,
111.0,
253.0,
255.0,
250.0,
255.0,
255.0,
244.0,
255.0,
48.0,
3.0,
0.0,
0.0,
0.0,
0.0,
3.0,
1.0,
0.0,
1.0,
0.0,
1.0,
27.0,
255.0,
246.0,
248.0,
254.0,
134.0,
0.0,
10.0,
255.0,
244.0,
255.0,
247.0,
255.0,
236.0,
255.0,
248.0,
246.0,
8.0,
0.0,
0.0,
0.0,
0.0,
0.0,
1.0,
0.0,
0.0,
3.0,
0.0,
92.0,
255.0,
255.0,
255.0,
246.0,
68.0,
2.0,
175.0,
249.0,
255.0,
252.0,
131.0,
136.0,
251.0,
255.0,
255.0,
255.0,
116.0,
0.0,
0.0,
0.0,
0.0,
0.0,
1.0,
2.0,
0.0,
7.0,
0.0,
147.0,
249.0,
249.0,
255.0,
201.0,
0.0,
55.0,
255.0,
247.0,
253.0,
197.0,
0.0,
0.0,
0.0,
255.0,
255.0,
239.0,
136.0,
0.0,
0.0,
0.0,
0.0,
0.0,
1.0,
5.0,
0.0,
0.0,
10.0,
118.0,
255.0,
248.0,
255.0,
129.0,
0.0,
129.0,
255.0,
249.0,
252.0,
0.0,
0.0,
0.0,
13.0,
190.0,
248.0,
255.0,
133.0,
0.0,
0.0,
0.0,
0.0,
6.0,
0.0,
1.0,
0.0,
15.0,
5.0,
250.0,
248.0,
255.0,
255.0,
190.0,
0.0,
255.0,
254.0,
255.0,
255.0,
4.0,
15.0,
0.0,
186.0,
255.0,
255.0,
245.0,
127.0,
0.0,
0.0,
0.0,
0.0,
7.0,
1.0,
0.0,
0.0,
0.0,
0.0,
135.0,
255.0,
255.0,
237.0,
255.0,
255.0,
216.0,
255.0,
255.0,
241.0,
1.0,
0.0,
57.0,
253.0,
244.0,
248.0,
255.0,
71.0,
0.0,
0.0,
0.0,
0.0,
0.0,
3.0,
0.0,
6.0,
0.0,
13.0,
0.0,
248.0,
253.0,
255.0,
255.0,
255.0,
255.0,
247.0,
244.0,
254.0,
255.0,
255.0,
255.0,
255.0,
255.0,
254.0,
133.0,
0.0,
0.0,
0.0,
0.0,
0.0,
0.0,
7.0,
0.0,
0.0,
0.0,
0.0,
0.0,
88.0,
255.0,
255.0,
230.0,
251.0,
250.0,
255.0,
252.0,
255.0,
250.0,
242.0,
255.0,
248.0,
186.0,
134.0,
0.0,
13.0,
0.0,
0.0,
0.0,
0.0,
1.0,
4.0,
1.0,
0.0,
0.0,
0.0,
0.0,
0.0,
0.0,
62.0,
138.0,
206.0,
253.0,
250.0,
254.0,
245.0,
255.0,
254.0,
255.0,
130.0,
0.0,
0.0,
13.0,
0.0,
0.0,
0.0,
0.0,
0.0,
0.0,
0.0,
1.0,
13.0,
1.0,
18.0,
0.0,
14.0,
2.0,
0.0,
0.0,
0.0,
0.0,
1.0,
16.0,
0.0,
7.0,
0.0,
0.0,
0.0,
28.0,
0.0,
0.0,
12.0,
0.0,
0.0,
0.0,
0.0,
7.0,
0.0,
0.0,
4.0,
0.0,
0.0,
6.0,
0.0,
0.0,
5.0,
0.0,
12.0,
0.0,
0.0,
6.0,
0.0,
0.0,
5.0,
4.0,
3.0,
0.0,
12.0,
0.0,
0.0,
0.0,
0.0,
0.0,
0.0,
0.0,
0.0,
0.0,
0.0,
0.0,
0.0,
0.0,
0.0,
0.0,
0.0,
0.0,
0.0,
0.0,
0.0,
0.0,
0.0,
0.0,
0.0,
0.0,
0.0,
0.0,
0.0,
0.0,
0.0,
0.0,
0.0,
0.0,
0.0,
0.0,
0.0,
0.0,
0.0,
0.0,
0.0,
0.0,
0.0,
0.0,
0.0,
0.0,
0.0,
0.0,
0.0,
0.0,
0.0,
0.0,
0.0,
0.0,
0.0,
0.0,
0.0,
0.0,
0.0,
0.0,
0.0,
0.0,
0.0,
0.0,
0.0,
0.0,
0.0,
0.0,
0.0,
0.0,
0.0,
0.0,
0.0,
0.0,
0.0,
0.0,
0.0,
0.0,
0.0,
0.0,
0.0,
0.0,
0.0,
0.0,
0.0,
0.0,
0.0,
0.0,
0.0,
0.0,
0.0,
0.0,
0.0,
0.0,
0.0,
0.0,
0.0,
0.0,
0.0,
0.0,
0.0,
0.0,
0.0,
0.0,
0.0,
0.0,
0.0,
0.0,
0.0,
0.0,
0.0,
0.0,
0.0,
0.0,
0.0,
0.0,
0.0,
0.0,
0.0,
