0.0,
0.0,
0.0,
0.0,
0.0,
0.0,
0.0,
0.0,
0.0,
5.0,
10.0,
0.0,
0.0,
11.0,
0.0,
0.0,
0.0,
4.0,
6.0,
2.0,
1.0,
1.0,
0.0,
0.0,
0.0,
0.0,
0.0,
0.0,
0.0,
0.0,
0.0,
0.0,
0.0,
0.0,
0.0,
0.0,
0.0,
0.0,
1.0,
0.0,
0.0,
6.0,
12.0,
0.0,
18.0,
0.0,
0.0,
0.0,
0.0,
0.0,
0.0,
7.0,
0.0,
0.0,
0.0,
0.0,
0.0,
0.0,
0.0,
0.0,
0.0,
0.0,
0.0,
0.0,
14.0,
0.0,
0.0,
32.0,
0.0,
0.0,
101.0,
255.0,
194.0,
40.0,
14.0,
0.0,
5.0,
1.0,
0.0,
0.0,
0.0,
0.0,
0.0,
0.0,
0.0,
0.0,
0.0,
0.0,
0.0,
0.0,
0.0,
0.0,
0.0,
21.0,
0.0,
0.0,
0.0,
189.0,
251.0,
255.0,
255.0,
49.0,
7.0,
0.0,
0.0,
1.0,
4.0,
1.0,
0.0,
0.0,
0.0,
0.0,
0.0,
0.0,
0.0,
0.0,
0.0,
0.0,
0.0,
0.0,
10.0,
0.0,
9.0,
1.0,
32.0,
201.0,
255.0,
255.0,
201.0,
10.0,
5.0,
0.0,
3.0,
0.0,
1.0,
9.0,
0.0,
0.0,
0.0,
0.0,
0.0,
0.0,
0.0,
0.0,
0.0,
0.0,
0.0,
0.0,
2.0,
0.0,
4.0,
8.0,
182.0,
252.0,
250.0,
244.0,
129.0,
1.0,
6.0,
5.0,
10.0,
0.0,
0.0,
0.0,
0.0,
0.0,
0.0,
0.0,
0.0,
0.0,
0.0,
0.0,
0.0,
0.0,
0.0,
0.0,
2.0,
1.0,
0.0,
49.0,
246.0,
254.0,
255.0,
241.0,
50.0,
0.0,
0.0,
0.0,
3.0,
7.0,
0.0,
0.0,
0.0,
0.0,
0.0,
0.0,
0.0,
0.0,
0.0,
0.0,
0.0,
0.0,
0.0,
0.0,
0.0,
0.0,
47.0,
215.0,
255.0,
244.0,
250.0,
120.0,
0.0,
6.0,
8.0,
3.0,
0.0,
0.0,
0.0,
4.0,
0.0,
0.0,
0.0,
0.0,
0.0,
9.0,
1.0,
0.0,
2.0,
2.0,
2.0,
0.0,
0.0,
0.0,
157.0,
255.0,
254.0,
248.0,
212.0,
21.0,
0.0,
3.0,
3.0,
0.0,
0.0,
8.0,
9.0,
0.0,
0.0,
0.0,
0.0,
0.0,
0.0,
0.0,
0.0,
0.0,
0.0,
0.0,
0.0,
1.0,
11.0,
20.0,
217.0,
255.0,
236.0,
255.0,
108.0,
12.0,
6.0,
0.0,
0.0,
9.0,
8.0,
0.0,
0.0,
0.0,
4.0,
5.0,
3.0,
0.0,
7.0,
0.0,
0.0,
6.0,
0.0,
0.0,
1.0,
5.0,
4.0,
135.0,
247.0,
255.0,
255.0,
188.0,
27.0,
0.0,
0.0,
0.0,
0.0,
0.0,
0.0,
4.0,
7.0,
7.0,
0.0,
0.0,
0.0,
1.0,
9.0,
0.0,
2.0,
7.0,
0.0,
2.0,
0.0,
0.0,
21.0,
247.0,
255.0,
250.0,
255.0,
75.0,
4.0,
0.0,
0.0,
9.0,
6.0,
0.0,
0.0,
0.0,
0.0,
0.0,
0.0,
2.0,
0.0,
0.0,
1.0,
0.0,
4.0,
0.0,
0.0,
4.0,
0.0,
0.0,
115.0,
255.0,
255.0,
250.0,
200.0,
34.0,
0.0,
10.0,
0.0,
0.0,
2.0,
13.0,
12.0,
3.0,
2.0,
9.0,
5.0,
11.0,
3.0,
0.0,
0.0,
0.0,
8.0,
0.0,
0.0,
5.0,
0.0,
32.0,
224.0,
246.0,
247.0,
255.0,
75.0,
9.0,
0.0,
0.0,
0.0,
7.0,
9.0,
0.0,
0.0,
0.0,
1.0,
0.0,
0.0,
0.0,
4.0,
4.0,
2.0,
0.0,
8.0,
0.0,
3.0,
0.0,
6.0,
96.0,
255.0,
255.0,
233.0,
225.0,
2.0,
0.0,
4.0,
2.0,
5.0,
105.0,
189.0,
207.0,
214.0,
221.0,
183.0,
122.0,
20.0,
0.0,
0.0,
15.0,
1.0,
0.0,
2.0,
0.0,
2.0,
0.0,
8.0,
144.0,
243.0,
255.0,
255.0,
173.0,
0.0,
5.0,
0.0,
69.0,
184.0,
233.0,
255.0,
253.0,
243.0,
253.0,
253.0,
238.0,
109.0,
15.0,
0.0,
10.0,
0.0,
11.0,
0.0,
5.0,
0.0,
5.0,
0.0,
134.0,
252.0,
247.0,
255.0,
89.0,
8.0,
5.0,
90.0,
239.0,
255.0,
251.0,
251.0,
255.0,
255.0,
246.0,
248.0,
255.0,
137.0,
11.0,
0.0,
2.0,
0.0,
1.0,
0.0,
5.0,
0.0,
2.0,
1.0,
142.0,
251.0,
255.0,
255.0,
127.0,
0.0,
150.0,
247.0,
255.0,
247.0,
252.0,
249.0,
244.0,
252.0,
255.0,
255.0,
246.0,
104.0,
10.0,
4.0,
6.0,
2.0,
0.0,
0.0,
9.0,
1.0,
1.0,
5.0,
130.0,
255.0,
234.0,
255.0,
255.0,
239.0,
239.0,
250.0,
242.0,
255.0,
255.0,
255.0,
252.0,
253.0,
253.0,
235.0,
213.0,
40.0,
0.0,
1.0,
2.0,
6.0,
2.0,
0.0,
7.0,
0.0,
0.0,
0.0,
80.0,
255.0,
252.0,
235.0,
255.0,
240.0,
255.0,
255.0,
255.0,
238.0,
253.0,
251.0,
243.0,
255.0,
255.0,
175.0,
72.0,
0.0,
0.0,
0.0,
0.0,
1.0,
3.0,
0.0,
0.0,
0.0,
0.0,
0.0,
18.0,
84.0,
255.0,
255.0,
235.0,
255.0,
252.0,
229.0,
255.0,
255.0,
244.0,
255.0,
255.0,
201.0,
73.0,
2.0,
5.0,
0.0,
5.0,
8.0,
0.0,
0.0,
4.0,
3.0,
1.0,
0.0,
6.0,
0.0,
0.0,
6.0,
8.0,
87.0,
144.0,
253.0,
247.0,
255.0,
245.0,
249.0,
209.0,
127.0,
40.0,
0.0,
3.0,
4.0,
0.0,
0.0,
5.0,
2.0,
0.0,
1.0,
1.0,
5.0,
5.0,
0.0,
4.0,
11.0,
0.0,
0.0,
0.0,
0.0,
10.0,
0.0,
4.0,
0.0,
13.0,
1.0,
9.0,
4.0,
0.0,
0.0,
7.0,
12.0,
2.0,
0.0,
0.0,
0.0,
0.0,
1.0,
0.0,
0.0,
3.0,
0.0,
0.0,
10.0,
0.0,
4.0,
1.0,
9.0,
0.0,
0.0,
12.0,
0.0,
0.0,
0.0,
0.0,
0.0,
3.0,
4.0,
0.0,
0.0,
0.0,
5.0,
1.0,
0.0,
4.0,
0.0,
0.0,
0.0,
0.0,
0.0,
0.0,
0.0,
0.0,
0.0,
0.0,
0.0,
0.0,
0.0,
0.0,
0.0,
0.0,
0.0,
0.0,
0.0,
0.0,
0.0,
0.0,
0.0,
0.0,
0.0,
0.0,
0.0,
0.0,
0.0,
0.0,
0.0,
0.0,
0.0,
0.0,
0.0,
0.0,
0.0,
0.0,
0.0,
0.0,
0.0,
0.0,
0.0,
0.0,
0.0,
0.0,
0.0,
0.0,
0.0,
0.0,
0.0,
0.0,
0.0,
0.0,
0.0,
0.0,
0.0,
0.0,
0.0,
0.0,
0.0,
0.0,
0.0,
0.0,
0.0,
0.0,
0.0,
0.0,
0.0,
0.0,
0.0,
0.0,
0.0,
0.0,
0.0,
0.0,
0.0,
0.0,
0.0,
0.0,
0.0,
0.0,
0.0,
0.0,
0.0,
0.0,
0.0,
0.0,
0.0,
0.0,
0.0,
0.0,
0.0,
0.0,
0.0,
0.0,
0.0,
0.0,
0.0,
0.0,
0.0,
0.0,
0.0,
0.0,
0.0,
0.0,
0.0,
0.0,
0.0,
0.0,
0.0,
0.0,
