0.0,
9.0,
9.0,
0.0,
0.0,
0.0,
0.0,
3.0,
8.0,
0.0,
0.0,
0.0,
0.0,
10.0,
2.0,
3.0,
3.0,
2.0,
0.0,
1.0,
0.0,
0.0,
2.0,
3.0,
0.0,
0.0,
0.0,
0.0,
0.0,
0.0,
0.0,
0.0,
5.0,
6.0,
2.0,
0.0,
0.0,
0.0,
8.0,
13.0,
9.0,
0.0,
0.0,
11.0,
0.0,
0.0,
4.0,
11.0,
6.0,
7.0,
2.0,
0.0,
0.0,
0.0,
0.0,
0.0,
5.0,
0.0,
0.0,
2.0,
0.0,
0.0,
0.0,
0.0,
8.0,
0.0,
1.0,
0.0,
0.0,
8.0,
130.0,
250.0,
70.0,
0.0,
0.0,
0.0,
0.0,
6.0,
3.0,
5.0,
0.0,
0.0,
0.0,
0.0,
2.0,
0.0,
3.0,
2.0,
0.0,
0.0,
5.0,
3.0,
0.0,
0.0,
14.0,
0.0,
5.0,
0.0,
128.0,
244.0,
235.0,
71.0,
14.0,
5.0,
0.0,
0.0,
0.0,
7.0,
0.0,
0.0,
0.0,
0.0,
0.0,
1.0,
5.0,
0.0,
0.0,
6.0,
9.0,
1.0,
11.0,
0.0,
0.0,
0.0,
4.0,
0.0,
145.0,
255.0,
173.0,
21.0,
0.0,
0.0,
0.0,
5.0,
0.0,
8.0,
0.0,
0.0,
0.0,
0.0,
0.0,
6.0,
0.0,
0.0,
6.0,
6.0,
0.0,
0.0,
4.0,
0.0,
2.0,
6.0,
0.0,
1.0,
162.0,
251.0,
82.0,
13.0,
9.0,
10.0,
2.0,
10.0,
0.0,
0.0,
0.0,
0.0,
0.0,
0.0,
1.0,
9.0,
0.0,
0.0,
10.0,
0.0,
0.0,
28.0,
0.0,
0.0,
3.0,
1.0,
6.0,
104.0,
243.0,
224.0,
0.0,
0.0,
0.0,
0.0,
0.0,
2.0,
7.0,
2.0,
0.0,
0.0,
0.0,
0.0,
0.0,
7.0,
0.0,
0.0,
15.0,
0.0,
15.0,
107.0,
0.0,
14.0,
0.0,
0.0,
56.0,
223.0,
255.0,
78.0,
5.0,
5.0,
0.0,
7.0,
5.0,
0.0,
0.0,
0.0,
0.0,
0.0,
0.0,
0.0,
0.0,
0.0,
0.0,
0.0,
0.0,
0.0,
0.0,
0.0,
10.0,
0.0,
8.0,
0.0,
132.0,
255.0,
197.0,
4.0,
9.0,
0.0,
0.0,
3.0,
4.0,
0.0,
0.0,
0.0,
0.0,
0.0,
0.0,
0.0,
0.0,
0.0,
0.0,
0.0,
0.0,
0.0,
0.0,
0.0,
0.0,
23.0,
6.0,
44.0,
240.0,
249.0,
69.0,
11.0,
4.0,
0.0,
16.0,
6.0,
5.0,
0.0,
8.0,
0.0,
0.0,
0.0,
0.0,
0.0,
0.0,
0.0,
0.0,
0.0,
0.0,
0.0,
0.0,
0.0,
0.0,
2.0,
0.0,
183.0,
255.0,
150.0,
0.0,
6.0,
0.0,
17.0,
0.0,
0.0,
3.0,
0.0,
7.0,
0.0,
0.0,
0.0,
0.0,
0.0,
0.0,
0.0,
0.0,
0.0,
0.0,
0.0,
0.0,
0.0,
16.0,
0.0,
43.0,
255.0,
237.0,
60.0,
9.0,
2.0,
0.0,
5.0,
0.0,
0.0,
0.0,
22.0,
3.0,
0.0,
0.0,
0.0,
0.0,
0.0,
0.0,
0.0,
0.0,
0.0,
0.0,
0.0,
0.0,
0.0,
0.0,
0.0,
141.0,
234.0,
164.0,
2.0,
12.0,
0.0,
54.0,
94.0,
195.0,
151.0,
20.0,
0.0,
0.0,
19.0,
0.0,
0.0,
0.0,
0.0,
0.0,
0.0,
0.0,
0.0,
0.0,
0.0,
0.0,
0.0,
0.0,
26.0,
239.0,
255.0,
71.0,
2.0,
0.0,
100.0,
235.0,
255.0,
246.0,
237.0,
155.0,
5.0,
0.0,
0.0,
0.0,
0.0,
0.0,
0.0,
0.0,
0.0,
0.0,
0.0,
0.0,
0.0,
0.0,
0.0,
0.0,
54.0,
252.0,
250.0,
0.0,
0.0,
7.0,
206.0,
252.0,
243.0,
124.0,
240.0,
155.0,
0.0,
17.0,
3.0,
0.0,
0.0,
0.0,
0.0,
0.0,
0.0,
0.0,
0.0,
0.0,
0.0,
0.0,
0.0,
1.0,
118.0,
252.0,
160.0,
3.0,
16.0,
95.0,
255.0,
221.0,
55.0,
33.0,
252.0,
44.0,
0.0,
4.0,
0.0,
0.0,
0.0,
0.0,
0.0,
0.0,
0.0,
0.0,
0.0,
0.0,
0.0,
0.0,
0.0,
0.0,
116.0,
249.0,
113.0,
0.0,
57.0,
255.0,
246.0,
66.0,
2.0,
177.0,
230.0,
0.0,
8.0,
0.0,
3.0,
0.0,
0.0,
0.0,
0.0,
0.0,
0.0,
0.0,
0.0,
0.0,
0.0,
0.0,
0.0,
1.0,
195.0,
245.0,
75.0,
57.0,
240.0,
236.0,
99.0,
0.0,
115.0,
255.0,
106.0,
6.0,
0.0,
21.0,
0.0,
0.0,
0.0,
0.0,
0.0,
0.0,
0.0,
0.0,
0.0,
0.0,
0.0,
0.0,
0.0,
0.0,
194.0,
255.0,
130.0,
116.0,
250.0,
126.0,
12.0,
164.0,
255.0,
203.0,
27.0,
4.0,
0.0,
8.0,
0.0,
0.0,
0.0,
0.0,
0.0,
0.0,
0.0,
0.0,
0.0,
0.0,
0.0,
0.0,
0.0,
1.0,
91.0,
245.0,
239.0,
234.0,
255.0,
231.0,
235.0,
255.0,
181.0,
26.0,
2.0,
0.0,
8.0,
0.0,
0.0,
0.0,
0.0,
0.0,
0.0,
0.0,
0.0,
0.0,
0.0,
0.0,
0.0,
0.0,
0.0,
0.0,
28.0,
172.0,
248.0,
255.0,
244.0,
249.0,
245.0,
106.0,
19.0,
0.0,
2.0,
0.0,
0.0,
6.0,
1.0,
0.0,
0.0,
0.0,
0.0,
0.0,
0.0,
0.0,
0.0,
0.0,
0.0,
0.0,
0.0,
7.0,
0.0,
2.0,
111.0,
206.0,
210.0,
133.0,
50.0,
4.0,
0.0,
15.0,
7.0,
0.0,
4.0,
0.0,
0.0,
0.0,
0.0,
0.0,
0.0,
0.0,
0.0,
0.0,
0.0,
0.0,
0.0,
0.0,
0.0,
0.0,
13.0,
0.0,
12.0,
7.0,
11.0,
0.0,
0.0,
0.0,
1.0,
0.0,
0.0,
0.0,
13.0,
0.0,
5.0,
0.0,
0.0,
0.0,
0.0,
0.0,
0.0,
0.0,
0.0,
0.0,
0.0,
0.0,
0.0,
0.0,
8.0,
0.0,
4.0,
0.0,
2.0,
5.0,
0.0,
2.0,
1.0,
1.0,
0.0,
13.0,
0.0,
0.0,
0.0,
0.0,
0.0,
0.0,
0.0,
0.0,
0.0,
0.0,
0.0,
0.0,
0.0,
0.0,
0.0,
0.0,
0.0,
0.0,
0.0,
0.0,
0.0,
0.0,
0.0,
0.0,
0.0,
0.0,
0.0,
0.0,
0.0,
0.0,
0.0,
0.0,
0.0,
0.0,
0.0,
0.0,
0.0,
0.0,
0.0,
0.0,
0.0,
0.0,
0.0,
0.0,
0.0,
0.0,
0.0,
0.0,
0.0,
0.0,
0.0,
0.0,
0.0,
0.0,
0.0,
0.0,
0.0,
0.0,
0.0,
0.0,
0.0,
0.0,
0.0,
0.0,
0.0,
0.0,
0.0,
0.0,
0.0,
0.0,
0.0,
0.0,
0.0,
0.0,
0.0,
0.0,
0.0,
0.0,
0.0,
0.0,
0.0,
0.0,
0.0,
0.0,
0.0,
0.0,
0.0,
0.0,
0.0,
0.0,
0.0,
0.0,
0.0,
0.0,
0.0,
0.0,
0.0,
0.0,
0.0,
0.0,
0.0,
0.0,
0.0,
0.0,
0.0,
0.0,
0.0,
0.0,
0.0,
0.0,
0.0,
0.0,
0.0,
0.0,
0.0,
0.0,
0.0,
0.0,
0.0,
