0.0,
0.0,
0.0,
0.0,
0.0,
0.0,
0.0,
0.0,
1.0,
14.0,
0.0,
0.0,
0.0,
0.0,
0.0,
7.0,
2.0,
0.0,
0.0,
1.0,
4.0,
0.0,
0.0,
9.0,
0.0,
0.0,
0.0,
0.0,
0.0,
0.0,
0.0,
0.0,
0.0,
0.0,
0.0,
0.0,
4.0,
0.0,
3.0,
12.0,
0.0,
15.0,
0.0,
0.0,
1.0,
2.0,
2.0,
0.0,
0.0,
2.0,
3.0,
0.0,
0.0,
0.0,
0.0,
0.0,
0.0,
0.0,
0.0,
0.0,
0.0,
0.0,
0.0,
0.0,
9.0,
0.0,
14.0,
0.0,
0.0,
3.0,
5.0,
0.0,
130.0,
226.0,
174.0,
36.0,
1.0,
10.0,
1.0,
13.0,
0.0,
0.0,
0.0,
0.0,
0.0,
0.0,
0.0,
0.0,
0.0,
0.0,
0.0,
0.0,
0.0,
18.0,
0.0,
11.0,
0.0,
12.0,
0.0,
94.0,
237.0,
255.0,
141.0,
0.0,
0.0,
8.0,
0.0,
0.0,
0.0,
0.0,
0.0,
0.0,
0.0,
0.0,
0.0,
0.0,
0.0,
0.0,
0.0,
0.0,
9.0,
0.0,
19.0,
2.0,
0.0,
7.0,
48.0,
240.0,
243.0,
115.0,
17.0,
0.0,
0.0,
5.0,
11.0,
3.0,
0.0,
0.0,
0.0,
0.0,
0.0,
0.0,
0.0,
0.0,
0.0,
0.0,
0.0,
0.0,
3.0,
13.0,
3.0,
0.0,
4.0,
20.0,
232.0,
255.0,
117.0,
19.0,
0.0,
14.0,
5.0,
0.0,
0.0,
8.0,
0.0,
0.0,
0.0,
0.0,
0.0,
0.0,
0.0,
0.0,
0.0,
0.0,
0.0,
0.0,
0.0,
0.0,
3.0,
4.0,
22.0,
224.0,
253.0,
194.0,
15.0,
6.0,
0.0,
0.0,
16.0,
12.0,
0.0,
0.0,
0.0,
0.0,
0.0,
0.0,
0.0,
0.0,
0.0,
0.0,
0.0,
0.0,
0.0,
0.0,
2.0,
8.0,
0.0,
18.0,
200.0,
245.0,
241.0,
0.0,
1.0,
0.0,
6.0,
5.0,
0.0,
0.0,
9.0,
0.0,
0.0,
0.0,
0.0,
0.0,
0.0,
0.0,
5.0,
0.0,
0.0,
13.0,
0.0,
0.0,
6.0,
8.0,
9.0,
187.0,
255.0,
236.0,
45.0,
0.0,
2.0,
0.0,
3.0,
4.0,
0.0,
0.0,
9.0,
0.0,
0.0,
0.0,
0.0,
0.0,
3.0,
0.0,
4.0,
4.0,
2.0,
0.0,
0.0,
9.0,
0.0,
0.0,
129.0,
255.0,
233.0,
109.0,
0.0,
8.0,
0.0,
7.0,
0.0,
0.0,
1.0,
0.0,
0.0,
0.0,
0.0,
0.0,
0.0,
0.0,
5.0,
0.0,
2.0,
2.0,
6.0,
1.0,
0.0,
7.0,
11.0,
114.0,
254.0,
255.0,
120.0,
0.0,
2.0,
2.0,
0.0,
9.0,
5.0,
0.0,
6.0,
7.0,
1.0,
4.0,
0.0,
0.0,
0.0,
0.0,
3.0,
4.0,
0.0,
0.0,
4.0,
12.0,
0.0,
0.0,
85.0,
255.0,
255.0,
164.0,
0.0,
6.0,
5.0,
0.0,
11.0,
0.0,
0.0,
0.0,
0.0,
0.0,
8.0,
0.0,
0.0,
0.0,
0.0,
0.0,
0.0,
2.0,
0.0,
0.0,
3.0,
3.0,
0.0,
24.0,
191.0,
249.0,
202.0,
11.0,
1.0,
4.0,
0.0,
0.0,
0.0,
0.0,
5.0,
18.0,
12.0,
0.0,
0.0,
5.0,
0.0,
0.0,
0.0,
0.0,
0.0,
0.0,
1.0,
6.0,
4.0,
0.0,
10.0,
114.0,
242.0,
247.0,
43.0,
3.0,
1.0,
9.0,
0.0,
1.0,
8.0,
0.0,
0.0,
51.0,
134.0,
124.0,
44.0,
0.0,
0.0,
0.0,
0.0,
0.0,
1.0,
0.0,
0.0,
6.0,
3.0,
0.0,
56.0,
211.0,
249.0,
160.0,
0.0,
0.0,
8.0,
0.0,
10.0,
0.0,
17.0,
112.0,
223.0,
255.0,
252.0,
250.0,
164.0,
17.0,
0.0,
0.0,
0.0,
0.0,
4.0,
4.0,
0.0,
0.0,
0.0,
13.0,
103.0,
255.0,
237.0,
5.0,
12.0,
0.0,
3.0,
10.0,
0.0,
20.0,
219.0,
228.0,
255.0,
152.0,
62.0,
213.0,
255.0,
38.0,
0.0,
0.0,
0.0,
0.0,
0.0,
5.0,
5.0,
0.0,
0.0,
0.0,
161.0,
252.0,
132.0,
22.0,
0.0,
0.0,
17.0,
0.0,
119.0,
238.0,
254.0,
162.0,
31.0,
17.0,
106.0,
249.0,
148.0,
4.0,
0.0,
0.0,
0.0,
0.0,
3.0,
0.0,
0.0,
3.0,
11.0,
3.0,
142.0,
250.0,
155.0,
0.0,
0.0,
0.0,
0.0,
47.0,
245.0,
255.0,
88.0,
33.0,
62.0,
216.0,
255.0,
179.0,
18.0,
0.0,
0.0,
0.0,
0.0,
0.0,
1.0,
0.0,
0.0,
7.0,
0.0,
0.0,
113.0,
255.0,
244.0,
104.0,
12.0,
5.0,
3.0,
155.0,
245.0,
203.0,
74.0,
230.0,
248.0,
227.0,
143.0,
24.0,
5.0,
0.0,
0.0,
0.0,
0.0,
0.0,
0.0,
1.0,
4.0,
4.0,
0.0,
0.0,
55.0,
199.0,
252.0,
255.0,
177.0,
153.0,
147.0,
249.0,
255.0,
255.0,
255.0,
218.0,
155.0,
45.0,
7.0,
0.0,
0.0,
15.0,
0.0,
0.0,
0.0,
0.0,
0.0,
0.0,
0.0,
2.0,
0.0,
9.0,
0.0,
58.0,
189.0,
231.0,
255.0,
245.0,
255.0,
251.0,
251.0,
238.0,
71.0,
22.0,
0.0,
0.0,
4.0,
0.0,
23.0,
0.0,
0.0,
0.0,
0.0,
0.0,
0.0,
1.0,
0.0,
1.0,
0.0,
11.0,
0.0,
0.0,
0.0,
28.0,
71.0,
75.0,
82.0,
114.0,
198.0,
255.0,
122.0,
0.0,
15.0,
0.0,
0.0,
6.0,
0.0,
8.0,
0.0,
0.0,
0.0,
0.0,
0.0,
2.0,
4.0,
1.0,
0.0,
2.0,
0.0,
8.0,
1.0,
8.0,
0.0,
2.0,
0.0,
10.0,
0.0,
4.0,
8.0,
2.0,
4.0,
4.0,
0.0,
0.0,
11.0,
0.0,
0.0,
0.0,
0.0,
0.0,
6.0,
0.0,
0.0,
4.0,
4.0,
5.0,
2.0,
0.0,
0.0,
0.0,
11.0,
13.0,
0.0,
0.0,
10.0,
0.0,
0.0,
5.0,
0.0,
0.0,
4.0,
0.0,
8.0,
0.0,
0.0,
0.0,
0.0,
0.0,
0.0,
0.0,
0.0,
0.0,
0.0,
0.0,
0.0,
0.0,
0.0,
0.0,
0.0,
0.0,
0.0,
0.0,
0.0,
0.0,
0.0,
0.0,
0.0,
0.0,
0.0,
0.0,
0.0,
0.0,
0.0,
0.0,
0.0,
0.0,
0.0,
0.0,
0.0,
0.0,
0.0,
0.0,
0.0,
0.0,
0.0,
0.0,
0.0,
0.0,
0.0,
0.0,
0.0,
0.0,
0.0,
0.0,
0.0,
0.0,
0.0,
0.0,
0.0,
0.0,
0.0,
0.0,
0.0,
0.0,
0.0,
0.0,
0.0,
0.0,
0.0,
0.0,
0.0,
0.0,
0.0,
0.0,
0.0,
0.0,
0.0,
0.0,
0.0,
0.0,
0.0,
0.0,
0.0,
0.0,
0.0,
0.0,
0.0,
0.0,
0.0,
0.0,
0.0,
0.0,
0.0,
0.0,
0.0,
0.0,
0.0,
0.0,
0.0,
0.0,
0.0,
0.0,
0.0,
0.0,
0.0,
0.0,
0.0,
0.0,
0.0,
0.0,
0.0,
0.0,
0.0,
0.0,
0.0,
0.0,
0.0,
0.0,
0.0,
0.0,
