0.0,
0.0,
0.0,
0.0,
0.0,
0.0,
0.0,
0.0,
0.0,
0.0,
0.0,
3.0,
5.0,
0.0,
7.0,
0.0,
0.0,
0.0,
0.0,
0.0,
0.0,
0.0,
0.0,
0.0,
0.0,
0.0,
0.0,
0.0,
0.0,
0.0,
0.0,
0.0,
0.0,
0.0,
0.0,
0.0,
0.0,
27.0,
5.0,
0.0,
0.0,
0.0,
4.0,
4.0,
0.0,
0.0,
0.0,
0.0,
0.0,
0.0,
0.0,
0.0,
0.0,
0.0,
0.0,
0.0,
0.0,
0.0,
0.0,
0.0,
0.0,
0.0,
0.0,
0.0,
14.0,
0.0,
0.0,
19.0,
190.0,
157.0,
0.0,
5.0,
0.0,
0.0,
0.0,
0.0,
0.0,
0.0,
0.0,
0.0,
0.0,
0.0,
0.0,
0.0,
0.0,
0.0,
0.0,
0.0,
0.0,
0.0,
0.0,
0.0,
0.0,
0.0,
36.0,
214.0,
255.0,
255.0,
60.0,
0.0,
0.0,
0.0,
0.0,
0.0,
0.0,
0.0,
0.0,
0.0,
0.0,
0.0,
0.0,
0.0,
0.0,
0.0,
0.0,
0.0,
0.0,
0.0,
0.0,
0.0,
0.0,
42.0,
219.0,
252.0,
255.0,
147.0,
2.0,
14.0,
0.0,
0.0,
0.0,
0.0,
0.0,
0.0,
0.0,
0.0,
0.0,
0.0,
0.0,
0.0,
0.0,
0.0,
0.0,
0.0,
0.0,
0.0,
0.0,
0.0,
14.0,
139.0,
255.0,
231.0,
88.0,
0.0,
20.0,
0.0,
0.0,
0.0,
0.0,
0.0,
0.0,
0.0,
0.0,
0.0,
0.0,
0.0,
0.0,
0.0,
0.0,
0.0,
0.0,
0.0,
0.0,
0.0,
0.0,
0.0,
45.0,
235.0,
244.0,
45.0,
1.0,
0.0,
12.0,
0.0,
0.0,
0.0,
0.0,
0.0,
0.0,
0.0,
0.0,
0.0,
0.0,
0.0,
0.0,
0.0,
0.0,
0.0,
0.0,
0.0,
0.0,
0.0,
0.0,
0.0,
192.0,
255.0,
51.0,
0.0,
10.0,
6.0,
0.0,
5.0,
0.0,
0.0,
0.0,
0.0,
0.0,
0.0,
0.0,
0.0,
0.0,
0.0,
0.0,
0.0,
2.0,
0.0,
3.0,
3.0,
0.0,
12.0,
0.0,
122.0,
255.0,
162.0,
8.0,
0.0,
15.0,
0.0,
14.0,
0.0,
5.0,
0.0,
14.0,
0.0,
5.0,
8.0,
0.0,
7.0,
0.0,
0.0,
0.0,
0.0,
0.0,
0.0,
4.0,
1.0,
0.0,
3.0,
6.0,
183.0,
252.0,
89.0,
0.0,
20.0,
0.0,
3.0,
0.0,
0.0,
1.0,
4.0,
0.0,
14.0,
5.0,
0.0,
8.0,
0.0,
0.0,
0.0,
0.0,
0.0,
0.0,
4.0,
3.0,
2.0,
0.0,
3.0,
22.0,
240.0,
202.0,
18.0,
6.0,
0.0,
16.0,
0.0,
42.0,
158.0,
125.0,
116.0,
49.0,
0.0,
0.0,
12.0,
2.0,
0.0,
0.0,
0.0,
0.0,
0.0,
5.0,
3.0,
0.0,
0.0,
4.0,
5.0,
22.0,
255.0,
132.0,
0.0,
6.0,
0.0,
45.0,
194.0,
245.0,
245.0,
255.0,
255.0,
240.0,
123.0,
44.0,
6.0,
0.0,
17.0,
0.0,
0.0,
0.0,
0.0,
2.0,
0.0,
0.0,
0.0,
0.0,
1.0,
21.0,
255.0,
87.0,
0.0,
4.0,
29.0,
211.0,
244.0,
255.0,
255.0,
217.0,
219.0,
251.0,
255.0,
196.0,
9.0,
0.0,
0.0,
0.0,
0.0,
0.0,
0.0,
0.0,
1.0,
0.0,
3.0,
0.0,
0.0,
26.0,
255.0,
59.0,
0.0,
0.0,
174.0,
255.0,
253.0,
122.0,
13.0,
18.0,
9.0,
49.0,
158.0,
255.0,
158.0,
19.0,
7.0,
0.0,
0.0,
0.0,
0.0,
1.0,
0.0,
6.0,
8.0,
0.0,
5.0,
18.0,
211.0,
128.0,
8.0,
0.0,
162.0,
248.0,
84.0,
19.0,
3.0,
0.0,
0.0,
11.0,
18.0,
144.0,
224.0,
42.0,
0.0,
0.0,
0.0,
0.0,
0.0,
2.0,
0.0,
0.0,
4.0,
0.0,
7.0,
0.0,
147.0,
156.0,
0.0,
14.0,
162.0,
249.0,
92.0,
72.0,
1.0,
2.0,
0.0,
0.0,
2.0,
23.0,
239.0,
178.0,
0.0,
0.0,
0.0,
0.0,
0.0,
2.0,
0.0,
0.0,
5.0,
0.0,
0.0,
23.0,
63.0,
249.0,
57.0,
0.0,
54.0,
249.0,
251.0,
136.0,
0.0,
2.0,
0.0,
1.0,
0.0,
48.0,
255.0,
193.0,
2.0,
0.0,
0.0,
0.0,
0.0,
2.0,
0.0,
0.0,
4.0,
0.0,
0.0,
0.0,
16.0,
186.0,
211.0,
94.0,
0.0,
105.0,
76.0,
2.0,
4.0,
0.0,
15.0,
9.0,
68.0,
219.0,
240.0,
193.0,
0.0,
0.0,
0.0,
0.0,
0.0,
0.0,
0.0,
0.0,
2.0,
0.0,
0.0,
0.0,
0.0,
2.0,
246.0,
255.0,
136.0,
70.0,
7.0,
0.0,
0.0,
77.0,
82.0,
172.0,
255.0,
240.0,
254.0,
31.0,
0.0,
0.0,
0.0,
0.0,
0.0,
1.0,
1.0,
0.0,
0.0,
0.0,
3.0,
4.0,
1.0,
11.0,
107.0,
214.0,
255.0,
245.0,
184.0,
184.0,
186.0,
246.0,
244.0,
255.0,
239.0,
251.0,
118.0,
0.0,
13.0,
0.0,
0.0,
0.0,
0.0,
1.0,
5.0,
3.0,
0.0,
0.0,
0.0,
0.0,
0.0,
0.0,
0.0,
79.0,
168.0,
255.0,
254.0,
245.0,
255.0,
244.0,
255.0,
238.0,
247.0,
98.0,
0.0,
12.0,
0.0,
0.0,
0.0,
0.0,
0.0,
0.0,
1.0,
5.0,
2.0,
0.0,
0.0,
0.0,
0.0,
18.0,
0.0,
8.0,
0.0,
125.0,
229.0,
234.0,
195.0,
175.0,
164.0,
85.0,
38.0,
4.0,
4.0,
0.0,
0.0,
0.0,
0.0,
0.0,
0.0,
0.0,
0.0,
0.0,
5.0,
6.0,
3.0,
3.0,
4.0,
0.0,
0.0,
11.0,
7.0,
0.0,
4.0,
8.0,
0.0,
12.0,
13.0,
0.0,
3.0,
0.0,
0.0,
17.0,
0.0,
0.0,
0.0,
0.0,
0.0,
7.0,
0.0,
0.0,
0.0,
1.0,
0.0,
0.0,
0.0,
0.0,
12.0,
0.0,
6.0,
0.0,
0.0,
0.0,
3.0,
0.0,
9.0,
0.0,
6.0,
11.0,
5.0,
0.0,
7.0,
0.0,
0.0,
0.0,
0.0,
0.0,
0.0,
0.0,
0.0,
0.0,
0.0,
0.0,
0.0,
0.0,
0.0,
0.0,
0.0,
0.0,
0.0,
0.0,
0.0,
0.0,
0.0,
0.0,
0.0,
0.0,
0.0,
0.0,
0.0,
0.0,
0.0,
0.0,
0.0,
0.0,
0.0,
0.0,
0.0,
0.0,
0.0,
0.0,
0.0,
0.0,
0.0,
0.0,
0.0,
0.0,
0.0,
0.0,
0.0,
0.0,
0.0,
0.0,
0.0,
0.0,
0.0,
0.0,
0.0,
0.0,
0.0,
0.0,
0.0,
0.0,
0.0,
0.0,
0.0,
0.0,
0.0,
0.0,
0.0,
0.0,
0.0,
0.0,
0.0,
0.0,
0.0,
0.0,
0.0,
0.0,
0.0,
0.0,
0.0,
0.0,
0.0,
0.0,
0.0,
0.0,
0.0,
0.0,
0.0,
0.0,
0.0,
0.0,
0.0,
0.0,
0.0,
0.0,
0.0,
0.0,
0.0,
0.0,
0.0,
0.0,
0.0,
0.0,
0.0,
0.0,
0.0,
0.0,
0.0,
0.0,
0.0,
0.0,
0.0,
0.0,
0.0,
0.0,
0.0,
