0.0,
4.0,
0.0,
0.0,
2.0,
0.0,
0.0,
0.0,
2.0,
0.0,
12.0,
0.0,
0.0,
0.0,
0.0,
6.0,
0.0,
0.0,
0.0,
0.0,
0.0,
0.0,
0.0,
0.0,
0.0,
0.0,
0.0,
0.0,
3.0,
6.0,
0.0,
0.0,
0.0,
6.0,
9.0,
1.0,
11.0,
0.0,
0.0,
0.0,
0.0,
15.0,
15.0,
0.0,
0.0,
0.0,
0.0,
0.0,
0.0,
0.0,
0.0,
0.0,
0.0,
0.0,
0.0,
0.0,
0.0,
0.0,
4.0,
2.0,
0.0,
0.0,
2.0,
0.0,
0.0,
5.0,
207.0,
251.0,
19.0,
0.0,
0.0,
1.0,
0.0,
0.0,
0.0,
0.0,
0.0,
0.0,
0.0,
0.0,
0.0,
0.0,
0.0,
0.0,
0.0,
0.0,
5.0,
15.0,
1.0,
0.0,
0.0,
4.0,
10.0,
37.0,
244.0,
255.0,
40.0,
0.0,
17.0,
11.0,
0.0,
0.0,
0.0,
0.0,
0.0,
0.0,
0.0,
0.0,
0.0,
0.0,
0.0,
0.0,
3.0,
0.0,
0.0,
0.0,
0.0,
0.0,
7.0,
9.0,
0.0,
238.0,
250.0,
220.0,
7.0,
5.0,
0.0,
0.0,
0.0,
0.0,
0.0,
0.0,
0.0,
0.0,
0.0,
0.0,
0.0,
0.0,
0.0,
0.0,
0.0,
9.0,
0.0,
0.0,
0.0,
10.0,
0.0,
0.0,
97.0,
245.0,
230.0,
24.0,
5.0,
6.0,
12.0,
0.0,
0.0,
0.0,
0.0,
0.0,
0.0,
0.0,
0.0,
0.0,
0.0,
0.0,
0.0,
0.0,
0.0,
11.0,
1.0,
0.0,
9.0,
0.0,
0.0,
22.0,
237.0,
242.0,
162.0,
0.0,
0.0,
2.0,
0.0,
0.0,
0.0,
0.0,
0.0,
0.0,
0.0,
0.0,
0.0,
0.0,
0.0,
0.0,
0.0,
0.0,
0.0,
7.0,
0.0,
0.0,
10.0,
0.0,
14.0,
126.0,
245.0,
255.0,
13.0,
0.0,
11.0,
0.0,
8.0,
5.0,
0.0,
0.0,
0.0,
0.0,
0.0,
0.0,
0.0,
0.0,
0.0,
0.0,
0.0,
0.0,
1.0,
0.0,
17.0,
0.0,
0.0,
0.0,
0.0,
243.0,
254.0,
145.0,
13.0,
0.0,
8.0,
0.0,
1.0,
3.0,
0.0,
3.0,
0.0,
15.0,
0.0,
4.0,
0.0,
6.0,
0.0,
0.0,
5.0,
0.0,
3.0,
0.0,
3.0,
0.0,
12.0,
0.0,
67.0,
248.0,
255.0,
22.0,
0.0,
9.0,
0.0,
14.0,
10.0,
0.0,
10.0,
0.0,
0.0,
0.0,
0.0,
1.0,
0.0,
3.0,
1.0,
0.0,
0.0,
0.0,
2.0,
2.0,
0.0,
0.0,
15.0,
0.0,
163.0,
255.0,
177.0,
0.0,
12.0,
1.0,
0.0,
4.0,
0.0,
1.0,
0.0,
1.0,
4.0,
33.0,
58.0,
60.0,
16.0,
3.0,
3.0,
3.0,
8.0,
0.0,
0.0,
10.0,
2.0,
0.0,
0.0,
15.0,
235.0,
255.0,
30.0,
10.0,
6.0,
0.0,
17.0,
0.0,
0.0,
17.0,
0.0,
18.0,
142.0,
243.0,
241.0,
255.0,
217.0,
79.0,
0.0,
0.0,
10.0,
4.0,
0.0,
9.0,
5.0,
0.0,
0.0,
74.0,
255.0,
220.0,
0.0,
0.0,
0.0,
0.0,
4.0,
2.0,
18.0,
0.0,
5.0,
162.0,
246.0,
248.0,
225.0,
214.0,
246.0,
237.0,
24.0,
0.0,
0.0,
2.0,
0.0,
3.0,
1.0,
1.0,
0.0,
127.0,
255.0,
176.0,
12.0,
0.0,
11.0,
4.0,
0.0,
0.0,
0.0,
13.0,
152.0,
245.0,
183.0,
75.0,
0.0,
0.0,
179.0,
255.0,
75.0,
6.0,
0.0,
1.0,
0.0,
1.0,
0.0,
0.0,
6.0,
129.0,
251.0,
171.0,
0.0,
0.0,
1.0,
0.0,
0.0,
2.0,
0.0,
155.0,
255.0,
239.0,
43.0,
0.0,
1.0,
1.0,
178.0,
249.0,
76.0,
11.0,
0.0,
5.0,
0.0,
6.0,
2.0,
0.0,
1.0,
102.0,
248.0,
192.0,
0.0,
19.0,
0.0,
2.0,
4.0,
8.0,
35.0,
238.0,
244.0,
134.0,
0.0,
18.0,
5.0,
0.0,
223.0,
238.0,
25.0,
0.0,
0.0,
7.0,
0.0,
5.0,
0.0,
4.0,
2.0,
70.0,
255.0,
214.0,
0.0,
10.0,
0.0,
5.0,
0.0,
0.0,
123.0,
245.0,
191.0,
2.0,
7.0,
0.0,
0.0,
123.0,
252.0,
101.0,
0.0,
0.0,
0.0,
0.0,
0.0,
3.0,
7.0,
0.0,
0.0,
9.0,
240.0,
239.0,
67.0,
0.0,
0.0,
12.0,
0.0,
14.0,
172.0,
255.0,
69.0,
12.0,
0.0,
4.0,
120.0,
231.0,
200.0,
16.0,
0.0,
0.0,
0.0,
0.0,
2.0,
0.0,
5.0,
0.0,
0.0,
3.0,
79.0,
255.0,
224.0,
67.0,
0.0,
1.0,
0.0,
21.0,
226.0,
241.0,
36.0,
13.0,
40.0,
164.0,
255.0,
169.0,
35.0,
0.0,
0.0,
0.0,
0.0,
0.0,
5.0,
0.0,
0.0,
0.0,
6.0,
14.0,
0.0,
192.0,
255.0,
217.0,
115.0,
80.0,
12.0,
34.0,
251.0,
248.0,
149.0,
223.0,
255.0,
238.0,
107.0,
16.0,
0.0,
7.0,
0.0,
0.0,
0.0,
0.0,
0.0,
9.0,
0.0,
0.0,
0.0,
0.0,
17.0,
36.0,
188.0,
255.0,
240.0,
255.0,
245.0,
243.0,
255.0,
236.0,
255.0,
242.0,
228.0,
169.0,
13.0,
0.0,
0.0,
7.0,
0.0,
0.0,
0.0,
0.0,
0.0,
15.0,
0.0,
1.0,
0.0,
1.0,
9.0,
0.0,
0.0,
98.0,
177.0,
219.0,
233.0,
246.0,
175.0,
219.0,
255.0,
255.0,
250.0,
179.0,
48.0,
17.0,
9.0,
0.0,
0.0,
0.0,
0.0,
0.0,
0.0,
5.0,
0.0,
10.0,
0.0,
14.0,
0.0,
14.0,
2.0,
4.0,
0.0,
0.0,
0.0,
21.0,
0.0,
9.0,
0.0,
0.0,
0.0,
4.0,
0.0,
0.0,
0.0,
0.0,
0.0,
0.0,
0.0,
0.0,
5.0,
0.0,
0.0,
10.0,
6.0,
0.0,
27.0,
0.0,
0.0,
6.0,
0.0,
8.0,
2.0,
0.0,
17.0,
0.0,
7.0,
0.0,
0.0,
4.0,
0.0,
2.0,
5.0,
0.0,
0.0,
0.0,
0.0,
0.0,
0.0,
0.0,
0.0,
0.0,
0.0,
0.0,
0.0,
0.0,
0.0,
0.0,
0.0,
0.0,
0.0,
0.0,
0.0,
0.0,
0.0,
0.0,
0.0,
0.0,
0.0,
0.0,
0.0,
0.0,
0.0,
0.0,
0.0,
0.0,
0.0,
0.0,
0.0,
0.0,
0.0,
0.0,
0.0,
0.0,
0.0,
0.0,
0.0,
0.0,
0.0,
0.0,
0.0,
0.0,
0.0,
0.0,
0.0,
0.0,
0.0,
0.0,
0.0,
0.0,
0.0,
0.0,
0.0,
0.0,
0.0,
0.0,
0.0,
0.0,
0.0,
0.0,
0.0,
0.0,
0.0,
0.0,
0.0,
0.0,
0.0,
0.0,
0.0,
0.0,
0.0,
0.0,
0.0,
0.0,
0.0,
0.0,
0.0,
0.0,
0.0,
0.0,
0.0,
0.0,
0.0,
0.0,
0.0,
0.0,
0.0,
0.0,
0.0,
0.0,
0.0,
0.0,
0.0,
0.0,
0.0,
0.0,
0.0,
0.0,
0.0,
0.0,
0.0,
0.0,
0.0,
0.0,
0.0,
0.0,
0.0,
0.0,
0.0,
0.0,
