7.0,
0.0,
0.0,
0.0,
1.0,
0.0,
0.0,
0.0,
0.0,
0.0,
5.0,
7.0,
0.0,
3.0,
0.0,
6.0,
0.0,
0.0,
0.0,
0.0,
0.0,
0.0,
0.0,
0.0,
0.0,
0.0,
0.0,
0.0,
0.0,
0.0,
0.0,
5.0,
6.0,
3.0,
3.0,
4.0,
0.0,
27.0,
0.0,
0.0,
16.0,
2.0,
0.0,
3.0,
0.0,
0.0,
0.0,
0.0,
0.0,
0.0,
0.0,
0.0,
0.0,
0.0,
0.0,
0.0,
0.0,
1.0,
5.0,
2.0,
0.0,
0.0,
0.0,
0.0,
10.0,
0.0,
75.0,
194.0,
39.0,
0.0,
5.0,
1.0,
0.0,
0.0,
0.0,
0.0,
0.0,
0.0,
0.0,
0.0,
0.0,
0.0,
0.0,
0.0,
1.0,
5.0,
3.0,
0.0,
0.0,
0.0,
0.0,
0.0,
6.0,
123.0,
239.0,
156.0,
5.0,
7.0,
0.0,
4.0,
0.0,
0.0,
0.0,
0.0,
0.0,
0.0,
0.0,
0.0,
0.0,
0.0,
0.0,
0.0,
1.0,
1.0,
0.0,
0.0,
0.0,
3.0,
4.0,
1.0,
59.0,
250.0,
255.0,
0.0,
0.0,
9.0,
0.0,
0.0,
0.0,
0.0,
0.0,
0.0,
0.0,
0.0,
0.0,
0.0,
0.0,
0.0,
0.0,
0.0,
0.0,
0.0,
0.0,
2.0,
0.0,
0.0,
0.0,
0.0,
171.0,
248.0,
135.0,
18.0,
3.0,
0.0,
4.0,
0.0,
0.0,
0.0,
0.0,
0.0,
0.0,
0.0,
0.0,
0.0,
0.0,
0.0,
0.0,
0.0,
2.0,
0.0,
0.0,
4.0,
0.0,
0.0,
0.0,
16.0,
221.0,
234.0,
20.0,
1.0,
0.0,
1.0,
0.0,
9.0,
0.0,
0.0,
0.0,
0.0,
0.0,
0.0,
0.0,
0.0,
0.0,
0.0,
0.0,
0.0,
2.0,
0.0,
0.0,
5.0,
0.0,
0.0,
23.0,
63.0,
255.0,
163.0,
10.0,
0.0,
6.0,
5.0,
3.0,
0.0,
0.0,
0.0,
0.0,
0.0,
0.0,
0.0,
0.0,
0.0,
0.0,
0.0,
0.0,
0.0,
0.0,
1.0,
0.0,
6.0,
0.0,
4.0,
0.0,
167.0,
250.0,
88.0,
0.0,
2.0,
10.0,
0.0,
0.0,
0.0,
0.0,
11.0,
1.0,
6.0,
0.0,
0.0,
7.0,
0.0,
1.0,
0.0,
0.0,
0.0,
1.0,
1.0,
0.0,
6.0,
0.0,
0.0,
3.0,
188.0,
252.0,
68.0,
4.0,
0.0,
0.0,
0.0,
13.0,
9.0,
0.0,
0.0,
6.0,
0.0,
0.0,
18.0,
9.0,
0.0,
0.0,
0.0,
0.0,
0.0,
4.0,
2.0,
0.0,
5.0,
1.0,
0.0,
6.0,
198.0,
229.0,
19.0,
0.0,
0.0,
12.0,
0.0,
0.0,
0.0,
14.0,
0.0,
11.0,
9.0,
7.0,
0.0,
5.0,
3.0,
0.0,
0.0,
0.0,
0.0,
2.0,
5.0,
0.0,
0.0,
3.0,
0.0,
5.0,
168.0,
248.0,
63.0,
0.0,
7.0,
0.0,
0.0,
9.0,
1.0,
0.0,
0.0,
0.0,
0.0,
15.0,
0.0,
0.0,
13.0,
0.0,
0.0,
0.0,
1.0,
0.0,
8.0,
0.0,
0.0,
3.0,
0.0,
2.0,
105.0,
249.0,
147.0,
15.0,
8.0,
0.0,
7.0,
13.0,
0.0,
4.0,
32.0,
52.0,
0.0,
0.0,
17.0,
0.0,
11.0,
0.0,
0.0,
0.0,
1.0,
0.0,
5.0,
4.0,
0.0,
1.0,
5.0,
0.0,
42.0,
247.0,
179.0,
0.0,
6.0,
1.0,
7.0,
0.0,
3.0,
138.0,
248.0,
242.0,
197.0,
109.0,
20.0,
13.0,
0.0,
3.0,
2.0,
1.0,
0.0,
1.0,
0.0,
4.0,
0.0,
0.0,
4.0,
2.0,
5.0,
234.0,
219.0,
25.0,
0.0,
7.0,
1.0,
0.0,
120.0,
254.0,
210.0,
128.0,
225.0,
253.0,
242.0,
200.0,
59.0,
7.0,
5.0,
1.0,
0.0,
7.0,
0.0,
3.0,
5.0,
0.0,
0.0,
4.0,
0.0,
127.0,
250.0,
132.0,
7.0,
0.0,
0.0,
10.0,
202.0,
254.0,
60.0,
0.0,
0.0,
30.0,
233.0,
242.0,
207.0,
9.0,
6.0,
2.0,
0.0,
0.0,
0.0,
0.0,
0.0,
0.0,
0.0,
0.0,
0.0,
32.0,
215.0,
255.0,
148.0,
22.0,
18.0,
19.0,
226.0,
255.0,
53.0,
12.0,
0.0,
19.0,
19.0,
190.0,
255.0,
90.0,
6.0,
0.0,
10.0,
0.0,
0.0,
0.0,
0.0,
0.0,
0.0,
0.0,
0.0,
0.0,
57.0,
239.0,
236.0,
184.0,
19.0,
30.0,
240.0,
247.0,
64.0,
0.0,
4.0,
0.0,
15.0,
195.0,
252.0,
57.0,
0.0,
0.0,
9.0,
0.0,
0.0,
0.0,
0.0,
0.0,
0.0,
0.0,
0.0,
22.0,
0.0,
19.0,
225.0,
255.0,
214.0,
147.0,
182.0,
255.0,
173.0,
0.0,
15.0,
1.0,
108.0,
255.0,
147.0,
17.0,
0.0,
0.0,
5.0,
0.0,
0.0,
0.0,
0.0,
0.0,
0.0,
0.0,
0.0,
0.0,
0.0,
9.0,
15.0,
86.0,
237.0,
255.0,
247.0,
235.0,
255.0,
183.0,
60.0,
23.0,
245.0,
245.0,
67.0,
0.0,
0.0,
0.0,
0.0,
0.0,
0.0,
0.0,
0.0,
0.0,
0.0,
0.0,
0.0,
0.0,
6.0,
0.0,
0.0,
17.0,
0.0,
145.0,
221.0,
255.0,
245.0,
254.0,
255.0,
240.0,
243.0,
85.0,
0.0,
0.0,
3.0,
0.0,
0.0,
0.0,
0.0,
0.0,
0.0,
0.0,
0.0,
0.0,
0.0,
3.0,
7.0,
4.0,
0.0,
0.0,
12.0,
0.0,
22.0,
81.0,
194.0,
239.0,
251.0,
166.0,
37.0,
3.0,
3.0,
0.0,
4.0,
0.0,
0.0,
0.0,
0.0,
0.0,
0.0,
0.0,
0.0,
0.0,
0.0,
0.0,
0.0,
0.0,
0.0,
8.0,
0.0,
7.0,
2.0,
20.0,
0.0,
0.0,
0.0,
9.0,
5.0,
0.0,
0.0,
2.0,
0.0,
0.0,
0.0,
0.0,
0.0,
0.0,
0.0,
0.0,
0.0,
0.0,
0.0,
15.0,
0.0,
15.0,
0.0,
0.0,
3.0,
8.0,
0.0,
0.0,
0.0,
4.0,
4.0,
0.0,
0.0,
6.0,
5.0,
0.0,
0.0,
0.0,
5.0,
0.0,
0.0,
0.0,
0.0,
0.0,
0.0,
0.0,
0.0,
0.0,
0.0,
0.0,
0.0,
0.0,
0.0,
0.0,
0.0,
0.0,
0.0,
0.0,
0.0,
0.0,
0.0,
0.0,
0.0,
0.0,
0.0,
0.0,
0.0,
0.0,
0.0,
0.0,
0.0,
0.0,
0.0,
0.0,
0.0,
0.0,
0.0,
0.0,
0.0,
0.0,
0.0,
0.0,
0.0,
0.0,
0.0,
0.0,
0.0,
0.0,
0.0,
0.0,
0.0,
0.0,
0.0,
0.0,
0.0,
0.0,
0.0,
0.0,
0.0,
0.0,
0.0,
0.0,
0.0,
0.0,
0.0,
0.0,
0.0,
0.0,
0.0,
0.0,
0.0,
0.0,
0.0,
0.0,
0.0,
0.0,
0.0,
0.0,
0.0,
0.0,
0.0,
0.0,
0.0,
0.0,
0.0,
0.0,
0.0,
0.0,
0.0,
0.0,
0.0,
0.0,
0.0,
0.0,
0.0,
0.0,
0.0,
0.0,
0.0,
0.0,
0.0,
0.0,
0.0,
0.0,
0.0,
0.0,
0.0,
0.0,
0.0,
0.0,
0.0,
