0.0,
0.0,
0.0,
0.0,
0.0,
0.0,
0.0,
0.0,
3.0,
0.0,
0.0,
2.0,
1.0,
5.0,
4.0,
0.0,
6.0,
0.0,
0.0,
0.0,
2.0,
5.0,
0.0,
0.0,
0.0,
0.0,
0.0,
0.0,
0.0,
0.0,
0.0,
0.0,
0.0,
0.0,
0.0,
0.0,
3.0,
0.0,
0.0,
3.0,
1.0,
0.0,
0.0,
14.0,
0.0,
10.0,
11.0,
0.0,
0.0,
0.0,
3.0,
0.0,
0.0,
0.0,
0.0,
0.0,
0.0,
0.0,
0.0,
0.0,
0.0,
0.0,
0.0,
0.0,
0.0,
0.0,
7.0,
4.0,
0.0,
0.0,
9.0,
0.0,
0.0,
90.0,
255.0,
219.0,
10.0,
2.0,
0.0,
6.0,
0.0,
0.0,
0.0,
0.0,
0.0,
0.0,
0.0,
0.0,
0.0,
0.0,
0.0,
0.0,
0.0,
9.0,
4.0,
0.0,
2.0,
1.0,
0.0,
5.0,
78.0,
240.0,
255.0,
248.0,
6.0,
0.0,
7.0,
0.0,
0.0,
0.0,
0.0,
0.0,
0.0,
0.0,
0.0,
0.0,
0.0,
0.0,
0.0,
0.0,
0.0,
16.0,
0.0,
0.0,
18.0,
0.0,
10.0,
140.0,
252.0,
240.0,
255.0,
220.0,
0.0,
0.0,
21.0,
0.0,
0.0,
0.0,
0.0,
0.0,
0.0,
0.0,
0.0,
0.0,
0.0,
0.0,
0.0,
0.0,
0.0,
0.0,
5.0,
1.0,
0.0,
18.0,
141.0,
253.0,
242.0,
248.0,
125.0,
216.0,
10.0,
0.0,
0.0,
10.0,
0.0,
0.0,
0.0,
0.0,
0.0,
0.0,
0.0,
0.0,
0.0,
0.0,
0.0,
0.0,
0.0,
0.0,
15.0,
5.0,
2.0,
131.0,
255.0,
253.0,
222.0,
33.0,
2.0,
0.0,
6.0,
0.0,
16.0,
0.0,
0.0,
0.0,
0.0,
0.0,
0.0,
0.0,
0.0,
0.0,
0.0,
0.0,
0.0,
0.0,
0.0,
16.0,
0.0,
0.0,
112.0,
236.0,
254.0,
221.0,
127.0,
25.0,
18.0,
0.0,
0.0,
4.0,
0.0,
4.0,
0.0,
0.0,
0.0,
0.0,
0.0,
11.0,
4.0,
0.0,
0.0,
0.0,
1.0,
0.0,
9.0,
0.0,
106.0,
149.0,
248.0,
245.0,
255.0,
151.0,
35.0,
0.0,
1.0,
2.0,
0.0,
0.0,
0.0,
1.0,
0.0,
0.0,
0.0,
0.0,
0.0,
0.0,
0.0,
0.0,
4.0,
3.0,
3.0,
0.0,
0.0,
39.0,
234.0,
255.0,
255.0,
247.0,
200.0,
108.0,
33.0,
6.0,
3.0,
0.0,
5.0,
14.0,
0.0,
0.0,
0.0,
0.0,
0.0,
0.0,
7.0,
0.0,
0.0,
3.0,
0.0,
0.0,
0.0,
0.0,
8.0,
4.0,
142.0,
255.0,
238.0,
128.0,
6.0,
8.0,
10.0,
0.0,
0.0,
0.0,
0.0,
0.0,
0.0,
10.0,
0.0,
0.0,
0.0,
0.0,
5.0,
0.0,
7.0,
4.0,
0.0,
0.0,
0.0,
3.0,
0.0,
72.0,
238.0,
232.0,
255.0,
3.0,
0.0,
0.0,
0.0,
0.0,
0.0,
6.0,
13.0,
0.0,
0.0,
14.0,
0.0,
0.0,
0.0,
0.0,
0.0,
0.0,
8.0,
0.0,
0.0,
11.0,
1.0,
3.0,
2.0,
222.0,
255.0,
247.0,
71.0,
14.0,
0.0,
20.0,
0.0,
10.0,
18.0,
7.0,
19.0,
20.0,
0.0,
0.0,
0.0,
0.0,
0.0,
0.0,
2.0,
0.0,
2.0,
0.0,
5.0,
13.0,
0.0,
0.0,
189.0,
255.0,
253.0,
132.0,
0.0,
0.0,
0.0,
0.0,
2.0,
30.0,
145.0,
255.0,
255.0,
133.0,
17.0,
5.0,
0.0,
0.0,
0.0,
0.0,
5.0,
0.0,
2.0,
0.0,
3.0,
0.0,
0.0,
60.0,
255.0,
249.0,
195.0,
15.0,
4.0,
0.0,
14.0,
2.0,
58.0,
170.0,
255.0,
250.0,
249.0,
255.0,
138.0,
0.0,
0.0,
0.0,
0.0,
0.0,
0.0,
0.0,
8.0,
0.0,
1.0,
0.0,
17.0,
156.0,
252.0,
255.0,
33.0,
0.0,
0.0,
10.0,
24.0,
158.0,
242.0,
255.0,
217.0,
118.0,
146.0,
255.0,
193.0,
18.0,
0.0,
0.0,
0.0,
0.0,
0.0,
4.0,
0.0,
9.0,
0.0,
5.0,
36.0,
240.0,
241.0,
226.0,
21.0,
0.0,
0.0,
38.0,
163.0,
255.0,
246.0,
139.0,
20.0,
8.0,
0.0,
246.0,
248.0,
49.0,
0.0,
0.0,
0.0,
0.0,
0.0,
5.0,
0.0,
7.0,
0.0,
0.0,
52.0,
255.0,
255.0,
184.0,
8.0,
0.0,
2.0,
116.0,
248.0,
255.0,
61.0,
25.0,
0.0,
0.0,
20.0,
255.0,
255.0,
43.0,
0.0,
0.0,
0.0,
0.0,
0.0,
3.0,
0.0,
6.0,
0.0,
0.0,
41.0,
221.0,
249.0,
244.0,
126.0,
24.0,
8.0,
192.0,
255.0,
129.0,
10.0,
0.0,
24.0,
79.0,
155.0,
255.0,
223.0,
37.0,
0.0,
0.0,
0.0,
0.0,
0.0,
1.0,
0.0,
4.0,
3.0,
1.0,
1.0,
94.0,
253.0,
255.0,
255.0,
234.0,
223.0,
255.0,
248.0,
245.0,
216.0,
226.0,
255.0,
251.0,
251.0,
246.0,
155.0,
0.0,
0.0,
0.0,
0.0,
0.0,
0.0,
5.0,
0.0,
0.0,
6.0,
8.0,
0.0,
1.0,
73.0,
185.0,
251.0,
250.0,
255.0,
255.0,
237.0,
255.0,
255.0,
255.0,
223.0,
152.0,
65.0,
36.0,
24.0,
2.0,
0.0,
0.0,
0.0,
0.0,
0.0,
9.0,
4.0,
0.0,
0.0,
7.0,
0.0,
0.0,
0.0,
15.0,
56.0,
63.0,
75.0,
124.0,
170.0,
233.0,
244.0,
134.0,
28.0,
16.0,
1.0,
2.0,
0.0,
0.0,
0.0,
0.0,
0.0,
0.0,
0.0,
4.0,
4.0,
0.0,
0.0,
0.0,
11.0,
6.0,
6.0,
0.0,
8.0,
8.0,
0.0,
0.0,
1.0,
4.0,
0.0,
3.0,
0.0,
0.0,
0.0,
18.0,
11.0,
0.0,
0.0,
0.0,
0.0,
0.0,
0.0,
0.0,
0.0,
7.0,
2.0,
0.0,
4.0,
0.0,
0.0,
0.0,
3.0,
0.0,
2.0,
4.0,
0.0,
0.0,
3.0,
0.0,
1.0,
3.0,
0.0,
0.0,
0.0,
1.0,
0.0,
0.0,
0.0,
0.0,
0.0,
0.0,
0.0,
0.0,
0.0,
0.0,
0.0,
0.0,
0.0,
0.0,
0.0,
0.0,
0.0,
0.0,
0.0,
0.0,
0.0,
0.0,
0.0,
0.0,
0.0,
0.0,
0.0,
0.0,
0.0,
0.0,
0.0,
0.0,
0.0,
0.0,
0.0,
0.0,
0.0,
0.0,
0.0,
0.0,
0.0,
0.0,
0.0,
0.0,
0.0,
0.0,
0.0,
0.0,
0.0,
0.0,
0.0,
0.0,
0.0,
0.0,
0.0,
0.0,
0.0,
0.0,
0.0,
0.0,
0.0,
0.0,
0.0,
0.0,
0.0,
0.0,
0.0,
0.0,
0.0,
0.0,
0.0,
0.0,
0.0,
0.0,
0.0,
0.0,
0.0,
0.0,
0.0,
0.0,
0.0,
0.0,
0.0,
0.0,
0.0,
0.0,
0.0,
0.0,
0.0,
0.0,
0.0,
0.0,
0.0,
0.0,
0.0,
0.0,
0.0,
0.0,
0.0,
0.0,
0.0,
0.0,
0.0,
0.0,
0.0,
0.0,
0.0,
0.0,
0.0,
0.0,
0.0,
0.0,
0.0,
0.0,
0.0,
0.0,
