0.0,
0.0,
0.0,
0.0,
0.0,
0.0,
0.0,
0.0,
4.0,
0.0,
7.0,
0.0,
0.0,
0.0,
5.0,
9.0,
0.0,
19.0,
1.0,
0.0,
4.0,
0.0,
0.0,
5.0,
0.0,
0.0,
0.0,
0.0,
0.0,
0.0,
0.0,
0.0,
0.0,
0.0,
0.0,
0.0,
0.0,
4.0,
0.0,
3.0,
13.0,
0.0,
5.0,
0.0,
19.0,
0.0,
0.0,
4.0,
2.0,
0.0,
3.0,
2.0,
0.0,
0.0,
0.0,
0.0,
0.0,
0.0,
0.0,
0.0,
0.0,
0.0,
0.0,
0.0,
8.0,
7.0,
0.0,
0.0,
0.0,
133.0,
254.0,
255.0,
166.0,
12.0,
3.0,
10.0,
2.0,
0.0,
12.0,
0.0,
0.0,
0.0,
0.0,
0.0,
0.0,
0.0,
0.0,
0.0,
0.0,
0.0,
0.0,
0.0,
0.0,
13.0,
9.0,
0.0,
181.0,
238.0,
235.0,
253.0,
196.0,
5.0,
0.0,
0.0,
0.0,
0.0,
16.0,
0.0,
0.0,
0.0,
0.0,
0.0,
0.0,
0.0,
0.0,
0.0,
0.0,
0.0,
0.0,
0.0,
6.0,
0.0,
0.0,
123.0,
251.0,
255.0,
246.0,
255.0,
102.0,
0.0,
12.0,
0.0,
0.0,
0.0,
2.0,
4.0,
0.0,
0.0,
0.0,
0.0,
0.0,
0.0,
0.0,
0.0,
0.0,
0.0,
0.0,
0.0,
0.0,
7.0,
60.0,
243.0,
246.0,
247.0,
252.0,
194.0,
42.0,
0.0,
19.0,
3.0,
9.0,
0.0,
0.0,
0.0,
0.0,
0.0,
0.0,
0.0,
0.0,
0.0,
0.0,
0.0,
0.0,
0.0,
0.0,
0.0,
13.0,
3.0,
198.0,
255.0,
255.0,
231.0,
231.0,
27.0,
5.0,
0.0,
0.0,
0.0,
0.0,
3.0,
7.0,
0.0,
0.0,
0.0,
0.0,
0.0,
0.0,
0.0,
0.0,
0.0,
0.0,
0.0,
0.0,
0.0,
0.0,
114.0,
254.0,
254.0,
254.0,
253.0,
38.0,
7.0,
0.0,
1.0,
4.0,
11.0,
0.0,
0.0,
10.0,
0.0,
0.0,
0.0,
0.0,
0.0,
0.0,
16.0,
0.0,
0.0,
5.0,
0.0,
4.0,
1.0,
29.0,
230.0,
255.0,
241.0,
255.0,
179.0,
3.0,
0.0,
0.0,
2.0,
9.0,
0.0,
1.0,
12.0,
0.0,
8.0,
2.0,
3.0,
0.0,
0.0,
7.0,
5.0,
0.0,
0.0,
1.0,
10.0,
2.0,
3.0,
217.0,
237.0,
253.0,
255.0,
201.0,
17.0,
1.0,
19.0,
0.0,
1.0,
5.0,
0.0,
0.0,
7.0,
0.0,
0.0,
0.0,
3.0,
0.0,
2.0,
5.0,
0.0,
0.0,
7.0,
0.0,
11.0,
0.0,
25.0,
245.0,
255.0,
242.0,
254.0,
98.0,
1.0,
0.0,
0.0,
4.0,
3.0,
5.0,
15.0,
6.0,
0.0,
0.0,
0.0,
0.0,
2.0,
4.0,
0.0,
0.0,
0.0,
9.0,
10.0,
0.0,
4.0,
0.0,
130.0,
255.0,
238.0,
253.0,
194.0,
24.0,
0.0,
27.0,
0.0,
58.0,
54.0,
42.0,
60.0,
62.0,
57.0,
53.0,
0.0,
1.0,
0.0,
7.0,
0.0,
5.0,
1.0,
6.0,
0.0,
0.0,
4.0,
52.0,
253.0,
255.0,
252.0,
236.0,
23.0,
7.0,
34.0,
95.0,
179.0,
234.0,
255.0,
255.0,
255.0,
255.0,
255.0,
204.0,
85.0,
10.0,
0.0,
3.0,
0.0,
5.0,
2.0,
0.0,
0.0,
6.0,
1.0,
95.0,
255.0,
250.0,
249.0,
230.0,
0.0,
62.0,
198.0,
250.0,
255.0,
252.0,
255.0,
253.0,
249.0,
249.0,
255.0,
255.0,
234.0,
52.0,
0.0,
0.0,
0.0,
0.0,
0.0,
0.0,
6.0,
1.0,
0.0,
152.0,
241.0,
255.0,
251.0,
210.0,
91.0,
244.0,
255.0,
255.0,
252.0,
255.0,
252.0,
255.0,
250.0,
254.0,
255.0,
251.0,
255.0,
156.0,
34.0,
0.0,
0.0,
5.0,
0.0,
2.0,
9.0,
0.0,
5.0,
226.0,
255.0,
250.0,
247.0,
146.0,
226.0,
245.0,
255.0,
248.0,
255.0,
188.0,
166.0,
115.0,
64.0,
135.0,
246.0,
255.0,
246.0,
255.0,
91.0,
15.0,
2.0,
0.0,
2.0,
0.0,
15.0,
0.0,
0.0,
255.0,
245.0,
255.0,
255.0,
241.0,
243.0,
251.0,
248.0,
237.0,
204.0,
10.0,
0.0,
0.0,
10.0,
38.0,
170.0,
255.0,
255.0,
241.0,
37.0,
0.0,
1.0,
8.0,
2.0,
0.0,
0.0,
2.0,
6.0,
207.0,
255.0,
249.0,
255.0,
249.0,
255.0,
255.0,
255.0,
255.0,
224.0,
29.0,
5.0,
66.0,
163.0,
218.0,
247.0,
255.0,
248.0,
112.0,
0.0,
0.0,
3.0,
0.0,
3.0,
7.0,
0.0,
3.0,
0.0,
119.0,
255.0,
255.0,
255.0,
244.0,
243.0,
247.0,
249.0,
255.0,
241.0,
228.0,
222.0,
255.0,
251.0,
249.0,
244.0,
255.0,
219.0,
16.0,
0.0,
3.0,
8.0,
0.0,
8.0,
0.0,
0.0,
0.0,
6.0,
96.0,
246.0,
244.0,
255.0,
255.0,
255.0,
253.0,
249.0,
255.0,
255.0,
255.0,
255.0,
255.0,
237.0,
255.0,
255.0,
182.0,
20.0,
0.0,
4.0,
3.0,
5.0,
0.0,
3.0,
0.0,
15.0,
12.0,
0.0,
0.0,
20.0,
211.0,
239.0,
252.0,
255.0,
252.0,
240.0,
252.0,
250.0,
248.0,
255.0,
254.0,
216.0,
131.0,
81.0,
28.0,
0.0,
0.0,
5.0,
0.0,
0.0,
9.0,
3.0,
0.0,
6.0,
2.0,
0.0,
18.0,
4.0,
5.0,
74.0,
154.0,
230.0,
255.0,
255.0,
255.0,
248.0,
222.0,
121.0,
22.0,
16.0,
0.0,
4.0,
0.0,
3.0,
0.0,
0.0,
0.0,
4.0,
0.0,
0.0,
8.0,
6.0,
0.0,
0.0,
3.0,
0.0,
0.0,
5.0,
0.0,
6.0,
1.0,
0.0,
2.0,
0.0,
10.0,
0.0,
0.0,
2.0,
0.0,
0.0,
0.0,
7.0,
3.0,
0.0,
4.0,
7.0,
7.0,
0.0,
7.0,
0.0,
0.0,
4.0,
2.0,
2.0,
5.0,
5.0,
0.0,
0.0,
4.0,
0.0,
6.0,
0.0,
0.0,
0.0,
10.0,
0.0,
5.0,
0.0,
8.0,
0.0,
9.0,
0.0,
0.0,
0.0,
0.0,
0.0,
0.0,
0.0,
0.0,
0.0,
0.0,
0.0,
0.0,
0.0,
0.0,
0.0,
0.0,
0.0,
0.0,
0.0,
0.0,
0.0,
0.0,
0.0,
0.0,
0.0,
0.0,
0.0,
0.0,
0.0,
0.0,
0.0,
0.0,
0.0,
0.0,
0.0,
0.0,
0.0,
0.0,
0.0,
0.0,
0.0,
0.0,
0.0,
0.0,
0.0,
0.0,
0.0,
0.0,
0.0,
0.0,
0.0,
0.0,
0.0,
0.0,
0.0,
0.0,
0.0,
0.0,
0.0,
0.0,
0.0,
0.0,
0.0,
0.0,
0.0,
0.0,
0.0,
0.0,
0.0,
0.0,
0.0,
0.0,
0.0,
0.0,
0.0,
0.0,
0.0,
0.0,
0.0,
0.0,
0.0,
0.0,
0.0,
0.0,
0.0,
0.0,
0.0,
0.0,
0.0,
0.0,
0.0,
0.0,
0.0,
0.0,
0.0,
0.0,
0.0,
0.0,
0.0,
0.0,
0.0,
0.0,
0.0,
0.0,
0.0,
0.0,
0.0,
0.0,
0.0,
0.0,
0.0,
0.0,
0.0,
0.0,
0.0,
