0.0,
0.0,
0.0,
0.0,
0.0,
0.0,
0.0,
0.0,
0.0,
1.0,
4.0,
0.0,
0.0,
0.0,
0.0,
3.0,
0.0,
7.0,
0.0,
10.0,
8.0,
0.0,
8.0,
0.0,
0.0,
0.0,
0.0,
0.0,
0.0,
0.0,
0.0,
0.0,
0.0,
0.0,
0.0,
0.0,
2.0,
0.0,
0.0,
2.0,
6.0,
4.0,
0.0,
0.0,
9.0,
0.0,
14.0,
0.0,
0.0,
0.0,
0.0,
8.0,
0.0,
0.0,
0.0,
0.0,
0.0,
0.0,
0.0,
0.0,
0.0,
0.0,
0.0,
0.0,
7.0,
0.0,
0.0,
2.0,
5.0,
0.0,
0.0,
0.0,
0.0,
12.0,
5.0,
68.0,
176.0,
243.0,
48.0,
0.0,
0.0,
0.0,
0.0,
0.0,
0.0,
0.0,
0.0,
0.0,
0.0,
0.0,
0.0,
0.0,
0.0,
0.0,
1.0,
0.0,
0.0,
0.0,
0.0,
4.0,
19.0,
0.0,
0.0,
195.0,
255.0,
196.0,
2.0,
0.0,
0.0,
0.0,
0.0,
0.0,
0.0,
0.0,
0.0,
0.0,
0.0,
0.0,
0.0,
0.0,
0.0,
0.0,
4.0,
0.0,
0.0,
7.0,
8.0,
1.0,
0.0,
4.0,
150.0,
250.0,
136.0,
0.0,
0.0,
13.0,
0.0,
0.0,
0.0,
0.0,
0.0,
0.0,
0.0,
0.0,
0.0,
0.0,
0.0,
0.0,
0.0,
1.0,
0.0,
0.0,
3.0,
7.0,
0.0,
0.0,
0.0,
67.0,
236.0,
253.0,
112.0,
16.0,
0.0,
0.0,
0.0,
0.0,
0.0,
0.0,
0.0,
0.0,
0.0,
0.0,
0.0,
0.0,
0.0,
0.0,
5.0,
0.0,
0.0,
2.0,
0.0,
0.0,
0.0,
13.0,
21.0,
225.0,
255.0,
137.0,
0.0,
3.0,
0.0,
10.0,
0.0,
0.0,
0.0,
0.0,
0.0,
0.0,
0.0,
0.0,
0.0,
0.0,
0.0,
0.0,
0.0,
0.0,
0.0,
9.0,
0.0,
0.0,
24.0,
83.0,
235.0,
246.0,
74.0,
0.0,
10.0,
0.0,
17.0,
0.0,
0.0,
0.0,
0.0,
0.0,
0.0,
0.0,
0.0,
0.0,
0.0,
0.0,
0.0,
0.0,
0.0,
1.0,
0.0,
0.0,
10.0,
1.0,
38.0,
202.0,
255.0,
166.0,
17.0,
8.0,
7.0,
0.0,
0.0,
0.0,
0.0,
0.0,
0.0,
0.0,
0.0,
0.0,
0.0,
0.0,
0.0,
0.0,
0.0,
0.0,
10.0,
2.0,
3.0,
9.0,
0.0,
11.0,
177.0,
249.0,
210.0,
25.0,
6.0,
0.0,
5.0,
0.0,
21.0,
0.0,
0.0,
0.0,
0.0,
0.0,
0.0,
0.0,
0.0,
0.0,
0.0,
0.0,
0.0,
0.0,
0.0,
4.0,
0.0,
11.0,
7.0,
202.0,
255.0,
210.0,
43.0,
4.0,
10.0,
5.0,
5.0,
0.0,
3.0,
0.0,
0.0,
0.0,
0.0,
0.0,
0.0,
0.0,
0.0,
0.0,
0.0,
0.0,
0.0,
0.0,
17.0,
0.0,
0.0,
14.0,
145.0,
255.0,
231.0,
162.0,
0.0,
14.0,
0.0,
0.0,
10.0,
14.0,
12.0,
2.0,
0.0,
0.0,
0.0,
0.0,
0.0,
0.0,
0.0,
0.0,
0.0,
0.0,
0.0,
0.0,
0.0,
17.0,
17.0,
99.0,
255.0,
248.0,
154.0,
16.0,
12.0,
0.0,
26.0,
0.0,
0.0,
5.0,
0.0,
1.0,
0.0,
0.0,
0.0,
0.0,
0.0,
0.0,
0.0,
0.0,
0.0,
0.0,
0.0,
0.0,
0.0,
22.0,
100.0,
255.0,
251.0,
124.0,
4.0,
12.0,
117.0,
170.0,
218.0,
151.0,
13.0,
0.0,
0.0,
14.0,
0.0,
0.0,
0.0,
0.0,
0.0,
0.0,
0.0,
0.0,
0.0,
0.0,
0.0,
0.0,
7.0,
126.0,
255.0,
235.0,
89.0,
0.0,
13.0,
158.0,
245.0,
255.0,
255.0,
231.0,
45.0,
1.0,
0.0,
0.0,
0.0,
0.0,
0.0,
0.0,
0.0,
0.0,
0.0,
0.0,
0.0,
0.0,
0.0,
0.0,
57.0,
255.0,
255.0,
204.0,
4.0,
0.0,
76.0,
255.0,
255.0,
101.0,
228.0,
255.0,
94.0,
0.0,
1.0,
0.0,
0.0,
0.0,
0.0,
0.0,
0.0,
6.0,
0.0,
0.0,
8.0,
0.0,
0.0,
0.0,
126.0,
245.0,
231.0,
49.0,
9.0,
0.0,
137.0,
242.0,
174.0,
133.0,
241.0,
240.0,
54.0,
0.0,
0.0,
6.0,
0.0,
0.0,
0.0,
0.0,
0.0,
7.0,
7.0,
4.0,
0.0,
0.0,
0.0,
55.0,
249.0,
250.0,
92.0,
3.0,
0.0,
113.0,
225.0,
255.0,
193.0,
255.0,
234.0,
38.0,
0.0,
3.0,
4.0,
0.0,
0.0,
0.0,
0.0,
0.0,
0.0,
3.0,
0.0,
0.0,
0.0,
7.0,
22.0,
135.0,
249.0,
208.0,
1.0,
0.0,
0.0,
190.0,
255.0,
246.0,
255.0,
232.0,
25.0,
2.0,
5.0,
0.0,
2.0,
0.0,
0.0,
0.0,
0.0,
0.0,
0.0,
0.0,
0.0,
15.0,
2.0,
0.0,
0.0,
102.0,
231.0,
255.0,
108.0,
90.0,
149.0,
238.0,
255.0,
252.0,
186.0,
61.0,
0.0,
4.0,
13.0,
0.0,
2.0,
6.0,
0.0,
0.0,
0.0,
0.0,
7.0,
6.0,
0.0,
0.0,
0.0,
8.0,
21.0,
172.0,
255.0,
251.0,
244.0,
255.0,
245.0,
252.0,
255.0,
118.0,
2.0,
27.0,
0.0,
0.0,
9.0,
0.0,
17.0,
0.0,
0.0,
0.0,
0.0,
0.0,
0.0,
4.0,
0.0,
7.0,
0.0,
0.0,
0.0,
55.0,
160.0,
242.0,
255.0,
226.0,
157.0,
82.0,
52.0,
23.0,
0.0,
0.0,
0.0,
0.0,
0.0,
37.0,
0.0,
3.0,
0.0,
0.0,
0.0,
0.0,
3.0,
6.0,
0.0,
0.0,
8.0,
13.0,
0.0,
17.0,
0.0,
14.0,
0.0,
0.0,
0.0,
6.0,
0.0,
0.0,
7.0,
2.0,
15.0,
0.0,
5.0,
0.0,
13.0,
0.0,
0.0,
0.0,
0.0,
0.0,
0.0,
11.0,
4.0,
0.0,
0.0,
0.0,
0.0,
0.0,
1.0,
0.0,
0.0,
7.0,
0.0,
15.0,
0.0,
4.0,
0.0,
5.0,
0.0,
2.0,
3.0,
4.0,
0.0,
8.0,
0.0,
0.0,
0.0,
0.0,
0.0,
0.0,
0.0,
0.0,
0.0,
0.0,
0.0,
0.0,
0.0,
0.0,
0.0,
0.0,
0.0,
0.0,
0.0,
0.0,
0.0,
0.0,
0.0,
0.0,
0.0,
0.0,
0.0,
0.0,
0.0,
0.0,
0.0,
0.0,
0.0,
0.0,
0.0,
0.0,
0.0,
0.0,
0.0,
0.0,
0.0,
0.0,
0.0,
0.0,
0.0,
0.0,
0.0,
0.0,
0.0,
0.0,
0.0,
0.0,
0.0,
0.0,
0.0,
0.0,
0.0,
0.0,
0.0,
0.0,
0.0,
0.0,
0.0,
0.0,
0.0,
0.0,
0.0,
0.0,
0.0,
0.0,
0.0,
0.0,
0.0,
0.0,
0.0,
0.0,
0.0,
0.0,
0.0,
0.0,
0.0,
0.0,
0.0,
0.0,
0.0,
0.0,
0.0,
0.0,
0.0,
0.0,
0.0,
0.0,
0.0,
0.0,
0.0,
0.0,
0.0,
0.0,
0.0,
0.0,
0.0,
0.0,
0.0,
0.0,
0.0,
0.0,
0.0,
0.0,
0.0,
0.0,
0.0,
0.0,
0.0,
0.0,
0.0,
0.0,
