0.0,
0.0,
0.0,
0.0,
0.0,
0.0,
0.0,
0.0,
0.0,
5.0,
0.0,
8.0,
0.0,
5.0,
0.0,
2.0,
0.0,
13.0,
0.0,
4.0,
0.0,
3.0,
0.0,
5.0,
0.0,
0.0,
0.0,
0.0,
0.0,
0.0,
0.0,
0.0,
0.0,
0.0,
0.0,
0.0,
0.0,
6.0,
0.0,
0.0,
4.0,
10.0,
0.0,
7.0,
7.0,
0.0,
0.0,
1.0,
1.0,
7.0,
0.0,
0.0,
0.0,
0.0,
0.0,
0.0,
0.0,
0.0,
0.0,
0.0,
0.0,
0.0,
0.0,
0.0,
10.0,
0.0,
9.0,
13.0,
0.0,
2.0,
22.0,
236.0,
148.0,
27.0,
0.0,
0.0,
0.0,
0.0,
0.0,
0.0,
0.0,
0.0,
0.0,
0.0,
0.0,
0.0,
0.0,
0.0,
0.0,
0.0,
0.0,
0.0,
0.0,
0.0,
12.0,
4.0,
0.0,
9.0,
111.0,
255.0,
254.0,
48.0,
0.0,
1.0,
5.0,
0.0,
0.0,
5.0,
0.0,
0.0,
0.0,
0.0,
0.0,
0.0,
0.0,
0.0,
0.0,
0.0,
0.0,
0.0,
0.0,
9.0,
0.0,
0.0,
14.0,
0.0,
211.0,
228.0,
168.0,
4.0,
0.0,
4.0,
8.0,
1.0,
0.0,
0.0,
0.0,
0.0,
0.0,
0.0,
0.0,
0.0,
0.0,
0.0,
0.0,
0.0,
0.0,
0.0,
4.0,
0.0,
0.0,
4.0,
4.0,
65.0,
247.0,
255.0,
38.0,
0.0,
2.0,
2.0,
0.0,
5.0,
5.0,
0.0,
0.0,
0.0,
0.0,
0.0,
0.0,
0.0,
0.0,
0.0,
0.0,
0.0,
0.0,
0.0,
0.0,
0.0,
12.0,
5.0,
72.0,
229.0,
240.0,
117.0,
0.0,
4.0,
7.0,
2.0,
0.0,
1.0,
0.0,
0.0,
0.0,
0.0,
0.0,
0.0,
0.0,
0.0,
0.0,
0.0,
0.0,
0.0,
0.0,
0.0,
5.0,
5.0,
0.0,
21.0,
225.0,
250.0,
255.0,
0.0,
0.0,
9.0,
0.0,
5.0,
3.0,
2.0,
0.0,
4.0,
0.0,
0.0,
0.0,
0.0,
3.0,
0.0,
0.0,
0.0,
0.0,
1.0,
0.0,
0.0,
0.0,
0.0,
7.0,
146.0,
248.0,
250.0,
186.0,
2.0,
0.0,
11.0,
6.0,
0.0,
9.0,
4.0,
0.0,
14.0,
0.0,
0.0,
0.0,
0.0,
1.0,
0.0,
0.0,
0.0,
1.0,
2.0,
1.0,
0.0,
5.0,
0.0,
21.0,
252.0,
255.0,
208.0,
53.0,
0.0,
0.0,
0.0,
0.0,
0.0,
9.0,
0.0,
32.0,
0.0,
0.0,
0.0,
0.0,
0.0,
0.0,
0.0,
0.0,
0.0,
2.0,
3.0,
2.0,
0.0,
0.0,
14.0,
147.0,
255.0,
252.0,
121.0,
2.0,
2.0,
0.0,
44.0,
79.0,
21.0,
0.0,
0.0,
2.0,
0.0,
0.0,
0.0,
0.0,
0.0,
0.0,
0.0,
0.0,
0.0,
1.0,
1.0,
0.0,
0.0,
6.0,
81.0,
255.0,
255.0,
133.0,
7.0,
0.0,
3.0,
140.0,
187.0,
251.0,
245.0,
218.0,
163.0,
30.0,
4.0,
0.0,
0.0,
0.0,
0.0,
0.0,
0.0,
0.0,
0.0,
0.0,
0.0,
0.0,
0.0,
3.0,
234.0,
251.0,
231.0,
58.0,
10.0,
23.0,
255.0,
232.0,
255.0,
255.0,
241.0,
255.0,
255.0,
171.0,
0.0,
0.0,
0.0,
0.0,
0.0,
0.0,
0.0,
0.0,
0.0,
0.0,
0.0,
0.0,
0.0,
78.0,
246.0,
255.0,
189.0,
3.0,
0.0,
117.0,
255.0,
252.0,
220.0,
168.0,
86.0,
194.0,
253.0,
167.0,
8.0,
0.0,
0.0,
0.0,
0.0,
0.0,
1.0,
1.0,
0.0,
0.0,
0.0,
4.0,
8.0,
202.0,
255.0,
232.0,
24.0,
0.0,
74.0,
252.0,
203.0,
57.0,
0.0,
0.0,
83.0,
250.0,
226.0,
13.0,
0.0,
0.0,
0.0,
0.0,
0.0,
0.0,
0.0,
1.0,
0.0,
0.0,
2.0,
9.0,
15.0,
229.0,
255.0,
174.0,
12.0,
19.0,
212.0,
242.0,
27.0,
2.0,
4.0,
36.0,
235.0,
255.0,
189.0,
2.0,
6.0,
0.0,
0.0,
0.0,
0.0,
0.0,
6.0,
7.0,
5.0,
0.0,
0.0,
2.0,
175.0,
255.0,
244.0,
4.0,
9.0,
172.0,
255.0,
212.0,
6.0,
0.0,
70.0,
235.0,
255.0,
192.0,
14.0,
0.0,
7.0,
0.0,
0.0,
0.0,
0.0,
3.0,
0.0,
0.0,
1.0,
0.0,
17.0,
48.0,
251.0,
255.0,
142.0,
5.0,
0.0,
165.0,
233.0,
148.0,
0.0,
129.0,
255.0,
243.0,
174.0,
0.0,
16.0,
0.0,
5.0,
0.0,
0.0,
0.0,
0.0,
0.0,
0.0,
0.0,
12.0,
6.0,
0.0,
34.0,
249.0,
234.0,
153.0,
0.0,
5.0,
199.0,
255.0,
162.0,
255.0,
243.0,
177.0,
104.0,
19.0,
0.0,
0.0,
9.0,
0.0,
0.0,
0.0,
0.0,
0.0,
2.0,
5.0,
0.0,
0.0,
0.0,
0.0,
51.0,
255.0,
255.0,
159.0,
72.0,
74.0,
232.0,
249.0,
250.0,
237.0,
113.0,
32.0,
0.0,
0.0,
16.0,
0.0,
12.0,
0.0,
0.0,
0.0,
0.0,
0.0,
0.0,
3.0,
0.0,
0.0,
0.0,
1.0,
35.0,
176.0,
248.0,
245.0,
255.0,
255.0,
249.0,
244.0,
219.0,
50.0,
0.0,
0.0,
0.0,
14.0,
0.0,
0.0,
0.0,
10.0,
0.0,
0.0,
0.0,
0.0,
0.0,
0.0,
0.0,
1.0,
9.0,
1.0,
0.0,
23.0,
153.0,
255.0,
243.0,
232.0,
141.0,
139.0,
20.0,
0.0,
7.0,
0.0,
0.0,
6.0,
9.0,
0.0,
1.0,
0.0,
0.0,
0.0,
0.0,
0.0,
11.0,
0.0,
0.0,
0.0,
0.0,
6.0,
2.0,
1.0,
0.0,
0.0,
4.0,
0.0,
5.0,
2.0,
0.0,
8.0,
0.0,
3.0,
0.0,
4.0,
0.0,
16.0,
9.0,
0.0,
0.0,
0.0,
0.0,
0.0,
0.0,
0.0,
7.0,
4.0,
0.0,
0.0,
4.0,
0.0,
1.0,
0.0,
3.0,
0.0,
4.0,
0.0,
18.0,
0.0,
10.0,
0.0,
2.0,
6.0,
7.0,
0.0,
0.0,
4.0,
0.0,
0.0,
0.0,
0.0,
0.0,
0.0,
0.0,
0.0,
0.0,
0.0,
0.0,
0.0,
0.0,
0.0,
0.0,
0.0,
0.0,
0.0,
0.0,
0.0,
0.0,
0.0,
0.0,
0.0,
0.0,
0.0,
0.0,
0.0,
0.0,
0.0,
0.0,
0.0,
0.0,
0.0,
0.0,
0.0,
0.0,
0.0,
0.0,
0.0,
0.0,
0.0,
0.0,
0.0,
0.0,
0.0,
0.0,
0.0,
0.0,
0.0,
0.0,
0.0,
0.0,
0.0,
0.0,
0.0,
0.0,
0.0,
0.0,
0.0,
0.0,
0.0,
0.0,
0.0,
0.0,
0.0,
0.0,
0.0,
0.0,
0.0,
0.0,
0.0,
0.0,
0.0,
0.0,
0.0,
0.0,
0.0,
0.0,
0.0,
0.0,
0.0,
0.0,
0.0,
0.0,
0.0,
0.0,
0.0,
0.0,
0.0,
0.0,
0.0,
0.0,
0.0,
0.0,
0.0,
0.0,
0.0,
0.0,
0.0,
0.0,
0.0,
0.0,
0.0,
0.0,
0.0,
0.0,
0.0,
0.0,
0.0,
0.0,
0.0,
0.0,
0.0,
0.0,
0.0,
