0.0,
0.0,
0.0,
0.0,
0.0,
0.0,
0.0,
0.0,
5.0,
0.0,
6.0,
0.0,
0.0,
10.0,
0.0,
1.0,
1.0,
0.0,
2.0,
1.0,
7.0,
6.0,
0.0,
6.0,
0.0,
0.0,
0.0,
0.0,
0.0,
0.0,
0.0,
0.0,
0.0,
0.0,
0.0,
0.0,
2.0,
0.0,
0.0,
5.0,
0.0,
0.0,
0.0,
3.0,
0.0,
22.0,
0.0,
7.0,
0.0,
2.0,
8.0,
0.0,
0.0,
0.0,
0.0,
0.0,
0.0,
0.0,
0.0,
0.0,
0.0,
0.0,
0.0,
0.0,
0.0,
1.0,
0.0,
11.0,
0.0,
2.0,
0.0,
2.0,
1.0,
0.0,
20.0,
0.0,
4.0,
3.0,
4.0,
5.0,
0.0,
0.0,
0.0,
0.0,
0.0,
0.0,
0.0,
0.0,
0.0,
0.0,
0.0,
0.0,
0.0,
7.0,
0.0,
1.0,
0.0,
11.0,
0.0,
33.0,
233.0,
255.0,
225.0,
31.0,
0.0,
0.0,
1.0,
0.0,
0.0,
0.0,
0.0,
0.0,
0.0,
0.0,
0.0,
0.0,
0.0,
0.0,
0.0,
0.0,
0.0,
1.0,
1.0,
0.0,
0.0,
1.0,
5.0,
131.0,
255.0,
231.0,
19.0,
0.0,
0.0,
0.0,
9.0,
3.0,
0.0,
0.0,
0.0,
0.0,
0.0,
0.0,
0.0,
0.0,
0.0,
0.0,
0.0,
0.0,
6.0,
0.0,
1.0,
0.0,
0.0,
0.0,
66.0,
239.0,
242.0,
183.0,
12.0,
0.0,
5.0,
1.0,
0.0,
0.0,
0.0,
0.0,
0.0,
0.0,
0.0,
0.0,
0.0,
0.0,
0.0,
0.0,
0.0,
0.0,
7.0,
0.0,
0.0,
5.0,
0.0,
14.0,
173.0,
255.0,
249.0,
50.0,
0.0,
0.0,
15.0,
0.0,
0.0,
16.0,
0.0,
0.0,
0.0,
0.0,
0.0,
0.0,
0.0,
0.0,
0.0,
0.0,
0.0,
0.0,
2.0,
0.0,
1.0,
5.0,
3.0,
56.0,
255.0,
242.0,
154.0,
0.0,
0.0,
16.0,
0.0,
0.0,
9.0,
0.0,
0.0,
0.0,
0.0,
0.0,
0.0,
0.0,
0.0,
0.0,
0.0,
0.0,
0.0,
0.0,
0.0,
3.0,
8.0,
0.0,
10.0,
242.0,
234.0,
197.0,
19.0,
0.0,
17.0,
0.0,
3.0,
8.0,
0.0,
5.0,
0.0,
0.0,
0.0,
0.0,
0.0,
0.0,
0.0,
0.0,
0.0,
0.0,
0.0,
0.0,
0.0,
9.0,
3.0,
18.0,
150.0,
252.0,
255.0,
92.0,
0.0,
18.0,
0.0,
2.0,
0.0,
1.0,
8.0,
2.0,
0.0,
0.0,
2.0,
2.0,
0.0,
0.0,
0.0,
0.0,
0.0,
0.0,
0.0,
0.0,
21.0,
0.0,
0.0,
80.0,
250.0,
245.0,
222.0,
0.0,
0.0,
0.0,
23.0,
0.0,
52.0,
65.0,
34.0,
0.0,
0.0,
0.0,
0.0,
2.0,
0.0,
0.0,
0.0,
0.0,
0.0,
0.0,
0.0,
0.0,
0.0,
10.0,
33.0,
181.0,
249.0,
255.0,
61.0,
9.0,
10.0,
0.0,
16.0,
74.0,
236.0,
240.0,
254.0,
173.0,
14.0,
0.0,
0.0,
2.0,
0.0,
0.0,
0.0,
0.0,
0.0,
0.0,
0.0,
0.0,
6.0,
12.0,
174.0,
255.0,
255.0,
232.0,
31.0,
0.0,
2.0,
56.0,
167.0,
243.0,
255.0,
254.0,
241.0,
235.0,
36.0,
14.0,
0.0,
4.0,
0.0,
0.0,
0.0,
0.0,
0.0,
0.0,
0.0,
0.0,
2.0,
21.0,
244.0,
255.0,
185.0,
44.0,
5.0,
5.0,
61.0,
242.0,
255.0,
244.0,
152.0,
113.0,
255.0,
209.0,
23.0,
6.0,
0.0,
0.0,
0.0,
0.0,
0.0,
0.0,
0.0,
0.0,
0.0,
0.0,
0.0,
196.0,
255.0,
255.0,
75.0,
9.0,
40.0,
204.0,
255.0,
244.0,
165.0,
10.0,
3.0,
118.0,
240.0,
120.0,
0.0,
0.0,
0.0,
0.0,
0.0,
0.0,
0.0,
0.0,
0.0,
0.0,
0.0,
0.0,
72.0,
221.0,
255.0,
196.0,
8.0,
111.0,
244.0,
252.0,
226.0,
87.0,
9.0,
0.0,
55.0,
217.0,
159.0,
0.0,
0.0,
5.0,
10.0,
5.0,
0.0,
0.0,
0.0,
0.0,
13.0,
7.0,
0.0,
11.0,
223.0,
255.0,
225.0,
49.0,
135.0,
254.0,
252.0,
173.0,
26.0,
0.0,
29.0,
142.0,
245.0,
172.0,
13.0,
5.0,
0.0,
0.0,
0.0,
0.0,
0.0,
0.0,
2.0,
0.0,
3.0,
0.0,
4.0,
66.0,
255.0,
253.0,
81.0,
176.0,
248.0,
244.0,
152.0,
18.0,
14.0,
34.0,
190.0,
246.0,
139.0,
46.0,
0.0,
0.0,
0.0,
0.0,
0.0,
0.0,
0.0,
0.0,
5.0,
1.0,
0.0,
0.0,
11.0,
86.0,
253.0,
202.0,
142.0,
255.0,
250.0,
201.0,
31.0,
127.0,
144.0,
243.0,
240.0,
83.0,
0.0,
3.0,
0.0,
11.0,
0.0,
0.0,
0.0,
0.0,
3.0,
0.0,
1.0,
0.0,
1.0,
0.0,
0.0,
41.0,
246.0,
255.0,
234.0,
255.0,
248.0,
255.0,
230.0,
255.0,
242.0,
112.0,
19.0,
0.0,
2.0,
5.0,
0.0,
7.0,
0.0,
0.0,
0.0,
0.0,
0.0,
0.0,
3.0,
0.0,
2.0,
6.0,
0.0,
0.0,
100.0,
222.0,
255.0,
242.0,
176.0,
135.0,
154.0,
29.0,
34.0,
0.0,
6.0,
17.0,
0.0,
0.0,
15.0,
0.0,
0.0,
0.0,
0.0,
0.0,
0.0,
0.0,
11.0,
0.0,
0.0,
8.0,
0.0,
0.0,
0.0,
180.0,
250.0,
103.0,
14.0,
0.0,
0.0,
15.0,
0.0,
10.0,
0.0,
0.0,
7.0,
8.0,
0.0,
0.0,
0.0,
0.0,
0.0,
0.0,
0.0,
0.0,
10.0,
1.0,
0.0,
4.0,
2.0,
6.0,
5.0,
185.0,
139.0,
0.0,
0.0,
18.0,
0.0,
0.0,
0.0,
9.0,
0.0,
0.0,
0.0,
0.0,
5.0,
2.0,
0.0,
0.0,
0.0,
0.0,
7.0,
0.0,
2.0,
3.0,
0.0,
1.0,
0.0,
0.0,
0.0,
7.0,
0.0,
0.0,
10.0,
0.0,
4.0,
6.0,
0.0,
4.0,
0.0,
2.0,
11.0,
0.0,
0.0,
0.0,
0.0,
0.0,
0.0,
0.0,
0.0,
0.0,
0.0,
0.0,
0.0,
0.0,
0.0,
0.0,
0.0,
0.0,
0.0,
0.0,
0.0,
0.0,
0.0,
0.0,
0.0,
0.0,
0.0,
0.0,
0.0,
0.0,
0.0,
0.0,
0.0,
0.0,
0.0,
0.0,
0.0,
0.0,
0.0,
0.0,
0.0,
0.0,
0.0,
0.0,
0.0,
0.0,
0.0,
0.0,
0.0,
0.0,
0.0,
0.0,
0.0,
0.0,
0.0,
0.0,
0.0,
0.0,
0.0,
0.0,
0.0,
0.0,
0.0,
0.0,
0.0,
0.0,
0.0,
0.0,
0.0,
0.0,
0.0,
0.0,
0.0,
0.0,
0.0,
0.0,
0.0,
0.0,
0.0,
0.0,
0.0,
0.0,
0.0,
0.0,
0.0,
0.0,
0.0,
0.0,
0.0,
0.0,
0.0,
0.0,
0.0,
0.0,
0.0,
0.0,
0.0,
0.0,
0.0,
0.0,
0.0,
0.0,
0.0,
0.0,
0.0,
0.0,
0.0,
0.0,
0.0,
0.0,
0.0,
0.0,
0.0,
0.0,
0.0,
0.0,
0.0,
0.0,
0.0,
0.0,
