0.0,
0.0,
0.0,
0.0,
0.0,
0.0,
0.0,
0.0,
3.0,
12.0,
0.0,
1.0,
1.0,
0.0,
0.0,
5.0,
0.0,
0.0,
0.0,
0.0,
0.0,
0.0,
0.0,
0.0,
0.0,
0.0,
0.0,
0.0,
0.0,
0.0,
0.0,
0.0,
0.0,
0.0,
0.0,
0.0,
0.0,
0.0,
8.0,
6.0,
0.0,
15.0,
4.0,
0.0,
0.0,
0.0,
0.0,
0.0,
0.0,
0.0,
0.0,
0.0,
0.0,
0.0,
0.0,
0.0,
0.0,
0.0,
0.0,
0.0,
0.0,
0.0,
0.0,
0.0,
17.0,
0.0,
0.0,
6.0,
1.0,
6.0,
0.0,
9.0,
0.0,
0.0,
0.0,
0.0,
0.0,
0.0,
0.0,
0.0,
0.0,
0.0,
0.0,
0.0,
0.0,
0.0,
0.0,
0.0,
0.0,
0.0,
0.0,
0.0,
0.0,
3.0,
5.0,
0.0,
1.0,
51.0,
193.0,
45.0,
0.0,
0.0,
0.0,
0.0,
0.0,
0.0,
0.0,
0.0,
0.0,
0.0,
0.0,
0.0,
0.0,
0.0,
0.0,
0.0,
0.0,
0.0,
0.0,
0.0,
0.0,
0.0,
12.0,
8.0,
31.0,
255.0,
251.0,
168.0,
0.0,
0.0,
0.0,
0.0,
0.0,
0.0,
0.0,
0.0,
0.0,
0.0,
0.0,
0.0,
0.0,
0.0,
0.0,
0.0,
0.0,
0.0,
0.0,
0.0,
0.0,
22.0,
0.0,
12.0,
236.0,
250.0,
255.0,
162.0,
0.0,
0.0,
0.0,
0.0,
0.0,
0.0,
0.0,
0.0,
0.0,
0.0,
0.0,
0.0,
0.0,
0.0,
0.0,
0.0,
0.0,
0.0,
0.0,
0.0,
0.0,
0.0,
14.0,
117.0,
253.0,
255.0,
221.0,
51.0,
0.0,
0.0,
0.0,
0.0,
0.0,
0.0,
0.0,
0.0,
0.0,
0.0,
0.0,
0.0,
0.0,
0.0,
0.0,
0.0,
0.0,
0.0,
0.0,
0.0,
7.0,
1.0,
33.0,
233.0,
255.0,
250.0,
110.0,
0.0,
0.0,
0.0,
0.0,
0.0,
0.0,
0.0,
0.0,
0.0,
0.0,
0.0,
0.0,
0.0,
11.0,
0.0,
0.0,
11.0,
5.0,
0.0,
8.0,
0.0,
0.0,
8.0,
212.0,
255.0,
255.0,
216.0,
9.0,
0.0,
5.0,
0.0,
5.0,
6.0,
6.0,
0.0,
19.0,
0.0,
0.0,
0.0,
0.0,
0.0,
0.0,
0.0,
3.0,
4.0,
0.0,
0.0,
8.0,
0.0,
11.0,
126.0,
251.0,
250.0,
218.0,
15.0,
0.0,
2.0,
0.0,
1.0,
5.0,
0.0,
0.0,
8.0,
0.0,
8.0,
0.0,
0.0,
0.0,
0.0,
0.0,
5.0,
8.0,
1.0,
0.0,
3.0,
3.0,
0.0,
88.0,
254.0,
255.0,
255.0,
53.0,
0.0,
13.0,
0.0,
15.0,
144.0,
154.0,
139.0,
121.0,
15.0,
0.0,
0.0,
0.0,
0.0,
0.0,
0.0,
0.0,
5.0,
0.0,
0.0,
0.0,
9.0,
0.0,
4.0,
211.0,
240.0,
255.0,
172.0,
0.0,
0.0,
0.0,
50.0,
195.0,
250.0,
244.0,
255.0,
255.0,
58.0,
0.0,
5.0,
0.0,
0.0,
0.0,
0.0,
0.0,
0.0,
0.0,
1.0,
0.0,
3.0,
0.0,
61.0,
249.0,
255.0,
252.0,
53.0,
3.0,
0.0,
21.0,
182.0,
255.0,
242.0,
255.0,
247.0,
251.0,
170.0,
13.0,
0.0,
0.0,
0.0,
0.0,
0.0,
0.0,
2.0,
0.0,
8.0,
0.0,
0.0,
10.0,
139.0,
245.0,
255.0,
131.0,
8.0,
0.0,
28.0,
140.0,
247.0,
254.0,
255.0,
252.0,
255.0,
249.0,
247.0,
60.0,
2.0,
0.0,
0.0,
0.0,
0.0,
2.0,
7.0,
0.0,
10.0,
0.0,
0.0,
8.0,
160.0,
255.0,
226.0,
32.0,
0.0,
3.0,
9.0,
208.0,
252.0,
255.0,
231.0,
158.0,
247.0,
255.0,
158.0,
12.0,
0.0,
0.0,
0.0,
0.0,
0.0,
2.0,
5.0,
0.0,
2.0,
0.0,
2.0,
0.0,
128.0,
250.0,
255.0,
80.0,
1.0,
0.0,
33.0,
207.0,
255.0,
250.0,
251.0,
255.0,
249.0,
255.0,
123.0,
0.0,
8.0,
0.0,
0.0,
0.0,
0.0,
4.0,
0.0,
0.0,
3.0,
3.0,
0.0,
13.0,
53.0,
254.0,
244.0,
164.0,
0.0,
0.0,
33.0,
210.0,
255.0,
253.0,
255.0,
255.0,
255.0,
213.0,
49.0,
0.0,
0.0,
0.0,
0.0,
0.0,
0.0,
0.0,
1.0,
0.0,
3.0,
3.0,
0.0,
6.0,
35.0,
255.0,
253.0,
146.0,
27.0,
38.0,
109.0,
255.0,
252.0,
252.0,
255.0,
255.0,
139.0,
0.0,
8.0,
0.0,
9.0,
0.0,
0.0,
0.0,
0.0,
0.0,
3.0,
2.0,
1.0,
3.0,
0.0,
0.0,
13.0,
155.0,
252.0,
255.0,
247.0,
255.0,
255.0,
237.0,
255.0,
254.0,
235.0,
85.0,
14.0,
0.0,
2.0,
10.0,
0.0,
0.0,
0.0,
0.0,
0.0,
0.0,
4.0,
2.0,
0.0,
2.0,
1.0,
0.0,
0.0,
24.0,
227.0,
249.0,
242.0,
254.0,
255.0,
255.0,
251.0,
224.0,
52.0,
0.0,
0.0,
6.0,
0.0,
10.0,
2.0,
0.0,
0.0,
0.0,
0.0,
0.0,
5.0,
1.0,
0.0,
2.0,
4.0,
0.0,
0.0,
7.0,
41.0,
179.0,
255.0,
255.0,
253.0,
242.0,
255.0,
239.0,
58.0,
5.0,
7.0,
0.0,
0.0,
2.0,
11.0,
0.0,
0.0,
0.0,
0.0,
0.0,
5.0,
0.0,
0.0,
2.0,
3.0,
0.0,
2.0,
0.0,
3.0,
22.0,
52.0,
62.0,
68.0,
188.0,
246.0,
255.0,
141.0,
0.0,
4.0,
15.0,
1.0,
0.0,
0.0,
0.0,
0.0,
0.0,
0.0,
0.0,
3.0,
0.0,
0.0,
4.0,
0.0,
0.0,
4.0,
1.0,
0.0,
5.0,
0.0,
14.0,
0.0,
31.0,
175.0,
144.0,
16.0,
1.0,
13.0,
0.0,
18.0,
6.0,
0.0,
0.0,
0.0,
0.0,
0.0,
0.0,
2.0,
0.0,
1.0,
6.0,
0.0,
0.0,
3.0,
0.0,
11.0,
0.0,
0.0,
5.0,
9.0,
0.0,
7.0,
0.0,
2.0,
5.0,
0.0,
3.0,
0.0,
7.0,
0.0,
0.0,
0.0,
0.0,
0.0,
0.0,
0.0,
0.0,
0.0,
0.0,
0.0,
0.0,
0.0,
0.0,
0.0,
0.0,
0.0,
0.0,
0.0,
0.0,
0.0,
0.0,
0.0,
0.0,
0.0,
0.0,
0.0,
0.0,
0.0,
0.0,
0.0,
0.0,
0.0,
0.0,
0.0,
0.0,
0.0,
0.0,
0.0,
0.0,
0.0,
0.0,
0.0,
0.0,
0.0,
0.0,
0.0,
0.0,
0.0,
0.0,
0.0,
0.0,
0.0,
0.0,
0.0,
0.0,
0.0,
0.0,
0.0,
0.0,
0.0,
0.0,
0.0,
0.0,
0.0,
0.0,
0.0,
0.0,
0.0,
0.0,
0.0,
0.0,
0.0,
0.0,
0.0,
0.0,
0.0,
0.0,
0.0,
0.0,
0.0,
0.0,
0.0,
0.0,
0.0,
0.0,
0.0,
0.0,
0.0,
0.0,
0.0,
0.0,
0.0,
0.0,
0.0,
0.0,
0.0,
0.0,
0.0,
0.0,
0.0,
0.0,
0.0,
0.0,
0.0,
0.0,
0.0,
0.0,
0.0,
0.0,
0.0,
0.0,
0.0,
0.0,
0.0,
0.0,
0.0,
