0.0,
0.0,
0.0,
0.0,
0.0,
0.0,
0.0,
0.0,
9.0,
2.0,
0.0,
0.0,
2.0,
0.0,
2.0,
2.0,
0.0,
4.0,
0.0,
4.0,
13.0,
0.0,
0.0,
9.0,
0.0,
0.0,
0.0,
0.0,
0.0,
0.0,
0.0,
0.0,
0.0,
0.0,
0.0,
0.0,
0.0,
0.0,
0.0,
7.0,
4.0,
0.0,
0.0,
0.0,
0.0,
6.0,
24.0,
0.0,
0.0,
0.0,
20.0,
0.0,
0.0,
0.0,
0.0,
0.0,
0.0,
0.0,
0.0,
0.0,
0.0,
0.0,
0.0,
0.0,
2.0,
0.0,
1.0,
0.0,
0.0,
4.0,
10.0,
3.0,
17.0,
190.0,
138.0,
4.0,
6.0,
5.0,
10.0,
0.0,
0.0,
0.0,
0.0,
0.0,
0.0,
0.0,
0.0,
0.0,
0.0,
0.0,
0.0,
0.0,
8.0,
0.0,
4.0,
0.0,
0.0,
4.0,
7.0,
8.0,
66.0,
255.0,
93.0,
0.0,
0.0,
0.0,
0.0,
2.0,
0.0,
0.0,
0.0,
0.0,
0.0,
0.0,
0.0,
0.0,
0.0,
0.0,
0.0,
0.0,
1.0,
0.0,
9.0,
2.0,
1.0,
0.0,
0.0,
14.0,
239.0,
160.0,
0.0,
5.0,
2.0,
12.0,
12.0,
8.0,
0.0,
0.0,
0.0,
0.0,
0.0,
0.0,
0.0,
0.0,
0.0,
0.0,
0.0,
0.0,
0.0,
0.0,
4.0,
0.0,
5.0,
0.0,
8.0,
97.0,
250.0,
33.0,
0.0,
3.0,
0.0,
1.0,
0.0,
0.0,
0.0,
0.0,
0.0,
0.0,
0.0,
0.0,
0.0,
0.0,
0.0,
0.0,
0.0,
0.0,
1.0,
1.0,
0.0,
0.0,
4.0,
1.0,
44.0,
211.0,
100.0,
0.0,
20.0,
0.0,
4.0,
1.0,
0.0,
8.0,
0.0,
0.0,
0.0,
0.0,
0.0,
0.0,
0.0,
0.0,
0.0,
0.0,
0.0,
0.0,
0.0,
5.0,
7.0,
0.0,
10.0,
0.0,
51.0,
255.0,
31.0,
9.0,
0.0,
0.0,
8.0,
0.0,
3.0,
5.0,
0.0,
0.0,
0.0,
0.0,
0.0,
0.0,
0.0,
0.0,
0.0,
0.0,
0.0,
0.0,
0.0,
0.0,
3.0,
13.0,
0.0,
29.0,
233.0,
173.0,
0.0,
0.0,
5.0,
0.0,
0.0,
0.0,
0.0,
3.0,
0.0,
0.0,
0.0,
0.0,
0.0,
0.0,
0.0,
0.0,
0.0,
0.0,
0.0,
0.0,
0.0,
5.0,
0.0,
0.0,
11.0,
72.0,
243.0,
31.0,
10.0,
0.0,
6.0,
0.0,
0.0,
8.0,
0.0,
0.0,
0.0,
0.0,
0.0,
0.0,
0.0,
0.0,
0.0,
0.0,
0.0,
0.0,
0.0,
0.0,
0.0,
0.0,
15.0,
0.0,
0.0,
192.0,
155.0,
5.0,
0.0,
14.0,
0.0,
4.0,
22.0,
0.0,
4.0,
3.0,
0.0,
0.0,
0.0,
0.0,
0.0,
0.0,
0.0,
0.0,
0.0,
0.0,
0.0,
0.0,
0.0,
15.0,
0.0,
11.0,
67.0,
220.0,
55.0,
0.0,
0.0,
43.0,
144.0,
133.0,
13.0,
0.0,
1.0,
4.0,
0.0,
0.0,
0.0,
0.0,
0.0,
0.0,
0.0,
0.0,
0.0,
0.0,
0.0,
0.0,
2.0,
3.0,
0.0,
11.0,
203.0,
137.0,
0.0,
20.0,
149.0,
250.0,
255.0,
235.0,
76.0,
0.0,
5.0,
0.0,
0.0,
0.0,
0.0,
0.0,
0.0,
0.0,
0.0,
0.0,
0.0,
0.0,
0.0,
0.0,
13.0,
0.0,
7.0,
90.0,
228.0,
30.0,
37.0,
206.0,
250.0,
157.0,
240.0,
255.0,
74.0,
18.0,
0.0,
0.0,
0.0,
0.0,
0.0,
0.0,
0.0,
0.0,
0.0,
0.0,
0.0,
0.0,
0.0,
0.0,
0.0,
7.0,
19.0,
212.0,
141.0,
12.0,
162.0,
227.0,
39.0,
7.0,
143.0,
242.0,
69.0,
0.0,
0.0,
19.0,
0.0,
0.0,
0.0,
0.0,
0.0,
0.0,
0.0,
0.0,
0.0,
0.0,
0.0,
0.0,
0.0,
0.0,
107.0,
235.0,
50.0,
140.0,
183.0,
10.0,
0.0,
0.0,
193.0,
222.0,
3.0,
5.0,
9.0,
0.0,
0.0,
0.0,
0.0,
0.0,
0.0,
0.0,
0.0,
0.0,
0.0,
0.0,
0.0,
0.0,
7.0,
0.0,
150.0,
188.0,
91.0,
196.0,
9.0,
4.0,
8.0,
31.0,
251.0,
56.0,
0.0,
5.0,
14.0,
2.0,
0.0,
0.0,
0.0,
0.0,
0.0,
0.0,
0.0,
0.0,
0.0,
0.0,
0.0,
0.0,
3.0,
0.0,
246.0,
141.0,
190.0,
30.0,
0.0,
0.0,
26.0,
220.0,
185.0,
28.0,
7.0,
0.0,
0.0,
0.0,
0.0,
0.0,
0.0,
0.0,
0.0,
0.0,
0.0,
0.0,
0.0,
0.0,
0.0,
0.0,
0.0,
65.0,
250.0,
226.0,
127.0,
0.0,
0.0,
60.0,
208.0,
98.0,
0.0,
9.0,
0.0,
0.0,
7.0,
12.0,
0.0,
0.0,
0.0,
0.0,
0.0,
0.0,
0.0,
0.0,
0.0,
0.0,
0.0,
0.0,
0.0,
86.0,
244.0,
255.0,
77.0,
44.0,
118.0,
197.0,
47.0,
0.0,
18.0,
5.0,
0.0,
10.0,
0.0,
0.0,
0.0,
0.0,
0.0,
0.0,
0.0,
0.0,
0.0,
0.0,
0.0,
0.0,
0.0,
0.0,
0.0,
48.0,
230.0,
255.0,
252.0,
211.0,
167.0,
40.0,
4.0,
0.0,
0.0,
0.0,
17.0,
0.0,
0.0,
7.0,
0.0,
0.0,
0.0,
0.0,
0.0,
0.0,
0.0,
0.0,
0.0,
0.0,
0.0,
0.0,
2.0,
0.0,
114.0,
237.0,
247.0,
113.0,
0.0,
0.0,
0.0,
9.0,
7.0,
8.0,
0.0,
0.0,
7.0,
0.0,
0.0,
0.0,
0.0,
0.0,
0.0,
0.0,
0.0,
0.0,
0.0,
0.0,
0.0,
0.0,
0.0,
9.0,
0.0,
0.0,
4.0,
7.0,
0.0,
11.0,
2.0,
1.0,
0.0,
0.0,
6.0,
14.0,
0.0,
13.0,
0.0,
0.0,
0.0,
0.0,
0.0,
0.0,
0.0,
0.0,
0.0,
0.0,
0.0,
0.0,
0.0,
6.0,
0.0,
17.0,
0.0,
0.0,
7.0,
0.0,
6.0,
0.0,
8.0,
4.0,
0.0,
0.0,
13.0,
0.0,
0.0,
0.0,
0.0,
0.0,
0.0,
0.0,
0.0,
0.0,
0.0,
0.0,
0.0,
0.0,
0.0,
0.0,
0.0,
0.0,
0.0,
0.0,
0.0,
0.0,
0.0,
0.0,
0.0,
0.0,
0.0,
0.0,
0.0,
0.0,
0.0,
0.0,
0.0,
0.0,
0.0,
0.0,
0.0,
0.0,
0.0,
0.0,
0.0,
0.0,
0.0,
0.0,
0.0,
0.0,
0.0,
0.0,
0.0,
0.0,
0.0,
0.0,
0.0,
0.0,
0.0,
0.0,
0.0,
0.0,
0.0,
0.0,
0.0,
0.0,
0.0,
0.0,
0.0,
0.0,
0.0,
0.0,
0.0,
0.0,
0.0,
0.0,
0.0,
0.0,
0.0,
0.0,
0.0,
0.0,
0.0,
0.0,
0.0,
0.0,
0.0,
0.0,
0.0,
0.0,
0.0,
0.0,
0.0,
0.0,
0.0,
0.0,
0.0,
0.0,
0.0,
0.0,
0.0,
0.0,
0.0,
0.0,
0.0,
0.0,
0.0,
0.0,
0.0,
0.0,
0.0,
0.0,
0.0,
0.0,
0.0,
0.0,
0.0,
0.0,
0.0,
0.0,
0.0,
0.0,
