0.0,
0.0,
0.0,
0.0,
0.0,
0.0,
0.0,
0.0,
4.0,
0.0,
0.0,
1.0,
3.0,
0.0,
0.0,
3.0,
0.0,
6.0,
0.0,
0.0,
17.0,
7.0,
0.0,
1.0,
4.0,
0.0,
5.0,
0.0,
0.0,
0.0,
0.0,
0.0,
0.0,
0.0,
0.0,
0.0,
0.0,
0.0,
7.0,
8.0,
1.0,
0.0,
0.0,
0.0,
0.0,
6.0,
15.0,
4.0,
0.0,
0.0,
2.0,
11.0,
17.0,
0.0,
10.0,
2.0,
0.0,
0.0,
0.0,
0.0,
0.0,
0.0,
0.0,
0.0,
5.0,
1.0,
0.0,
0.0,
0.0,
5.0,
10.0,
11.0,
0.0,
0.0,
0.0,
0.0,
0.0,
9.0,
8.0,
0.0,
0.0,
33.0,
0.0,
0.0,
0.0,
0.0,
0.0,
0.0,
0.0,
0.0,
0.0,
0.0,
0.0,
0.0,
1.0,
0.0,
0.0,
2.0,
0.0,
0.0,
1.0,
3.0,
8.0,
5.0,
0.0,
0.0,
2.0,
0.0,
9.0,
2.0,
0.0,
8.0,
0.0,
0.0,
0.0,
0.0,
0.0,
0.0,
0.0,
0.0,
0.0,
5.0,
11.0,
6.0,
0.0,
0.0,
4.0,
8.0,
5.0,
0.0,
0.0,
9.0,
58.0,
122.0,
187.0,
232.0,
222.0,
193.0,
8.0,
0.0,
0.0,
0.0,
0.0,
0.0,
0.0,
0.0,
0.0,
0.0,
8.0,
1.0,
0.0,
0.0,
1.0,
0.0,
0.0,
0.0,
0.0,
1.0,
119.0,
229.0,
241.0,
255.0,
255.0,
181.0,
141.0,
58.0,
6.0,
3.0,
0.0,
0.0,
0.0,
0.0,
0.0,
0.0,
0.0,
0.0,
0.0,
0.0,
0.0,
6.0,
5.0,
0.0,
2.0,
16.0,
109.0,
240.0,
255.0,
231.0,
232.0,
132.0,
12.0,
14.0,
8.0,
8.0,
0.0,
0.0,
0.0,
0.0,
0.0,
0.0,
0.0,
0.0,
0.0,
0.0,
0.0,
1.0,
7.0,
0.0,
0.0,
21.0,
122.0,
222.0,
252.0,
250.0,
211.0,
107.0,
11.0,
2.0,
15.0,
0.0,
4.0,
0.0,
17.0,
3.0,
1.0,
7.0,
0.0,
0.0,
5.0,
0.0,
0.0,
0.0,
0.0,
7.0,
0.0,
8.0,
41.0,
196.0,
252.0,
251.0,
214.0,
96.0,
16.0,
3.0,
0.0,
0.0,
6.0,
2.0,
0.0,
0.0,
0.0,
0.0,
0.0,
0.0,
0.0,
5.0,
5.0,
0.0,
2.0,
5.0,
0.0,
0.0,
4.0,
69.0,
221.0,
255.0,
245.0,
122.0,
20.0,
0.0,
0.0,
5.0,
7.0,
9.0,
4.0,
0.0,
0.0,
0.0,
0.0,
0.0,
2.0,
0.0,
0.0,
5.0,
0.0,
0.0,
0.0,
5.0,
5.0,
0.0,
164.0,
227.0,
254.0,
189.0,
7.0,
10.0,
0.0,
0.0,
0.0,
0.0,
0.0,
0.0,
2.0,
2.0,
0.0,
0.0,
0.0,
0.0,
7.0,
0.0,
2.0,
0.0,
0.0,
0.0,
1.0,
0.0,
0.0,
180.0,
248.0,
228.0,
93.0,
1.0,
11.0,
0.0,
14.0,
7.0,
0.0,
2.0,
5.0,
0.0,
0.0,
6.0,
0.0,
0.0,
0.0,
0.0,
3.0,
0.0,
6.0,
0.0,
0.0,
10.0,
0.0,
0.0,
27.0,
228.0,
196.0,
47.0,
1.0,
0.0,
19.0,
0.0,
0.0,
0.0,
0.0,
5.0,
12.0,
1.0,
0.0,
0.0,
0.0,
0.0,
0.0,
0.0,
1.0,
0.0,
9.0,
0.0,
0.0,
1.0,
0.0,
27.0,
217.0,
255.0,
51.0,
0.0,
18.0,
0.0,
0.0,
12.0,
0.0,
0.0,
2.0,
0.0,
0.0,
0.0,
6.0,
3.0,
0.0,
0.0,
0.0,
0.0,
4.0,
0.0,
5.0,
0.0,
0.0,
0.0,
11.0,
126.0,
250.0,
180.0,
4.0,
11.0,
9.0,
2.0,
0.0,
0.0,
9.0,
0.0,
5.0,
3.0,
0.0,
1.0,
9.0,
0.0,
0.0,
0.0,
0.0,
0.0,
5.0,
0.0,
0.0,
0.0,
5.0,
0.0,
61.0,
244.0,
243.0,
8.0,
3.0,
0.0,
0.0,
39.0,
126.0,
129.0,
125.0,
57.0,
25.0,
21.0,
0.0,
0.0,
4.0,
1.0,
0.0,
0.0,
0.0,
0.0,
0.0,
12.0,
0.0,
0.0,
0.0,
10.0,
129.0,
255.0,
117.0,
5.0,
94.0,
148.0,
152.0,
243.0,
255.0,
250.0,
255.0,
242.0,
255.0,
213.0,
0.0,
9.0,
0.0,
12.0,
0.0,
0.0,
0.0,
0.0,
0.0,
3.0,
0.0,
3.0,
4.0,
0.0,
220.0,
224.0,
43.0,
159.0,
241.0,
255.0,
255.0,
239.0,
189.0,
172.0,
175.0,
239.0,
255.0,
240.0,
53.0,
3.0,
0.0,
7.0,
0.0,
0.0,
0.0,
0.0,
0.0,
0.0,
0.0,
5.0,
6.0,
0.0,
249.0,
237.0,
102.0,
255.0,
246.0,
69.0,
32.0,
29.0,
0.0,
7.0,
47.0,
248.0,
255.0,
244.0,
83.0,
0.0,
17.0,
0.0,
0.0,
0.0,
0.0,
0.0,
3.0,
4.0,
0.0,
0.0,
0.0,
14.0,
159.0,
255.0,
255.0,
232.0,
143.0,
6.0,
17.0,
89.0,
102.0,
172.0,
251.0,
255.0,
222.0,
77.0,
0.0,
20.0,
0.0,
0.0,
0.0,
0.0,
0.0,
0.0,
2.0,
4.0,
0.0,
0.0,
0.0,
10.0,
52.0,
194.0,
255.0,
241.0,
255.0,
252.0,
249.0,
255.0,
250.0,
247.0,
255.0,
149.0,
53.0,
0.0,
0.0,
0.0,
4.0,
0.0,
0.0,
0.0,
0.0,
0.0,
0.0,
0.0,
1.0,
4.0,
0.0,
0.0,
11.0,
46.0,
156.0,
223.0,
222.0,
173.0,
124.0,
118.0,
129.0,
79.0,
27.0,
0.0,
13.0,
10.0,
3.0,
1.0,
0.0,
1.0,
0.0,
0.0,
0.0,
0.0,
0.0,
0.0,
3.0,
2.0,
2.0,
0.0,
3.0,
0.0,
0.0,
12.0,
0.0,
4.0,
14.0,
0.0,
3.0,
0.0,
0.0,
15.0,
0.0,
0.0,
0.0,
0.0,
23.0,
0.0,
0.0,
0.0,
0.0,
0.0,
3.0,
0.0,
4.0,
0.0,
0.0,
6.0,
0.0,
11.0,
6.0,
0.0,
5.0,
0.0,
0.0,
1.0,
0.0,
7.0,
0.0,
0.0,
1.0,
0.0,
6.0,
8.0,
0.0,
1.0,
0.0,
0.0,
0.0,
0.0,
0.0,
0.0,
0.0,
0.0,
0.0,
0.0,
0.0,
0.0,
0.0,
0.0,
0.0,
0.0,
0.0,
0.0,
0.0,
0.0,
0.0,
0.0,
0.0,
0.0,
0.0,
0.0,
0.0,
0.0,
0.0,
0.0,
0.0,
0.0,
0.0,
0.0,
0.0,
0.0,
0.0,
0.0,
0.0,
0.0,
0.0,
0.0,
0.0,
0.0,
0.0,
0.0,
0.0,
0.0,
0.0,
0.0,
0.0,
0.0,
0.0,
0.0,
0.0,
0.0,
0.0,
0.0,
0.0,
0.0,
0.0,
0.0,
0.0,
0.0,
0.0,
0.0,
0.0,
0.0,
0.0,
0.0,
0.0,
0.0,
0.0,
0.0,
0.0,
0.0,
0.0,
0.0,
0.0,
0.0,
0.0,
0.0,
0.0,
0.0,
0.0,
0.0,
0.0,
0.0,
0.0,
0.0,
0.0,
0.0,
0.0,
0.0,
0.0,
0.0,
0.0,
0.0,
0.0,
0.0,
0.0,
0.0,
0.0,
0.0,
0.0,
0.0,
0.0,
0.0,
0.0,
0.0,
0.0,
0.0,
0.0,
0.0,
0.0,
0.0,
