0.0,
0.0,
3.0,
0.0,
0.0,
10.0,
0.0,
6.0,
0.0,
0.0,
13.0,
0.0,
0.0,
13.0,
0.0,
4.0,
0.0,
0.0,
0.0,
0.0,
0.0,
0.0,
0.0,
0.0,
0.0,
0.0,
0.0,
0.0,
0.0,
0.0,
3.0,
1.0,
0.0,
0.0,
0.0,
0.0,
7.0,
7.0,
0.0,
4.0,
9.0,
0.0,
5.0,
6.0,
0.0,
0.0,
0.0,
0.0,
0.0,
0.0,
0.0,
0.0,
0.0,
0.0,
0.0,
0.0,
0.0,
0.0,
0.0,
7.0,
0.0,
0.0,
4.0,
0.0,
0.0,
0.0,
68.0,
146.0,
245.0,
228.0,
55.0,
0.0,
0.0,
0.0,
0.0,
0.0,
0.0,
0.0,
0.0,
0.0,
0.0,
0.0,
0.0,
0.0,
0.0,
0.0,
0.0,
3.0,
0.0,
0.0,
15.0,
0.0,
7.0,
62.0,
177.0,
255.0,
253.0,
236.0,
172.0,
30.0,
0.0,
0.0,
0.0,
0.0,
0.0,
0.0,
0.0,
0.0,
0.0,
0.0,
0.0,
0.0,
0.0,
1.0,
0.0,
0.0,
0.0,
4.0,
6.0,
0.0,
34.0,
227.0,
255.0,
181.0,
88.0,
29.0,
14.0,
8.0,
0.0,
0.0,
0.0,
0.0,
0.0,
0.0,
0.0,
0.0,
0.0,
0.0,
0.0,
0.0,
0.0,
0.0,
4.0,
0.0,
0.0,
0.0,
0.0,
16.0,
210.0,
243.0,
162.0,
4.0,
0.0,
31.0,
0.0,
0.0,
0.0,
0.0,
0.0,
0.0,
0.0,
0.0,
0.0,
0.0,
0.0,
0.0,
0.0,
0.0,
3.0,
0.0,
9.0,
0.0,
0.0,
0.0,
0.0,
106.0,
251.0,
255.0,
102.0,
3.0,
10.0,
0.0,
0.0,
17.0,
0.0,
0.0,
0.0,
0.0,
0.0,
0.0,
0.0,
0.0,
0.0,
0.0,
0.0,
0.0,
10.0,
0.0,
10.0,
0.0,
0.0,
0.0,
23.0,
200.0,
251.0,
119.0,
11.0,
0.0,
3.0,
5.0,
6.0,
0.0,
0.0,
0.0,
0.0,
0.0,
0.0,
0.0,
0.0,
0.0,
0.0,
0.0,
0.0,
0.0,
0.0,
7.0,
0.0,
0.0,
9.0,
0.0,
105.0,
255.0,
250.0,
55.0,
4.0,
0.0,
9.0,
0.0,
2.0,
0.0,
0.0,
4.0,
0.0,
7.0,
5.0,
0.0,
0.0,
4.0,
5.0,
1.0,
0.0,
4.0,
0.0,
5.0,
0.0,
0.0,
9.0,
2.0,
135.0,
244.0,
246.0,
36.0,
0.0,
1.0,
10.0,
0.0,
7.0,
3.0,
4.0,
11.0,
24.0,
22.0,
0.0,
0.0,
13.0,
0.0,
0.0,
0.0,
0.0,
0.0,
0.0,
0.0,
0.0,
0.0,
5.0,
2.0,
173.0,
252.0,
190.0,
0.0,
26.0,
0.0,
1.0,
5.0,
21.0,
30.0,
138.0,
208.0,
245.0,
253.0,
220.0,
116.0,
33.0,
0.0,
0.0,
5.0,
2.0,
0.0,
3.0,
0.0,
0.0,
5.0,
0.0,
3.0,
207.0,
255.0,
95.0,
13.0,
0.0,
14.0,
5.0,
53.0,
184.0,
255.0,
247.0,
255.0,
255.0,
243.0,
231.0,
255.0,
228.0,
35.0,
0.0,
4.0,
7.0,
0.0,
2.0,
1.0,
1.0,
3.0,
0.0,
43.0,
239.0,
239.0,
44.0,
0.0,
16.0,
5.0,
135.0,
224.0,
255.0,
241.0,
255.0,
255.0,
255.0,
255.0,
255.0,
246.0,
248.0,
149.0,
0.0,
0.0,
0.0,
0.0,
0.0,
7.0,
3.0,
0.0,
0.0,
107.0,
255.0,
198.0,
0.0,
0.0,
0.0,
43.0,
248.0,
255.0,
244.0,
67.0,
39.0,
148.0,
147.0,
159.0,
255.0,
255.0,
255.0,
255.0,
38.0,
0.0,
0.0,
0.0,
0.0,
4.0,
0.0,
0.0,
0.0,
139.0,
255.0,
195.0,
9.0,
0.0,
109.0,
255.0,
239.0,
169.0,
11.0,
0.0,
4.0,
0.0,
0.0,
10.0,
11.0,
0.0,
165.0,
253.0,
102.0,
8.0,
2.0,
5.0,
6.0,
0.0,
0.0,
9.0,
0.0,
133.0,
250.0,
224.0,
33.0,
6.0,
222.0,
245.0,
183.0,
42.0,
0.0,
8.0,
4.0,
0.0,
1.0,
5.0,
0.0,
14.0,
198.0,
252.0,
135.0,
9.0,
0.0,
0.0,
0.0,
9.0,
0.0,
0.0,
6.0,
18.0,
237.0,
253.0,
135.0,
0.0,
231.0,
236.0,
0.0,
11.0,
3.0,
0.0,
0.0,
10.0,
0.0,
17.0,
0.0,
47.0,
255.0,
253.0,
49.0,
15.0,
0.0,
0.0,
0.0,
0.0,
0.0,
4.0,
4.0,
0.0,
154.0,
255.0,
227.0,
62.0,
231.0,
253.0,
13.0,
0.0,
0.0,
5.0,
15.0,
0.0,
0.0,
0.0,
40.0,
167.0,
248.0,
161.0,
17.0,
2.0,
0.0,
4.0,
0.0,
0.0,
0.0,
12.0,
0.0,
0.0,
52.0,
216.0,
244.0,
255.0,
254.0,
250.0,
161.0,
44.0,
0.0,
0.0,
0.0,
17.0,
4.0,
79.0,
215.0,
255.0,
159.0,
20.0,
0.0,
0.0,
0.0,
5.0,
0.0,
5.0,
0.0,
6.0,
0.0,
3.0,
0.0,
93.0,
255.0,
255.0,
239.0,
247.0,
255.0,
188.0,
87.0,
82.0,
92.0,
137.0,
202.0,
238.0,
255.0,
192.0,
0.0,
0.0,
0.0,
2.0,
4.0,
0.0,
0.0,
7.0,
0.0,
3.0,
0.0,
2.0,
0.0,
2.0,
63.0,
228.0,
255.0,
254.0,
255.0,
249.0,
255.0,
246.0,
241.0,
255.0,
249.0,
255.0,
167.0,
42.0,
9.0,
2.0,
1.0,
4.0,
2.0,
0.0,
0.0,
0.0,
0.0,
8.0,
0.0,
0.0,
14.0,
0.0,
5.0,
18.0,
132.0,
188.0,
234.0,
255.0,
243.0,
255.0,
255.0,
198.0,
131.0,
61.0,
0.0,
0.0,
0.0,
0.0,
0.0,
0.0,
0.0,
0.0,
1.0,
0.0,
0.0,
8.0,
0.0,
0.0,
8.0,
3.0,
0.0,
14.0,
0.0,
0.0,
26.0,
8.0,
0.0,
5.0,
0.0,
24.0,
2.0,
0.0,
11.0,
0.0,
11.0,
0.0,
0.0,
0.0,
0.0,
1.0,
0.0,
4.0,
0.0,
1.0,
0.0,
10.0,
0.0,
0.0,
13.0,
0.0,
15.0,
7.0,
0.0,
0.0,
4.0,
0.0,
14.0,
0.0,
8.0,
1.0,
1.0,
0.0,
2.0,
0.0,
7.0,
1.0,
0.0,
2.0,
0.0,
0.0,
0.0,
0.0,
0.0,
0.0,
0.0,
0.0,
0.0,
0.0,
0.0,
0.0,
0.0,
0.0,
0.0,
0.0,
0.0,
0.0,
0.0,
0.0,
0.0,
0.0,
0.0,
0.0,
0.0,
0.0,
0.0,
0.0,
0.0,
0.0,
0.0,
0.0,
0.0,
0.0,
0.0,
0.0,
0.0,
0.0,
0.0,
0.0,
0.0,
0.0,
0.0,
0.0,
0.0,
0.0,
0.0,
0.0,
0.0,
0.0,
0.0,
0.0,
0.0,
0.0,
0.0,
0.0,
0.0,
0.0,
0.0,
0.0,
0.0,
0.0,
0.0,
0.0,
0.0,
0.0,
0.0,
0.0,
0.0,
0.0,
0.0,
0.0,
0.0,
0.0,
0.0,
0.0,
0.0,
0.0,
0.0,
0.0,
0.0,
0.0,
0.0,
0.0,
0.0,
0.0,
0.0,
0.0,
0.0,
0.0,
0.0,
0.0,
0.0,
0.0,
0.0,
0.0,
0.0,
0.0,
0.0,
0.0,
0.0,
0.0,
0.0,
0.0,
0.0,
0.0,
0.0,
0.0,
0.0,
0.0,
0.0,
0.0,
