0.0,
0.0,
0.0,
0.0,
0.0,
0.0,
0.0,
0.0,
0.0,
2.0,
0.0,
0.0,
3.0,
0.0,
0.0,
1.0,
0.0,
0.0,
18.0,
6.0,
0.0,
0.0,
5.0,
0.0,
0.0,
0.0,
0.0,
6.0,
0.0,
0.0,
0.0,
0.0,
0.0,
0.0,
0.0,
0.0,
1.0,
4.0,
0.0,
0.0,
0.0,
7.0,
9.0,
1.0,
5.0,
3.0,
0.0,
0.0,
6.0,
5.0,
0.0,
23.0,
2.0,
16.0,
0.0,
0.0,
0.0,
0.0,
0.0,
0.0,
0.0,
0.0,
0.0,
0.0,
0.0,
0.0,
4.0,
3.0,
0.0,
1.0,
3.0,
0.0,
0.0,
13.0,
0.0,
6.0,
8.0,
0.0,
15.0,
0.0,
0.0,
10.0,
0.0,
0.0,
0.0,
0.0,
0.0,
0.0,
0.0,
0.0,
0.0,
0.0,
0.0,
0.0,
5.0,
16.0,
1.0,
0.0,
0.0,
3.0,
6.0,
0.0,
0.0,
12.0,
41.0,
255.0,
252.0,
238.0,
49.0,
1.0,
1.0,
4.0,
0.0,
0.0,
0.0,
0.0,
0.0,
0.0,
0.0,
0.0,
3.0,
0.0,
0.0,
0.0,
0.0,
0.0,
6.0,
8.0,
0.0,
0.0,
54.0,
138.0,
235.0,
247.0,
225.0,
255.0,
184.0,
11.0,
0.0,
0.0,
0.0,
0.0,
0.0,
0.0,
0.0,
0.0,
0.0,
0.0,
0.0,
9.0,
0.0,
0.0,
1.0,
10.0,
0.0,
0.0,
23.0,
51.0,
243.0,
252.0,
201.0,
83.0,
34.0,
144.0,
194.0,
9.0,
0.0,
7.0,
0.0,
0.0,
0.0,
0.0,
0.0,
0.0,
0.0,
0.0,
0.0,
11.0,
2.0,
0.0,
10.0,
0.0,
0.0,
20.0,
74.0,
227.0,
255.0,
234.0,
4.0,
10.0,
0.0,
4.0,
78.0,
0.0,
4.0,
13.0,
0.0,
0.0,
0.0,
0.0,
0.0,
0.0,
0.0,
0.0,
0.0,
8.0,
0.0,
2.0,
11.0,
0.0,
13.0,
123.0,
245.0,
250.0,
136.0,
52.0,
0.0,
0.0,
5.0,
0.0,
0.0,
3.0,
0.0,
0.0,
0.0,
0.0,
0.0,
0.0,
0.0,
0.0,
0.0,
0.0,
8.0,
0.0,
0.0,
0.0,
11.0,
0.0,
68.0,
221.0,
255.0,
151.0,
8.0,
0.0,
7.0,
0.0,
16.0,
0.0,
0.0,
0.0,
0.0,
0.0,
0.0,
0.0,
0.0,
0.0,
0.0,
0.0,
0.0,
0.0,
0.0,
14.0,
11.0,
0.0,
14.0,
67.0,
227.0,
255.0,
104.0,
5.0,
0.0,
15.0,
0.0,
0.0,
13.0,
3.0,
0.0,
0.0,
0.0,
0.0,
0.0,
0.0,
0.0,
0.0,
0.0,
0.0,
0.0,
0.0,
0.0,
0.0,
0.0,
0.0,
87.0,
234.0,
255.0,
149.0,
8.0,
0.0,
6.0,
4.0,
7.0,
4.0,
0.0,
0.0,
0.0,
0.0,
0.0,
0.0,
0.0,
0.0,
0.0,
0.0,
0.0,
0.0,
0.0,
0.0,
3.0,
13.0,
1.0,
83.0,
254.0,
245.0,
193.0,
0.0,
0.0,
16.0,
7.0,
0.0,
3.0,
12.0,
0.0,
4.0,
0.0,
0.0,
0.0,
0.0,
0.0,
0.0,
0.0,
0.0,
0.0,
0.0,
0.0,
0.0,
0.0,
0.0,
16.0,
226.0,
247.0,
217.0,
13.0,
2.0,
6.0,
0.0,
0.0,
8.0,
0.0,
0.0,
8.0,
4.0,
0.0,
0.0,
0.0,
0.0,
0.0,
0.0,
0.0,
0.0,
0.0,
0.0,
0.0,
0.0,
5.0,
21.0,
153.0,
255.0,
218.0,
54.0,
12.0,
0.0,
0.0,
0.0,
0.0,
14.0,
6.0,
0.0,
2.0,
0.0,
0.0,
0.0,
0.0,
0.0,
0.0,
0.0,
0.0,
0.0,
0.0,
0.0,
0.0,
0.0,
0.0,
129.0,
255.0,
239.0,
127.0,
49.0,
40.0,
40.0,
7.0,
4.0,
0.0,
0.0,
2.0,
8.0,
0.0,
2.0,
0.0,
0.0,
0.0,
0.0,
0.0,
0.0,
0.0,
0.0,
0.0,
0.0,
0.0,
0.0,
36.0,
232.0,
246.0,
255.0,
222.0,
252.0,
244.0,
228.0,
119.0,
3.0,
7.0,
9.0,
0.0,
6.0,
0.0,
6.0,
0.0,
0.0,
0.0,
0.0,
0.0,
0.0,
0.0,
0.0,
0.0,
0.0,
0.0,
0.0,
142.0,
253.0,
246.0,
203.0,
156.0,
174.0,
208.0,
255.0,
255.0,
102.0,
0.0,
0.0,
15.0,
0.0,
0.0,
3.0,
0.0,
0.0,
0.0,
0.0,
0.0,
0.0,
0.0,
0.0,
0.0,
0.0,
0.0,
0.0,
158.0,
243.0,
255.0,
36.0,
8.0,
0.0,
92.0,
255.0,
235.0,
12.0,
0.0,
11.0,
0.0,
6.0,
5.0,
6.0,
0.0,
0.0,
0.0,
0.0,
0.0,
0.0,
0.0,
0.0,
0.0,
0.0,
0.0,
0.0,
171.0,
255.0,
241.0,
15.0,
10.0,
0.0,
190.0,
245.0,
255.0,
166.0,
19.0,
0.0,
17.0,
3.0,
0.0,
0.0,
0.0,
0.0,
0.0,
0.0,
0.0,
0.0,
0.0,
0.0,
0.0,
0.0,
0.0,
0.0,
147.0,
245.0,
255.0,
31.0,
0.0,
79.0,
232.0,
251.0,
254.0,
33.0,
0.0,
11.0,
0.0,
0.0,
13.0,
1.0,
0.0,
0.0,
0.0,
0.0,
0.0,
0.0,
0.0,
0.0,
0.0,
0.0,
0.0,
0.0,
140.0,
255.0,
243.0,
80.0,
82.0,
213.0,
255.0,
241.0,
138.0,
16.0,
0.0,
11.0,
13.0,
2.0,
0.0,
5.0,
0.0,
0.0,
0.0,
0.0,
0.0,
0.0,
0.0,
0.0,
0.0,
0.0,
0.0,
0.0,
15.0,
180.0,
255.0,
255.0,
255.0,
255.0,
244.0,
144.0,
0.0,
6.0,
0.0,
0.0,
0.0,
0.0,
23.0,
0.0,
0.0,
0.0,
0.0,
0.0,
0.0,
0.0,
0.0,
0.0,
0.0,
0.0,
0.0,
0.0,
7.0,
36.0,
188.0,
240.0,
249.0,
225.0,
120.0,
2.0,
16.0,
0.0,
20.0,
7.0,
0.0,
5.0,
0.0,
13.0,
0.0,
0.0,
0.0,
0.0,
0.0,
0.0,
0.0,
0.0,
0.0,
0.0,
0.0,
0.0,
0.0,
0.0,
0.0,
1.0,
12.0,
0.0,
4.0,
0.0,
0.0,
10.0,
0.0,
0.0,
7.0,
7.0,
0.0,
0.0,
0.0,
0.0,
0.0,
0.0,
0.0,
0.0,
0.0,
0.0,
0.0,
0.0,
0.0,
0.0,
0.0,
0.0,
0.0,
0.0,
0.0,
0.0,
0.0,
0.0,
0.0,
0.0,
0.0,
0.0,
0.0,
0.0,
0.0,
0.0,
0.0,
0.0,
0.0,
0.0,
0.0,
0.0,
0.0,
0.0,
0.0,
0.0,
0.0,
0.0,
0.0,
0.0,
0.0,
0.0,
0.0,
0.0,
0.0,
0.0,
0.0,
0.0,
0.0,
0.0,
0.0,
0.0,
0.0,
0.0,
0.0,
0.0,
0.0,
0.0,
0.0,
0.0,
0.0,
0.0,
0.0,
0.0,
0.0,
0.0,
0.0,
0.0,
0.0,
0.0,
0.0,
0.0,
0.0,
0.0,
0.0,
0.0,
0.0,
0.0,
0.0,
0.0,
0.0,
0.0,
0.0,
0.0,
0.0,
0.0,
0.0,
0.0,
0.0,
0.0,
0.0,
0.0,
0.0,
0.0,
0.0,
0.0,
0.0,
0.0,
0.0,
0.0,
0.0,
0.0,
0.0,
0.0,
0.0,
0.0,
0.0,
0.0,
0.0,
0.0,
0.0,
0.0,
0.0,
0.0,
