0.0,
0.0,
0.0,
0.0,
0.0,
0.0,
0.0,
0.0,
8.0,
0.0,
7.0,
7.0,
0.0,
0.0,
14.0,
0.0,
0.0,
4.0,
2.0,
4.0,
3.0,
0.0,
2.0,
1.0,
0.0,
0.0,
0.0,
0.0,
0.0,
0.0,
0.0,
0.0,
0.0,
0.0,
0.0,
0.0,
0.0,
4.0,
0.0,
2.0,
11.0,
0.0,
4.0,
0.0,
5.0,
0.0,
0.0,
3.0,
0.0,
0.0,
0.0,
0.0,
0.0,
0.0,
0.0,
0.0,
0.0,
0.0,
0.0,
0.0,
0.0,
0.0,
0.0,
0.0,
0.0,
2.0,
3.0,
0.0,
0.0,
1.0,
0.0,
2.0,
11.0,
36.0,
238.0,
255.0,
82.0,
0.0,
10.0,
1.0,
0.0,
0.0,
0.0,
0.0,
0.0,
0.0,
0.0,
0.0,
0.0,
0.0,
0.0,
0.0,
0.0,
0.0,
16.0,
0.0,
0.0,
0.0,
0.0,
94.0,
215.0,
255.0,
246.0,
239.0,
153.0,
14.0,
0.0,
2.0,
0.0,
0.0,
0.0,
0.0,
0.0,
0.0,
0.0,
0.0,
0.0,
0.0,
0.0,
0.0,
1.0,
3.0,
0.0,
0.0,
13.0,
0.0,
59.0,
232.0,
255.0,
250.0,
255.0,
191.0,
31.0,
0.0,
0.0,
0.0,
0.0,
0.0,
0.0,
0.0,
0.0,
0.0,
0.0,
0.0,
0.0,
0.0,
0.0,
0.0,
3.0,
7.0,
0.0,
9.0,
0.0,
32.0,
205.0,
255.0,
249.0,
251.0,
235.0,
84.0,
0.0,
4.0,
0.0,
17.0,
0.0,
0.0,
0.0,
0.0,
0.0,
0.0,
0.0,
0.0,
0.0,
0.0,
0.0,
0.0,
1.0,
3.0,
3.0,
7.0,
15.0,
143.0,
255.0,
235.0,
251.0,
255.0,
69.0,
5.0,
21.0,
0.0,
6.0,
0.0,
0.0,
0.0,
0.0,
0.0,
0.0,
0.0,
0.0,
0.0,
0.0,
0.0,
0.0,
0.0,
0.0,
1.0,
3.0,
0.0,
123.0,
252.0,
238.0,
255.0,
203.0,
53.0,
6.0,
0.0,
0.0,
5.0,
0.0,
11.0,
0.0,
0.0,
0.0,
0.0,
0.0,
7.0,
6.0,
0.0,
0.0,
0.0,
0.0,
0.0,
0.0,
3.0,
0.0,
56.0,
225.0,
255.0,
231.0,
255.0,
155.0,
5.0,
0.0,
10.0,
1.0,
0.0,
1.0,
0.0,
0.0,
0.0,
0.0,
0.0,
2.0,
0.0,
0.0,
3.0,
8.0,
6.0,
0.0,
0.0,
5.0,
0.0,
23.0,
229.0,
246.0,
254.0,
255.0,
152.0,
13.0,
3.0,
2.0,
0.0,
0.0,
7.0,
6.0,
13.0,
0.0,
0.0,
0.0,
0.0,
8.0,
0.0,
0.0,
4.0,
2.0,
0.0,
0.0,
0.0,
16.0,
0.0,
144.0,
255.0,
251.0,
244.0,
245.0,
61.0,
0.0,
12.0,
0.0,
0.0,
6.0,
0.0,
0.0,
0.0,
0.0,
0.0,
0.0,
0.0,
2.0,
0.0,
1.0,
3.0,
0.0,
0.0,
2.0,
4.0,
0.0,
117.0,
252.0,
255.0,
248.0,
255.0,
73.0,
4.0,
1.0,
5.0,
3.0,
0.0,
0.0,
0.0,
23.0,
0.0,
0.0,
0.0,
0.0,
0.0,
0.0,
0.0,
4.0,
1.0,
0.0,
1.0,
7.0,
5.0,
25.0,
228.0,
255.0,
255.0,
254.0,
167.0,
0.0,
1.0,
0.0,
0.0,
57.0,
116.0,
141.0,
20.0,
6.0,
0.0,
0.0,
0.0,
0.0,
0.0,
0.0,
6.0,
0.0,
0.0,
6.0,
3.0,
0.0,
0.0,
164.0,
241.0,
252.0,
249.0,
180.0,
25.0,
0.0,
9.0,
30.0,
120.0,
234.0,
255.0,
255.0,
75.0,
3.0,
12.0,
0.0,
0.0,
0.0,
0.0,
2.0,
9.0,
0.0,
0.0,
9.0,
0.0,
0.0,
37.0,
251.0,
255.0,
252.0,
255.0,
47.0,
0.0,
18.0,
74.0,
186.0,
252.0,
255.0,
225.0,
255.0,
253.0,
124.0,
0.0,
0.0,
0.0,
0.0,
0.0,
0.0,
5.0,
0.0,
0.0,
11.0,
0.0,
14.0,
115.0,
239.0,
255.0,
246.0,
167.0,
0.0,
20.0,
188.0,
255.0,
255.0,
247.0,
255.0,
255.0,
250.0,
255.0,
135.0,
7.0,
0.0,
0.0,
0.0,
0.0,
0.0,
10.0,
3.0,
2.0,
0.0,
3.0,
0.0,
159.0,
254.0,
251.0,
236.0,
17.0,
4.0,
188.0,
254.0,
249.0,
251.0,
252.0,
255.0,
250.0,
255.0,
254.0,
149.0,
0.0,
0.0,
0.0,
0.0,
0.0,
3.0,
7.0,
0.0,
0.0,
0.0,
2.0,
20.0,
218.0,
255.0,
238.0,
206.0,
7.0,
177.0,
242.0,
255.0,
255.0,
252.0,
255.0,
232.0,
255.0,
255.0,
176.0,
37.0,
4.0,
0.0,
0.0,
0.0,
0.0,
1.0,
0.0,
0.0,
5.0,
0.0,
0.0,
19.0,
210.0,
253.0,
255.0,
248.0,
222.0,
240.0,
255.0,
239.0,
255.0,
255.0,
255.0,
255.0,
242.0,
211.0,
56.0,
0.0,
0.0,
0.0,
0.0,
0.0,
0.0,
0.0,
0.0,
1.0,
12.0,
4.0,
0.0,
1.0,
141.0,
249.0,
234.0,
255.0,
255.0,
237.0,
244.0,
255.0,
249.0,
249.0,
230.0,
255.0,
228.0,
16.0,
0.0,
15.0,
0.0,
0.0,
0.0,
0.0,
0.0,
4.0,
1.0,
0.0,
0.0,
0.0,
1.0,
0.0,
80.0,
255.0,
255.0,
255.0,
237.0,
255.0,
242.0,
255.0,
249.0,
255.0,
219.0,
130.0,
8.0,
11.0,
0.0,
11.0,
0.0,
0.0,
0.0,
0.0,
0.0,
4.0,
4.0,
0.0,
0.0,
0.0,
6.0,
0.0,
19.0,
65.0,
202.0,
247.0,
255.0,
178.0,
126.0,
108.0,
141.0,
14.0,
15.0,
0.0,
15.0,
0.0,
7.0,
0.0,
0.0,
0.0,
0.0,
0.0,
0.0,
0.0,
0.0,
5.0,
0.0,
3.0,
4.0,
0.0,
0.0,
13.0,
9.0,
3.0,
0.0,
0.0,
0.0,
15.0,
0.0,
4.0,
0.0,
0.0,
0.0,
12.0,
0.0,
0.0,
16.0,
0.0,
0.0,
0.0,
0.0,
0.0,
0.0,
2.0,
0.0,
1.0,
4.0,
4.0,
4.0,
1.0,
0.0,
5.0,
1.0,
2.0,
0.0,
10.0,
0.0,
0.0,
7.0,
3.0,
0.0,
0.0,
8.0,
0.0,
0.0,
0.0,
0.0,
0.0,
0.0,
0.0,
0.0,
0.0,
0.0,
0.0,
0.0,
0.0,
0.0,
0.0,
0.0,
0.0,
0.0,
0.0,
0.0,
0.0,
0.0,
0.0,
0.0,
0.0,
0.0,
0.0,
0.0,
0.0,
0.0,
0.0,
0.0,
0.0,
0.0,
0.0,
0.0,
0.0,
0.0,
0.0,
0.0,
0.0,
0.0,
0.0,
0.0,
0.0,
0.0,
0.0,
0.0,
0.0,
0.0,
0.0,
0.0,
0.0,
0.0,
0.0,
0.0,
0.0,
0.0,
0.0,
0.0,
0.0,
0.0,
0.0,
0.0,
0.0,
0.0,
0.0,
0.0,
0.0,
0.0,
0.0,
0.0,
0.0,
0.0,
0.0,
0.0,
0.0,
0.0,
0.0,
0.0,
0.0,
0.0,
0.0,
0.0,
0.0,
0.0,
0.0,
0.0,
0.0,
0.0,
0.0,
0.0,
0.0,
0.0,
0.0,
0.0,
0.0,
0.0,
0.0,
0.0,
0.0,
0.0,
0.0,
0.0,
0.0,
0.0,
0.0,
0.0,
0.0,
0.0,
0.0,
0.0,
0.0,
0.0,
0.0,
0.0,
0.0,
0.0,
