0.0,
0.0,
0.0,
0.0,
0.0,
0.0,
0.0,
0.0,
0.0,
5.0,
0.0,
0.0,
10.0,
8.0,
0.0,
2.0,
8.0,
8.0,
0.0,
1.0,
10.0,
0.0,
0.0,
5.0,
0.0,
0.0,
0.0,
0.0,
0.0,
0.0,
0.0,
0.0,
0.0,
0.0,
0.0,
0.0,
0.0,
3.0,
0.0,
3.0,
0.0,
0.0,
5.0,
1.0,
0.0,
0.0,
8.0,
0.0,
1.0,
6.0,
18.0,
0.0,
0.0,
0.0,
0.0,
0.0,
0.0,
0.0,
0.0,
0.0,
0.0,
0.0,
0.0,
0.0,
1.0,
4.0,
0.0,
4.0,
0.0,
0.0,
10.0,
0.0,
88.0,
228.0,
19.0,
9.0,
14.0,
1.0,
0.0,
0.0,
0.0,
0.0,
0.0,
0.0,
0.0,
0.0,
0.0,
0.0,
0.0,
0.0,
0.0,
0.0,
0.0,
4.0,
4.0,
0.0,
5.0,
9.0,
0.0,
5.0,
163.0,
250.0,
47.0,
0.0,
0.0,
0.0,
10.0,
7.0,
0.0,
0.0,
0.0,
0.0,
0.0,
0.0,
0.0,
0.0,
0.0,
0.0,
0.0,
0.0,
1.0,
0.0,
8.0,
0.0,
10.0,
2.0,
0.0,
81.0,
246.0,
255.0,
54.0,
9.0,
7.0,
0.0,
1.0,
0.0,
0.0,
0.0,
0.0,
0.0,
0.0,
0.0,
0.0,
0.0,
0.0,
0.0,
0.0,
0.0,
6.0,
0.0,
3.0,
1.0,
5.0,
0.0,
23.0,
187.0,
243.0,
230.0,
0.0,
1.0,
12.0,
1.0,
0.0,
4.0,
0.0,
0.0,
0.0,
0.0,
0.0,
0.0,
0.0,
0.0,
0.0,
0.0,
0.0,
0.0,
4.0,
0.0,
0.0,
5.0,
0.0,
12.0,
121.0,
249.0,
255.0,
56.0,
27.0,
0.0,
0.0,
0.0,
10.0,
0.0,
0.0,
0.0,
0.0,
0.0,
0.0,
0.0,
0.0,
0.0,
0.0,
0.0,
0.0,
0.0,
0.0,
11.0,
0.0,
3.0,
0.0,
57.0,
215.0,
255.0,
153.0,
0.0,
0.0,
12.0,
0.0,
0.0,
0.0,
3.0,
0.0,
0.0,
0.0,
0.0,
0.0,
0.0,
0.0,
0.0,
0.0,
0.0,
0.0,
0.0,
0.0,
4.0,
0.0,
12.0,
27.0,
221.0,
255.0,
184.0,
15.0,
0.0,
0.0,
7.0,
11.0,
0.0,
0.0,
7.0,
0.0,
0.0,
0.0,
0.0,
0.0,
0.0,
0.0,
0.0,
0.0,
0.0,
0.0,
0.0,
0.0,
0.0,
7.0,
1.0,
197.0,
254.0,
250.0,
59.0,
0.0,
9.0,
12.0,
0.0,
0.0,
2.0,
9.0,
0.0,
0.0,
0.0,
0.0,
0.0,
0.0,
0.0,
0.0,
0.0,
0.0,
0.0,
0.0,
0.0,
5.0,
0.0,
0.0,
144.0,
249.0,
248.0,
74.0,
2.0,
1.0,
0.0,
0.0,
10.0,
1.0,
0.0,
3.0,
12.0,
0.0,
0.0,
0.0,
0.0,
0.0,
0.0,
0.0,
0.0,
0.0,
0.0,
0.0,
0.0,
0.0,
13.0,
60.0,
255.0,
255.0,
80.0,
3.0,
1.0,
7.0,
0.0,
1.0,
0.0,
0.0,
0.0,
0.0,
0.0,
0.0,
0.0,
0.0,
0.0,
0.0,
0.0,
0.0,
0.0,
0.0,
0.0,
0.0,
0.0,
0.0,
29.0,
229.0,
255.0,
208.0,
19.0,
0.0,
3.0,
4.0,
0.0,
0.0,
7.0,
19.0,
15.0,
0.0,
8.0,
0.0,
0.0,
0.0,
0.0,
0.0,
0.0,
0.0,
0.0,
0.0,
0.0,
0.0,
0.0,
0.0,
164.0,
250.0,
255.0,
57.0,
1.0,
0.0,
0.0,
34.0,
60.0,
136.0,
207.0,
232.0,
141.0,
7.0,
0.0,
0.0,
0.0,
0.0,
0.0,
0.0,
0.0,
0.0,
0.0,
0.0,
0.0,
0.0,
0.0,
70.0,
224.0,
255.0,
142.0,
0.0,
3.0,
0.0,
99.0,
206.0,
254.0,
255.0,
233.0,
255.0,
253.0,
87.0,
2.0,
0.0,
0.0,
0.0,
0.0,
0.0,
0.0,
0.0,
0.0,
0.0,
0.0,
0.0,
0.0,
136.0,
255.0,
252.0,
8.0,
4.0,
7.0,
88.0,
229.0,
253.0,
255.0,
200.0,
151.0,
243.0,
255.0,
88.0,
1.0,
0.0,
0.0,
0.0,
0.0,
2.0,
0.0,
4.0,
0.0,
5.0,
2.0,
0.0,
68.0,
255.0,
254.0,
113.0,
2.0,
1.0,
77.0,
252.0,
247.0,
227.0,
122.0,
0.0,
26.0,
238.0,
251.0,
105.0,
0.0,
0.0,
0.0,
0.0,
0.0,
4.0,
0.0,
2.0,
0.0,
6.0,
0.0,
0.0,
88.0,
249.0,
219.0,
0.0,
1.0,
11.0,
186.0,
255.0,
238.0,
67.0,
8.0,
28.0,
236.0,
255.0,
174.0,
10.0,
0.0,
0.0,
0.0,
0.0,
0.0,
5.0,
0.0,
0.0,
0.0,
6.0,
0.0,
5.0,
97.0,
255.0,
255.0,
0.0,
0.0,
0.0,
85.0,
228.0,
223.0,
23.0,
103.0,
255.0,
255.0,
228.0,
37.0,
0.0,
0.0,
0.0,
0.0,
0.0,
0.0,
2.0,
0.0,
2.0,
0.0,
3.0,
0.0,
4.0,
73.0,
249.0,
225.0,
143.0,
64.0,
96.0,
148.0,
217.0,
255.0,
255.0,
255.0,
242.0,
203.0,
32.0,
12.0,
5.0,
4.0,
0.0,
0.0,
0.0,
0.0,
0.0,
2.0,
4.0,
0.0,
0.0,
0.0,
0.0,
27.0,
206.0,
242.0,
254.0,
251.0,
255.0,
255.0,
239.0,
255.0,
215.0,
171.0,
85.0,
7.0,
22.0,
0.0,
0.0,
3.0,
0.0,
0.0,
0.0,
0.0,
0.0,
4.0,
3.0,
0.0,
0.0,
1.0,
0.0,
0.0,
0.0,
122.0,
151.0,
245.0,
248.0,
174.0,
169.0,
115.0,
0.0,
0.0,
2.0,
0.0,
0.0,
0.0,
4.0,
0.0,
0.0,
0.0,
0.0,
0.0,
0.0,
2.0,
0.0,
0.0,
2.0,
0.0,
0.0,
0.0,
8.0,
0.0,
10.0,
0.0,
13.0,
7.0,
2.0,
0.0,
6.0,
6.0,
0.0,
5.0,
11.0,
0.0,
0.0,
18.0,
0.0,
0.0,
0.0,
0.0,
1.0,
0.0,
0.0,
3.0,
5.0,
0.0,
3.0,
5.0,
0.0,
0.0,
4.0,
6.0,
0.0,
5.0,
0.0,
0.0,
0.0,
0.0,
10.0,
2.0,
0.0,
0.0,
12.0,
0.0,
0.0,
0.0,
0.0,
0.0,
0.0,
0.0,
0.0,
0.0,
0.0,
0.0,
0.0,
0.0,
0.0,
0.0,
0.0,
0.0,
0.0,
0.0,
0.0,
0.0,
0.0,
0.0,
0.0,
0.0,
0.0,
0.0,
0.0,
0.0,
0.0,
0.0,
0.0,
0.0,
0.0,
0.0,
0.0,
0.0,
0.0,
0.0,
0.0,
0.0,
0.0,
0.0,
0.0,
0.0,
0.0,
0.0,
0.0,
0.0,
0.0,
0.0,
0.0,
0.0,
0.0,
0.0,
0.0,
0.0,
0.0,
0.0,
0.0,
0.0,
0.0,
0.0,
0.0,
0.0,
0.0,
0.0,
0.0,
0.0,
0.0,
0.0,
0.0,
0.0,
0.0,
0.0,
0.0,
0.0,
0.0,
0.0,
0.0,
0.0,
0.0,
0.0,
0.0,
0.0,
0.0,
0.0,
0.0,
0.0,
0.0,
0.0,
0.0,
0.0,
0.0,
0.0,
0.0,
0.0,
0.0,
0.0,
0.0,
0.0,
0.0,
0.0,
0.0,
0.0,
0.0,
0.0,
0.0,
0.0,
0.0,
0.0,
0.0,
0.0,
0.0,
0.0,
0.0,
0.0,
