0.0,
0.0,
0.0,
0.0,
0.0,
0.0,
0.0,
0.0,
0.0,
0.0,
0.0,
11.0,
0.0,
0.0,
5.0,
7.0,
0.0,
6.0,
0.0,
0.0,
12.0,
2.0,
0.0,
8.0,
0.0,
0.0,
0.0,
0.0,
0.0,
0.0,
0.0,
0.0,
0.0,
0.0,
0.0,
0.0,
0.0,
17.0,
0.0,
0.0,
0.0,
3.0,
0.0,
0.0,
0.0,
42.0,
207.0,
128.0,
0.0,
20.0,
6.0,
1.0,
0.0,
0.0,
0.0,
0.0,
0.0,
0.0,
0.0,
0.0,
0.0,
0.0,
0.0,
0.0,
0.0,
2.0,
1.0,
0.0,
12.0,
6.0,
0.0,
8.0,
13.0,
0.0,
124.0,
151.0,
23.0,
0.0,
4.0,
0.0,
0.0,
0.0,
0.0,
0.0,
0.0,
0.0,
0.0,
0.0,
0.0,
0.0,
0.0,
0.0,
4.0,
0.0,
8.0,
0.0,
0.0,
0.0,
1.0,
0.0,
32.0,
104.0,
73.0,
32.0,
31.0,
14.0,
3.0,
0.0,
0.0,
0.0,
0.0,
0.0,
0.0,
0.0,
0.0,
0.0,
0.0,
0.0,
0.0,
0.0,
2.0,
3.0,
6.0,
0.0,
0.0,
0.0,
10.0,
61.0,
149.0,
43.0,
12.0,
26.0,
1.0,
0.0,
12.0,
9.0,
0.0,
0.0,
0.0,
0.0,
0.0,
0.0,
0.0,
0.0,
0.0,
0.0,
0.0,
0.0,
0.0,
4.0,
0.0,
5.0,
4.0,
0.0,
9.0,
204.0,
241.0,
127.0,
3.0,
2.0,
14.0,
0.0,
0.0,
0.0,
0.0,
0.0,
0.0,
0.0,
0.0,
0.0,
0.0,
0.0,
0.0,
0.0,
0.0,
0.0,
4.0,
0.0,
0.0,
14.0,
0.0,
29.0,
77.0,
249.0,
168.0,
80.0,
0.0,
4.0,
0.0,
0.0,
24.0,
6.0,
0.0,
0.0,
0.0,
0.0,
0.0,
0.0,
0.0,
0.0,
0.0,
0.0,
0.0,
0.0,
3.0,
0.0,
0.0,
6.0,
2.0,
206.0,
255.0,
250.0,
116.0,
0.0,
7.0,
4.0,
0.0,
18.0,
0.0,
0.0,
0.0,
0.0,
0.0,
0.0,
0.0,
0.0,
0.0,
0.0,
0.0,
0.0,
0.0,
0.0,
5.0,
0.0,
0.0,
23.0,
103.0,
252.0,
232.0,
146.0,
28.0,
0.0,
4.0,
9.0,
0.0,
5.0,
6.0,
0.0,
0.0,
0.0,
0.0,
0.0,
0.0,
0.0,
0.0,
0.0,
0.0,
0.0,
0.0,
0.0,
0.0,
1.0,
4.0,
69.0,
238.0,
235.0,
168.0,
48.0,
0.0,
4.0,
0.0,
1.0,
31.0,
0.0,
0.0,
27.0,
0.0,
0.0,
0.0,
0.0,
0.0,
0.0,
0.0,
0.0,
0.0,
0.0,
0.0,
0.0,
5.0,
2.0,
24.0,
33.0,
96.0,
4.0,
0.0,
0.0,
2.0,
17.0,
0.0,
0.0,
33.0,
33.0,
12.0,
0.0,
0.0,
0.0,
0.0,
0.0,
0.0,
0.0,
0.0,
0.0,
0.0,
0.0,
0.0,
0.0,
0.0,
3.0,
157.0,
171.0,
48.0,
4.0,
15.0,
1.0,
0.0,
0.0,
97.0,
224.0,
235.0,
143.0,
0.0,
0.0,
0.0,
0.0,
0.0,
0.0,
0.0,
0.0,
0.0,
0.0,
0.0,
0.0,
0.0,
0.0,
23.0,
210.0,
255.0,
141.0,
44.0,
36.0,
25.0,
71.0,
70.0,
159.0,
185.0,
242.0,
252.0,
241.0,
58.0,
0.0,
0.0,
0.0,
0.0,
0.0,
0.0,
0.0,
0.0,
0.0,
0.0,
0.0,
0.0,
0.0,
101.0,
255.0,
245.0,
174.0,
203.0,
252.0,
255.0,
101.0,
14.0,
49.0,
93.0,
200.0,
241.0,
255.0,
140.0,
0.0,
0.0,
0.0,
0.0,
0.0,
0.0,
0.0,
0.0,
0.0,
0.0,
0.0,
0.0,
0.0,
121.0,
245.0,
248.0,
250.0,
255.0,
245.0,
247.0,
42.0,
85.0,
16.0,
180.0,
219.0,
254.0,
255.0,
218.0,
26.0,
0.0,
0.0,
0.0,
0.0,
0.0,
0.0,
0.0,
0.0,
0.0,
0.0,
0.0,
0.0,
45.0,
80.0,
160.0,
255.0,
242.0,
204.0,
243.0,
121.0,
229.0,
66.0,
227.0,
57.0,
166.0,
255.0,
226.0,
40.0,
0.0,
0.0,
0.0,
0.0,
0.0,
1.0,
0.0,
0.0,
6.0,
6.0,
4.0,
0.0,
1.0,
50.0,
238.0,
252.0,
254.0,
255.0,
150.0,
167.0,
84.0,
77.0,
35.0,
197.0,
255.0,
233.0,
91.0,
11.0,
0.0,
0.0,
0.0,
0.0,
0.0,
0.0,
0.0,
2.0,
0.0,
68.0,
8.0,
45.0,
138.0,
248.0,
248.0,
255.0,
246.0,
217.0,
207.0,
113.0,
117.0,
200.0,
183.0,
190.0,
104.0,
36.0,
0.0,
0.0,
0.0,
0.0,
0.0,
0.0,
1.0,
20.0,
0.0,
0.0,
10.0,
127.0,
192.0,
110.0,
231.0,
255.0,
254.0,
248.0,
255.0,
175.0,
236.0,
177.0,
80.0,
111.0,
52.0,
24.0,
0.0,
0.0,
2.0,
1.0,
0.0,
0.0,
0.0,
0.0,
0.0,
0.0,
4.0,
10.0,
117.0,
233.0,
255.0,
255.0,
224.0,
246.0,
251.0,
255.0,
250.0,
204.0,
151.0,
93.0,
0.0,
8.0,
0.0,
0.0,
0.0,
0.0,
2.0,
11.0,
0.0,
0.0,
0.0,
0.0,
9.0,
0.0,
0.0,
5.0,
19.0,
217.0,
255.0,
244.0,
248.0,
243.0,
255.0,
253.0,
204.0,
0.0,
5.0,
0.0,
3.0,
0.0,
0.0,
7.0,
23.0,
2.0,
0.0,
0.0,
0.0,
0.0,
0.0,
0.0,
0.0,
17.0,
0.0,
10.0,
0.0,
0.0,
0.0,
3.0,
0.0,
16.0,
0.0,
2.0,
1.0,
0.0,
14.0,
0.0,
0.0,
0.0,
0.0,
0.0,
0.0,
0.0,
8.0,
17.0,
0.0,
0.0,
0.0,
0.0,
0.0,
0.0,
36.0,
0.0,
0.0,
11.0,
0.0,
0.0,
16.0,
0.0,
7.0,
0.0,
11.0,
0.0,
0.0,
6.0,
5.0,
4.0,
5.0,
5.0,
0.0,
6.0,
0.0,
0.0,
0.0,
0.0,
0.0,
0.0,
5.0,
10.0,
0.0,
6.0,
0.0,
10.0,
0.0,
6.0,
0.0,
0.0,
3.0,
2.0,
0.0,
9.0,
0.0,
1.0,
2.0,
0.0,
0.0,
9.0,
0.0,
6.0,
0.0,
7.0,
0.0,
0.0,
0.0,
0.0,
0.0,
0.0,
0.0,
0.0,
0.0,
0.0,
0.0,
0.0,
0.0,
0.0,
0.0,
0.0,
0.0,
0.0,
0.0,
0.0,
0.0,
0.0,
0.0,
0.0,
0.0,
0.0,
0.0,
0.0,
0.0,
0.0,
0.0,
0.0,
0.0,
0.0,
0.0,
0.0,
0.0,
0.0,
0.0,
0.0,
0.0,
0.0,
0.0,
0.0,
0.0,
0.0,
0.0,
0.0,
0.0,
0.0,
0.0,
0.0,
0.0,
0.0,
0.0,
0.0,
0.0,
0.0,
0.0,
0.0,
0.0,
0.0,
0.0,
0.0,
0.0,
0.0,
0.0,
0.0,
0.0,
0.0,
0.0,
0.0,
0.0,
0.0,
0.0,
0.0,
0.0,
0.0,
0.0,
0.0,
0.0,
0.0,
0.0,
0.0,
0.0,
0.0,
0.0,
0.0,
0.0,
0.0,
0.0,
0.0,
0.0,
0.0,
0.0,
0.0,
0.0,
0.0,
0.0,
0.0,
0.0,
0.0,
0.0,
0.0,
0.0,
0.0,
0.0,
0.0,
0.0,
0.0,
0.0,
0.0,
0.0,
0.0,
0.0,
0.0,
