0.0,
0.0,
0.0,
0.0,
0.0,
0.0,
0.0,
0.0,
3.0,
5.0,
0.0,
0.0,
17.0,
0.0,
6.0,
0.0,
0.0,
4.0,
0.0,
6.0,
13.0,
0.0,
7.0,
0.0,
0.0,
0.0,
0.0,
0.0,
0.0,
0.0,
0.0,
0.0,
0.0,
0.0,
0.0,
0.0,
0.0,
0.0,
9.0,
7.0,
0.0,
12.0,
0.0,
12.0,
17.0,
2.0,
14.0,
0.0,
0.0,
2.0,
13.0,
0.0,
0.0,
0.0,
0.0,
0.0,
0.0,
0.0,
0.0,
0.0,
0.0,
0.0,
0.0,
0.0,
4.0,
0.0,
0.0,
9.0,
0.0,
6.0,
30.0,
149.0,
234.0,
20.0,
0.0,
5.0,
0.0,
9.0,
0.0,
5.0,
0.0,
0.0,
0.0,
0.0,
0.0,
0.0,
0.0,
0.0,
0.0,
0.0,
0.0,
0.0,
4.0,
0.0,
1.0,
1.0,
0.0,
3.0,
161.0,
255.0,
171.0,
8.0,
0.0,
10.0,
0.0,
15.0,
0.0,
3.0,
0.0,
0.0,
0.0,
0.0,
0.0,
0.0,
0.0,
0.0,
0.0,
0.0,
0.0,
0.0,
0.0,
0.0,
12.0,
0.0,
2.0,
116.0,
251.0,
194.0,
2.0,
0.0,
12.0,
0.0,
0.0,
7.0,
1.0,
0.0,
0.0,
0.0,
0.0,
0.0,
0.0,
0.0,
0.0,
0.0,
0.0,
0.0,
0.0,
0.0,
3.0,
5.0,
0.0,
12.0,
135.0,
255.0,
170.0,
46.0,
9.0,
7.0,
0.0,
0.0,
5.0,
0.0,
0.0,
6.0,
0.0,
0.0,
0.0,
0.0,
0.0,
0.0,
0.0,
0.0,
0.0,
0.0,
0.0,
0.0,
4.0,
9.0,
23.0,
125.0,
246.0,
223.0,
41.0,
0.0,
0.0,
9.0,
12.0,
2.0,
0.0,
0.0,
0.0,
1.0,
0.0,
0.0,
0.0,
0.0,
0.0,
0.0,
0.0,
0.0,
0.0,
0.0,
0.0,
0.0,
0.0,
5.0,
131.0,
255.0,
223.0,
42.0,
2.0,
3.0,
12.0,
0.0,
0.0,
0.0,
0.0,
7.0,
0.0,
0.0,
0.0,
0.0,
0.0,
0.0,
0.0,
0.0,
8.0,
1.0,
0.0,
2.0,
6.0,
0.0,
0.0,
117.0,
255.0,
238.0,
41.0,
1.0,
0.0,
7.0,
6.0,
4.0,
0.0,
14.0,
0.0,
0.0,
3.0,
2.0,
5.0,
0.0,
5.0,
13.0,
1.0,
0.0,
0.0,
0.0,
0.0,
4.0,
0.0,
0.0,
12.0,
225.0,
239.0,
173.0,
0.0,
8.0,
19.0,
0.0,
0.0,
10.0,
4.0,
0.0,
7.0,
8.0,
0.0,
0.0,
3.0,
0.0,
0.0,
6.0,
4.0,
0.0,
0.0,
0.0,
0.0,
9.0,
0.0,
0.0,
203.0,
251.0,
229.0,
18.0,
8.0,
0.0,
0.0,
2.0,
16.0,
0.0,
0.0,
2.0,
0.0,
0.0,
0.0,
3.0,
8.0,
5.0,
0.0,
7.0,
0.0,
0.0,
2.0,
1.0,
3.0,
8.0,
0.0,
21.0,
230.0,
255.0,
101.0,
0.0,
6.0,
3.0,
23.0,
0.0,
0.0,
0.0,
5.0,
4.0,
0.0,
13.0,
6.0,
0.0,
0.0,
7.0,
0.0,
5.0,
0.0,
0.0,
0.0,
0.0,
0.0,
1.0,
0.0,
84.0,
249.0,
213.0,
19.0,
20.0,
0.0,
5.0,
0.0,
0.0,
5.0,
16.0,
0.0,
36.0,
93.0,
97.0,
12.0,
5.0,
0.0,
0.0,
0.0,
0.0,
0.0,
2.0,
0.0,
0.0,
0.0,
2.0,
18.0,
177.0,
255.0,
96.0,
0.0,
0.0,
12.0,
0.0,
0.0,
21.0,
0.0,
26.0,
130.0,
246.0,
244.0,
255.0,
231.0,
124.0,
35.0,
0.0,
5.0,
0.0,
3.0,
3.0,
0.0,
5.0,
0.0,
4.0,
37.0,
245.0,
242.0,
131.0,
0.0,
2.0,
11.0,
0.0,
11.0,
0.0,
59.0,
247.0,
248.0,
128.0,
117.0,
154.0,
245.0,
255.0,
127.0,
4.0,
7.0,
2.0,
0.0,
0.0,
0.0,
8.0,
0.0,
0.0,
35.0,
255.0,
252.0,
99.0,
0.0,
14.0,
0.0,
1.0,
0.0,
92.0,
246.0,
247.0,
170.0,
25.0,
0.0,
1.0,
214.0,
252.0,
186.0,
0.0,
0.0,
0.0,
8.0,
0.0,
0.0,
0.0,
1.0,
0.0,
1.0,
181.0,
252.0,
170.0,
0.0,
0.0,
3.0,
0.0,
73.0,
252.0,
255.0,
58.0,
9.0,
3.0,
0.0,
8.0,
207.0,
253.0,
117.0,
16.0,
0.0,
10.0,
5.0,
0.0,
2.0,
0.0,
0.0,
2.0,
0.0,
118.0,
255.0,
234.0,
52.0,
34.0,
0.0,
36.0,
205.0,
225.0,
139.0,
13.0,
1.0,
0.0,
12.0,
86.0,
239.0,
205.0,
37.0,
0.0,
0.0,
8.0,
0.0,
4.0,
2.0,
0.0,
0.0,
4.0,
0.0,
43.0,
242.0,
249.0,
213.0,
79.0,
17.0,
201.0,
247.0,
168.0,
0.0,
10.0,
0.0,
0.0,
130.0,
247.0,
204.0,
33.0,
0.0,
0.0,
2.0,
5.0,
0.0,
3.0,
0.0,
0.0,
0.0,
1.0,
2.0,
1.0,
139.0,
255.0,
242.0,
255.0,
253.0,
247.0,
252.0,
135.0,
134.0,
148.0,
160.0,
217.0,
245.0,
138.0,
17.0,
0.0,
2.0,
6.0,
1.0,
0.0,
0.0,
0.0,
0.0,
2.0,
3.0,
0.0,
5.0,
0.0,
3.0,
137.0,
217.0,
237.0,
244.0,
255.0,
255.0,
249.0,
255.0,
232.0,
208.0,
142.0,
37.0,
4.0,
7.0,
4.0,
3.0,
2.0,
0.0,
0.0,
4.0,
0.0,
0.0,
0.0,
6.0,
0.0,
1.0,
0.0,
0.0,
0.0,
28.0,
153.0,
243.0,
255.0,
248.0,
236.0,
107.0,
43.0,
13.0,
0.0,
0.0,
7.0,
2.0,
0.0,
0.0,
0.0,
0.0,
4.0,
3.0,
0.0,
4.0,
0.0,
9.0,
0.0,
0.0,
4.0,
7.0,
5.0,
0.0,
0.0,
0.0,
0.0,
14.0,
0.0,
5.0,
0.0,
1.0,
0.0,
11.0,
0.0,
0.0,
20.0,
0.0,
1.0,
6.0,
8.0,
0.0,
0.0,
7.0,
0.0,
11.0,
3.0,
0.0,
4.0,
0.0,
2.0,
1.0,
0.0,
10.0,
0.0,
0.0,
14.0,
10.0,
0.0,
14.0,
0.0,
0.0,
3.0,
4.0,
0.0,
1.0,
0.0,
0.0,
0.0,
0.0,
0.0,
0.0,
0.0,
0.0,
0.0,
0.0,
0.0,
0.0,
0.0,
0.0,
0.0,
0.0,
0.0,
0.0,
0.0,
0.0,
0.0,
0.0,
0.0,
0.0,
0.0,
0.0,
0.0,
0.0,
0.0,
0.0,
0.0,
0.0,
0.0,
0.0,
0.0,
0.0,
0.0,
0.0,
0.0,
0.0,
0.0,
0.0,
0.0,
0.0,
0.0,
0.0,
0.0,
0.0,
0.0,
0.0,
0.0,
0.0,
0.0,
0.0,
0.0,
0.0,
0.0,
0.0,
0.0,
0.0,
0.0,
0.0,
0.0,
0.0,
0.0,
0.0,
0.0,
0.0,
0.0,
0.0,
0.0,
0.0,
0.0,
0.0,
0.0,
0.0,
0.0,
0.0,
0.0,
0.0,
0.0,
0.0,
0.0,
0.0,
0.0,
0.0,
0.0,
0.0,
0.0,
0.0,
0.0,
0.0,
0.0,
0.0,
0.0,
0.0,
0.0,
0.0,
0.0,
0.0,
0.0,
0.0,
0.0,
0.0,
0.0,
0.0,
0.0,
0.0,
0.0,
0.0,
0.0,
0.0,
0.0,
0.0,
0.0,
