0.0,
0.0,
0.0,
0.0,
0.0,
0.0,
0.0,
0.0,
0.0,
0.0,
2.0,
24.0,
0.0,
0.0,
7.0,
6.0,
0.0,
0.0,
0.0,
0.0,
0.0,
0.0,
0.0,
0.0,
0.0,
0.0,
0.0,
0.0,
0.0,
0.0,
0.0,
0.0,
0.0,
0.0,
0.0,
0.0,
11.0,
15.0,
0.0,
24.0,
255.0,
29.0,
15.0,
0.0,
0.0,
0.0,
0.0,
0.0,
0.0,
0.0,
0.0,
0.0,
0.0,
0.0,
0.0,
0.0,
0.0,
0.0,
0.0,
0.0,
0.0,
0.0,
0.0,
0.0,
0.0,
0.0,
18.0,
190.0,
199.0,
23.0,
9.0,
0.0,
0.0,
0.0,
0.0,
0.0,
0.0,
0.0,
0.0,
0.0,
0.0,
0.0,
0.0,
0.0,
0.0,
0.0,
0.0,
0.0,
0.0,
0.0,
0.0,
0.0,
10.0,
12.0,
16.0,
162.0,
246.0,
38.0,
0.0,
11.0,
0.0,
0.0,
0.0,
0.0,
0.0,
0.0,
0.0,
0.0,
0.0,
0.0,
0.0,
0.0,
0.0,
0.0,
0.0,
0.0,
0.0,
0.0,
0.0,
0.0,
0.0,
0.0,
15.0,
239.0,
204.0,
0.0,
0.0,
0.0,
0.0,
0.0,
0.0,
0.0,
0.0,
0.0,
0.0,
0.0,
0.0,
0.0,
0.0,
0.0,
0.0,
0.0,
0.0,
0.0,
0.0,
0.0,
0.0,
0.0,
6.0,
6.0,
135.0,
255.0,
127.0,
4.0,
18.0,
0.0,
0.0,
0.0,
0.0,
0.0,
0.0,
0.0,
0.0,
0.0,
0.0,
0.0,
0.0,
0.0,
0.0,
0.0,
0.0,
0.0,
0.0,
0.0,
0.0,
0.0,
0.0,
0.0,
227.0,
222.0,
2.0,
0.0,
0.0,
7.0,
0.0,
0.0,
0.0,
0.0,
0.0,
0.0,
0.0,
0.0,
0.0,
0.0,
0.0,
0.0,
0.0,
0.0,
0.0,
0.0,
0.0,
0.0,
0.0,
0.0,
0.0,
3.0,
219.0,
221.0,
29.0,
6.0,
0.0,
5.0,
0.0,
0.0,
0.0,
0.0,
0.0,
0.0,
0.0,
0.0,
0.0,
0.0,
0.0,
0.0,
0.0,
4.0,
0.0,
0.0,
6.0,
1.0,
1.0,
0.0,
0.0,
118.0,
248.0,
167.0,
15.0,
0.0,
1.0,
9.0,
2.0,
0.0,
12.0,
0.0,
0.0,
0.0,
0.0,
9.0,
0.0,
0.0,
0.0,
0.0,
0.0,
5.0,
1.0,
0.0,
0.0,
0.0,
5.0,
6.0,
39.0,
245.0,
209.0,
61.0,
1.0,
7.0,
8.0,
0.0,
0.0,
12.0,
0.0,
1.0,
78.0,
0.0,
0.0,
0.0,
0.0,
0.0,
0.0,
0.0,
2.0,
2.0,
0.0,
2.0,
0.0,
1.0,
0.0,
1.0,
149.0,
237.0,
120.0,
11.0,
0.0,
3.0,
6.0,
0.0,
0.0,
4.0,
12.0,
196.0,
221.0,
163.0,
24.0,
1.0,
0.0,
0.0,
0.0,
0.0,
6.0,
0.0,
0.0,
3.0,
0.0,
4.0,
0.0,
0.0,
107.0,
255.0,
100.0,
1.0,
2.0,
2.0,
0.0,
12.0,
0.0,
15.0,
152.0,
255.0,
255.0,
251.0,
56.0,
6.0,
0.0,
0.0,
0.0,
0.0,
2.0,
0.0,
0.0,
5.0,
0.0,
2.0,
0.0,
53.0,
233.0,
244.0,
14.0,
0.0,
0.0,
0.0,
2.0,
1.0,
49.0,
229.0,
255.0,
230.0,
254.0,
255.0,
72.0,
2.0,
0.0,
0.0,
0.0,
0.0,
0.0,
5.0,
0.0,
7.0,
0.0,
0.0,
10.0,
141.0,
220.0,
37.0,
0.0,
30.0,
10.0,
0.0,
0.0,
129.0,
225.0,
247.0,
102.0,
250.0,
234.0,
102.0,
29.0,
0.0,
0.0,
0.0,
0.0,
0.0,
0.0,
11.0,
0.0,
5.0,
0.0,
0.0,
9.0,
187.0,
244.0,
37.0,
3.0,
0.0,
0.0,
17.0,
0.0,
210.0,
254.0,
224.0,
31.0,
125.0,
255.0,
60.0,
6.0,
3.0,
0.0,
0.0,
0.0,
0.0,
4.0,
12.0,
0.0,
2.0,
9.0,
0.0,
0.0,
183.0,
240.0,
78.0,
8.0,
12.0,
0.0,
0.0,
107.0,
255.0,
230.0,
50.0,
46.0,
229.0,
255.0,
88.0,
2.0,
0.0,
0.0,
0.0,
0.0,
0.0,
4.0,
0.0,
4.0,
0.0,
2.0,
0.0,
0.0,
199.0,
245.0,
255.0,
84.0,
0.0,
13.0,
8.0,
253.0,
247.0,
228.0,
156.0,
224.0,
248.0,
103.0,
0.0,
0.0,
4.0,
0.0,
0.0,
0.0,
0.0,
0.0,
2.0,
3.0,
0.0,
4.0,
6.0,
2.0,
141.0,
255.0,
249.0,
240.0,
158.0,
182.0,
255.0,
224.0,
254.0,
255.0,
244.0,
185.0,
62.0,
0.0,
6.0,
12.0,
4.0,
0.0,
0.0,
0.0,
0.0,
0.0,
9.0,
2.0,
0.0,
0.0,
2.0,
0.0,
47.0,
108.0,
239.0,
255.0,
255.0,
246.0,
255.0,
245.0,
255.0,
248.0,
196.0,
90.0,
0.0,
0.0,
16.0,
0.0,
0.0,
0.0,
0.0,
0.0,
0.0,
0.0,
8.0,
0.0,
0.0,
0.0,
0.0,
0.0,
0.0,
7.0,
146.0,
239.0,
253.0,
255.0,
237.0,
253.0,
250.0,
250.0,
72.0,
0.0,
0.0,
5.0,
0.0,
0.0,
10.0,
0.0,
0.0,
0.0,
0.0,
0.0,
0.0,
0.0,
5.0,
7.0,
0.0,
10.0,
0.0,
0.0,
9.0,
81.0,
29.0,
43.0,
74.0,
187.0,
255.0,
222.0,
57.0,
1.0,
17.0,
0.0,
0.0,
2.0,
5.0,
0.0,
0.0,
0.0,
0.0,
3.0,
0.0,
0.0,
3.0,
7.0,
0.0,
10.0,
2.0,
6.0,
0.0,
0.0,
10.0,
11.0,
0.0,
22.0,
0.0,
6.0,
0.0,
0.0,
0.0,
0.0,
5.0,
2.0,
4.0,
0.0,
0.0,
0.0,
0.0,
6.0,
0.0,
5.0,
0.0,
2.0,
0.0,
0.0,
0.0,
4.0,
0.0,
13.0,
9.0,
0.0,
0.0,
0.0,
1.0,
0.0,
8.0,
17.0,
1.0,
5.0,
6.0,
0.0,
4.0,
0.0,
0.0,
0.0,
0.0,
1.0,
0.0,
11.0,
0.0,
5.0,
1.0,
2.0,
4.0,
0.0,
7.0,
0.0,
0.0,
11.0,
0.0,
8.0,
0.0,
5.0,
0.0,
2.0,
0.0,
0.0,
6.0,
0.0,
0.0,
0.0,
0.0,
0.0,
0.0,
0.0,
0.0,
0.0,
0.0,
0.0,
0.0,
0.0,
0.0,
0.0,
0.0,
0.0,
0.0,
0.0,
0.0,
0.0,
0.0,
0.0,
0.0,
0.0,
0.0,
0.0,
0.0,
0.0,
0.0,
0.0,
0.0,
0.0,
0.0,
0.0,
0.0,
0.0,
0.0,
0.0,
0.0,
0.0,
0.0,
0.0,
0.0,
0.0,
0.0,
0.0,
0.0,
0.0,
0.0,
0.0,
0.0,
0.0,
0.0,
0.0,
0.0,
0.0,
0.0,
0.0,
0.0,
0.0,
0.0,
0.0,
0.0,
0.0,
0.0,
0.0,
0.0,
0.0,
0.0,
0.0,
0.0,
0.0,
0.0,
0.0,
0.0,
0.0,
0.0,
0.0,
0.0,
0.0,
0.0,
0.0,
0.0,
0.0,
0.0,
0.0,
0.0,
0.0,
0.0,
0.0,
0.0,
0.0,
0.0,
0.0,
0.0,
0.0,
0.0,
0.0,
0.0,
0.0,
0.0,
0.0,
0.0,
0.0,
0.0,
0.0,
0.0,
0.0,
0.0,
0.0,
0.0,
0.0,
0.0,
0.0,
0.0,
0.0,
0.0,
