0.0,
5.0,
0.0,
17.0,
0.0,
2.0,
4.0,
1.0,
0.0,
6.0,
0.0,
6.0,
3.0,
0.0,
8.0,
2.0,
0.0,
0.0,
0.0,
0.0,
0.0,
0.0,
0.0,
0.0,
0.0,
0.0,
0.0,
0.0,
0.0,
11.0,
0.0,
0.0,
0.0,
5.0,
0.0,
0.0,
8.0,
0.0,
0.0,
2.0,
0.0,
0.0,
0.0,
0.0,
0.0,
0.0,
0.0,
0.0,
0.0,
0.0,
0.0,
0.0,
0.0,
0.0,
0.0,
0.0,
1.0,
15.0,
0.0,
0.0,
9.0,
17.0,
0.0,
2.0,
0.0,
0.0,
0.0,
0.0,
4.0,
9.0,
4.0,
1.0,
0.0,
0.0,
0.0,
0.0,
0.0,
0.0,
0.0,
0.0,
0.0,
0.0,
0.0,
0.0,
0.0,
0.0,
0.0,
0.0,
4.0,
0.0,
0.0,
83.0,
74.0,
78.0,
16.0,
0.0,
4.0,
0.0,
0.0,
0.0,
0.0,
0.0,
0.0,
0.0,
0.0,
0.0,
0.0,
0.0,
0.0,
0.0,
0.0,
0.0,
4.0,
5.0,
14.0,
11.0,
0.0,
0.0,
98.0,
243.0,
241.0,
241.0,
80.0,
0.0,
9.0,
0.0,
1.0,
4.0,
0.0,
0.0,
0.0,
0.0,
0.0,
0.0,
0.0,
0.0,
0.0,
0.0,
0.0,
0.0,
0.0,
0.0,
0.0,
0.0,
0.0,
32.0,
178.0,
255.0,
255.0,
247.0,
81.0,
7.0,
14.0,
0.0,
7.0,
10.0,
0.0,
0.0,
0.0,
0.0,
0.0,
0.0,
0.0,
0.0,
0.0,
0.0,
0.0,
0.0,
6.0,
0.0,
0.0,
1.0,
4.0,
80.0,
243.0,
248.0,
162.0,
92.0,
13.0,
0.0,
0.0,
0.0,
0.0,
0.0,
0.0,
0.0,
0.0,
0.0,
0.0,
0.0,
0.0,
0.0,
0.0,
0.0,
0.0,
0.0,
0.0,
0.0,
0.0,
8.0,
0.0,
72.0,
255.0,
255.0,
126.0,
1.0,
0.0,
8.0,
0.0,
7.0,
0.0,
2.0,
0.0,
0.0,
0.0,
0.0,
0.0,
0.0,
0.0,
0.0,
0.0,
0.0,
0.0,
0.0,
5.0,
6.0,
5.0,
0.0,
3.0,
157.0,
255.0,
255.0,
127.0,
0.0,
0.0,
6.0,
0.0,
14.0,
2.0,
0.0,
0.0,
3.0,
0.0,
0.0,
14.0,
0.0,
2.0,
0.0,
0.0,
1.0,
5.0,
5.0,
0.0,
0.0,
0.0,
0.0,
0.0,
124.0,
252.0,
255.0,
96.0,
10.0,
0.0,
10.0,
0.0,
0.0,
0.0,
21.0,
10.0,
0.0,
39.0,
31.0,
21.0,
25.0,
19.0,
0.0,
0.0,
2.0,
0.0,
0.0,
4.0,
0.0,
4.0,
6.0,
2.0,
90.0,
255.0,
254.0,
122.0,
12.0,
0.0,
2.0,
0.0,
8.0,
0.0,
0.0,
0.0,
83.0,
218.0,
255.0,
252.0,
246.0,
255.0,
65.0,
0.0,
0.0,
4.0,
0.0,
1.0,
0.0,
0.0,
0.0,
2.0,
67.0,
255.0,
245.0,
118.0,
0.0,
8.0,
0.0,
0.0,
0.0,
14.0,
9.0,
56.0,
223.0,
245.0,
255.0,
255.0,
249.0,
255.0,
222.0,
80.0,
0.0,
4.0,
1.0,
0.0,
0.0,
0.0,
0.0,
14.0,
72.0,
255.0,
255.0,
244.0,
58.0,
0.0,
0.0,
9.0,
8.0,
0.0,
54.0,
244.0,
255.0,
250.0,
142.0,
190.0,
246.0,
251.0,
255.0,
227.0,
14.0,
0.0,
0.0,
2.0,
6.0,
0.0,
0.0,
15.0,
58.0,
243.0,
255.0,
250.0,
142.0,
1.0,
6.0,
2.0,
3.0,
44.0,
239.0,
255.0,
251.0,
188.0,
0.0,
18.0,
90.0,
204.0,
255.0,
255.0,
1.0,
0.0,
6.0,
0.0,
0.0,
0.0,
0.0,
0.0,
12.0,
178.0,
241.0,
255.0,
204.0,
7.0,
0.0,
0.0,
4.0,
132.0,
255.0,
245.0,
227.0,
25.0,
2.0,
0.0,
11.0,
82.0,
243.0,
245.0,
0.0,
5.0,
12.0,
1.0,
3.0,
0.0,
11.0,
0.0,
0.0,
154.0,
255.0,
252.0,
235.0,
75.0,
11.0,
0.0,
14.0,
255.0,
250.0,
219.0,
33.0,
0.0,
4.0,
0.0,
0.0,
181.0,
255.0,
254.0,
6.0,
6.0,
0.0,
1.0,
0.0,
2.0,
0.0,
0.0,
22.0,
141.0,
255.0,
255.0,
250.0,
168.0,
38.0,
0.0,
160.0,
255.0,
250.0,
194.0,
0.0,
5.0,
13.0,
53.0,
244.0,
240.0,
250.0,
212.0,
10.0,
0.0,
3.0,
2.0,
0.0,
4.0,
5.0,
0.0,
4.0,
70.0,
144.0,
240.0,
253.0,
250.0,
232.0,
160.0,
213.0,
255.0,
255.0,
169.0,
4.0,
116.0,
123.0,
236.0,
255.0,
254.0,
219.0,
51.0,
0.0,
10.0,
8.0,
1.0,
0.0,
1.0,
6.0,
0.0,
0.0,
7.0,
27.0,
158.0,
245.0,
247.0,
255.0,
243.0,
249.0,
249.0,
254.0,
251.0,
215.0,
254.0,
248.0,
255.0,
242.0,
236.0,
3.0,
0.0,
0.0,
5.0,
0.0,
0.0,
0.0,
0.0,
0.0,
1.0,
0.0,
0.0,
0.0,
0.0,
114.0,
209.0,
255.0,
252.0,
248.0,
255.0,
243.0,
249.0,
255.0,
237.0,
255.0,
237.0,
138.0,
26.0,
14.0,
8.0,
12.0,
0.0,
0.0,
0.0,
0.0,
0.0,
0.0,
0.0,
2.0,
4.0,
3.0,
0.0,
19.0,
16.0,
83.0,
234.0,
230.0,
250.0,
246.0,
244.0,
239.0,
99.0,
53.0,
60.0,
0.0,
1.0,
4.0,
0.0,
2.0,
0.0,
10.0,
0.0,
3.0,
3.0,
0.0,
0.0,
0.0,
1.0,
3.0,
0.0,
0.0,
14.0,
0.0,
5.0,
0.0,
146.0,
238.0,
200.0,
41.0,
0.0,
0.0,
0.0,
14.0,
9.0,
0.0,
0.0,
0.0,
3.0,
8.0,
0.0,
0.0,
2.0,
2.0,
0.0,
0.0,
0.0,
0.0,
7.0,
10.0,
0.0,
0.0,
7.0,
1.0,
15.0,
41.0,
85.0,
42.0,
0.0,
4.0,
0.0,
0.0,
0.0,
13.0,
8.0,
0.0,
0.0,
0.0,
0.0,
0.0,
0.0,
2.0,
5.0,
3.0,
0.0,
0.0,
0.0,
0.0,
0.0,
15.0,
0.0,
3.0,
0.0,
3.0,
0.0,
0.0,
13.0,
5.0,
0.0,
0.0,
5.0,
0.0,
2.0,
0.0,
0.0,
0.0,
0.0,
0.0,
0.0,
0.0,
0.0,
0.0,
0.0,
0.0,
0.0,
0.0,
0.0,
0.0,
0.0,
0.0,
0.0,
0.0,
0.0,
0.0,
0.0,
0.0,
0.0,
0.0,
0.0,
0.0,
0.0,
0.0,
0.0,
0.0,
0.0,
0.0,
0.0,
0.0,
0.0,
0.0,
0.0,
0.0,
0.0,
0.0,
0.0,
0.0,
0.0,
0.0,
0.0,
0.0,
0.0,
0.0,
0.0,
0.0,
0.0,
0.0,
0.0,
0.0,
0.0,
0.0,
0.0,
0.0,
0.0,
0.0,
0.0,
0.0,
0.0,
0.0,
0.0,
0.0,
0.0,
0.0,
0.0,
0.0,
0.0,
0.0,
0.0,
0.0,
0.0,
0.0,
0.0,
0.0,
0.0,
0.0,
0.0,
0.0,
0.0,
0.0,
0.0,
0.0,
0.0,
0.0,
0.0,
0.0,
0.0,
0.0,
0.0,
0.0,
0.0,
0.0,
0.0,
0.0,
0.0,
0.0,
0.0,
0.0,
0.0,
0.0,
0.0,
0.0,
0.0,
0.0,
0.0,
0.0,
0.0,
0.0,
0.0,
0.0,
