0.0,
0.0,
0.0,
0.0,
0.0,
0.0,
0.0,
0.0,
1.0,
0.0,
0.0,
3.0,
0.0,
10.0,
0.0,
0.0,
16.0,
0.0,
0.0,
0.0,
0.0,
2.0,
0.0,
5.0,
0.0,
0.0,
0.0,
0.0,
0.0,
0.0,
0.0,
0.0,
0.0,
0.0,
0.0,
0.0,
0.0,
16.0,
0.0,
23.0,
0.0,
0.0,
3.0,
12.0,
0.0,
0.0,
6.0,
3.0,
0.0,
11.0,
11.0,
0.0,
0.0,
0.0,
0.0,
0.0,
0.0,
0.0,
0.0,
0.0,
0.0,
0.0,
0.0,
0.0,
0.0,
10.0,
10.0,
0.0,
2.0,
26.0,
0.0,
0.0,
23.0,
4.0,
0.0,
5.0,
4.0,
0.0,
4.0,
0.0,
0.0,
0.0,
0.0,
0.0,
0.0,
0.0,
0.0,
0.0,
0.0,
0.0,
0.0,
0.0,
10.0,
0.0,
6.0,
3.0,
2.0,
0.0,
11.0,
33.0,
109.0,
220.0,
255.0,
228.0,
94.0,
0.0,
5.0,
1.0,
0.0,
0.0,
0.0,
0.0,
0.0,
0.0,
0.0,
0.0,
0.0,
0.0,
0.0,
0.0,
1.0,
2.0,
0.0,
10.0,
0.0,
0.0,
11.0,
249.0,
255.0,
255.0,
243.0,
250.0,
153.0,
15.0,
0.0,
0.0,
0.0,
0.0,
0.0,
0.0,
0.0,
0.0,
0.0,
0.0,
0.0,
0.0,
0.0,
0.0,
0.0,
0.0,
7.0,
0.0,
4.0,
10.0,
255.0,
255.0,
235.0,
189.0,
108.0,
62.0,
18.0,
0.0,
5.0,
0.0,
0.0,
0.0,
0.0,
0.0,
0.0,
0.0,
0.0,
0.0,
0.0,
0.0,
0.0,
0.0,
0.0,
21.0,
0.0,
8.0,
41.0,
208.0,
233.0,
135.0,
45.0,
7.0,
0.0,
8.0,
5.0,
0.0,
0.0,
7.0,
0.0,
0.0,
0.0,
0.0,
0.0,
0.0,
0.0,
0.0,
0.0,
0.0,
0.0,
0.0,
4.0,
0.0,
3.0,
21.0,
223.0,
247.0,
97.0,
1.0,
0.0,
0.0,
6.0,
0.0,
0.0,
7.0,
5.0,
0.0,
0.0,
0.0,
0.0,
0.0,
2.0,
3.0,
0.0,
0.0,
0.0,
0.0,
3.0,
0.0,
0.0,
0.0,
61.0,
209.0,
251.0,
119.0,
25.0,
1.0,
0.0,
5.0,
0.0,
10.0,
8.0,
0.0,
1.0,
1.0,
0.0,
0.0,
0.0,
0.0,
0.0,
2.0,
0.0,
0.0,
0.0,
0.0,
2.0,
0.0,
0.0,
34.0,
180.0,
251.0,
149.0,
2.0,
0.0,
0.0,
0.0,
13.0,
8.0,
0.0,
0.0,
6.0,
6.0,
0.0,
0.0,
0.0,
0.0,
0.0,
0.0,
3.0,
0.0,
0.0,
2.0,
1.0,
0.0,
1.0,
4.0,
151.0,
253.0,
226.0,
29.0,
9.0,
2.0,
13.0,
0.0,
0.0,
0.0,
0.0,
8.0,
6.0,
0.0,
4.0,
0.0,
0.0,
0.0,
0.0,
1.0,
2.0,
2.0,
0.0,
7.0,
2.0,
0.0,
5.0,
72.0,
224.0,
225.0,
42.0,
0.0,
0.0,
11.0,
0.0,
0.0,
11.0,
9.0,
1.0,
0.0,
0.0,
2.0,
6.0,
0.0,
0.0,
0.0,
0.0,
1.0,
0.0,
1.0,
0.0,
7.0,
0.0,
0.0,
30.0,
205.0,
248.0,
129.0,
0.0,
15.0,
0.0,
12.0,
9.0,
4.0,
0.0,
0.0,
97.0,
215.0,
241.0,
198.0,
68.0,
0.0,
0.0,
0.0,
0.0,
0.0,
0.0,
1.0,
0.0,
3.0,
0.0,
7.0,
97.0,
255.0,
175.0,
4.0,
5.0,
0.0,
14.0,
0.0,
0.0,
6.0,
143.0,
209.0,
255.0,
243.0,
248.0,
255.0,
139.0,
0.0,
0.0,
0.0,
0.0,
1.0,
0.0,
5.0,
0.0,
0.0,
0.0,
47.0,
193.0,
250.0,
75.0,
0.0,
0.0,
2.0,
0.0,
0.0,
0.0,
45.0,
218.0,
255.0,
136.0,
31.0,
129.0,
251.0,
146.0,
0.0,
0.0,
0.0,
0.0,
4.0,
0.0,
12.0,
1.0,
0.0,
4.0,
82.0,
255.0,
179.0,
1.0,
0.0,
1.0,
0.0,
6.0,
12.0,
104.0,
189.0,
106.0,
23.0,
0.0,
22.0,
164.0,
250.0,
146.0,
0.0,
0.0,
0.0,
0.0,
2.0,
0.0,
0.0,
0.0,
3.0,
0.0,
152.0,
252.0,
79.0,
11.0,
0.0,
1.0,
7.0,
0.0,
199.0,
255.0,
75.0,
16.0,
2.0,
0.0,
79.0,
245.0,
238.0,
65.0,
0.0,
0.0,
0.0,
0.0,
0.0,
4.0,
7.0,
0.0,
0.0,
0.0,
147.0,
255.0,
93.0,
0.0,
0.0,
6.0,
30.0,
103.0,
240.0,
49.0,
16.0,
0.0,
0.0,
17.0,
181.0,
223.0,
63.0,
0.0,
0.0,
0.0,
0.0,
0.0,
0.0,
7.0,
2.0,
0.0,
10.0,
4.0,
137.0,
248.0,
91.0,
0.0,
18.0,
0.0,
172.0,
255.0,
42.0,
5.0,
0.0,
3.0,
35.0,
178.0,
226.0,
58.0,
19.0,
0.0,
0.0,
0.0,
0.0,
0.0,
0.0,
5.0,
0.0,
0.0,
10.0,
5.0,
132.0,
255.0,
77.0,
0.0,
4.0,
106.0,
253.0,
172.0,
8.0,
32.0,
0.0,
23.0,
144.0,
173.0,
20.0,
5.0,
0.0,
8.0,
0.0,
0.0,
0.0,
0.0,
0.0,
3.0,
0.0,
0.0,
0.0,
0.0,
100.0,
245.0,
238.0,
139.0,
141.0,
255.0,
255.0,
98.0,
214.0,
236.0,
93.0,
14.0,
185.0,
6.0,
1.0,
8.0,
1.0,
4.0,
0.0,
0.0,
0.0,
0.0,
6.0,
0.0,
0.0,
2.0,
7.0,
0.0,
28.0,
102.0,
212.0,
254.0,
247.0,
234.0,
245.0,
255.0,
198.0,
149.0,
66.0,
12.0,
9.0,
0.0,
1.0,
0.0,
5.0,
0.0,
0.0,
0.0,
0.0,
0.0,
6.0,
0.0,
0.0,
3.0,
10.0,
5.0,
0.0,
0.0,
8.0,
105.0,
160.0,
255.0,
204.0,
141.0,
0.0,
2.0,
1.0,
0.0,
0.0,
0.0,
0.0,
6.0,
20.0,
0.0,
0.0,
0.0,
0.0,
0.0,
0.0,
3.0,
13.0,
0.0,
0.0,
6.0,
9.0,
2.0,
0.0,
0.0,
1.0,
0.0,
3.0,
0.0,
8.0,
0.0,
0.0,
3.0,
2.0,
5.0,
5.0,
3.0,
0.0,
9.0,
0.0,
0.0,
0.0,
0.0,
0.0,
0.0,
0.0,
0.0,
0.0,
0.0,
0.0,
0.0,
0.0,
0.0,
0.0,
0.0,
0.0,
0.0,
0.0,
0.0,
0.0,
0.0,
0.0,
0.0,
0.0,
0.0,
0.0,
0.0,
0.0,
0.0,
0.0,
0.0,
0.0,
0.0,
0.0,
0.0,
0.0,
0.0,
0.0,
0.0,
0.0,
0.0,
0.0,
0.0,
0.0,
0.0,
0.0,
0.0,
0.0,
0.0,
0.0,
0.0,
0.0,
0.0,
0.0,
0.0,
0.0,
0.0,
0.0,
0.0,
0.0,
0.0,
0.0,
0.0,
0.0,
0.0,
0.0,
0.0,
0.0,
0.0,
0.0,
0.0,
0.0,
0.0,
0.0,
0.0,
0.0,
0.0,
0.0,
0.0,
0.0,
0.0,
0.0,
0.0,
0.0,
0.0,
0.0,
0.0,
0.0,
0.0,
0.0,
0.0,
0.0,
0.0,
0.0,
0.0,
0.0,
0.0,
0.0,
0.0,
0.0,
0.0,
0.0,
0.0,
0.0,
0.0,
0.0,
0.0,
0.0,
0.0,
0.0,
0.0,
0.0,
0.0,
0.0,
0.0,
