0.0,
0.0,
0.0,
0.0,
0.0,
0.0,
0.0,
0.0,
4.0,
0.0,
4.0,
6.0,
0.0,
3.0,
0.0,
1.0,
0.0,
0.0,
0.0,
0.0,
0.0,
0.0,
0.0,
0.0,
0.0,
0.0,
0.0,
0.0,
0.0,
0.0,
0.0,
0.0,
0.0,
0.0,
0.0,
0.0,
1.0,
0.0,
8.0,
0.0,
1.0,
4.0,
0.0,
6.0,
0.0,
0.0,
0.0,
0.0,
0.0,
0.0,
0.0,
0.0,
0.0,
0.0,
0.0,
0.0,
0.0,
0.0,
0.0,
0.0,
0.0,
0.0,
0.0,
0.0,
4.0,
0.0,
0.0,
250.0,
193.0,
0.0,
21.0,
0.0,
0.0,
0.0,
0.0,
0.0,
0.0,
0.0,
0.0,
0.0,
0.0,
0.0,
0.0,
0.0,
0.0,
0.0,
0.0,
0.0,
0.0,
0.0,
0.0,
0.0,
2.0,
4.0,
134.0,
248.0,
255.0,
0.0,
0.0,
0.0,
0.0,
0.0,
0.0,
0.0,
0.0,
0.0,
0.0,
0.0,
0.0,
0.0,
0.0,
0.0,
0.0,
0.0,
0.0,
0.0,
0.0,
0.0,
0.0,
0.0,
0.0,
55.0,
255.0,
255.0,
108.0,
1.0,
0.0,
16.0,
0.0,
0.0,
0.0,
0.0,
0.0,
0.0,
0.0,
0.0,
0.0,
0.0,
0.0,
0.0,
0.0,
0.0,
0.0,
0.0,
0.0,
0.0,
0.0,
0.0,
0.0,
154.0,
239.0,
251.0,
150.0,
4.0,
14.0,
0.0,
0.0,
0.0,
0.0,
0.0,
0.0,
0.0,
0.0,
0.0,
0.0,
0.0,
0.0,
0.0,
0.0,
0.0,
0.0,
0.0,
0.0,
0.0,
0.0,
0.0,
0.0,
197.0,
255.0,
237.0,
11.0,
0.0,
6.0,
0.0,
0.0,
0.0,
0.0,
0.0,
0.0,
0.0,
0.0,
0.0,
0.0,
0.0,
0.0,
0.0,
0.0,
0.0,
0.0,
0.0,
0.0,
0.0,
0.0,
0.0,
83.0,
231.0,
255.0,
139.0,
0.0,
0.0,
0.0,
3.0,
0.0,
0.0,
0.0,
0.0,
0.0,
0.0,
0.0,
0.0,
0.0,
0.0,
0.0,
0.0,
0.0,
2.0,
4.0,
13.0,
0.0,
14.0,
0.0,
0.0,
134.0,
244.0,
255.0,
68.0,
6.0,
0.0,
6.0,
2.0,
4.0,
0.0,
0.0,
11.0,
0.0,
11.0,
2.0,
0.0,
6.0,
0.0,
12.0,
7.0,
7.0,
13.0,
0.0,
0.0,
4.0,
2.0,
0.0,
11.0,
255.0,
255.0,
255.0,
0.0,
3.0,
7.0,
7.0,
0.0,
7.0,
25.0,
0.0,
0.0,
10.0,
64.0,
66.0,
59.0,
18.0,
0.0,
0.0,
0.0,
1.0,
4.0,
0.0,
1.0,
12.0,
0.0,
0.0,
0.0,
250.0,
255.0,
255.0,
0.0,
11.0,
0.0,
0.0,
3.0,
0.0,
0.0,
0.0,
0.0,
255.0,
246.0,
238.0,
255.0,
167.0,
29.0,
0.0,
9.0,
0.0,
0.0,
0.0,
12.0,
0.0,
0.0,
12.0,
6.0,
253.0,
255.0,
126.0,
0.0,
2.0,
1.0,
8.0,
0.0,
10.0,
11.0,
16.0,
188.0,
234.0,
254.0,
255.0,
254.0,
255.0,
116.0,
6.0,
0.0,
1.0,
0.0,
3.0,
6.0,
0.0,
6.0,
10.0,
117.0,
255.0,
240.0,
6.0,
0.0,
0.0,
12.0,
4.0,
0.0,
2.0,
0.0,
170.0,
255.0,
255.0,
132.0,
66.0,
239.0,
244.0,
61.0,
0.0,
12.0,
0.0,
13.0,
0.0,
0.0,
6.0,
0.0,
0.0,
205.0,
247.0,
180.0,
5.0,
8.0,
1.0,
5.0,
0.0,
4.0,
0.0,
212.0,
250.0,
255.0,
56.0,
56.0,
182.0,
255.0,
123.0,
31.0,
0.0,
0.0,
0.0,
8.0,
0.0,
0.0,
10.0,
0.0,
19.0,
238.0,
255.0,
138.0,
0.0,
0.0,
4.0,
9.0,
0.0,
12.0,
2.0,
248.0,
255.0,
187.0,
2.0,
120.0,
255.0,
247.0,
60.0,
0.0,
0.0,
8.0,
3.0,
0.0,
7.0,
0.0,
0.0,
8.0,
116.0,
255.0,
245.0,
132.0,
3.0,
0.0,
5.0,
0.0,
0.0,
0.0,
129.0,
255.0,
244.0,
4.0,
188.0,
255.0,
240.0,
71.0,
3.0,
0.0,
4.0,
1.0,
0.0,
5.0,
0.0,
9.0,
0.0,
3.0,
130.0,
248.0,
254.0,
130.0,
0.0,
0.0,
14.0,
0.0,
5.0,
6.0,
252.0,
255.0,
121.0,
120.0,
250.0,
255.0,
175.0,
0.0,
0.0,
0.0,
0.0,
0.0,
6.0,
0.0,
0.0,
1.0,
1.0,
1.0,
107.0,
255.0,
255.0,
119.0,
23.0,
4.0,
0.0,
5.0,
3.0,
0.0,
255.0,
255.0,
255.0,
255.0,
253.0,
174.0,
2.0,
12.0,
0.0,
0.0,
0.0,
0.0,
3.0,
0.0,
3.0,
0.0,
8.0,
0.0,
25.0,
176.0,
255.0,
177.0,
57.0,
6.0,
0.0,
0.0,
12.0,
1.0,
252.0,
243.0,
255.0,
245.0,
255.0,
131.0,
0.0,
0.0,
0.0,
0.0,
0.0,
0.0,
0.0,
2.0,
6.0,
0.0,
8.0,
0.0,
0.0,
20.0,
240.0,
255.0,
255.0,
136.0,
120.0,
145.0,
129.0,
250.0,
255.0,
252.0,
255.0,
250.0,
27.0,
18.0,
0.0,
4.0,
0.0,
0.0,
0.0,
0.0,
0.0,
2.0,
0.0,
0.0,
0.0,
5.0,
12.0,
0.0,
143.0,
243.0,
255.0,
236.0,
255.0,
255.0,
230.0,
255.0,
255.0,
247.0,
113.0,
143.0,
13.0,
0.0,
13.0,
0.0,
0.0,
0.0,
0.0,
0.0,
3.0,
0.0,
0.0,
10.0,
0.0,
0.0,
25.0,
0.0,
0.0,
77.0,
247.0,
255.0,
255.0,
255.0,
187.0,
193.0,
122.0,
4.0,
6.0,
0.0,
9.0,
0.0,
0.0,
0.0,
0.0,
0.0,
0.0,
0.0,
2.0,
0.0,
0.0,
9.0,
0.0,
0.0,
0.0,
0.0,
6.0,
0.0,
11.0,
6.0,
0.0,
0.0,
11.0,
1.0,
0.0,
14.0,
0.0,
4.0,
3.0,
3.0,
0.0,
12.0,
0.0,
0.0,
0.0,
0.0,
0.0,
0.0,
5.0,
0.0,
1.0,
12.0,
0.0,
9.0,
5.0,
0.0,
0.0,
0.0,
5.0,
9.0,
0.0,
0.0,
5.0,
0.0,
2.0,
5.0,
0.0,
4.0,
14.0,
0.0,
0.0,
0.0,
0.0,
0.0,
0.0,
0.0,
0.0,
0.0,
0.0,
0.0,
0.0,
0.0,
0.0,
0.0,
0.0,
0.0,
0.0,
0.0,
0.0,
0.0,
0.0,
0.0,
0.0,
0.0,
0.0,
0.0,
0.0,
0.0,
0.0,
0.0,
0.0,
0.0,
0.0,
0.0,
0.0,
0.0,
0.0,
0.0,
0.0,
0.0,
0.0,
0.0,
0.0,
0.0,
0.0,
0.0,
0.0,
0.0,
0.0,
0.0,
0.0,
0.0,
0.0,
0.0,
0.0,
0.0,
0.0,
0.0,
0.0,
0.0,
0.0,
0.0,
0.0,
0.0,
0.0,
0.0,
0.0,
0.0,
0.0,
0.0,
0.0,
0.0,
0.0,
0.0,
0.0,
0.0,
0.0,
0.0,
0.0,
0.0,
0.0,
0.0,
0.0,
0.0,
0.0,
0.0,
0.0,
0.0,
0.0,
0.0,
0.0,
0.0,
0.0,
0.0,
0.0,
0.0,
0.0,
0.0,
0.0,
0.0,
0.0,
0.0,
0.0,
0.0,
0.0,
0.0,
0.0,
0.0,
0.0,
0.0,
0.0,
0.0,
0.0,
0.0,
0.0,
0.0,
