0.0,
0.0,
0.0,
0.0,
0.0,
0.0,
0.0,
0.0,
0.0,
4.0,
0.0,
7.0,
4.0,
2.0,
0.0,
4.0,
0.0,
11.0,
0.0,
0.0,
0.0,
5.0,
8.0,
0.0,
0.0,
0.0,
0.0,
0.0,
0.0,
0.0,
0.0,
0.0,
0.0,
0.0,
0.0,
0.0,
9.0,
0.0,
9.0,
0.0,
3.0,
0.0,
17.0,
0.0,
15.0,
0.0,
0.0,
7.0,
6.0,
0.0,
0.0,
1.0,
0.0,
0.0,
0.0,
0.0,
0.0,
0.0,
0.0,
0.0,
0.0,
0.0,
0.0,
0.0,
0.0,
13.0,
0.0,
7.0,
0.0,
0.0,
16.0,
101.0,
215.0,
53.0,
6.0,
0.0,
0.0,
0.0,
2.0,
5.0,
0.0,
0.0,
0.0,
0.0,
0.0,
0.0,
0.0,
0.0,
0.0,
0.0,
0.0,
0.0,
0.0,
0.0,
6.0,
0.0,
3.0,
0.0,
99.0,
244.0,
255.0,
45.0,
0.0,
0.0,
10.0,
3.0,
6.0,
0.0,
0.0,
0.0,
0.0,
0.0,
0.0,
0.0,
0.0,
0.0,
0.0,
0.0,
0.0,
0.0,
6.0,
0.0,
11.0,
0.0,
0.0,
72.0,
228.0,
255.0,
151.0,
0.0,
2.0,
0.0,
5.0,
0.0,
8.0,
0.0,
0.0,
0.0,
0.0,
0.0,
0.0,
0.0,
0.0,
0.0,
0.0,
0.0,
0.0,
0.0,
0.0,
10.0,
0.0,
0.0,
23.0,
205.0,
255.0,
189.0,
69.0,
0.0,
11.0,
1.0,
0.0,
0.0,
9.0,
6.0,
0.0,
0.0,
0.0,
0.0,
0.0,
0.0,
0.0,
0.0,
0.0,
0.0,
0.0,
0.0,
0.0,
15.0,
6.0,
3.0,
171.0,
248.0,
193.0,
67.0,
0.0,
0.0,
0.0,
0.0,
5.0,
4.0,
3.0,
0.0,
0.0,
0.0,
0.0,
0.0,
0.0,
0.0,
0.0,
0.0,
0.0,
0.0,
0.0,
0.0,
2.0,
0.0,
0.0,
113.0,
240.0,
255.0,
114.0,
0.0,
0.0,
9.0,
0.0,
0.0,
1.0,
1.0,
2.0,
0.0,
0.0,
0.0,
0.0,
0.0,
0.0,
0.0,
0.0,
0.0,
0.0,
0.0,
0.0,
0.0,
2.0,
0.0,
26.0,
225.0,
255.0,
153.0,
0.0,
0.0,
0.0,
0.0,
0.0,
1.0,
0.0,
0.0,
11.0,
0.0,
0.0,
0.0,
0.0,
0.0,
0.0,
0.0,
0.0,
0.0,
0.0,
0.0,
0.0,
0.0,
0.0,
10.0,
152.0,
255.0,
195.0,
30.0,
0.0,
8.0,
16.0,
0.0,
9.0,
0.0,
1.0,
2.0,
0.0,
13.0,
0.0,
0.0,
0.0,
0.0,
0.0,
0.0,
0.0,
0.0,
0.0,
0.0,
0.0,
0.0,
0.0,
14.0,
204.0,
255.0,
92.0,
0.0,
10.0,
0.0,
0.0,
0.0,
13.0,
0.0,
2.0,
0.0,
0.0,
0.0,
0.0,
0.0,
0.0,
0.0,
0.0,
0.0,
0.0,
0.0,
0.0,
0.0,
0.0,
0.0,
0.0,
122.0,
255.0,
253.0,
37.0,
0.0,
0.0,
11.0,
0.0,
17.0,
0.0,
2.0,
16.0,
0.0,
4.0,
4.0,
0.0,
0.0,
0.0,
0.0,
0.0,
0.0,
0.0,
0.0,
0.0,
0.0,
0.0,
0.0,
8.0,
237.0,
236.0,
112.0,
0.0,
19.0,
0.0,
55.0,
135.0,
157.0,
142.0,
159.0,
144.0,
59.0,
0.0,
0.0,
0.0,
0.0,
0.0,
0.0,
0.0,
0.0,
0.0,
0.0,
0.0,
0.0,
0.0,
0.0,
51.0,
254.0,
255.0,
8.0,
0.0,
27.0,
180.0,
249.0,
233.0,
250.0,
255.0,
255.0,
243.0,
201.0,
10.0,
0.0,
0.0,
0.0,
0.0,
0.0,
0.0,
0.0,
0.0,
0.0,
0.0,
0.0,
0.0,
0.0,
135.0,
247.0,
93.0,
18.0,
12.0,
201.0,
255.0,
255.0,
253.0,
239.0,
245.0,
246.0,
255.0,
255.0,
12.0,
0.0,
0.0,
0.0,
0.0,
0.0,
0.0,
0.0,
0.0,
0.0,
0.0,
0.0,
0.0,
0.0,
221.0,
255.0,
57.0,
0.0,
184.0,
255.0,
218.0,
120.0,
15.0,
0.0,
8.0,
168.0,
251.0,
237.0,
0.0,
4.0,
0.0,
0.0,
0.0,
0.0,
0.0,
2.0,
3.0,
1.0,
0.0,
0.0,
4.0,
10.0,
254.0,
255.0,
36.0,
132.0,
255.0,
217.0,
33.0,
1.0,
0.0,
86.0,
237.0,
255.0,
250.0,
80.0,
13.0,
0.0,
0.0,
0.0,
0.0,
0.0,
0.0,
2.0,
3.0,
1.0,
0.0,
0.0,
4.0,
9.0,
244.0,
244.0,
90.0,
204.0,
249.0,
131.0,
108.0,
168.0,
209.0,
232.0,
245.0,
235.0,
124.0,
13.0,
0.0,
21.0,
0.0,
0.0,
0.0,
0.0,
0.0,
1.0,
3.0,
1.0,
0.0,
0.0,
3.0,
7.0,
253.0,
255.0,
255.0,
255.0,
255.0,
255.0,
245.0,
255.0,
251.0,
255.0,
179.0,
84.0,
0.0,
11.0,
1.0,
0.0,
0.0,
0.0,
0.0,
0.0,
0.0,
1.0,
2.0,
1.0,
0.0,
0.0,
2.0,
5.0,
187.0,
238.0,
255.0,
244.0,
253.0,
252.0,
255.0,
235.0,
182.0,
61.0,
0.0,
3.0,
8.0,
3.0,
0.0,
0.0,
0.0,
0.0,
0.0,
0.0,
0.0,
1.0,
1.0,
1.0,
0.0,
0.0,
1.0,
3.0,
2.0,
154.0,
246.0,
254.0,
236.0,
175.0,
71.0,
21.0,
6.0,
0.0,
11.0,
5.0,
0.0,
0.0,
6.0,
10.0,
0.0,
0.0,
0.0,
0.0,
0.0,
0.0,
0.0,
0.0,
1.0,
1.0,
1.0,
1.0,
10.0,
0.0,
197.0,
247.0,
51.0,
0.0,
0.0,
3.0,
1.0,
0.0,
0.0,
5.0,
3.0,
8.0,
2.0,
0.0,
0.0,
0.0,
0.0,
0.0,
0.0,
0.0,
0.0,
0.0,
1.0,
1.0,
0.0,
0.0,
0.0,
13.0,
0.0,
8.0,
0.0,
0.0,
8.0,
0.0,
1.0,
5.0,
0.0,
0.0,
0.0,
4.0,
0.0,
0.0,
0.0,
0.0,
0.0,
0.0,
0.0,
0.0,
0.0,
0.0,
1.0,
1.0,
0.0,
0.0,
5.0,
0.0,
12.0,
0.0,
0.0,
2.0,
0.0,
0.0,
0.0,
7.0,
11.0,
0.0,
8.0,
0.0,
0.0,
4.0,
0.0,
0.0,
0.0,
0.0,
0.0,
0.0,
0.0,
0.0,
0.0,
0.0,
0.0,
0.0,
0.0,
0.0,
0.0,
0.0,
0.0,
0.0,
0.0,
0.0,
0.0,
0.0,
0.0,
0.0,
0.0,
0.0,
0.0,
0.0,
0.0,
0.0,
0.0,
0.0,
0.0,
0.0,
0.0,
0.0,
0.0,
0.0,
0.0,
0.0,
0.0,
0.0,
0.0,
0.0,
0.0,
0.0,
0.0,
0.0,
0.0,
0.0,
0.0,
0.0,
0.0,
0.0,
0.0,
0.0,
0.0,
0.0,
0.0,
0.0,
0.0,
0.0,
0.0,
0.0,
0.0,
0.0,
0.0,
0.0,
0.0,
0.0,
0.0,
0.0,
0.0,
0.0,
0.0,
0.0,
0.0,
0.0,
0.0,
0.0,
0.0,
0.0,
0.0,
0.0,
0.0,
0.0,
0.0,
0.0,
0.0,
0.0,
0.0,
0.0,
0.0,
0.0,
0.0,
0.0,
0.0,
0.0,
0.0,
0.0,
0.0,
0.0,
0.0,
0.0,
0.0,
0.0,
0.0,
0.0,
0.0,
0.0,
0.0,
0.0,
0.0,
0.0,
0.0,
0.0,
