0.0,
0.0,
0.0,
0.0,
0.0,
0.0,
0.0,
0.0,
10.0,
1.0,
0.0,
0.0,
0.0,
0.0,
0.0,
1.0,
12.0,
0.0,
0.0,
4.0,
2.0,
0.0,
3.0,
0.0,
4.0,
0.0,
3.0,
2.0,
0.0,
0.0,
0.0,
0.0,
0.0,
0.0,
0.0,
0.0,
0.0,
0.0,
1.0,
5.0,
4.0,
2.0,
2.0,
4.0,
0.0,
13.0,
6.0,
1.0,
1.0,
0.0,
8.0,
9.0,
0.0,
1.0,
4.0,
0.0,
0.0,
0.0,
0.0,
0.0,
0.0,
0.0,
0.0,
0.0,
0.0,
0.0,
3.0,
1.0,
0.0,
0.0,
0.0,
0.0,
1.0,
0.0,
0.0,
15.0,
0.0,
0.0,
11.0,
0.0,
0.0,
0.0,
23.0,
0.0,
0.0,
0.0,
0.0,
0.0,
0.0,
0.0,
0.0,
0.0,
0.0,
3.0,
1.0,
0.0,
0.0,
0.0,
0.0,
0.0,
7.0,
5.0,
0.0,
0.0,
0.0,
115.0,
246.0,
255.0,
255.0,
3.0,
0.0,
8.0,
0.0,
0.0,
0.0,
0.0,
0.0,
0.0,
0.0,
0.0,
0.0,
0.0,
0.0,
0.0,
2.0,
7.0,
6.0,
1.0,
0.0,
8.0,
9.0,
92.0,
212.0,
253.0,
251.0,
253.0,
242.0,
0.0,
4.0,
16.0,
0.0,
0.0,
0.0,
0.0,
0.0,
0.0,
0.0,
0.0,
1.0,
0.0,
0.0,
4.0,
5.0,
0.0,
0.0,
0.0,
0.0,
0.0,
114.0,
250.0,
254.0,
237.0,
255.0,
252.0,
214.0,
8.0,
0.0,
5.0,
0.0,
0.0,
0.0,
0.0,
0.0,
0.0,
0.0,
0.0,
4.0,
0.0,
0.0,
5.0,
1.0,
0.0,
0.0,
10.0,
47.0,
198.0,
252.0,
255.0,
255.0,
162.0,
52.0,
32.0,
12.0,
0.0,
10.0,
0.0,
0.0,
0.0,
0.0,
0.0,
0.0,
0.0,
0.0,
0.0,
3.0,
0.0,
0.0,
4.0,
0.0,
0.0,
20.0,
55.0,
217.0,
244.0,
250.0,
237.0,
153.0,
29.0,
0.0,
3.0,
5.0,
0.0,
0.0,
4.0,
0.0,
2.0,
4.0,
0.0,
4.0,
8.0,
0.0,
8.0,
0.0,
18.0,
0.0,
0.0,
0.0,
14.0,
110.0,
255.0,
251.0,
255.0,
191.0,
50.0,
7.0,
0.0,
14.0,
0.0,
0.0,
0.0,
0.0,
0.0,
0.0,
1.0,
2.0,
0.0,
3.0,
0.0,
0.0,
4.0,
10.0,
9.0,
0.0,
20.0,
29.0,
110.0,
255.0,
241.0,
246.0,
181.0,
51.0,
1.0,
0.0,
13.0,
0.0,
17.0,
0.0,
0.0,
0.0,
0.0,
2.0,
2.0,
0.0,
4.0,
2.0,
0.0,
0.0,
3.0,
0.0,
0.0,
8.0,
0.0,
169.0,
255.0,
248.0,
248.0,
101.0,
12.0,
0.0,
0.0,
12.0,
2.0,
2.0,
0.0,
0.0,
0.0,
0.0,
0.0,
4.0,
4.0,
0.0,
0.0,
2.0,
0.0,
8.0,
0.0,
0.0,
11.0,
46.0,
171.0,
255.0,
236.0,
235.0,
63.0,
16.0,
0.0,
0.0,
16.0,
5.0,
0.0,
0.0,
3.0,
0.0,
0.0,
0.0,
0.0,
1.0,
5.0,
0.0,
0.0,
4.0,
3.0,
0.0,
0.0,
0.0,
110.0,
197.0,
255.0,
241.0,
250.0,
4.0,
0.0,
0.0,
0.0,
20.0,
83.0,
211.0,
54.0,
0.0,
6.0,
0.0,
0.0,
0.0,
0.0,
0.0,
0.0,
5.0,
0.0,
5.0,
0.0,
0.0,
24.0,
95.0,
235.0,
255.0,
244.0,
194.0,
40.0,
0.0,
13.0,
54.0,
238.0,
255.0,
255.0,
249.0,
219.0,
59.0,
0.0,
0.0,
0.0,
0.0,
0.0,
0.0,
0.0,
10.0,
0.0,
4.0,
0.0,
8.0,
132.0,
248.0,
255.0,
246.0,
157.0,
9.0,
12.0,
5.0,
155.0,
251.0,
252.0,
252.0,
249.0,
253.0,
247.0,
96.0,
15.0,
0.0,
0.0,
0.0,
0.0,
7.0,
0.0,
11.0,
0.0,
3.0,
2.0,
41.0,
241.0,
255.0,
251.0,
207.0,
7.0,
0.0,
3.0,
163.0,
255.0,
249.0,
246.0,
255.0,
241.0,
254.0,
252.0,
49.0,
1.0,
0.0,
0.0,
0.0,
0.0,
0.0,
0.0,
6.0,
6.0,
6.0,
1.0,
221.0,
241.0,
255.0,
160.0,
21.0,
4.0,
65.0,
151.0,
241.0,
255.0,
255.0,
131.0,
45.0,
190.0,
255.0,
205.0,
2.0,
6.0,
0.0,
0.0,
0.0,
0.0,
0.0,
4.0,
0.0,
0.0,
0.0,
30.0,
247.0,
255.0,
242.0,
62.0,
4.0,
0.0,
164.0,
255.0,
255.0,
246.0,
175.0,
27.0,
180.0,
255.0,
242.0,
101.0,
0.0,
0.0,
0.0,
0.0,
0.0,
0.0,
2.0,
3.0,
0.0,
0.0,
4.0,
154.0,
246.0,
237.0,
201.0,
0.0,
3.0,
36.0,
223.0,
255.0,
242.0,
255.0,
214.0,
209.0,
255.0,
235.0,
110.0,
34.0,
15.0,
0.0,
0.0,
0.0,
0.0,
0.0,
0.0,
8.0,
9.0,
10.0,
0.0,
255.0,
255.0,
255.0,
172.0,
55.0,
29.0,
145.0,
255.0,
246.0,
241.0,
255.0,
255.0,
250.0,
231.0,
193.0,
18.0,
3.0,
0.0,
0.0,
0.0,
0.0,
0.0,
0.0,
0.0,
5.0,
0.0,
4.0,
4.0,
234.0,
249.0,
251.0,
255.0,
247.0,
187.0,
244.0,
255.0,
248.0,
255.0,
254.0,
251.0,
235.0,
65.0,
0.0,
6.0,
0.0,
24.0,
0.0,
0.0,
0.0,
0.0,
0.0,
1.0,
7.0,
0.0,
0.0,
18.0,
111.0,
240.0,
255.0,
246.0,
255.0,
255.0,
255.0,
255.0,
243.0,
243.0,
234.0,
187.0,
14.0,
11.0,
0.0,
13.0,
1.0,
0.0,
0.0,
0.0,
0.0,
0.0,
0.0,
0.0,
13.0,
4.0,
2.0,
0.0,
11.0,
175.0,
245.0,
255.0,
242.0,
245.0,
243.0,
226.0,
137.0,
54.0,
3.0,
0.0,
0.0,
14.0,
1.0,
0.0,
0.0,
5.0,
4.0,
0.0,
0.0,
0.0,
0.0,
7.0,
0.0,
0.0,
10.0,
0.0,
10.0,
0.0,
0.0,
0.0,
10.0,
0.0,
10.0,
3.0,
0.0,
7.0,
0.0,
10.0,
0.0,
0.0,
0.0,
13.0,
0.0,
6.0,
0.0,
0.0,
0.0,
0.0,
0.0,
0.0,
0.0,
0.0,
0.0,
0.0,
0.0,
0.0,
0.0,
0.0,
0.0,
0.0,
0.0,
0.0,
0.0,
0.0,
0.0,
0.0,
0.0,
0.0,
0.0,
0.0,
0.0,
0.0,
0.0,
0.0,
0.0,
0.0,
0.0,
0.0,
0.0,
0.0,
0.0,
0.0,
0.0,
0.0,
0.0,
0.0,
0.0,
0.0,
0.0,
0.0,
0.0,
0.0,
0.0,
0.0,
0.0,
0.0,
0.0,
0.0,
0.0,
0.0,
0.0,
0.0,
0.0,
0.0,
0.0,
0.0,
0.0,
0.0,
0.0,
0.0,
0.0,
0.0,
0.0,
0.0,
0.0,
0.0,
0.0,
0.0,
0.0,
0.0,
0.0,
0.0,
0.0,
0.0,
0.0,
0.0,
0.0,
0.0,
0.0,
0.0,
0.0,
0.0,
0.0,
0.0,
0.0,
0.0,
0.0,
0.0,
0.0,
0.0,
0.0,
0.0,
0.0,
0.0,
0.0,
0.0,
0.0,
0.0,
0.0,
0.0,
0.0,
0.0,
0.0,
0.0,
0.0,
0.0,
0.0,
0.0,
0.0,
0.0,
0.0,
