0.0,
0.0,
0.0,
0.0,
0.0,
0.0,
0.0,
0.0,
10.0,
0.0,
14.0,
7.0,
0.0,
7.0,
6.0,
2.0,
0.0,
12.0,
0.0,
0.0,
5.0,
0.0,
12.0,
0.0,
0.0,
0.0,
0.0,
0.0,
0.0,
0.0,
0.0,
0.0,
0.0,
0.0,
0.0,
0.0,
0.0,
1.0,
0.0,
2.0,
7.0,
0.0,
0.0,
0.0,
4.0,
0.0,
10.0,
14.0,
0.0,
0.0,
8.0,
0.0,
0.0,
0.0,
0.0,
0.0,
0.0,
0.0,
0.0,
0.0,
0.0,
0.0,
0.0,
0.0,
4.0,
0.0,
14.0,
0.0,
14.0,
6.0,
185.0,
255.0,
183.0,
9.0,
0.0,
4.0,
0.0,
16.0,
0.0,
0.0,
0.0,
0.0,
0.0,
0.0,
0.0,
0.0,
0.0,
0.0,
0.0,
0.0,
0.0,
0.0,
0.0,
0.0,
0.0,
21.0,
0.0,
126.0,
246.0,
240.0,
145.0,
0.0,
0.0,
12.0,
0.0,
4.0,
0.0,
8.0,
0.0,
0.0,
0.0,
0.0,
0.0,
0.0,
0.0,
0.0,
0.0,
0.0,
0.0,
0.0,
5.0,
6.0,
0.0,
0.0,
48.0,
255.0,
255.0,
121.0,
1.0,
0.0,
9.0,
0.0,
0.0,
1.0,
1.0,
4.0,
0.0,
0.0,
0.0,
0.0,
0.0,
0.0,
0.0,
0.0,
0.0,
0.0,
0.0,
0.0,
0.0,
0.0,
13.0,
30.0,
191.0,
254.0,
135.0,
3.0,
0.0,
17.0,
2.0,
0.0,
0.0,
5.0,
4.0,
0.0,
0.0,
0.0,
0.0,
0.0,
0.0,
0.0,
0.0,
0.0,
0.0,
0.0,
0.0,
0.0,
3.0,
2.0,
0.0,
154.0,
255.0,
242.0,
39.0,
11.0,
0.0,
0.0,
2.0,
7.0,
7.0,
0.0,
0.0,
5.0,
0.0,
0.0,
0.0,
0.0,
0.0,
0.0,
0.0,
0.0,
0.0,
0.0,
0.0,
0.0,
0.0,
11.0,
10.0,
222.0,
248.0,
162.0,
0.0,
2.0,
8.0,
0.0,
2.0,
0.0,
0.0,
11.0,
3.0,
0.0,
0.0,
0.0,
0.0,
0.0,
0.0,
0.0,
0.0,
0.0,
0.0,
0.0,
0.0,
0.0,
2.0,
4.0,
139.0,
239.0,
207.0,
20.0,
0.0,
8.0,
11.0,
0.0,
7.0,
0.0,
8.0,
0.0,
0.0,
8.0,
0.0,
0.0,
0.0,
0.0,
0.0,
0.0,
0.0,
0.0,
0.0,
0.0,
0.0,
0.0,
0.0,
23.0,
242.0,
250.0,
78.0,
0.0,
9.0,
0.0,
0.0,
7.0,
5.0,
1.0,
1.0,
5.0,
12.0,
0.0,
0.0,
0.0,
0.0,
0.0,
0.0,
0.0,
0.0,
0.0,
0.0,
0.0,
0.0,
0.0,
4.0,
140.0,
252.0,
176.0,
0.0,
0.0,
0.0,
21.0,
0.0,
6.0,
0.0,
0.0,
24.0,
0.0,
0.0,
15.0,
0.0,
0.0,
0.0,
0.0,
0.0,
0.0,
0.0,
0.0,
0.0,
0.0,
0.0,
0.0,
0.0,
183.0,
243.0,
111.0,
0.0,
11.0,
2.0,
0.0,
32.0,
161.0,
222.0,
71.0,
0.0,
0.0,
7.0,
0.0,
0.0,
0.0,
0.0,
0.0,
0.0,
0.0,
0.0,
0.0,
0.0,
0.0,
0.0,
0.0,
14.0,
235.0,
255.0,
23.0,
18.0,
1.0,
0.0,
41.0,
220.0,
247.0,
243.0,
255.0,
108.0,
21.0,
0.0,
0.0,
0.0,
0.0,
0.0,
0.0,
0.0,
0.0,
0.0,
0.0,
0.0,
0.0,
0.0,
0.0,
123.0,
237.0,
196.0,
15.0,
0.0,
0.0,
0.0,
153.0,
252.0,
255.0,
194.0,
233.0,
236.0,
1.0,
11.0,
13.0,
0.0,
0.0,
0.0,
0.0,
0.0,
0.0,
0.0,
0.0,
0.0,
0.0,
0.0,
0.0,
173.0,
254.0,
69.0,
5.0,
4.0,
3.0,
13.0,
225.0,
248.0,
211.0,
22.0,
190.0,
244.0,
114.0,
0.0,
0.0,
0.0,
0.0,
0.0,
0.0,
0.0,
0.0,
0.0,
0.0,
0.0,
0.0,
0.0,
0.0,
245.0,
255.0,
46.0,
2.0,
0.0,
2.0,
210.0,
253.0,
222.0,
33.0,
0.0,
174.0,
255.0,
124.0,
14.0,
0.0,
0.0,
0.0,
0.0,
0.0,
0.0,
0.0,
0.0,
0.0,
0.0,
0.0,
0.0,
0.0,
247.0,
230.0,
71.0,
10.0,
0.0,
8.0,
216.0,
255.0,
163.0,
7.0,
69.0,
251.0,
248.0,
134.0,
0.0,
0.0,
0.0,
0.0,
0.0,
0.0,
0.0,
0.0,
0.0,
0.0,
0.0,
0.0,
0.0,
0.0,
151.0,
255.0,
41.0,
0.0,
14.0,
19.0,
231.0,
232.0,
52.0,
10.0,
251.0,
254.0,
236.0,
26.0,
11.0,
0.0,
0.0,
0.0,
0.0,
0.0,
0.0,
0.0,
0.0,
0.0,
0.0,
0.0,
0.0,
0.0,
41.0,
241.0,
121.0,
2.0,
4.0,
79.0,
251.0,
253.0,
148.0,
250.0,
255.0,
252.0,
97.0,
9.0,
0.0,
9.0,
0.0,
0.0,
0.0,
0.0,
0.0,
0.0,
0.0,
0.0,
0.0,
0.0,
0.0,
0.0,
11.0,
210.0,
255.0,
171.0,
76.0,
82.0,
243.0,
235.0,
248.0,
238.0,
222.0,
127.0,
0.0,
0.0,
1.0,
0.0,
0.0,
0.0,
0.0,
0.0,
0.0,
0.0,
0.0,
0.0,
0.0,
0.0,
0.0,
0.0,
15.0,
34.0,
237.0,
253.0,
252.0,
250.0,
255.0,
255.0,
254.0,
218.0,
24.0,
0.0,
0.0,
8.0,
12.0,
0.0,
0.0,
0.0,
0.0,
0.0,
0.0,
0.0,
0.0,
0.0,
0.0,
0.0,
0.0,
0.0,
1.0,
0.0,
62.0,
148.0,
255.0,
242.0,
255.0,
194.0,
50.0,
0.0,
0.0,
5.0,
0.0,
0.0,
3.0,
2.0,
0.0,
0.0,
0.0,
0.0,
0.0,
0.0,
0.0,
0.0,
0.0,
0.0,
0.0,
0.0,
0.0,
5.0,
9.0,
0.0,
3.0,
7.0,
0.0,
1.0,
15.0,
17.0,
0.0,
4.0,
7.0,
0.0,
1.0,
2.0,
0.0,
0.0,
0.0,
0.0,
0.0,
0.0,
0.0,
0.0,
0.0,
0.0,
0.0,
0.0,
2.0,
4.0,
0.0,
8.0,
0.0,
4.0,
0.0,
3.0,
0.0,
0.0,
2.0,
8.0,
0.0,
9.0,
7.0,
0.0,
0.0,
0.0,
0.0,
0.0,
0.0,
0.0,
0.0,
0.0,
0.0,
0.0,
0.0,
0.0,
0.0,
0.0,
0.0,
0.0,
0.0,
0.0,
0.0,
0.0,
0.0,
0.0,
0.0,
0.0,
0.0,
0.0,
0.0,
0.0,
0.0,
0.0,
0.0,
0.0,
0.0,
0.0,
0.0,
0.0,
0.0,
0.0,
0.0,
0.0,
0.0,
0.0,
0.0,
0.0,
0.0,
0.0,
0.0,
0.0,
0.0,
0.0,
0.0,
0.0,
0.0,
0.0,
0.0,
0.0,
0.0,
0.0,
0.0,
0.0,
0.0,
0.0,
0.0,
0.0,
0.0,
0.0,
0.0,
0.0,
0.0,
0.0,
0.0,
0.0,
0.0,
0.0,
0.0,
0.0,
0.0,
0.0,
0.0,
0.0,
0.0,
0.0,
0.0,
0.0,
0.0,
0.0,
0.0,
0.0,
0.0,
0.0,
0.0,
0.0,
0.0,
0.0,
0.0,
0.0,
0.0,
0.0,
0.0,
0.0,
0.0,
0.0,
0.0,
0.0,
0.0,
0.0,
0.0,
0.0,
0.0,
0.0,
0.0,
0.0,
0.0,
0.0,
0.0,
0.0,
