0.0,
0.0,
0.0,
0.0,
0.0,
0.0,
0.0,
0.0,
9.0,
0.0,
0.0,
11.0,
0.0,
6.0,
7.0,
0.0,
0.0,
0.0,
0.0,
0.0,
0.0,
0.0,
0.0,
0.0,
0.0,
0.0,
0.0,
0.0,
0.0,
0.0,
0.0,
0.0,
0.0,
0.0,
0.0,
0.0,
0.0,
15.0,
0.0,
8.0,
0.0,
0.0,
0.0,
6.0,
0.0,
0.0,
0.0,
0.0,
0.0,
0.0,
0.0,
0.0,
0.0,
0.0,
0.0,
0.0,
0.0,
0.0,
0.0,
0.0,
0.0,
0.0,
0.0,
0.0,
5.0,
0.0,
0.0,
61.0,
240.0,
255.0,
184.0,
15.0,
0.0,
0.0,
0.0,
0.0,
0.0,
0.0,
0.0,
0.0,
0.0,
0.0,
0.0,
0.0,
0.0,
0.0,
0.0,
0.0,
0.0,
0.0,
0.0,
0.0,
1.0,
0.0,
51.0,
212.0,
234.0,
96.0,
0.0,
53.0,
0.0,
0.0,
0.0,
0.0,
0.0,
0.0,
0.0,
0.0,
0.0,
0.0,
0.0,
0.0,
0.0,
0.0,
0.0,
0.0,
0.0,
0.0,
0.0,
0.0,
0.0,
32.0,
248.0,
250.0,
121.0,
0.0,
22.0,
0.0,
0.0,
0.0,
0.0,
0.0,
0.0,
0.0,
0.0,
0.0,
0.0,
0.0,
0.0,
0.0,
0.0,
0.0,
0.0,
0.0,
0.0,
0.0,
0.0,
0.0,
0.0,
208.0,
241.0,
96.0,
0.0,
5.0,
0.0,
11.0,
0.0,
0.0,
0.0,
0.0,
0.0,
0.0,
0.0,
0.0,
0.0,
0.0,
0.0,
0.0,
0.0,
0.0,
0.0,
0.0,
0.0,
0.0,
0.0,
0.0,
29.0,
255.0,
192.0,
8.0,
5.0,
7.0,
2.0,
0.0,
0.0,
0.0,
0.0,
0.0,
0.0,
0.0,
0.0,
0.0,
0.0,
0.0,
0.0,
0.0,
0.0,
0.0,
0.0,
0.0,
0.0,
0.0,
0.0,
0.0,
114.0,
244.0,
81.0,
0.0,
0.0,
0.0,
3.0,
4.0,
0.0,
0.0,
0.0,
0.0,
0.0,
0.0,
0.0,
0.0,
0.0,
0.0,
0.0,
0.0,
10.0,
0.0,
0.0,
7.0,
0.0,
11.0,
5.0,
10.0,
230.0,
255.0,
19.0,
5.0,
0.0,
0.0,
2.0,
0.0,
3.0,
0.0,
5.0,
0.0,
15.0,
0.0,
0.0,
9.0,
0.0,
0.0,
0.0,
0.0,
0.0,
4.0,
10.0,
12.0,
0.0,
0.0,
0.0,
35.0,
239.0,
210.0,
7.0,
0.0,
1.0,
3.0,
9.0,
0.0,
0.0,
0.0,
9.0,
14.0,
0.0,
2.0,
0.0,
0.0,
0.0,
0.0,
0.0,
0.0,
2.0,
6.0,
0.0,
0.0,
0.0,
7.0,
10.0,
74.0,
255.0,
158.0,
17.0,
0.0,
0.0,
0.0,
2.0,
5.0,
3.0,
5.0,
0.0,
0.0,
3.0,
25.0,
0.0,
0.0,
0.0,
0.0,
0.0,
0.0,
3.0,
0.0,
0.0,
3.0,
14.0,
3.0,
0.0,
71.0,
252.0,
66.0,
0.0,
0.0,
4.0,
1.0,
0.0,
5.0,
1.0,
0.0,
0.0,
0.0,
0.0,
0.0,
2.0,
6.0,
0.0,
0.0,
0.0,
0.0,
4.0,
0.0,
0.0,
3.0,
0.0,
0.0,
11.0,
169.0,
248.0,
2.0,
0.0,
0.0,
14.0,
6.0,
0.0,
8.0,
98.0,
150.0,
215.0,
231.0,
161.0,
36.0,
14.0,
0.0,
0.0,
0.0,
0.0,
0.0,
9.0,
0.0,
0.0,
0.0,
0.0,
0.0,
42.0,
223.0,
255.0,
1.0,
7.0,
0.0,
0.0,
0.0,
17.0,
121.0,
251.0,
255.0,
242.0,
244.0,
246.0,
150.0,
3.0,
0.0,
0.0,
0.0,
0.0,
0.0,
0.0,
0.0,
8.0,
9.0,
3.0,
2.0,
0.0,
110.0,
247.0,
0.0,
11.0,
0.0,
0.0,
5.0,
73.0,
255.0,
221.0,
155.0,
84.0,
86.0,
230.0,
255.0,
30.0,
0.0,
0.0,
0.0,
0.0,
0.0,
3.0,
0.0,
8.0,
0.0,
0.0,
10.0,
0.0,
85.0,
255.0,
0.0,
1.0,
0.0,
2.0,
16.0,
63.0,
248.0,
175.0,
0.0,
10.0,
0.0,
137.0,
255.0,
100.0,
1.0,
0.0,
0.0,
0.0,
0.0,
0.0,
0.0,
0.0,
4.0,
2.0,
0.0,
17.0,
61.0,
254.0,
80.0,
7.0,
3.0,
0.0,
0.0,
0.0,
169.0,
199.0,
12.0,
0.0,
1.0,
98.0,
250.0,
200.0,
0.0,
0.0,
0.0,
0.0,
0.0,
1.0,
1.0,
0.0,
0.0,
1.0,
0.0,
4.0,
33.0,
255.0,
228.0,
3.0,
13.0,
14.0,
0.0,
0.0,
82.0,
237.0,
133.0,
0.0,
0.0,
96.0,
248.0,
215.0,
0.0,
0.0,
0.0,
0.0,
0.0,
1.0,
3.0,
0.0,
0.0,
2.0,
0.0,
0.0,
7.0,
115.0,
255.0,
176.0,
5.0,
0.0,
2.0,
8.0,
0.0,
19.0,
202.0,
43.0,
8.0,
173.0,
255.0,
125.0,
4.0,
0.0,
0.0,
0.0,
0.0,
0.0,
5.0,
1.0,
0.0,
4.0,
4.0,
0.0,
0.0,
0.0,
231.0,
244.0,
169.0,
38.0,
37.0,
115.0,
135.0,
145.0,
255.0,
235.0,
237.0,
247.0,
198.0,
18.0,
3.0,
0.0,
0.0,
0.0,
0.0,
0.0,
7.0,
3.0,
0.0,
1.0,
3.0,
0.0,
2.0,
0.0,
57.0,
189.0,
255.0,
243.0,
255.0,
239.0,
255.0,
255.0,
220.0,
228.0,
217.0,
140.0,
80.0,
0.0,
0.0,
0.0,
0.0,
0.0,
0.0,
0.0,
7.0,
3.0,
0.0,
0.0,
0.0,
0.0,
2.0,
0.0,
5.0,
0.0,
54.0,
167.0,
179.0,
200.0,
117.0,
51.0,
73.0,
20.0,
0.0,
11.0,
11.0,
0.0,
15.0,
0.0,
0.0,
0.0,
0.0,
0.0,
4.0,
0.0,
0.0,
2.0,
0.0,
0.0,
3.0,
1.0,
15.0,
0.0,
13.0,
1.0,
10.0,
0.0,
6.0,
1.0,
6.0,
0.0,
0.0,
6.0,
0.0,
0.0,
5.0,
0.0,
0.0,
0.0,
0.0,
1.0,
0.0,
0.0,
0.0,
9.0,
3.0,
0.0,
6.0,
2.0,
0.0,
5.0,
0.0,
0.0,
0.0,
9.0,
0.0,
2.0,
1.0,
0.0,
8.0,
0.0,
11.0,
5.0,
0.0,
0.0,
0.0,
0.0,
0.0,
0.0,
0.0,
0.0,
0.0,
0.0,
0.0,
0.0,
0.0,
0.0,
0.0,
0.0,
0.0,
0.0,
0.0,
0.0,
0.0,
0.0,
0.0,
0.0,
0.0,
0.0,
0.0,
0.0,
0.0,
0.0,
0.0,
0.0,
0.0,
0.0,
0.0,
0.0,
0.0,
0.0,
0.0,
0.0,
0.0,
0.0,
0.0,
0.0,
0.0,
0.0,
0.0,
0.0,
0.0,
0.0,
0.0,
0.0,
0.0,
0.0,
0.0,
0.0,
0.0,
0.0,
0.0,
0.0,
0.0,
0.0,
0.0,
0.0,
0.0,
0.0,
0.0,
0.0,
0.0,
0.0,
0.0,
0.0,
0.0,
0.0,
0.0,
0.0,
0.0,
0.0,
0.0,
0.0,
0.0,
0.0,
0.0,
0.0,
0.0,
0.0,
0.0,
0.0,
0.0,
0.0,
0.0,
0.0,
0.0,
0.0,
0.0,
0.0,
0.0,
0.0,
0.0,
0.0,
0.0,
0.0,
0.0,
0.0,
0.0,
0.0,
0.0,
0.0,
0.0,
0.0,
0.0,
0.0,
0.0,
0.0,
0.0,
0.0,
0.0,
