0.0,
0.0,
0.0,
0.0,
0.0,
0.0,
0.0,
0.0,
0.0,
11.0,
0.0,
0.0,
0.0,
3.0,
5.0,
0.0,
0.0,
3.0,
0.0,
7.0,
1.0,
0.0,
0.0,
0.0,
0.0,
0.0,
0.0,
0.0,
0.0,
0.0,
0.0,
0.0,
0.0,
0.0,
0.0,
0.0,
10.0,
0.0,
14.0,
29.0,
0.0,
0.0,
4.0,
5.0,
0.0,
14.0,
0.0,
0.0,
0.0,
0.0,
9.0,
0.0,
0.0,
0.0,
0.0,
0.0,
0.0,
0.0,
0.0,
0.0,
0.0,
0.0,
0.0,
0.0,
1.0,
22.0,
0.0,
0.0,
0.0,
2.0,
12.0,
0.0,
0.0,
1.0,
0.0,
18.0,
13.0,
0.0,
0.0,
0.0,
0.0,
0.0,
0.0,
0.0,
0.0,
0.0,
0.0,
0.0,
0.0,
0.0,
0.0,
0.0,
0.0,
0.0,
8.0,
0.0,
28.0,
146.0,
222.0,
255.0,
254.0,
162.0,
76.0,
0.0,
0.0,
0.0,
2.0,
3.0,
0.0,
0.0,
0.0,
0.0,
0.0,
0.0,
0.0,
0.0,
0.0,
0.0,
0.0,
0.0,
9.0,
6.0,
0.0,
94.0,
214.0,
246.0,
251.0,
252.0,
255.0,
246.0,
243.0,
48.0,
2.0,
7.0,
3.0,
0.0,
0.0,
0.0,
0.0,
0.0,
0.0,
0.0,
0.0,
0.0,
0.0,
0.0,
0.0,
0.0,
0.0,
0.0,
93.0,
241.0,
255.0,
251.0,
255.0,
199.0,
147.0,
188.0,
255.0,
90.0,
16.0,
0.0,
0.0,
13.0,
0.0,
0.0,
0.0,
0.0,
0.0,
0.0,
0.0,
0.0,
0.0,
0.0,
0.0,
0.0,
21.0,
95.0,
249.0,
255.0,
229.0,
175.0,
34.0,
12.0,
0.0,
0.0,
49.0,
13.0,
15.0,
0.0,
0.0,
0.0,
0.0,
0.0,
0.0,
0.0,
0.0,
0.0,
0.0,
0.0,
0.0,
0.0,
0.0,
0.0,
0.0,
253.0,
245.0,
251.0,
166.0,
0.0,
12.0,
0.0,
3.0,
6.0,
0.0,
0.0,
0.0,
0.0,
7.0,
1.0,
0.0,
0.0,
0.0,
0.0,
0.0,
0.0,
5.0,
0.0,
0.0,
5.0,
7.0,
0.0,
69.0,
255.0,
252.0,
180.0,
11.0,
3.0,
0.0,
7.0,
0.0,
4.0,
1.0,
0.0,
1.0,
9.0,
2.0,
0.0,
0.0,
0.0,
0.0,
0.0,
2.0,
0.0,
5.0,
3.0,
0.0,
0.0,
0.0,
7.0,
171.0,
240.0,
255.0,
45.0,
7.0,
11.0,
0.0,
0.0,
0.0,
0.0,
0.0,
8.0,
0.0,
0.0,
0.0,
20.0,
0.0,
0.0,
0.0,
0.0,
5.0,
0.0,
1.0,
9.0,
0.0,
6.0,
0.0,
75.0,
249.0,
255.0,
176.0,
0.0,
0.0,
0.0,
4.0,
21.0,
9.0,
4.0,
0.0,
0.0,
3.0,
5.0,
1.0,
0.0,
0.0,
0.0,
0.0,
0.0,
8.0,
0.0,
0.0,
7.0,
0.0,
11.0,
3.0,
151.0,
255.0,
254.0,
81.0,
9.0,
7.0,
11.0,
0.0,
0.0,
0.0,
0.0,
0.0,
13.0,
12.0,
0.0,
0.0,
9.0,
0.0,
0.0,
0.0,
0.0,
7.0,
0.0,
0.0,
4.0,
0.0,
1.0,
0.0,
166.0,
255.0,
254.0,
104.0,
0.0,
0.0,
6.0,
0.0,
11.0,
0.0,
7.0,
5.0,
0.0,
0.0,
5.0,
6.0,
0.0,
0.0,
0.0,
0.0,
0.0,
0.0,
0.0,
0.0,
5.0,
0.0,
0.0,
0.0,
134.0,
245.0,
252.0,
73.0,
10.0,
4.0,
0.0,
25.0,
31.0,
41.0,
60.0,
54.0,
20.0,
0.0,
2.0,
3.0,
0.0,
0.0,
0.0,
0.0,
0.0,
0.0,
1.0,
0.0,
1.0,
7.0,
0.0,
2.0,
84.0,
255.0,
240.0,
20.0,
74.0,
114.0,
165.0,
241.0,
255.0,
255.0,
249.0,
245.0,
225.0,
144.0,
42.0,
0.0,
10.0,
0.0,
0.0,
0.0,
0.0,
3.0,
9.0,
0.0,
0.0,
5.0,
0.0,
0.0,
38.0,
210.0,
255.0,
211.0,
235.0,
243.0,
255.0,
248.0,
244.0,
243.0,
255.0,
255.0,
240.0,
254.0,
247.0,
139.0,
4.0,
0.0,
0.0,
0.0,
0.0,
0.0,
0.0,
0.0,
0.0,
0.0,
0.0,
0.0,
0.0,
199.0,
255.0,
243.0,
254.0,
255.0,
250.0,
246.0,
251.0,
238.0,
231.0,
228.0,
231.0,
253.0,
234.0,
255.0,
144.0,
0.0,
0.0,
9.0,
5.0,
0.0,
0.0,
0.0,
0.0,
0.0,
0.0,
0.0,
0.0,
184.0,
248.0,
250.0,
247.0,
254.0,
198.0,
161.0,
101.0,
0.0,
9.0,
0.0,
3.0,
46.0,
241.0,
253.0,
234.0,
58.0,
9.0,
0.0,
4.0,
0.0,
0.0,
0.0,
0.0,
0.0,
0.0,
0.0,
0.0,
26.0,
244.0,
255.0,
255.0,
61.0,
0.0,
1.0,
0.0,
9.0,
0.0,
11.0,
11.0,
99.0,
243.0,
241.0,
255.0,
81.0,
15.0,
0.0,
2.0,
0.0,
0.0,
0.0,
0.0,
0.0,
0.0,
0.0,
0.0,
0.0,
136.0,
249.0,
246.0,
128.0,
33.0,
16.0,
0.0,
0.0,
100.0,
210.0,
213.0,
255.0,
255.0,
249.0,
160.0,
30.0,
8.0,
0.0,
0.0,
0.0,
0.0,
0.0,
0.0,
0.0,
0.0,
0.0,
0.0,
9.0,
3.0,
200.0,
248.0,
255.0,
225.0,
166.0,
212.0,
251.0,
255.0,
241.0,
255.0,
247.0,
214.0,
148.0,
0.0,
0.0,
0.0,
7.0,
2.0,
0.0,
0.0,
0.0,
0.0,
0.0,
0.0,
0.0,
0.0,
7.0,
0.0,
80.0,
180.0,
245.0,
255.0,
254.0,
243.0,
252.0,
247.0,
255.0,
230.0,
72.0,
2.0,
0.0,
4.0,
2.0,
0.0,
0.0,
7.0,
0.0,
0.0,
0.0,
0.0,
0.0,
0.0,
0.0,
0.0,
0.0,
5.0,
0.0,
0.0,
91.0,
126.0,
255.0,
247.0,
180.0,
133.0,
112.0,
37.0,
0.0,
9.0,
12.0,
0.0,
13.0,
0.0,
0.0,
7.0,
0.0,
0.0,
0.0,
0.0,
0.0,
0.0,
0.0,
0.0,
4.0,
0.0,
0.0,
5.0,
0.0,
8.0,
0.0,
4.0,
3.0,
0.0,
0.0,
0.0,
2.0,
0.0,
0.0,
6.0,
0.0,
0.0,
1.0,
3.0,
0.0,
0.0,
0.0,
0.0,
0.0,
0.0,
0.0,
0.0,
0.0,
0.0,
0.0,
0.0,
0.0,
0.0,
0.0,
0.0,
0.0,
0.0,
0.0,
0.0,
0.0,
0.0,
0.0,
0.0,
0.0,
0.0,
0.0,
0.0,
0.0,
0.0,
0.0,
0.0,
0.0,
0.0,
0.0,
0.0,
0.0,
0.0,
0.0,
0.0,
0.0,
0.0,
0.0,
0.0,
0.0,
0.0,
0.0,
0.0,
0.0,
0.0,
0.0,
0.0,
0.0,
0.0,
0.0,
0.0,
0.0,
0.0,
0.0,
0.0,
0.0,
0.0,
0.0,
0.0,
0.0,
0.0,
0.0,
0.0,
0.0,
0.0,
0.0,
0.0,
0.0,
0.0,
0.0,
0.0,
0.0,
0.0,
0.0,
0.0,
0.0,
0.0,
0.0,
0.0,
0.0,
0.0,
0.0,
0.0,
0.0,
0.0,
0.0,
0.0,
0.0,
0.0,
0.0,
0.0,
0.0,
0.0,
0.0,
0.0,
0.0,
0.0,
0.0,
0.0,
0.0,
0.0,
0.0,
0.0,
0.0,
0.0,
0.0,
0.0,
