5.0,
0.0,
0.0,
0.0,
10.0,
0.0,
8.0,
1.0,
4.0,
0.0,
10.0,
10.0,
0.0,
0.0,
15.0,
0.0,
0.0,
5.0,
3.0,
0.0,
0.0,
4.0,
0.0,
2.0,
0.0,
0.0,
0.0,
0.0,
0.0,
0.0,
7.0,
0.0,
0.0,
0.0,
0.0,
0.0,
0.0,
0.0,
0.0,
0.0,
12.0,
10.0,
0.0,
4.0,
5.0,
4.0,
0.0,
11.0,
4.0,
4.0,
0.0,
6.0,
0.0,
0.0,
0.0,
0.0,
0.0,
0.0,
9.0,
1.0,
0.0,
16.0,
0.0,
0.0,
4.0,
13.0,
0.0,
8.0,
10.0,
0.0,
12.0,
0.0,
13.0,
0.0,
181.0,
243.0,
188.0,
7.0,
11.0,
0.0,
0.0,
0.0,
0.0,
0.0,
5.0,
0.0,
4.0,
1.0,
6.0,
49.0,
4.0,
0.0,
1.0,
0.0,
0.0,
5.0,
0.0,
0.0,
1.0,
0.0,
49.0,
222.0,
252.0,
255.0,
243.0,
43.0,
12.0,
0.0,
0.0,
0.0,
0.0,
0.0,
5.0,
0.0,
4.0,
1.0,
6.0,
49.0,
4.0,
0.0,
1.0,
0.0,
12.0,
0.0,
8.0,
13.0,
0.0,
98.0,
219.0,
248.0,
252.0,
201.0,
93.0,
0.0,
4.0,
7.0,
0.0,
0.0,
0.0,
0.0,
0.0,
0.0,
9.0,
1.0,
0.0,
16.0,
0.0,
0.0,
1.0,
7.0,
0.0,
9.0,
0.0,
0.0,
105.0,
236.0,
249.0,
255.0,
225.0,
60.0,
17.0,
3.0,
0.0,
0.0,
0.0,
0.0,
0.0,
0.0,
0.0,
0.0,
7.0,
0.0,
0.0,
0.0,
0.0,
0.0,
0.0,
5.0,
0.0,
12.0,
0.0,
49.0,
229.0,
255.0,
255.0,
212.0,
0.0,
0.0,
13.0,
0.0,
3.0,
8.0,
0.0,
0.0,
0.0,
0.0,
5.0,
0.0,
0.0,
0.0,
10.0,
0.0,
8.0,
1.0,
4.0,
0.0,
15.0,
0.0,
80.0,
234.0,
253.0,
247.0,
207.0,
15.0,
8.0,
1.0,
2.0,
0.0,
2.0,
0.0,
0.0,
0.0,
0.0,
0.0,
8.0,
0.0,
0.0,
4.0,
0.0,
0.0,
3.0,
5.0,
10.0,
0.0,
14.0,
95.0,
240.0,
248.0,
254.0,
147.0,
20.0,
0.0,
6.0,
0.0,
2.0,
5.0,
12.0,
0.0,
0.0,
0.0,
0.0,
0.0,
0.0,
2.0,
10.0,
0.0,
7.0,
19.0,
0.0,
0.0,
0.0,
10.0,
80.0,
238.0,
255.0,
255.0,
158.0,
2.0,
2.0,
6.0,
5.0,
0.0,
14.0,
0.0,
0.0,
8.0,
0.0,
0.0,
0.0,
0.0,
0.0,
0.0,
1.0,
4.0,
0.0,
0.0,
4.0,
5.0,
0.0,
64.0,
247.0,
251.0,
255.0,
145.0,
0.0,
4.0,
3.0,
0.0,
6.0,
0.0,
5.0,
5.0,
0.0,
14.0,
0.0,
0.0,
0.0,
0.0,
2.0,
0.0,
0.0,
12.0,
0.0,
0.0,
28.0,
0.0,
23.0,
203.0,
255.0,
238.0,
146.0,
40.0,
0.0,
2.0,
0.0,
2.0,
8.0,
2.0,
0.0,
0.0,
5.0,
0.0,
0.0,
0.0,
0.0,
0.0,
0.0,
9.0,
0.0,
0.0,
1.0,
3.0,
5.0,
0.0,
182.0,
244.0,
242.0,
200.0,
15.0,
2.0,
14.0,
0.0,
0.0,
84.0,
62.0,
91.0,
82.0,
14.0,
20.0,
0.0,
0.0,
0.0,
0.0,
0.0,
0.0,
0.0,
11.0,
0.0,
13.0,
0.0,
0.0,
125.0,
248.0,
249.0,
255.0,
40.0,
3.0,
18.0,
80.0,
197.0,
211.0,
255.0,
255.0,
237.0,
243.0,
148.0,
0.0,
3.0,
0.0,
0.0,
0.0,
0.0,
0.0,
0.0,
2.0,
0.0,
4.0,
0.0,
51.0,
251.0,
247.0,
255.0,
80.0,
0.0,
139.0,
232.0,
248.0,
255.0,
255.0,
236.0,
255.0,
243.0,
255.0,
255.0,
27.0,
8.0,
0.0,
0.0,
0.0,
0.0,
0.0,
11.0,
0.0,
9.0,
0.0,
16.0,
173.0,
245.0,
255.0,
150.0,
89.0,
248.0,
244.0,
255.0,
255.0,
248.0,
251.0,
242.0,
241.0,
251.0,
244.0,
255.0,
146.0,
3.0,
0.0,
0.0,
0.0,
0.0,
12.0,
0.0,
1.0,
5.0,
0.0,
102.0,
246.0,
255.0,
255.0,
207.0,
255.0,
239.0,
255.0,
239.0,
222.0,
127.0,
59.0,
0.0,
38.0,
222.0,
251.0,
254.0,
207.0,
0.0,
0.0,
0.0,
0.0,
0.0,
0.0,
0.0,
7.0,
8.0,
6.0,
170.0,
255.0,
255.0,
255.0,
224.0,
255.0,
255.0,
180.0,
79.0,
4.0,
0.0,
53.0,
166.0,
255.0,
255.0,
251.0,
245.0,
82.0,
7.0,
0.0,
0.0,
0.0,
0.0,
7.0,
0.0,
3.0,
0.0,
0.0,
128.0,
242.0,
253.0,
255.0,
255.0,
255.0,
240.0,
92.0,
57.0,
68.0,
166.0,
254.0,
242.0,
243.0,
255.0,
219.0,
113.0,
0.0,
0.0,
0.0,
0.0,
0.0,
0.0,
0.0,
8.0,
0.0,
0.0,
3.0,
31.0,
224.0,
255.0,
246.0,
246.0,
244.0,
246.0,
254.0,
255.0,
249.0,
239.0,
252.0,
252.0,
255.0,
181.0,
38.0,
6.0,
0.0,
15.0,
0.0,
0.0,
0.0,
0.0,
0.0,
2.0,
1.0,
12.0,
13.0,
0.0,
118.0,
145.0,
244.0,
247.0,
255.0,
245.0,
254.0,
246.0,
250.0,
255.0,
255.0,
199.0,
25.0,
16.0,
3.0,
0.0,
19.0,
0.0,
0.0,
0.0,
0.0,
0.0,
5.0,
0.0,
0.0,
8.0,
0.0,
0.0,
0.0,
6.0,
4.0,
79.0,
186.0,
255.0,
255.0,
218.0,
142.0,
118.0,
18.0,
7.0,
5.0,
0.0,
0.0,
14.0,
0.0,
20.0,
0.0,
0.0,
0.0,
0.0,
4.0,
0.0,
0.0,
2.0,
0.0,
26.0,
0.0,
0.0,
0.0,
4.0,
9.0,
0.0,
0.0,
12.0,
2.0,
3.0,
4.0,
0.0,
0.0,
19.0,
0.0,
0.0,
0.0,
0.0,
0.0,
0.0,
0.0,
0.0,
0.0,
6.0,
0.0,
3.0,
5.0,
0.0,
0.0,
6.0,
9.0,
0.0,
3.0,
0.0,
2.0,
0.0,
1.0,
0.0,
0.0,
6.0,
0.0,
0.0,
0.0,
19.0,
0.0,
0.0,
0.0,
0.0,
0.0,
0.0,
0.0,
0.0,
0.0,
0.0,
0.0,
0.0,
0.0,
0.0,
0.0,
0.0,
0.0,
0.0,
0.0,
0.0,
0.0,
0.0,
0.0,
0.0,
0.0,
0.0,
0.0,
0.0,
0.0,
0.0,
0.0,
0.0,
0.0,
0.0,
0.0,
0.0,
0.0,
0.0,
0.0,
0.0,
0.0,
0.0,
0.0,
0.0,
0.0,
0.0,
0.0,
0.0,
0.0,
0.0,
0.0,
0.0,
0.0,
0.0,
0.0,
0.0,
0.0,
0.0,
0.0,
0.0,
0.0,
0.0,
0.0,
0.0,
0.0,
0.0,
0.0,
0.0,
0.0,
0.0,
0.0,
0.0,
0.0,
0.0,
0.0,
0.0,
0.0,
0.0,
0.0,
0.0,
0.0,
0.0,
0.0,
0.0,
0.0,
0.0,
0.0,
0.0,
0.0,
0.0,
0.0,
0.0,
0.0,
0.0,
0.0,
0.0,
0.0,
0.0,
0.0,
0.0,
0.0,
0.0,
0.0,
0.0,
0.0,
0.0,
0.0,
0.0,
0.0,
0.0,
0.0,
0.0,
0.0,
0.0,
0.0,
0.0,
0.0,
0.0,
