0.0,
0.0,
0.0,
0.0,
0.0,
0.0,
0.0,
0.0,
0.0,
10.0,
0.0,
3.0,
6.0,
2.0,
0.0,
0.0,
0.0,
0.0,
0.0,
0.0,
0.0,
0.0,
0.0,
0.0,
0.0,
0.0,
0.0,
0.0,
0.0,
0.0,
0.0,
0.0,
0.0,
0.0,
0.0,
0.0,
14.0,
0.0,
10.0,
12.0,
0.0,
10.0,
0.0,
5.0,
0.0,
0.0,
0.0,
0.0,
0.0,
0.0,
0.0,
0.0,
0.0,
0.0,
0.0,
0.0,
0.0,
0.0,
0.0,
0.0,
0.0,
0.0,
0.0,
0.0,
1.0,
0.0,
0.0,
0.0,
10.0,
12.0,
13.0,
0.0,
0.0,
0.0,
0.0,
0.0,
0.0,
0.0,
0.0,
0.0,
0.0,
0.0,
0.0,
0.0,
0.0,
0.0,
0.0,
0.0,
0.0,
0.0,
0.0,
0.0,
0.0,
14.0,
0.0,
11.0,
237.0,
43.0,
0.0,
13.0,
1.0,
0.0,
0.0,
0.0,
0.0,
0.0,
0.0,
1.0,
0.0,
0.0,
0.0,
0.0,
0.0,
0.0,
0.0,
0.0,
0.0,
0.0,
0.0,
0.0,
6.0,
0.0,
40.0,
209.0,
248.0,
180.0,
10.0,
0.0,
1.0,
0.0,
0.0,
0.0,
0.0,
0.0,
0.0,
1.0,
0.0,
0.0,
0.0,
0.0,
0.0,
0.0,
0.0,
0.0,
0.0,
0.0,
0.0,
0.0,
0.0,
12.0,
85.0,
239.0,
255.0,
129.0,
13.0,
0.0,
0.0,
0.0,
1.0,
2.0,
2.0,
1.0,
0.0,
0.0,
0.0,
0.0,
0.0,
0.0,
0.0,
0.0,
0.0,
0.0,
0.0,
0.0,
0.0,
0.0,
10.0,
0.0,
83.0,
255.0,
221.0,
0.0,
0.0,
12.0,
0.0,
0.0,
2.0,
4.0,
4.0,
2.0,
0.0,
0.0,
0.0,
0.0,
0.0,
0.0,
0.0,
0.0,
0.0,
0.0,
0.0,
0.0,
0.0,
0.0,
0.0,
5.0,
182.0,
237.0,
192.0,
0.0,
7.0,
0.0,
0.0,
0.0,
3.0,
5.0,
5.0,
3.0,
0.0,
0.0,
0.0,
0.0,
0.0,
0.0,
0.0,
4.0,
0.0,
0.0,
0.0,
0.0,
0.0,
2.0,
7.0,
84.0,
255.0,
232.0,
29.0,
0.0,
0.0,
1.0,
9.0,
0.0,
38.0,
244.0,
167.0,
47.0,
0.0,
0.0,
0.0,
0.0,
0.0,
0.0,
0.0,
1.0,
1.0,
1.0,
9.0,
8.0,
3.0,
7.0,
0.0,
94.0,
243.0,
251.0,
51.0,
0.0,
16.0,
0.0,
0.0,
43.0,
215.0,
239.0,
255.0,
255.0,
58.0,
0.0,
0.0,
0.0,
0.0,
0.0,
5.0,
6.0,
0.0,
0.0,
0.0,
0.0,
0.0,
0.0,
18.0,
198.0,
253.0,
224.0,
20.0,
13.0,
0.0,
7.0,
92.0,
197.0,
255.0,
251.0,
255.0,
255.0,
30.0,
17.0,
0.0,
0.0,
0.0,
0.0,
0.0,
1.0,
0.0,
0.0,
7.0,
5.0,
3.0,
11.0,
141.0,
255.0,
242.0,
59.0,
19.0,
0.0,
0.0,
47.0,
252.0,
255.0,
247.0,
251.0,
255.0,
255.0,
0.0,
0.0,
0.0,
0.0,
0.0,
0.0,
0.0,
0.0,
2.0,
8.0,
12.0,
1.0,
0.0,
0.0,
194.0,
255.0,
165.0,
16.0,
0.0,
0.0,
34.0,
216.0,
255.0,
246.0,
249.0,
177.0,
212.0,
248.0,
93.0,
0.0,
0.0,
0.0,
0.0,
0.0,
3.0,
4.0,
0.0,
0.0,
0.0,
0.0,
0.0,
15.0,
255.0,
255.0,
154.0,
10.0,
4.0,
0.0,
157.0,
255.0,
254.0,
236.0,
77.0,
0.0,
192.0,
255.0,
59.0,
2.0,
0.0,
0.0,
0.0,
0.0,
1.0,
1.0,
0.0,
0.0,
1.0,
8.0,
32.0,
67.0,
243.0,
215.0,
20.0,
0.0,
6.0,
182.0,
255.0,
251.0,
255.0,
61.0,
29.0,
6.0,
128.0,
244.0,
59.0,
0.0,
0.0,
0.0,
0.0,
0.0,
0.0,
1.0,
3.0,
3.0,
0.0,
0.0,
0.0,
27.0,
255.0,
209.0,
3.0,
1.0,
26.0,
255.0,
247.0,
255.0,
172.0,
14.0,
0.0,
0.0,
200.0,
250.0,
145.0,
3.0,
0.0,
0.0,
0.0,
0.0,
0.0,
5.0,
0.0,
3.0,
0.0,
12.0,
0.0,
97.0,
255.0,
194.0,
0.0,
20.0,
218.0,
250.0,
255.0,
211.0,
52.0,
0.0,
16.0,
134.0,
255.0,
251.0,
74.0,
0.0,
0.0,
0.0,
0.0,
0.0,
0.0,
6.0,
0.0,
6.0,
3.0,
0.0,
0.0,
163.0,
252.0,
145.0,
0.0,
214.0,
255.0,
255.0,
200.0,
42.0,
76.0,
136.0,
243.0,
250.0,
245.0,
107.0,
4.0,
2.0,
0.0,
0.0,
0.0,
0.0,
0.0,
11.0,
0.0,
0.0,
8.0,
0.0,
0.0,
173.0,
245.0,
238.0,
239.0,
249.0,
248.0,
246.0,
244.0,
238.0,
250.0,
255.0,
241.0,
255.0,
215.0,
15.0,
4.0,
3.0,
0.0,
0.0,
0.0,
0.0,
0.0,
13.0,
0.0,
0.0,
2.0,
7.0,
0.0,
88.0,
255.0,
255.0,
251.0,
255.0,
254.0,
251.0,
255.0,
250.0,
252.0,
239.0,
255.0,
227.0,
60.0,
0.0,
11.0,
0.0,
0.0,
0.0,
0.0,
0.0,
0.0,
3.0,
0.0,
0.0,
0.0,
9.0,
0.0,
6.0,
186.0,
247.0,
250.0,
249.0,
252.0,
255.0,
254.0,
252.0,
255.0,
227.0,
73.0,
13.0,
13.0,
0.0,
4.0,
5.0,
0.0,
0.0,
0.0,
0.0,
4.0,
0.0,
3.0,
12.0,
0.0,
0.0,
2.0,
0.0,
21.0,
125.0,
242.0,
243.0,
255.0,
255.0,
224.0,
245.0,
185.0,
22.0,
10.0,
0.0,
7.0,
3.0,
0.0,
0.0,
0.0,
0.0,
0.0,
0.0,
2.0,
0.0,
0.0,
6.0,
0.0,
0.0,
4.0,
1.0,
0.0,
0.0,
53.0,
255.0,
249.0,
239.0,
146.0,
21.0,
9.0,
0.0,
17.0,
0.0,
5.0,
0.0,
20.0,
0.0,
0.0,
0.0,
0.0,
0.0,
0.0,
10.0,
0.0,
0.0,
2.0,
4.0,
4.0,
0.0,
6.0,
0.0,
6.0,
0.0,
3.0,
0.0,
2.0,
0.0,
0.0,
0.0,
0.0,
0.0,
3.0,
4.0,
0.0,
2.0,
0.0,
0.0,
0.0,
0.0,
0.0,
0.0,
0.0,
0.0,
0.0,
0.0,
0.0,
0.0,
0.0,
0.0,
0.0,
0.0,
0.0,
0.0,
0.0,
0.0,
0.0,
0.0,
0.0,
0.0,
0.0,
0.0,
0.0,
0.0,
0.0,
0.0,
0.0,
0.0,
0.0,
0.0,
0.0,
0.0,
0.0,
0.0,
0.0,
0.0,
0.0,
0.0,
0.0,
0.0,
0.0,
0.0,
0.0,
0.0,
0.0,
0.0,
0.0,
0.0,
0.0,
0.0,
0.0,
0.0,
0.0,
0.0,
0.0,
0.0,
0.0,
0.0,
0.0,
0.0,
0.0,
0.0,
0.0,
0.0,
0.0,
0.0,
0.0,
0.0,
0.0,
0.0,
0.0,
0.0,
0.0,
0.0,
0.0,
0.0,
0.0,
0.0,
0.0,
0.0,
0.0,
0.0,
0.0,
0.0,
0.0,
0.0,
0.0,
0.0,
0.0,
0.0,
0.0,
0.0,
0.0,
0.0,
0.0,
0.0,
0.0,
0.0,
0.0,
0.0,
0.0,
0.0,
0.0,
0.0,
0.0,
0.0,
0.0,
0.0,
0.0,
0.0,
0.0,
0.0,
