0.0,
0.0,
0.0,
0.0,
0.0,
0.0,
0.0,
0.0,
6.0,
0.0,
7.0,
0.0,
0.0,
7.0,
0.0,
4.0,
0.0,
16.0,
0.0,
4.0,
1.0,
4.0,
0.0,
0.0,
0.0,
0.0,
0.0,
0.0,
0.0,
0.0,
0.0,
0.0,
0.0,
0.0,
0.0,
0.0,
1.0,
0.0,
7.0,
22.0,
8.0,
5.0,
5.0,
0.0,
0.0,
0.0,
0.0,
0.0,
0.0,
5.0,
0.0,
1.0,
0.0,
0.0,
0.0,
0.0,
0.0,
0.0,
0.0,
0.0,
0.0,
0.0,
0.0,
0.0,
0.0,
17.0,
0.0,
0.0,
0.0,
17.0,
146.0,
255.0,
79.0,
0.0,
0.0,
5.0,
0.0,
0.0,
0.0,
2.0,
0.0,
0.0,
0.0,
0.0,
0.0,
0.0,
0.0,
0.0,
0.0,
0.0,
0.0,
0.0,
0.0,
14.0,
0.0,
0.0,
24.0,
169.0,
255.0,
246.0,
166.0,
8.0,
0.0,
7.0,
4.0,
0.0,
0.0,
2.0,
0.0,
0.0,
0.0,
0.0,
0.0,
0.0,
0.0,
0.0,
0.0,
0.0,
0.0,
0.0,
12.0,
0.0,
6.0,
76.0,
210.0,
245.0,
215.0,
216.0,
129.0,
0.0,
0.0,
1.0,
0.0,
0.0,
2.0,
1.0,
0.0,
0.0,
0.0,
0.0,
0.0,
0.0,
0.0,
0.0,
0.0,
0.0,
0.0,
0.0,
0.0,
0.0,
99.0,
226.0,
240.0,
215.0,
73.0,
0.0,
27.0,
0.0,
10.0,
1.0,
0.0,
7.0,
9.0,
0.0,
0.0,
0.0,
0.0,
0.0,
0.0,
0.0,
0.0,
0.0,
0.0,
0.0,
0.0,
0.0,
0.0,
87.0,
255.0,
232.0,
221.0,
12.0,
0.0,
2.0,
0.0,
0.0,
8.0,
4.0,
0.0,
8.0,
3.0,
0.0,
0.0,
0.0,
0.0,
0.0,
0.0,
0.0,
0.0,
0.0,
0.0,
0.0,
0.0,
0.0,
28.0,
213.0,
248.0,
212.0,
15.0,
5.0,
0.0,
5.0,
1.0,
12.0,
0.0,
0.0,
0.0,
2.0,
0.0,
7.0,
0.0,
0.0,
0.0,
0.0,
3.0,
0.0,
3.0,
0.0,
3.0,
0.0,
0.0,
1.0,
112.0,
255.0,
212.0,
22.0,
5.0,
0.0,
5.0,
3.0,
8.0,
0.0,
5.0,
8.0,
0.0,
7.0,
4.0,
0.0,
4.0,
0.0,
0.0,
3.0,
3.0,
0.0,
3.0,
0.0,
3.0,
2.0,
0.0,
7.0,
177.0,
250.0,
157.0,
0.0,
20.0,
0.0,
8.0,
0.0,
2.0,
2.0,
3.0,
1.0,
0.0,
3.0,
4.0,
0.0,
0.0,
0.0,
4.0,
8.0,
2.0,
1.0,
1.0,
0.0,
2.0,
4.0,
0.0,
24.0,
252.0,
255.0,
98.0,
0.0,
4.0,
0.0,
0.0,
0.0,
0.0,
14.0,
0.0,
0.0,
20.0,
0.0,
0.0,
2.0,
4.0,
1.0,
0.0,
0.0,
1.0,
2.0,
0.0,
0.0,
2.0,
5.0,
0.0,
58.0,
252.0,
207.0,
27.0,
0.0,
0.0,
14.0,
0.0,
5.0,
3.0,
18.0,
84.0,
169.0,
177.0,
175.0,
167.0,
0.0,
0.0,
0.0,
0.0,
0.0,
0.0,
3.0,
0.0,
0.0,
1.0,
4.0,
0.0,
109.0,
251.0,
130.0,
0.0,
8.0,
6.0,
0.0,
0.0,
13.0,
66.0,
186.0,
244.0,
249.0,
251.0,
246.0,
248.0,
103.0,
0.0,
0.0,
9.0,
7.0,
0.0,
2.0,
0.0,
2.0,
0.0,
0.0,
6.0,
170.0,
255.0,
78.0,
6.0,
3.0,
2.0,
0.0,
43.0,
117.0,
254.0,
255.0,
245.0,
165.0,
88.0,
83.0,
224.0,
231.0,
81.0,
9.0,
1.0,
0.0,
1.0,
0.0,
0.0,
6.0,
0.0,
0.0,
15.0,
225.0,
253.0,
48.0,
9.0,
0.0,
0.0,
76.0,
179.0,
247.0,
234.0,
141.0,
41.0,
0.0,
2.0,
0.0,
147.0,
253.0,
139.0,
15.0,
0.0,
0.0,
1.0,
0.0,
0.0,
9.0,
0.0,
0.0,
20.0,
255.0,
255.0,
61.0,
3.0,
1.0,
3.0,
203.0,
254.0,
247.0,
126.0,
7.0,
0.0,
9.0,
1.0,
24.0,
205.0,
255.0,
101.0,
0.0,
0.0,
18.0,
3.0,
0.0,
2.0,
0.0,
4.0,
0.0,
8.0,
127.0,
255.0,
72.0,
6.0,
0.0,
191.0,
255.0,
229.0,
30.0,
0.0,
2.0,
4.0,
0.0,
0.0,
134.0,
245.0,
213.0,
2.0,
2.0,
0.0,
0.0,
0.0,
0.0,
9.0,
0.0,
0.0,
0.0,
0.0,
60.0,
243.0,
238.0,
37.0,
4.0,
249.0,
243.0,
122.0,
2.0,
9.0,
0.0,
2.0,
39.0,
172.0,
255.0,
243.0,
66.0,
2.0,
1.0,
0.0,
0.0,
0.0,
0.0,
12.0,
0.0,
0.0,
7.0,
0.0,
15.0,
243.0,
254.0,
236.0,
81.0,
244.0,
237.0,
34.0,
0.0,
51.0,
75.0,
103.0,
220.0,
252.0,
232.0,
107.0,
0.0,
2.0,
1.0,
0.0,
0.0,
1.0,
0.0,
8.0,
0.0,
0.0,
11.0,
4.0,
6.0,
53.0,
249.0,
247.0,
244.0,
255.0,
250.0,
202.0,
204.0,
242.0,
253.0,
255.0,
255.0,
191.0,
39.0,
0.0,
5.0,
1.0,
1.0,
0.0,
0.0,
10.0,
0.0,
2.0,
1.0,
0.0,
0.0,
0.0,
0.0,
0.0,
27.0,
139.0,
200.0,
244.0,
253.0,
255.0,
250.0,
253.0,
247.0,
152.0,
39.0,
16.0,
3.0,
10.0,
1.0,
1.0,
0.0,
0.0,
0.0,
4.0,
0.0,
0.0,
7.0,
0.0,
0.0,
0.0,
1.0,
9.0,
5.0,
0.0,
22.0,
16.0,
200.0,
255.0,
148.0,
188.0,
106.0,
0.0,
12.0,
7.0,
0.0,
0.0,
16.0,
0.0,
0.0,
0.0,
0.0,
0.0,
0.0,
0.0,
4.0,
6.0,
1.0,
4.0,
5.0,
0.0,
9.0,
0.0,
0.0,
8.0,
0.0,
2.0,
17.0,
0.0,
0.0,
6.0,
0.0,
9.0,
0.0,
22.0,
0.0,
0.0,
0.0,
0.0,
0.0,
0.0,
7.0,
0.0,
0.0,
0.0,
0.0,
2.0,
0.0,
4.0,
0.0,
10.0,
5.0,
0.0,
16.0,
0.0,
0.0,
8.0,
0.0,
0.0,
19.0,
0.0,
0.0,
8.0,
3.0,
0.0,
0.0,
0.0,
0.0,
0.0,
0.0,
0.0,
0.0,
0.0,
0.0,
0.0,
0.0,
0.0,
0.0,
0.0,
0.0,
0.0,
0.0,
0.0,
0.0,
0.0,
0.0,
0.0,
0.0,
0.0,
0.0,
0.0,
0.0,
0.0,
0.0,
0.0,
0.0,
0.0,
0.0,
0.0,
0.0,
0.0,
0.0,
0.0,
0.0,
0.0,
0.0,
0.0,
0.0,
0.0,
0.0,
0.0,
0.0,
0.0,
0.0,
0.0,
0.0,
0.0,
0.0,
0.0,
0.0,
0.0,
0.0,
0.0,
0.0,
0.0,
0.0,
0.0,
0.0,
0.0,
0.0,
0.0,
0.0,
0.0,
0.0,
0.0,
0.0,
0.0,
0.0,
0.0,
0.0,
0.0,
0.0,
0.0,
0.0,
0.0,
0.0,
0.0,
0.0,
0.0,
0.0,
0.0,
0.0,
0.0,
0.0,
0.0,
0.0,
0.0,
0.0,
0.0,
0.0,
0.0,
0.0,
0.0,
0.0,
0.0,
0.0,
0.0,
0.0,
0.0,
0.0,
0.0,
0.0,
0.0,
0.0,
0.0,
0.0,
0.0,
0.0,
0.0,
0.0,
