0.0,
0.0,
0.0,
0.0,
0.0,
0.0,
0.0,
0.0,
0.0,
4.0,
0.0,
8.0,
12.0,
0.0,
0.0,
4.0,
4.0,
0.0,
11.0,
0.0,
4.0,
7.0,
0.0,
9.0,
0.0,
0.0,
0.0,
0.0,
0.0,
0.0,
0.0,
0.0,
0.0,
0.0,
0.0,
0.0,
11.0,
0.0,
1.0,
0.0,
0.0,
5.0,
7.0,
0.0,
9.0,
0.0,
0.0,
23.0,
0.0,
0.0,
1.0,
0.0,
0.0,
0.0,
0.0,
0.0,
0.0,
0.0,
0.0,
0.0,
0.0,
0.0,
0.0,
0.0,
5.0,
0.0,
16.0,
1.0,
0.0,
10.0,
3.0,
5.0,
0.0,
14.0,
17.0,
0.0,
1.0,
0.0,
0.0,
4.0,
0.0,
0.0,
0.0,
0.0,
0.0,
0.0,
0.0,
0.0,
0.0,
0.0,
0.0,
0.0,
0.0,
0.0,
0.0,
0.0,
11.0,
0.0,
0.0,
26.0,
203.0,
244.0,
247.0,
68.0,
14.0,
9.0,
0.0,
0.0,
0.0,
0.0,
0.0,
0.0,
0.0,
0.0,
0.0,
0.0,
0.0,
0.0,
0.0,
0.0,
6.0,
10.0,
4.0,
0.0,
0.0,
0.0,
135.0,
201.0,
254.0,
255.0,
255.0,
164.0,
0.0,
0.0,
2.0,
0.0,
0.0,
0.0,
0.0,
0.0,
0.0,
0.0,
0.0,
0.0,
0.0,
0.0,
0.0,
0.0,
3.0,
0.0,
0.0,
6.0,
16.0,
82.0,
255.0,
239.0,
254.0,
250.0,
241.0,
255.0,
136.0,
2.0,
14.0,
5.0,
0.0,
0.0,
0.0,
0.0,
0.0,
0.0,
0.0,
0.0,
0.0,
0.0,
0.0,
0.0,
0.0,
6.0,
10.0,
0.0,
5.0,
75.0,
245.0,
255.0,
248.0,
255.0,
250.0,
255.0,
250.0,
0.0,
0.0,
0.0,
0.0,
0.0,
0.0,
0.0,
0.0,
0.0,
0.0,
0.0,
0.0,
0.0,
0.0,
0.0,
0.0,
8.0,
0.0,
27.0,
203.0,
252.0,
255.0,
243.0,
255.0,
255.0,
252.0,
240.0,
202.0,
1.0,
0.0,
8.0,
0.0,
0.0,
0.0,
0.0,
0.0,
8.0,
4.0,
3.0,
5.0,
0.0,
0.0,
0.0,
3.0,
0.0,
7.0,
194.0,
252.0,
247.0,
255.0,
255.0,
243.0,
255.0,
251.0,
206.0,
10.0,
1.0,
5.0,
0.0,
0.0,
0.0,
0.0,
0.0,
7.0,
2.0,
0.0,
0.0,
0.0,
0.0,
5.0,
4.0,
0.0,
4.0,
162.0,
254.0,
255.0,
255.0,
222.0,
255.0,
203.0,
0.0,
0.0,
0.0,
18.0,
3.0,
0.0,
8.0,
0.0,
0.0,
0.0,
0.0,
4.0,
0.0,
0.0,
2.0,
0.0,
0.0,
0.0,
0.0,
0.0,
71.0,
217.0,
255.0,
242.0,
255.0,
255.0,
239.0,
70.0,
13.0,
0.0,
0.0,
8.0,
0.0,
10.0,
0.0,
0.0,
0.0,
0.0,
0.0,
0.0,
0.0,
11.0,
8.0,
0.0,
1.0,
1.0,
0.0,
85.0,
229.0,
255.0,
255.0,
255.0,
255.0,
249.0,
122.0,
11.0,
0.0,
0.0,
0.0,
0.0,
13.0,
0.0,
9.0,
0.0,
0.0,
0.0,
0.0,
2.0,
0.0,
11.0,
0.0,
0.0,
7.0,
3.0,
8.0,
154.0,
255.0,
255.0,
239.0,
241.0,
255.0,
120.0,
11.0,
0.0,
12.0,
16.0,
0.0,
15.0,
1.0,
9.0,
0.0,
0.0,
0.0,
0.0,
0.0,
6.0,
0.0,
7.0,
0.0,
0.0,
4.0,
0.0,
16.0,
201.0,
253.0,
254.0,
248.0,
253.0,
255.0,
152.0,
134.0,
244.0,
255.0,
244.0,
255.0,
248.0,
71.0,
39.0,
2.0,
0.0,
0.0,
0.0,
0.0,
1.0,
0.0,
7.0,
1.0,
7.0,
0.0,
6.0,
106.0,
247.0,
255.0,
240.0,
255.0,
252.0,
252.0,
244.0,
253.0,
255.0,
241.0,
252.0,
246.0,
255.0,
255.0,
82.0,
0.0,
0.0,
0.0,
0.0,
0.0,
2.0,
0.0,
5.0,
0.0,
1.0,
0.0,
62.0,
248.0,
255.0,
246.0,
255.0,
255.0,
249.0,
251.0,
255.0,
251.0,
251.0,
250.0,
255.0,
252.0,
252.0,
255.0,
125.0,
63.0,
0.0,
0.0,
0.0,
0.0,
0.0,
0.0,
0.0,
6.0,
3.0,
0.0,
180.0,
248.0,
250.0,
255.0,
255.0,
251.0,
254.0,
251.0,
245.0,
249.0,
255.0,
242.0,
251.0,
255.0,
242.0,
249.0,
255.0,
167.0,
0.0,
0.0,
0.0,
0.0,
0.0,
3.0,
0.0,
0.0,
0.0,
4.0,
154.0,
255.0,
250.0,
254.0,
248.0,
243.0,
250.0,
254.0,
255.0,
255.0,
241.0,
255.0,
249.0,
224.0,
250.0,
255.0,
249.0,
164.0,
0.0,
0.0,
0.0,
0.0,
3.0,
4.0,
1.0,
0.0,
0.0,
4.0,
170.0,
255.0,
248.0,
255.0,
255.0,
255.0,
255.0,
255.0,
247.0,
249.0,
250.0,
254.0,
249.0,
255.0,
255.0,
229.0,
145.0,
51.0,
0.0,
0.0,
0.0,
0.0,
3.0,
0.0,
1.0,
0.0,
2.0,
0.0,
196.0,
240.0,
255.0,
255.0,
248.0,
246.0,
253.0,
251.0,
249.0,
255.0,
249.0,
255.0,
246.0,
255.0,
247.0,
120.0,
6.0,
5.0,
0.0,
0.0,
0.0,
0.0,
1.0,
0.0,
0.0,
2.0,
3.0,
0.0,
132.0,
255.0,
249.0,
251.0,
248.0,
253.0,
255.0,
255.0,
249.0,
255.0,
255.0,
239.0,
255.0,
209.0,
80.0,
0.0,
0.0,
0.0,
0.0,
0.0,
0.0,
0.0,
0.0,
0.0,
0.0,
1.0,
0.0,
7.0,
16.0,
255.0,
255.0,
254.0,
246.0,
249.0,
255.0,
250.0,
244.0,
253.0,
255.0,
166.0,
61.0,
0.0,
0.0,
8.0,
4.0,
3.0,
0.0,
0.0,
0.0,
0.0,
0.0,
2.0,
1.0,
0.0,
3.0,
1.0,
0.0,
143.0,
242.0,
253.0,
255.0,
255.0,
246.0,
180.0,
110.0,
77.0,
68.0,
0.0,
2.0,
12.0,
0.0,
4.0,
5.0,
0.0,
0.0,
0.0,
0.0,
0.0,
0.0,
0.0,
2.0,
0.0,
14.0,
0.0,
16.0,
0.0,
9.0,
1.0,
0.0,
0.0,
6.0,
0.0,
0.0,
3.0,
10.0,
0.0,
2.0,
0.0,
2.0,
7.0,
0.0,
6.0,
0.0,
0.0,
0.0,
0.0,
0.0,
0.0,
0.0,
0.0,
0.0,
0.0,
0.0,
0.0,
0.0,
0.0,
0.0,
0.0,
0.0,
0.0,
0.0,
0.0,
0.0,
0.0,
0.0,
0.0,
0.0,
0.0,
0.0,
0.0,
0.0,
0.0,
0.0,
0.0,
0.0,
0.0,
0.0,
0.0,
0.0,
0.0,
0.0,
0.0,
0.0,
0.0,
0.0,
0.0,
0.0,
0.0,
0.0,
0.0,
0.0,
0.0,
0.0,
0.0,
0.0,
0.0,
0.0,
0.0,
0.0,
0.0,
0.0,
0.0,
0.0,
0.0,
0.0,
0.0,
0.0,
0.0,
0.0,
0.0,
0.0,
0.0,
0.0,
0.0,
0.0,
0.0,
0.0,
0.0,
0.0,
0.0,
0.0,
0.0,
0.0,
0.0,
0.0,
0.0,
0.0,
0.0,
0.0,
0.0,
0.0,
0.0,
0.0,
0.0,
0.0,
0.0,
0.0,
0.0,
0.0,
0.0,
0.0,
0.0,
0.0,
0.0,
0.0,
0.0,
0.0,
0.0,
0.0,
0.0,
0.0,
0.0,
0.0,
0.0,
0.0,
0.0,
0.0,
0.0,
