0.0,
0.0,
0.0,
0.0,
0.0,
0.0,
0.0,
0.0,
11.0,
0.0,
0.0,
3.0,
0.0,
16.0,
0.0,
0.0,
0.0,
0.0,
8.0,
0.0,
3.0,
0.0,
8.0,
0.0,
0.0,
0.0,
0.0,
0.0,
0.0,
0.0,
0.0,
0.0,
0.0,
0.0,
0.0,
0.0,
0.0,
0.0,
4.0,
0.0,
11.0,
0.0,
5.0,
7.0,
0.0,
2.0,
12.0,
0.0,
11.0,
0.0,
1.0,
20.0,
0.0,
0.0,
0.0,
0.0,
0.0,
0.0,
0.0,
0.0,
0.0,
0.0,
0.0,
0.0,
15.0,
13.0,
0.0,
8.0,
7.0,
10.0,
0.0,
22.0,
182.0,
255.0,
213.0,
13.0,
5.0,
3.0,
13.0,
0.0,
0.0,
0.0,
0.0,
0.0,
0.0,
0.0,
0.0,
0.0,
0.0,
0.0,
0.0,
0.0,
0.0,
0.0,
0.0,
9.0,
3.0,
74.0,
58.0,
177.0,
255.0,
255.0,
165.0,
0.0,
0.0,
0.0,
11.0,
5.0,
0.0,
0.0,
0.0,
0.0,
0.0,
0.0,
0.0,
0.0,
0.0,
0.0,
0.0,
0.0,
3.0,
5.0,
4.0,
0.0,
123.0,
253.0,
255.0,
239.0,
255.0,
144.0,
32.0,
1.0,
7.0,
0.0,
0.0,
5.0,
0.0,
0.0,
0.0,
0.0,
0.0,
0.0,
0.0,
0.0,
0.0,
0.0,
0.0,
0.0,
1.0,
0.0,
9.0,
142.0,
245.0,
246.0,
247.0,
183.0,
114.0,
34.0,
0.0,
1.0,
0.0,
7.0,
1.0,
0.0,
0.0,
0.0,
0.0,
0.0,
0.0,
0.0,
0.0,
0.0,
0.0,
0.0,
0.0,
0.0,
0.0,
26.0,
121.0,
237.0,
255.0,
248.0,
181.0,
40.0,
18.0,
0.0,
0.0,
17.0,
1.0,
0.0,
0.0,
10.0,
0.0,
0.0,
0.0,
0.0,
0.0,
0.0,
0.0,
0.0,
0.0,
0.0,
0.0,
0.0,
18.0,
0.0,
204.0,
255.0,
205.0,
73.0,
19.0,
3.0,
0.0,
2.0,
12.0,
0.0,
0.0,
2.0,
8.0,
0.0,
0.0,
0.0,
0.0,
0.0,
8.0,
0.0,
0.0,
2.0,
0.0,
0.0,
11.0,
0.0,
9.0,
143.0,
246.0,
234.0,
5.0,
6.0,
0.0,
7.0,
0.0,
0.0,
5.0,
2.0,
3.0,
7.0,
0.0,
5.0,
0.0,
0.0,
0.0,
0.0,
0.0,
0.0,
1.0,
3.0,
0.0,
0.0,
10.0,
3.0,
0.0,
156.0,
255.0,
26.0,
12.0,
9.0,
0.0,
0.0,
2.0,
10.0,
0.0,
0.0,
0.0,
0.0,
0.0,
0.0,
0.0,
0.0,
0.0,
0.0,
0.0,
0.0,
3.0,
4.0,
1.0,
0.0,
0.0,
0.0,
36.0,
217.0,
191.0,
0.0,
19.0,
0.0,
0.0,
0.0,
0.0,
13.0,
0.0,
4.0,
0.0,
1.0,
15.0,
3.0,
0.0,
0.0,
0.0,
0.0,
4.0,
0.0,
0.0,
0.0,
7.0,
2.0,
0.0,
0.0,
130.0,
173.0,
32.0,
7.0,
0.0,
12.0,
0.0,
20.0,
0.0,
3.0,
8.0,
4.0,
1.0,
0.0,
0.0,
0.0,
0.0,
0.0,
0.0,
0.0,
1.0,
0.0,
0.0,
0.0,
2.0,
0.0,
5.0,
71.0,
199.0,
84.0,
10.0,
4.0,
0.0,
11.0,
0.0,
0.0,
10.0,
0.0,
3.0,
0.0,
20.0,
11.0,
0.0,
0.0,
0.0,
0.0,
0.0,
0.0,
0.0,
0.0,
8.0,
0.0,
0.0,
1.0,
50.0,
190.0,
255.0,
80.0,
0.0,
0.0,
17.0,
0.0,
0.0,
0.0,
0.0,
30.0,
175.0,
178.0,
163.0,
90.0,
8.0,
0.0,
0.0,
0.0,
0.0,
0.0,
1.0,
1.0,
10.0,
0.0,
4.0,
4.0,
73.0,
255.0,
232.0,
101.0,
2.0,
1.0,
0.0,
3.0,
110.0,
197.0,
211.0,
203.0,
244.0,
255.0,
255.0,
227.0,
84.0,
0.0,
0.0,
0.0,
0.0,
0.0,
6.0,
0.0,
0.0,
0.0,
7.0,
1.0,
61.0,
255.0,
255.0,
72.0,
0.0,
0.0,
83.0,
225.0,
246.0,
254.0,
255.0,
255.0,
243.0,
255.0,
247.0,
241.0,
101.0,
0.0,
0.0,
0.0,
0.0,
0.0,
0.0,
4.0,
5.0,
0.0,
3.0,
3.0,
65.0,
255.0,
255.0,
129.0,
48.0,
76.0,
250.0,
253.0,
248.0,
251.0,
248.0,
250.0,
247.0,
254.0,
249.0,
139.0,
6.0,
0.0,
0.0,
0.0,
0.0,
0.0,
3.0,
0.0,
0.0,
0.0,
12.0,
2.0,
53.0,
237.0,
241.0,
255.0,
244.0,
249.0,
239.0,
255.0,
246.0,
255.0,
255.0,
255.0,
249.0,
252.0,
255.0,
129.0,
0.0,
6.0,
0.0,
0.0,
0.0,
0.0,
0.0,
0.0,
3.0,
0.0,
4.0,
0.0,
76.0,
255.0,
253.0,
244.0,
255.0,
255.0,
255.0,
244.0,
254.0,
237.0,
255.0,
246.0,
251.0,
255.0,
208.0,
77.0,
0.0,
14.0,
0.0,
0.0,
0.0,
0.0,
0.0,
0.0,
4.0,
0.0,
0.0,
0.0,
75.0,
228.0,
255.0,
253.0,
240.0,
249.0,
246.0,
252.0,
249.0,
255.0,
249.0,
241.0,
255.0,
207.0,
66.0,
8.0,
5.0,
0.0,
0.0,
0.0,
0.0,
0.0,
4.0,
1.0,
0.0,
0.0,
2.0,
2.0,
19.0,
76.0,
59.0,
188.0,
255.0,
249.0,
255.0,
254.0,
252.0,
255.0,
255.0,
97.0,
49.0,
60.0,
8.0,
0.0,
1.0,
8.0,
0.0,
0.0,
0.0,
0.0,
0.0,
1.0,
1.0,
0.0,
1.0,
0.0,
0.0,
0.0,
6.0,
12.0,
31.0,
39.0,
247.0,
255.0,
167.0,
19.0,
18.0,
4.0,
11.0,
3.0,
0.0,
8.0,
0.0,
0.0,
0.0,
0.0,
0.0,
0.0,
0.0,
0.0,
3.0,
4.0,
0.0,
0.0,
5.0,
7.0,
0.0,
15.0,
0.0,
0.0,
2.0,
5.0,
0.0,
6.0,
6.0,
7.0,
7.0,
0.0,
0.0,
3.0,
0.0,
14.0,
0.0,
0.0,
0.0,
0.0,
9.0,
0.0,
0.0,
3.0,
1.0,
0.0,
1.0,
0.0,
7.0,
0.0,
0.0,
4.0,
6.0,
0.0,
0.0,
6.0,
4.0,
0.0,
5.0,
6.0,
0.0,
7.0,
7.0,
0.0,
0.0,
0.0,
0.0,
0.0,
0.0,
0.0,
0.0,
0.0,
0.0,
0.0,
0.0,
0.0,
0.0,
0.0,
0.0,
0.0,
0.0,
0.0,
0.0,
0.0,
0.0,
0.0,
0.0,
0.0,
0.0,
0.0,
0.0,
0.0,
0.0,
0.0,
0.0,
0.0,
0.0,
0.0,
0.0,
0.0,
0.0,
0.0,
0.0,
0.0,
0.0,
0.0,
0.0,
0.0,
0.0,
0.0,
0.0,
0.0,
0.0,
0.0,
0.0,
0.0,
0.0,
0.0,
0.0,
0.0,
0.0,
0.0,
0.0,
0.0,
0.0,
0.0,
0.0,
0.0,
0.0,
0.0,
0.0,
0.0,
0.0,
0.0,
0.0,
0.0,
0.0,
0.0,
0.0,
0.0,
0.0,
0.0,
0.0,
0.0,
0.0,
0.0,
0.0,
0.0,
0.0,
0.0,
0.0,
0.0,
0.0,
0.0,
0.0,
0.0,
0.0,
0.0,
0.0,
0.0,
0.0,
0.0,
0.0,
0.0,
0.0,
0.0,
0.0,
0.0,
0.0,
0.0,
0.0,
0.0,
0.0,
0.0,
0.0,
0.0,
0.0,
0.0,
0.0,
0.0,
