0.0,
0.0,
0.0,
0.0,
0.0,
0.0,
0.0,
0.0,
0.0,
2.0,
11.0,
4.0,
0.0,
2.0,
7.0,
0.0,
3.0,
0.0,
0.0,
15.0,
5.0,
0.0,
3.0,
5.0,
0.0,
0.0,
0.0,
3.0,
0.0,
0.0,
0.0,
0.0,
0.0,
0.0,
0.0,
0.0,
4.0,
0.0,
0.0,
0.0,
0.0,
2.0,
5.0,
0.0,
0.0,
2.0,
14.0,
0.0,
0.0,
10.0,
3.0,
0.0,
12.0,
4.0,
0.0,
0.0,
0.0,
0.0,
0.0,
0.0,
0.0,
0.0,
0.0,
0.0,
0.0,
0.0,
0.0,
3.0,
4.0,
0.0,
0.0,
0.0,
9.0,
0.0,
0.0,
0.0,
44.0,
152.0,
246.0,
236.0,
25.0,
9.0,
0.0,
0.0,
0.0,
0.0,
0.0,
0.0,
0.0,
0.0,
0.0,
0.0,
0.0,
0.0,
2.0,
3.0,
3.0,
0.0,
0.0,
8.0,
0.0,
3.0,
16.0,
177.0,
224.0,
233.0,
242.0,
36.0,
22.0,
8.0,
0.0,
0.0,
0.0,
0.0,
0.0,
0.0,
0.0,
0.0,
0.0,
0.0,
0.0,
9.0,
1.0,
0.0,
0.0,
1.0,
0.0,
8.0,
0.0,
67.0,
223.0,
255.0,
189.0,
201.0,
89.0,
0.0,
7.0,
1.0,
0.0,
0.0,
0.0,
0.0,
0.0,
0.0,
0.0,
0.0,
0.0,
0.0,
0.0,
8.0,
0.0,
0.0,
7.0,
0.0,
0.0,
0.0,
30.0,
216.0,
250.0,
156.0,
7.0,
0.0,
0.0,
7.0,
0.0,
0.0,
0.0,
3.0,
0.0,
0.0,
0.0,
0.0,
0.0,
0.0,
0.0,
0.0,
0.0,
4.0,
0.0,
3.0,
10.0,
0.0,
28.0,
96.0,
237.0,
211.0,
134.0,
29.0,
0.0,
7.0,
2.0,
0.0,
0.0,
0.0,
0.0,
3.0,
0.0,
0.0,
0.0,
0.0,
0.0,
0.0,
0.0,
0.0,
1.0,
4.0,
0.0,
0.0,
0.0,
8.0,
111.0,
255.0,
208.0,
16.0,
14.0,
0.0,
1.0,
0.0,
0.0,
4.0,
4.0,
1.0,
0.0,
2.0,
0.0,
0.0,
0.0,
0.0,
0.0,
0.0,
0.0,
0.0,
0.0,
13.0,
0.0,
0.0,
17.0,
74.0,
249.0,
255.0,
55.0,
0.0,
0.0,
11.0,
0.0,
0.0,
13.0,
0.0,
0.0,
0.0,
0.0,
0.0,
0.0,
0.0,
0.0,
0.0,
0.0,
0.0,
0.0,
0.0,
8.0,
1.0,
0.0,
0.0,
46.0,
198.0,
250.0,
125.0,
19.0,
5.0,
0.0,
0.0,
0.0,
3.0,
9.0,
0.0,
0.0,
0.0,
0.0,
0.0,
0.0,
0.0,
0.0,
0.0,
0.0,
0.0,
0.0,
0.0,
0.0,
3.0,
6.0,
37.0,
243.0,
249.0,
131.0,
11.0,
0.0,
4.0,
1.0,
6.0,
13.0,
0.0,
0.0,
7.0,
0.0,
0.0,
0.0,
0.0,
0.0,
0.0,
0.0,
0.0,
0.0,
0.0,
0.0,
0.0,
0.0,
7.0,
0.0,
224.0,
244.0,
210.0,
16.0,
0.0,
0.0,
0.0,
0.0,
0.0,
5.0,
0.0,
0.0,
7.0,
0.0,
0.0,
0.0,
0.0,
0.0,
0.0,
0.0,
0.0,
0.0,
0.0,
0.0,
0.0,
5.0,
15.0,
171.0,
251.0,
253.0,
79.0,
0.0,
0.0,
11.0,
12.0,
10.0,
0.0,
0.0,
8.0,
14.0,
0.0,
0.0,
0.0,
0.0,
0.0,
0.0,
0.0,
0.0,
0.0,
0.0,
0.0,
0.0,
0.0,
0.0,
37.0,
255.0,
253.0,
129.0,
25.0,
4.0,
0.0,
0.0,
0.0,
0.0,
9.0,
3.0,
1.0,
4.0,
0.0,
0.0,
0.0,
0.0,
0.0,
0.0,
0.0,
0.0,
0.0,
0.0,
0.0,
0.0,
0.0,
66.0,
227.0,
255.0,
205.0,
6.0,
0.0,
0.0,
12.0,
4.0,
6.0,
5.0,
6.0,
7.0,
0.0,
0.0,
11.0,
0.0,
0.0,
0.0,
0.0,
0.0,
0.0,
0.0,
0.0,
0.0,
0.0,
0.0,
0.0,
33.0,
255.0,
238.0,
235.0,
11.0,
95.0,
208.0,
131.0,
145.0,
197.0,
133.0,
14.0,
0.0,
5.0,
0.0,
0.0,
0.0,
0.0,
0.0,
0.0,
0.0,
4.0,
0.0,
0.0,
4.0,
7.0,
1.0,
0.0,
66.0,
254.0,
245.0,
255.0,
235.0,
255.0,
239.0,
239.0,
239.0,
253.0,
250.0,
166.0,
4.0,
0.0,
1.0,
3.0,
0.0,
0.0,
0.0,
0.0,
2.0,
2.0,
0.0,
1.0,
1.0,
0.0,
0.0,
25.0,
149.0,
253.0,
255.0,
250.0,
234.0,
105.0,
54.0,
20.0,
70.0,
255.0,
244.0,
255.0,
38.0,
1.0,
0.0,
6.0,
0.0,
0.0,
0.0,
0.0,
1.0,
0.0,
0.0,
9.0,
5.0,
0.0,
12.0,
62.0,
253.0,
249.0,
238.0,
255.0,
20.0,
0.0,
10.0,
0.0,
0.0,
186.0,
255.0,
252.0,
117.0,
0.0,
23.0,
0.0,
0.0,
0.0,
0.0,
0.0,
0.0,
0.0,
0.0,
8.0,
8.0,
0.0,
14.0,
60.0,
235.0,
250.0,
252.0,
235.0,
164.0,
35.0,
90.0,
133.0,
179.0,
255.0,
255.0,
250.0,
0.0,
8.0,
3.0,
20.0,
0.0,
0.0,
0.0,
0.0,
3.0,
2.0,
0.0,
0.0,
2.0,
0.0,
0.0,
14.0,
0.0,
253.0,
250.0,
250.0,
255.0,
252.0,
243.0,
255.0,
255.0,
222.0,
215.0,
143.0,
4.0,
0.0,
0.0,
0.0,
0.0,
0.0,
0.0,
0.0,
0.0,
5.0,
0.0,
0.0,
3.0,
3.0,
0.0,
0.0,
10.0,
0.0,
119.0,
107.0,
160.0,
254.0,
153.0,
211.0,
155.0,
99.0,
18.0,
0.0,
0.0,
9.0,
0.0,
6.0,
0.0,
0.0,
0.0,
0.0,
0.0,
4.0,
1.0,
0.0,
5.0,
6.0,
1.0,
4.0,
6.0,
5.0,
0.0,
0.0,
5.0,
0.0,
2.0,
0.0,
0.0,
15.0,
0.0,
0.0,
12.0,
0.0,
0.0,
6.0,
0.0,
0.0,
0.0,
0.0,
0.0,
5.0,
3.0,
0.0,
0.0,
0.0,
0.0,
9.0,
0.0,
0.0,
2.0,
4.0,
0.0,
1.0,
0.0,
0.0,
0.0,
0.0,
19.0,
0.0,
6.0,
0.0,
7.0,
0.0,
0.0,
0.0,
0.0,
0.0,
0.0,
0.0,
0.0,
0.0,
0.0,
0.0,
0.0,
0.0,
0.0,
0.0,
0.0,
0.0,
0.0,
0.0,
0.0,
0.0,
0.0,
0.0,
0.0,
0.0,
0.0,
0.0,
0.0,
0.0,
0.0,
0.0,
0.0,
0.0,
0.0,
0.0,
0.0,
0.0,
0.0,
0.0,
0.0,
0.0,
0.0,
0.0,
0.0,
0.0,
0.0,
0.0,
0.0,
0.0,
0.0,
0.0,
0.0,
0.0,
0.0,
0.0,
0.0,
0.0,
0.0,
0.0,
0.0,
0.0,
0.0,
0.0,
0.0,
0.0,
0.0,
0.0,
0.0,
0.0,
0.0,
0.0,
0.0,
0.0,
0.0,
0.0,
0.0,
0.0,
0.0,
0.0,
0.0,
0.0,
0.0,
0.0,
0.0,
0.0,
0.0,
0.0,
0.0,
0.0,
0.0,
0.0,
0.0,
0.0,
0.0,
0.0,
0.0,
0.0,
0.0,
0.0,
0.0,
0.0,
0.0,
0.0,
0.0,
0.0,
0.0,
0.0,
0.0,
0.0,
0.0,
0.0,
0.0,
0.0,
0.0,
0.0,
0.0,
0.0,
