0.0,
0.0,
0.0,
0.0,
0.0,
0.0,
0.0,
0.0,
0.0,
10.0,
10.0,
0.0,
3.0,
3.0,
0.0,
0.0,
0.0,
10.0,
0.0,
0.0,
0.0,
0.0,
0.0,
6.0,
0.0,
0.0,
0.0,
0.0,
0.0,
0.0,
0.0,
0.0,
0.0,
0.0,
0.0,
0.0,
8.0,
0.0,
0.0,
3.0,
0.0,
0.0,
9.0,
14.0,
0.0,
4.0,
2.0,
10.0,
4.0,
0.0,
5.0,
0.0,
0.0,
0.0,
0.0,
0.0,
0.0,
0.0,
0.0,
0.0,
0.0,
0.0,
0.0,
0.0,
5.0,
19.0,
0.0,
0.0,
6.0,
7.0,
0.0,
0.0,
2.0,
2.0,
0.0,
1.0,
0.0,
2.0,
12.0,
0.0,
0.0,
0.0,
0.0,
0.0,
0.0,
0.0,
0.0,
0.0,
0.0,
0.0,
0.0,
0.0,
0.0,
0.0,
14.0,
0.0,
14.0,
0.0,
125.0,
254.0,
254.0,
129.0,
0.0,
0.0,
11.0,
0.0,
0.0,
10.0,
0.0,
0.0,
0.0,
0.0,
0.0,
0.0,
0.0,
0.0,
0.0,
0.0,
0.0,
0.0,
10.0,
0.0,
3.0,
11.0,
0.0,
130.0,
247.0,
255.0,
250.0,
255.0,
138.0,
11.0,
0.0,
4.0,
0.0,
0.0,
0.0,
0.0,
0.0,
0.0,
0.0,
0.0,
0.0,
0.0,
0.0,
0.0,
0.0,
0.0,
0.0,
25.0,
0.0,
0.0,
21.0,
246.0,
253.0,
145.0,
144.0,
128.0,
34.0,
0.0,
6.0,
0.0,
0.0,
16.0,
0.0,
0.0,
0.0,
0.0,
0.0,
0.0,
0.0,
0.0,
0.0,
0.0,
0.0,
0.0,
14.0,
0.0,
0.0,
88.0,
245.0,
250.0,
114.0,
0.0,
0.0,
14.0,
6.0,
5.0,
7.0,
0.0,
2.0,
0.0,
0.0,
0.0,
0.0,
0.0,
0.0,
0.0,
0.0,
0.0,
0.0,
0.0,
0.0,
0.0,
0.0,
3.0,
19.0,
244.0,
242.0,
194.0,
6.0,
1.0,
4.0,
0.0,
0.0,
7.0,
0.0,
0.0,
19.0,
0.0,
0.0,
0.0,
0.0,
0.0,
0.0,
0.0,
0.0,
0.0,
0.0,
0.0,
0.0,
0.0,
6.0,
0.0,
92.0,
249.0,
247.0,
28.0,
0.0,
4.0,
0.0,
11.0,
6.0,
0.0,
1.0,
1.0,
0.0,
2.0,
0.0,
0.0,
0.0,
0.0,
0.0,
0.0,
0.0,
0.0,
0.0,
0.0,
0.0,
0.0,
0.0,
16.0,
217.0,
250.0,
88.0,
9.0,
2.0,
0.0,
0.0,
0.0,
8.0,
0.0,
5.0,
0.0,
11.0,
0.0,
0.0,
0.0,
0.0,
0.0,
0.0,
0.0,
0.0,
0.0,
0.0,
0.0,
0.0,
0.0,
13.0,
58.0,
255.0,
255.0,
27.0,
4.0,
0.0,
7.0,
9.0,
0.0,
0.0,
14.0,
13.0,
0.0,
2.0,
1.0,
0.0,
0.0,
0.0,
0.0,
0.0,
0.0,
0.0,
0.0,
0.0,
0.0,
0.0,
0.0,
0.0,
171.0,
251.0,
157.0,
9.0,
12.0,
0.0,
0.0,
0.0,
11.0,
4.0,
0.0,
0.0,
4.0,
11.0,
5.0,
0.0,
0.0,
0.0,
0.0,
0.0,
0.0,
0.0,
0.0,
0.0,
0.0,
0.0,
0.0,
0.0,
255.0,
242.0,
64.0,
0.0,
0.0,
0.0,
18.0,
8.0,
7.0,
0.0,
0.0,
19.0,
0.0,
0.0,
0.0,
0.0,
0.0,
0.0,
0.0,
0.0,
0.0,
0.0,
0.0,
0.0,
0.0,
0.0,
0.0,
0.0,
253.0,
253.0,
50.0,
11.0,
5.0,
0.0,
15.0,
51.0,
18.0,
10.0,
0.0,
23.0,
0.0,
0.0,
12.0,
0.0,
0.0,
0.0,
0.0,
0.0,
0.0,
0.0,
0.0,
0.0,
0.0,
0.0,
0.0,
15.0,
255.0,
234.0,
37.0,
67.0,
181.0,
238.0,
255.0,
255.0,
255.0,
207.0,
83.0,
0.0,
0.0,
20.0,
0.0,
0.0,
0.0,
0.0,
0.0,
0.0,
0.0,
0.0,
0.0,
0.0,
0.0,
0.0,
0.0,
0.0,
251.0,
255.0,
198.0,
245.0,
255.0,
254.0,
252.0,
249.0,
255.0,
248.0,
235.0,
19.0,
4.0,
0.0,
2.0,
0.0,
0.0,
0.0,
0.0,
0.0,
0.0,
0.0,
0.0,
0.0,
0.0,
0.0,
0.0,
0.0,
255.0,
249.0,
138.0,
93.0,
17.0,
9.0,
34.0,
84.0,
201.0,
246.0,
249.0,
148.0,
5.0,
0.0,
0.0,
0.0,
0.0,
0.0,
0.0,
0.0,
0.0,
0.0,
0.0,
0.0,
0.0,
0.0,
0.0,
5.0,
228.0,
255.0,
46.0,
0.0,
4.0,
15.0,
0.0,
0.0,
40.0,
236.0,
252.0,
170.0,
0.0,
15.0,
1.0,
0.0,
0.0,
0.0,
0.0,
0.0,
0.0,
0.0,
0.0,
0.0,
0.0,
0.0,
0.0,
11.0,
228.0,
246.0,
208.0,
9.0,
0.0,
0.0,
0.0,
10.0,
0.0,
176.0,
245.0,
99.0,
0.0,
0.0,
0.0,
0.0,
0.0,
0.0,
0.0,
0.0,
0.0,
0.0,
0.0,
0.0,
0.0,
0.0,
0.0,
0.0,
86.0,
255.0,
229.0,
161.0,
30.0,
8.0,
2.0,
0.0,
108.0,
255.0,
235.0,
0.0,
9.0,
8.0,
0.0,
0.0,
0.0,
0.0,
0.0,
0.0,
0.0,
0.0,
0.0,
0.0,
0.0,
0.0,
0.0,
0.0,
19.0,
155.0,
251.0,
255.0,
198.0,
91.0,
94.0,
171.0,
231.0,
251.0,
161.0,
19.0,
0.0,
0.0,
0.0,
0.0,
0.0,
0.0,
0.0,
0.0,
0.0,
0.0,
0.0,
0.0,
0.0,
0.0,
0.0,
0.0,
0.0,
8.0,
152.0,
250.0,
255.0,
241.0,
246.0,
253.0,
255.0,
160.0,
25.0,
0.0,
0.0,
3.0,
5.0,
0.0,
0.0,
0.0,
0.0,
0.0,
0.0,
0.0,
0.0,
0.0,
0.0,
0.0,
0.0,
0.0,
0.0,
15.0,
7.0,
95.0,
227.0,
238.0,
255.0,
162.0,
103.0,
0.0,
0.0,
14.0,
15.0,
0.0,
0.0,
0.0,
0.0,
0.0,
0.0,
0.0,
0.0,
0.0,
0.0,
0.0,
0.0,
0.0,
0.0,
0.0,
1.0,
0.0,
0.0,
11.0,
0.0,
9.0,
0.0,
0.0,
1.0,
6.0,
3.0,
0.0,
0.0,
1.0,
1.0,
0.0,
0.0,
0.0,
0.0,
0.0,
0.0,
0.0,
0.0,
0.0,
0.0,
0.0,
0.0,
0.0,
0.0,
0.0,
0.0,
0.0,
0.0,
0.0,
0.0,
0.0,
0.0,
0.0,
0.0,
0.0,
0.0,
0.0,
0.0,
0.0,
0.0,
0.0,
0.0,
0.0,
0.0,
0.0,
0.0,
0.0,
0.0,
0.0,
0.0,
0.0,
0.0,
0.0,
0.0,
0.0,
0.0,
0.0,
0.0,
0.0,
0.0,
0.0,
0.0,
0.0,
0.0,
0.0,
0.0,
0.0,
0.0,
0.0,
0.0,
0.0,
0.0,
0.0,
0.0,
0.0,
0.0,
0.0,
0.0,
0.0,
0.0,
0.0,
0.0,
0.0,
0.0,
0.0,
0.0,
0.0,
0.0,
0.0,
0.0,
0.0,
0.0,
0.0,
0.0,
0.0,
0.0,
0.0,
0.0,
0.0,
0.0,
0.0,
0.0,
0.0,
0.0,
0.0,
0.0,
0.0,
0.0,
0.0,
0.0,
0.0,
0.0,
0.0,
0.0,
0.0,
0.0,
0.0,
0.0,
0.0,
0.0,
0.0,
0.0,
0.0,
0.0,
0.0,
0.0,
