0.0,
0.0,
0.0,
0.0,
0.0,
0.0,
0.0,
0.0,
5.0,
0.0,
0.0,
1.0,
0.0,
1.0,
4.0,
0.0,
12.0,
0.0,
17.0,
0.0,
1.0,
6.0,
4.0,
0.0,
0.0,
0.0,
0.0,
0.0,
0.0,
0.0,
0.0,
0.0,
0.0,
0.0,
0.0,
0.0,
0.0,
0.0,
4.0,
0.0,
13.0,
9.0,
0.0,
32.0,
0.0,
2.0,
0.0,
6.0,
0.0,
0.0,
2.0,
7.0,
0.0,
0.0,
0.0,
0.0,
0.0,
0.0,
0.0,
0.0,
0.0,
0.0,
0.0,
0.0,
0.0,
0.0,
8.0,
0.0,
3.0,
0.0,
18.0,
168.0,
251.0,
220.0,
9.0,
10.0,
4.0,
0.0,
10.0,
0.0,
0.0,
0.0,
0.0,
0.0,
0.0,
0.0,
0.0,
0.0,
0.0,
0.0,
0.0,
0.0,
6.0,
0.0,
1.0,
0.0,
1.0,
0.0,
144.0,
255.0,
179.0,
204.0,
0.0,
0.0,
0.0,
0.0,
19.0,
0.0,
0.0,
0.0,
0.0,
0.0,
0.0,
0.0,
0.0,
0.0,
0.0,
0.0,
0.0,
0.0,
5.0,
0.0,
0.0,
1.0,
9.0,
49.0,
254.0,
220.0,
27.0,
99.0,
16.0,
3.0,
6.0,
0.0,
0.0,
0.0,
0.0,
0.0,
0.0,
0.0,
0.0,
0.0,
0.0,
0.0,
0.0,
0.0,
0.0,
0.0,
0.0,
10.0,
4.0,
0.0,
0.0,
97.0,
249.0,
95.0,
0.0,
12.0,
0.0,
0.0,
8.0,
0.0,
0.0,
12.0,
0.0,
0.0,
0.0,
0.0,
0.0,
0.0,
0.0,
0.0,
0.0,
0.0,
0.0,
0.0,
0.0,
10.0,
9.0,
0.0,
5.0,
161.0,
155.0,
21.0,
0.0,
0.0,
6.0,
6.0,
0.0,
0.0,
0.0,
13.0,
0.0,
0.0,
0.0,
0.0,
0.0,
0.0,
0.0,
0.0,
0.0,
0.0,
0.0,
0.0,
6.0,
0.0,
0.0,
13.0,
70.0,
246.0,
73.0,
0.0,
5.0,
0.0,
0.0,
2.0,
0.0,
15.0,
0.0,
0.0,
0.0,
0.0,
0.0,
0.0,
0.0,
0.0,
0.0,
0.0,
0.0,
0.0,
0.0,
0.0,
0.0,
0.0,
0.0,
19.0,
142.0,
251.0,
77.0,
0.0,
0.0,
1.0,
0.0,
0.0,
0.0,
4.0,
7.0,
2.0,
0.0,
0.0,
0.0,
0.0,
0.0,
0.0,
0.0,
0.0,
0.0,
0.0,
0.0,
0.0,
3.0,
3.0,
6.0,
0.0,
172.0,
202.0,
10.0,
0.0,
0.0,
2.0,
5.0,
5.0,
5.0,
3.0,
0.0,
0.0,
0.0,
0.0,
0.0,
0.0,
0.0,
0.0,
0.0,
0.0,
0.0,
0.0,
0.0,
0.0,
0.0,
0.0,
7.0,
28.0,
243.0,
200.0,
0.0,
8.0,
9.0,
4.0,
0.0,
0.0,
0.0,
0.0,
0.0,
4.0,
0.0,
0.0,
0.0,
0.0,
0.0,
0.0,
0.0,
0.0,
0.0,
0.0,
0.0,
0.0,
7.0,
0.0,
0.0,
160.0,
255.0,
152.0,
0.0,
0.0,
0.0,
0.0,
1.0,
9.0,
9.0,
3.0,
2.0,
6.0,
0.0,
0.0,
0.0,
0.0,
0.0,
0.0,
0.0,
0.0,
0.0,
0.0,
0.0,
0.0,
3.0,
5.0,
0.0,
251.0,
239.0,
66.0,
10.0,
0.0,
5.0,
3.0,
2.0,
1.0,
0.0,
0.0,
0.0,
0.0,
0.0,
0.0,
0.0,
0.0,
0.0,
0.0,
0.0,
0.0,
0.0,
0.0,
0.0,
0.0,
0.0,
7.0,
0.0,
255.0,
240.0,
20.0,
5.0,
0.0,
0.0,
1.0,
0.0,
0.0,
3.0,
10.0,
12.0,
10.0,
0.0,
0.0,
0.0,
0.0,
0.0,
0.0,
0.0,
0.0,
0.0,
0.0,
0.0,
0.0,
0.0,
4.0,
45.0,
235.0,
185.0,
0.0,
0.0,
6.0,
0.0,
3.0,
0.0,
0.0,
0.0,
2.0,
0.0,
0.0,
0.0,
0.0,
0.0,
0.0,
0.0,
0.0,
0.0,
0.0,
0.0,
0.0,
0.0,
0.0,
0.0,
0.0,
114.0,
246.0,
113.0,
3.0,
13.0,
101.0,
236.0,
195.0,
115.0,
31.0,
0.0,
1.0,
8.0,
1.0,
0.0,
0.0,
0.0,
0.0,
0.0,
0.0,
0.0,
0.0,
0.0,
0.0,
0.0,
0.0,
11.0,
0.0,
117.0,
252.0,
107.0,
7.0,
143.0,
250.0,
248.0,
156.0,
255.0,
104.0,
1.0,
2.0,
0.0,
1.0,
0.0,
0.0,
0.0,
0.0,
0.0,
0.0,
0.0,
0.0,
0.0,
0.0,
0.0,
0.0,
0.0,
0.0,
108.0,
255.0,
137.0,
145.0,
231.0,
227.0,
67.0,
15.0,
241.0,
115.0,
6.0,
0.0,
7.0,
0.0,
0.0,
0.0,
0.0,
0.0,
0.0,
0.0,
0.0,
0.0,
0.0,
0.0,
0.0,
0.0,
0.0,
10.0,
114.0,
251.0,
255.0,
231.0,
170.0,
15.0,
28.0,
119.0,
241.0,
72.0,
1.0,
0.0,
1.0,
14.0,
0.0,
0.0,
0.0,
0.0,
0.0,
0.0,
0.0,
0.0,
0.0,
0.0,
0.0,
0.0,
6.0,
0.0,
13.0,
232.0,
255.0,
217.0,
90.0,
83.0,
191.0,
255.0,
112.0,
0.0,
0.0,
8.0,
0.0,
0.0,
0.0,
0.0,
0.0,
0.0,
0.0,
0.0,
0.0,
0.0,
0.0,
0.0,
0.0,
0.0,
0.0,
0.0,
20.0,
133.0,
255.0,
255.0,
240.0,
243.0,
253.0,
198.0,
13.0,
3.0,
10.0,
6.0,
10.0,
1.0,
0.0,
0.0,
0.0,
0.0,
0.0,
0.0,
0.0,
0.0,
0.0,
0.0,
0.0,
0.0,
0.0,
11.0,
0.0,
18.0,
81.0,
247.0,
255.0,
219.0,
91.0,
21.0,
0.0,
6.0,
0.0,
0.0,
0.0,
3.0,
0.0,
0.0,
0.0,
0.0,
0.0,
0.0,
0.0,
0.0,
0.0,
0.0,
0.0,
0.0,
14.0,
0.0,
12.0,
0.0,
0.0,
0.0,
12.0,
0.0,
7.0,
0.0,
2.0,
0.0,
10.0,
18.0,
3.0,
0.0,
0.0,
0.0,
0.0,
0.0,
0.0,
0.0,
0.0,
0.0,
0.0,
0.0,
0.0,
0.0,
0.0,
0.0,
6.0,
0.0,
9.0,
0.0,
0.0,
6.0,
0.0,
13.0,
0.0,
10.0,
0.0,
0.0,
0.0,
5.0,
0.0,
0.0,
0.0,
0.0,
0.0,
0.0,
0.0,
0.0,
0.0,
0.0,
0.0,
0.0,
0.0,
0.0,
0.0,
0.0,
0.0,
0.0,
0.0,
0.0,
0.0,
0.0,
0.0,
0.0,
0.0,
0.0,
0.0,
0.0,
0.0,
0.0,
0.0,
0.0,
0.0,
0.0,
0.0,
0.0,
0.0,
0.0,
0.0,
0.0,
0.0,
0.0,
0.0,
0.0,
0.0,
0.0,
0.0,
0.0,
0.0,
0.0,
0.0,
0.0,
0.0,
0.0,
0.0,
0.0,
0.0,
0.0,
0.0,
0.0,
0.0,
0.0,
0.0,
0.0,
0.0,
0.0,
0.0,
0.0,
0.0,
0.0,
0.0,
0.0,
0.0,
0.0,
0.0,
0.0,
0.0,
0.0,
0.0,
0.0,
0.0,
0.0,
0.0,
0.0,
0.0,
0.0,
0.0,
0.0,
0.0,
0.0,
0.0,
0.0,
0.0,
0.0,
0.0,
0.0,
0.0,
0.0,
0.0,
0.0,
0.0,
0.0,
0.0,
0.0,
0.0,
0.0,
0.0,
0.0,
0.0,
0.0,
0.0,
0.0,
0.0,
0.0,
0.0,
0.0,
