0.0,
0.0,
0.0,
0.0,
0.0,
0.0,
0.0,
0.0,
0.0,
0.0,
0.0,
4.0,
0.0,
0.0,
10.0,
0.0,
0.0,
0.0,
6.0,
0.0,
9.0,
6.0,
0.0,
0.0,
0.0,
0.0,
0.0,
0.0,
0.0,
0.0,
0.0,
0.0,
0.0,
0.0,
0.0,
0.0,
5.0,
0.0,
2.0,
9.0,
0.0,
0.0,
2.0,
10.0,
0.0,
13.0,
10.0,
0.0,
0.0,
0.0,
10.0,
0.0,
0.0,
0.0,
0.0,
0.0,
0.0,
0.0,
0.0,
0.0,
0.0,
0.0,
0.0,
0.0,
0.0,
13.0,
0.0,
0.0,
10.0,
17.0,
0.0,
0.0,
12.0,
0.0,
0.0,
17.0,
8.0,
0.0,
0.0,
2.0,
0.0,
0.0,
0.0,
0.0,
0.0,
0.0,
0.0,
0.0,
0.0,
0.0,
0.0,
0.0,
5.0,
0.0,
0.0,
0.0,
0.0,
0.0,
0.0,
20.0,
0.0,
6.0,
7.0,
0.0,
0.0,
6.0,
0.0,
14.0,
0.0,
0.0,
0.0,
0.0,
0.0,
0.0,
0.0,
0.0,
0.0,
0.0,
0.0,
0.0,
11.0,
0.0,
10.0,
15.0,
0.0,
6.0,
6.0,
0.0,
0.0,
12.0,
26.0,
218.0,
255.0,
119.0,
6.0,
0.0,
0.0,
0.0,
0.0,
0.0,
0.0,
0.0,
0.0,
0.0,
0.0,
0.0,
0.0,
0.0,
0.0,
0.0,
5.0,
0.0,
11.0,
6.0,
0.0,
39.0,
39.0,
140.0,
255.0,
255.0,
243.0,
193.0,
18.0,
0.0,
0.0,
0.0,
0.0,
0.0,
0.0,
0.0,
0.0,
0.0,
0.0,
0.0,
0.0,
0.0,
1.0,
6.0,
0.0,
0.0,
8.0,
0.0,
30.0,
243.0,
252.0,
255.0,
242.0,
255.0,
183.0,
15.0,
5.0,
12.0,
0.0,
0.0,
0.0,
0.0,
0.0,
0.0,
0.0,
0.0,
0.0,
0.0,
0.0,
0.0,
0.0,
0.0,
16.0,
0.0,
2.0,
110.0,
196.0,
255.0,
252.0,
247.0,
254.0,
129.0,
21.0,
0.0,
6.0,
0.0,
0.0,
0.0,
0.0,
0.0,
0.0,
1.0,
2.0,
0.0,
0.0,
0.0,
0.0,
0.0,
0.0,
7.0,
0.0,
0.0,
173.0,
243.0,
245.0,
255.0,
255.0,
242.0,
113.0,
27.0,
0.0,
15.0,
0.0,
4.0,
0.0,
0.0,
0.0,
0.0,
0.0,
0.0,
1.0,
0.0,
0.0,
0.0,
0.0,
0.0,
0.0,
1.0,
26.0,
106.0,
236.0,
247.0,
255.0,
250.0,
204.0,
105.0,
0.0,
0.0,
9.0,
0.0,
6.0,
0.0,
0.0,
0.0,
0.0,
0.0,
0.0,
0.0,
0.0,
1.0,
2.0,
2.0,
1.0,
0.0,
5.0,
0.0,
103.0,
255.0,
255.0,
255.0,
255.0,
249.0,
114.0,
0.0,
0.0,
14.0,
7.0,
0.0,
0.0,
8.0,
0.0,
0.0,
0.0,
0.0,
3.0,
0.0,
0.0,
1.0,
3.0,
1.0,
0.0,
0.0,
0.0,
89.0,
255.0,
249.0,
234.0,
234.0,
255.0,
251.0,
212.0,
51.0,
0.0,
0.0,
0.0,
17.0,
0.0,
9.0,
0.0,
0.0,
0.0,
0.0,
4.0,
0.0,
0.0,
1.0,
1.0,
0.0,
0.0,
0.0,
0.0,
179.0,
255.0,
254.0,
255.0,
255.0,
238.0,
255.0,
255.0,
183.0,
27.0,
4.0,
6.0,
0.0,
6.0,
0.0,
0.0,
0.0,
0.0,
0.0,
4.0,
0.0,
0.0,
1.0,
0.0,
0.0,
0.0,
8.0,
116.0,
251.0,
251.0,
255.0,
236.0,
251.0,
255.0,
253.0,
251.0,
255.0,
116.0,
8.0,
0.0,
4.0,
14.0,
0.0,
0.0,
0.0,
0.0,
0.0,
1.0,
0.0,
0.0,
3.0,
0.0,
0.0,
6.0,
22.0,
245.0,
254.0,
255.0,
131.0,
241.0,
255.0,
194.0,
0.0,
136.0,
255.0,
255.0,
75.0,
0.0,
1.0,
0.0,
1.0,
0.0,
0.0,
0.0,
0.0,
0.0,
0.0,
0.0,
4.0,
1.0,
0.0,
13.0,
32.0,
255.0,
245.0,
175.0,
11.0,
89.0,
162.0,
2.0,
8.0,
156.0,
245.0,
244.0,
74.0,
12.0,
0.0,
16.0,
0.0,
0.0,
0.0,
0.0,
0.0,
0.0,
0.0,
0.0,
3.0,
2.0,
0.0,
3.0,
34.0,
249.0,
244.0,
157.0,
10.0,
1.0,
7.0,
0.0,
0.0,
142.0,
255.0,
250.0,
61.0,
20.0,
0.0,
0.0,
5.0,
0.0,
0.0,
0.0,
0.0,
0.0,
1.0,
0.0,
1.0,
1.0,
0.0,
6.0,
37.0,
242.0,
255.0,
60.0,
0.0,
0.0,
0.0,
2.0,
0.0,
147.0,
255.0,
255.0,
79.0,
0.0,
7.0,
9.0,
0.0,
0.0,
0.0,
0.0,
0.0,
1.0,
1.0,
0.0,
0.0,
1.0,
0.0,
8.0,
36.0,
255.0,
221.0,
61.0,
1.0,
15.0,
15.0,
0.0,
11.0,
229.0,
235.0,
225.0,
30.0,
0.0,
13.0,
0.0,
2.0,
0.0,
0.0,
0.0,
0.0,
0.0,
1.0,
0.0,
0.0,
2.0,
0.0,
4.0,
26.0,
255.0,
255.0,
164.0,
0.0,
0.0,
3.0,
0.0,
197.0,
255.0,
239.0,
118.0,
0.0,
16.0,
3.0,
0.0,
8.0,
0.0,
0.0,
0.0,
0.0,
0.0,
1.0,
0.0,
0.0,
3.0,
0.0,
0.0,
11.0,
143.0,
241.0,
234.0,
215.0,
94.0,
76.0,
99.0,
246.0,
234.0,
249.0,
13.0,
9.0,
0.0,
0.0,
11.0,
0.0,
0.0,
0.0,
0.0,
0.0,
0.0,
2.0,
0.0,
0.0,
4.0,
0.0,
0.0,
2.0,
3.0,
209.0,
246.0,
255.0,
255.0,
255.0,
248.0,
255.0,
252.0,
149.0,
0.0,
12.0,
0.0,
5.0,
8.0,
0.0,
0.0,
0.0,
0.0,
0.0,
0.0,
2.0,
0.0,
0.0,
3.0,
0.0,
0.0,
1.0,
0.0,
26.0,
139.0,
238.0,
255.0,
232.0,
253.0,
255.0,
189.0,
26.0,
11.0,
0.0,
0.0,
4.0,
0.0,
5.0,
0.0,
0.0,
0.0,
0.0,
0.0,
3.0,
0.0,
0.0,
3.0,
0.0,
0.0,
4.0,
0.0,
12.0,
4.0,
64.0,
117.0,
187.0,
201.0,
125.0,
7.0,
0.0,
0.0,
11.0,
7.0,
0.0,
7.0,
0.0,
0.0,
0.0,
0.0,
0.0,
0.0,
0.0,
0.0,
0.0,
0.0,
0.0,
0.0,
0.0,
0.0,
0.0,
0.0,
0.0,
0.0,
0.0,
0.0,
0.0,
0.0,
0.0,
0.0,
0.0,
0.0,
0.0,
0.0,
0.0,
0.0,
0.0,
0.0,
0.0,
0.0,
0.0,
0.0,
0.0,
0.0,
0.0,
0.0,
0.0,
0.0,
0.0,
0.0,
0.0,
0.0,
0.0,
0.0,
0.0,
0.0,
0.0,
0.0,
0.0,
0.0,
0.0,
0.0,
0.0,
0.0,
0.0,
0.0,
0.0,
0.0,
0.0,
0.0,
0.0,
0.0,
0.0,
0.0,
0.0,
0.0,
0.0,
0.0,
0.0,
0.0,
0.0,
0.0,
0.0,
0.0,
0.0,
0.0,
0.0,
0.0,
0.0,
0.0,
0.0,
0.0,
0.0,
0.0,
0.0,
0.0,
0.0,
0.0,
0.0,
0.0,
0.0,
0.0,
0.0,
0.0,
0.0,
0.0,
0.0,
0.0,
0.0,
0.0,
0.0,
0.0,
0.0,
0.0,
0.0,
0.0,
0.0,
0.0,
0.0,
0.0,
0.0,
0.0,
0.0,
