0.0,
0.0,
0.0,
0.0,
0.0,
0.0,
0.0,
0.0,
0.0,
5.0,
0.0,
11.0,
3.0,
0.0,
11.0,
0.0,
2.0,
0.0,
4.0,
0.0,
10.0,
0.0,
0.0,
4.0,
0.0,
0.0,
0.0,
0.0,
0.0,
0.0,
0.0,
0.0,
0.0,
0.0,
0.0,
0.0,
7.0,
0.0,
4.0,
0.0,
2.0,
8.0,
3.0,
0.0,
0.0,
8.0,
0.0,
0.0,
0.0,
7.0,
2.0,
0.0,
0.0,
0.0,
0.0,
0.0,
0.0,
0.0,
0.0,
0.0,
0.0,
0.0,
0.0,
0.0,
1.0,
3.0,
0.0,
0.0,
18.0,
0.0,
0.0,
14.0,
6.0,
0.0,
8.0,
147.0,
255.0,
173.0,
36.0,
2.0,
0.0,
0.0,
0.0,
0.0,
0.0,
0.0,
0.0,
0.0,
0.0,
0.0,
0.0,
0.0,
0.0,
9.0,
0.0,
9.0,
1.0,
0.0,
5.0,
9.0,
3.0,
10.0,
71.0,
242.0,
238.0,
252.0,
45.0,
0.0,
0.0,
0.0,
0.0,
0.0,
0.0,
0.0,
0.0,
0.0,
0.0,
0.0,
0.0,
0.0,
8.0,
0.0,
4.0,
17.0,
0.0,
20.0,
15.0,
0.0,
0.0,
68.0,
217.0,
250.0,
254.0,
245.0,
12.0,
11.0,
0.0,
0.0,
0.0,
0.0,
0.0,
0.0,
0.0,
0.0,
0.0,
0.0,
0.0,
0.0,
7.0,
0.0,
10.0,
7.0,
0.0,
14.0,
0.0,
56.0,
153.0,
255.0,
242.0,
255.0,
213.0,
29.0,
0.0,
0.0,
0.0,
0.0,
0.0,
0.0,
0.0,
0.0,
0.0,
0.0,
0.0,
0.0,
0.0,
0.0,
0.0,
1.0,
2.0,
0.0,
17.0,
0.0,
35.0,
198.0,
245.0,
253.0,
255.0,
207.0,
3.0,
15.0,
0.0,
7.0,
0.0,
0.0,
0.0,
0.0,
0.0,
0.0,
0.0,
0.0,
0.0,
0.0,
0.0,
0.0,
5.0,
3.0,
0.0,
2.0,
0.0,
4.0,
214.0,
255.0,
255.0,
254.0,
170.0,
1.0,
8.0,
0.0,
17.0,
0.0,
0.0,
0.0,
0.0,
0.0,
0.0,
0.0,
5.0,
0.0,
0.0,
11.0,
8.0,
25.0,
0.0,
0.0,
11.0,
0.0,
0.0,
161.0,
255.0,
248.0,
255.0,
208.0,
4.0,
7.0,
0.0,
3.0,
0.0,
1.0,
0.0,
0.0,
0.0,
0.0,
6.0,
0.0,
0.0,
0.0,
1.0,
5.0,
0.0,
2.0,
0.0,
10.0,
0.0,
40.0,
212.0,
238.0,
248.0,
250.0,
142.0,
14.0,
0.0,
0.0,
13.0,
0.0,
10.0,
0.0,
0.0,
0.0,
0.0,
0.0,
6.0,
0.0,
0.0,
4.0,
1.0,
0.0,
5.0,
0.0,
0.0,
10.0,
47.0,
255.0,
255.0,
253.0,
254.0,
55.0,
1.0,
0.0,
26.0,
1.0,
0.0,
6.0,
0.0,
0.0,
0.0,
0.0,
0.0,
0.0,
0.0,
1.0,
0.0,
7.0,
0.0,
0.0,
14.0,
2.0,
0.0,
82.0,
255.0,
245.0,
255.0,
227.0,
43.0,
9.0,
0.0,
8.0,
0.0,
6.0,
11.0,
0.0,
0.0,
19.0,
0.0,
0.0,
0.0,
0.0,
0.0,
2.0,
3.0,
1.0,
0.0,
0.0,
4.0,
0.0,
81.0,
236.0,
255.0,
248.0,
230.0,
73.0,
0.0,
10.0,
15.0,
12.0,
16.0,
12.0,
11.0,
0.0,
5.0,
0.0,
0.0,
0.0,
0.0,
0.0,
4.0,
0.0,
1.0,
0.0,
3.0,
3.0,
0.0,
8.0,
212.0,
241.0,
254.0,
254.0,
42.0,
0.0,
127.0,
159.0,
255.0,
248.0,
255.0,
250.0,
189.0,
94.0,
2.0,
2.0,
0.0,
0.0,
0.0,
0.0,
9.0,
0.0,
6.0,
0.0,
3.0,
0.0,
0.0,
102.0,
255.0,
238.0,
255.0,
238.0,
255.0,
238.0,
249.0,
255.0,
245.0,
255.0,
248.0,
247.0,
255.0,
255.0,
132.0,
4.0,
0.0,
0.0,
0.0,
0.0,
4.0,
0.0,
13.0,
0.0,
0.0,
0.0,
28.0,
211.0,
250.0,
210.0,
186.0,
248.0,
255.0,
252.0,
255.0,
253.0,
222.0,
145.0,
141.0,
188.0,
253.0,
242.0,
255.0,
64.0,
0.0,
0.0,
0.0,
0.0,
0.0,
6.0,
0.0,
0.0,
14.0,
0.0,
136.0,
251.0,
255.0,
51.0,
88.0,
255.0,
247.0,
247.0,
242.0,
107.0,
22.0,
0.0,
34.0,
161.0,
249.0,
253.0,
219.0,
35.0,
0.0,
0.0,
0.0,
0.0,
1.0,
0.0,
2.0,
4.0,
0.0,
4.0,
160.0,
247.0,
249.0,
49.0,
39.0,
90.0,
129.0,
125.0,
28.0,
0.0,
22.0,
40.0,
197.0,
255.0,
255.0,
252.0,
99.0,
0.0,
0.0,
0.0,
0.0,
0.0,
2.0,
0.0,
4.0,
8.0,
0.0,
10.0,
134.0,
255.0,
194.0,
0.0,
8.0,
7.0,
0.0,
0.0,
6.0,
91.0,
189.0,
240.0,
255.0,
255.0,
219.0,
126.0,
0.0,
0.0,
0.0,
0.0,
0.0,
0.0,
0.0,
6.0,
0.0,
3.0,
0.0,
0.0,
54.0,
233.0,
255.0,
165.0,
174.0,
164.0,
122.0,
171.0,
255.0,
245.0,
237.0,
255.0,
229.0,
226.0,
106.0,
0.0,
0.0,
0.0,
0.0,
0.0,
0.0,
0.0,
2.0,
4.0,
0.0,
5.0,
3.0,
0.0,
0.0,
133.0,
252.0,
255.0,
235.0,
255.0,
255.0,
249.0,
255.0,
252.0,
255.0,
249.0,
159.0,
18.0,
0.0,
8.0,
7.0,
0.0,
0.0,
0.0,
0.0,
0.0,
5.0,
0.0,
0.0,
11.0,
0.0,
9.0,
0.0,
13.0,
96.0,
231.0,
255.0,
255.0,
253.0,
255.0,
191.0,
155.0,
141.0,
0.0,
0.0,
1.0,
10.0,
0.0,
0.0,
3.0,
0.0,
0.0,
0.0,
0.0,
1.0,
0.0,
3.0,
7.0,
0.0,
11.0,
3.0,
0.0,
0.0,
0.0,
5.0,
0.0,
0.0,
9.0,
0.0,
2.0,
0.0,
15.0,
7.0,
2.0,
6.0,
0.0,
0.0,
0.0,
0.0,
0.0,
0.0,
0.0,
0.0,
10.0,
2.0,
0.0,
0.0,
0.0,
0.0,
14.0,
0.0,
9.0,
5.0,
0.0,
11.0,
0.0,
4.0,
0.0,
0.0,
11.0,
0.0,
0.0,
0.0,
12.0,
0.0,
0.0,
0.0,
0.0,
0.0,
0.0,
0.0,
0.0,
0.0,
0.0,
0.0,
0.0,
0.0,
0.0,
0.0,
0.0,
0.0,
0.0,
0.0,
0.0,
0.0,
0.0,
0.0,
0.0,
0.0,
0.0,
0.0,
0.0,
0.0,
0.0,
0.0,
0.0,
0.0,
0.0,
0.0,
0.0,
0.0,
0.0,
0.0,
0.0,
0.0,
0.0,
0.0,
0.0,
0.0,
0.0,
0.0,
0.0,
0.0,
0.0,
0.0,
0.0,
0.0,
0.0,
0.0,
0.0,
0.0,
0.0,
0.0,
0.0,
0.0,
0.0,
0.0,
0.0,
0.0,
0.0,
0.0,
0.0,
0.0,
0.0,
0.0,
0.0,
0.0,
0.0,
0.0,
0.0,
0.0,
0.0,
0.0,
0.0,
0.0,
0.0,
0.0,
0.0,
0.0,
0.0,
0.0,
0.0,
0.0,
0.0,
0.0,
0.0,
0.0,
0.0,
0.0,
0.0,
0.0,
0.0,
0.0,
0.0,
0.0,
0.0,
0.0,
0.0,
0.0,
0.0,
0.0,
0.0,
0.0,
0.0,
0.0,
0.0,
0.0,
0.0,
0.0,
0.0,
0.0,
0.0,
