0.0,
0.0,
0.0,
0.0,
0.0,
0.0,
0.0,
0.0,
9.0,
0.0,
0.0,
14.0,
0.0,
11.0,
0.0,
9.0,
0.0,
15.0,
0.0,
1.0,
0.0,
3.0,
0.0,
2.0,
0.0,
0.0,
0.0,
0.0,
0.0,
0.0,
0.0,
0.0,
0.0,
0.0,
0.0,
0.0,
0.0,
8.0,
0.0,
0.0,
14.0,
3.0,
3.0,
0.0,
27.0,
4.0,
0.0,
6.0,
0.0,
0.0,
0.0,
6.0,
0.0,
0.0,
0.0,
0.0,
0.0,
0.0,
0.0,
0.0,
0.0,
0.0,
0.0,
0.0,
0.0,
7.0,
0.0,
0.0,
7.0,
0.0,
50.0,
225.0,
108.0,
2.0,
0.0,
6.0,
5.0,
0.0,
0.0,
4.0,
0.0,
0.0,
0.0,
0.0,
0.0,
0.0,
0.0,
0.0,
0.0,
0.0,
0.0,
0.0,
9.0,
0.0,
3.0,
6.0,
0.0,
13.0,
227.0,
255.0,
163.0,
5.0,
0.0,
0.0,
5.0,
3.0,
1.0,
0.0,
0.0,
0.0,
0.0,
0.0,
0.0,
0.0,
0.0,
0.0,
0.0,
0.0,
0.0,
0.0,
0.0,
0.0,
5.0,
0.0,
16.0,
162.0,
243.0,
245.0,
129.0,
0.0,
1.0,
0.0,
0.0,
3.0,
5.0,
0.0,
0.0,
0.0,
0.0,
0.0,
0.0,
0.0,
0.0,
0.0,
0.0,
0.0,
0.0,
0.0,
0.0,
8.0,
0.0,
17.0,
104.0,
228.0,
255.0,
173.0,
41.0,
0.0,
6.0,
5.0,
0.0,
0.0,
2.0,
2.0,
0.0,
0.0,
0.0,
0.0,
0.0,
0.0,
0.0,
0.0,
0.0,
0.0,
0.0,
0.0,
0.0,
0.0,
18.0,
0.0,
241.0,
255.0,
147.0,
18.0,
0.0,
0.0,
0.0,
5.0,
0.0,
0.0,
0.0,
4.0,
0.0,
0.0,
0.0,
0.0,
0.0,
0.0,
0.0,
0.0,
0.0,
0.0,
0.0,
0.0,
0.0,
0.0,
0.0,
162.0,
243.0,
227.0,
31.0,
4.0,
0.0,
16.0,
0.0,
0.0,
1.0,
8.0,
0.0,
1.0,
0.0,
0.0,
0.0,
0.0,
0.0,
0.0,
0.0,
0.0,
0.0,
0.0,
0.0,
1.0,
4.0,
4.0,
80.0,
235.0,
255.0,
93.0,
3.0,
4.0,
6.0,
0.0,
6.0,
0.0,
5.0,
2.0,
0.0,
4.0,
0.0,
0.0,
0.0,
0.0,
0.0,
0.0,
0.0,
0.0,
0.0,
0.0,
0.0,
0.0,
0.0,
18.0,
255.0,
247.0,
156.0,
15.0,
0.0,
11.0,
0.0,
3.0,
6.0,
0.0,
0.0,
7.0,
8.0,
9.0,
0.0,
0.0,
0.0,
0.0,
0.0,
0.0,
0.0,
0.0,
0.0,
0.0,
0.0,
0.0,
20.0,
210.0,
254.0,
203.0,
12.0,
7.0,
0.0,
0.0,
1.0,
6.0,
0.0,
7.0,
3.0,
0.0,
0.0,
0.0,
0.0,
0.0,
0.0,
0.0,
0.0,
0.0,
1.0,
1.0,
1.0,
0.0,
0.0,
0.0,
117.0,
250.0,
237.0,
93.0,
0.0,
10.0,
0.0,
21.0,
0.0,
12.0,
0.0,
0.0,
0.0,
8.0,
13.0,
0.0,
0.0,
0.0,
0.0,
0.0,
0.0,
0.0,
1.0,
1.0,
1.0,
0.0,
0.0,
0.0,
196.0,
249.0,
214.0,
26.0,
12.0,
0.0,
11.0,
0.0,
0.0,
21.0,
86.0,
183.0,
152.0,
44.0,
0.0,
20.0,
0.0,
0.0,
0.0,
0.0,
0.0,
0.0,
0.0,
0.0,
0.0,
1.0,
2.0,
3.0,
229.0,
243.0,
119.0,
0.0,
0.0,
10.0,
11.0,
85.0,
212.0,
218.0,
238.0,
246.0,
254.0,
218.0,
24.0,
0.0,
0.0,
0.0,
0.0,
0.0,
1.0,
0.0,
0.0,
0.0,
0.0,
1.0,
5.0,
7.0,
209.0,
233.0,
0.0,
3.0,
22.0,
20.0,
145.0,
255.0,
255.0,
252.0,
255.0,
234.0,
245.0,
234.0,
0.0,
2.0,
0.0,
0.0,
0.0,
0.0,
1.0,
0.0,
0.0,
0.0,
0.0,
2.0,
6.0,
9.0,
242.0,
223.0,
3.0,
6.0,
12.0,
216.0,
255.0,
248.0,
191.0,
90.0,
72.0,
52.0,
161.0,
232.0,
0.0,
10.0,
0.0,
0.0,
0.0,
0.0,
0.0,
11.0,
0.0,
0.0,
10.0,
0.0,
7.0,
91.0,
239.0,
236.0,
6.0,
0.0,
112.0,
255.0,
233.0,
158.0,
8.0,
0.0,
0.0,
2.0,
112.0,
241.0,
71.0,
4.0,
0.0,
0.0,
0.0,
0.0,
0.0,
10.0,
0.0,
0.0,
12.0,
0.0,
6.0,
64.0,
255.0,
205.0,
5.0,
0.0,
111.0,
230.0,
130.0,
2.0,
0.0,
17.0,
2.0,
0.0,
118.0,
240.0,
0.0,
2.0,
0.0,
0.0,
0.0,
0.0,
2.0,
1.0,
0.0,
0.0,
6.0,
0.0,
0.0,
22.0,
224.0,
248.0,
53.0,
12.0,
12.0,
0.0,
0.0,
2.0,
5.0,
0.0,
16.0,
151.0,
241.0,
199.0,
4.0,
6.0,
0.0,
0.0,
0.0,
0.0,
2.0,
0.0,
0.0,
0.0,
0.0,
0.0,
0.0,
0.0,
149.0,
254.0,
255.0,
149.0,
38.0,
61.0,
64.0,
58.0,
154.0,
190.0,
255.0,
247.0,
130.0,
2.0,
2.0,
0.0,
0.0,
0.0,
0.0,
0.0,
4.0,
0.0,
3.0,
4.0,
0.0,
1.0,
5.0,
0.0,
20.0,
215.0,
248.0,
254.0,
255.0,
244.0,
255.0,
244.0,
252.0,
252.0,
225.0,
76.0,
13.0,
0.0,
3.0,
1.0,
0.0,
0.0,
0.0,
0.0,
1.0,
0.0,
3.0,
2.0,
0.0,
0.0,
4.0,
0.0,
2.0,
33.0,
151.0,
219.0,
202.0,
151.0,
129.0,
141.0,
132.0,
119.0,
36.0,
7.0,
3.0,
1.0,
0.0,
3.0,
0.0,
0.0,
0.0,
0.0,
0.0,
0.0,
0.0,
0.0,
0.0,
0.0,
0.0,
1.0,
0.0,
4.0,
0.0,
0.0,
17.0,
0.0,
6.0,
1.0,
2.0,
24.0,
0.0,
5.0,
0.0,
0.0,
18.0,
0.0,
0.0,
0.0,
0.0,
0.0,
1.0,
2.0,
0.0,
0.0,
6.0,
2.0,
0.0,
5.0,
6.0,
0.0,
8.0,
1.0,
7.0,
0.0,
9.0,
0.0,
0.0,
0.0,
12.0,
5.0,
1.0,
0.0,
0.0,
8.0,
0.0,
0.0,
0.0,
0.0,
0.0,
0.0,
0.0,
0.0,
0.0,
0.0,
0.0,
0.0,
0.0,
0.0,
0.0,
0.0,
0.0,
0.0,
0.0,
0.0,
0.0,
0.0,
0.0,
0.0,
0.0,
0.0,
0.0,
0.0,
0.0,
0.0,
0.0,
0.0,
0.0,
0.0,
0.0,
0.0,
0.0,
0.0,
0.0,
0.0,
0.0,
0.0,
0.0,
0.0,
0.0,
0.0,
0.0,
0.0,
0.0,
0.0,
0.0,
0.0,
0.0,
0.0,
0.0,
0.0,
0.0,
0.0,
0.0,
0.0,
0.0,
0.0,
0.0,
0.0,
0.0,
0.0,
0.0,
0.0,
0.0,
0.0,
0.0,
0.0,
0.0,
0.0,
0.0,
0.0,
0.0,
0.0,
0.0,
0.0,
0.0,
0.0,
0.0,
0.0,
0.0,
0.0,
0.0,
0.0,
0.0,
0.0,
0.0,
0.0,
0.0,
0.0,
0.0,
0.0,
0.0,
0.0,
0.0,
0.0,
0.0,
0.0,
0.0,
0.0,
0.0,
0.0,
0.0,
0.0,
0.0,
0.0,
0.0,
0.0,
0.0,
0.0,
0.0,
0.0,
