0.0,
0.0,
0.0,
0.0,
0.0,
0.0,
0.0,
0.0,
0.0,
3.0,
0.0,
2.0,
0.0,
12.0,
2.0,
0.0,
0.0,
1.0,
5.0,
6.0,
0.0,
0.0,
0.0,
5.0,
0.0,
0.0,
0.0,
0.0,
0.0,
0.0,
0.0,
0.0,
0.0,
0.0,
0.0,
0.0,
11.0,
0.0,
10.0,
10.0,
0.0,
0.0,
8.0,
0.0,
3.0,
0.0,
0.0,
0.0,
0.0,
0.0,
1.0,
5.0,
0.0,
0.0,
0.0,
0.0,
0.0,
0.0,
0.0,
0.0,
0.0,
0.0,
0.0,
0.0,
0.0,
23.0,
0.0,
0.0,
0.0,
85.0,
239.0,
190.0,
23.0,
9.0,
0.0,
0.0,
1.0,
2.0,
0.0,
0.0,
0.0,
0.0,
0.0,
0.0,
0.0,
0.0,
0.0,
0.0,
0.0,
0.0,
0.0,
0.0,
16.0,
0.0,
8.0,
16.0,
30.0,
191.0,
253.0,
240.0,
27.0,
13.0,
1.0,
0.0,
3.0,
1.0,
0.0,
0.0,
0.0,
0.0,
0.0,
0.0,
0.0,
0.0,
0.0,
0.0,
0.0,
0.0,
0.0,
0.0,
0.0,
0.0,
9.0,
0.0,
66.0,
255.0,
255.0,
133.0,
4.0,
0.0,
0.0,
0.0,
1.0,
0.0,
0.0,
1.0,
0.0,
0.0,
0.0,
0.0,
0.0,
0.0,
0.0,
0.0,
0.0,
0.0,
0.0,
0.0,
1.0,
5.0,
0.0,
105.0,
244.0,
254.0,
219.0,
16.0,
0.0,
0.0,
0.0,
2.0,
1.0,
0.0,
0.0,
1.0,
0.0,
0.0,
0.0,
0.0,
0.0,
0.0,
0.0,
0.0,
0.0,
0.0,
0.0,
0.0,
1.0,
0.0,
19.0,
146.0,
255.0,
255.0,
129.0,
19.0,
5.0,
3.0,
3.0,
5.0,
3.0,
0.0,
0.0,
0.0,
0.0,
0.0,
0.0,
0.0,
0.0,
0.0,
0.0,
0.0,
0.0,
0.0,
0.0,
0.0,
0.0,
8.0,
20.0,
240.0,
255.0,
192.0,
2.0,
0.0,
0.0,
0.0,
0.0,
0.0,
1.0,
0.0,
0.0,
2.0,
0.0,
0.0,
0.0,
0.0,
0.0,
0.0,
0.0,
7.0,
8.0,
0.0,
0.0,
11.0,
0.0,
13.0,
179.0,
248.0,
251.0,
156.0,
0.0,
1.0,
1.0,
0.0,
2.0,
0.0,
6.0,
0.0,
0.0,
7.0,
0.0,
0.0,
0.0,
0.0,
0.0,
3.0,
0.0,
0.0,
0.0,
4.0,
7.0,
1.0,
4.0,
99.0,
249.0,
255.0,
160.0,
12.0,
23.0,
0.0,
8.0,
7.0,
1.0,
12.0,
0.0,
0.0,
14.0,
0.0,
0.0,
0.0,
0.0,
0.0,
0.0,
0.0,
3.0,
3.0,
0.0,
4.0,
2.0,
0.0,
22.0,
233.0,
241.0,
233.0,
44.0,
2.0,
0.0,
1.0,
0.0,
0.0,
0.0,
0.0,
2.0,
0.0,
0.0,
19.0,
0.0,
0.0,
0.0,
0.0,
5.0,
0.0,
5.0,
10.0,
0.0,
0.0,
0.0,
5.0,
78.0,
255.0,
255.0,
97.0,
10.0,
4.0,
0.0,
8.0,
0.0,
70.0,
149.0,
80.0,
27.0,
0.0,
0.0,
0.0,
0.0,
0.0,
0.0,
0.0,
9.0,
0.0,
3.0,
0.0,
0.0,
6.0,
0.0,
9.0,
203.0,
227.0,
223.0,
0.0,
4.0,
1.0,
0.0,
9.0,
131.0,
255.0,
247.0,
241.0,
238.0,
92.0,
10.0,
0.0,
0.0,
0.0,
0.0,
0.0,
0.0,
0.0,
9.0,
0.0,
1.0,
13.0,
0.0,
0.0,
255.0,
255.0,
111.0,
5.0,
0.0,
9.0,
21.0,
115.0,
255.0,
232.0,
253.0,
255.0,
255.0,
230.0,
38.0,
0.0,
0.0,
0.0,
0.0,
0.0,
0.0,
0.0,
10.0,
0.0,
7.0,
3.0,
0.0,
66.0,
239.0,
247.0,
66.0,
9.0,
0.0,
0.0,
125.0,
250.0,
245.0,
255.0,
157.0,
130.0,
219.0,
242.0,
188.0,
4.0,
0.0,
0.0,
0.0,
0.0,
11.0,
0.0,
0.0,
0.0,
2.0,
0.0,
38.0,
213.0,
255.0,
177.0,
0.0,
0.0,
11.0,
66.0,
250.0,
251.0,
252.0,
57.0,
15.0,
0.0,
183.0,
255.0,
230.0,
19.0,
0.0,
0.0,
0.0,
0.0,
8.0,
0.0,
0.0,
8.0,
2.0,
0.0,
133.0,
251.0,
255.0,
23.0,
10.0,
1.0,
21.0,
225.0,
255.0,
247.0,
86.0,
16.0,
0.0,
157.0,
249.0,
252.0,
255.0,
30.0,
0.0,
0.0,
0.0,
0.0,
0.0,
8.0,
0.0,
0.0,
5.0,
12.0,
115.0,
246.0,
203.0,
23.0,
0.0,
0.0,
72.0,
243.0,
255.0,
172.0,
2.0,
29.0,
216.0,
255.0,
240.0,
255.0,
175.0,
0.0,
0.0,
0.0,
0.0,
0.0,
0.0,
12.0,
0.0,
0.0,
6.0,
0.0,
80.0,
255.0,
255.0,
184.0,
56.0,
0.0,
154.0,
255.0,
210.0,
57.0,
101.0,
209.0,
245.0,
247.0,
243.0,
181.0,
29.0,
0.0,
0.0,
0.0,
0.0,
0.0,
3.0,
7.0,
0.0,
6.0,
0.0,
0.0,
32.0,
213.0,
255.0,
247.0,
246.0,
249.0,
251.0,
245.0,
255.0,
254.0,
254.0,
255.0,
248.0,
219.0,
86.0,
0.0,
2.0,
0.0,
0.0,
0.0,
0.0,
0.0,
0.0,
0.0,
0.0,
0.0,
0.0,
10.0,
0.0,
42.0,
180.0,
249.0,
255.0,
255.0,
250.0,
249.0,
236.0,
255.0,
249.0,
244.0,
191.0,
39.0,
0.0,
6.0,
0.0,
3.0,
0.0,
0.0,
0.0,
0.0,
2.0,
0.0,
1.0,
7.0,
0.0,
7.0,
0.0,
0.0,
1.0,
18.0,
129.0,
253.0,
250.0,
255.0,
255.0,
255.0,
197.0,
46.0,
8.0,
0.0,
19.0,
13.0,
0.0,
15.0,
0.0,
0.0,
0.0,
0.0,
9.0,
0.0,
0.0,
11.0,
6.0,
0.0,
7.0,
11.0,
0.0,
9.0,
0.0,
0.0,
0.0,
8.0,
4.0,
0.0,
0.0,
0.0,
12.0,
7.0,
0.0,
0.0,
10.0,
0.0,
0.0,
0.0,
0.0,
0.0,
0.0,
11.0,
0.0,
0.0,
9.0,
0.0,
13.0,
0.0,
2.0,
2.0,
0.0,
6.0,
7.0,
0.0,
12.0,
3.0,
0.0,
9.0,
0.0,
3.0,
5.0,
10.0,
0.0,
8.0,
0.0,
0.0,
0.0,
0.0,
0.0,
0.0,
0.0,
0.0,
0.0,
0.0,
0.0,
0.0,
0.0,
0.0,
0.0,
0.0,
0.0,
0.0,
0.0,
0.0,
0.0,
0.0,
0.0,
0.0,
0.0,
0.0,
0.0,
0.0,
0.0,
0.0,
0.0,
0.0,
0.0,
0.0,
0.0,
0.0,
0.0,
0.0,
0.0,
0.0,
0.0,
0.0,
0.0,
0.0,
0.0,
0.0,
0.0,
0.0,
0.0,
0.0,
0.0,
0.0,
0.0,
0.0,
0.0,
0.0,
0.0,
0.0,
0.0,
0.0,
0.0,
0.0,
0.0,
0.0,
0.0,
0.0,
0.0,
0.0,
0.0,
0.0,
0.0,
0.0,
0.0,
0.0,
0.0,
0.0,
0.0,
0.0,
0.0,
0.0,
0.0,
0.0,
0.0,
0.0,
0.0,
0.0,
0.0,
0.0,
0.0,
0.0,
0.0,
0.0,
0.0,
0.0,
0.0,
0.0,
0.0,
0.0,
0.0,
0.0,
0.0,
0.0,
0.0,
0.0,
0.0,
0.0,
0.0,
0.0,
0.0,
0.0,
0.0,
0.0,
0.0,
0.0,
0.0,
0.0,
