0.0,
0.0,
0.0,
0.0,
0.0,
0.0,
0.0,
0.0,
5.0,
0.0,
0.0,
10.0,
0.0,
0.0,
0.0,
0.0,
0.0,
0.0,
0.0,
0.0,
0.0,
0.0,
0.0,
0.0,
0.0,
0.0,
0.0,
0.0,
0.0,
0.0,
0.0,
0.0,
0.0,
0.0,
0.0,
0.0,
0.0,
6.0,
9.0,
0.0,
0.0,
10.0,
12.0,
2.0,
0.0,
0.0,
0.0,
0.0,
0.0,
0.0,
0.0,
0.0,
0.0,
0.0,
0.0,
0.0,
0.0,
0.0,
0.0,
0.0,
0.0,
0.0,
0.0,
0.0,
12.0,
0.0,
8.0,
10.0,
0.0,
179.0,
237.0,
83.0,
0.0,
0.0,
0.0,
0.0,
0.0,
0.0,
0.0,
0.0,
0.0,
0.0,
0.0,
0.0,
0.0,
0.0,
0.0,
0.0,
0.0,
0.0,
0.0,
0.0,
0.0,
8.0,
0.0,
0.0,
173.0,
245.0,
253.0,
254.0,
0.0,
0.0,
0.0,
0.0,
0.0,
0.0,
0.0,
0.0,
0.0,
0.0,
0.0,
0.0,
0.0,
0.0,
0.0,
0.0,
0.0,
0.0,
0.0,
0.0,
11.0,
3.0,
2.0,
155.0,
252.0,
249.0,
161.0,
185.0,
0.0,
0.0,
0.0,
0.0,
0.0,
0.0,
0.0,
0.0,
0.0,
0.0,
0.0,
0.0,
0.0,
0.0,
0.0,
0.0,
0.0,
0.0,
0.0,
0.0,
0.0,
0.0,
41.0,
229.0,
240.0,
167.0,
25.0,
17.0,
0.0,
0.0,
0.0,
0.0,
0.0,
0.0,
0.0,
0.0,
0.0,
0.0,
0.0,
0.0,
0.0,
0.0,
0.0,
0.0,
0.0,
0.0,
0.0,
0.0,
0.0,
14.0,
181.0,
247.0,
252.0,
19.0,
0.0,
21.0,
0.0,
0.0,
0.0,
0.0,
0.0,
0.0,
0.0,
0.0,
0.0,
0.0,
0.0,
0.0,
0.0,
0.0,
0.0,
0.0,
0.0,
0.0,
0.0,
0.0,
0.0,
97.0,
238.0,
252.0,
162.0,
17.0,
0.0,
0.0,
0.0,
0.0,
0.0,
0.0,
0.0,
0.0,
0.0,
0.0,
0.0,
0.0,
0.0,
0.0,
1.0,
3.0,
0.0,
0.0,
3.0,
0.0,
3.0,
0.0,
12.0,
208.0,
255.0,
207.0,
68.0,
4.0,
0.0,
6.0,
0.0,
18.0,
0.0,
0.0,
8.0,
0.0,
0.0,
5.0,
11.0,
0.0,
0.0,
3.0,
0.0,
5.0,
4.0,
1.0,
0.0,
0.0,
9.0,
1.0,
82.0,
241.0,
255.0,
99.0,
0.0,
0.0,
0.0,
1.0,
0.0,
0.0,
0.0,
11.0,
5.0,
0.0,
12.0,
0.0,
0.0,
11.0,
7.0,
11.0,
0.0,
4.0,
7.0,
1.0,
0.0,
5.0,
2.0,
0.0,
151.0,
255.0,
238.0,
22.0,
0.0,
13.0,
4.0,
0.0,
7.0,
3.0,
0.0,
0.0,
0.0,
0.0,
99.0,
24.0,
0.0,
0.0,
0.0,
0.0,
3.0,
0.0,
0.0,
1.0,
0.0,
9.0,
0.0,
12.0,
208.0,
251.0,
179.0,
8.0,
2.0,
18.0,
0.0,
0.0,
0.0,
11.0,
0.0,
0.0,
29.0,
226.0,
235.0,
240.0,
97.0,
12.0,
0.0,
4.0,
8.0,
0.0,
0.0,
4.0,
0.0,
4.0,
0.0,
93.0,
251.0,
247.0,
90.0,
0.0,
0.0,
0.0,
0.0,
2.0,
0.0,
2.0,
12.0,
28.0,
216.0,
255.0,
255.0,
255.0,
235.0,
15.0,
1.0,
9.0,
3.0,
0.0,
1.0,
4.0,
0.0,
0.0,
9.0,
203.0,
252.0,
233.0,
24.0,
0.0,
0.0,
0.0,
1.0,
2.0,
9.0,
0.0,
25.0,
231.0,
237.0,
210.0,
20.0,
216.0,
255.0,
0.0,
0.0,
0.0,
0.0,
4.0,
2.0,
0.0,
0.0,
0.0,
10.0,
255.0,
244.0,
210.0,
3.0,
1.0,
1.0,
0.0,
10.0,
0.0,
0.0,
12.0,
167.0,
255.0,
255.0,
42.0,
97.0,
255.0,
245.0,
15.0,
10.0,
2.0,
0.0,
8.0,
0.0,
0.0,
5.0,
6.0,
0.0,
255.0,
255.0,
197.0,
1.0,
3.0,
2.0,
0.0,
0.0,
0.0,
0.0,
132.0,
253.0,
213.0,
61.0,
19.0,
162.0,
255.0,
156.0,
4.0,
5.0,
0.0,
7.0,
0.0,
5.0,
5.0,
0.0,
4.0,
18.0,
254.0,
255.0,
198.0,
12.0,
5.0,
0.0,
1.0,
0.0,
9.0,
13.0,
255.0,
252.0,
178.0,
8.0,
177.0,
248.0,
227.0,
8.0,
5.0,
2.0,
0.0,
0.0,
0.0,
0.0,
0.0,
7.0,
5.0,
6.0,
246.0,
242.0,
221.0,
0.0,
8.0,
10.0,
0.0,
18.0,
0.0,
49.0,
246.0,
255.0,
149.0,
223.0,
255.0,
212.0,
71.0,
6.0,
4.0,
2.0,
0.0,
0.0,
8.0,
0.0,
0.0,
5.0,
0.0,
15.0,
255.0,
255.0,
188.0,
9.0,
0.0,
0.0,
5.0,
0.0,
57.0,
176.0,
255.0,
252.0,
255.0,
255.0,
223.0,
113.0,
0.0,
4.0,
2.0,
1.0,
0.0,
0.0,
7.0,
4.0,
1.0,
0.0,
0.0,
16.0,
195.0,
250.0,
238.0,
214.0,
146.0,
92.0,
111.0,
84.0,
232.0,
237.0,
255.0,
255.0,
240.0,
248.0,
84.0,
0.0,
2.0,
1.0,
0.0,
0.0,
0.0,
4.0,
0.0,
0.0,
5.0,
0.0,
2.0,
0.0,
42.0,
122.0,
248.0,
255.0,
255.0,
243.0,
253.0,
247.0,
255.0,
255.0,
229.0,
205.0,
139.0,
163.0,
33.0,
7.0,
0.0,
0.0,
0.0,
0.0,
0.0,
8.0,
0.0,
0.0,
8.0,
0.0,
1.0,
0.0,
0.0,
18.0,
144.0,
154.0,
233.0,
255.0,
254.0,
214.0,
119.0,
71.0,
11.0,
0.0,
10.0,
0.0,
1.0,
14.0,
0.0,
0.0,
0.0,
0.0,
0.0,
3.0,
2.0,
4.0,
5.0,
0.0,
0.0,
13.0,
4.0,
0.0,
7.0,
0.0,
7.0,
0.0,
0.0,
0.0,
5.0,
0.0,
7.0,
1.0,
4.0,
16.0,
0.0,
0.0,
9.0,
0.0,
0.0,
0.0,
0.0,
0.0,
2.0,
0.0,
0.0,
6.0,
0.0,
5.0,
0.0,
2.0,
0.0,
0.0,
9.0,
0.0,
4.0,
0.0,
0.0,
2.0,
0.0,
0.0,
0.0,
0.0,
2.0,
5.0,
1.0,
0.0,
0.0,
0.0,
0.0,
0.0,
0.0,
0.0,
0.0,
0.0,
0.0,
0.0,
0.0,
0.0,
0.0,
0.0,
0.0,
0.0,
0.0,
0.0,
0.0,
0.0,
0.0,
0.0,
0.0,
0.0,
0.0,
0.0,
0.0,
0.0,
0.0,
0.0,
0.0,
0.0,
0.0,
0.0,
0.0,
0.0,
0.0,
0.0,
0.0,
0.0,
0.0,
0.0,
0.0,
0.0,
0.0,
0.0,
0.0,
0.0,
0.0,
0.0,
0.0,
0.0,
0.0,
0.0,
0.0,
0.0,
0.0,
0.0,
0.0,
0.0,
0.0,
0.0,
0.0,
0.0,
0.0,
0.0,
0.0,
0.0,
0.0,
0.0,
0.0,
0.0,
0.0,
0.0,
0.0,
0.0,
0.0,
0.0,
0.0,
0.0,
0.0,
0.0,
0.0,
0.0,
0.0,
0.0,
0.0,
0.0,
0.0,
0.0,
0.0,
0.0,
0.0,
0.0,
0.0,
0.0,
0.0,
0.0,
0.0,
0.0,
0.0,
0.0,
0.0,
0.0,
0.0,
0.0,
0.0,
0.0,
0.0,
0.0,
0.0,
0.0,
0.0,
0.0,
0.0,
