0.0,
0.0,
0.0,
0.0,
0.0,
0.0,
0.0,
0.0,
15.0,
0.0,
20.0,
0.0,
0.0,
9.0,
8.0,
0.0,
0.0,
0.0,
0.0,
0.0,
0.0,
0.0,
0.0,
0.0,
0.0,
0.0,
0.0,
0.0,
0.0,
0.0,
0.0,
0.0,
0.0,
0.0,
0.0,
0.0,
0.0,
12.0,
0.0,
0.0,
7.0,
1.0,
0.0,
5.0,
0.0,
0.0,
0.0,
0.0,
0.0,
0.0,
0.0,
0.0,
0.0,
0.0,
0.0,
0.0,
0.0,
0.0,
0.0,
0.0,
0.0,
0.0,
0.0,
0.0,
0.0,
6.0,
108.0,
255.0,
86.0,
0.0,
14.0,
2.0,
0.0,
0.0,
0.0,
0.0,
0.0,
0.0,
0.0,
0.0,
0.0,
0.0,
0.0,
0.0,
0.0,
0.0,
0.0,
0.0,
0.0,
0.0,
0.0,
0.0,
13.0,
0.0,
99.0,
237.0,
221.0,
6.0,
0.0,
0.0,
0.0,
0.0,
0.0,
0.0,
0.0,
0.0,
0.0,
0.0,
0.0,
0.0,
0.0,
0.0,
0.0,
0.0,
0.0,
0.0,
0.0,
0.0,
0.0,
0.0,
0.0,
0.0,
108.0,
255.0,
106.0,
8.0,
0.0,
3.0,
0.0,
0.0,
0.0,
0.0,
0.0,
0.0,
0.0,
0.0,
0.0,
0.0,
0.0,
0.0,
0.0,
0.0,
0.0,
0.0,
0.0,
0.0,
0.0,
0.0,
2.0,
8.0,
204.0,
255.0,
189.0,
0.0,
0.0,
0.0,
0.0,
0.0,
0.0,
0.0,
0.0,
0.0,
0.0,
0.0,
0.0,
0.0,
0.0,
0.0,
0.0,
0.0,
0.0,
0.0,
0.0,
0.0,
0.0,
0.0,
0.0,
31.0,
227.0,
247.0,
234.0,
0.0,
0.0,
16.0,
0.0,
0.0,
0.0,
0.0,
0.0,
0.0,
0.0,
0.0,
0.0,
0.0,
0.0,
0.0,
0.0,
0.0,
0.0,
0.0,
0.0,
0.0,
0.0,
0.0,
7.0,
78.0,
255.0,
253.0,
227.0,
1.0,
12.0,
0.0,
0.0,
0.0,
0.0,
0.0,
0.0,
0.0,
0.0,
0.0,
0.0,
0.0,
0.0,
0.0,
0.0,
1.0,
0.0,
0.0,
2.0,
0.0,
0.0,
2.0,
0.0,
211.0,
247.0,
246.0,
238.0,
0.0,
2.0,
0.0,
0.0,
13.0,
0.0,
6.0,
0.0,
0.0,
12.0,
0.0,
0.0,
0.0,
0.0,
0.0,
0.0,
3.0,
0.0,
0.0,
5.0,
5.0,
0.0,
0.0,
34.0,
255.0,
227.0,
255.0,
148.0,
9.0,
0.0,
0.0,
6.0,
0.0,
14.0,
0.0,
9.0,
5.0,
0.0,
0.0,
0.0,
0.0,
0.0,
0.0,
0.0,
4.0,
0.0,
0.0,
5.0,
6.0,
0.0,
1.0,
84.0,
245.0,
255.0,
238.0,
0.0,
0.0,
12.0,
8.0,
8.0,
0.0,
10.0,
1.0,
0.0,
3.0,
0.0,
21.0,
0.0,
0.0,
0.0,
0.0,
2.0,
2.0,
0.0,
0.0,
2.0,
0.0,
0.0,
18.0,
214.0,
245.0,
251.0,
253.0,
10.0,
10.0,
14.0,
42.0,
148.0,
176.0,
166.0,
170.0,
99.0,
10.0,
0.0,
0.0,
0.0,
0.0,
0.0,
0.0,
7.0,
0.0,
0.0,
4.0,
3.0,
0.0,
5.0,
48.0,
238.0,
255.0,
244.0,
163.0,
5.0,
35.0,
176.0,
255.0,
255.0,
255.0,
255.0,
255.0,
230.0,
56.0,
16.0,
0.0,
0.0,
0.0,
0.0,
0.0,
6.0,
0.0,
0.0,
6.0,
5.0,
0.0,
12.0,
60.0,
255.0,
245.0,
255.0,
138.0,
0.0,
170.0,
255.0,
252.0,
255.0,
193.0,
205.0,
255.0,
255.0,
146.0,
11.0,
0.0,
0.0,
0.0,
0.0,
0.0,
0.0,
2.0,
0.0,
2.0,
3.0,
0.0,
9.0,
38.0,
255.0,
233.0,
252.0,
245.0,
18.0,
250.0,
251.0,
252.0,
53.0,
19.0,
35.0,
240.0,
254.0,
202.0,
0.0,
0.0,
0.0,
0.0,
0.0,
0.0,
0.0,
7.0,
4.0,
0.0,
0.0,
0.0,
0.0,
6.0,
185.0,
255.0,
252.0,
254.0,
255.0,
237.0,
255.0,
119.0,
2.0,
2.0,
4.0,
253.0,
255.0,
174.0,
1.0,
0.0,
0.0,
0.0,
0.0,
0.0,
0.0,
0.0,
0.0,
0.0,
0.0,
0.0,
0.0,
0.0,
62.0,
252.0,
252.0,
255.0,
251.0,
254.0,
203.0,
0.0,
0.0,
2.0,
9.0,
255.0,
255.0,
185.0,
0.0,
1.0,
0.0,
0.0,
0.0,
0.0,
0.0,
0.0,
0.0,
0.0,
0.0,
0.0,
0.0,
0.0,
44.0,
217.0,
253.0,
255.0,
248.0,
241.0,
194.0,
6.0,
18.0,
0.0,
122.0,
251.0,
255.0,
197.0,
0.0,
3.0,
0.0,
0.0,
0.0,
0.0,
0.0,
0.0,
0.0,
0.0,
0.0,
0.0,
0.0,
0.0,
0.0,
130.0,
230.0,
255.0,
255.0,
255.0,
199.0,
0.0,
0.0,
114.0,
249.0,
255.0,
249.0,
151.0,
10.0,
2.0,
0.0,
0.0,
0.0,
0.0,
0.0,
0.0,
0.0,
0.0,
0.0,
0.0,
0.0,
0.0,
10.0,
0.0,
113.0,
243.0,
255.0,
255.0,
246.0,
111.0,
186.0,
255.0,
249.0,
255.0,
203.0,
64.0,
0.0,
0.0,
0.0,
0.0,
0.0,
0.0,
0.0,
0.0,
0.0,
0.0,
0.0,
0.0,
0.0,
0.0,
0.0,
0.0,
16.0,
103.0,
252.0,
255.0,
235.0,
255.0,
254.0,
233.0,
210.0,
131.0,
4.0,
0.0,
1.0,
2.0,
0.0,
0.0,
0.0,
0.0,
0.0,
0.0,
0.0,
0.0,
0.0,
0.0,
0.0,
0.0,
8.0,
3.0,
0.0,
0.0,
82.0,
199.0,
255.0,
255.0,
153.0,
29.0,
15.0,
6.0,
0.0,
0.0,
0.0,
5.0,
0.0,
0.0,
0.0,
0.0,
0.0,
0.0,
0.0,
0.0,
0.0,
0.0,
0.0,
0.0,
0.0,
1.0,
0.0,
4.0,
6.0,
10.0,
0.0,
0.0,
0.0,
7.0,
0.0,
0.0,
23.0,
0.0,
5.0,
0.0,
0.0,
0.0,
0.0,
0.0,
0.0,
0.0,
0.0,
0.0,
0.0,
0.0,
0.0,
0.0,
0.0,
13.0,
0.0,
0.0,
0.0,
1.0,
0.0,
7.0,
0.0,
4.0,
3.0,
4.0,
0.0,
0.0,
5.0,
6.0,
0.0,
0.0,
0.0,
0.0,
0.0,
0.0,
0.0,
0.0,
0.0,
0.0,
0.0,
0.0,
0.0,
0.0,
0.0,
0.0,
0.0,
0.0,
0.0,
0.0,
0.0,
0.0,
0.0,
0.0,
0.0,
0.0,
0.0,
0.0,
0.0,
0.0,
0.0,
0.0,
0.0,
0.0,
0.0,
0.0,
0.0,
0.0,
0.0,
0.0,
0.0,
0.0,
0.0,
0.0,
0.0,
0.0,
0.0,
0.0,
0.0,
0.0,
0.0,
0.0,
0.0,
0.0,
0.0,
0.0,
0.0,
0.0,
0.0,
0.0,
0.0,
0.0,
0.0,
0.0,
0.0,
0.0,
0.0,
0.0,
0.0,
0.0,
0.0,
0.0,
0.0,
0.0,
0.0,
0.0,
0.0,
0.0,
0.0,
0.0,
0.0,
0.0,
0.0,
0.0,
0.0,
0.0,
0.0,
0.0,
0.0,
0.0,
0.0,
0.0,
0.0,
0.0,
0.0,
0.0,
0.0,
0.0,
0.0,
0.0,
0.0,
0.0,
0.0,
0.0,
0.0,
0.0,
0.0,
0.0,
0.0,
0.0,
0.0,
0.0,
0.0,
0.0,
0.0,
0.0,
