0.0,
0.0,
0.0,
0.0,
0.0,
0.0,
0.0,
0.0,
4.0,
0.0,
19.0,
0.0,
11.0,
3.0,
0.0,
0.0,
4.0,
0.0,
0.0,
0.0,
0.0,
6.0,
0.0,
1.0,
0.0,
0.0,
0.0,
0.0,
0.0,
0.0,
0.0,
0.0,
0.0,
0.0,
0.0,
0.0,
0.0,
4.0,
0.0,
1.0,
7.0,
0.0,
5.0,
0.0,
0.0,
76.0,
141.0,
9.0,
0.0,
6.0,
0.0,
2.0,
0.0,
0.0,
0.0,
0.0,
0.0,
0.0,
0.0,
0.0,
0.0,
0.0,
0.0,
0.0,
0.0,
9.0,
0.0,
9.0,
0.0,
0.0,
7.0,
3.0,
52.0,
240.0,
149.0,
0.0,
7.0,
0.0,
0.0,
3.0,
0.0,
0.0,
0.0,
0.0,
0.0,
0.0,
0.0,
0.0,
0.0,
0.0,
0.0,
0.0,
9.0,
0.0,
1.0,
0.0,
0.0,
5.0,
0.0,
37.0,
227.0,
236.0,
79.0,
1.0,
0.0,
15.0,
5.0,
0.0,
0.0,
0.0,
0.0,
0.0,
0.0,
0.0,
0.0,
0.0,
0.0,
0.0,
0.0,
0.0,
0.0,
0.0,
6.0,
0.0,
3.0,
0.0,
22.0,
139.0,
255.0,
190.0,
0.0,
12.0,
12.0,
0.0,
0.0,
3.0,
0.0,
0.0,
0.0,
0.0,
0.0,
0.0,
0.0,
0.0,
0.0,
0.0,
0.0,
0.0,
0.0,
5.0,
0.0,
1.0,
5.0,
13.0,
149.0,
255.0,
235.0,
20.0,
17.0,
7.0,
0.0,
9.0,
0.0,
2.0,
0.0,
0.0,
0.0,
0.0,
0.0,
0.0,
0.0,
0.0,
0.0,
0.0,
0.0,
0.0,
4.0,
8.0,
0.0,
0.0,
7.0,
130.0,
249.0,
233.0,
101.0,
9.0,
0.0,
0.0,
11.0,
2.0,
1.0,
1.0,
0.0,
0.0,
0.0,
0.0,
0.0,
0.0,
0.0,
0.0,
0.0,
0.0,
0.0,
0.0,
3.0,
0.0,
8.0,
0.0,
12.0,
250.0,
252.0,
65.0,
0.0,
11.0,
0.0,
0.0,
7.0,
0.0,
6.0,
0.0,
0.0,
0.0,
0.0,
0.0,
0.0,
0.0,
0.0,
0.0,
0.0,
0.0,
0.0,
0.0,
12.0,
0.0,
5.0,
0.0,
181.0,
255.0,
143.0,
2.0,
0.0,
0.0,
0.0,
0.0,
2.0,
0.0,
0.0,
7.0,
0.0,
0.0,
0.0,
0.0,
0.0,
0.0,
0.0,
0.0,
0.0,
0.0,
0.0,
0.0,
0.0,
5.0,
4.0,
148.0,
255.0,
165.0,
44.0,
6.0,
3.0,
0.0,
0.0,
0.0,
0.0,
6.0,
12.0,
0.0,
0.0,
0.0,
0.0,
0.0,
0.0,
0.0,
0.0,
0.0,
0.0,
0.0,
0.0,
0.0,
0.0,
8.0,
55.0,
244.0,
251.0,
79.0,
0.0,
0.0,
2.0,
7.0,
5.0,
3.0,
5.0,
5.0,
0.0,
0.0,
0.0,
0.0,
0.0,
0.0,
0.0,
0.0,
0.0,
0.0,
0.0,
0.0,
0.0,
0.0,
5.0,
12.0,
169.0,
251.0,
113.0,
8.0,
0.0,
0.0,
2.0,
0.0,
0.0,
3.0,
0.0,
0.0,
3.0,
10.0,
0.0,
0.0,
0.0,
0.0,
0.0,
0.0,
0.0,
0.0,
0.0,
0.0,
0.0,
0.0,
7.0,
71.0,
255.0,
255.0,
27.0,
0.0,
7.0,
14.0,
0.0,
3.0,
9.0,
13.0,
0.0,
0.0,
18.0,
0.0,
0.0,
0.0,
0.0,
0.0,
0.0,
0.0,
0.0,
0.0,
0.0,
0.0,
0.0,
0.0,
3.0,
185.0,
255.0,
203.0,
10.0,
6.0,
0.0,
0.0,
0.0,
5.0,
0.0,
87.0,
163.0,
65.0,
0.0,
8.0,
0.0,
0.0,
0.0,
0.0,
0.0,
0.0,
0.0,
0.0,
0.0,
0.0,
0.0,
0.0,
36.0,
255.0,
244.0,
81.0,
0.0,
0.0,
4.0,
28.0,
30.0,
110.0,
38.0,
41.0,
195.0,
234.0,
124.0,
2.0,
0.0,
0.0,
0.0,
0.0,
0.0,
0.0,
0.0,
0.0,
0.0,
0.0,
0.0,
0.0,
70.0,
246.0,
251.0,
16.0,
16.0,
0.0,
108.0,
229.0,
255.0,
186.0,
52.0,
10.0,
107.0,
253.0,
231.0,
8.0,
0.0,
0.0,
0.0,
0.0,
0.0,
0.0,
0.0,
0.0,
0.0,
0.0,
0.0,
0.0,
138.0,
251.0,
234.0,
0.0,
21.0,
196.0,
255.0,
245.0,
186.0,
14.0,
0.0,
91.0,
243.0,
239.0,
101.0,
0.0,
0.0,
0.0,
0.0,
0.0,
0.0,
0.0,
0.0,
0.0,
0.0,
0.0,
0.0,
0.0,
114.0,
255.0,
233.0,
113.0,
184.0,
255.0,
248.0,
103.0,
1.0,
3.0,
149.0,
253.0,
242.0,
103.0,
0.0,
0.0,
0.0,
0.0,
0.0,
0.0,
0.0,
0.0,
0.0,
0.0,
0.0,
0.0,
0.0,
0.0,
30.0,
206.0,
255.0,
246.0,
255.0,
240.0,
241.0,
135.0,
193.0,
235.0,
255.0,
164.0,
50.0,
0.0,
0.0,
6.0,
0.0,
0.0,
0.0,
0.0,
0.0,
0.0,
0.0,
0.0,
0.0,
0.0,
0.0,
0.0,
1.0,
51.0,
204.0,
255.0,
255.0,
252.0,
255.0,
236.0,
255.0,
207.0,
152.0,
60.0,
7.0,
6.0,
0.0,
0.0,
0.0,
0.0,
0.0,
0.0,
0.0,
0.0,
0.0,
0.0,
0.0,
0.0,
0.0,
0.0,
0.0,
5.0,
12.0,
22.0,
140.0,
162.0,
140.0,
252.0,
106.0,
31.0,
0.0,
0.0,
0.0,
0.0,
0.0,
19.0,
0.0,
0.0,
0.0,
0.0,
0.0,
0.0,
0.0,
0.0,
0.0,
0.0,
0.0,
0.0,
5.0,
6.0,
1.0,
0.0,
4.0,
0.0,
0.0,
2.0,
9.0,
0.0,
0.0,
3.0,
0.0,
3.0,
0.0,
0.0,
0.0,
0.0,
0.0,
0.0,
0.0,
0.0,
0.0,
0.0,
0.0,
0.0,
0.0,
0.0,
0.0,
4.0,
0.0,
5.0,
2.0,
3.0,
18.0,
0.0,
1.0,
0.0,
0.0,
18.0,
6.0,
9.0,
3.0,
3.0,
0.0,
0.0,
0.0,
0.0,
0.0,
0.0,
0.0,
0.0,
0.0,
0.0,
0.0,
0.0,
1.0,
0.0,
1.0,
3.0,
0.0,
0.0,
0.0,
0.0,
0.0,
11.0,
3.0,
9.0,
0.0,
0.0,
2.0,
0.0,
0.0,
0.0,
0.0,
0.0,
0.0,
0.0,
0.0,
0.0,
0.0,
0.0,
0.0,
0.0,
0.0,
0.0,
0.0,
0.0,
0.0,
0.0,
0.0,
0.0,
0.0,
0.0,
0.0,
0.0,
0.0,
0.0,
0.0,
0.0,
0.0,
0.0,
0.0,
0.0,
0.0,
0.0,
0.0,
0.0,
0.0,
0.0,
0.0,
0.0,
0.0,
0.0,
0.0,
0.0,
0.0,
0.0,
0.0,
0.0,
0.0,
0.0,
0.0,
0.0,
0.0,
0.0,
0.0,
0.0,
0.0,
0.0,
0.0,
0.0,
0.0,
0.0,
0.0,
0.0,
0.0,
0.0,
0.0,
0.0,
0.0,
0.0,
0.0,
0.0,
0.0,
0.0,
0.0,
0.0,
0.0,
0.0,
0.0,
0.0,
0.0,
0.0,
0.0,
0.0,
0.0,
0.0,
0.0,
0.0,
0.0,
0.0,
0.0,
0.0,
0.0,
0.0,
0.0,
0.0,
0.0,
0.0,
0.0,
0.0,
0.0,
0.0,
0.0,
0.0,
0.0,
0.0,
0.0,
0.0,
0.0,
0.0,
0.0,
0.0,
0.0,
0.0,
0.0,
0.0,
