0.0,
0.0,
0.0,
0.0,
0.0,
0.0,
0.0,
0.0,
0.0,
4.0,
9.0,
0.0,
9.0,
0.0,
0.0,
6.0,
0.0,
4.0,
0.0,
10.0,
12.0,
0.0,
0.0,
0.0,
0.0,
0.0,
0.0,
0.0,
0.0,
0.0,
0.0,
0.0,
0.0,
0.0,
0.0,
0.0,
0.0,
1.0,
0.0,
3.0,
5.0,
0.0,
30.0,
0.0,
4.0,
1.0,
10.0,
0.0,
0.0,
0.0,
10.0,
11.0,
0.0,
0.0,
0.0,
0.0,
0.0,
0.0,
0.0,
0.0,
0.0,
0.0,
0.0,
0.0,
5.0,
0.0,
20.0,
0.0,
0.0,
12.0,
0.0,
5.0,
0.0,
17.0,
0.0,
182.0,
255.0,
37.0,
6.0,
0.0,
0.0,
0.0,
0.0,
0.0,
0.0,
0.0,
0.0,
0.0,
0.0,
0.0,
0.0,
0.0,
0.0,
14.0,
1.0,
0.0,
11.0,
0.0,
0.0,
0.0,
0.0,
41.0,
222.0,
255.0,
238.0,
93.0,
0.0,
7.0,
0.0,
0.0,
0.0,
0.0,
0.0,
0.0,
0.0,
0.0,
0.0,
0.0,
0.0,
0.0,
5.0,
0.0,
0.0,
19.0,
5.0,
0.0,
3.0,
50.0,
149.0,
226.0,
255.0,
245.0,
246.0,
83.0,
0.0,
0.0,
0.0,
0.0,
0.0,
0.0,
0.0,
0.0,
0.0,
0.0,
0.0,
0.0,
0.0,
0.0,
0.0,
7.0,
1.0,
0.0,
8.0,
5.0,
1.0,
226.0,
255.0,
255.0,
247.0,
255.0,
180.0,
6.0,
7.0,
0.0,
0.0,
0.0,
0.0,
0.0,
0.0,
0.0,
0.0,
0.0,
0.0,
0.0,
0.0,
0.0,
11.0,
0.0,
0.0,
17.0,
0.0,
60.0,
193.0,
255.0,
239.0,
255.0,
151.0,
45.0,
10.0,
0.0,
11.0,
0.0,
0.0,
0.0,
0.0,
0.0,
0.0,
0.0,
0.0,
0.0,
0.0,
0.0,
0.0,
0.0,
0.0,
0.0,
10.0,
0.0,
52.0,
227.0,
250.0,
249.0,
255.0,
141.0,
19.0,
0.0,
3.0,
0.0,
1.0,
0.0,
0.0,
0.0,
0.0,
0.0,
0.0,
7.0,
0.0,
0.0,
0.0,
0.0,
0.0,
0.0,
7.0,
0.0,
16.0,
56.0,
229.0,
252.0,
252.0,
148.0,
80.0,
11.0,
0.0,
6.0,
0.0,
0.0,
0.0,
0.0,
0.0,
0.0,
0.0,
0.0,
0.0,
2.0,
0.0,
0.0,
2.0,
3.0,
6.0,
2.0,
6.0,
0.0,
126.0,
255.0,
250.0,
251.0,
174.0,
0.0,
0.0,
0.0,
5.0,
11.0,
0.0,
0.0,
12.0,
8.0,
0.0,
0.0,
0.0,
0.0,
0.0,
0.0,
2.0,
2.0,
0.0,
7.0,
8.0,
0.0,
0.0,
55.0,
253.0,
228.0,
255.0,
149.0,
7.0,
0.0,
0.0,
6.0,
8.0,
0.0,
0.0,
0.0,
0.0,
0.0,
0.0,
0.0,
0.0,
0.0,
3.0,
0.0,
4.0,
1.0,
0.0,
4.0,
0.0,
0.0,
48.0,
222.0,
249.0,
249.0,
172.0,
70.0,
2.0,
0.0,
10.0,
1.0,
0.0,
0.0,
10.0,
8.0,
2.0,
8.0,
0.0,
0.0,
0.0,
0.0,
5.0,
0.0,
6.0,
0.0,
0.0,
1.0,
0.0,
7.0,
83.0,
255.0,
251.0,
220.0,
1.0,
0.0,
8.0,
8.0,
0.0,
2.0,
0.0,
2.0,
4.0,
0.0,
0.0,
0.0,
0.0,
0.0,
0.0,
0.0,
3.0,
0.0,
7.0,
0.0,
0.0,
3.0,
0.0,
45.0,
217.0,
234.0,
247.0,
51.0,
0.0,
6.0,
5.0,
0.0,
0.0,
4.0,
6.0,
0.0,
0.0,
4.0,
9.0,
1.0,
0.0,
0.0,
0.0,
0.0,
0.0,
0.0,
6.0,
0.0,
7.0,
3.0,
1.0,
83.0,
255.0,
253.0,
219.0,
39.0,
0.0,
0.0,
14.0,
3.0,
6.0,
15.0,
30.0,
18.0,
0.0,
0.0,
9.0,
6.0,
0.0,
0.0,
0.0,
0.0,
0.0,
0.0,
6.0,
0.0,
9.0,
0.0,
0.0,
104.0,
246.0,
254.0,
201.0,
2.0,
2.0,
17.0,
17.0,
147.0,
209.0,
216.0,
240.0,
201.0,
80.0,
0.0,
0.0,
1.0,
0.0,
0.0,
0.0,
0.0,
0.0,
11.0,
0.0,
5.0,
0.0,
5.0,
3.0,
127.0,
255.0,
231.0,
80.0,
4.0,
0.0,
49.0,
228.0,
255.0,
252.0,
255.0,
245.0,
251.0,
207.0,
176.0,
5.0,
0.0,
0.0,
0.0,
0.0,
0.0,
1.0,
2.0,
0.0,
5.0,
0.0,
0.0,
6.0,
220.0,
255.0,
188.0,
6.0,
0.0,
28.0,
146.0,
246.0,
242.0,
138.0,
122.0,
202.0,
253.0,
255.0,
244.0,
54.0,
9.0,
0.0,
0.0,
0.0,
0.0,
5.0,
0.0,
0.0,
0.0,
4.0,
0.0,
0.0,
237.0,
240.0,
255.0,
206.0,
72.0,
40.0,
222.0,
255.0,
255.0,
15.0,
6.0,
0.0,
90.0,
245.0,
255.0,
112.0,
7.0,
0.0,
0.0,
0.0,
0.0,
0.0,
2.0,
3.0,
0.0,
3.0,
8.0,
0.0,
123.0,
251.0,
251.0,
254.0,
255.0,
255.0,
242.0,
255.0,
247.0,
165.0,
158.0,
153.0,
210.0,
252.0,
246.0,
145.0,
0.0,
0.0,
0.0,
0.0,
0.0,
0.0,
5.0,
0.0,
0.0,
0.0,
8.0,
0.0,
10.0,
93.0,
135.0,
234.0,
250.0,
247.0,
255.0,
252.0,
255.0,
247.0,
247.0,
255.0,
246.0,
243.0,
224.0,
39.0,
3.0,
0.0,
0.0,
0.0,
0.0,
0.0,
2.0,
0.0,
4.0,
0.0,
0.0,
8.0,
0.0,
0.0,
32.0,
23.0,
120.0,
137.0,
181.0,
242.0,
252.0,
255.0,
232.0,
255.0,
224.0,
105.0,
62.0,
0.0,
8.0,
0.0,
0.0,
0.0,
0.0,
3.0,
0.0,
0.0,
0.0,
0.0,
0.0,
1.0,
7.0,
0.0,
0.0,
0.0,
10.0,
0.0,
15.0,
0.0,
10.0,
2.0,
6.0,
0.0,
6.0,
13.0,
0.0,
0.0,
0.0,
0.0,
0.0,
0.0,
0.0,
0.0,
0.0,
6.0,
0.0,
6.0,
11.0,
0.0,
6.0,
4.0,
3.0,
9.0,
0.0,
0.0,
0.0,
4.0,
0.0,
0.0,
0.0,
16.0,
0.0,
0.0,
0.0,
13.0,
0.0,
0.0,
0.0,
0.0,
0.0,
0.0,
0.0,
0.0,
0.0,
0.0,
0.0,
0.0,
0.0,
0.0,
0.0,
0.0,
0.0,
0.0,
0.0,
0.0,
0.0,
0.0,
0.0,
0.0,
0.0,
0.0,
0.0,
0.0,
0.0,
0.0,
0.0,
0.0,
0.0,
0.0,
0.0,
0.0,
0.0,
0.0,
0.0,
0.0,
0.0,
0.0,
0.0,
0.0,
0.0,
0.0,
0.0,
0.0,
0.0,
0.0,
0.0,
0.0,
0.0,
0.0,
0.0,
0.0,
0.0,
0.0,
0.0,
0.0,
0.0,
0.0,
0.0,
0.0,
0.0,
0.0,
0.0,
0.0,
0.0,
0.0,
0.0,
0.0,
0.0,
0.0,
0.0,
0.0,
0.0,
0.0,
0.0,
0.0,
0.0,
0.0,
0.0,
0.0,
0.0,
0.0,
0.0,
0.0,
0.0,
0.0,
0.0,
0.0,
0.0,
0.0,
0.0,
0.0,
0.0,
0.0,
0.0,
0.0,
0.0,
0.0,
0.0,
0.0,
0.0,
0.0,
0.0,
0.0,
0.0,
0.0,
0.0,
0.0,
0.0,
0.0,
0.0,
0.0,
0.0,
