0.0,
0.0,
0.0,
0.0,
0.0,
0.0,
0.0,
0.0,
0.0,
9.0,
5.0,
4.0,
0.0,
4.0,
0.0,
0.0,
0.0,
14.0,
6.0,
0.0,
2.0,
10.0,
0.0,
1.0,
2.0,
0.0,
0.0,
1.0,
0.0,
0.0,
0.0,
0.0,
0.0,
0.0,
0.0,
0.0,
5.0,
0.0,
0.0,
0.0,
0.0,
6.0,
1.0,
10.0,
3.0,
0.0,
0.0,
10.0,
8.0,
1.0,
0.0,
0.0,
7.0,
0.0,
0.0,
3.0,
0.0,
0.0,
0.0,
0.0,
0.0,
0.0,
0.0,
0.0,
0.0,
8.0,
20.0,
0.0,
12.0,
52.0,
176.0,
244.0,
72.0,
2.0,
0.0,
9.0,
0.0,
4.0,
13.0,
13.0,
0.0,
0.0,
0.0,
0.0,
0.0,
0.0,
0.0,
0.0,
0.0,
0.0,
0.0,
0.0,
22.0,
0.0,
0.0,
5.0,
94.0,
255.0,
251.0,
255.0,
51.0,
2.0,
0.0,
7.0,
0.0,
8.0,
0.0,
0.0,
0.0,
10.0,
12.0,
1.0,
0.0,
0.0,
0.0,
0.0,
0.0,
0.0,
0.0,
0.0,
0.0,
0.0,
12.0,
62.0,
235.0,
244.0,
246.0,
107.0,
2.0,
0.0,
0.0,
5.0,
0.0,
3.0,
0.0,
54.0,
37.0,
8.0,
0.0,
0.0,
0.0,
0.0,
0.0,
0.0,
0.0,
0.0,
0.0,
0.0,
0.0,
23.0,
0.0,
195.0,
255.0,
255.0,
152.0,
15.0,
7.0,
5.0,
0.0,
2.0,
0.0,
0.0,
16.0,
201.0,
255.0,
132.0,
25.0,
8.0,
0.0,
0.0,
0.0,
0.0,
0.0,
0.0,
0.0,
0.0,
6.0,
6.0,
164.0,
248.0,
250.0,
236.0,
12.0,
0.0,
0.0,
0.0,
0.0,
11.0,
0.0,
0.0,
13.0,
215.0,
255.0,
118.0,
0.0,
0.0,
0.0,
0.0,
0.0,
0.0,
0.0,
0.0,
0.0,
0.0,
3.0,
75.0,
255.0,
255.0,
226.0,
96.0,
14.0,
0.0,
3.0,
0.0,
0.0,
7.0,
0.0,
2.0,
0.0,
161.0,
182.0,
94.0,
11.0,
0.0,
1.0,
0.0,
0.0,
10.0,
0.0,
5.0,
2.0,
0.0,
27.0,
243.0,
248.0,
252.0,
173.0,
0.0,
4.0,
2.0,
9.0,
0.0,
7.0,
2.0,
0.0,
0.0,
12.0,
0.0,
0.0,
0.0,
0.0,
0.0,
0.0,
11.0,
0.0,
5.0,
13.0,
0.0,
0.0,
14.0,
147.0,
241.0,
255.0,
246.0,
64.0,
8.0,
0.0,
0.0,
0.0,
15.0,
0.0,
9.0,
0.0,
10.0,
0.0,
0.0,
0.0,
0.0,
0.0,
0.0,
1.0,
0.0,
3.0,
0.0,
0.0,
3.0,
9.0,
10.0,
193.0,
255.0,
255.0,
76.0,
5.0,
8.0,
0.0,
8.0,
0.0,
4.0,
0.0,
0.0,
12.0,
0.0,
0.0,
13.0,
0.0,
0.0,
0.0,
0.0,
7.0,
0.0,
4.0,
0.0,
0.0,
3.0,
6.0,
71.0,
251.0,
251.0,
235.0,
22.0,
3.0,
3.0,
14.0,
0.0,
6.0,
79.0,
114.0,
122.0,
0.0,
0.0,
20.0,
0.0,
0.0,
0.0,
0.0,
0.0,
0.0,
0.0,
0.0,
6.0,
21.0,
8.0,
10.0,
253.0,
255.0,
205.0,
36.0,
0.0,
4.0,
2.0,
45.0,
135.0,
196.0,
244.0,
255.0,
239.0,
253.0,
75.0,
0.0,
0.0,
0.0,
0.0,
0.0,
0.0,
9.0,
7.0,
0.0,
0.0,
0.0,
0.0,
27.0,
253.0,
251.0,
220.0,
0.0,
14.0,
45.0,
178.0,
255.0,
255.0,
255.0,
255.0,
251.0,
255.0,
255.0,
254.0,
121.0,
0.0,
0.0,
0.0,
0.0,
0.0,
2.0,
0.0,
0.0,
8.0,
1.0,
17.0,
176.0,
255.0,
246.0,
177.0,
0.0,
123.0,
252.0,
253.0,
252.0,
241.0,
222.0,
204.0,
207.0,
232.0,
255.0,
241.0,
97.0,
10.0,
4.0,
4.0,
3.0,
2.0,
0.0,
7.0,
0.0,
0.0,
12.0,
0.0,
184.0,
235.0,
240.0,
85.0,
0.0,
189.0,
253.0,
251.0,
209.0,
91.0,
3.0,
0.0,
9.0,
178.0,
253.0,
255.0,
40.0,
0.0,
7.0,
7.0,
6.0,
4.0,
0.0,
10.0,
0.0,
0.0,
9.0,
0.0,
255.0,
255.0,
222.0,
2.0,
45.0,
252.0,
249.0,
255.0,
20.0,
8.0,
0.0,
0.0,
125.0,
219.0,
251.0,
174.0,
10.0,
1.0,
28.0,
110.0,
3.0,
2.0,
0.0,
7.0,
0.0,
9.0,
0.0,
0.0,
255.0,
230.0,
207.0,
35.0,
159.0,
229.0,
255.0,
144.0,
10.0,
0.0,
6.0,
33.0,
182.0,
255.0,
236.0,
43.0,
16.0,
0.0,
122.0,
136.0,
0.0,
2.0,
0.0,
0.0,
0.0,
8.0,
0.0,
6.0,
215.0,
255.0,
249.0,
156.0,
255.0,
255.0,
186.0,
3.0,
0.0,
98.0,
142.0,
247.0,
235.0,
244.0,
68.0,
5.0,
0.0,
0.0,
199.0,
138.0,
0.0,
2.0,
0.0,
0.0,
13.0,
6.0,
7.0,
0.0,
61.0,
248.0,
255.0,
247.0,
251.0,
247.0,
231.0,
221.0,
215.0,
245.0,
245.0,
255.0,
209.0,
55.0,
22.0,
0.0,
11.0,
81.0,
250.0,
141.0,
0.0,
0.0,
18.0,
0.0,
0.0,
0.0,
0.0,
9.0,
42.0,
244.0,
237.0,
252.0,
249.0,
255.0,
255.0,
252.0,
251.0,
255.0,
201.0,
79.0,
0.0,
3.0,
0.0,
0.0,
0.0,
174.0,
244.0,
136.0,
9.0,
0.0,
0.0,
0.0,
0.0,
17.0,
0.0,
0.0,
0.0,
30.0,
162.0,
255.0,
255.0,
248.0,
244.0,
234.0,
162.0,
66.0,
1.0,
0.0,
8.0,
5.0,
0.0,
24.0,
7.0,
0.0,
121.0,
64.0,
4.0,
0.0,
0.0,
2.0,
0.0,
12.0,
0.0,
0.0,
9.0,
0.0,
0.0,
18.0,
0.0,
5.0,
0.0,
13.0,
0.0,
0.0,
7.0,
0.0,
2.0,
0.0,
0.0,
0.0,
16.0,
0.0,
5.0,
0.0,
0.0,
0.0,
1.0,
6.0,
4.0,
0.0,
0.0,
8.0,
0.0,
9.0,
0.0,
9.0,
5.0,
0.0,
10.0,
0.0,
4.0,
0.0,
0.0,
0.0,
7.0,
0.0,
9.0,
7.0,
0.0,
0.0,
0.0,
1.0,
7.0,
0.0,
0.0,
0.0,
0.0,
0.0,
0.0,
0.0,
0.0,
0.0,
0.0,
0.0,
0.0,
0.0,
0.0,
0.0,
0.0,
0.0,
0.0,
0.0,
0.0,
0.0,
0.0,
0.0,
0.0,
0.0,
0.0,
0.0,
0.0,
0.0,
0.0,
0.0,
0.0,
0.0,
0.0,
0.0,
0.0,
0.0,
0.0,
0.0,
0.0,
0.0,
0.0,
0.0,
0.0,
0.0,
0.0,
0.0,
0.0,
0.0,
0.0,
0.0,
0.0,
0.0,
0.0,
0.0,
0.0,
0.0,
0.0,
0.0,
0.0,
0.0,
0.0,
0.0,
0.0,
0.0,
0.0,
0.0,
0.0,
0.0,
0.0,
0.0,
0.0,
0.0,
0.0,
0.0,
0.0,
0.0,
0.0,
0.0,
0.0,
0.0,
0.0,
0.0,
0.0,
0.0,
0.0,
0.0,
0.0,
0.0,
0.0,
0.0,
0.0,
0.0,
0.0,
0.0,
0.0,
0.0,
0.0,
0.0,
0.0,
0.0,
0.0,
0.0,
0.0,
0.0,
0.0,
0.0,
0.0,
0.0,
0.0,
0.0,
0.0,
0.0,
