0.0,
0.0,
0.0,
0.0,
0.0,
0.0,
0.0,
0.0,
2.0,
0.0,
9.0,
0.0,
0.0,
4.0,
0.0,
0.0,
6.0,
3.0,
0.0,
10.0,
0.0,
10.0,
0.0,
0.0,
0.0,
0.0,
0.0,
0.0,
0.0,
0.0,
0.0,
0.0,
0.0,
0.0,
0.0,
0.0,
0.0,
5.0,
0.0,
7.0,
4.0,
0.0,
15.0,
191.0,
243.0,
59.0,
4.0,
0.0,
0.0,
5.0,
0.0,
3.0,
0.0,
0.0,
0.0,
0.0,
0.0,
0.0,
0.0,
0.0,
0.0,
0.0,
0.0,
0.0,
14.0,
0.0,
7.0,
0.0,
10.0,
1.0,
201.0,
245.0,
255.0,
10.0,
5.0,
0.0,
12.0,
5.0,
0.0,
0.0,
0.0,
0.0,
0.0,
0.0,
0.0,
0.0,
0.0,
0.0,
0.0,
0.0,
0.0,
0.0,
0.0,
9.0,
0.0,
0.0,
4.0,
71.0,
228.0,
255.0,
177.0,
0.0,
17.0,
0.0,
0.0,
0.0,
2.0,
6.0,
0.0,
0.0,
0.0,
0.0,
0.0,
0.0,
0.0,
0.0,
0.0,
0.0,
0.0,
0.0,
6.0,
4.0,
0.0,
9.0,
62.0,
248.0,
255.0,
201.0,
84.0,
4.0,
7.0,
0.0,
0.0,
3.0,
2.0,
0.0,
0.0,
0.0,
0.0,
0.0,
0.0,
0.0,
0.0,
0.0,
0.0,
0.0,
0.0,
0.0,
0.0,
0.0,
17.0,
0.0,
255.0,
255.0,
255.0,
41.0,
0.0,
0.0,
0.0,
4.0,
10.0,
0.0,
0.0,
0.0,
0.0,
0.0,
0.0,
0.0,
0.0,
0.0,
0.0,
0.0,
0.0,
0.0,
0.0,
0.0,
5.0,
0.0,
1.0,
255.0,
250.0,
238.0,
139.0,
4.0,
2.0,
6.0,
6.0,
5.0,
0.0,
0.0,
0.0,
10.0,
0.0,
0.0,
0.0,
0.0,
0.0,
0.0,
0.0,
0.0,
0.0,
0.0,
0.0,
0.0,
2.0,
0.0,
79.0,
242.0,
255.0,
203.0,
0.0,
0.0,
5.0,
0.0,
5.0,
0.0,
1.0,
3.0,
11.0,
0.0,
0.0,
0.0,
0.0,
0.0,
13.0,
0.0,
0.0,
0.0,
8.0,
1.0,
0.0,
5.0,
4.0,
61.0,
255.0,
255.0,
187.0,
64.0,
5.0,
0.0,
4.0,
0.0,
4.0,
8.0,
0.0,
6.0,
0.0,
0.0,
0.0,
0.0,
0.0,
0.0,
1.0,
0.0,
6.0,
0.0,
1.0,
0.0,
9.0,
0.0,
0.0,
189.0,
255.0,
255.0,
143.0,
0.0,
0.0,
8.0,
11.0,
0.0,
12.0,
2.0,
0.0,
5.0,
0.0,
0.0,
0.0,
0.0,
0.0,
0.0,
0.0,
0.0,
11.0,
0.0,
0.0,
0.0,
12.0,
0.0,
188.0,
255.0,
255.0,
195.0,
0.0,
3.0,
5.0,
1.0,
0.0,
11.0,
5.0,
0.0,
0.0,
14.0,
0.0,
10.0,
0.0,
0.0,
0.0,
0.0,
1.0,
0.0,
2.0,
0.0,
0.0,
4.0,
0.0,
20.0,
255.0,
241.0,
252.0,
17.0,
0.0,
14.0,
0.0,
0.0,
0.0,
10.0,
0.0,
5.0,
19.0,
0.0,
4.0,
0.0,
0.0,
0.0,
0.0,
0.0,
5.0,
0.0,
0.0,
0.0,
0.0,
8.0,
0.0,
127.0,
254.0,
253.0,
197.0,
0.0,
12.0,
0.0,
16.0,
0.0,
0.0,
0.0,
5.0,
0.0,
0.0,
0.0,
0.0,
9.0,
0.0,
0.0,
0.0,
0.0,
3.0,
1.0,
0.0,
2.0,
0.0,
3.0,
29.0,
242.0,
254.0,
255.0,
65.0,
1.0,
0.0,
11.0,
0.0,
9.0,
7.0,
0.0,
129.0,
135.0,
255.0,
129.0,
0.0,
3.0,
0.0,
0.0,
0.0,
0.0,
0.0,
0.0,
2.0,
1.0,
0.0,
0.0,
100.0,
255.0,
255.0,
120.0,
0.0,
4.0,
0.0,
7.0,
8.0,
0.0,
0.0,
195.0,
252.0,
255.0,
230.0,
255.0,
56.0,
9.0,
0.0,
0.0,
0.0,
0.0,
1.0,
0.0,
0.0,
0.0,
8.0,
0.0,
147.0,
242.0,
255.0,
137.0,
0.0,
15.0,
10.0,
0.0,
7.0,
64.0,
255.0,
255.0,
248.0,
255.0,
254.0,
251.0,
191.0,
0.0,
0.0,
0.0,
0.0,
0.0,
0.0,
5.0,
0.0,
6.0,
0.0,
11.0,
50.0,
255.0,
255.0,
124.0,
5.0,
0.0,
9.0,
4.0,
0.0,
193.0,
255.0,
239.0,
202.0,
195.0,
255.0,
250.0,
198.0,
0.0,
0.0,
0.0,
0.0,
0.0,
2.0,
8.0,
0.0,
2.0,
0.0,
0.0,
15.0,
190.0,
255.0,
170.0,
17.0,
8.0,
0.0,
8.0,
117.0,
255.0,
249.0,
255.0,
186.0,
255.0,
227.0,
255.0,
53.0,
10.0,
0.0,
0.0,
0.0,
0.0,
0.0,
6.0,
0.0,
3.0,
0.0,
0.0,
0.0,
120.0,
255.0,
255.0,
225.0,
133.0,
126.0,
116.0,
255.0,
255.0,
245.0,
255.0,
253.0,
250.0,
255.0,
118.0,
17.0,
0.0,
0.0,
0.0,
0.0,
0.0,
0.0,
4.0,
0.0,
3.0,
5.0,
6.0,
0.0,
63.0,
251.0,
254.0,
255.0,
255.0,
242.0,
255.0,
255.0,
246.0,
255.0,
255.0,
244.0,
247.0,
138.0,
1.0,
0.0,
7.0,
0.0,
0.0,
0.0,
0.0,
0.0,
5.0,
0.0,
0.0,
1.0,
3.0,
0.0,
15.0,
5.0,
108.0,
255.0,
234.0,
255.0,
255.0,
255.0,
255.0,
255.0,
113.0,
72.0,
17.0,
0.0,
0.0,
7.0,
8.0,
0.0,
0.0,
0.0,
0.0,
1.0,
3.0,
0.0,
0.0,
0.0,
2.0,
0.0,
0.0,
2.0,
15.0,
0.0,
24.0,
1.0,
4.0,
0.0,
11.0,
9.0,
0.0,
0.0,
0.0,
0.0,
7.0,
0.0,
0.0,
0.0,
0.0,
0.0,
0.0,
0.0,
0.0,
0.0,
0.0,
1.0,
4.0,
9.0,
1.0,
0.0,
10.0,
0.0,
0.0,
0.0,
0.0,
15.0,
6.0,
0.0,
8.0,
3.0,
0.0,
9.0,
0.0,
16.0,
0.0,
0.0,
0.0,
0.0,
0.0,
3.0,
1.0,
0.0,
1.0,
0.0,
0.0,
8.0,
0.0,
3.0,
0.0,
3.0,
14.0,
0.0,
0.0,
0.0,
0.0,
15.0,
0.0,
21.0,
0.0,
0.0,
7.0,
1.0,
0.0,
0.0,
0.0,
0.0,
0.0,
0.0,
0.0,
0.0,
0.0,
0.0,
0.0,
0.0,
0.0,
0.0,
0.0,
0.0,
0.0,
0.0,
0.0,
0.0,
0.0,
0.0,
0.0,
0.0,
0.0,
0.0,
0.0,
0.0,
0.0,
0.0,
0.0,
0.0,
0.0,
0.0,
0.0,
0.0,
0.0,
0.0,
0.0,
0.0,
0.0,
0.0,
0.0,
0.0,
0.0,
0.0,
0.0,
0.0,
0.0,
0.0,
0.0,
0.0,
0.0,
0.0,
0.0,
0.0,
0.0,
0.0,
0.0,
0.0,
0.0,
0.0,
0.0,
0.0,
0.0,
0.0,
0.0,
0.0,
0.0,
0.0,
0.0,
0.0,
0.0,
0.0,
0.0,
0.0,
0.0,
0.0,
0.0,
0.0,
0.0,
0.0,
0.0,
0.0,
0.0,
0.0,
0.0,
0.0,
0.0,
0.0,
0.0,
0.0,
0.0,
0.0,
0.0,
0.0,
0.0,
0.0,
0.0,
0.0,
0.0,
0.0,
0.0,
0.0,
0.0,
0.0,
0.0,
0.0,
0.0,
0.0,
0.0,
0.0,
0.0,
0.0,
0.0,
0.0,
0.0,
