0.0,
0.0,
0.0,
0.0,
0.0,
0.0,
0.0,
0.0,
0.0,
18.0,
0.0,
0.0,
8.0,
0.0,
7.0,
0.0,
0.0,
24.0,
0.0,
0.0,
3.0,
10.0,
0.0,
5.0,
0.0,
0.0,
0.0,
0.0,
0.0,
0.0,
0.0,
0.0,
0.0,
0.0,
0.0,
0.0,
0.0,
0.0,
8.0,
2.0,
0.0,
2.0,
0.0,
7.0,
0.0,
0.0,
0.0,
10.0,
0.0,
0.0,
0.0,
6.0,
0.0,
0.0,
0.0,
0.0,
0.0,
0.0,
0.0,
0.0,
0.0,
0.0,
0.0,
0.0,
0.0,
6.0,
2.0,
0.0,
7.0,
4.0,
40.0,
187.0,
249.0,
56.0,
0.0,
9.0,
0.0,
3.0,
7.0,
0.0,
0.0,
0.0,
0.0,
0.0,
0.0,
0.0,
0.0,
0.0,
0.0,
0.0,
0.0,
0.0,
0.0,
20.0,
1.0,
5.0,
3.0,
0.0,
116.0,
255.0,
252.0,
27.0,
0.0,
10.0,
0.0,
0.0,
0.0,
2.0,
0.0,
0.0,
0.0,
0.0,
0.0,
0.0,
0.0,
0.0,
0.0,
0.0,
0.0,
0.0,
13.0,
0.0,
0.0,
0.0,
0.0,
122.0,
255.0,
246.0,
190.0,
25.0,
0.0,
0.0,
0.0,
1.0,
1.0,
6.0,
0.0,
0.0,
0.0,
0.0,
0.0,
0.0,
0.0,
0.0,
0.0,
0.0,
0.0,
0.0,
1.0,
0.0,
17.0,
13.0,
83.0,
245.0,
215.0,
37.0,
0.0,
0.0,
25.0,
9.0,
0.0,
0.0,
0.0,
0.0,
0.0,
0.0,
0.0,
0.0,
0.0,
0.0,
0.0,
0.0,
0.0,
0.0,
0.0,
0.0,
1.0,
3.0,
8.0,
62.0,
211.0,
254.0,
110.0,
7.0,
6.0,
3.0,
0.0,
0.0,
0.0,
15.0,
10.0,
0.0,
0.0,
0.0,
0.0,
0.0,
0.0,
0.0,
0.0,
0.0,
0.0,
0.0,
0.0,
0.0,
2.0,
0.0,
0.0,
164.0,
255.0,
139.0,
1.0,
0.0,
2.0,
0.0,
0.0,
19.0,
0.0,
0.0,
3.0,
2.0,
0.0,
0.0,
0.0,
0.0,
1.0,
1.0,
0.0,
0.0,
1.0,
3.0,
3.0,
0.0,
3.0,
0.0,
134.0,
240.0,
203.0,
5.0,
0.0,
0.0,
0.0,
7.0,
3.0,
1.0,
5.0,
1.0,
0.0,
0.0,
2.0,
1.0,
0.0,
0.0,
0.0,
0.0,
0.0,
0.0,
1.0,
2.0,
1.0,
0.0,
0.0,
38.0,
227.0,
255.0,
103.0,
0.0,
5.0,
0.0,
0.0,
0.0,
0.0,
0.0,
0.0,
2.0,
0.0,
12.0,
0.0,
0.0,
0.0,
0.0,
0.0,
0.0,
0.0,
1.0,
1.0,
0.0,
0.0,
0.0,
20.0,
195.0,
255.0,
169.0,
0.0,
0.0,
2.0,
0.0,
0.0,
5.0,
0.0,
11.0,
0.0,
4.0,
0.0,
0.0,
0.0,
0.0,
0.0,
0.0,
0.0,
0.0,
0.0,
2.0,
1.0,
0.0,
0.0,
1.0,
96.0,
241.0,
248.0,
127.0,
5.0,
0.0,
11.0,
4.0,
9.0,
5.0,
0.0,
2.0,
0.0,
12.0,
2.0,
0.0,
0.0,
0.0,
0.0,
0.0,
0.0,
0.0,
0.0,
2.0,
1.0,
0.0,
0.0,
5.0,
98.0,
255.0,
246.0,
9.0,
2.0,
6.0,
0.0,
0.0,
0.0,
0.0,
8.0,
14.0,
0.0,
5.0,
2.0,
0.0,
0.0,
0.0,
0.0,
0.0,
1.0,
0.0,
0.0,
2.0,
0.0,
0.0,
2.0,
12.0,
250.0,
242.0,
244.0,
27.0,
0.0,
0.0,
0.0,
1.0,
15.0,
22.0,
63.0,
119.0,
179.0,
208.0,
158.0,
60.0,
2.0,
2.0,
0.0,
0.0,
3.0,
0.0,
0.0,
2.0,
0.0,
0.0,
5.0,
19.0,
249.0,
255.0,
163.0,
0.0,
0.0,
5.0,
3.0,
36.0,
164.0,
206.0,
255.0,
248.0,
242.0,
244.0,
254.0,
198.0,
7.0,
5.0,
2.0,
0.0,
4.0,
0.0,
0.0,
1.0,
0.0,
0.0,
7.0,
23.0,
251.0,
255.0,
53.0,
0.0,
15.0,
11.0,
109.0,
233.0,
255.0,
244.0,
228.0,
125.0,
113.0,
162.0,
255.0,
246.0,
10.0,
7.0,
3.0,
0.0,
1.0,
0.0,
0.0,
2.0,
0.0,
0.0,
7.0,
18.0,
252.0,
255.0,
60.0,
0.0,
19.0,
132.0,
236.0,
255.0,
187.0,
73.0,
28.0,
0.0,
0.0,
107.0,
247.0,
245.0,
9.0,
6.0,
2.0,
0.0,
0.0,
0.0,
0.0,
3.0,
0.0,
0.0,
4.0,
14.0,
251.0,
255.0,
79.0,
5.0,
91.0,
248.0,
255.0,
160.0,
11.0,
0.0,
0.0,
11.0,
127.0,
255.0,
255.0,
108.0,
7.0,
5.0,
1.0,
0.0,
0.0,
0.0,
1.0,
3.0,
0.0,
0.0,
1.0,
8.0,
145.0,
247.0,
230.0,
135.0,
215.0,
245.0,
180.0,
32.0,
11.0,
22.0,
85.0,
176.0,
255.0,
223.0,
106.0,
0.0,
3.0,
2.0,
1.0,
0.0,
0.0,
0.0,
2.0,
2.0,
0.0,
0.0,
0.0,
2.0,
21.0,
210.0,
248.0,
251.0,
255.0,
255.0,
168.0,
194.0,
255.0,
255.0,
255.0,
205.0,
128.0,
19.0,
0.0,
7.0,
0.0,
0.0,
0.0,
1.0,
0.0,
1.0,
2.0,
1.0,
0.0,
0.0,
0.0,
0.0,
0.0,
18.0,
174.0,
255.0,
246.0,
235.0,
255.0,
255.0,
202.0,
136.0,
76.0,
17.0,
2.0,
0.0,
11.0,
0.0,
0.0,
0.0,
0.0,
1.0,
0.0,
2.0,
2.0,
0.0,
0.0,
1.0,
0.0,
0.0,
0.0,
0.0,
33.0,
214.0,
241.0,
239.0,
99.0,
46.0,
15.0,
0.0,
4.0,
14.0,
6.0,
0.0,
4.0,
0.0,
0.0,
0.0,
0.0,
0.0,
0.0,
3.0,
2.0,
0.0,
0.0,
3.0,
2.0,
0.0,
11.0,
0.0,
0.0,
6.0,
3.0,
0.0,
0.0,
9.0,
0.0,
0.0,
12.0,
0.0,
0.0,
0.0,
19.0,
3.0,
0.0,
0.0,
0.0,
0.0,
1.0,
4.0,
2.0,
0.0,
0.0,
4.0,
4.0,
0.0,
0.0,
4.0,
0.0,
3.0,
0.0,
0.0,
10.0,
0.0,
3.0,
0.0,
4.0,
0.0,
12.0,
0.0,
0.0,
0.0,
1.0,
0.0,
0.0,
0.0,
0.0,
0.0,
0.0,
0.0,
0.0,
0.0,
0.0,
0.0,
0.0,
0.0,
0.0,
0.0,
0.0,
0.0,
0.0,
0.0,
0.0,
0.0,
0.0,
0.0,
0.0,
0.0,
0.0,
0.0,
0.0,
0.0,
0.0,
0.0,
0.0,
0.0,
0.0,
0.0,
0.0,
0.0,
0.0,
0.0,
0.0,
0.0,
0.0,
0.0,
0.0,
0.0,
0.0,
0.0,
0.0,
0.0,
0.0,
0.0,
0.0,
0.0,
0.0,
0.0,
0.0,
0.0,
0.0,
0.0,
0.0,
0.0,
0.0,
0.0,
0.0,
0.0,
0.0,
0.0,
0.0,
0.0,
0.0,
0.0,
0.0,
0.0,
0.0,
0.0,
0.0,
0.0,
0.0,
0.0,
0.0,
0.0,
0.0,
0.0,
0.0,
0.0,
0.0,
0.0,
0.0,
0.0,
0.0,
0.0,
0.0,
0.0,
0.0,
0.0,
0.0,
0.0,
0.0,
0.0,
0.0,
0.0,
0.0,
0.0,
0.0,
0.0,
0.0,
0.0,
0.0,
0.0,
0.0,
0.0,
0.0,
0.0,
0.0,
0.0,
