0.0,
0.0,
0.0,
0.0,
0.0,
0.0,
0.0,
0.0,
1.0,
0.0,
0.0,
7.0,
0.0,
3.0,
0.0,
5.0,
0.0,
0.0,
0.0,
0.0,
0.0,
0.0,
0.0,
0.0,
0.0,
0.0,
0.0,
0.0,
0.0,
0.0,
0.0,
0.0,
0.0,
0.0,
0.0,
0.0,
4.0,
0.0,
25.0,
9.0,
0.0,
0.0,
8.0,
0.0,
0.0,
0.0,
0.0,
0.0,
0.0,
0.0,
0.0,
0.0,
0.0,
0.0,
0.0,
0.0,
0.0,
0.0,
0.0,
0.0,
0.0,
0.0,
0.0,
0.0,
0.0,
11.0,
0.0,
57.0,
255.0,
150.0,
0.0,
1.0,
0.0,
0.0,
0.0,
0.0,
0.0,
0.0,
0.0,
0.0,
0.0,
0.0,
0.0,
0.0,
0.0,
0.0,
0.0,
0.0,
0.0,
0.0,
0.0,
0.0,
0.0,
19.0,
115.0,
255.0,
160.0,
0.0,
15.0,
0.0,
0.0,
0.0,
0.0,
0.0,
0.0,
0.0,
0.0,
0.0,
0.0,
0.0,
0.0,
0.0,
0.0,
0.0,
0.0,
0.0,
0.0,
0.0,
0.0,
0.0,
8.0,
0.0,
238.0,
251.0,
0.0,
0.0,
0.0,
13.0,
0.0,
0.0,
0.0,
0.0,
0.0,
0.0,
0.0,
0.0,
0.0,
0.0,
0.0,
0.0,
0.0,
0.0,
0.0,
0.0,
0.0,
0.0,
0.0,
0.0,
7.0,
121.0,
255.0,
217.0,
0.0,
5.0,
11.0,
0.0,
0.0,
0.0,
0.0,
0.0,
0.0,
0.0,
0.0,
0.0,
0.0,
0.0,
0.0,
0.0,
0.0,
0.0,
0.0,
0.0,
0.0,
0.0,
0.0,
0.0,
9.0,
195.0,
249.0,
97.0,
0.0,
0.0,
0.0,
10.0,
0.0,
0.0,
0.0,
0.0,
0.0,
0.0,
0.0,
0.0,
0.0,
0.0,
0.0,
0.0,
0.0,
0.0,
0.0,
0.0,
0.0,
0.0,
0.0,
0.0,
60.0,
247.0,
255.0,
11.0,
0.0,
6.0,
1.0,
0.0,
0.0,
0.0,
0.0,
0.0,
0.0,
0.0,
0.0,
0.0,
0.0,
0.0,
0.0,
0.0,
0.0,
5.0,
8.0,
0.0,
2.0,
4.0,
0.0,
7.0,
134.0,
255.0,
139.0,
0.0,
0.0,
13.0,
0.0,
9.0,
0.0,
0.0,
7.0,
0.0,
3.0,
0.0,
5.0,
0.0,
0.0,
0.0,
0.0,
0.0,
0.0,
4.0,
4.0,
0.0,
0.0,
4.0,
0.0,
30.0,
224.0,
241.0,
156.0,
0.0,
0.0,
0.0,
21.0,
0.0,
1.0,
0.0,
1.0,
5.0,
0.0,
8.0,
6.0,
0.0,
0.0,
0.0,
0.0,
0.0,
2.0,
1.0,
1.0,
0.0,
1.0,
1.0,
4.0,
47.0,
255.0,
255.0,
85.0,
3.0,
0.0,
0.0,
1.0,
0.0,
4.0,
35.0,
32.0,
43.0,
17.0,
0.0,
3.0,
6.0,
0.0,
0.0,
0.0,
0.0,
0.0,
0.0,
2.0,
1.0,
5.0,
0.0,
0.0,
48.0,
231.0,
255.0,
14.0,
3.0,
4.0,
4.0,
1.0,
0.0,
101.0,
255.0,
249.0,
255.0,
190.0,
0.0,
5.0,
0.0,
0.0,
0.0,
0.0,
0.0,
0.0,
0.0,
1.0,
1.0,
5.0,
0.0,
0.0,
53.0,
255.0,
249.0,
33.0,
0.0,
0.0,
0.0,
9.0,
25.0,
211.0,
246.0,
254.0,
203.0,
248.0,
196.0,
0.0,
3.0,
0.0,
0.0,
0.0,
0.0,
4.0,
0.0,
0.0,
0.0,
0.0,
0.0,
6.0,
60.0,
246.0,
179.0,
7.0,
0.0,
4.0,
11.0,
20.0,
199.0,
255.0,
255.0,
94.0,
52.0,
157.0,
186.0,
0.0,
10.0,
0.0,
0.0,
0.0,
0.0,
3.0,
1.0,
1.0,
0.0,
0.0,
0.0,
3.0,
50.0,
255.0,
223.0,
53.0,
0.0,
1.0,
0.0,
40.0,
255.0,
239.0,
143.0,
0.0,
0.0,
175.0,
194.0,
0.0,
0.0,
0.0,
0.0,
0.0,
0.0,
0.0,
1.0,
5.0,
0.0,
1.0,
0.0,
0.0,
30.0,
227.0,
253.0,
144.0,
0.0,
0.0,
2.0,
192.0,
251.0,
154.0,
17.0,
0.0,
38.0,
254.0,
181.0,
1.0,
7.0,
0.0,
0.0,
0.0,
0.0,
0.0,
0.0,
0.0,
0.0,
0.0,
0.0,
0.0,
0.0,
184.0,
246.0,
158.0,
0.0,
0.0,
52.0,
255.0,
255.0,
46.0,
0.0,
15.0,
152.0,
255.0,
191.0,
9.0,
2.0,
0.0,
0.0,
0.0,
0.0,
0.0,
0.0,
0.0,
0.0,
0.0,
0.0,
0.0,
0.0,
66.0,
253.0,
206.0,
44.0,
0.0,
157.0,
255.0,
238.0,
182.0,
33.0,
44.0,
255.0,
254.0,
154.0,
4.0,
0.0,
0.0,
0.0,
0.0,
0.0,
0.0,
0.0,
0.0,
0.0,
0.0,
0.0,
0.0,
0.0,
23.0,
223.0,
255.0,
219.0,
17.0,
168.0,
238.0,
255.0,
231.0,
145.0,
255.0,
247.0,
248.0,
62.0,
0.0,
17.0,
0.0,
0.0,
0.0,
0.0,
0.0,
0.0,
0.0,
0.0,
0.0,
0.0,
0.0,
0.0,
0.0,
142.0,
241.0,
255.0,
235.0,
243.0,
255.0,
254.0,
255.0,
244.0,
245.0,
243.0,
88.0,
0.0,
0.0,
0.0,
0.0,
0.0,
0.0,
0.0,
0.0,
0.0,
0.0,
0.0,
0.0,
0.0,
0.0,
0.0,
4.0,
6.0,
82.0,
254.0,
248.0,
230.0,
255.0,
246.0,
253.0,
252.0,
255.0,
84.0,
0.0,
0.0,
15.0,
2.0,
0.0,
0.0,
0.0,
0.0,
0.0,
0.0,
0.0,
0.0,
0.0,
0.0,
0.0,
0.0,
0.0,
6.0,
0.0,
24.0,
152.0,
200.0,
230.0,
148.0,
135.0,
126.0,
18.0,
0.0,
14.0,
0.0,
0.0,
0.0,
0.0,
0.0,
0.0,
0.0,
0.0,
0.0,
0.0,
0.0,
0.0,
0.0,
0.0,
0.0,
0.0,
12.0,
0.0,
11.0,
0.0,
19.0,
12.0,
0.0,
11.0,
0.0,
4.0,
11.0,
0.0,
18.0,
13.0,
0.0,
0.0,
0.0,
0.0,
0.0,
0.0,
0.0,
0.0,
0.0,
0.0,
0.0,
0.0,
0.0,
0.0,
1.0,
4.0,
0.0,
0.0,
10.0,
0.0,
9.0,
0.0,
6.0,
0.0,
0.0,
1.0,
0.0,
6.0,
0.0,
0.0,
0.0,
0.0,
0.0,
0.0,
0.0,
0.0,
0.0,
0.0,
0.0,
0.0,
0.0,
0.0,
0.0,
0.0,
0.0,
0.0,
0.0,
0.0,
0.0,
0.0,
0.0,
0.0,
0.0,
0.0,
0.0,
0.0,
0.0,
0.0,
0.0,
0.0,
0.0,
0.0,
0.0,
0.0,
0.0,
0.0,
0.0,
0.0,
0.0,
0.0,
0.0,
0.0,
0.0,
0.0,
0.0,
0.0,
0.0,
0.0,
0.0,
0.0,
0.0,
0.0,
0.0,
0.0,
0.0,
0.0,
0.0,
0.0,
0.0,
0.0,
0.0,
0.0,
0.0,
0.0,
0.0,
0.0,
0.0,
0.0,
0.0,
0.0,
0.0,
0.0,
0.0,
0.0,
0.0,
0.0,
0.0,
0.0,
0.0,
0.0,
0.0,
0.0,
0.0,
0.0,
0.0,
0.0,
0.0,
0.0,
0.0,
0.0,
0.0,
0.0,
0.0,
0.0,
0.0,
0.0,
0.0,
0.0,
0.0,
0.0,
0.0,
0.0,
0.0,
0.0,
0.0,
0.0,
0.0,
0.0,
0.0,
0.0,
0.0,
0.0,
0.0,
0.0,
0.0,
