0.0,
0.0,
0.0,
0.0,
0.0,
0.0,
0.0,
0.0,
3.0,
0.0,
9.0,
6.0,
0.0,
0.0,
12.0,
0.0,
2.0,
9.0,
3.0,
0.0,
3.0,
10.0,
0.0,
0.0,
0.0,
0.0,
0.0,
0.0,
0.0,
0.0,
0.0,
0.0,
0.0,
0.0,
0.0,
0.0,
0.0,
8.0,
0.0,
0.0,
30.0,
0.0,
0.0,
12.0,
0.0,
0.0,
21.0,
0.0,
0.0,
0.0,
0.0,
10.0,
0.0,
0.0,
0.0,
0.0,
0.0,
0.0,
0.0,
0.0,
0.0,
0.0,
0.0,
0.0,
1.0,
0.0,
6.0,
0.0,
7.0,
0.0,
0.0,
0.0,
16.0,
0.0,
0.0,
0.0,
0.0,
4.0,
1.0,
0.0,
0.0,
0.0,
0.0,
0.0,
0.0,
0.0,
0.0,
0.0,
0.0,
0.0,
0.0,
0.0,
8.0,
0.0,
16.0,
4.0,
0.0,
10.0,
0.0,
15.0,
0.0,
14.0,
0.0,
12.0,
4.0,
0.0,
0.0,
0.0,
0.0,
0.0,
0.0,
0.0,
0.0,
0.0,
0.0,
0.0,
0.0,
0.0,
0.0,
0.0,
2.0,
0.0,
0.0,
0.0,
9.0,
0.0,
39.0,
162.0,
250.0,
214.0,
12.0,
0.0,
0.0,
17.0,
5.0,
0.0,
0.0,
0.0,
0.0,
0.0,
0.0,
0.0,
0.0,
0.0,
0.0,
0.0,
0.0,
0.0,
0.0,
9.0,
0.0,
0.0,
5.0,
0.0,
175.0,
252.0,
255.0,
241.0,
30.0,
10.0,
0.0,
0.0,
0.0,
6.0,
0.0,
0.0,
0.0,
0.0,
0.0,
0.0,
0.0,
0.0,
0.0,
0.0,
0.0,
0.0,
0.0,
8.0,
7.0,
0.0,
0.0,
119.0,
255.0,
243.0,
250.0,
156.0,
3.0,
0.0,
0.0,
5.0,
0.0,
0.0,
0.0,
0.0,
0.0,
0.0,
0.0,
0.0,
0.0,
0.0,
0.0,
0.0,
0.0,
0.0,
0.0,
3.0,
0.0,
11.0,
33.0,
255.0,
252.0,
236.0,
139.0,
28.0,
0.0,
7.0,
0.0,
0.0,
0.0,
2.0,
0.0,
0.0,
0.0,
0.0,
0.0,
0.0,
0.0,
0.0,
0.0,
0.0,
0.0,
0.0,
0.0,
10.0,
9.0,
19.0,
227.0,
255.0,
245.0,
201.0,
2.0,
1.0,
0.0,
7.0,
5.0,
0.0,
0.0,
0.0,
0.0,
0.0,
0.0,
0.0,
0.0,
0.0,
0.0,
0.0,
0.0,
0.0,
0.0,
0.0,
2.0,
0.0,
0.0,
119.0,
253.0,
240.0,
255.0,
37.0,
0.0,
5.0,
0.0,
0.0,
0.0,
5.0,
8.0,
5.0,
0.0,
0.0,
0.0,
0.0,
0.0,
0.0,
0.0,
0.0,
0.0,
0.0,
0.0,
0.0,
15.0,
0.0,
0.0,
235.0,
248.0,
245.0,
103.0,
8.0,
0.0,
2.0,
4.0,
0.0,
0.0,
0.0,
0.0,
0.0,
0.0,
0.0,
0.0,
0.0,
0.0,
0.0,
0.0,
0.0,
0.0,
0.0,
0.0,
0.0,
0.0,
15.0,
161.0,
245.0,
255.0,
160.0,
0.0,
0.0,
1.0,
0.0,
7.0,
2.0,
13.0,
0.0,
0.0,
15.0,
0.0,
0.0,
0.0,
0.0,
0.0,
0.0,
0.0,
0.0,
0.0,
0.0,
0.0,
0.0,
7.0,
46.0,
235.0,
255.0,
208.0,
2.0,
0.0,
15.0,
2.0,
0.0,
8.0,
0.0,
0.0,
0.0,
1.0,
0.0,
0.0,
0.0,
0.0,
0.0,
0.0,
0.0,
0.0,
0.0,
0.0,
0.0,
0.0,
0.0,
1.0,
176.0,
251.0,
243.0,
44.0,
6.0,
1.0,
1.0,
0.0,
61.0,
146.0,
167.0,
187.0,
173.0,
139.0,
9.0,
0.0,
0.0,
0.0,
0.0,
0.0,
0.0,
0.0,
0.0,
0.0,
0.0,
0.0,
0.0,
58.0,
238.0,
255.0,
166.0,
20.0,
3.0,
0.0,
72.0,
199.0,
235.0,
255.0,
255.0,
255.0,
251.0,
233.0,
41.0,
0.0,
0.0,
0.0,
0.0,
0.0,
0.0,
0.0,
0.0,
0.0,
0.0,
0.0,
0.0,
97.0,
255.0,
245.0,
51.0,
0.0,
6.0,
134.0,
247.0,
252.0,
255.0,
255.0,
249.0,
253.0,
251.0,
255.0,
50.0,
0.0,
0.0,
0.0,
0.0,
0.0,
0.0,
0.0,
0.0,
0.0,
0.0,
0.0,
0.0,
67.0,
255.0,
246.0,
31.0,
5.0,
180.0,
242.0,
251.0,
255.0,
255.0,
143.0,
251.0,
252.0,
255.0,
198.0,
3.0,
0.0,
0.0,
0.0,
0.0,
0.0,
0.0,
0.0,
0.0,
0.0,
0.0,
0.0,
0.0,
33.0,
255.0,
251.0,
206.0,
183.0,
255.0,
247.0,
230.0,
176.0,
154.0,
237.0,
255.0,
243.0,
169.0,
77.0,
6.0,
0.0,
0.0,
0.0,
0.0,
0.0,
0.0,
0.0,
0.0,
0.0,
0.0,
0.0,
0.0,
0.0,
95.0,
230.0,
240.0,
255.0,
255.0,
243.0,
253.0,
254.0,
244.0,
254.0,
241.0,
157.0,
0.0,
16.0,
0.0,
0.0,
0.0,
0.0,
0.0,
0.0,
0.0,
0.0,
0.0,
0.0,
0.0,
0.0,
0.0,
6.0,
0.0,
181.0,
255.0,
252.0,
254.0,
255.0,
255.0,
255.0,
209.0,
219.0,
78.0,
0.0,
18.0,
0.0,
12.0,
0.0,
0.0,
0.0,
0.0,
0.0,
0.0,
0.0,
0.0,
0.0,
0.0,
0.0,
0.0,
17.0,
91.0,
255.0,
248.0,
206.0,
91.0,
175.0,
112.0,
68.0,
25.0,
0.0,
18.0,
0.0,
0.0,
0.0,
0.0,
0.0,
0.0,
0.0,
0.0,
0.0,
0.0,
0.0,
0.0,
0.0,
0.0,
0.0,
0.0,
55.0,
241.0,
242.0,
155.0,
21.0,
0.0,
0.0,
2.0,
0.0,
2.0,
0.0,
3.0,
12.0,
7.0,
21.0,
0.0,
0.0,
0.0,
0.0,
0.0,
0.0,
0.0,
0.0,
0.0,
0.0,
0.0,
0.0,
0.0,
155.0,
254.0,
133.0,
0.0,
0.0,
11.0,
0.0,
6.0,
10.0,
0.0,
3.0,
0.0,
0.0,
0.0,
0.0,
5.0,
0.0,
0.0,
0.0,
0.0,
0.0,
0.0,
0.0,
0.0,
0.0,
0.0,
0.0,
0.0,
176.0,
250.0,
49.0,
0.0,
11.0,
0.0,
6.0,
0.0,
0.0,
5.0,
0.0,
10.0,
0.0,
5.0,
0.0,
3.0,
0.0,
0.0,
0.0,
0.0,
0.0,
0.0,
0.0,
0.0,
0.0,
0.0,
0.0,
0.0,
0.0,
0.0,
0.0,
0.0,
0.0,
0.0,
0.0,
0.0,
0.0,
0.0,
0.0,
0.0,
0.0,
0.0,
0.0,
0.0,
0.0,
0.0,
0.0,
0.0,
0.0,
0.0,
0.0,
0.0,
0.0,
0.0,
0.0,
0.0,
0.0,
0.0,
0.0,
0.0,
0.0,
0.0,
0.0,
0.0,
0.0,
0.0,
0.0,
0.0,
0.0,
0.0,
0.0,
0.0,
0.0,
0.0,
0.0,
0.0,
0.0,
0.0,
0.0,
0.0,
0.0,
0.0,
0.0,
0.0,
0.0,
0.0,
0.0,
0.0,
0.0,
0.0,
0.0,
0.0,
0.0,
0.0,
0.0,
0.0,
0.0,
0.0,
0.0,
0.0,
0.0,
0.0,
0.0,
0.0,
0.0,
0.0,
0.0,
0.0,
0.0,
0.0,
0.0,
0.0,
0.0,
0.0,
0.0,
0.0,
0.0,
0.0,
0.0,
0.0,
0.0,
0.0,
0.0,
0.0,
0.0,
0.0,
0.0,
0.0,
0.0,
0.0,
0.0,
0.0,
