0.0,
0.0,
0.0,
0.0,
0.0,
0.0,
0.0,
0.0,
6.0,
1.0,
0.0,
0.0,
0.0,
0.0,
0.0,
7.0,
0.0,
10.0,
0.0,
0.0,
0.0,
0.0,
7.0,
0.0,
0.0,
0.0,
0.0,
0.0,
0.0,
0.0,
0.0,
0.0,
0.0,
0.0,
0.0,
0.0,
0.0,
1.0,
2.0,
9.0,
0.0,
3.0,
16.0,
0.0,
17.0,
2.0,
0.0,
3.0,
8.0,
22.0,
0.0,
11.0,
0.0,
0.0,
0.0,
0.0,
0.0,
0.0,
0.0,
0.0,
0.0,
0.0,
0.0,
0.0,
0.0,
9.0,
0.0,
1.0,
3.0,
0.0,
1.0,
8.0,
0.0,
7.0,
200.0,
250.0,
27.0,
0.0,
12.0,
2.0,
0.0,
0.0,
0.0,
0.0,
0.0,
0.0,
0.0,
0.0,
0.0,
0.0,
0.0,
0.0,
2.0,
0.0,
0.0,
0.0,
0.0,
0.0,
0.0,
7.0,
22.0,
190.0,
239.0,
255.0,
161.0,
7.0,
0.0,
5.0,
0.0,
0.0,
0.0,
0.0,
0.0,
0.0,
0.0,
0.0,
0.0,
0.0,
0.0,
0.0,
7.0,
0.0,
16.0,
0.0,
0.0,
22.0,
0.0,
0.0,
88.0,
255.0,
243.0,
255.0,
140.0,
0.0,
1.0,
0.0,
0.0,
0.0,
0.0,
0.0,
0.0,
0.0,
0.0,
0.0,
0.0,
0.0,
0.0,
0.0,
0.0,
0.0,
6.0,
0.0,
7.0,
0.0,
0.0,
92.0,
230.0,
255.0,
248.0,
246.0,
28.0,
0.0,
16.0,
1.0,
0.0,
0.0,
0.0,
0.0,
0.0,
0.0,
0.0,
0.0,
0.0,
0.0,
0.0,
0.0,
0.0,
12.0,
0.0,
0.0,
9.0,
0.0,
73.0,
229.0,
255.0,
245.0,
255.0,
191.0,
4.0,
1.0,
4.0,
0.0,
0.0,
0.0,
0.0,
0.0,
0.0,
0.0,
0.0,
0.0,
0.0,
0.0,
0.0,
0.0,
7.0,
0.0,
0.0,
24.0,
0.0,
69.0,
251.0,
255.0,
254.0,
255.0,
186.0,
0.0,
2.0,
3.0,
0.0,
3.0,
0.0,
0.0,
0.0,
0.0,
0.0,
6.0,
7.0,
0.0,
0.0,
1.0,
0.0,
0.0,
0.0,
0.0,
4.0,
5.0,
9.0,
179.0,
255.0,
249.0,
247.0,
237.0,
89.0,
0.0,
0.0,
8.0,
0.0,
0.0,
0.0,
0.0,
0.0,
0.0,
6.0,
0.0,
0.0,
0.0,
0.0,
5.0,
5.0,
3.0,
12.0,
4.0,
5.0,
12.0,
156.0,
247.0,
255.0,
253.0,
254.0,
94.0,
0.0,
19.0,
0.0,
1.0,
9.0,
1.0,
0.0,
0.0,
0.0,
0.0,
6.0,
0.0,
0.0,
3.0,
3.0,
2.0,
0.0,
0.0,
8.0,
0.0,
12.0,
148.0,
239.0,
255.0,
235.0,
248.0,
166.0,
0.0,
28.0,
0.0,
9.0,
0.0,
7.0,
0.0,
0.0,
0.0,
0.0,
0.0,
0.0,
0.0,
5.0,
8.0,
0.0,
0.0,
3.0,
0.0,
0.0,
3.0,
177.0,
255.0,
255.0,
253.0,
243.0,
96.0,
3.0,
0.0,
0.0,
11.0,
0.0,
0.0,
8.0,
0.0,
0.0,
0.0,
0.0,
0.0,
0.0,
3.0,
3.0,
0.0,
0.0,
2.0,
11.0,
6.0,
0.0,
56.0,
220.0,
255.0,
233.0,
254.0,
255.0,
117.0,
88.0,
11.0,
0.0,
0.0,
7.0,
0.0,
0.0,
9.0,
0.0,
0.0,
0.0,
0.0,
0.0,
6.0,
0.0,
0.0,
3.0,
3.0,
0.0,
0.0,
135.0,
229.0,
248.0,
255.0,
255.0,
255.0,
245.0,
252.0,
233.0,
214.0,
46.0,
0.0,
3.0,
0.0,
11.0,
0.0,
0.0,
0.0,
0.0,
0.0,
0.0,
7.0,
0.0,
0.0,
15.0,
0.0,
0.0,
23.0,
154.0,
255.0,
255.0,
224.0,
255.0,
245.0,
252.0,
255.0,
255.0,
255.0,
212.0,
18.0,
16.0,
0.0,
13.0,
0.0,
0.0,
0.0,
0.0,
0.0,
0.0,
10.0,
0.0,
0.0,
11.0,
0.0,
17.0,
114.0,
255.0,
255.0,
233.0,
255.0,
221.0,
235.0,
252.0,
255.0,
248.0,
241.0,
252.0,
225.0,
11.0,
0.0,
0.0,
9.0,
0.0,
0.0,
0.0,
0.0,
9.0,
0.0,
0.0,
3.0,
2.0,
2.0,
31.0,
216.0,
246.0,
255.0,
244.0,
192.0,
10.0,
141.0,
246.0,
250.0,
255.0,
255.0,
243.0,
245.0,
112.0,
0.0,
0.0,
0.0,
0.0,
0.0,
0.0,
0.0,
5.0,
3.0,
11.0,
2.0,
0.0,
0.0,
50.0,
255.0,
255.0,
248.0,
244.0,
210.0,
0.0,
0.0,
20.0,
48.0,
228.0,
240.0,
253.0,
255.0,
164.0,
22.0,
0.0,
0.0,
0.0,
0.0,
0.0,
0.0,
0.0,
0.0,
0.0,
0.0,
1.0,
10.0,
58.0,
255.0,
244.0,
255.0,
253.0,
198.0,
96.0,
163.0,
224.0,
219.0,
255.0,
248.0,
255.0,
255.0,
31.0,
0.0,
0.0,
12.0,
0.0,
0.0,
0.0,
0.0,
1.0,
8.0,
0.0,
0.0,
4.0,
1.0,
47.0,
246.0,
250.0,
250.0,
255.0,
255.0,
244.0,
255.0,
255.0,
246.0,
252.0,
242.0,
249.0,
228.0,
10.0,
30.0,
11.0,
0.0,
0.0,
0.0,
0.0,
0.0,
0.0,
9.0,
1.0,
2.0,
0.0,
0.0,
62.0,
255.0,
255.0,
239.0,
241.0,
252.0,
255.0,
233.0,
241.0,
255.0,
252.0,
255.0,
247.0,
116.0,
15.0,
0.0,
0.0,
7.0,
0.0,
0.0,
0.0,
0.0,
0.0,
0.0,
0.0,
2.0,
1.0,
0.0,
40.0,
182.0,
245.0,
255.0,
255.0,
243.0,
255.0,
253.0,
255.0,
251.0,
244.0,
176.0,
106.0,
15.0,
2.0,
0.0,
0.0,
12.0,
0.0,
0.0,
0.0,
0.0,
12.0,
11.0,
0.0,
2.0,
3.0,
0.0,
0.0,
25.0,
9.0,
1.0,
0.0,
0.0,
7.0,
0.0,
0.0,
5.0,
3.0,
0.0,
0.0,
10.0,
0.0,
2.0,
2.0,
0.0,
0.0,
0.0,
0.0,
0.0,
0.0,
6.0,
0.0,
0.0,
0.0,
11.0,
0.0,
0.0,
0.0,
0.0,
3.0,
1.0,
9.0,
0.0,
0.0,
1.0,
0.0,
4.0,
12.0,
0.0,
8.0,
0.0,
6.0,
0.0,
0.0,
0.0,
0.0,
0.0,
0.0,
0.0,
0.0,
0.0,
0.0,
0.0,
0.0,
0.0,
0.0,
0.0,
0.0,
0.0,
0.0,
0.0,
0.0,
0.0,
0.0,
0.0,
0.0,
0.0,
0.0,
0.0,
0.0,
0.0,
0.0,
0.0,
0.0,
0.0,
0.0,
0.0,
0.0,
0.0,
0.0,
0.0,
0.0,
0.0,
0.0,
0.0,
0.0,
0.0,
0.0,
0.0,
0.0,
0.0,
0.0,
0.0,
0.0,
0.0,
0.0,
0.0,
0.0,
0.0,
0.0,
0.0,
0.0,
0.0,
0.0,
0.0,
0.0,
0.0,
0.0,
0.0,
0.0,
0.0,
0.0,
0.0,
0.0,
0.0,
0.0,
0.0,
0.0,
0.0,
0.0,
0.0,
0.0,
0.0,
0.0,
0.0,
0.0,
0.0,
0.0,
0.0,
0.0,
0.0,
0.0,
0.0,
0.0,
0.0,
0.0,
0.0,
0.0,
0.0,
0.0,
0.0,
0.0,
0.0,
0.0,
0.0,
0.0,
0.0,
0.0,
0.0,
0.0,
0.0,
0.0,
0.0,
0.0,
0.0,
0.0,
0.0,
0.0,
0.0,
