0.0,
0.0,
0.0,
0.0,
0.0,
0.0,
0.0,
0.0,
3.0,
5.0,
0.0,
6.0,
0.0,
0.0,
7.0,
0.0,
0.0,
0.0,
0.0,
0.0,
0.0,
0.0,
0.0,
0.0,
0.0,
0.0,
0.0,
0.0,
0.0,
0.0,
0.0,
0.0,
0.0,
0.0,
0.0,
0.0,
0.0,
10.0,
0.0,
0.0,
25.0,
0.0,
0.0,
2.0,
0.0,
0.0,
0.0,
0.0,
0.0,
0.0,
0.0,
0.0,
0.0,
0.0,
0.0,
0.0,
0.0,
0.0,
0.0,
0.0,
0.0,
0.0,
0.0,
0.0,
4.0,
0.0,
0.0,
3.0,
30.0,
227.0,
183.0,
2.0,
0.0,
0.0,
0.0,
0.0,
0.0,
0.0,
0.0,
0.0,
0.0,
0.0,
0.0,
0.0,
0.0,
0.0,
0.0,
0.0,
0.0,
0.0,
0.0,
0.0,
8.0,
0.0,
14.0,
142.0,
255.0,
254.0,
255.0,
55.0,
0.0,
0.0,
0.0,
0.0,
0.0,
0.0,
0.0,
0.0,
0.0,
0.0,
0.0,
0.0,
0.0,
0.0,
0.0,
0.0,
0.0,
0.0,
0.0,
0.0,
0.0,
43.0,
151.0,
255.0,
245.0,
249.0,
242.0,
73.0,
0.0,
0.0,
0.0,
0.0,
0.0,
0.0,
0.0,
0.0,
0.0,
0.0,
0.0,
0.0,
0.0,
0.0,
0.0,
0.0,
0.0,
0.0,
0.0,
0.0,
20.0,
152.0,
251.0,
243.0,
139.0,
63.0,
207.0,
32.0,
0.0,
0.0,
0.0,
0.0,
0.0,
0.0,
0.0,
0.0,
0.0,
0.0,
0.0,
0.0,
0.0,
0.0,
0.0,
0.0,
0.0,
0.0,
0.0,
0.0,
68.0,
255.0,
253.0,
124.0,
8.0,
0.0,
4.0,
2.0,
0.0,
0.0,
0.0,
0.0,
0.0,
0.0,
0.0,
0.0,
0.0,
0.0,
0.0,
0.0,
0.0,
0.0,
0.0,
0.0,
0.0,
0.0,
0.0,
0.0,
218.0,
255.0,
122.0,
13.0,
0.0,
10.0,
0.0,
7.0,
0.0,
0.0,
0.0,
0.0,
0.0,
0.0,
0.0,
0.0,
0.0,
0.0,
0.0,
0.0,
0.0,
2.0,
0.0,
17.0,
0.0,
0.0,
0.0,
39.0,
247.0,
207.0,
36.0,
0.0,
4.0,
12.0,
0.0,
0.0,
0.0,
0.0,
0.0,
0.0,
11.0,
4.0,
0.0,
4.0,
0.0,
0.0,
0.0,
0.0,
1.0,
12.0,
0.0,
0.0,
4.0,
4.0,
3.0,
153.0,
253.0,
158.0,
0.0,
0.0,
0.0,
5.0,
12.0,
0.0,
0.0,
0.0,
19.0,
0.0,
2.0,
3.0,
1.0,
0.0,
0.0,
0.0,
0.0,
0.0,
0.0,
5.0,
0.0,
0.0,
11.0,
5.0,
0.0,
189.0,
246.0,
195.0,
4.0,
3.0,
6.0,
0.0,
0.0,
8.0,
10.0,
3.0,
0.0,
99.0,
196.0,
60.0,
0.0,
0.0,
0.0,
0.0,
0.0,
0.0,
0.0,
0.0,
8.0,
6.0,
0.0,
6.0,
0.0,
170.0,
252.0,
254.0,
36.0,
3.0,
7.0,
0.0,
0.0,
0.0,
0.0,
78.0,
221.0,
237.0,
254.0,
242.0,
94.0,
2.0,
0.0,
0.0,
0.0,
0.0,
5.0,
0.0,
8.0,
0.0,
0.0,
7.0,
6.0,
219.0,
255.0,
247.0,
31.0,
7.0,
0.0,
6.0,
13.0,
0.0,
131.0,
240.0,
245.0,
223.0,
237.0,
255.0,
108.0,
0.0,
0.0,
0.0,
0.0,
0.0,
0.0,
6.0,
3.0,
0.0,
3.0,
3.0,
0.0,
255.0,
255.0,
250.0,
24.0,
2.0,
1.0,
0.0,
2.0,
81.0,
250.0,
243.0,
215.0,
90.0,
38.0,
246.0,
142.0,
0.0,
0.0,
0.0,
0.0,
0.0,
0.0,
8.0,
3.0,
0.0,
9.0,
1.0,
0.0,
206.0,
243.0,
255.0,
33.0,
0.0,
13.0,
0.0,
3.0,
203.0,
255.0,
202.0,
40.0,
0.0,
35.0,
255.0,
232.0,
7.0,
0.0,
0.0,
0.0,
0.0,
4.0,
0.0,
1.0,
1.0,
0.0,
8.0,
0.0,
127.0,
255.0,
252.0,
32.0,
0.0,
1.0,
14.0,
53.0,
255.0,
251.0,
131.0,
0.0,
0.0,
38.0,
238.0,
239.0,
6.0,
0.0,
0.0,
0.0,
0.0,
0.0,
0.0,
2.0,
3.0,
0.0,
0.0,
12.0,
29.0,
243.0,
231.0,
154.0,
6.0,
0.0,
11.0,
88.0,
241.0,
230.0,
38.0,
0.0,
6.0,
25.0,
255.0,
231.0,
1.0,
0.0,
0.0,
0.0,
0.0,
0.0,
0.0,
2.0,
3.0,
0.0,
0.0,
1.0,
11.0,
159.0,
255.0,
235.0,
58.0,
11.0,
0.0,
54.0,
255.0,
232.0,
9.0,
9.0,
8.0,
187.0,
248.0,
105.0,
3.0,
0.0,
0.0,
0.0,
0.0,
0.0,
0.0,
1.0,
3.0,
0.0,
0.0,
0.0,
0.0,
93.0,
239.0,
255.0,
207.0,
39.0,
11.0,
55.0,
248.0,
234.0,
132.0,
4.0,
110.0,
251.0,
254.0,
36.0,
0.0,
0.0,
0.0,
0.0,
0.0,
0.0,
0.0,
0.0,
2.0,
4.0,
2.0,
0.0,
0.0,
0.0,
97.0,
231.0,
255.0,
252.0,
168.0,
171.0,
255.0,
249.0,
255.0,
255.0,
255.0,
231.0,
108.0,
0.0,
8.0,
0.0,
0.0,
0.0,
0.0,
1.0,
0.0,
0.0,
0.0,
2.0,
5.0,
4.0,
2.0,
1.0,
2.0,
102.0,
234.0,
241.0,
255.0,
250.0,
248.0,
255.0,
241.0,
234.0,
254.0,
228.0,
0.0,
19.0,
0.0,
0.0,
0.0,
0.0,
0.0,
2.0,
3.0,
0.0,
0.0,
0.0,
1.0,
1.0,
0.0,
8.0,
0.0,
0.0,
37.0,
236.0,
255.0,
255.0,
254.0,
255.0,
244.0,
186.0,
45.0,
0.0,
11.0,
0.0,
0.0,
0.0,
0.0,
0.0,
0.0,
0.0,
4.0,
3.0,
0.0,
0.0,
0.0,
0.0,
0.0,
0.0,
13.0,
6.0,
6.0,
0.0,
0.0,
0.0,
1.0,
0.0,
8.0,
0.0,
0.0,
10.0,
0.0,
0.0,
16.0,
0.0,
0.0,
0.0,
0.0,
0.0,
3.0,
6.0,
1.0,
0.0,
2.0,
2.0,
0.0,
10.0,
2.0,
0.0,
4.0,
1.0,
3.0,
2.0,
3.0,
0.0,
19.0,
0.0,
11.0,
0.0,
1.0,
0.0,
0.0,
0.0,
0.0,
0.0,
0.0,
0.0,
0.0,
0.0,
0.0,
0.0,
0.0,
0.0,
0.0,
0.0,
0.0,
0.0,
0.0,
0.0,
0.0,
0.0,
0.0,
0.0,
0.0,
0.0,
0.0,
0.0,
0.0,
0.0,
0.0,
0.0,
0.0,
0.0,
0.0,
0.0,
0.0,
0.0,
0.0,
0.0,
0.0,
0.0,
0.0,
0.0,
0.0,
0.0,
0.0,
0.0,
0.0,
0.0,
0.0,
0.0,
0.0,
0.0,
0.0,
0.0,
0.0,
0.0,
0.0,
0.0,
0.0,
0.0,
0.0,
0.0,
0.0,
0.0,
0.0,
0.0,
0.0,
0.0,
0.0,
0.0,
0.0,
0.0,
0.0,
0.0,
0.0,
0.0,
0.0,
0.0,
0.0,
0.0,
0.0,
0.0,
0.0,
0.0,
0.0,
0.0,
0.0,
0.0,
0.0,
0.0,
0.0,
0.0,
0.0,
0.0,
0.0,
0.0,
0.0,
0.0,
0.0,
0.0,
0.0,
0.0,
0.0,
0.0,
0.0,
0.0,
0.0,
0.0,
0.0,
0.0,
0.0,
0.0,
0.0,
0.0,
0.0,
0.0,
0.0,
