0.0,
0.0,
0.0,
0.0,
0.0,
0.0,
0.0,
0.0,
0.0,
0.0,
0.0,
3.0,
0.0,
4.0,
0.0,
1.0,
0.0,
0.0,
2.0,
0.0,
11.0,
0.0,
0.0,
6.0,
0.0,
0.0,
0.0,
0.0,
0.0,
0.0,
0.0,
0.0,
0.0,
0.0,
0.0,
0.0,
0.0,
0.0,
24.0,
0.0,
2.0,
16.0,
0.0,
0.0,
0.0,
18.0,
0.0,
10.0,
0.0,
5.0,
0.0,
2.0,
0.0,
0.0,
0.0,
0.0,
0.0,
0.0,
0.0,
0.0,
0.0,
0.0,
0.0,
0.0,
13.0,
0.0,
0.0,
8.0,
0.0,
0.0,
0.0,
5.0,
0.0,
0.0,
7.0,
0.0,
0.0,
0.0,
4.0,
1.0,
0.0,
0.0,
0.0,
0.0,
0.0,
0.0,
0.0,
0.0,
0.0,
0.0,
0.0,
0.0,
0.0,
10.0,
0.0,
0.0,
0.0,
0.0,
4.0,
47.0,
146.0,
255.0,
50.0,
0.0,
20.0,
1.0,
2.0,
0.0,
0.0,
0.0,
0.0,
0.0,
0.0,
0.0,
0.0,
0.0,
0.0,
0.0,
0.0,
0.0,
0.0,
4.0,
11.0,
0.0,
5.0,
11.0,
0.0,
179.0,
254.0,
247.0,
183.0,
1.0,
8.0,
0.0,
8.0,
16.0,
0.0,
0.0,
0.0,
0.0,
0.0,
0.0,
0.0,
0.0,
0.0,
0.0,
0.0,
0.0,
2.0,
2.0,
0.0,
0.0,
28.0,
0.0,
186.0,
255.0,
251.0,
246.0,
173.0,
5.0,
0.0,
13.0,
6.0,
0.0,
0.0,
0.0,
0.0,
0.0,
0.0,
0.0,
0.0,
0.0,
0.0,
0.0,
0.0,
0.0,
0.0,
0.0,
15.0,
9.0,
0.0,
232.0,
247.0,
252.0,
251.0,
22.0,
24.0,
0.0,
12.0,
0.0,
0.0,
9.0,
0.0,
0.0,
0.0,
0.0,
0.0,
0.0,
0.0,
0.0,
0.0,
0.0,
0.0,
0.0,
3.0,
3.0,
0.0,
12.0,
188.0,
254.0,
254.0,
190.0,
11.0,
5.0,
0.0,
0.0,
5.0,
0.0,
8.0,
0.0,
0.0,
0.0,
0.0,
0.0,
2.0,
3.0,
0.0,
1.0,
7.0,
1.0,
0.0,
3.0,
3.0,
0.0,
0.0,
174.0,
254.0,
245.0,
191.0,
20.0,
0.0,
1.0,
4.0,
10.0,
0.0,
0.0,
4.0,
0.0,
0.0,
0.0,
0.0,
0.0,
0.0,
0.0,
1.0,
2.0,
2.0,
0.0,
1.0,
4.0,
1.0,
6.0,
93.0,
225.0,
250.0,
204.0,
21.0,
0.0,
8.0,
0.0,
5.0,
0.0,
0.0,
9.0,
0.0,
13.0,
0.0,
0.0,
0.0,
0.0,
0.0,
0.0,
2.0,
3.0,
0.0,
0.0,
6.0,
1.0,
6.0,
0.0,
219.0,
255.0,
253.0,
7.0,
5.0,
0.0,
8.0,
8.0,
5.0,
4.0,
0.0,
13.0,
0.0,
0.0,
0.0,
0.0,
0.0,
0.0,
1.0,
0.0,
2.0,
3.0,
0.0,
1.0,
4.0,
0.0,
0.0,
217.0,
254.0,
245.0,
87.0,
0.0,
0.0,
16.0,
21.0,
43.0,
0.0,
40.0,
24.0,
3.0,
5.0,
5.0,
0.0,
0.0,
0.0,
0.0,
4.0,
0.0,
0.0,
2.0,
0.0,
0.0,
0.0,
0.0,
30.0,
240.0,
253.0,
138.0,
0.0,
13.0,
68.0,
191.0,
247.0,
253.0,
255.0,
247.0,
214.0,
16.0,
0.0,
0.0,
0.0,
0.0,
0.0,
0.0,
3.0,
3.0,
0.0,
0.0,
6.0,
0.0,
0.0,
19.0,
152.0,
252.0,
212.0,
21.0,
0.0,
129.0,
239.0,
253.0,
255.0,
250.0,
230.0,
255.0,
244.0,
196.0,
8.0,
3.0,
0.0,
0.0,
0.0,
0.0,
0.0,
7.0,
0.0,
0.0,
10.0,
0.0,
2.0,
60.0,
255.0,
255.0,
87.0,
29.0,
233.0,
251.0,
255.0,
203.0,
135.0,
37.0,
32.0,
81.0,
255.0,
255.0,
73.0,
0.0,
0.0,
0.0,
0.0,
0.0,
0.0,
9.0,
0.0,
0.0,
11.0,
0.0,
8.0,
92.0,
237.0,
255.0,
118.0,
174.0,
255.0,
233.0,
123.0,
8.0,
0.0,
2.0,
14.0,
207.0,
253.0,
221.0,
0.0,
3.0,
0.0,
0.0,
0.0,
0.0,
0.0,
3.0,
6.0,
0.0,
0.0,
8.0,
0.0,
82.0,
255.0,
239.0,
179.0,
255.0,
244.0,
30.0,
2.0,
1.0,
2.0,
0.0,
203.0,
254.0,
247.0,
129.0,
0.0,
0.0,
0.0,
0.0,
0.0,
0.0,
2.0,
0.0,
0.0,
0.0,
0.0,
1.0,
0.0,
103.0,
255.0,
233.0,
216.0,
227.0,
34.0,
0.0,
3.0,
0.0,
0.0,
230.0,
236.0,
250.0,
138.0,
0.0,
9.0,
6.0,
0.0,
0.0,
0.0,
0.0,
6.0,
0.0,
0.0,
6.0,
0.0,
0.0,
5.0,
115.0,
249.0,
234.0,
105.0,
95.0,
0.0,
14.0,
2.0,
93.0,
214.0,
233.0,
245.0,
197.0,
0.0,
0.0,
12.0,
0.0,
0.0,
0.0,
0.0,
0.0,
5.0,
0.0,
0.0,
7.0,
0.0,
0.0,
6.0,
95.0,
255.0,
215.0,
9.0,
0.0,
0.0,
0.0,
109.0,
217.0,
255.0,
240.0,
164.0,
25.0,
0.0,
7.0,
0.0,
6.0,
0.0,
0.0,
0.0,
0.0,
0.0,
0.0,
0.0,
5.0,
0.0,
2.0,
2.0,
50.0,
238.0,
255.0,
116.0,
77.0,
167.0,
155.0,
255.0,
255.0,
240.0,
77.0,
2.0,
0.0,
15.0,
0.0,
17.0,
0.0,
0.0,
0.0,
0.0,
0.0,
0.0,
5.0,
0.0,
4.0,
0.0,
6.0,
0.0,
11.0,
183.0,
240.0,
253.0,
240.0,
254.0,
255.0,
255.0,
140.0,
53.0,
3.0,
17.0,
0.0,
0.0,
3.0,
0.0,
3.0,
0.0,
0.0,
0.0,
0.0,
0.0,
6.0,
0.0,
5.0,
0.0,
4.0,
0.0,
0.0,
23.0,
165.0,
246.0,
255.0,
249.0,
183.0,
55.0,
9.0,
0.0,
2.0,
0.0,
8.0,
19.0,
4.0,
0.0,
0.0,
0.0,
0.0,
0.0,
0.0,
2.0,
5.0,
0.0,
7.0,
0.0,
0.0,
0.0,
0.0,
0.0,
10.0,
0.0,
0.0,
1.0,
9.0,
0.0,
1.0,
0.0,
9.0,
6.0,
0.0,
0.0,
3.0,
8.0,
0.0,
0.0,
0.0,
0.0,
0.0,
0.0,
0.0,
0.0,
0.0,
0.0,
0.0,
0.0,
0.0,
0.0,
0.0,
0.0,
0.0,
0.0,
0.0,
0.0,
0.0,
0.0,
0.0,
0.0,
0.0,
0.0,
0.0,
0.0,
0.0,
0.0,
0.0,
0.0,
0.0,
0.0,
0.0,
0.0,
0.0,
0.0,
0.0,
0.0,
0.0,
0.0,
0.0,
0.0,
0.0,
0.0,
0.0,
0.0,
0.0,
0.0,
0.0,
0.0,
0.0,
0.0,
0.0,
0.0,
0.0,
0.0,
0.0,
0.0,
0.0,
0.0,
0.0,
0.0,
0.0,
0.0,
0.0,
0.0,
0.0,
0.0,
0.0,
0.0,
0.0,
0.0,
0.0,
0.0,
0.0,
0.0,
0.0,
0.0,
0.0,
0.0,
0.0,
0.0,
0.0,
0.0,
0.0,
0.0,
0.0,
0.0,
0.0,
0.0,
0.0,
0.0,
0.0,
0.0,
0.0,
0.0,
0.0,
0.0,
0.0,
0.0,
0.0,
0.0,
0.0,
0.0,
0.0,
0.0,
0.0,
0.0,
0.0,
0.0,
0.0,
0.0,
0.0,
0.0,
0.0,
