0.0,
0.0,
0.0,
0.0,
0.0,
0.0,
0.0,
0.0,
0.0,
0.0,
0.0,
3.0,
4.0,
0.0,
0.0,
0.0,
4.0,
6.0,
0.0,
0.0,
9.0,
0.0,
0.0,
3.0,
0.0,
0.0,
0.0,
0.0,
0.0,
0.0,
0.0,
0.0,
0.0,
0.0,
0.0,
0.0,
0.0,
7.0,
5.0,
0.0,
0.0,
0.0,
6.0,
4.0,
0.0,
4.0,
5.0,
10.0,
0.0,
12.0,
0.0,
9.0,
0.0,
0.0,
0.0,
0.0,
0.0,
0.0,
0.0,
0.0,
0.0,
0.0,
0.0,
0.0,
0.0,
0.0,
0.0,
9.0,
12.0,
2.0,
0.0,
0.0,
6.0,
0.0,
4.0,
0.0,
0.0,
10.0,
0.0,
0.0,
0.0,
0.0,
0.0,
0.0,
0.0,
0.0,
0.0,
0.0,
0.0,
0.0,
0.0,
0.0,
4.0,
1.0,
3.0,
5.0,
0.0,
0.0,
0.0,
14.0,
0.0,
0.0,
0.0,
9.0,
0.0,
11.0,
0.0,
12.0,
0.0,
0.0,
0.0,
0.0,
0.0,
0.0,
0.0,
0.0,
0.0,
0.0,
0.0,
0.0,
7.0,
4.0,
0.0,
0.0,
0.0,
10.0,
5.0,
0.0,
8.0,
57.0,
188.0,
168.0,
255.0,
158.0,
208.0,
105.0,
0.0,
0.0,
0.0,
0.0,
0.0,
0.0,
0.0,
0.0,
0.0,
0.0,
0.0,
0.0,
2.0,
0.0,
0.0,
6.0,
0.0,
0.0,
24.0,
72.0,
210.0,
255.0,
242.0,
236.0,
250.0,
255.0,
255.0,
144.0,
0.0,
0.0,
0.0,
0.0,
0.0,
0.0,
0.0,
0.0,
0.0,
0.0,
0.0,
0.0,
0.0,
0.0,
9.0,
8.0,
0.0,
9.0,
123.0,
248.0,
241.0,
255.0,
250.0,
255.0,
255.0,
255.0,
210.0,
55.0,
0.0,
0.0,
0.0,
0.0,
0.0,
0.0,
0.0,
0.0,
0.0,
0.0,
0.0,
0.0,
0.0,
3.0,
0.0,
0.0,
68.0,
184.0,
252.0,
255.0,
255.0,
200.0,
135.0,
54.0,
42.0,
42.0,
58.0,
0.0,
0.0,
0.0,
0.0,
0.0,
0.0,
0.0,
0.0,
0.0,
0.0,
0.0,
0.0,
0.0,
0.0,
6.0,
0.0,
34.0,
207.0,
255.0,
243.0,
255.0,
147.0,
9.0,
1.0,
17.0,
0.0,
0.0,
10.0,
0.0,
0.0,
0.0,
0.0,
0.0,
0.0,
0.0,
0.0,
0.0,
0.0,
0.0,
0.0,
0.0,
0.0,
0.0,
15.0,
184.0,
247.0,
255.0,
197.0,
68.0,
0.0,
16.0,
0.0,
0.0,
0.0,
18.0,
0.0,
6.0,
0.0,
0.0,
0.0,
0.0,
0.0,
0.0,
0.0,
0.0,
0.0,
0.0,
0.0,
0.0,
12.0,
0.0,
173.0,
246.0,
232.0,
162.0,
2.0,
1.0,
12.0,
0.0,
0.0,
14.0,
0.0,
3.0,
0.0,
5.0,
0.0,
0.0,
0.0,
0.0,
0.0,
0.0,
0.0,
0.0,
0.0,
0.0,
0.0,
0.0,
0.0,
177.0,
234.0,
255.0,
177.0,
0.0,
0.0,
5.0,
0.0,
0.0,
6.0,
8.0,
0.0,
10.0,
0.0,
0.0,
0.0,
0.0,
0.0,
0.0,
0.0,
0.0,
0.0,
0.0,
0.0,
0.0,
0.0,
0.0,
57.0,
250.0,
255.0,
173.0,
0.0,
21.0,
0.0,
5.0,
5.0,
0.0,
3.0,
0.0,
0.0,
0.0,
1.0,
6.0,
0.0,
0.0,
0.0,
0.0,
0.0,
0.0,
0.0,
0.0,
0.0,
0.0,
0.0,
0.0,
95.0,
239.0,
243.0,
89.0,
7.0,
101.0,
83.0,
78.0,
41.0,
0.0,
7.0,
0.0,
9.0,
4.0,
2.0,
0.0,
0.0,
0.0,
0.0,
0.0,
0.0,
0.0,
0.0,
0.0,
0.0,
0.0,
0.0,
0.0,
148.0,
255.0,
254.0,
114.0,
232.0,
254.0,
253.0,
255.0,
252.0,
255.0,
162.0,
14.0,
0.0,
10.0,
0.0,
3.0,
0.0,
0.0,
0.0,
0.0,
0.0,
0.0,
0.0,
0.0,
0.0,
0.0,
0.0,
0.0,
192.0,
251.0,
123.0,
0.0,
195.0,
251.0,
253.0,
249.0,
255.0,
246.0,
255.0,
177.0,
5.0,
0.0,
6.0,
1.0,
0.0,
0.0,
0.0,
0.0,
0.0,
0.0,
0.0,
0.0,
0.0,
0.0,
0.0,
0.0,
162.0,
248.0,
205.0,
0.0,
0.0,
81.0,
75.0,
130.0,
199.0,
246.0,
253.0,
245.0,
112.0,
0.0,
0.0,
1.0,
0.0,
0.0,
0.0,
0.0,
0.0,
0.0,
0.0,
0.0,
0.0,
0.0,
0.0,
0.0,
139.0,
255.0,
211.0,
7.0,
17.0,
0.0,
17.0,
3.0,
7.0,
124.0,
253.0,
255.0,
102.0,
0.0,
14.0,
0.0,
0.0,
0.0,
0.0,
0.0,
0.0,
0.0,
0.0,
0.0,
0.0,
0.0,
0.0,
0.0,
162.0,
255.0,
207.0,
0.0,
3.0,
0.0,
0.0,
0.0,
0.0,
3.0,
252.0,
252.0,
158.0,
0.0,
4.0,
0.0,
0.0,
0.0,
0.0,
0.0,
0.0,
0.0,
0.0,
0.0,
0.0,
0.0,
0.0,
0.0,
143.0,
237.0,
249.0,
99.0,
0.0,
12.0,
11.0,
3.0,
13.0,
28.0,
255.0,
247.0,
128.0,
0.0,
0.0,
8.0,
0.0,
0.0,
0.0,
0.0,
0.0,
0.0,
0.0,
0.0,
0.0,
0.0,
0.0,
0.0,
133.0,
255.0,
247.0,
246.0,
140.0,
45.0,
8.0,
31.0,
52.0,
246.0,
255.0,
255.0,
0.0,
4.0,
0.0,
0.0,
0.0,
0.0,
0.0,
0.0,
0.0,
0.0,
0.0,
0.0,
0.0,
0.0,
0.0,
0.0,
0.0,
163.0,
248.0,
252.0,
255.0,
254.0,
220.0,
215.0,
255.0,
250.0,
239.0,
71.0,
0.0,
4.0,
0.0,
0.0,
0.0,
0.0,
0.0,
0.0,
0.0,
0.0,
0.0,
0.0,
0.0,
0.0,
0.0,
0.0,
3.0,
0.0,
184.0,
255.0,
246.0,
248.0,
253.0,
255.0,
238.0,
157.0,
0.0,
13.0,
0.0,
0.0,
23.0,
0.0,
0.0,
0.0,
0.0,
0.0,
0.0,
0.0,
0.0,
0.0,
0.0,
0.0,
0.0,
0.0,
3.0,
0.0,
12.0,
45.0,
152.0,
200.0,
157.0,
102.0,
49.0,
0.0,
5.0,
6.0,
0.0,
0.0,
0.0,
2.0,
0.0,
0.0,
0.0,
0.0,
0.0,
0.0,
0.0,
0.0,
0.0,
0.0,
0.0,
0.0,
0.0,
0.0,
0.0,
0.0,
0.0,
0.0,
0.0,
0.0,
0.0,
0.0,
0.0,
0.0,
0.0,
0.0,
0.0,
0.0,
0.0,
0.0,
0.0,
0.0,
0.0,
0.0,
0.0,
0.0,
0.0,
0.0,
0.0,
0.0,
0.0,
0.0,
0.0,
0.0,
0.0,
0.0,
0.0,
0.0,
0.0,
0.0,
0.0,
0.0,
0.0,
0.0,
0.0,
0.0,
0.0,
0.0,
0.0,
0.0,
0.0,
0.0,
0.0,
0.0,
0.0,
0.0,
0.0,
0.0,
0.0,
0.0,
0.0,
0.0,
0.0,
0.0,
0.0,
0.0,
0.0,
0.0,
0.0,
0.0,
0.0,
0.0,
0.0,
0.0,
0.0,
0.0,
0.0,
0.0,
0.0,
0.0,
0.0,
0.0,
0.0,
0.0,
0.0,
0.0,
0.0,
0.0,
0.0,
0.0,
0.0,
0.0,
0.0,
0.0,
0.0,
0.0,
0.0,
0.0,
0.0,
0.0,
0.0,
0.0,
0.0,
0.0,
0.0,
0.0,
