0.0,
0.0,
0.0,
0.0,
0.0,
0.0,
0.0,
0.0,
0.0,
2.0,
0.0,
0.0,
2.0,
17.0,
0.0,
1.0,
0.0,
15.0,
0.0,
18.0,
0.0,
4.0,
9.0,
0.0,
0.0,
0.0,
0.0,
0.0,
0.0,
0.0,
0.0,
0.0,
0.0,
0.0,
0.0,
0.0,
0.0,
9.0,
0.0,
3.0,
0.0,
0.0,
5.0,
1.0,
10.0,
0.0,
0.0,
0.0,
7.0,
3.0,
0.0,
20.0,
0.0,
0.0,
0.0,
0.0,
0.0,
0.0,
0.0,
0.0,
0.0,
0.0,
0.0,
0.0,
0.0,
4.0,
0.0,
14.0,
0.0,
7.0,
21.0,
0.0,
0.0,
9.0,
16.0,
0.0,
0.0,
4.0,
0.0,
0.0,
0.0,
0.0,
0.0,
0.0,
0.0,
0.0,
0.0,
0.0,
0.0,
0.0,
0.0,
0.0,
4.0,
4.0,
0.0,
7.0,
0.0,
0.0,
0.0,
0.0,
31.0,
186.0,
236.0,
177.0,
17.0,
0.0,
10.0,
15.0,
0.0,
0.0,
0.0,
0.0,
0.0,
0.0,
0.0,
0.0,
0.0,
0.0,
0.0,
0.0,
0.0,
4.0,
2.0,
0.0,
0.0,
0.0,
0.0,
113.0,
190.0,
237.0,
250.0,
171.0,
8.0,
8.0,
2.0,
0.0,
0.0,
0.0,
0.0,
0.0,
0.0,
0.0,
0.0,
0.0,
0.0,
0.0,
0.0,
0.0,
0.0,
1.0,
3.0,
0.0,
12.0,
7.0,
0.0,
176.0,
254.0,
243.0,
255.0,
119.0,
0.0,
4.0,
3.0,
5.0,
0.0,
0.0,
0.0,
0.0,
0.0,
0.0,
0.0,
0.0,
0.0,
0.0,
0.0,
0.0,
5.0,
5.0,
0.0,
0.0,
2.0,
0.0,
1.0,
165.0,
252.0,
255.0,
244.0,
113.0,
17.0,
8.0,
0.0,
0.0,
0.0,
0.0,
0.0,
0.0,
0.0,
0.0,
0.0,
0.0,
0.0,
0.0,
0.0,
0.0,
0.0,
4.0,
0.0,
8.0,
0.0,
7.0,
78.0,
242.0,
253.0,
229.0,
45.0,
26.0,
1.0,
0.0,
6.0,
5.0,
0.0,
0.0,
0.0,
0.0,
0.0,
0.0,
0.0,
0.0,
0.0,
0.0,
0.0,
0.0,
0.0,
0.0,
2.0,
0.0,
4.0,
97.0,
167.0,
253.0,
219.0,
51.0,
4.0,
6.0,
0.0,
4.0,
0.0,
9.0,
0.0,
0.0,
0.0,
0.0,
0.0,
0.0,
0.0,
0.0,
0.0,
0.0,
0.0,
0.0,
4.0,
6.0,
0.0,
10.0,
0.0,
186.0,
255.0,
221.0,
44.0,
0.0,
8.0,
0.0,
0.0,
8.0,
5.0,
0.0,
0.0,
0.0,
0.0,
0.0,
0.0,
0.0,
0.0,
0.0,
0.0,
0.0,
0.0,
0.0,
3.0,
0.0,
2.0,
0.0,
56.0,
202.0,
255.0,
85.0,
10.0,
0.0,
1.0,
3.0,
1.0,
10.0,
10.0,
0.0,
0.0,
0.0,
0.0,
0.0,
0.0,
0.0,
0.0,
0.0,
0.0,
0.0,
0.0,
0.0,
0.0,
19.0,
0.0,
16.0,
225.0,
246.0,
233.0,
97.0,
0.0,
0.0,
0.0,
5.0,
5.0,
0.0,
0.0,
2.0,
0.0,
0.0,
0.0,
0.0,
0.0,
0.0,
0.0,
0.0,
0.0,
0.0,
0.0,
0.0,
8.0,
0.0,
17.0,
198.0,
247.0,
255.0,
213.0,
64.0,
14.0,
18.0,
0.0,
0.0,
3.0,
2.0,
2.0,
0.0,
0.0,
0.0,
0.0,
0.0,
0.0,
0.0,
0.0,
0.0,
0.0,
0.0,
0.0,
0.0,
0.0,
6.0,
73.0,
248.0,
247.0,
251.0,
164.0,
101.0,
0.0,
0.0,
0.0,
7.0,
8.0,
0.0,
0.0,
14.0,
0.0,
0.0,
0.0,
0.0,
0.0,
0.0,
0.0,
0.0,
0.0,
0.0,
0.0,
0.0,
3.0,
13.0,
166.0,
233.0,
250.0,
255.0,
255.0,
254.0,
255.0,
148.0,
52.0,
0.0,
0.0,
16.0,
0.0,
0.0,
0.0,
0.0,
0.0,
0.0,
0.0,
0.0,
0.0,
0.0,
0.0,
0.0,
0.0,
0.0,
0.0,
44.0,
254.0,
254.0,
255.0,
245.0,
241.0,
255.0,
247.0,
252.0,
230.0,
87.0,
0.0,
1.0,
0.0,
7.0,
0.0,
0.0,
0.0,
0.0,
0.0,
0.0,
0.0,
0.0,
0.0,
0.0,
0.0,
0.0,
0.0,
204.0,
255.0,
255.0,
243.0,
255.0,
233.0,
202.0,
225.0,
249.0,
242.0,
148.0,
5.0,
0.0,
11.0,
3.0,
0.0,
0.0,
0.0,
0.0,
0.0,
0.0,
0.0,
0.0,
0.0,
0.0,
0.0,
0.0,
0.0,
224.0,
249.0,
236.0,
254.0,
251.0,
165.0,
0.0,
30.0,
200.0,
255.0,
255.0,
57.0,
2.0,
4.0,
0.0,
0.0,
0.0,
0.0,
0.0,
0.0,
0.0,
0.0,
0.0,
0.0,
0.0,
0.0,
0.0,
5.0,
72.0,
243.0,
255.0,
252.0,
255.0,
125.0,
11.0,
32.0,
171.0,
241.0,
220.0,
33.0,
0.0,
0.0,
14.0,
0.0,
0.0,
0.0,
0.0,
0.0,
0.0,
0.0,
0.0,
0.0,
0.0,
0.0,
0.0,
0.0,
43.0,
255.0,
255.0,
245.0,
255.0,
94.0,
117.0,
254.0,
250.0,
255.0,
123.0,
9.0,
11.0,
0.0,
0.0,
0.0,
0.0,
0.0,
0.0,
0.0,
0.0,
0.0,
0.0,
0.0,
0.0,
0.0,
0.0,
0.0,
0.0,
131.0,
255.0,
234.0,
254.0,
255.0,
255.0,
241.0,
255.0,
255.0,
101.0,
0.0,
8.0,
0.0,
0.0,
0.0,
0.0,
0.0,
0.0,
0.0,
0.0,
0.0,
0.0,
0.0,
0.0,
0.0,
0.0,
2.0,
10.0,
9.0,
200.0,
255.0,
253.0,
246.0,
240.0,
255.0,
247.0,
166.0,
101.0,
3.0,
0.0,
0.0,
5.0,
0.0,
0.0,
0.0,
0.0,
0.0,
0.0,
0.0,
0.0,
0.0,
0.0,
0.0,
0.0,
10.0,
0.0,
0.0,
63.0,
139.0,
245.0,
255.0,
251.0,
193.0,
101.0,
0.0,
2.0,
10.0,
1.0,
7.0,
0.0,
0.0,
0.0,
0.0,
0.0,
0.0,
0.0,
0.0,
0.0,
0.0,
0.0,
0.0,
0.0,
0.0,
0.0,
5.0,
0.0,
15.0,
8.0,
0.0,
7.0,
5.0,
0.0,
8.0,
0.0,
7.0,
0.0,
2.0,
0.0,
0.0,
0.0,
0.0,
0.0,
0.0,
0.0,
0.0,
0.0,
0.0,
0.0,
0.0,
0.0,
0.0,
0.0,
0.0,
0.0,
0.0,
0.0,
0.0,
0.0,
0.0,
0.0,
0.0,
0.0,
0.0,
0.0,
0.0,
0.0,
0.0,
0.0,
0.0,
0.0,
0.0,
0.0,
0.0,
0.0,
0.0,
0.0,
0.0,
0.0,
0.0,
0.0,
0.0,
0.0,
0.0,
0.0,
0.0,
0.0,
0.0,
0.0,
0.0,
0.0,
0.0,
0.0,
0.0,
0.0,
0.0,
0.0,
0.0,
0.0,
0.0,
0.0,
0.0,
0.0,
0.0,
0.0,
0.0,
0.0,
0.0,
0.0,
0.0,
0.0,
0.0,
0.0,
0.0,
0.0,
0.0,
0.0,
0.0,
0.0,
0.0,
0.0,
0.0,
0.0,
0.0,
0.0,
0.0,
0.0,
0.0,
0.0,
0.0,
0.0,
0.0,
0.0,
0.0,
0.0,
0.0,
0.0,
0.0,
0.0,
0.0,
0.0,
0.0,
0.0,
0.0,
0.0,
0.0,
0.0,
0.0,
0.0,
0.0,
0.0,
0.0,
0.0,
0.0,
0.0,
