0.0,
5.0,
1.0,
0.0,
1.0,
4.0,
0.0,
0.0,
2.0,
0.0,
0.0,
0.0,
5.0,
0.0,
0.0,
1.0,
0.0,
0.0,
0.0,
0.0,
0.0,
0.0,
0.0,
0.0,
0.0,
0.0,
0.0,
0.0,
0.0,
0.0,
1.0,
4.0,
3.0,
0.0,
0.0,
0.0,
0.0,
4.0,
12.0,
6.0,
2.0,
0.0,
20.0,
0.0,
0.0,
0.0,
0.0,
0.0,
0.0,
0.0,
0.0,
0.0,
0.0,
0.0,
0.0,
0.0,
4.0,
0.0,
0.0,
7.0,
0.0,
0.0,
0.0,
1.0,
0.0,
102.0,
248.0,
140.0,
118.0,
11.0,
0.0,
0.0,
0.0,
0.0,
0.0,
0.0,
0.0,
0.0,
0.0,
0.0,
0.0,
0.0,
0.0,
0.0,
8.0,
0.0,
0.0,
2.0,
0.0,
0.0,
5.0,
2.0,
73.0,
225.0,
246.0,
239.0,
237.0,
134.0,
0.0,
6.0,
0.0,
0.0,
0.0,
0.0,
0.0,
0.0,
0.0,
0.0,
0.0,
0.0,
0.0,
0.0,
2.0,
0.0,
0.0,
0.0,
0.0,
2.0,
3.0,
0.0,
171.0,
255.0,
253.0,
39.0,
144.0,
201.0,
48.0,
1.0,
0.0,
0.0,
0.0,
0.0,
0.0,
0.0,
0.0,
0.0,
0.0,
0.0,
0.0,
0.0,
0.0,
4.0,
2.0,
0.0,
3.0,
0.0,
0.0,
2.0,
200.0,
249.0,
153.0,
3.0,
0.0,
17.0,
0.0,
0.0,
0.0,
0.0,
0.0,
0.0,
0.0,
0.0,
0.0,
0.0,
0.0,
0.0,
0.0,
0.0,
0.0,
7.0,
0.0,
0.0,
10.0,
0.0,
0.0,
50.0,
236.0,
240.0,
142.0,
3.0,
8.0,
0.0,
10.0,
3.0,
0.0,
0.0,
0.0,
0.0,
0.0,
0.0,
0.0,
0.0,
0.0,
0.0,
0.0,
0.0,
1.0,
8.0,
0.0,
0.0,
11.0,
0.0,
8.0,
103.0,
255.0,
255.0,
18.0,
0.0,
6.0,
1.0,
3.0,
0.0,
0.0,
0.0,
0.0,
0.0,
0.0,
0.0,
0.0,
0.0,
0.0,
0.0,
0.0,
0.0,
0.0,
3.0,
0.0,
0.0,
3.0,
6.0,
0.0,
172.0,
254.0,
189.0,
11.0,
0.0,
0.0,
0.0,
1.0,
3.0,
5.0,
2.0,
0.0,
0.0,
8.0,
0.0,
0.0,
1.0,
0.0,
11.0,
0.0,
0.0,
0.0,
3.0,
0.0,
0.0,
0.0,
8.0,
15.0,
218.0,
252.0,
170.0,
0.0,
0.0,
2.0,
1.0,
0.0,
0.0,
0.0,
0.0,
16.0,
8.0,
1.0,
0.0,
0.0,
0.0,
0.0,
0.0,
1.0,
0.0,
0.0,
3.0,
0.0,
1.0,
0.0,
4.0,
28.0,
254.0,
251.0,
157.0,
0.0,
3.0,
3.0,
2.0,
0.0,
0.0,
6.0,
0.0,
0.0,
1.0,
82.0,
94.0,
116.0,
20.0,
18.0,
0.0,
5.0,
0.0,
0.0,
0.0,
1.0,
6.0,
0.0,
0.0,
21.0,
255.0,
253.0,
160.0,
6.0,
4.0,
0.0,
0.0,
0.0,
5.0,
0.0,
11.0,
77.0,
225.0,
237.0,
255.0,
239.0,
243.0,
85.0,
1.0,
5.0,
3.0,
1.0,
0.0,
0.0,
7.0,
0.0,
0.0,
20.0,
253.0,
253.0,
162.0,
8.0,
0.0,
0.0,
7.0,
0.0,
0.0,
0.0,
69.0,
253.0,
246.0,
240.0,
232.0,
242.0,
247.0,
151.0,
7.0,
0.0,
0.0,
3.0,
0.0,
0.0,
3.0,
1.0,
5.0,
29.0,
255.0,
251.0,
159.0,
2.0,
0.0,
4.0,
14.0,
0.0,
11.0,
126.0,
227.0,
241.0,
182.0,
52.0,
7.0,
176.0,
255.0,
173.0,
2.0,
0.0,
0.0,
0.0,
1.0,
0.0,
2.0,
0.0,
5.0,
25.0,
249.0,
253.0,
165.0,
8.0,
0.0,
5.0,
3.0,
0.0,
80.0,
236.0,
255.0,
80.0,
0.0,
0.0,
26.0,
255.0,
243.0,
152.0,
0.0,
0.0,
0.0,
0.0,
2.0,
3.0,
4.0,
0.0,
0.0,
10.0,
227.0,
255.0,
177.0,
24.0,
3.0,
0.0,
0.0,
10.0,
157.0,
255.0,
198.0,
0.0,
11.0,
46.0,
208.0,
253.0,
255.0,
125.0,
0.0,
14.0,
0.0,
0.0,
0.0,
10.0,
0.0,
2.0,
0.0,
16.0,
153.0,
244.0,
255.0,
17.0,
14.0,
0.0,
0.0,
0.0,
225.0,
243.0,
112.0,
3.0,
39.0,
178.0,
255.0,
234.0,
139.0,
0.0,
0.0,
0.0,
0.0,
5.0,
0.0,
3.0,
0.0,
4.0,
0.0,
0.0,
58.0,
242.0,
255.0,
198.0,
6.0,
5.0,
6.0,
5.0,
239.0,
255.0,
136.0,
159.0,
255.0,
255.0,
202.0,
118.0,
1.0,
0.0,
0.0,
0.0,
0.0,
2.0,
0.0,
2.0,
0.0,
6.0,
13.0,
0.0,
0.0,
160.0,
254.0,
241.0,
185.0,
23.0,
0.0,
0.0,
149.0,
242.0,
255.0,
248.0,
253.0,
227.0,
103.0,
0.0,
0.0,
0.0,
0.0,
0.0,
0.0,
0.0,
0.0,
8.0,
1.0,
0.0,
11.0,
1.0,
2.0,
22.0,
212.0,
255.0,
250.0,
200.0,
158.0,
175.0,
228.0,
255.0,
250.0,
255.0,
197.0,
48.0,
0.0,
12.0,
0.0,
0.0,
0.0,
0.0,
0.0,
5.0,
0.0,
7.0,
4.0,
0.0,
0.0,
0.0,
4.0,
9.0,
62.0,
255.0,
247.0,
251.0,
252.0,
247.0,
234.0,
240.0,
165.0,
62.0,
5.0,
2.0,
3.0,
0.0,
2.0,
0.0,
0.0,
0.0,
0.0,
7.0,
0.0,
0.0,
2.0,
0.0,
0.0,
0.0,
0.0,
0.0,
32.0,
0.0,
155.0,
255.0,
241.0,
247.0,
165.0,
21.0,
15.0,
1.0,
0.0,
4.0,
0.0,
0.0,
0.0,
0.0,
0.0,
0.0,
0.0,
0.0,
0.0,
0.0,
0.0,
3.0,
3.0,
4.0,
0.0,
1.0,
0.0,
4.0,
0.0,
0.0,
6.0,
19.0,
0.0,
0.0,
0.0,
5.0,
2.0,
0.0,
0.0,
8.0,
1.0,
0.0,
0.0,
0.0,
0.0,
0.0,
10.0,
3.0,
0.0,
0.0,
0.0,
3.0,
0.0,
0.0,
0.0,
4.0,
0.0,
7.0,
0.0,
0.0,
12.0,
4.0,
5.0,
0.0,
0.0,
11.0,
0.0,
0.0,
2.0,
0.0,
0.0,
0.0,
0.0,
0.0,
0.0,
0.0,
0.0,
0.0,
0.0,
0.0,
0.0,
0.0,
0.0,
0.0,
0.0,
0.0,
0.0,
0.0,
0.0,
0.0,
0.0,
0.0,
0.0,
0.0,
0.0,
0.0,
0.0,
0.0,
0.0,
0.0,
0.0,
0.0,
0.0,
0.0,
0.0,
0.0,
0.0,
0.0,
0.0,
0.0,
0.0,
0.0,
0.0,
0.0,
0.0,
0.0,
0.0,
0.0,
0.0,
0.0,
0.0,
0.0,
0.0,
0.0,
0.0,
0.0,
0.0,
0.0,
0.0,
0.0,
0.0,
0.0,
0.0,
0.0,
0.0,
0.0,
0.0,
0.0,
0.0,
0.0,
0.0,
0.0,
0.0,
0.0,
0.0,
0.0,
0.0,
0.0,
0.0,
0.0,
0.0,
0.0,
0.0,
0.0,
0.0,
0.0,
0.0,
0.0,
0.0,
0.0,
0.0,
0.0,
0.0,
0.0,
0.0,
0.0,
0.0,
0.0,
0.0,
0.0,
0.0,
0.0,
0.0,
0.0,
0.0,
0.0,
0.0,
0.0,
0.0,
0.0,
0.0,
0.0,
0.0,
0.0,
0.0,
