0.0,
0.0,
0.0,
0.0,
0.0,
0.0,
0.0,
0.0,
2.0,
0.0,
3.0,
5.0,
0.0,
0.0,
0.0,
1.0,
0.0,
5.0,
0.0,
5.0,
0.0,
0.0,
3.0,
0.0,
0.0,
0.0,
0.0,
0.0,
0.0,
0.0,
0.0,
0.0,
0.0,
0.0,
0.0,
0.0,
5.0,
3.0,
0.0,
12.0,
6.0,
0.0,
5.0,
2.0,
10.0,
0.0,
0.0,
0.0,
17.0,
0.0,
0.0,
3.0,
0.0,
0.0,
0.0,
0.0,
0.0,
0.0,
0.0,
0.0,
0.0,
0.0,
0.0,
0.0,
1.0,
1.0,
0.0,
0.0,
0.0,
6.0,
4.0,
108.0,
223.0,
255.0,
82.0,
0.0,
9.0,
0.0,
7.0,
3.0,
0.0,
0.0,
0.0,
0.0,
0.0,
0.0,
0.0,
0.0,
0.0,
0.0,
0.0,
0.0,
0.0,
9.0,
2.0,
30.0,
0.0,
50.0,
181.0,
241.0,
255.0,
246.0,
206.0,
13.0,
4.0,
0.0,
18.0,
0.0,
0.0,
0.0,
0.0,
0.0,
0.0,
0.0,
0.0,
0.0,
0.0,
0.0,
0.0,
0.0,
11.0,
1.0,
0.0,
6.0,
95.0,
226.0,
239.0,
255.0,
242.0,
206.0,
81.0,
4.0,
1.0,
0.0,
0.0,
13.0,
0.0,
0.0,
0.0,
0.0,
0.0,
0.0,
0.0,
0.0,
0.0,
0.0,
0.0,
0.0,
0.0,
6.0,
6.0,
110.0,
238.0,
255.0,
255.0,
241.0,
140.0,
0.0,
19.0,
0.0,
9.0,
16.0,
3.0,
0.0,
0.0,
0.0,
0.0,
0.0,
0.0,
0.0,
0.0,
0.0,
0.0,
0.0,
0.0,
0.0,
2.0,
5.0,
188.0,
255.0,
245.0,
244.0,
255.0,
195.0,
15.0,
11.0,
5.0,
11.0,
0.0,
0.0,
0.0,
4.0,
0.0,
0.0,
0.0,
0.0,
0.0,
0.0,
0.0,
0.0,
0.0,
0.0,
0.0,
0.0,
81.0,
181.0,
255.0,
234.0,
255.0,
255.0,
178.0,
2.0,
2.0,
0.0,
0.0,
0.0,
0.0,
3.0,
5.0,
0.0,
0.0,
0.0,
0.0,
0.0,
0.0,
6.0,
4.0,
0.0,
13.0,
0.0,
2.0,
0.0,
172.0,
255.0,
255.0,
249.0,
243.0,
112.0,
0.0,
15.0,
0.0,
3.0,
8.0,
5.0,
0.0,
0.0,
0.0,
5.0,
0.0,
0.0,
2.0,
8.0,
2.0,
0.0,
0.0,
0.0,
0.0,
27.0,
0.0,
98.0,
236.0,
243.0,
255.0,
225.0,
179.0,
16.0,
0.0,
0.0,
5.0,
0.0,
0.0,
0.0,
3.0,
3.0,
0.0,
0.0,
8.0,
1.0,
0.0,
0.0,
2.0,
3.0,
0.0,
0.0,
2.0,
0.0,
92.0,
218.0,
251.0,
239.0,
255.0,
72.0,
1.0,
0.0,
2.0,
11.0,
0.0,
3.0,
9.0,
10.0,
3.0,
0.0,
0.0,
8.0,
0.0,
0.0,
0.0,
0.0,
4.0,
0.0,
2.0,
4.0,
5.0,
0.0,
231.0,
255.0,
255.0,
255.0,
99.0,
13.0,
0.0,
0.0,
0.0,
0.0,
7.0,
3.0,
0.0,
0.0,
0.0,
4.0,
1.0,
0.0,
0.0,
0.0,
4.0,
0.0,
4.0,
0.0,
6.0,
12.0,
0.0,
177.0,
249.0,
250.0,
238.0,
248.0,
13.0,
0.0,
3.0,
8.0,
7.0,
0.0,
0.0,
0.0,
0.0,
19.0,
123.0,
239.0,
239.0,
162.0,
18.0,
0.0,
5.0,
0.0,
0.0,
3.0,
9.0,
0.0,
0.0,
255.0,
236.0,
253.0,
255.0,
133.0,
0.0,
4.0,
8.0,
0.0,
0.0,
17.0,
14.0,
2.0,
51.0,
162.0,
241.0,
251.0,
245.0,
255.0,
84.0,
10.0,
0.0,
0.0,
0.0,
15.0,
3.0,
0.0,
2.0,
253.0,
255.0,
255.0,
243.0,
86.0,
0.0,
0.0,
8.0,
3.0,
16.0,
0.0,
106.0,
183.0,
244.0,
250.0,
249.0,
255.0,
255.0,
241.0,
119.0,
7.0,
0.0,
2.0,
9.0,
0.0,
0.0,
14.0,
0.0,
250.0,
255.0,
245.0,
219.0,
0.0,
17.0,
2.0,
0.0,
12.0,
5.0,
174.0,
241.0,
250.0,
255.0,
254.0,
247.0,
245.0,
248.0,
252.0,
114.0,
0.0,
0.0,
14.0,
0.0,
2.0,
0.0,
0.0,
11.0,
255.0,
241.0,
250.0,
233.0,
68.0,
2.0,
2.0,
11.0,
0.0,
133.0,
255.0,
241.0,
255.0,
251.0,
161.0,
182.0,
243.0,
255.0,
250.0,
110.0,
5.0,
0.0,
11.0,
6.0,
0.0,
16.0,
0.0,
0.0,
252.0,
255.0,
255.0,
255.0,
244.0,
115.0,
8.0,
0.0,
98.0,
255.0,
247.0,
252.0,
248.0,
174.0,
115.0,
249.0,
255.0,
251.0,
238.0,
61.0,
0.0,
0.0,
5.0,
9.0,
0.0,
3.0,
0.0,
10.0,
210.0,
238.0,
251.0,
255.0,
242.0,
255.0,
230.0,
209.0,
250.0,
251.0,
252.0,
255.0,
239.0,
248.0,
254.0,
254.0,
245.0,
226.0,
74.0,
11.0,
0.0,
4.0,
1.0,
0.0,
24.0,
0.0,
12.0,
0.0,
37.0,
187.0,
255.0,
255.0,
250.0,
250.0,
255.0,
255.0,
233.0,
255.0,
255.0,
238.0,
255.0,
241.0,
255.0,
247.0,
207.0,
78.0,
0.0,
0.0,
2.0,
7.0,
1.0,
6.0,
0.0,
21.0,
0.0,
0.0,
4.0,
32.0,
188.0,
240.0,
248.0,
252.0,
229.0,
255.0,
255.0,
255.0,
231.0,
254.0,
231.0,
234.0,
228.0,
79.0,
22.0,
0.0,
15.0,
0.0,
6.0,
0.0,
0.0,
0.0,
11.0,
0.0,
4.0,
30.0,
0.0,
0.0,
17.0,
73.0,
120.0,
255.0,
254.0,
255.0,
238.0,
231.0,
255.0,
255.0,
127.0,
43.0,
2.0,
0.0,
9.0,
0.0,
0.0,
3.0,
4.0,
0.0,
0.0,
0.0,
13.0,
0.0,
1.0,
0.0,
0.0,
0.0,
0.0,
0.0,
1.0,
0.0,
0.0,
12.0,
0.0,
12.0,
0.0,
0.0,
0.0,
10.0,
0.0,
0.0,
0.0,
2.0,
9.0,
0.0,
3.0,
0.0,
0.0,
7.0,
0.0,
8.0,
10.0,
0.0,
14.0,
8.0,
0.0,
3.0,
0.0,
14.0,
0.0,
0.0,
13.0,
0.0,
5.0,
1.0,
8.0,
0.0,
13.0,
0.0,
0.0,
6.0,
0.0,
0.0,
6.0,
0.0,
4.0,
0.0,
0.0,
0.0,
0.0,
0.0,
0.0,
0.0,
0.0,
0.0,
0.0,
0.0,
0.0,
0.0,
0.0,
0.0,
0.0,
0.0,
0.0,
0.0,
0.0,
0.0,
0.0,
0.0,
0.0,
0.0,
0.0,
0.0,
0.0,
0.0,
0.0,
0.0,
0.0,
0.0,
0.0,
0.0,
0.0,
0.0,
0.0,
0.0,
0.0,
0.0,
0.0,
0.0,
0.0,
0.0,
0.0,
0.0,
0.0,
0.0,
0.0,
0.0,
0.0,
0.0,
0.0,
0.0,
0.0,
0.0,
0.0,
0.0,
0.0,
0.0,
0.0,
0.0,
0.0,
0.0,
0.0,
0.0,
0.0,
0.0,
0.0,
0.0,
0.0,
0.0,
0.0,
0.0,
0.0,
0.0,
0.0,
0.0,
0.0,
0.0,
0.0,
0.0,
0.0,
0.0,
0.0,
0.0,
0.0,
0.0,
0.0,
0.0,
0.0,
0.0,
0.0,
0.0,
0.0,
0.0,
0.0,
0.0,
0.0,
0.0,
0.0,
0.0,
0.0,
0.0,
0.0,
0.0,
0.0,
0.0,
0.0,
0.0,
0.0,
