0.0,
0.0,
0.0,
0.0,
0.0,
0.0,
0.0,
0.0,
0.0,
2.0,
9.0,
0.0,
11.0,
4.0,
0.0,
2.0,
0.0,
8.0,
0.0,
0.0,
0.0,
0.0,
5.0,
7.0,
0.0,
0.0,
0.0,
0.0,
0.0,
0.0,
0.0,
0.0,
0.0,
0.0,
0.0,
0.0,
0.0,
4.0,
0.0,
16.0,
0.0,
0.0,
8.0,
4.0,
5.0,
0.0,
6.0,
13.0,
6.0,
0.0,
0.0,
0.0,
0.0,
0.0,
0.0,
0.0,
0.0,
0.0,
0.0,
0.0,
0.0,
0.0,
0.0,
0.0,
0.0,
12.0,
0.0,
0.0,
23.0,
16.0,
44.0,
251.0,
124.0,
3.0,
0.0,
0.0,
7.0,
6.0,
8.0,
0.0,
0.0,
0.0,
0.0,
0.0,
0.0,
0.0,
0.0,
0.0,
0.0,
0.0,
0.0,
0.0,
0.0,
0.0,
0.0,
0.0,
0.0,
67.0,
253.0,
255.0,
148.0,
0.0,
0.0,
0.0,
1.0,
0.0,
8.0,
0.0,
0.0,
0.0,
0.0,
0.0,
0.0,
0.0,
0.0,
0.0,
0.0,
0.0,
0.0,
0.0,
0.0,
6.0,
14.0,
3.0,
126.0,
248.0,
255.0,
243.0,
167.0,
8.0,
10.0,
1.0,
1.0,
0.0,
5.0,
0.0,
0.0,
0.0,
0.0,
0.0,
0.0,
0.0,
0.0,
0.0,
0.0,
0.0,
0.0,
0.0,
0.0,
0.0,
0.0,
138.0,
253.0,
254.0,
255.0,
255.0,
140.0,
14.0,
0.0,
0.0,
3.0,
2.0,
7.0,
0.0,
0.0,
0.0,
0.0,
0.0,
0.0,
0.0,
0.0,
0.0,
0.0,
0.0,
0.0,
0.0,
15.0,
2.0,
93.0,
243.0,
255.0,
255.0,
250.0,
187.0,
0.0,
0.0,
0.0,
7.0,
3.0,
0.0,
0.0,
2.0,
0.0,
0.0,
0.0,
0.0,
0.0,
0.0,
0.0,
0.0,
0.0,
0.0,
0.0,
0.0,
0.0,
0.0,
129.0,
255.0,
254.0,
255.0,
250.0,
6.0,
1.0,
10.0,
0.0,
0.0,
1.0,
0.0,
0.0,
0.0,
0.0,
0.0,
0.0,
0.0,
0.0,
0.0,
0.0,
0.0,
0.0,
0.0,
0.0,
0.0,
0.0,
0.0,
255.0,
255.0,
251.0,
186.0,
0.0,
0.0,
7.0,
0.0,
13.0,
0.0,
0.0,
9.0,
0.0,
4.0,
0.0,
0.0,
0.0,
0.0,
0.0,
0.0,
0.0,
0.0,
0.0,
0.0,
0.0,
0.0,
9.0,
115.0,
255.0,
253.0,
239.0,
24.0,
0.0,
4.0,
6.0,
0.0,
7.0,
2.0,
9.0,
0.0,
14.0,
0.0,
0.0,
0.0,
0.0,
0.0,
0.0,
0.0,
0.0,
0.0,
0.0,
0.0,
0.0,
0.0,
0.0,
210.0,
241.0,
255.0,
67.0,
0.0,
0.0,
6.0,
0.0,
0.0,
10.0,
124.0,
61.0,
0.0,
5.0,
0.0,
0.0,
0.0,
0.0,
0.0,
0.0,
0.0,
0.0,
0.0,
0.0,
0.0,
0.0,
0.0,
0.0,
252.0,
254.0,
186.0,
9.0,
0.0,
6.0,
130.0,
200.0,
255.0,
252.0,
255.0,
255.0,
79.0,
0.0,
10.0,
0.0,
0.0,
0.0,
0.0,
0.0,
0.0,
0.0,
0.0,
0.0,
0.0,
0.0,
0.0,
129.0,
255.0,
243.0,
76.0,
0.0,
113.0,
251.0,
255.0,
255.0,
255.0,
246.0,
255.0,
241.0,
249.0,
73.0,
0.0,
0.0,
0.0,
0.0,
0.0,
0.0,
0.0,
0.0,
0.0,
0.0,
0.0,
0.0,
0.0,
124.0,
255.0,
185.0,
0.0,
53.0,
255.0,
255.0,
234.0,
252.0,
241.0,
255.0,
233.0,
255.0,
255.0,
136.0,
0.0,
0.0,
0.0,
0.0,
0.0,
0.0,
0.0,
0.0,
0.0,
0.0,
0.0,
0.0,
0.0,
254.0,
246.0,
138.0,
0.0,
130.0,
242.0,
249.0,
255.0,
255.0,
249.0,
255.0,
255.0,
232.0,
239.0,
192.0,
11.0,
0.0,
0.0,
0.0,
0.0,
0.0,
0.0,
0.0,
0.0,
0.0,
0.0,
0.0,
0.0,
255.0,
252.0,
0.0,
0.0,
255.0,
254.0,
255.0,
246.0,
183.0,
135.0,
1.0,
49.0,
200.0,
255.0,
255.0,
0.0,
0.0,
0.0,
0.0,
0.0,
0.0,
0.0,
0.0,
0.0,
0.0,
0.0,
0.0,
0.0,
255.0,
244.0,
3.0,
0.0,
255.0,
255.0,
177.0,
2.0,
0.0,
0.0,
125.0,
140.0,
195.0,
250.0,
253.0,
57.0,
0.0,
0.0,
0.0,
0.0,
0.0,
0.0,
0.0,
0.0,
0.0,
0.0,
0.0,
0.0,
239.0,
255.0,
170.0,
135.0,
255.0,
241.0,
136.0,
129.0,
209.0,
255.0,
251.0,
255.0,
245.0,
253.0,
255.0,
1.0,
0.0,
0.0,
0.0,
0.0,
0.0,
0.0,
0.0,
0.0,
0.0,
0.0,
0.0,
0.0,
255.0,
243.0,
254.0,
255.0,
222.0,
255.0,
255.0,
250.0,
239.0,
255.0,
240.0,
255.0,
255.0,
249.0,
131.0,
0.0,
0.0,
0.0,
0.0,
0.0,
0.0,
0.0,
0.0,
0.0,
0.0,
0.0,
0.0,
0.0,
191.0,
255.0,
246.0,
255.0,
253.0,
255.0,
255.0,
250.0,
255.0,
252.0,
255.0,
255.0,
243.0,
195.0,
0.0,
1.0,
0.0,
0.0,
0.0,
0.0,
0.0,
0.0,
0.0,
0.0,
0.0,
0.0,
0.0,
0.0,
64.0,
248.0,
242.0,
255.0,
255.0,
238.0,
240.0,
255.0,
248.0,
255.0,
252.0,
125.0,
0.0,
2.0,
3.0,
0.0,
0.0,
0.0,
0.0,
0.0,
0.0,
0.0,
0.0,
0.0,
0.0,
0.0,
0.0,
0.0,
0.0,
75.0,
195.0,
252.0,
235.0,
193.0,
193.0,
146.0,
70.0,
2.0,
0.0,
8.0,
9.0,
0.0,
0.0,
9.0,
0.0,
0.0,
0.0,
0.0,
0.0,
0.0,
0.0,
0.0,
0.0,
0.0,
0.0,
0.0,
5.0,
0.0,
9.0,
7.0,
5.0,
1.0,
0.0,
0.0,
0.0,
11.0,
13.0,
0.0,
0.0,
15.0,
0.0,
6.0,
0.0,
0.0,
0.0,
0.0,
0.0,
0.0,
0.0,
0.0,
0.0,
0.0,
0.0,
0.0,
0.0,
3.0,
0.0,
0.0,
0.0,
0.0,
3.0,
0.0,
7.0,
0.0,
0.0,
11.0,
0.0,
7.0,
0.0,
0.0,
0.0,
0.0,
0.0,
0.0,
0.0,
0.0,
0.0,
0.0,
0.0,
0.0,
0.0,
0.0,
0.0,
0.0,
0.0,
0.0,
0.0,
0.0,
0.0,
0.0,
0.0,
0.0,
0.0,
0.0,
0.0,
0.0,
0.0,
0.0,
0.0,
0.0,
0.0,
0.0,
0.0,
0.0,
0.0,
0.0,
0.0,
0.0,
0.0,
0.0,
0.0,
0.0,
0.0,
0.0,
0.0,
0.0,
0.0,
0.0,
0.0,
0.0,
0.0,
0.0,
0.0,
0.0,
0.0,
0.0,
0.0,
0.0,
0.0,
0.0,
0.0,
0.0,
0.0,
0.0,
0.0,
0.0,
0.0,
0.0,
0.0,
0.0,
0.0,
0.0,
0.0,
0.0,
0.0,
0.0,
0.0,
0.0,
0.0,
0.0,
0.0,
0.0,
0.0,
0.0,
0.0,
0.0,
0.0,
0.0,
0.0,
0.0,
0.0,
0.0,
0.0,
0.0,
0.0,
0.0,
0.0,
0.0,
0.0,
0.0,
0.0,
0.0,
0.0,
0.0,
0.0,
0.0,
0.0,
0.0,
0.0,
0.0,
0.0,
0.0,
0.0,
0.0,
0.0,
0.0,
