0.0,
0.0,
0.0,
0.0,
0.0,
0.0,
0.0,
0.0,
0.0,
0.0,
4.0,
0.0,
3.0,
0.0,
14.0,
1.0,
0.0,
0.0,
0.0,
0.0,
0.0,
0.0,
0.0,
0.0,
0.0,
0.0,
0.0,
0.0,
0.0,
0.0,
0.0,
0.0,
0.0,
0.0,
0.0,
0.0,
4.0,
10.0,
0.0,
12.0,
0.0,
4.0,
0.0,
0.0,
0.0,
0.0,
0.0,
0.0,
0.0,
0.0,
0.0,
0.0,
0.0,
0.0,
0.0,
0.0,
0.0,
0.0,
0.0,
0.0,
0.0,
0.0,
0.0,
0.0,
0.0,
8.0,
35.0,
251.0,
189.0,
7.0,
0.0,
17.0,
0.0,
0.0,
0.0,
0.0,
0.0,
0.0,
0.0,
0.0,
0.0,
0.0,
0.0,
0.0,
0.0,
0.0,
0.0,
0.0,
0.0,
0.0,
0.0,
0.0,
10.0,
2.0,
73.0,
248.0,
197.0,
1.0,
13.0,
0.0,
0.0,
0.0,
0.0,
0.0,
0.0,
0.0,
0.0,
0.0,
0.0,
0.0,
0.0,
0.0,
0.0,
0.0,
0.0,
0.0,
0.0,
0.0,
0.0,
0.0,
0.0,
28.0,
255.0,
255.0,
114.0,
12.0,
0.0,
0.0,
0.0,
0.0,
0.0,
0.0,
0.0,
0.0,
0.0,
0.0,
0.0,
0.0,
0.0,
0.0,
0.0,
0.0,
0.0,
0.0,
0.0,
0.0,
0.0,
0.0,
12.0,
66.0,
255.0,
253.0,
59.0,
11.0,
0.0,
5.0,
0.0,
0.0,
0.0,
0.0,
0.0,
0.0,
0.0,
0.0,
0.0,
0.0,
0.0,
0.0,
0.0,
0.0,
0.0,
0.0,
0.0,
0.0,
0.0,
0.0,
0.0,
172.0,
255.0,
239.0,
24.0,
0.0,
5.0,
0.0,
0.0,
0.0,
0.0,
0.0,
0.0,
0.0,
0.0,
0.0,
0.0,
0.0,
0.0,
0.0,
0.0,
0.0,
0.0,
0.0,
0.0,
0.0,
0.0,
0.0,
116.0,
255.0,
255.0,
187.0,
21.0,
1.0,
0.0,
4.0,
0.0,
0.0,
0.0,
0.0,
0.0,
0.0,
0.0,
0.0,
0.0,
0.0,
0.0,
0.0,
0.0,
0.0,
6.0,
0.0,
0.0,
0.0,
0.0,
0.0,
159.0,
247.0,
234.0,
17.0,
0.0,
0.0,
0.0,
3.0,
4.0,
6.0,
0.0,
0.0,
0.0,
1.0,
0.0,
8.0,
0.0,
0.0,
0.0,
0.0,
2.0,
0.0,
3.0,
0.0,
0.0,
10.0,
4.0,
68.0,
233.0,
255.0,
207.0,
7.0,
0.0,
15.0,
0.0,
0.0,
0.0,
6.0,
0.0,
55.0,
42.0,
33.0,
25.0,
0.0,
0.0,
0.0,
0.0,
0.0,
2.0,
0.0,
2.0,
0.0,
5.0,
12.0,
0.0,
146.0,
255.0,
240.0,
114.0,
8.0,
0.0,
0.0,
0.0,
1.0,
12.0,
0.0,
187.0,
228.0,
251.0,
255.0,
244.0,
118.0,
0.0,
0.0,
0.0,
0.0,
0.0,
0.0,
5.0,
0.0,
8.0,
1.0,
0.0,
189.0,
249.0,
213.0,
16.0,
0.0,
12.0,
0.0,
0.0,
0.0,
9.0,
173.0,
249.0,
255.0,
254.0,
240.0,
247.0,
210.0,
0.0,
0.0,
0.0,
0.0,
0.0,
0.0,
5.0,
0.0,
6.0,
0.0,
11.0,
221.0,
255.0,
188.0,
0.0,
0.0,
17.0,
0.0,
0.0,
12.0,
105.0,
255.0,
245.0,
252.0,
247.0,
252.0,
255.0,
210.0,
0.0,
0.0,
0.0,
0.0,
0.0,
2.0,
0.0,
0.0,
1.0,
0.0,
89.0,
253.0,
255.0,
116.0,
5.0,
0.0,
12.0,
0.0,
19.0,
141.0,
248.0,
255.0,
232.0,
96.0,
31.0,
146.0,
255.0,
182.0,
0.0,
0.0,
0.0,
0.0,
0.0,
3.0,
0.0,
0.0,
0.0,
6.0,
170.0,
255.0,
249.0,
66.0,
7.0,
4.0,
5.0,
0.0,
128.0,
255.0,
255.0,
221.0,
50.0,
0.0,
14.0,
185.0,
237.0,
109.0,
0.0,
0.0,
0.0,
0.0,
0.0,
3.0,
0.0,
3.0,
0.0,
8.0,
215.0,
250.0,
253.0,
90.0,
3.0,
0.0,
0.0,
30.0,
252.0,
255.0,
217.0,
13.0,
0.0,
8.0,
145.0,
255.0,
185.0,
9.0,
0.0,
0.0,
0.0,
0.0,
5.0,
0.0,
2.0,
0.0,
0.0,
0.0,
217.0,
251.0,
250.0,
84.0,
0.0,
6.0,
1.0,
184.0,
248.0,
246.0,
59.0,
0.0,
9.0,
83.0,
242.0,
249.0,
110.0,
0.0,
0.0,
0.0,
0.0,
0.0,
0.0,
0.0,
2.0,
6.0,
2.0,
0.0,
136.0,
251.0,
255.0,
73.0,
6.0,
0.0,
35.0,
231.0,
245.0,
144.0,
5.0,
1.0,
27.0,
221.0,
255.0,
153.0,
0.0,
2.0,
0.0,
0.0,
0.0,
0.0,
2.0,
1.0,
0.0,
4.0,
0.0,
0.0,
59.0,
254.0,
244.0,
117.0,
24.0,
1.0,
111.0,
255.0,
255.0,
85.0,
33.0,
129.0,
247.0,
250.0,
208.0,
8.0,
0.0,
5.0,
0.0,
0.0,
0.0,
0.0,
4.0,
4.0,
0.0,
1.0,
1.0,
0.0,
11.0,
181.0,
255.0,
253.0,
222.0,
93.0,
152.0,
251.0,
253.0,
252.0,
252.0,
249.0,
248.0,
241.0,
49.0,
3.0,
10.0,
0.0,
0.0,
0.0,
0.0,
0.0,
0.0,
3.0,
0.0,
6.0,
9.0,
0.0,
0.0,
46.0,
151.0,
253.0,
252.0,
232.0,
255.0,
251.0,
253.0,
251.0,
255.0,
253.0,
175.0,
31.0,
4.0,
0.0,
0.0,
7.0,
0.0,
0.0,
0.0,
0.0,
0.0,
2.0,
1.0,
2.0,
3.0,
2.0,
1.0,
0.0,
4.0,
86.0,
215.0,
255.0,
255.0,
255.0,
236.0,
255.0,
184.0,
48.0,
6.0,
1.0,
0.0,
6.0,
0.0,
0.0,
0.0,
0.0,
0.0,
0.0,
4.0,
0.0,
0.0,
0.0,
0.0,
7.0,
9.0,
0.0,
9.0,
1.0,
0.0,
0.0,
0.0,
0.0,
13.0,
0.0,
10.0,
1.0,
4.0,
5.0,
0.0,
9.0,
13.0,
0.0,
0.0,
0.0,
0.0,
0.0,
0.0,
0.0,
5.0,
9.0,
0.0,
7.0,
0.0,
8.0,
0.0,
9.0,
7.0,
0.0,
18.0,
0.0,
0.0,
0.0,
0.0,
5.0,
0.0,
1.0,
15.0,
0.0,
0.0,
0.0,
0.0,
0.0,
0.0,
0.0,
0.0,
0.0,
0.0,
0.0,
0.0,
0.0,
0.0,
0.0,
0.0,
0.0,
0.0,
0.0,
0.0,
0.0,
0.0,
0.0,
0.0,
0.0,
0.0,
0.0,
0.0,
0.0,
0.0,
0.0,
0.0,
0.0,
0.0,
0.0,
0.0,
0.0,
0.0,
0.0,
0.0,
0.0,
0.0,
0.0,
0.0,
0.0,
0.0,
0.0,
0.0,
0.0,
0.0,
0.0,
0.0,
0.0,
0.0,
0.0,
0.0,
0.0,
0.0,
0.0,
0.0,
0.0,
0.0,
0.0,
0.0,
0.0,
0.0,
0.0,
0.0,
0.0,
0.0,
0.0,
0.0,
0.0,
0.0,
0.0,
0.0,
0.0,
0.0,
0.0,
0.0,
0.0,
0.0,
0.0,
0.0,
0.0,
0.0,
0.0,
0.0,
0.0,
0.0,
0.0,
0.0,
0.0,
0.0,
0.0,
0.0,
0.0,
0.0,
0.0,
0.0,
0.0,
0.0,
0.0,
0.0,
0.0,
0.0,
0.0,
0.0,
0.0,
0.0,
0.0,
0.0,
0.0,
0.0,
0.0,
0.0,
0.0,
0.0,
0.0,
