0.0,
0.0,
0.0,
0.0,
0.0,
0.0,
0.0,
0.0,
6.0,
4.0,
0.0,
0.0,
5.0,
0.0,
0.0,
5.0,
1.0,
5.0,
4.0,
0.0,
0.0,
0.0,
17.0,
0.0,
0.0,
0.0,
0.0,
0.0,
0.0,
0.0,
0.0,
0.0,
0.0,
0.0,
0.0,
0.0,
0.0,
0.0,
4.0,
15.0,
0.0,
0.0,
16.0,
0.0,
0.0,
0.0,
0.0,
0.0,
5.0,
0.0,
4.0,
12.0,
0.0,
0.0,
0.0,
0.0,
0.0,
0.0,
0.0,
0.0,
0.0,
0.0,
0.0,
0.0,
4.0,
0.0,
8.0,
0.0,
4.0,
19.0,
0.0,
15.0,
5.0,
0.0,
12.0,
6.0,
3.0,
1.0,
0.0,
0.0,
0.0,
0.0,
0.0,
0.0,
0.0,
0.0,
0.0,
0.0,
0.0,
0.0,
0.0,
0.0,
10.0,
8.0,
0.0,
0.0,
5.0,
0.0,
24.0,
111.0,
152.0,
188.0,
203.0,
133.0,
0.0,
0.0,
4.0,
3.0,
0.0,
0.0,
0.0,
0.0,
0.0,
0.0,
0.0,
0.0,
0.0,
0.0,
0.0,
0.0,
0.0,
11.0,
0.0,
19.0,
0.0,
5.0,
171.0,
255.0,
255.0,
255.0,
255.0,
233.0,
10.0,
4.0,
0.0,
0.0,
0.0,
0.0,
0.0,
0.0,
0.0,
0.0,
0.0,
0.0,
0.0,
0.0,
0.0,
0.0,
0.0,
6.0,
7.0,
0.0,
7.0,
81.0,
154.0,
230.0,
208.0,
110.0,
69.0,
155.0,
0.0,
0.0,
6.0,
14.0,
0.0,
0.0,
0.0,
0.0,
0.0,
0.0,
0.0,
0.0,
0.0,
0.0,
0.0,
0.0,
0.0,
0.0,
7.0,
13.0,
157.0,
255.0,
171.0,
172.0,
39.0,
0.0,
11.0,
155.0,
43.0,
0.0,
0.0,
0.0,
0.0,
0.0,
0.0,
0.0,
0.0,
0.0,
0.0,
0.0,
0.0,
0.0,
0.0,
0.0,
10.0,
10.0,
0.0,
106.0,
251.0,
255.0,
172.0,
7.0,
1.0,
3.0,
0.0,
84.0,
26.0,
0.0,
14.0,
0.0,
0.0,
0.0,
0.0,
0.0,
0.0,
0.0,
0.0,
0.0,
0.0,
0.0,
0.0,
0.0,
0.0,
10.0,
30.0,
232.0,
185.0,
52.0,
9.0,
2.0,
12.0,
0.0,
5.0,
0.0,
0.0,
0.0,
10.0,
3.0,
0.0,
0.0,
0.0,
0.0,
0.0,
0.0,
0.0,
0.0,
0.0,
0.0,
0.0,
0.0,
6.0,
0.0,
223.0,
226.0,
46.0,
0.0,
14.0,
1.0,
0.0,
6.0,
10.0,
4.0,
6.0,
23.0,
0.0,
0.0,
0.0,
0.0,
0.0,
0.0,
0.0,
0.0,
0.0,
0.0,
0.0,
0.0,
0.0,
0.0,
0.0,
45.0,
252.0,
81.0,
0.0,
11.0,
0.0,
0.0,
7.0,
0.0,
2.0,
0.0,
7.0,
0.0,
0.0,
14.0,
0.0,
0.0,
0.0,
0.0,
0.0,
0.0,
0.0,
0.0,
0.0,
0.0,
0.0,
0.0,
10.0,
226.0,
218.0,
46.0,
0.0,
0.0,
5.0,
34.0,
136.0,
169.0,
158.0,
122.0,
5.0,
1.0,
14.0,
0.0,
0.0,
0.0,
0.0,
0.0,
0.0,
0.0,
0.0,
0.0,
0.0,
0.0,
0.0,
0.0,
0.0,
255.0,
156.0,
0.0,
12.0,
14.0,
0.0,
215.0,
250.0,
244.0,
255.0,
251.0,
188.0,
0.0,
11.0,
2.0,
0.0,
0.0,
0.0,
0.0,
0.0,
0.0,
0.0,
0.0,
0.0,
0.0,
0.0,
0.0,
108.0,
248.0,
19.0,
2.0,
0.0,
6.0,
171.0,
252.0,
244.0,
254.0,
162.0,
199.0,
250.0,
84.0,
0.0,
0.0,
0.0,
0.0,
0.0,
0.0,
0.0,
0.0,
0.0,
0.0,
0.0,
0.0,
0.0,
0.0,
159.0,
249.0,
11.0,
0.0,
13.0,
158.0,
255.0,
244.0,
102.0,
52.0,
0.0,
20.0,
246.0,
81.0,
0.0,
18.0,
0.0,
0.0,
0.0,
0.0,
0.0,
0.0,
0.0,
0.0,
0.0,
0.0,
0.0,
0.0,
161.0,
246.0,
47.0,
0.0,
0.0,
255.0,
196.0,
48.0,
0.0,
1.0,
4.0,
0.0,
188.0,
90.0,
0.0,
0.0,
0.0,
0.0,
0.0,
0.0,
0.0,
0.0,
0.0,
0.0,
0.0,
0.0,
0.0,
0.0,
143.0,
233.0,
13.0,
0.0,
97.0,
249.0,
61.0,
0.0,
6.0,
0.0,
3.0,
32.0,
239.0,
103.0,
0.0,
0.0,
0.0,
0.0,
0.0,
0.0,
0.0,
0.0,
0.0,
0.0,
0.0,
0.0,
0.0,
0.0,
108.0,
231.0,
6.0,
15.0,
195.0,
92.0,
0.0,
4.0,
0.0,
1.0,
0.0,
35.0,
255.0,
0.0,
11.0,
0.0,
0.0,
0.0,
0.0,
0.0,
0.0,
0.0,
0.0,
0.0,
0.0,
0.0,
0.0,
0.0,
75.0,
255.0,
14.0,
0.0,
191.0,
87.0,
3.0,
2.0,
38.0,
29.0,
114.0,
217.0,
255.0,
5.0,
0.0,
0.0,
0.0,
0.0,
0.0,
0.0,
0.0,
0.0,
0.0,
0.0,
0.0,
0.0,
0.0,
0.0,
18.0,
250.0,
151.0,
6.0,
196.0,
251.0,
255.0,
246.0,
249.0,
253.0,
247.0,
252.0,
113.0,
0.0,
11.0,
11.0,
0.0,
0.0,
0.0,
0.0,
0.0,
0.0,
0.0,
0.0,
0.0,
0.0,
0.0,
0.0,
0.0,
183.0,
255.0,
236.0,
201.0,
255.0,
238.0,
254.0,
255.0,
255.0,
251.0,
70.0,
15.0,
17.0,
0.0,
0.0,
0.0,
0.0,
0.0,
0.0,
0.0,
0.0,
0.0,
0.0,
0.0,
0.0,
0.0,
0.0,
7.0,
23.0,
173.0,
238.0,
255.0,
242.0,
255.0,
246.0,
244.0,
194.0,
93.0,
0.0,
8.0,
0.0,
13.0,
0.0,
0.0,
0.0,
0.0,
0.0,
0.0,
0.0,
0.0,
0.0,
0.0,
0.0,
0.0,
0.0,
5.0,
0.0,
21.0,
167.0,
232.0,
255.0,
254.0,
212.0,
103.0,
4.0,
0.0,
0.0,
0.0,
5.0,
0.0,
7.0,
0.0,
0.0,
0.0,
0.0,
0.0,
0.0,
0.0,
0.0,
0.0,
0.0,
0.0,
0.0,
0.0,
19.0,
0.0,
3.0,
7.0,
12.0,
0.0,
0.0,
4.0,
0.0,
13.0,
0.0,
0.0,
3.0,
0.0,
3.0,
0.0,
0.0,
0.0,
0.0,
0.0,
0.0,
0.0,
0.0,
0.0,
0.0,
0.0,
0.0,
0.0,
0.0,
0.0,
0.0,
0.0,
0.0,
0.0,
0.0,
0.0,
0.0,
0.0,
0.0,
0.0,
0.0,
0.0,
0.0,
0.0,
0.0,
0.0,
0.0,
0.0,
0.0,
0.0,
0.0,
0.0,
0.0,
0.0,
0.0,
0.0,
0.0,
0.0,
0.0,
0.0,
0.0,
0.0,
0.0,
0.0,
0.0,
0.0,
0.0,
0.0,
0.0,
0.0,
0.0,
0.0,
0.0,
0.0,
0.0,
0.0,
0.0,
0.0,
0.0,
0.0,
0.0,
0.0,
0.0,
0.0,
0.0,
0.0,
0.0,
0.0,
0.0,
0.0,
0.0,
0.0,
0.0,
0.0,
0.0,
0.0,
0.0,
0.0,
0.0,
0.0,
0.0,
0.0,
0.0,
0.0,
0.0,
0.0,
0.0,
0.0,
0.0,
0.0,
0.0,
0.0,
0.0,
0.0,
0.0,
0.0,
0.0,
0.0,
0.0,
0.0,
0.0,
0.0,
0.0,
0.0,
0.0,
0.0,
0.0,
0.0,
0.0,
0.0,
0.0,
