0.0,
0.0,
0.0,
0.0,
0.0,
0.0,
0.0,
0.0,
2.0,
0.0,
7.0,
11.0,
0.0,
15.0,
0.0,
2.0,
16.0,
0.0,
4.0,
2.0,
0.0,
0.0,
0.0,
0.0,
0.0,
0.0,
0.0,
0.0,
0.0,
0.0,
0.0,
0.0,
0.0,
0.0,
0.0,
0.0,
8.0,
19.0,
0.0,
0.0,
14.0,
0.0,
0.0,
8.0,
0.0,
6.0,
0.0,
2.0,
0.0,
5.0,
8.0,
6.0,
0.0,
0.0,
0.0,
0.0,
0.0,
0.0,
0.0,
0.0,
0.0,
0.0,
0.0,
0.0,
0.0,
0.0,
3.0,
0.0,
0.0,
16.0,
0.0,
101.0,
234.0,
209.0,
42.0,
0.0,
0.0,
3.0,
9.0,
0.0,
0.0,
0.0,
0.0,
0.0,
0.0,
0.0,
0.0,
0.0,
0.0,
0.0,
0.0,
0.0,
15.0,
0.0,
13.0,
3.0,
0.0,
21.0,
165.0,
247.0,
248.0,
252.0,
55.0,
9.0,
2.0,
0.0,
7.0,
0.0,
0.0,
0.0,
0.0,
0.0,
0.0,
0.0,
0.0,
0.0,
0.0,
0.0,
0.0,
0.0,
0.0,
2.0,
0.0,
0.0,
12.0,
112.0,
241.0,
255.0,
255.0,
246.0,
40.0,
1.0,
0.0,
0.0,
6.0,
11.0,
0.0,
0.0,
0.0,
0.0,
0.0,
0.0,
0.0,
0.0,
0.0,
0.0,
0.0,
0.0,
0.0,
6.0,
7.0,
0.0,
125.0,
255.0,
255.0,
235.0,
119.0,
102.0,
0.0,
0.0,
13.0,
5.0,
0.0,
0.0,
0.0,
0.0,
0.0,
0.0,
0.0,
0.0,
0.0,
0.0,
0.0,
0.0,
0.0,
0.0,
0.0,
5.0,
0.0,
32.0,
234.0,
233.0,
250.0,
117.0,
0.0,
5.0,
0.0,
8.0,
2.0,
0.0,
0.0,
10.0,
0.0,
0.0,
0.0,
0.0,
0.0,
0.0,
0.0,
0.0,
0.0,
0.0,
0.0,
0.0,
5.0,
0.0,
19.0,
222.0,
245.0,
255.0,
104.0,
0.0,
11.0,
0.0,
8.0,
1.0,
0.0,
5.0,
0.0,
0.0,
0.0,
0.0,
0.0,
0.0,
0.0,
9.0,
0.0,
0.0,
1.0,
0.0,
0.0,
0.0,
0.0,
6.0,
136.0,
248.0,
255.0,
199.0,
0.0,
2.0,
6.0,
0.0,
0.0,
0.0,
3.0,
2.0,
0.0,
5.0,
0.0,
0.0,
0.0,
0.0,
1.0,
1.0,
0.0,
1.0,
1.0,
0.0,
1.0,
3.0,
0.0,
122.0,
237.0,
255.0,
176.0,
22.0,
11.0,
4.0,
0.0,
5.0,
8.0,
1.0,
2.0,
0.0,
0.0,
0.0,
0.0,
0.0,
0.0,
0.0,
6.0,
0.0,
0.0,
5.0,
0.0,
0.0,
1.0,
6.0,
1.0,
173.0,
255.0,
248.0,
106.0,
0.0,
0.0,
6.0,
0.0,
11.0,
0.0,
0.0,
0.0,
15.0,
9.0,
0.0,
0.0,
0.0,
0.0,
0.0,
6.0,
0.0,
0.0,
4.0,
0.0,
1.0,
0.0,
0.0,
57.0,
250.0,
237.0,
255.0,
67.0,
8.0,
0.0,
3.0,
13.0,
8.0,
0.0,
21.0,
64.0,
49.0,
12.0,
0.0,
0.0,
0.0,
0.0,
0.0,
1.0,
0.0,
5.0,
0.0,
0.0,
7.0,
0.0,
0.0,
213.0,
255.0,
247.0,
188.0,
0.0,
0.0,
0.0,
11.0,
78.0,
179.0,
202.0,
192.0,
228.0,
247.0,
156.0,
4.0,
0.0,
0.0,
0.0,
0.0,
0.0,
0.0,
8.0,
0.0,
0.0,
6.0,
0.0,
33.0,
255.0,
255.0,
234.0,
4.0,
0.0,
9.0,
21.0,
156.0,
244.0,
255.0,
248.0,
248.0,
255.0,
255.0,
235.0,
154.0,
0.0,
0.0,
0.0,
0.0,
0.0,
0.0,
7.0,
0.0,
1.0,
0.0,
3.0,
94.0,
251.0,
239.0,
175.0,
18.0,
7.0,
69.0,
232.0,
254.0,
250.0,
255.0,
244.0,
255.0,
255.0,
255.0,
248.0,
159.0,
0.0,
0.0,
0.0,
0.0,
4.0,
0.0,
4.0,
0.0,
3.0,
0.0,
8.0,
143.0,
250.0,
255.0,
94.0,
0.0,
81.0,
238.0,
250.0,
253.0,
255.0,
246.0,
225.0,
251.0,
254.0,
255.0,
247.0,
149.0,
0.0,
0.0,
0.0,
0.0,
0.0,
9.0,
0.0,
4.0,
0.0,
6.0,
0.0,
137.0,
242.0,
255.0,
100.0,
77.0,
236.0,
255.0,
241.0,
255.0,
215.0,
152.0,
209.0,
255.0,
236.0,
255.0,
220.0,
25.0,
0.0,
0.0,
0.0,
0.0,
0.0,
5.0,
0.0,
6.0,
0.0,
0.0,
0.0,
137.0,
255.0,
255.0,
134.0,
176.0,
255.0,
248.0,
255.0,
213.0,
147.0,
250.0,
255.0,
255.0,
255.0,
149.0,
12.0,
11.0,
0.0,
0.0,
0.0,
0.0,
1.0,
0.0,
0.0,
9.0,
1.0,
1.0,
6.0,
131.0,
255.0,
233.0,
253.0,
255.0,
250.0,
255.0,
250.0,
255.0,
255.0,
244.0,
255.0,
241.0,
118.0,
23.0,
5.0,
3.0,
0.0,
0.0,
0.0,
0.0,
3.0,
0.0,
0.0,
6.0,
0.0,
1.0,
2.0,
84.0,
239.0,
255.0,
255.0,
249.0,
255.0,
248.0,
247.0,
255.0,
249.0,
255.0,
222.0,
100.0,
6.0,
0.0,
2.0,
0.0,
0.0,
0.0,
0.0,
0.0,
5.0,
6.0,
0.0,
0.0,
0.0,
0.0,
0.0,
15.0,
168.0,
248.0,
255.0,
232.0,
255.0,
255.0,
252.0,
255.0,
230.0,
89.0,
3.0,
0.0,
0.0,
0.0,
7.0,
0.0,
0.0,
0.0,
0.0,
0.0,
0.0,
5.0,
4.0,
1.0,
0.0,
6.0,
0.0,
0.0,
0.0,
95.0,
251.0,
255.0,
255.0,
251.0,
149.0,
100.0,
4.0,
0.0,
0.0,
5.0,
5.0,
3.0,
0.0,
0.0,
0.0,
0.0,
0.0,
0.0,
0.0,
0.0,
2.0,
4.0,
0.0,
7.0,
14.0,
0.0,
3.0,
18.0,
0.0,
0.0,
0.0,
0.0,
36.0,
0.0,
0.0,
2.0,
1.0,
6.0,
6.0,
0.0,
0.0,
6.0,
0.0,
0.0,
0.0,
0.0,
3.0,
0.0,
0.0,
4.0,
0.0,
0.0,
8.0,
0.0,
0.0,
0.0,
0.0,
5.0,
7.0,
0.0,
0.0,
7.0,
0.0,
6.0,
0.0,
0.0,
6.0,
6.0,
0.0,
1.0,
0.0,
0.0,
0.0,
0.0,
0.0,
0.0,
0.0,
0.0,
0.0,
0.0,
0.0,
0.0,
0.0,
0.0,
0.0,
0.0,
0.0,
0.0,
0.0,
0.0,
0.0,
0.0,
0.0,
0.0,
0.0,
0.0,
0.0,
0.0,
0.0,
0.0,
0.0,
0.0,
0.0,
0.0,
0.0,
0.0,
0.0,
0.0,
0.0,
0.0,
0.0,
0.0,
0.0,
0.0,
0.0,
0.0,
0.0,
0.0,
0.0,
0.0,
0.0,
0.0,
0.0,
0.0,
0.0,
0.0,
0.0,
0.0,
0.0,
0.0,
0.0,
0.0,
0.0,
0.0,
0.0,
0.0,
0.0,
0.0,
0.0,
0.0,
0.0,
0.0,
0.0,
0.0,
0.0,
0.0,
0.0,
0.0,
0.0,
0.0,
0.0,
0.0,
0.0,
0.0,
0.0,
0.0,
0.0,
0.0,
0.0,
0.0,
0.0,
0.0,
0.0,
0.0,
0.0,
0.0,
0.0,
0.0,
0.0,
0.0,
0.0,
0.0,
0.0,
0.0,
0.0,
0.0,
0.0,
0.0,
0.0,
0.0,
0.0,
0.0,
0.0,
0.0,
0.0,
0.0,
