0.0,
0.0,
0.0,
0.0,
0.0,
0.0,
0.0,
0.0,
0.0,
0.0,
2.0,
0.0,
15.0,
1.0,
0.0,
3.0,
1.0,
0.0,
9.0,
0.0,
6.0,
0.0,
2.0,
0.0,
0.0,
0.0,
0.0,
0.0,
0.0,
0.0,
0.0,
0.0,
0.0,
0.0,
0.0,
0.0,
0.0,
0.0,
0.0,
6.0,
0.0,
2.0,
0.0,
7.0,
1.0,
0.0,
0.0,
0.0,
8.0,
0.0,
2.0,
14.0,
0.0,
0.0,
0.0,
0.0,
0.0,
0.0,
0.0,
0.0,
0.0,
0.0,
0.0,
0.0,
5.0,
7.0,
0.0,
13.0,
4.0,
0.0,
19.0,
0.0,
20.0,
216.0,
255.0,
113.0,
0.0,
7.0,
9.0,
0.0,
0.0,
0.0,
0.0,
0.0,
0.0,
0.0,
0.0,
0.0,
0.0,
0.0,
0.0,
0.0,
0.0,
0.0,
0.0,
2.0,
0.0,
0.0,
3.0,
5.0,
141.0,
252.0,
247.0,
129.0,
3.0,
0.0,
0.0,
20.0,
0.0,
0.0,
0.0,
0.0,
0.0,
0.0,
0.0,
0.0,
0.0,
0.0,
0.0,
0.0,
6.0,
0.0,
5.0,
8.0,
0.0,
14.0,
6.0,
137.0,
255.0,
241.0,
129.0,
29.0,
0.0,
22.0,
6.0,
0.0,
0.0,
0.0,
0.0,
0.0,
0.0,
0.0,
0.0,
0.0,
0.0,
0.0,
0.0,
0.0,
1.0,
0.0,
10.0,
3.0,
13.0,
0.0,
125.0,
255.0,
222.0,
101.0,
1.0,
0.0,
7.0,
0.0,
0.0,
4.0,
0.0,
0.0,
0.0,
0.0,
0.0,
0.0,
0.0,
0.0,
0.0,
0.0,
0.0,
0.0,
0.0,
1.0,
0.0,
0.0,
26.0,
47.0,
237.0,
250.0,
151.0,
29.0,
0.0,
0.0,
10.0,
0.0,
0.0,
10.0,
0.0,
0.0,
0.0,
0.0,
0.0,
0.0,
0.0,
0.0,
0.0,
0.0,
0.0,
0.0,
9.0,
0.0,
11.0,
2.0,
0.0,
233.0,
255.0,
210.0,
27.0,
0.0,
6.0,
0.0,
0.0,
0.0,
19.0,
0.0,
0.0,
0.0,
0.0,
0.0,
0.0,
0.0,
0.0,
0.0,
0.0,
0.0,
0.0,
0.0,
2.0,
0.0,
0.0,
51.0,
171.0,
244.0,
255.0,
92.0,
0.0,
7.0,
0.0,
2.0,
16.0,
1.0,
6.0,
5.0,
0.0,
0.0,
0.0,
0.0,
0.0,
0.0,
0.0,
0.0,
0.0,
0.0,
0.0,
0.0,
2.0,
0.0,
2.0,
106.0,
255.0,
236.0,
68.0,
0.0,
4.0,
3.0,
2.0,
4.0,
0.0,
0.0,
7.0,
0.0,
0.0,
0.0,
0.0,
0.0,
0.0,
0.0,
0.0,
0.0,
0.0,
0.0,
0.0,
0.0,
0.0,
0.0,
84.0,
227.0,
250.0,
206.0,
9.0,
9.0,
0.0,
0.0,
17.0,
1.0,
0.0,
9.0,
0.0,
105.0,
0.0,
0.0,
0.0,
0.0,
0.0,
0.0,
0.0,
0.0,
0.0,
0.0,
0.0,
0.0,
17.0,
1.0,
207.0,
255.0,
231.0,
40.0,
0.0,
0.0,
0.0,
19.0,
0.0,
0.0,
0.0,
51.0,
56.0,
0.0,
0.0,
0.0,
0.0,
0.0,
0.0,
0.0,
0.0,
0.0,
0.0,
0.0,
0.0,
0.0,
0.0,
114.0,
255.0,
249.0,
199.0,
13.0,
9.0,
0.0,
2.0,
0.0,
0.0,
106.0,
207.0,
145.0,
0.0,
17.0,
0.0,
0.0,
0.0,
0.0,
0.0,
0.0,
0.0,
0.0,
0.0,
0.0,
0.0,
0.0,
0.0,
243.0,
253.0,
221.0,
41.0,
0.0,
0.0,
16.0,
7.0,
146.0,
184.0,
211.0,
95.0,
0.0,
0.0,
3.0,
0.0,
0.0,
0.0,
0.0,
0.0,
0.0,
0.0,
0.0,
0.0,
0.0,
0.0,
0.0,
103.0,
234.0,
253.0,
163.0,
19.0,
36.0,
125.0,
208.0,
205.0,
255.0,
242.0,
127.0,
0.0,
14.0,
0.0,
0.0,
0.0,
0.0,
0.0,
0.0,
0.0,
0.0,
0.0,
0.0,
0.0,
0.0,
0.0,
0.0,
149.0,
255.0,
255.0,
69.0,
17.0,
194.0,
254.0,
250.0,
255.0,
233.0,
255.0,
240.0,
50.0,
3.0,
0.0,
1.0,
0.0,
0.0,
0.0,
0.0,
0.0,
0.0,
4.0,
6.0,
0.0,
0.0,
2.0,
23.0,
223.0,
243.0,
255.0,
152.0,
253.0,
253.0,
243.0,
230.0,
211.0,
243.0,
255.0,
255.0,
176.0,
3.0,
13.0,
0.0,
0.0,
0.0,
0.0,
0.0,
0.0,
0.0,
0.0,
3.0,
0.0,
0.0,
17.0,
39.0,
255.0,
243.0,
255.0,
144.0,
239.0,
230.0,
99.0,
25.0,
7.0,
203.0,
241.0,
197.0,
21.0,
0.0,
0.0,
3.0,
0.0,
0.0,
0.0,
0.0,
2.0,
0.0,
0.0,
0.0,
0.0,
0.0,
7.0,
22.0,
214.0,
255.0,
234.0,
144.0,
255.0,
255.0,
127.0,
86.0,
75.0,
249.0,
255.0,
126.0,
0.0,
3.0,
20.0,
0.0,
0.0,
0.0,
0.0,
0.0,
0.0,
0.0,
0.0,
2.0,
0.0,
0.0,
0.0,
0.0,
181.0,
255.0,
255.0,
218.0,
235.0,
254.0,
255.0,
229.0,
255.0,
246.0,
162.0,
0.0,
0.0,
0.0,
5.0,
0.0,
0.0,
0.0,
0.0,
0.0,
0.0,
0.0,
0.0,
3.0,
5.0,
3.0,
0.0,
0.0,
74.0,
229.0,
251.0,
250.0,
250.0,
249.0,
255.0,
255.0,
225.0,
143.0,
37.0,
0.0,
3.0,
12.0,
0.0,
13.0,
0.0,
0.0,
0.0,
0.0,
2.0,
0.0,
0.0,
0.0,
0.0,
2.0,
4.0,
6.0,
7.0,
86.0,
217.0,
255.0,
244.0,
255.0,
205.0,
139.0,
29.0,
18.0,
0.0,
4.0,
4.0,
14.0,
0.0,
0.0,
0.0,
0.0,
0.0,
0.0,
4.0,
3.0,
0.0,
0.0,
0.0,
0.0,
0.0,
0.0,
0.0,
0.0,
2.0,
0.0,
0.0,
23.0,
0.0,
6.0,
0.0,
0.0,
1.0,
0.0,
0.0,
0.0,
12.0,
8.0,
0.0,
0.0,
0.0,
0.0,
0.0,
0.0,
2.0,
2.0,
1.0,
2.0,
1.0,
0.0,
0.0,
10.0,
0.0,
1.0,
7.0,
0.0,
0.0,
2.0,
0.0,
1.0,
0.0,
8.0,
2.0,
0.0,
7.0,
0.0,
0.0,
0.0,
0.0,
0.0,
0.0,
0.0,
0.0,
0.0,
0.0,
0.0,
0.0,
0.0,
0.0,
0.0,
0.0,
0.0,
0.0,
0.0,
0.0,
0.0,
0.0,
0.0,
0.0,
0.0,
0.0,
0.0,
0.0,
0.0,
0.0,
0.0,
0.0,
0.0,
0.0,
0.0,
0.0,
0.0,
0.0,
0.0,
0.0,
0.0,
0.0,
0.0,
0.0,
0.0,
0.0,
0.0,
0.0,
0.0,
0.0,
0.0,
0.0,
0.0,
0.0,
0.0,
0.0,
0.0,
0.0,
0.0,
0.0,
0.0,
0.0,
0.0,
0.0,
0.0,
0.0,
0.0,
0.0,
0.0,
0.0,
0.0,
0.0,
0.0,
0.0,
0.0,
0.0,
0.0,
0.0,
0.0,
0.0,
0.0,
0.0,
0.0,
0.0,
0.0,
0.0,
0.0,
0.0,
0.0,
0.0,
0.0,
0.0,
0.0,
0.0,
0.0,
0.0,
0.0,
0.0,
0.0,
0.0,
0.0,
0.0,
0.0,
0.0,
0.0,
0.0,
0.0,
0.0,
0.0,
0.0,
0.0,
0.0,
0.0,
0.0,
0.0,
0.0,
0.0,
