0.0,
0.0,
0.0,
0.0,
0.0,
0.0,
0.0,
0.0,
0.0,
12.0,
2.0,
0.0,
0.0,
8.0,
0.0,
0.0,
0.0,
6.0,
0.0,
0.0,
14.0,
0.0,
6.0,
6.0,
0.0,
0.0,
0.0,
0.0,
0.0,
0.0,
0.0,
0.0,
0.0,
0.0,
0.0,
0.0,
2.0,
0.0,
4.0,
0.0,
12.0,
0.0,
5.0,
9.0,
13.0,
0.0,
20.0,
4.0,
0.0,
9.0,
4.0,
0.0,
0.0,
0.0,
0.0,
0.0,
0.0,
0.0,
0.0,
0.0,
0.0,
0.0,
0.0,
0.0,
0.0,
31.0,
0.0,
0.0,
0.0,
8.0,
49.0,
248.0,
150.0,
51.0,
0.0,
0.0,
1.0,
4.0,
0.0,
9.0,
0.0,
0.0,
0.0,
0.0,
0.0,
0.0,
0.0,
0.0,
0.0,
0.0,
0.0,
0.0,
7.0,
0.0,
9.0,
0.0,
6.0,
106.0,
206.0,
255.0,
255.0,
254.0,
74.0,
17.0,
12.0,
0.0,
0.0,
0.0,
0.0,
0.0,
0.0,
0.0,
0.0,
0.0,
0.0,
0.0,
0.0,
0.0,
0.0,
0.0,
3.0,
0.0,
6.0,
10.0,
7.0,
199.0,
255.0,
245.0,
246.0,
229.0,
41.0,
0.0,
0.0,
0.0,
9.0,
5.0,
0.0,
0.0,
0.0,
0.0,
0.0,
0.0,
0.0,
0.0,
0.0,
0.0,
0.0,
0.0,
0.0,
13.0,
0.0,
0.0,
236.0,
255.0,
253.0,
252.0,
245.0,
108.0,
0.0,
0.0,
1.0,
4.0,
0.0,
5.0,
0.0,
0.0,
0.0,
0.0,
0.0,
0.0,
0.0,
0.0,
0.0,
0.0,
0.0,
0.0,
0.0,
2.0,
8.0,
123.0,
241.0,
242.0,
241.0,
246.0,
53.0,
5.0,
11.0,
0.0,
0.0,
7.0,
3.0,
0.0,
0.0,
0.0,
0.0,
0.0,
0.0,
0.0,
0.0,
0.0,
0.0,
0.0,
0.0,
0.0,
4.0,
0.0,
77.0,
255.0,
248.0,
255.0,
234.0,
58.0,
3.0,
4.0,
0.0,
0.0,
20.0,
0.0,
0.0,
4.0,
0.0,
0.0,
0.0,
0.0,
0.0,
3.0,
0.0,
1.0,
6.0,
0.0,
0.0,
0.0,
12.0,
20.0,
225.0,
243.0,
250.0,
255.0,
142.0,
5.0,
12.0,
0.0,
7.0,
11.0,
0.0,
0.0,
5.0,
0.0,
0.0,
0.0,
0.0,
0.0,
0.0,
4.0,
2.0,
1.0,
0.0,
0.0,
4.0,
10.0,
2.0,
199.0,
255.0,
255.0,
249.0,
157.0,
3.0,
0.0,
0.0,
4.0,
0.0,
0.0,
6.0,
10.0,
8.0,
0.0,
0.0,
0.0,
0.0,
0.0,
3.0,
0.0,
1.0,
4.0,
2.0,
4.0,
1.0,
0.0,
27.0,
223.0,
243.0,
243.0,
231.0,
47.0,
0.0,
8.0,
0.0,
5.0,
5.0,
12.0,
0.0,
0.0,
6.0,
0.0,
0.0,
0.0,
0.0,
0.0,
1.0,
0.0,
4.0,
4.0,
0.0,
4.0,
2.0,
0.0,
84.0,
251.0,
255.0,
255.0,
61.0,
0.0,
7.0,
0.0,
7.0,
0.0,
0.0,
4.0,
2.0,
3.0,
10.0,
8.0,
0.0,
0.0,
0.0,
0.0,
1.0,
0.0,
10.0,
0.0,
0.0,
0.0,
6.0,
37.0,
232.0,
255.0,
246.0,
208.0,
0.0,
3.0,
0.0,
26.0,
96.0,
202.0,
195.0,
86.0,
57.0,
24.0,
0.0,
0.0,
0.0,
0.0,
0.0,
0.0,
10.0,
0.0,
2.0,
0.0,
3.0,
1.0,
0.0,
29.0,
255.0,
237.0,
254.0,
119.0,
4.0,
49.0,
117.0,
213.0,
255.0,
255.0,
247.0,
247.0,
252.0,
156.0,
26.0,
6.0,
0.0,
0.0,
0.0,
0.0,
10.0,
0.0,
0.0,
0.0,
16.0,
6.0,
0.0,
52.0,
246.0,
255.0,
201.0,
26.0,
60.0,
230.0,
251.0,
255.0,
245.0,
254.0,
241.0,
253.0,
255.0,
255.0,
195.0,
15.0,
0.0,
0.0,
0.0,
0.0,
0.0,
0.0,
12.0,
0.0,
0.0,
0.0,
12.0,
142.0,
253.0,
255.0,
170.0,
0.0,
233.0,
255.0,
251.0,
250.0,
248.0,
204.0,
123.0,
195.0,
244.0,
248.0,
255.0,
119.0,
0.0,
0.0,
0.0,
0.0,
0.0,
0.0,
4.0,
0.0,
8.0,
0.0,
10.0,
160.0,
250.0,
255.0,
148.0,
11.0,
254.0,
240.0,
238.0,
242.0,
92.0,
19.0,
0.0,
4.0,
54.0,
224.0,
239.0,
218.0,
23.0,
5.0,
0.0,
0.0,
0.0,
0.0,
3.0,
0.0,
6.0,
0.0,
2.0,
113.0,
255.0,
237.0,
176.0,
0.0,
227.0,
255.0,
243.0,
12.0,
0.0,
2.0,
0.0,
0.0,
36.0,
164.0,
255.0,
241.0,
17.0,
3.0,
0.0,
0.0,
2.0,
0.0,
3.0,
0.0,
2.0,
1.0,
0.0,
51.0,
255.0,
255.0,
214.0,
52.0,
241.0,
248.0,
207.0,
6.0,
0.0,
8.0,
11.0,
0.0,
148.0,
255.0,
235.0,
177.0,
9.0,
1.0,
0.0,
2.0,
1.0,
0.0,
5.0,
0.0,
0.0,
6.0,
0.0,
8.0,
184.0,
252.0,
255.0,
217.0,
203.0,
103.0,
46.0,
0.0,
7.0,
0.0,
0.0,
110.0,
221.0,
240.0,
255.0,
132.0,
2.0,
0.0,
0.0,
2.0,
0.0,
0.0,
7.0,
0.0,
0.0,
8.0,
2.0,
0.0,
45.0,
217.0,
253.0,
255.0,
250.0,
165.0,
118.0,
219.0,
132.0,
201.0,
229.0,
249.0,
255.0,
255.0,
235.0,
39.0,
0.0,
0.0,
0.0,
2.0,
0.0,
3.0,
4.0,
0.0,
0.0,
5.0,
4.0,
0.0,
0.0,
69.0,
163.0,
247.0,
252.0,
242.0,
253.0,
255.0,
245.0,
244.0,
255.0,
229.0,
255.0,
232.0,
38.0,
29.0,
0.0,
0.0,
0.0,
0.0,
0.0,
6.0,
0.0,
0.0,
3.0,
0.0,
0.0,
3.0,
3.0,
0.0,
0.0,
7.0,
17.0,
2.0,
2.0,
0.0,
9.0,
0.0,
0.0,
2.0,
1.0,
14.0,
0.0,
0.0,
1.0,
1.0,
0.0,
0.0,
0.0,
7.0,
0.0,
0.0,
7.0,
0.0,
0.0,
3.0,
0.0,
6.0,
0.0,
10.0,
0.0,
0.0,
8.0,
0.0,
0.0,
1.0,
0.0,
5.0,
1.0,
0.0,
0.0,
0.0,
3.0,
2.0,
0.0,
0.0,
0.0,
0.0,
0.0,
0.0,
0.0,
0.0,
0.0,
0.0,
0.0,
0.0,
0.0,
0.0,
0.0,
0.0,
0.0,
0.0,
0.0,
0.0,
0.0,
0.0,
0.0,
0.0,
0.0,
0.0,
0.0,
0.0,
0.0,
0.0,
0.0,
0.0,
0.0,
0.0,
0.0,
0.0,
0.0,
0.0,
0.0,
0.0,
0.0,
0.0,
0.0,
0.0,
0.0,
0.0,
0.0,
0.0,
0.0,
0.0,
0.0,
0.0,
0.0,
0.0,
0.0,
0.0,
0.0,
0.0,
0.0,
0.0,
0.0,
0.0,
0.0,
0.0,
0.0,
0.0,
0.0,
0.0,
0.0,
0.0,
0.0,
0.0,
0.0,
0.0,
0.0,
0.0,
0.0,
0.0,
0.0,
0.0,
0.0,
0.0,
0.0,
0.0,
0.0,
0.0,
0.0,
0.0,
0.0,
0.0,
0.0,
0.0,
0.0,
0.0,
0.0,
0.0,
0.0,
0.0,
0.0,
0.0,
0.0,
0.0,
0.0,
0.0,
0.0,
0.0,
0.0,
0.0,
0.0,
0.0,
0.0,
0.0,
0.0,
0.0,
