0.0,
3.0,
6.0,
1.0,
0.0,
2.0,
2.0,
0.0,
0.0,
5.0,
9.0,
1.0,
0.0,
1.0,
0.0,
0.0,
0.0,
0.0,
0.0,
0.0,
0.0,
0.0,
0.0,
0.0,
0.0,
0.0,
0.0,
0.0,
0.0,
4.0,
3.0,
0.0,
0.0,
0.0,
0.0,
0.0,
1.0,
0.0,
0.0,
0.0,
0.0,
0.0,
4.0,
6.0,
0.0,
0.0,
0.0,
0.0,
0.0,
0.0,
0.0,
0.0,
0.0,
0.0,
0.0,
0.0,
2.0,
3.0,
0.0,
0.0,
0.0,
1.0,
1.0,
0.0,
2.0,
0.0,
0.0,
2.0,
5.0,
0.0,
0.0,
0.0,
0.0,
0.0,
0.0,
0.0,
0.0,
0.0,
0.0,
0.0,
0.0,
0.0,
0.0,
0.0,
1.0,
0.0,
0.0,
0.0,
2.0,
5.0,
4.0,
2.0,
0.0,
0.0,
1.0,
4.0,
7.0,
8.0,
6.0,
4.0,
0.0,
0.0,
0.0,
0.0,
0.0,
0.0,
0.0,
0.0,
0.0,
0.0,
0.0,
0.0,
0.0,
0.0,
0.0,
2.0,
4.0,
2.0,
0.0,
0.0,
4.0,
9.0,
4.0,
0.0,
0.0,
0.0,
0.0,
0.0,
0.0,
0.0,
0.0,
0.0,
0.0,
0.0,
0.0,
0.0,
0.0,
0.0,
0.0,
0.0,
0.0,
0.0,
1.0,
3.0,
0.0,
0.0,
0.0,
0.0,
0.0,
0.0,
2.0,
2.0,
5.0,
10.0,
10.0,
5.0,
0.0,
0.0,
0.0,
0.0,
0.0,
0.0,
0.0,
0.0,
0.0,
0.0,
0.0,
0.0,
0.0,
0.0,
2.0,
3.0,
0.0,
0.0,
1.0,
11.0,
14.0,
0.0,
0.0,
0.0,
6.0,
0.0,
0.0,
0.0,
0.0,
0.0,
0.0,
0.0,
0.0,
0.0,
0.0,
0.0,
0.0,
0.0,
0.0,
0.0,
0.0,
0.0,
2.0,
3.0,
0.0,
0.0,
12.0,
29.0,
228.0,
158.0,
98.0,
78.0,
54.0,
12.0,
0.0,
7.0,
0.0,
0.0,
0.0,
0.0,
0.0,
0.0,
0.0,
0.0,
0.0,
0.0,
0.0,
0.0,
0.0,
0.0,
11.0,
0.0,
0.0,
0.0,
14.0,
114.0,
254.0,
255.0,
242.0,
254.0,
255.0,
238.0,
210.0,
148.0,
118.0,
61.0,
53.0,
7.0,
0.0,
0.0,
7.0,
0.0,
0.0,
0.0,
0.0,
0.0,
6.0,
0.0,
5.0,
0.0,
5.0,
0.0,
0.0,
54.0,
245.0,
247.0,
255.0,
243.0,
222.0,
255.0,
249.0,
248.0,
255.0,
255.0,
230.0,
92.0,
10.0,
0.0,
5.0,
0.0,
0.0,
0.0,
0.0,
0.0,
1.0,
0.0,
7.0,
0.0,
0.0,
0.0,
7.0,
77.0,
252.0,
255.0,
240.0,
28.0,
28.0,
35.0,
52.0,
155.0,
149.0,
255.0,
255.0,
79.0,
0.0,
0.0,
3.0,
0.0,
0.0,
0.0,
0.0,
0.0,
0.0,
0.0,
6.0,
0.0,
0.0,
5.0,
28.0,
90.0,
253.0,
245.0,
230.0,
21.0,
3.0,
0.0,
17.0,
0.0,
25.0,
225.0,
243.0,
54.0,
0.0,
8.0,
7.0,
0.0,
0.0,
0.0,
0.0,
0.0,
6.0,
0.0,
0.0,
0.0,
5.0,
6.0,
2.0,
18.0,
181.0,
239.0,
131.0,
23.0,
0.0,
0.0,
3.0,
6.0,
31.0,
255.0,
255.0,
55.0,
3.0,
6.0,
0.0,
1.0,
0.0,
0.0,
0.0,
0.0,
0.0,
0.0,
1.0,
3.0,
1.0,
0.0,
0.0,
0.0,
29.0,
255.0,
163.0,
0.0,
4.0,
12.0,
8.0,
0.0,
8.0,
255.0,
246.0,
40.0,
0.0,
0.0,
0.0,
7.0,
0.0,
0.0,
0.0,
0.0,
0.0,
0.0,
3.0,
2.0,
0.0,
0.0,
10.0,
10.0,
8.0,
56.0,
42.0,
0.0,
15.0,
0.0,
3.0,
0.0,
2.0,
246.0,
224.0,
29.0,
6.0,
3.0,
0.0,
7.0,
0.0,
0.0,
0.0,
0.0,
7.0,
0.0,
0.0,
0.0,
0.0,
4.0,
7.0,
0.0,
0.0,
0.0,
13.0,
0.0,
0.0,
9.0,
0.0,
0.0,
16.0,
239.0,
193.0,
0.0,
0.0,
6.0,
0.0,
0.0,
0.0,
0.0,
0.0,
0.0,
0.0,
0.0,
0.0,
0.0,
0.0,
0.0,
0.0,
0.0,
0.0,
0.0,
5.0,
0.0,
0.0,
0.0,
12.0,
0.0,
139.0,
242.0,
66.0,
0.0,
9.0,
7.0,
0.0,
10.0,
0.0,
0.0,
0.0,
0.0,
0.0,
0.0,
0.0,
0.0,
0.0,
0.0,
0.0,
0.0,
0.0,
0.0,
2.0,
0.0,
5.0,
0.0,
0.0,
23.0,
241.0,
255.0,
43.0,
0.0,
0.0,
3.0,
0.0,
1.0,
0.0,
0.0,
0.0,
0.0,
0.0,
0.0,
0.0,
0.0,
0.0,
0.0,
0.0,
0.0,
0.0,
0.0,
0.0,
0.0,
7.0,
0.0,
0.0,
96.0,
253.0,
178.0,
1.0,
6.0,
2.0,
5.0,
5.0,
0.0,
0.0,
0.0,
0.0,
0.0,
0.0,
0.0,
0.0,
0.0,
0.0,
0.0,
0.0,
0.0,
3.0,
2.0,
0.0,
0.0,
3.0,
0.0,
12.0,
186.0,
255.0,
99.0,
0.0,
3.0,
0.0,
0.0,
12.0,
0.0,
0.0,
0.0,
0.0,
0.0,
0.0,
0.0,
0.0,
0.0,
0.0,
0.0,
0.0,
0.0,
1.0,
2.0,
0.0,
2.0,
0.0,
0.0,
37.0,
243.0,
241.0,
18.0,
5.0,
0.0,
0.0,
0.0,
8.0,
4.0,
0.0,
0.0,
0.0,
0.0,
0.0,
0.0,
0.0,
0.0,
0.0,
0.0,
0.0,
0.0,
0.0,
0.0,
5.0,
8.0,
0.0,
0.0,
69.0,
255.0,
188.0,
0.0,
4.0,
0.0,
13.0,
7.0,
0.0,
0.0,
0.0,
0.0,
0.0,
0.0,
0.0,
0.0,
0.0,
0.0,
0.0,
0.0,
0.0,
0.0,
0.0,
0.0,
5.0,
5.0,
0.0,
0.0,
111.0,
255.0,
175.0,
12.0,
8.0,
0.0,
0.0,
0.0,
0.0,
2.0,
0.0,
0.0,
0.0,
0.0,
0.0,
0.0,
0.0,
0.0,
0.0,
0.0,
0.0,
0.0,
9.0,
0.0,
0.0,
0.0,
0.0,
9.0,
145.0,
255.0,
87.0,
3.0,
0.0,
7.0,
0.0,
0.0,
0.0,
2.0,
0.0,
0.0,
0.0,
0.0,
0.0,
0.0,
0.0,
0.0,
0.0,
0.0,
0.0,
0.0,
2.0,
0.0,
8.0,
0.0,
0.0,
2.0,
206.0,
246.0,
21.0,
0.0,
1.0,
11.0,
0.0,
0.0,
7.0,
0.0,
0.0,
0.0,
0.0,
0.0,
0.0,
0.0,
0.0,
0.0,
0.0,
0.0,
0.0,
0.0,
0.0,
0.0,
10.0,
1.0,
0.0,
0.0,
181.0,
253.0,
52.0,
0.0,
0.0,
0.0,
0.0,
0.0,
8.0,
1.0,
0.0,
0.0,
0.0,
0.0,
0.0,
0.0,
0.0,
0.0,
0.0,
0.0,
0.0,
0.0,
12.0,
0.0,
0.0,
0.0,
0.0,
14.0,
155.0,
250.0,
86.0,
24.0,
0.0,
11.0,
5.0,
0.0,
0.0,
0.0,
0.0,
0.0,
0.0,
0.0,
0.0,
0.0,
0.0,
0.0,
0.0,
0.0,
0.0,
0.0,
0.0,
0.0,
7.0,
15.0,
7.0,
0.0,
0.0,
8.0,
24.0,
0.0,
0.0,
6.0,
0.0,
0.0,
0.0,
4.0,
0.0,
0.0,
0.0,
0.0,
