0.0,
0.0,
0.0,
0.0,
0.0,
0.0,
0.0,
0.0,
0.0,
2.0,
0.0,
10.0,
4.0,
0.0,
10.0,
0.0,
7.0,
0.0,
0.0,
4.0,
0.0,
0.0,
4.0,
0.0,
0.0,
0.0,
0.0,
0.0,
0.0,
0.0,
0.0,
0.0,
0.0,
0.0,
0.0,
0.0,
6.0,
7.0,
0.0,
0.0,
0.0,
0.0,
4.0,
0.0,
0.0,
16.0,
4.0,
0.0,
0.0,
7.0,
0.0,
0.0,
0.0,
0.0,
0.0,
0.0,
0.0,
0.0,
0.0,
0.0,
0.0,
0.0,
0.0,
0.0,
0.0,
1.0,
0.0,
3.0,
4.0,
1.0,
10.0,
5.0,
5.0,
0.0,
0.0,
18.0,
0.0,
0.0,
2.0,
1.0,
0.0,
0.0,
0.0,
0.0,
0.0,
0.0,
0.0,
0.0,
0.0,
0.0,
0.0,
0.0,
0.0,
3.0,
0.0,
0.0,
3.0,
0.0,
0.0,
0.0,
0.0,
14.0,
1.0,
0.0,
2.0,
13.0,
0.0,
0.0,
0.0,
0.0,
0.0,
0.0,
0.0,
0.0,
0.0,
0.0,
0.0,
0.0,
0.0,
0.0,
2.0,
6.0,
1.0,
0.0,
3.0,
4.0,
0.0,
10.0,
4.0,
0.0,
0.0,
0.0,
6.0,
0.0,
3.0,
4.0,
0.0,
0.0,
0.0,
0.0,
0.0,
0.0,
0.0,
0.0,
0.0,
0.0,
0.0,
0.0,
0.0,
2.0,
3.0,
0.0,
5.0,
3.0,
0.0,
0.0,
0.0,
16.0,
13.0,
0.0,
0.0,
0.0,
0.0,
9.0,
0.0,
0.0,
0.0,
0.0,
0.0,
0.0,
0.0,
0.0,
0.0,
0.0,
0.0,
0.0,
0.0,
4.0,
3.0,
0.0,
8.0,
14.0,
0.0,
20.0,
49.0,
195.0,
135.0,
29.0,
0.0,
25.0,
0.0,
3.0,
0.0,
0.0,
0.0,
0.0,
0.0,
0.0,
0.0,
0.0,
0.0,
0.0,
0.0,
0.0,
2.0,
2.0,
0.0,
0.0,
43.0,
94.0,
117.0,
174.0,
255.0,
251.0,
251.0,
231.0,
0.0,
0.0,
9.0,
0.0,
0.0,
0.0,
0.0,
0.0,
0.0,
0.0,
0.0,
0.0,
0.0,
0.0,
0.0,
0.0,
0.0,
34.0,
97.0,
189.0,
249.0,
255.0,
255.0,
253.0,
255.0,
248.0,
254.0,
240.0,
32.0,
0.0,
8.0,
0.0,
0.0,
0.0,
0.0,
0.0,
0.0,
0.0,
0.0,
0.0,
0.0,
0.0,
0.0,
0.0,
40.0,
182.0,
250.0,
255.0,
255.0,
246.0,
248.0,
250.0,
246.0,
194.0,
247.0,
255.0,
71.0,
17.0,
0.0,
8.0,
0.0,
0.0,
0.0,
0.0,
0.0,
0.0,
0.0,
0.0,
0.0,
0.0,
0.0,
0.0,
152.0,
255.0,
255.0,
237.0,
255.0,
255.0,
224.0,
151.0,
31.0,
72.0,
255.0,
246.0,
15.0,
0.0,
3.0,
0.0,
0.0,
0.0,
0.0,
0.0,
0.0,
0.0,
0.0,
0.0,
0.0,
0.0,
0.0,
0.0,
227.0,
249.0,
247.0,
222.0,
107.0,
25.0,
37.0,
0.0,
0.0,
84.0,
255.0,
238.0,
47.0,
0.0,
8.0,
0.0,
0.0,
0.0,
0.0,
0.0,
0.0,
0.0,
0.0,
0.0,
0.0,
0.0,
0.0,
0.0,
155.0,
247.0,
133.0,
0.0,
0.0,
3.0,
3.0,
0.0,
54.0,
219.0,
255.0,
236.0,
59.0,
0.0,
0.0,
0.0,
0.0,
0.0,
0.0,
0.0,
0.0,
0.0,
0.0,
0.0,
0.0,
0.0,
0.0,
0.0,
0.0,
8.0,
9.0,
0.0,
0.0,
0.0,
17.0,
8.0,
96.0,
255.0,
255.0,
243.0,
0.0,
0.0,
13.0,
1.0,
0.0,
0.0,
0.0,
0.0,
0.0,
0.0,
0.0,
0.0,
0.0,
0.0,
0.0,
0.0,
0.0,
0.0,
11.0,
4.0,
0.0,
0.0,
0.0,
5.0,
225.0,
236.0,
245.0,
181.0,
5.0,
0.0,
3.0,
0.0,
0.0,
0.0,
0.0,
0.0,
0.0,
0.0,
0.0,
0.0,
0.0,
0.0,
0.0,
0.0,
10.0,
0.0,
0.0,
0.0,
5.0,
1.0,
11.0,
111.0,
250.0,
252.0,
236.0,
0.0,
3.0,
16.0,
0.0,
3.0,
0.0,
0.0,
0.0,
0.0,
0.0,
3.0,
3.0,
0.0,
1.0,
5.0,
3.0,
0.0,
3.0,
0.0,
1.0,
0.0,
9.0,
4.0,
66.0,
239.0,
255.0,
249.0,
182.0,
14.0,
0.0,
10.0,
0.0,
5.0,
0.0,
0.0,
0.0,
0.0,
0.0,
4.0,
4.0,
0.0,
0.0,
0.0,
0.0,
0.0,
0.0,
12.0,
0.0,
0.0,
0.0,
78.0,
179.0,
255.0,
255.0,
197.0,
8.0,
14.0,
0.0,
0.0,
22.0,
0.0,
0.0,
0.0,
0.0,
0.0,
0.0,
3.0,
4.0,
0.0,
0.0,
0.0,
1.0,
2.0,
10.0,
2.0,
8.0,
5.0,
94.0,
244.0,
255.0,
255.0,
199.0,
32.0,
0.0,
0.0,
1.0,
9.0,
0.0,
5.0,
0.0,
0.0,
0.0,
0.0,
0.0,
0.0,
1.0,
1.0,
1.0,
3.0,
4.0,
3.0,
2.0,
0.0,
30.0,
132.0,
241.0,
237.0,
255.0,
215.0,
58.0,
0.0,
8.0,
8.0,
9.0,
0.0,
4.0,
2.0,
0.0,
0.0,
0.0,
0.0,
1.0,
0.0,
0.0,
1.0,
5.0,
4.0,
0.0,
0.0,
3.0,
65.0,
237.0,
252.0,
255.0,
255.0,
248.0,
177.0,
0.0,
25.0,
0.0,
11.0,
0.0,
0.0,
20.0,
0.0,
0.0,
0.0,
0.0,
0.0,
2.0,
0.0,
0.0,
1.0,
2.0,
0.0,
0.0,
0.0,
41.0,
243.0,
255.0,
246.0,
254.0,
246.0,
157.0,
21.0,
1.0,
6.0,
8.0,
0.0,
0.0,
19.0,
0.0,
5.0,
0.0,
0.0,
0.0,
0.0,
0.0,
0.0,
1.0,
2.0,
0.0,
0.0,
1.0,
10.0,
206.0,
255.0,
242.0,
249.0,
252.0,
167.0,
6.0,
0.0,
0.0,
0.0,
11.0,
0.0,
16.0,
0.0,
0.0,
0.0,
0.0,
0.0,
0.0,
0.0,
0.0,
0.0,
5.0,
5.0,
0.0,
0.0,
12.0,
31.0,
255.0,
239.0,
255.0,
255.0,
139.0,
0.0,
0.0,
4.0,
3.0,
0.0,
0.0,
9.0,
0.0,
4.0,
0.0,
0.0,
0.0,
0.0,
0.0,
0.0,
3.0,
0.0,
0.0,
4.0,
0.0,
0.0,
20.0,
55.0,
191.0,
255.0,
249.0,
114.0,
10.0,
0.0,
5.0,
0.0,
0.0,
0.0,
0.0,
0.0,
0.0,
0.0,
0.0,
0.0,
0.0,
0.0,
0.0,
0.0,
4.0,
0.0,
0.0,
5.0,
1.0,
0.0,
0.0,
10.0,
127.0,
166.0,
94.0,
0.0,
0.0,
0.0,
0.0,
7.0,
0.0,
0.0,
0.0,
0.0,
0.0,
0.0,
0.0,
0.0,
0.0,
0.0,
0.0,
0.0,
1.0,
0.0,
0.0,
4.0,
5.0,
0.0,
0.0,
0.0,
0.0,
9.0,
0.0,
0.0,
4.0,
12.0,
3.0,
0.0,
0.0,
0.0,
0.0,
0.0,
0.0,
0.0,
0.0,
0.0,
0.0,
0.0,
0.0,
0.0,
0.0,
0.0,
0.0,
0.0,
2.0,
7.0,
6.0,
1.0,
0.0,
0.0,
0.0,
9.0,
0.0,
0.0,
2.0,
0.0,
0.0,
0.0,
0.0,
0.0,
0.0,
0.0,
0.0,
0.0,
0.0,
0.0,
0.0,
0.0,
