0.0,
0.0,
0.0,
0.0,
0.0,
0.0,
0.0,
0.0,
3.0,
0.0,
0.0,
3.0,
3.0,
0.0,
0.0,
3.0,
0.0,
3.0,
7.0,
8.0,
4.0,
0.0,
0.0,
0.0,
0.0,
0.0,
0.0,
0.0,
1.0,
0.0,
0.0,
0.0,
0.0,
0.0,
0.0,
0.0,
7.0,
6.0,
4.0,
3.0,
2.0,
2.0,
2.0,
3.0,
0.0,
0.0,
0.0,
0.0,
0.0,
0.0,
2.0,
5.0,
0.0,
0.0,
0.0,
0.0,
1.0,
1.0,
1.0,
0.0,
0.0,
0.0,
0.0,
0.0,
0.0,
0.0,
1.0,
0.0,
0.0,
0.0,
0.0,
0.0,
8.0,
5.0,
2.0,
1.0,
3.0,
2.0,
0.0,
0.0,
0.0,
0.0,
0.0,
0.0,
2.0,
2.0,
1.0,
0.0,
0.0,
0.0,
0.0,
0.0,
7.0,
4.0,
0.0,
0.0,
0.0,
1.0,
7.0,
11.0,
0.0,
0.0,
0.0,
0.0,
2.0,
2.0,
0.0,
0.0,
0.0,
0.0,
0.0,
0.0,
1.0,
1.0,
1.0,
0.0,
0.0,
0.0,
0.0,
0.0,
0.0,
0.0,
0.0,
5.0,
5.0,
0.0,
0.0,
0.0,
8.0,
7.0,
4.0,
0.0,
0.0,
0.0,
0.0,
1.0,
0.0,
0.0,
0.0,
0.0,
0.0,
0.0,
0.0,
0.0,
0.0,
0.0,
0.0,
0.0,
5.0,
1.0,
0.0,
2.0,
1.0,
0.0,
0.0,
1.0,
0.0,
0.0,
1.0,
3.0,
4.0,
2.0,
0.0,
0.0,
0.0,
0.0,
0.0,
0.0,
0.0,
0.0,
0.0,
0.0,
0.0,
1.0,
2.0,
2.0,
0.0,
6.0,
4.0,
0.0,
0.0,
6.0,
9.0,
0.0,
5.0,
0.0,
0.0,
0.0,
1.0,
7.0,
4.0,
0.0,
0.0,
0.0,
0.0,
0.0,
0.0,
0.0,
0.0,
0.0,
1.0,
2.0,
3.0,
3.0,
104.0,
175.0,
239.0,
255.0,
255.0,
250.0,
191.0,
122.0,
131.0,
90.0,
37.0,
4.0,
0.0,
0.0,
0.0,
0.0,
0.0,
0.0,
0.0,
0.0,
0.0,
0.0,
12.0,
0.0,
8.0,
89.0,
162.0,
253.0,
254.0,
255.0,
250.0,
249.0,
255.0,
251.0,
248.0,
255.0,
240.0,
255.0,
249.0,
217.0,
105.0,
5.0,
0.0,
5.0,
0.0,
0.0,
0.0,
0.0,
8.0,
0.0,
0.0,
2.0,
133.0,
255.0,
255.0,
253.0,
255.0,
248.0,
229.0,
217.0,
217.0,
214.0,
216.0,
230.0,
255.0,
239.0,
255.0,
245.0,
228.0,
46.0,
0.0,
0.0,
0.0,
0.0,
0.0,
0.0,
0.0,
7.0,
0.0,
13.0,
139.0,
211.0,
132.0,
80.0,
85.0,
64.0,
24.0,
0.0,
0.0,
3.0,
24.0,
50.0,
79.0,
152.0,
254.0,
255.0,
251.0,
120.0,
6.0,
6.0,
0.0,
0.0,
0.0,
0.0,
0.0,
6.0,
3.0,
0.0,
28.0,
39.0,
0.0,
0.0,
13.0,
11.0,
0.0,
0.0,
0.0,
0.0,
0.0,
1.0,
0.0,
15.0,
112.0,
244.0,
255.0,
247.0,
4.0,
0.0,
0.0,
0.0,
0.0,
0.0,
6.0,
0.0,
0.0,
0.0,
0.0,
0.0,
0.0,
8.0,
0.0,
0.0,
1.0,
8.0,
14.0,
5.0,
0.0,
0.0,
0.0,
0.0,
147.0,
255.0,
247.0,
223.0,
2.0,
17.0,
0.0,
0.0,
0.0,
0.0,
2.0,
0.0,
6.0,
13.0,
0.0,
4.0,
9.0,
0.0,
7.0,
6.0,
0.0,
0.0,
0.0,
0.0,
0.0,
11.0,
2.0,
5.0,
210.0,
246.0,
254.0,
139.0,
10.0,
0.0,
0.0,
0.0,
0.0,
0.0,
5.0,
4.0,
1.0,
0.0,
0.0,
2.0,
17.0,
4.0,
0.0,
3.0,
3.0,
5.0,
10.0,
2.0,
0.0,
0.0,
5.0,
51.0,
222.0,
255.0,
255.0,
35.0,
0.0,
0.0,
0.0,
0.0,
0.0,
0.0,
0.0,
6.0,
0.0,
0.0,
8.0,
0.0,
0.0,
3.0,
0.0,
1.0,
0.0,
0.0,
0.0,
0.0,
0.0,
5.0,
23.0,
189.0,
255.0,
255.0,
199.0,
18.0,
8.0,
0.0,
0.0,
0.0,
0.0,
0.0,
0.0,
0.0,
0.0,
0.0,
0.0,
0.0,
0.0,
0.0,
9.0,
0.0,
0.0,
8.0,
0.0,
2.0,
8.0,
0.0,
167.0,
249.0,
253.0,
254.0,
90.0,
1.0,
1.0,
0.0,
0.0,
0.0,
0.0,
0.0,
0.0,
0.0,
0.0,
0.0,
0.0,
0.0,
0.0,
0.0,
0.0,
23.0,
0.0,
0.0,
0.0,
13.0,
0.0,
110.0,
245.0,
255.0,
255.0,
154.0,
17.0,
0.0,
11.0,
7.0,
0.0,
0.0,
0.0,
0.0,
0.0,
0.0,
0.0,
0.0,
0.0,
0.0,
0.0,
0.0,
0.0,
0.0,
0.0,
0.0,
11.0,
0.0,
42.0,
219.0,
250.0,
255.0,
223.0,
84.0,
4.0,
0.0,
2.0,
0.0,
0.0,
0.0,
0.0,
0.0,
0.0,
0.0,
0.0,
0.0,
0.0,
0.0,
0.0,
0.0,
15.0,
0.0,
11.0,
6.0,
0.0,
11.0,
189.0,
252.0,
254.0,
255.0,
105.0,
22.0,
0.0,
2.0,
0.0,
5.0,
0.0,
0.0,
0.0,
0.0,
0.0,
0.0,
0.0,
0.0,
0.0,
0.0,
0.0,
0.0,
3.0,
0.0,
5.0,
0.0,
0.0,
133.0,
255.0,
245.0,
255.0,
170.0,
21.0,
0.0,
0.0,
0.0,
0.0,
6.0,
0.0,
0.0,
0.0,
0.0,
0.0,
0.0,
0.0,
0.0,
0.0,
0.0,
0.0,
0.0,
0.0,
0.0,
0.0,
5.0,
114.0,
233.0,
250.0,
255.0,
204.0,
30.0,
11.0,
0.0,
8.0,
0.0,
0.0,
0.0,
0.0,
0.0,
0.0,
0.0,
0.0,
0.0,
0.0,
0.0,
0.0,
0.0,
0.0,
0.0,
10.0,
0.0,
10.0,
114.0,
253.0,
255.0,
254.0,
201.0,
99.0,
0.0,
6.0,
0.0,
0.0,
0.0,
8.0,
5.0,
0.0,
0.0,
0.0,
0.0,
0.0,
0.0,
0.0,
0.0,
0.0,
0.0,
0.0,
0.0,
0.0,
3.0,
2.0,
229.0,
250.0,
243.0,
255.0,
57.0,
0.0,
9.0,
0.0,
0.0,
8.0,
0.0,
0.0,
3.0,
0.0,
0.0,
0.0,
0.0,
0.0,
0.0,
0.0,
0.0,
0.0,
0.0,
0.0,
0.0,
0.0,
3.0,
118.0,
255.0,
252.0,
250.0,
75.0,
10.0,
0.0,
0.0,
0.0,
0.0,
0.0,
0.0,
0.0,
0.0,
0.0,
0.0,
0.0,
0.0,
0.0,
0.0,
0.0,
0.0,
0.0,
0.0,
0.0,
0.0,
9.0,
0.0,
227.0,
244.0,
234.0,
202.0,
8.0,
0.0,
0.0,
0.0,
0.0,
0.0,
0.0,
0.0,
0.0,
0.0,
0.0,
0.0,
0.0,
0.0,
0.0,
0.0,
0.0,
0.0,
0.0,
0.0,
0.0,
0.0,
0.0,
3.0,
163.0,
255.0,
210.0,
1.0,
0.0,
22.0,
0.0,
0.0,
0.0,
0.0,
0.0,
0.0,
0.0,
0.0,
0.0,
0.0,
0.0,
0.0,
0.0,
0.0,
0.0,
0.0,
0.0,
0.0,
0.0,
0.0,
12.0,
1.0,
0.0,
0.0,
0.0,
1.0,
12.0,
0.0,
0.0,
0.0,
0.0,
0.0,
0.0,
0.0,
0.0,
0.0,
0.0,
0.0,
0.0,
0.0,
