0.0,
0.0,
0.0,
0.0,
0.0,
0.0,
0.0,
1.0,
10.0,
0.0,
0.0,
0.0,
6.0,
0.0,
0.0,
9.0,
6.0,
0.0,
1.0,
7.0,
0.0,
0.0,
7.0,
0.0,
0.0,
0.0,
0.0,
0.0,
0.0,
0.0,
0.0,
0.0,
0.0,
0.0,
0.0,
0.0,
0.0,
4.0,
12.0,
0.0,
0.0,
2.0,
0.0,
0.0,
0.0,
14.0,
0.0,
0.0,
16.0,
0.0,
0.0,
4.0,
0.0,
0.0,
0.0,
0.0,
0.0,
0.0,
0.0,
0.0,
0.0,
0.0,
0.0,
0.0,
14.0,
0.0,
0.0,
0.0,
0.0,
8.0,
8.0,
0.0,
0.0,
0.0,
0.0,
2.0,
0.0,
0.0,
4.0,
12.0,
0.0,
0.0,
0.0,
0.0,
0.0,
0.0,
1.0,
1.0,
1.0,
0.0,
0.0,
0.0,
0.0,
0.0,
1.0,
15.0,
2.0,
0.0,
0.0,
1.0,
14.0,
0.0,
0.0,
2.0,
0.0,
3.0,
9.0,
0.0,
0.0,
0.0,
0.0,
0.0,
0.0,
0.0,
1.0,
1.0,
1.0,
0.0,
0.0,
0.0,
0.0,
4.0,
3.0,
0.0,
0.0,
4.0,
10.0,
0.0,
0.0,
14.0,
11.0,
0.0,
10.0,
4.0,
0.0,
6.0,
0.0,
0.0,
0.0,
0.0,
0.0,
0.0,
0.0,
0.0,
0.0,
1.0,
2.0,
3.0,
1.0,
5.0,
1.0,
3.0,
7.0,
0.0,
0.0,
1.0,
7.0,
0.0,
0.0,
0.0,
4.0,
3.0,
0.0,
0.0,
0.0,
0.0,
0.0,
0.0,
1.0,
0.0,
0.0,
0.0,
0.0,
1.0,
5.0,
7.0,
0.0,
0.0,
0.0,
16.0,
50.0,
64.0,
132.0,
247.0,
255.0,
247.0,
255.0,
234.0,
102.0,
1.0,
0.0,
17.0,
0.0,
0.0,
0.0,
0.0,
1.0,
0.0,
0.0,
0.0,
0.0,
2.0,
6.0,
9.0,
113.0,
122.0,
115.0,
163.0,
249.0,
255.0,
232.0,
254.0,
255.0,
242.0,
248.0,
255.0,
221.0,
87.0,
0.0,
0.0,
0.0,
0.0,
0.0,
0.0,
0.0,
7.0,
5.0,
1.0,
0.0,
15.0,
0.0,
177.0,
248.0,
255.0,
249.0,
253.0,
249.0,
242.0,
255.0,
235.0,
254.0,
239.0,
244.0,
255.0,
249.0,
179.0,
7.0,
0.0,
0.0,
0.0,
0.0,
0.0,
10.0,
2.0,
0.0,
1.0,
0.0,
0.0,
19.0,
220.0,
242.0,
255.0,
239.0,
245.0,
255.0,
251.0,
194.0,
229.0,
203.0,
255.0,
255.0,
233.0,
255.0,
154.0,
15.0,
8.0,
0.0,
0.0,
0.0,
0.0,
4.0,
0.0,
0.0,
6.0,
8.0,
3.0,
78.0,
240.0,
255.0,
182.0,
154.0,
162.0,
137.0,
163.0,
0.0,
0.0,
76.0,
223.0,
248.0,
255.0,
248.0,
100.0,
0.0,
0.0,
0.0,
0.0,
0.0,
0.0,
0.0,
0.0,
0.0,
0.0,
6.0,
1.0,
53.0,
103.0,
98.0,
36.0,
7.0,
0.0,
13.0,
0.0,
11.0,
0.0,
170.0,
249.0,
248.0,
254.0,
106.0,
9.0,
0.0,
16.0,
0.0,
0.0,
0.0,
0.0,
0.0,
3.0,
5.0,
0.0,
2.0,
0.0,
12.0,
0.0,
0.0,
0.0,
5.0,
0.0,
3.0,
0.0,
16.0,
104.0,
242.0,
255.0,
255.0,
220.0,
46.0,
0.0,
0.0,
0.0,
0.0,
0.0,
0.0,
0.0,
1.0,
0.0,
6.0,
1.0,
9.0,
0.0,
14.0,
0.0,
21.0,
0.0,
4.0,
4.0,
0.0,
14.0,
121.0,
247.0,
249.0,
246.0,
207.0,
66.0,
9.0,
0.0,
3.0,
5.0,
0.0,
0.0,
0.0,
0.0,
5.0,
0.0,
5.0,
0.0,
0.0,
0.0,
0.0,
1.0,
0.0,
0.0,
10.0,
11.0,
11.0,
0.0,
255.0,
252.0,
253.0,
253.0,
169.0,
0.0,
7.0,
1.0,
0.0,
0.0,
0.0,
0.0,
0.0,
0.0,
0.0,
0.0,
8.0,
0.0,
0.0,
8.0,
0.0,
2.0,
9.0,
0.0,
0.0,
0.0,
0.0,
160.0,
243.0,
255.0,
251.0,
251.0,
145.0,
5.0,
3.0,
3.0,
0.0,
2.0,
0.0,
0.0,
0.0,
0.0,
0.0,
6.0,
4.0,
0.0,
0.0,
0.0,
0.0,
6.0,
9.0,
0.0,
0.0,
6.0,
25.0,
215.0,
255.0,
249.0,
255.0,
136.0,
16.0,
0.0,
0.0,
0.0,
21.0,
0.0,
0.0,
0.0,
0.0,
0.0,
1.0,
1.0,
0.0,
0.0,
10.0,
5.0,
0.0,
3.0,
0.0,
0.0,
17.0,
0.0,
134.0,
250.0,
255.0,
253.0,
167.0,
47.0,
0.0,
3.0,
5.0,
0.0,
0.0,
1.0,
0.0,
0.0,
0.0,
0.0,
7.0,
1.0,
0.0,
0.0,
8.0,
0.0,
0.0,
0.0,
0.0,
25.0,
0.0,
0.0,
142.0,
246.0,
243.0,
245.0,
66.0,
0.0,
0.0,
0.0,
1.0,
12.0,
0.0,
0.0,
0.0,
0.0,
0.0,
0.0,
0.0,
5.0,
1.0,
0.0,
0.0,
0.0,
0.0,
7.0,
1.0,
0.0,
0.0,
106.0,
245.0,
255.0,
255.0,
163.0,
33.0,
3.0,
6.0,
1.0,
0.0,
10.0,
2.0,
0.0,
0.0,
0.0,
0.0,
0.0,
0.0,
5.0,
4.0,
0.0,
3.0,
8.0,
5.0,
4.0,
0.0,
1.0,
95.0,
255.0,
242.0,
244.0,
218.0,
144.0,
33.0,
6.0,
0.0,
11.0,
8.0,
0.0,
0.0,
6.0,
0.0,
0.0,
0.0,
0.0,
0.0,
6.0,
1.0,
0.0,
7.0,
9.0,
0.0,
0.0,
25.0,
0.0,
208.0,
252.0,
250.0,
255.0,
199.0,
9.0,
9.0,
10.0,
0.0,
2.0,
6.0,
0.0,
6.0,
0.0,
0.0,
0.0,
0.0,
0.0,
4.0,
3.0,
0.0,
0.0,
2.0,
0.0,
0.0,
16.0,
0.0,
149.0,
255.0,
237.0,
255.0,
219.0,
36.0,
0.0,
0.0,
10.0,
2.0,
0.0,
0.0,
9.0,
8.0,
0.0,
0.0,
0.0,
0.0,
0.0,
0.0,
0.0,
0.0,
7.0,
0.0,
0.0,
21.0,
86.0,
250.0,
254.0,
246.0,
227.0,
74.0,
2.0,
0.0,
6.0,
6.0,
0.0,
5.0,
0.0,
2.0,
3.0,
0.0,
6.0,
0.0,
0.0,
0.0,
0.0,
9.0,
0.0,
0.0,
4.0,
0.0,
2.0,
109.0,
235.0,
247.0,
255.0,
233.0,
174.0,
0.0,
2.0,
7.0,
0.0,
0.0,
0.0,
0.0,
0.0,
0.0,
0.0,
0.0,
0.0,
0.0,
0.0,
0.0,
0.0,
0.0,
0.0,
9.0,
3.0,
0.0,
23.0,
146.0,
255.0,
243.0,
255.0,
251.0,
184.0,
13.0,
0.0,
0.0,
3.0,
0.0,
0.0,
0.0,
0.0,
0.0,
0.0,
0.0,
0.0,
0.0,
0.0,
0.0,
0.0,
0.0,
0.0,
0.0,
3.0,
4.0,
0.0,
0.0,
0.0,
0.0,
0.0,
0.0,
0.0,
0.0,
5.0,
7.0,
0.0,
0.0,
0.0,
0.0,
0.0,
0.0,
0.0,
0.0,
0.0,
0.0,
0.0,
0.0,
0.0,
9.0,
3.0,
0.0,
0.0,
0.0,
7.0,
9.0,
5.0,
4.0,
0.0,
0.0,
1.0,
4.0,
9.0,
7.0,
0.0,
0.0,
0.0,
0.0,
0.0,
0.0,
0.0,
0.0,
0.0,
0.0,
0.0,
0.0,
0.0,
