0.0,
0.0,
0.0,
0.0,
0.0,
0.0,
0.0,
0.0,
4.0,
0.0,
2.0,
3.0,
2.0,
1.0,
0.0,
2.0,
6.0,
0.0,
0.0,
2.0,
4.0,
0.0,
0.0,
0.0,
0.0,
0.0,
0.0,
0.0,
0.0,
0.0,
0.0,
0.0,
0.0,
0.0,
0.0,
0.0,
0.0,
2.0,
0.0,
0.0,
0.0,
3.0,
8.0,
0.0,
0.0,
0.0,
0.0,
0.0,
0.0,
0.0,
0.0,
6.0,
0.0,
0.0,
0.0,
0.0,
0.0,
0.0,
0.0,
0.0,
0.0,
0.0,
0.0,
0.0,
0.0,
7.0,
0.0,
6.0,
7.0,
0.0,
6.0,
0.0,
8.0,
6.0,
5.0,
3.0,
0.0,
0.0,
0.0,
4.0,
0.0,
0.0,
0.0,
0.0,
0.0,
0.0,
0.0,
0.0,
0.0,
0.0,
0.0,
0.0,
9.0,
0.0,
0.0,
1.0,
0.0,
0.0,
0.0,
17.0,
0.0,
0.0,
0.0,
0.0,
0.0,
0.0,
1.0,
4.0,
0.0,
0.0,
0.0,
0.0,
0.0,
0.0,
0.0,
0.0,
0.0,
0.0,
0.0,
0.0,
0.0,
0.0,
3.0,
2.0,
4.0,
7.0,
0.0,
2.0,
3.0,
3.0,
3.0,
2.0,
3.0,
3.0,
0.0,
0.0,
0.0,
0.0,
0.0,
0.0,
0.0,
0.0,
0.0,
0.0,
0.0,
0.0,
0.0,
0.0,
7.0,
2.0,
4.0,
0.0,
0.0,
14.0,
0.0,
0.0,
0.0,
0.0,
0.0,
0.0,
0.0,
0.0,
0.0,
0.0,
0.0,
0.0,
0.0,
0.0,
0.0,
0.0,
0.0,
0.0,
0.0,
0.0,
0.0,
0.0,
0.0,
4.0,
0.0,
7.0,
3.0,
0.0,
8.0,
4.0,
0.0,
8.0,
11.0,
1.0,
0.0,
0.0,
3.0,
8.0,
0.0,
0.0,
0.0,
0.0,
0.0,
0.0,
0.0,
0.0,
0.0,
0.0,
0.0,
0.0,
1.0,
79.0,
121.0,
241.0,
223.0,
101.0,
118.0,
105.0,
105.0,
110.0,
96.0,
58.0,
17.0,
0.0,
0.0,
0.0,
0.0,
0.0,
0.0,
0.0,
6.0,
0.0,
13.0,
0.0,
0.0,
6.0,
0.0,
130.0,
214.0,
246.0,
246.0,
253.0,
255.0,
240.0,
248.0,
255.0,
247.0,
251.0,
252.0,
239.0,
16.0,
0.0,
19.0,
0.0,
0.0,
0.0,
0.0,
0.0,
0.0,
7.0,
0.0,
4.0,
0.0,
0.0,
11.0,
254.0,
250.0,
245.0,
255.0,
255.0,
252.0,
255.0,
255.0,
248.0,
251.0,
248.0,
255.0,
250.0,
154.0,
2.0,
0.0,
0.0,
0.0,
0.0,
0.0,
0.0,
0.0,
0.0,
16.0,
2.0,
3.0,
1.0,
97.0,
253.0,
255.0,
255.0,
246.0,
109.0,
134.0,
231.0,
188.0,
249.0,
255.0,
249.0,
250.0,
241.0,
169.0,
1.0,
0.0,
7.0,
0.0,
0.0,
0.0,
0.0,
4.0,
7.0,
0.0,
0.0,
14.0,
18.0,
250.0,
244.0,
243.0,
190.0,
58.0,
3.0,
18.0,
0.0,
13.0,
106.0,
251.0,
251.0,
246.0,
212.0,
41.0,
1.0,
0.0,
8.0,
0.0,
0.0,
0.0,
0.0,
2.0,
4.0,
0.0,
0.0,
0.0,
67.0,
245.0,
255.0,
255.0,
58.0,
5.0,
3.0,
0.0,
0.0,
4.0,
108.0,
242.0,
250.0,
255.0,
148.0,
0.0,
5.0,
0.0,
0.0,
0.0,
0.0,
0.0,
0.0,
0.0,
0.0,
23.0,
0.0,
0.0,
104.0,
255.0,
226.0,
165.0,
42.0,
4.0,
1.0,
0.0,
0.0,
19.0,
103.0,
252.0,
250.0,
244.0,
47.0,
1.0,
0.0,
0.0,
0.0,
0.0,
0.0,
0.0,
0.0,
0.0,
7.0,
0.0,
0.0,
12.0,
51.0,
255.0,
139.0,
12.0,
0.0,
0.0,
0.0,
12.0,
0.0,
5.0,
191.0,
255.0,
254.0,
170.0,
0.0,
15.0,
0.0,
0.0,
5.0,
0.0,
0.0,
0.0,
0.0,
1.0,
0.0,
10.0,
0.0,
0.0,
3.0,
0.0,
7.0,
0.0,
21.0,
0.0,
4.0,
0.0,
3.0,
130.0,
255.0,
248.0,
255.0,
103.0,
3.0,
0.0,
9.0,
0.0,
0.0,
0.0,
0.0,
0.0,
0.0,
0.0,
0.0,
0.0,
0.0,
0.0,
0.0,
0.0,
0.0,
0.0,
0.0,
0.0,
0.0,
0.0,
4.0,
140.0,
255.0,
255.0,
212.0,
13.0,
0.0,
9.0,
0.0,
0.0,
7.0,
0.0,
0.0,
0.0,
0.0,
0.0,
0.0,
0.0,
0.0,
0.0,
0.0,
0.0,
0.0,
21.0,
0.0,
16.0,
0.0,
8.0,
18.0,
222.0,
253.0,
255.0,
121.0,
0.0,
2.0,
0.0,
14.0,
12.0,
0.0,
0.0,
0.0,
0.0,
0.0,
0.0,
0.0,
0.0,
0.0,
0.0,
0.0,
0.0,
0.0,
0.0,
0.0,
6.0,
10.0,
0.0,
54.0,
251.0,
255.0,
251.0,
47.0,
4.0,
21.0,
0.0,
0.0,
0.0,
0.0,
0.0,
0.0,
0.0,
0.0,
0.0,
0.0,
0.0,
0.0,
0.0,
0.0,
0.0,
0.0,
6.0,
24.0,
0.0,
2.0,
11.0,
172.0,
255.0,
249.0,
221.0,
48.0,
5.0,
0.0,
5.0,
9.0,
0.0,
7.0,
0.0,
0.0,
0.0,
0.0,
0.0,
0.0,
0.0,
0.0,
0.0,
0.0,
0.0,
0.0,
0.0,
4.0,
9.0,
0.0,
11.0,
180.0,
248.0,
255.0,
59.0,
4.0,
7.0,
0.0,
8.0,
9.0,
3.0,
0.0,
0.0,
0.0,
0.0,
0.0,
0.0,
0.0,
0.0,
0.0,
0.0,
0.0,
0.0,
0.0,
15.0,
0.0,
2.0,
5.0,
40.0,
237.0,
255.0,
252.0,
55.0,
0.0,
1.0,
15.0,
4.0,
0.0,
6.0,
0.0,
0.0,
0.0,
0.0,
0.0,
0.0,
0.0,
0.0,
0.0,
0.0,
0.0,
0.0,
0.0,
0.0,
0.0,
0.0,
20.0,
83.0,
240.0,
242.0,
255.0,
179.0,
25.0,
0.0,
5.0,
0.0,
0.0,
5.0,
0.0,
0.0,
0.0,
0.0,
0.0,
0.0,
0.0,
0.0,
0.0,
0.0,
0.0,
0.0,
0.0,
5.0,
7.0,
1.0,
0.0,
206.0,
255.0,
255.0,
255.0,
38.0,
0.0,
8.0,
1.0,
0.0,
10.0,
0.0,
4.0,
0.0,
0.0,
0.0,
0.0,
0.0,
0.0,
0.0,
0.0,
0.0,
0.0,
0.0,
0.0,
0.0,
0.0,
10.0,
10.0,
201.0,
255.0,
253.0,
254.0,
31.0,
11.0,
0.0,
1.0,
4.0,
0.0,
0.0,
0.0,
0.0,
0.0,
0.0,
0.0,
0.0,
0.0,
0.0,
0.0,
0.0,
0.0,
0.0,
0.0,
7.0,
0.0,
10.0,
0.0,
137.0,
253.0,
241.0,
242.0,
21.0,
5.0,
0.0,
0.0,
3.0,
0.0,
0.0,
2.0,
0.0,
0.0,
0.0,
0.0,
0.0,
0.0,
0.0,
0.0,
0.0,
0.0,
0.0,
0.0,
4.0,
10.0,
0.0,
26.0,
20.0,
112.0,
255.0,
57.0,
8.0,
0.0,
0.0,
0.0,
1.0,
0.0,
0.0,
4.0,
0.0,
0.0,
0.0,
0.0,
0.0,
0.0,
0.0,
0.0,
0.0,
0.0,
0.0,
0.0,
0.0,
0.0,
0.0,
0.0,
5.0,
11.0,
0.0,
7.0,
0.0,
0.0,
0.0,
1.0,
1.0,
0.0,
0.0,
5.0,
0.0,
0.0,
0.0,
0.0,
