2.0,
6.0,
2.0,
0.0,
0.0,
7.0,
9.0,
2.0,
6.0,
0.0,
0.0,
0.0,
0.0,
1.0,
1.0,
0.0,
3.0,
2.0,
0.0,
0.0,
2.0,
0.0,
0.0,
5.0,
0.0,
0.0,
0.0,
0.0,
0.0,
0.0,
7.0,
7.0,
0.0,
0.0,
0.0,
0.0,
0.0,
1.0,
9.0,
9.0,
2.0,
0.0,
0.0,
6.0,
0.0,
1.0,
0.0,
0.0,
6.0,
14.0,
8.0,
0.0,
0.0,
0.0,
0.0,
0.0,
8.0,
0.0,
0.0,
0.0,
2.0,
4.0,
7.0,
13.0,
11.0,
5.0,
0.0,
0.0,
0.0,
0.0,
0.0,
0.0,
4.0,
0.0,
2.0,
3.0,
0.0,
0.0,
0.0,
4.0,
0.0,
0.0,
0.0,
0.0,
0.0,
0.0,
1.0,
3.0,
4.0,
0.0,
0.0,
0.0,
0.0,
0.0,
3.0,
6.0,
9.0,
10.0,
7.0,
2.0,
1.0,
0.0,
0.0,
10.0,
8.0,
8.0,
7.0,
0.0,
0.0,
0.0,
0.0,
0.0,
0.0,
4.0,
10.0,
1.0,
0.0,
0.0,
4.0,
4.0,
0.0,
7.0,
10.0,
1.0,
0.0,
0.0,
0.0,
0.0,
0.0,
10.0,
8.0,
0.0,
0.0,
0.0,
5.0,
0.0,
0.0,
0.0,
0.0,
0.0,
3.0,
2.0,
0.0,
0.0,
0.0,
3.0,
3.0,
0.0,
0.0,
0.0,
0.0,
0.0,
2.0,
9.0,
5.0,
0.0,
0.0,
0.0,
0.0,
5.0,
20.0,
7.0,
0.0,
4.0,
0.0,
0.0,
0.0,
0.0,
2.0,
0.0,
0.0,
9.0,
6.0,
0.0,
0.0,
11.0,
66.0,
174.0,
255.0,
255.0,
181.0,
150.0,
197.0,
255.0,
239.0,
158.0,
35.0,
0.0,
1.0,
0.0,
0.0,
1.0,
0.0,
0.0,
0.0,
0.0,
4.0,
0.0,
3.0,
5.0,
0.0,
0.0,
92.0,
200.0,
251.0,
255.0,
253.0,
246.0,
250.0,
255.0,
255.0,
249.0,
251.0,
255.0,
159.0,
19.0,
0.0,
6.0,
0.0,
0.0,
0.0,
0.0,
0.0,
0.0,
0.0,
3.0,
0.0,
0.0,
0.0,
8.0,
106.0,
251.0,
185.0,
170.0,
105.0,
80.0,
81.0,
135.0,
88.0,
76.0,
135.0,
245.0,
254.0,
17.0,
0.0,
2.0,
0.0,
0.0,
0.0,
0.0,
0.0,
0.0,
0.0,
6.0,
0.0,
0.0,
1.0,
0.0,
3.0,
66.0,
0.0,
10.0,
0.0,
0.0,
0.0,
21.0,
0.0,
2.0,
120.0,
250.0,
247.0,
38.0,
0.0,
1.0,
1.0,
3.0,
0.0,
0.0,
0.0,
0.0,
0.0,
3.0,
0.0,
0.0,
15.0,
8.0,
0.0,
5.0,
0.0,
7.0,
2.0,
7.0,
0.0,
0.0,
0.0,
4.0,
116.0,
255.0,
246.0,
55.0,
3.0,
0.0,
0.0,
0.0,
0.0,
0.0,
0.0,
0.0,
0.0,
7.0,
0.0,
0.0,
1.0,
3.0,
0.0,
6.0,
7.0,
4.0,
0.0,
0.0,
0.0,
0.0,
7.0,
0.0,
125.0,
255.0,
241.0,
39.0,
0.0,
0.0,
0.0,
0.0,
0.0,
0.0,
0.0,
0.0,
0.0,
4.0,
3.0,
1.0,
0.0,
0.0,
0.0,
0.0,
0.0,
0.0,
0.0,
1.0,
12.0,
4.0,
0.0,
0.0,
161.0,
247.0,
219.0,
8.0,
0.0,
4.0,
0.0,
4.0,
0.0,
0.0,
0.0,
0.0,
2.0,
0.0,
0.0,
4.0,
9.0,
7.0,
5.0,
5.0,
0.0,
3.0,
4.0,
2.0,
0.0,
0.0,
0.0,
38.0,
226.0,
255.0,
174.0,
0.0,
0.0,
9.0,
0.0,
2.0,
0.0,
0.0,
0.0,
0.0,
9.0,
0.0,
0.0,
0.0,
0.0,
0.0,
1.0,
0.0,
1.0,
0.0,
4.0,
3.0,
0.0,
4.0,
13.0,
155.0,
255.0,
255.0,
85.0,
3.0,
2.0,
3.0,
0.0,
0.0,
0.0,
0.0,
0.0,
0.0,
0.0,
1.0,
8.0,
1.0,
0.0,
4.0,
10.0,
0.0,
4.0,
0.0,
0.0,
6.0,
0.0,
5.0,
12.0,
206.0,
243.0,
230.0,
0.0,
0.0,
0.0,
0.0,
0.0,
3.0,
0.0,
0.0,
0.0,
0.0,
0.0,
0.0,
0.0,
0.0,
0.0,
0.0,
0.0,
0.0,
14.0,
0.0,
3.0,
10.0,
0.0,
0.0,
71.0,
250.0,
255.0,
156.0,
0.0,
6.0,
0.0,
2.0,
0.0,
0.0,
0.0,
0.0,
0.0,
0.0,
0.0,
0.0,
0.0,
0.0,
0.0,
0.0,
0.0,
0.0,
0.0,
6.0,
1.0,
0.0,
0.0,
4.0,
200.0,
255.0,
240.0,
85.0,
0.0,
0.0,
0.0,
1.0,
0.0,
2.0,
0.0,
0.0,
0.0,
0.0,
0.0,
0.0,
0.0,
0.0,
0.0,
0.0,
0.0,
0.0,
3.0,
8.0,
0.0,
9.0,
0.0,
17.0,
238.0,
238.0,
198.0,
10.0,
5.0,
0.0,
1.0,
0.0,
2.0,
3.0,
0.0,
0.0,
0.0,
0.0,
0.0,
0.0,
0.0,
0.0,
0.0,
0.0,
0.0,
0.0,
4.0,
0.0,
2.0,
16.0,
0.0,
134.0,
247.0,
255.0,
135.0,
0.0,
8.0,
0.0,
2.0,
0.0,
0.0,
4.0,
0.0,
0.0,
0.0,
0.0,
0.0,
0.0,
0.0,
0.0,
0.0,
0.0,
0.0,
0.0,
0.0,
0.0,
8.0,
0.0,
13.0,
246.0,
255.0,
247.0,
61.0,
1.0,
1.0,
1.0,
1.0,
0.0,
0.0,
5.0,
0.0,
0.0,
0.0,
0.0,
0.0,
0.0,
0.0,
0.0,
0.0,
0.0,
0.0,
0.0,
2.0,
1.0,
2.0,
0.0,
123.0,
255.0,
244.0,
162.0,
6.0,
14.0,
0.0,
0.0,
0.0,
1.0,
0.0,
6.0,
0.0,
0.0,
0.0,
0.0,
0.0,
0.0,
0.0,
0.0,
0.0,
0.0,
0.0,
0.0,
2.0,
0.0,
0.0,
42.0,
240.0,
255.0,
235.0,
81.0,
0.0,
6.0,
0.0,
0.0,
0.0,
3.0,
0.0,
2.0,
0.0,
0.0,
0.0,
0.0,
0.0,
0.0,
0.0,
0.0,
0.0,
0.0,
0.0,
0.0,
2.0,
5.0,
0.0,
42.0,
246.0,
253.0,
208.0,
0.0,
3.0,
0.0,
6.0,
1.0,
0.0,
4.0,
0.0,
0.0,
0.0,
0.0,
0.0,
0.0,
0.0,
0.0,
0.0,
0.0,
0.0,
0.0,
0.0,
0.0,
4.0,
0.0,
0.0,
153.0,
242.0,
255.0,
49.0,
0.0,
0.0,
0.0,
0.0,
0.0,
0.0,
0.0,
0.0,
0.0,
0.0,
0.0,
0.0,
0.0,
0.0,
0.0,
0.0,
0.0,
0.0,
0.0,
0.0,
0.0,
0.0,
14.0,
74.0,
227.0,
255.0,
219.0,
27.0,
0.0,
0.0,
0.0,
0.0,
0.0,
0.0,
0.0,
0.0,
0.0,
0.0,
0.0,
0.0,
0.0,
0.0,
0.0,
0.0,
0.0,
0.0,
0.0,
0.0,
0.0,
0.0,
0.0,
0.0,
9.0,
0.0,
17.0,
0.0,
13.0,
0.0,
0.0,
0.0,
0.0,
0.0,
0.0,
0.0,
0.0,
0.0,
0.0,
0.0,
0.0,
0.0,
0.0,
0.0,
0.0,
0.0,
0.0,
0.0,
0.0,
5.0,
4.0,
14.0,
0.0,
0.0,
4.0,
0.0,
6.0,
0.0,
0.0,
0.0,
0.0,
0.0,
0.0,
0.0,
0.0,
0.0,
0.0,
0.0,
0.0,
