11.0,
0.0,
0.0,
7.0,
0.0,
0.0,
0.0,
3.0,
0.0,
6.0,
0.0,
0.0,
0.0,
3.0,
0.0,
1.0,
5.0,
0.0,
4.0,
0.0,
4.0,
0.0,
0.0,
5.0,
0.0,
0.0,
0.0,
0.0,
0.0,
0.0,
0.0,
0.0,
0.0,
2.0,
5.0,
2.0,
0.0,
0.0,
0.0,
5.0,
11.0,
0.0,
0.0,
6.0,
0.0,
0.0,
6.0,
4.0,
12.0,
0.0,
4.0,
0.0,
0.0,
0.0,
0.0,
0.0,
5.0,
8.0,
5.0,
0.0,
0.0,
0.0,
0.0,
0.0,
0.0,
12.0,
8.0,
0.0,
3.0,
5.0,
0.0,
0.0,
6.0,
7.0,
0.0,
0.0,
0.0,
0.0,
11.0,
0.0,
0.0,
0.0,
0.0,
0.0,
0.0,
1.0,
0.0,
0.0,
4.0,
4.0,
10.0,
6.0,
0.0,
0.0,
0.0,
0.0,
0.0,
0.0,
0.0,
22.0,
0.0,
0.0,
0.0,
0.0,
0.0,
0.0,
5.0,
0.0,
0.0,
0.0,
0.0,
0.0,
0.0,
1.0,
0.0,
4.0,
0.0,
0.0,
0.0,
0.0,
6.0,
13.0,
0.0,
0.0,
0.0,
12.0,
2.0,
0.0,
9.0,
0.0,
14.0,
6.0,
0.0,
8.0,
0.0,
2.0,
0.0,
0.0,
0.0,
0.0,
8.0,
9.0,
0.0,
8.0,
0.0,
0.0,
22.0,
4.0,
0.0,
0.0,
4.0,
2.0,
4.0,
1.0,
0.0,
1.0,
0.0,
0.0,
1.0,
0.0,
0.0,
3.0,
0.0,
11.0,
0.0,
0.0,
0.0,
0.0,
0.0,
0.0,
0.0,
2.0,
0.0,
55.0,
151.0,
135.0,
151.0,
62.0,
37.0,
127.0,
197.0,
166.0,
127.0,
140.0,
22.0,
46.0,
0.0,
0.0,
13.0,
2.0,
0.0,
0.0,
0.0,
0.0,
0.0,
0.0,
0.0,
6.0,
0.0,
0.0,
5.0,
119.0,
255.0,
254.0,
247.0,
255.0,
252.0,
251.0,
255.0,
255.0,
250.0,
250.0,
255.0,
236.0,
33.0,
0.0,
7.0,
0.0,
13.0,
0.0,
0.0,
0.0,
0.0,
0.0,
0.0,
3.0,
0.0,
6.0,
8.0,
20.0,
232.0,
255.0,
255.0,
246.0,
255.0,
253.0,
250.0,
255.0,
252.0,
255.0,
255.0,
251.0,
210.0,
81.0,
0.0,
14.0,
0.0,
1.0,
0.0,
0.0,
0.0,
0.0,
1.0,
0.0,
0.0,
3.0,
0.0,
0.0,
94.0,
106.0,
217.0,
250.0,
255.0,
254.0,
255.0,
255.0,
246.0,
247.0,
255.0,
247.0,
255.0,
143.0,
0.0,
0.0,
0.0,
0.0,
0.0,
0.0,
0.0,
0.0,
6.0,
0.0,
5.0,
4.0,
0.0,
0.0,
0.0,
0.0,
6.0,
63.0,
78.0,
83.0,
104.0,
102.0,
102.0,
115.0,
97.0,
146.0,
255.0,
221.0,
21.0,
4.0,
0.0,
5.0,
0.0,
0.0,
0.0,
0.0,
8.0,
0.0,
0.0,
3.0,
2.0,
17.0,
0.0,
1.0,
0.0,
16.0,
6.0,
9.0,
7.0,
0.0,
0.0,
0.0,
0.0,
114.0,
239.0,
247.0,
11.0,
0.0,
0.0,
8.0,
0.0,
0.0,
0.0,
0.0,
0.0,
7.0,
0.0,
1.0,
0.0,
8.0,
0.0,
8.0,
0.0,
0.0,
0.0,
0.0,
0.0,
1.0,
10.0,
0.0,
16.0,
186.0,
245.0,
255.0,
17.0,
0.0,
0.0,
0.0,
0.0,
0.0,
0.0,
0.0,
0.0,
13.0,
0.0,
9.0,
0.0,
0.0,
0.0,
0.0,
6.0,
1.0,
14.0,
0.0,
0.0,
8.0,
2.0,
1.0,
103.0,
253.0,
255.0,
246.0,
28.0,
13.0,
0.0,
0.0,
0.0,
0.0,
0.0,
0.0,
0.0,
6.0,
0.0,
11.0,
1.0,
0.0,
2.0,
0.0,
0.0,
0.0,
12.0,
0.0,
0.0,
1.0,
0.0,
85.0,
228.0,
255.0,
253.0,
177.0,
0.0,
0.0,
0.0,
7.0,
0.0,
0.0,
0.0,
0.0,
5.0,
0.0,
2.0,
0.0,
0.0,
3.0,
3.0,
3.0,
6.0,
0.0,
3.0,
0.0,
17.0,
0.0,
6.0,
203.0,
255.0,
242.0,
255.0,
152.0,
5.0,
1.0,
0.0,
0.0,
0.0,
0.0,
0.0,
0.0,
0.0,
0.0,
0.0,
0.0,
0.0,
0.0,
0.0,
0.0,
5.0,
5.0,
0.0,
0.0,
2.0,
1.0,
96.0,
242.0,
255.0,
241.0,
249.0,
42.0,
0.0,
5.0,
11.0,
0.0,
0.0,
0.0,
0.0,
0.0,
0.0,
0.0,
0.0,
0.0,
0.0,
0.0,
0.0,
0.0,
0.0,
3.0,
16.0,
0.0,
18.0,
48.0,
239.0,
255.0,
240.0,
255.0,
108.0,
8.0,
3.0,
0.0,
0.0,
0.0,
0.0,
0.0,
0.0,
0.0,
0.0,
0.0,
0.0,
0.0,
0.0,
0.0,
0.0,
0.0,
13.0,
0.0,
0.0,
8.0,
8.0,
102.0,
255.0,
251.0,
255.0,
255.0,
25.0,
0.0,
13.0,
0.0,
12.0,
4.0,
0.0,
0.0,
0.0,
0.0,
0.0,
0.0,
0.0,
0.0,
0.0,
0.0,
0.0,
0.0,
8.0,
9.0,
3.0,
17.0,
36.0,
233.0,
255.0,
255.0,
244.0,
121.0,
12.0,
0.0,
2.0,
0.0,
9.0,
1.0,
0.0,
0.0,
0.0,
0.0,
0.0,
0.0,
0.0,
0.0,
0.0,
0.0,
0.0,
0.0,
0.0,
0.0,
1.0,
0.0,
128.0,
255.0,
252.0,
245.0,
190.0,
18.0,
6.0,
0.0,
2.0,
0.0,
0.0,
0.0,
0.0,
0.0,
0.0,
0.0,
0.0,
0.0,
0.0,
0.0,
0.0,
0.0,
0.0,
0.0,
13.0,
11.0,
0.0,
7.0,
187.0,
248.0,
248.0,
255.0,
227.0,
88.0,
0.0,
2.0,
8.0,
9.0,
0.0,
11.0,
0.0,
0.0,
0.0,
0.0,
0.0,
0.0,
0.0,
0.0,
0.0,
0.0,
0.0,
0.0,
0.0,
12.0,
0.0,
0.0,
88.0,
253.0,
255.0,
246.0,
255.0,
166.0,
0.0,
0.0,
0.0,
0.0,
0.0,
4.0,
0.0,
0.0,
0.0,
0.0,
0.0,
0.0,
0.0,
0.0,
0.0,
0.0,
0.0,
0.0,
13.0,
0.0,
17.0,
0.0,
28.0,
234.0,
245.0,
255.0,
249.0,
156.0,
5.0,
0.0,
1.0,
1.0,
6.0,
0.0,
0.0,
0.0,
0.0,
0.0,
0.0,
0.0,
0.0,
0.0,
0.0,
0.0,
0.0,
0.0,
7.0,
5.0,
0.0,
0.0,
9.0,
135.0,
253.0,
249.0,
202.0,
51.0,
0.0,
14.0,
6.0,
0.0,
0.0,
0.0,
0.0,
0.0,
0.0,
0.0,
0.0,
0.0,
0.0,
0.0,
0.0,
0.0,
0.0,
0.0,
0.0,
0.0,
0.0,
29.0,
0.0,
84.0,
241.0,
121.0,
20.0,
0.0,
0.0,
10.0,
0.0,
0.0,
9.0,
3.0,
0.0,
0.0,
0.0,
0.0,
0.0,
0.0,
0.0,
0.0,
0.0,
0.0,
0.0,
0.0,
0.0,
21.0,
1.0,
0.0,
0.0,
0.0,
4.0,
0.0,
0.0,
0.0,
13.0,
9.0,
0.0,
4.0,
6.0,
0.0,
0.0,
0.0,
0.0,
0.0,
0.0,
0.0,
0.0,
0.0,
0.0,
0.0,
0.0,
0.0,
2.0,
0.0,
2.0,
7.0,
11.0,
8.0,
0.0,
12.0,
11.0,
6.0,
0.0,
0.0,
1.0,
4.0,
0.0,
0.0,
0.0,
0.0,
0.0,
0.0,
