0.0,
0.0,
0.0,
0.0,
0.0,
0.0,
0.0,
0.0,
0.0,
0.0,
0.0,
0.0,
1.0,
2.0,
2.0,
1.0,
5.0,
0.0,
0.0,
0.0,
1.0,
3.0,
0.0,
0.0,
0.0,
0.0,
0.0,
0.0,
0.0,
0.0,
0.0,
0.0,
0.0,
0.0,
0.0,
0.0,
5.0,
3.0,
0.0,
0.0,
0.0,
0.0,
0.0,
0.0,
0.0,
1.0,
4.0,
2.0,
0.0,
0.0,
0.0,
0.0,
0.0,
0.0,
0.0,
0.0,
0.0,
0.0,
0.0,
0.0,
0.0,
0.0,
0.0,
0.0,
0.0,
0.0,
3.0,
6.0,
8.0,
7.0,
5.0,
4.0,
0.0,
0.0,
0.0,
1.0,
3.0,
4.0,
2.0,
0.0,
0.0,
0.0,
0.0,
0.0,
0.0,
0.0,
0.0,
0.0,
0.0,
0.0,
0.0,
0.0,
2.0,
3.0,
3.0,
1.0,
0.0,
0.0,
0.0,
0.0,
6.0,
2.0,
0.0,
0.0,
1.0,
2.0,
0.0,
0.0,
0.0,
0.0,
0.0,
0.0,
0.0,
0.0,
0.0,
0.0,
0.0,
0.0,
0.0,
0.0,
5.0,
4.0,
1.0,
0.0,
0.0,
0.0,
6.0,
12.0,
0.0,
0.0,
0.0,
0.0,
0.0,
0.0,
2.0,
6.0,
0.0,
0.0,
0.0,
0.0,
0.0,
0.0,
0.0,
0.0,
0.0,
0.0,
0.0,
0.0,
0.0,
0.0,
3.0,
5.0,
2.0,
0.0,
0.0,
0.0,
12.0,
4.0,
0.0,
0.0,
2.0,
4.0,
0.0,
0.0,
0.0,
0.0,
0.0,
0.0,
0.0,
0.0,
0.0,
0.0,
0.0,
0.0,
0.0,
0.0,
0.0,
1.0,
2.0,
0.0,
0.0,
0.0,
2.0,
8.0,
0.0,
0.0,
1.0,
2.0,
0.0,
0.0,
1.0,
7.0,
0.0,
0.0,
0.0,
0.0,
0.0,
0.0,
0.0,
0.0,
0.0,
0.0,
0.0,
0.0,
15.0,
6.0,
0.0,
0.0,
16.0,
62.0,
115.0,
152.0,
229.0,
255.0,
255.0,
187.0,
74.0,
0.0,
0.0,
8.0,
0.0,
0.0,
0.0,
0.0,
1.0,
0.0,
0.0,
2.0,
2.0,
0.0,
5.0,
82.0,
207.0,
220.0,
210.0,
216.0,
215.0,
253.0,
255.0,
255.0,
251.0,
235.0,
255.0,
255.0,
232.0,
48.0,
15.0,
0.0,
0.0,
0.0,
0.0,
0.0,
0.0,
13.0,
1.0,
0.0,
9.0,
0.0,
145.0,
245.0,
255.0,
253.0,
247.0,
244.0,
255.0,
253.0,
227.0,
192.0,
116.0,
43.0,
120.0,
226.0,
255.0,
104.0,
0.0,
5.0,
0.0,
0.0,
0.0,
0.0,
0.0,
0.0,
1.0,
0.0,
13.0,
143.0,
251.0,
255.0,
255.0,
232.0,
211.0,
157.0,
125.0,
63.0,
31.0,
0.0,
6.0,
0.0,
0.0,
242.0,
250.0,
208.0,
0.0,
4.0,
0.0,
0.0,
0.0,
0.0,
0.0,
11.0,
7.0,
0.0,
108.0,
254.0,
246.0,
227.0,
129.0,
67.0,
10.0,
0.0,
0.0,
0.0,
0.0,
0.0,
0.0,
11.0,
0.0,
228.0,
249.0,
195.0,
20.0,
0.0,
0.0,
0.0,
0.0,
0.0,
14.0,
0.0,
2.0,
54.0,
249.0,
255.0,
241.0,
94.0,
0.0,
0.0,
1.0,
16.0,
1.0,
0.0,
0.0,
5.0,
2.0,
1.0,
22.0,
232.0,
246.0,
134.0,
0.0,
0.0,
0.0,
0.0,
0.0,
0.0,
0.0,
7.0,
0.0,
42.0,
255.0,
230.0,
102.0,
0.0,
13.0,
0.0,
0.0,
0.0,
0.0,
14.0,
2.0,
6.0,
0.0,
0.0,
101.0,
255.0,
243.0,
118.0,
0.0,
4.0,
0.0,
0.0,
0.0,
0.0,
0.0,
3.0,
14.0,
17.0,
53.0,
98.0,
14.0,
0.0,
0.0,
3.0,
5.0,
4.0,
0.0,
0.0,
0.0,
3.0,
2.0,
19.0,
226.0,
246.0,
255.0,
56.0,
13.0,
0.0,
0.0,
0.0,
0.0,
0.0,
0.0,
9.0,
0.0,
0.0,
7.0,
0.0,
0.0,
6.0,
1.0,
0.0,
4.0,
0.0,
10.0,
0.0,
4.0,
0.0,
3.0,
63.0,
245.0,
255.0,
218.0,
0.0,
11.0,
0.0,
0.0,
0.0,
0.0,
0.0,
0.0,
0.0,
0.0,
0.0,
0.0,
0.0,
0.0,
0.0,
7.0,
0.0,
3.0,
11.0,
0.0,
0.0,
1.0,
0.0,
10.0,
188.0,
255.0,
255.0,
47.0,
7.0,
3.0,
0.0,
0.0,
0.0,
0.0,
0.0,
0.0,
0.0,
0.0,
0.0,
0.0,
0.0,
0.0,
0.0,
0.0,
13.0,
0.0,
1.0,
10.0,
0.0,
14.0,
0.0,
70.0,
255.0,
251.0,
220.0,
58.0,
0.0,
0.0,
12.0,
0.0,
0.0,
0.0,
0.0,
0.0,
0.0,
0.0,
0.0,
0.0,
0.0,
0.0,
0.0,
0.0,
13.0,
0.0,
0.0,
7.0,
0.0,
0.0,
17.0,
180.0,
245.0,
241.0,
78.0,
6.0,
0.0,
0.0,
0.0,
0.0,
0.0,
0.0,
0.0,
0.0,
0.0,
0.0,
0.0,
0.0,
0.0,
0.0,
0.0,
1.0,
0.0,
0.0,
0.0,
0.0,
17.0,
0.0,
90.0,
255.0,
250.0,
207.0,
12.0,
0.0,
8.0,
25.0,
0.0,
0.0,
0.0,
0.0,
0.0,
0.0,
0.0,
0.0,
0.0,
0.0,
0.0,
0.0,
0.0,
8.0,
0.0,
12.0,
4.0,
0.0,
2.0,
34.0,
192.0,
242.0,
255.0,
63.0,
8.0,
0.0,
0.0,
0.0,
0.0,
0.0,
0.0,
0.0,
0.0,
0.0,
0.0,
0.0,
0.0,
0.0,
0.0,
0.0,
0.0,
0.0,
0.0,
13.0,
0.0,
2.0,
0.0,
136.0,
255.0,
255.0,
162.0,
0.0,
11.0,
2.0,
9.0,
0.0,
3.0,
0.0,
0.0,
0.0,
0.0,
0.0,
0.0,
0.0,
0.0,
0.0,
0.0,
0.0,
0.0,
0.0,
1.0,
0.0,
0.0,
5.0,
62.0,
220.0,
254.0,
201.0,
21.0,
0.0,
0.0,
0.0,
11.0,
11.0,
0.0,
0.0,
0.0,
0.0,
0.0,
0.0,
0.0,
0.0,
0.0,
0.0,
0.0,
0.0,
0.0,
5.0,
1.0,
0.0,
2.0,
8.0,
178.0,
255.0,
233.0,
49.0,
0.0,
0.0,
8.0,
0.0,
0.0,
5.0,
0.0,
0.0,
0.0,
0.0,
0.0,
0.0,
0.0,
0.0,
0.0,
0.0,
0.0,
0.0,
0.0,
1.0,
9.0,
0.0,
0.0,
76.0,
241.0,
255.0,
96.0,
0.0,
0.0,
0.0,
0.0,
0.0,
0.0,
0.0,
0.0,
0.0,
0.0,
0.0,
0.0,
0.0,
0.0,
0.0,
0.0,
0.0,
0.0,
0.0,
0.0,
0.0,
0.0,
12.0,
0.0,
201.0,
255.0,
199.0,
28.0,
0.0,
0.0,
0.0,
0.0,
0.0,
0.0,
0.0,
0.0,
0.0,
0.0,
0.0,
0.0,
0.0,
0.0,
0.0,
0.0,
0.0,
0.0,
0.0,
0.0,
3.0,
7.0,
6.0,
7.0,
216.0,
230.0,
70.0,
0.0,
0.0,
0.0,
0.0,
0.0,
0.0,
0.0,
0.0,
0.0,
0.0,
0.0,
0.0,
0.0,
0.0,
0.0,
0.0,
0.0,
0.0,
0.0,
0.0,
0.0,
1.0,
0.0,
0.0,
3.0,
0.0,
21.0,
0.0,
8.0,
0.0,
0.0,
0.0,
0.0,
0.0,
0.0,
0.0,
0.0,
0.0,
0.0,
0.0,
0.0,
