0.0,
0.0,
0.0,
0.0,
0.0,
0.0,
0.0,
0.0,
1.0,
0.0,
4.0,
0.0,
8.0,
0.0,
0.0,
2.0,
0.0,
4.0,
0.0,
1.0,
0.0,
12.0,
0.0,
0.0,
0.0,
0.0,
0.0,
0.0,
0.0,
0.0,
0.0,
0.0,
0.0,
0.0,
0.0,
0.0,
10.0,
0.0,
0.0,
0.0,
5.0,
10.0,
8.0,
0.0,
5.0,
5.0,
4.0,
8.0,
0.0,
0.0,
0.0,
14.0,
0.0,
0.0,
0.0,
0.0,
0.0,
0.0,
0.0,
0.0,
0.0,
0.0,
0.0,
0.0,
0.0,
4.0,
9.0,
4.0,
0.0,
0.0,
0.0,
0.0,
0.0,
0.0,
0.0,
0.0,
8.0,
3.0,
0.0,
0.0,
0.0,
0.0,
0.0,
0.0,
0.0,
0.0,
0.0,
0.0,
0.0,
0.0,
0.0,
0.0,
3.0,
0.0,
0.0,
0.0,
3.0,
0.0,
8.0,
7.0,
7.0,
11.0,
3.0,
0.0,
0.0,
0.0,
0.0,
0.0,
0.0,
0.0,
0.0,
0.0,
0.0,
0.0,
0.0,
0.0,
0.0,
0.0,
0.0,
0.0,
0.0,
0.0,
9.0,
0.0,
15.0,
0.0,
0.0,
0.0,
0.0,
2.0,
0.0,
17.0,
1.0,
14.0,
0.0,
0.0,
0.0,
0.0,
0.0,
0.0,
0.0,
0.0,
0.0,
0.0,
0.0,
0.0,
0.0,
0.0,
5.0,
0.0,
0.0,
0.0,
4.0,
0.0,
4.0,
5.0,
2.0,
0.0,
0.0,
8.0,
0.0,
0.0,
0.0,
11.0,
0.0,
0.0,
0.0,
0.0,
0.0,
0.0,
0.0,
0.0,
0.0,
0.0,
0.0,
0.0,
0.0,
7.0,
0.0,
4.0,
0.0,
16.0,
2.0,
0.0,
0.0,
5.0,
18.0,
0.0,
0.0,
0.0,
7.0,
0.0,
0.0,
0.0,
0.0,
0.0,
0.0,
0.0,
0.0,
0.0,
0.0,
0.0,
0.0,
0.0,
0.0,
156.0,
247.0,
255.0,
119.0,
73.0,
4.0,
0.0,
7.0,
32.0,
96.0,
112.0,
248.0,
255.0,
171.0,
0.0,
0.0,
0.0,
0.0,
0.0,
2.0,
10.0,
4.0,
4.0,
0.0,
1.0,
8.0,
0.0,
120.0,
252.0,
242.0,
255.0,
255.0,
247.0,
208.0,
195.0,
197.0,
213.0,
255.0,
251.0,
255.0,
241.0,
255.0,
0.0,
0.0,
0.0,
0.0,
0.0,
0.0,
0.0,
12.0,
0.0,
22.0,
0.0,
0.0,
25.0,
197.0,
241.0,
255.0,
255.0,
234.0,
252.0,
243.0,
255.0,
255.0,
255.0,
240.0,
245.0,
255.0,
254.0,
254.0,
6.0,
0.0,
0.0,
0.0,
0.0,
7.0,
23.0,
0.0,
0.0,
0.0,
2.0,
30.0,
207.0,
248.0,
255.0,
174.0,
68.0,
17.0,
115.0,
167.0,
154.0,
158.0,
166.0,
34.0,
0.0,
174.0,
254.0,
243.0,
0.0,
0.0,
0.0,
0.0,
0.0,
0.0,
0.0,
4.0,
7.0,
6.0,
0.0,
119.0,
255.0,
255.0,
253.0,
72.0,
11.0,
0.0,
0.0,
14.0,
0.0,
9.0,
0.0,
0.0,
25.0,
234.0,
243.0,
255.0,
3.0,
0.0,
0.0,
0.0,
0.0,
24.0,
0.0,
9.0,
0.0,
0.0,
91.0,
232.0,
253.0,
245.0,
200.0,
26.0,
0.0,
1.0,
0.0,
14.0,
0.0,
0.0,
10.0,
5.0,
12.0,
254.0,
255.0,
250.0,
0.0,
0.0,
0.0,
0.0,
0.0,
0.0,
0.0,
10.0,
0.0,
54.0,
252.0,
255.0,
246.0,
131.0,
22.0,
0.0,
16.0,
9.0,
0.0,
0.0,
8.0,
16.0,
0.0,
18.0,
147.0,
246.0,
239.0,
188.0,
13.0,
0.0,
0.0,
0.0,
0.0,
0.0,
8.0,
2.0,
1.0,
165.0,
255.0,
254.0,
198.0,
23.0,
0.0,
18.0,
0.0,
0.0,
20.0,
5.0,
0.0,
0.0,
0.0,
2.0,
171.0,
255.0,
255.0,
109.0,
0.0,
0.0,
0.0,
0.0,
0.0,
0.0,
3.0,
0.0,
177.0,
255.0,
245.0,
208.0,
36.0,
8.0,
2.0,
0.0,
0.0,
8.0,
0.0,
0.0,
12.0,
0.0,
11.0,
57.0,
252.0,
255.0,
219.0,
38.0,
7.0,
0.0,
0.0,
0.0,
0.0,
7.0,
0.0,
2.0,
76.0,
230.0,
218.0,
100.0,
6.0,
0.0,
0.0,
6.0,
0.0,
1.0,
0.0,
9.0,
3.0,
7.0,
30.0,
215.0,
255.0,
244.0,
56.0,
16.0,
0.0,
0.0,
0.0,
0.0,
0.0,
0.0,
3.0,
3.0,
7.0,
61.0,
40.0,
4.0,
0.0,
0.0,
10.0,
0.0,
17.0,
0.0,
11.0,
0.0,
0.0,
0.0,
120.0,
255.0,
234.0,
183.0,
27.0,
0.0,
3.0,
0.0,
0.0,
0.0,
0.0,
0.0,
0.0,
3.0,
0.0,
0.0,
0.0,
0.0,
11.0,
5.0,
0.0,
4.0,
0.0,
0.0,
0.0,
12.0,
0.0,
101.0,
255.0,
244.0,
238.0,
76.0,
0.0,
2.0,
7.0,
0.0,
0.0,
0.0,
0.0,
7.0,
0.0,
1.0,
2.0,
7.0,
6.0,
4.0,
0.0,
0.0,
8.0,
0.0,
13.0,
0.0,
0.0,
0.0,
63.0,
235.0,
250.0,
255.0,
96.0,
8.0,
0.0,
0.0,
2.0,
0.0,
0.0,
0.0,
0.0,
2.0,
0.0,
0.0,
3.0,
0.0,
0.0,
0.0,
0.0,
0.0,
20.0,
0.0,
9.0,
16.0,
0.0,
10.0,
181.0,
255.0,
245.0,
177.0,
0.0,
0.0,
9.0,
0.0,
3.0,
0.0,
0.0,
0.0,
0.0,
0.0,
0.0,
0.0,
8.0,
0.0,
0.0,
5.0,
10.0,
0.0,
0.0,
16.0,
0.0,
0.0,
27.0,
163.0,
255.0,
249.0,
200.0,
17.0,
12.0,
3.0,
0.0,
12.0,
3.0,
0.0,
0.0,
0.0,
0.0,
2.0,
6.0,
0.0,
7.0,
0.0,
2.0,
0.0,
0.0,
3.0,
0.0,
3.0,
0.0,
19.0,
167.0,
255.0,
240.0,
175.0,
35.0,
0.0,
0.0,
7.0,
0.0,
0.0,
0.0,
0.0,
0.0,
0.0,
0.0,
0.0,
6.0,
0.0,
0.0,
0.0,
8.0,
0.0,
8.0,
3.0,
0.0,
0.0,
2.0,
184.0,
250.0,
250.0,
184.0,
0.0,
1.0,
4.0,
0.0,
4.0,
3.0,
0.0,
3.0,
0.0,
0.0,
0.0,
0.0,
0.0,
0.0,
0.0,
0.0,
0.0,
0.0,
0.0,
0.0,
0.0,
0.0,
0.0,
61.0,
242.0,
255.0,
255.0,
177.0,
0.0,
0.0,
0.0,
0.0,
0.0,
0.0,
0.0,
0.0,
0.0,
0.0,
0.0,
0.0,
0.0,
0.0,
0.0,
0.0,
0.0,
0.0,
0.0,
0.0,
12.0,
7.0,
7.0,
81.0,
252.0,
255.0,
245.0,
154.0,
0.0,
0.0,
0.0,
0.0,
0.0,
0.0,
0.0,
0.0,
0.0,
0.0,
0.0,
0.0,
0.0,
0.0,
0.0,
0.0,
0.0,
0.0,
0.0,
0.0,
0.0,
0.0,
0.0,
13.0,
97.0,
93.0,
76.0,
23.0,
0.0,
0.0,
0.0,
0.0,
0.0,
0.0,
0.0,
0.0,
0.0,
0.0,
0.0,
0.0,
0.0,
0.0,
0.0,
0.0,
0.0,
0.0,
0.0,
0.0,
0.0,
17.0,
0.0,
0.0,
6.0,
0.0,
4.0,
0.0,
0.0,
0.0,
0.0,
0.0,
0.0,
0.0,
0.0,
0.0,
0.0,
0.0,
0.0,
0.0,
