9.0,
0.0,
0.0,
0.0,
1.0,
0.0,
0.0,
0.0,
0.0,
0.0,
0.0,
0.0,
0.0,
3.0,
7.0,
0.0,
0.0,
1.0,
0.0,
0.0,
7.0,
8.0,
0.0,
0.0,
0.0,
0.0,
0.0,
0.0,
0.0,
0.0,
0.0,
4.0,
7.0,
5.0,
3.0,
3.0,
10.0,
10.0,
0.0,
0.0,
0.0,
0.0,
0.0,
0.0,
5.0,
6.0,
1.0,
0.0,
0.0,
0.0,
0.0,
8.0,
0.0,
0.0,
0.0,
0.0,
0.0,
1.0,
3.0,
2.0,
0.0,
0.0,
0.0,
0.0,
0.0,
0.0,
0.0,
11.0,
5.0,
10.0,
0.0,
1.0,
0.0,
0.0,
0.0,
6.0,
3.0,
0.0,
0.0,
5.0,
0.0,
0.0,
0.0,
0.0,
3.0,
5.0,
2.0,
0.0,
0.0,
0.0,
0.0,
0.0,
4.0,
10.0,
0.0,
4.0,
0.0,
3.0,
0.0,
7.0,
2.0,
0.0,
0.0,
3.0,
3.0,
4.0,
1.0,
0.0,
0.0,
0.0,
0.0,
0.0,
2.0,
1.0,
0.0,
0.0,
0.0,
4.0,
4.0,
0.0,
0.0,
1.0,
0.0,
1.0,
0.0,
0.0,
0.0,
0.0,
9.0,
5.0,
5.0,
0.0,
0.0,
2.0,
10.0,
0.0,
0.0,
0.0,
0.0,
0.0,
1.0,
0.0,
0.0,
2.0,
1.0,
0.0,
0.0,
0.0,
4.0,
0.0,
8.0,
7.0,
2.0,
5.0,
12.0,
0.0,
0.0,
0.0,
6.0,
5.0,
0.0,
0.0,
9.0,
0.0,
0.0,
0.0,
0.0,
0.0,
3.0,
0.0,
0.0,
4.0,
0.0,
0.0,
0.0,
15.0,
1.0,
0.0,
12.0,
0.0,
0.0,
0.0,
17.0,
0.0,
18.0,
0.0,
0.0,
12.0,
0.0,
0.0,
5.0,
0.0,
0.0,
0.0,
0.0,
0.0,
3.0,
0.0,
0.0,
4.0,
0.0,
0.0,
23.0,
62.0,
115.0,
133.0,
232.0,
254.0,
255.0,
252.0,
255.0,
178.0,
106.0,
26.0,
0.0,
4.0,
0.0,
0.0,
5.0,
0.0,
0.0,
0.0,
0.0,
0.0,
0.0,
0.0,
0.0,
7.0,
0.0,
87.0,
121.0,
248.0,
255.0,
250.0,
252.0,
255.0,
255.0,
248.0,
255.0,
249.0,
255.0,
220.0,
235.0,
215.0,
10.0,
1.0,
6.0,
5.0,
0.0,
0.0,
0.0,
0.0,
0.0,
3.0,
0.0,
3.0,
8.0,
199.0,
255.0,
203.0,
179.0,
169.0,
180.0,
162.0,
177.0,
182.0,
175.0,
255.0,
255.0,
245.0,
247.0,
244.0,
81.0,
13.0,
0.0,
0.0,
0.0,
0.0,
0.0,
0.0,
3.0,
7.0,
0.0,
4.0,
0.0,
109.0,
181.0,
63.0,
4.0,
0.0,
13.0,
0.0,
5.0,
6.0,
0.0,
72.0,
63.0,
241.0,
255.0,
255.0,
75.0,
0.0,
0.0,
14.0,
0.0,
0.0,
0.0,
0.0,
0.0,
7.0,
0.0,
10.0,
0.0,
0.0,
19.0,
0.0,
0.0,
0.0,
0.0,
9.0,
0.0,
0.0,
8.0,
0.0,
0.0,
255.0,
236.0,
250.0,
60.0,
0.0,
10.0,
0.0,
0.0,
0.0,
0.0,
0.0,
0.0,
8.0,
0.0,
0.0,
15.0,
0.0,
0.0,
2.0,
1.0,
0.0,
0.0,
4.0,
0.0,
0.0,
16.0,
3.0,
75.0,
251.0,
255.0,
211.0,
47.0,
0.0,
0.0,
0.0,
0.0,
0.0,
0.0,
0.0,
7.0,
0.0,
5.0,
0.0,
0.0,
9.0,
0.0,
0.0,
8.0,
0.0,
8.0,
0.0,
7.0,
0.0,
0.0,
86.0,
255.0,
245.0,
206.0,
27.0,
0.0,
10.0,
10.0,
13.0,
0.0,
0.0,
0.0,
0.0,
5.0,
0.0,
3.0,
6.0,
0.0,
6.0,
7.0,
6.0,
0.0,
0.0,
8.0,
0.0,
0.0,
0.0,
32.0,
173.0,
255.0,
248.0,
176.0,
7.0,
0.0,
0.0,
0.0,
0.0,
0.0,
0.0,
0.0,
0.0,
0.0,
8.0,
3.0,
10.0,
0.0,
6.0,
0.0,
0.0,
6.0,
0.0,
0.0,
10.0,
0.0,
27.0,
163.0,
255.0,
244.0,
227.0,
31.0,
0.0,
18.0,
0.0,
5.0,
4.0,
0.0,
0.0,
0.0,
0.0,
0.0,
0.0,
0.0,
0.0,
0.0,
0.0,
0.0,
0.0,
0.0,
11.0,
0.0,
4.0,
7.0,
35.0,
255.0,
241.0,
255.0,
102.0,
8.0,
0.0,
0.0,
6.0,
8.0,
0.0,
0.0,
0.0,
0.0,
0.0,
0.0,
0.0,
0.0,
0.0,
0.0,
0.0,
0.0,
0.0,
1.0,
0.0,
6.0,
8.0,
9.0,
67.0,
254.0,
255.0,
210.0,
42.0,
0.0,
0.0,
0.0,
0.0,
0.0,
8.0,
0.0,
0.0,
0.0,
0.0,
0.0,
0.0,
0.0,
0.0,
0.0,
0.0,
0.0,
0.0,
6.0,
0.0,
4.0,
0.0,
4.0,
182.0,
255.0,
232.0,
133.0,
0.0,
0.0,
2.0,
2.0,
5.0,
0.0,
14.0,
0.0,
0.0,
0.0,
0.0,
0.0,
0.0,
0.0,
0.0,
0.0,
0.0,
0.0,
0.0,
1.0,
0.0,
2.0,
3.0,
6.0,
196.0,
241.0,
255.0,
57.0,
0.0,
3.0,
1.0,
0.0,
12.0,
0.0,
1.0,
0.0,
0.0,
0.0,
0.0,
0.0,
0.0,
0.0,
0.0,
0.0,
0.0,
0.0,
0.0,
0.0,
8.0,
7.0,
0.0,
39.0,
207.0,
255.0,
237.0,
6.0,
2.0,
0.0,
0.0,
0.0,
2.0,
11.0,
0.0,
0.0,
0.0,
0.0,
0.0,
0.0,
0.0,
0.0,
0.0,
0.0,
0.0,
0.0,
0.0,
0.0,
13.0,
1.0,
0.0,
137.0,
255.0,
238.0,
75.0,
0.0,
1.0,
0.0,
6.0,
2.0,
0.0,
12.0,
0.0,
0.0,
0.0,
0.0,
0.0,
0.0,
0.0,
0.0,
0.0,
0.0,
0.0,
0.0,
0.0,
4.0,
0.0,
0.0,
134.0,
236.0,
236.0,
120.0,
4.0,
1.0,
0.0,
0.0,
7.0,
6.0,
0.0,
3.0,
6.0,
0.0,
0.0,
0.0,
0.0,
0.0,
0.0,
0.0,
0.0,
0.0,
0.0,
0.0,
0.0,
0.0,
3.0,
0.0,
234.0,
255.0,
248.0,
60.0,
2.0,
4.0,
0.0,
2.0,
0.0,
0.0,
3.0,
0.0,
0.0,
0.0,
0.0,
0.0,
0.0,
0.0,
0.0,
0.0,
0.0,
0.0,
0.0,
0.0,
0.0,
0.0,
0.0,
0.0,
234.0,
255.0,
194.0,
2.0,
0.0,
0.0,
0.0,
0.0,
0.0,
0.0,
0.0,
0.0,
0.0,
0.0,
0.0,
0.0,
0.0,
0.0,
0.0,
0.0,
0.0,
0.0,
0.0,
0.0,
0.0,
0.0,
23.0,
4.0,
220.0,
243.0,
191.0,
26.0,
0.0,
0.0,
0.0,
0.0,
0.0,
0.0,
0.0,
0.0,
0.0,
0.0,
0.0,
0.0,
0.0,
0.0,
0.0,
0.0,
0.0,
0.0,
0.0,
0.0,
0.0,
7.0,
0.0,
0.0,
151.0,
216.0,
32.0,
0.0,
3.0,
0.0,
0.0,
0.0,
0.0,
0.0,
0.0,
0.0,
0.0,
0.0,
0.0,
0.0,
0.0,
0.0,
0.0,
0.0,
0.0,
0.0,
0.0,
0.0,
0.0,
0.0,
26.0,
0.0,
0.0,
11.0,
0.0,
10.0,
0.0,
0.0,
0.0,
0.0,
0.0,
0.0,
0.0,
0.0,
0.0,
0.0,
0.0,
0.0,
0.0,
