0.0,
2.0,
5.0,
0.0,
0.0,
0.0,
2.0,
0.0,
1.0,
0.0,
0.0,
0.0,
3.0,
4.0,
1.0,
0.0,
0.0,
0.0,
0.0,
0.0,
0.0,
0.0,
0.0,
0.0,
0.0,
0.0,
0.0,
0.0,
5.0,
0.0,
0.0,
0.0,
12.0,
4.0,
8.0,
9.0,
7.0,
6.0,
4.0,
0.0,
0.0,
0.0,
0.0,
5.0,
0.0,
0.0,
0.0,
0.0,
0.0,
0.0,
0.0,
0.0,
0.0,
0.0,
0.0,
0.0,
0.0,
0.0,
7.0,
1.0,
15.0,
0.0,
0.0,
0.0,
0.0,
0.0,
0.0,
4.0,
10.0,
11.0,
4.0,
0.0,
0.0,
0.0,
0.0,
0.0,
0.0,
0.0,
0.0,
0.0,
0.0,
0.0,
0.0,
0.0,
5.0,
6.0,
5.0,
0.0,
4.0,
0.0,
12.0,
15.0,
15.0,
11.0,
3.0,
0.0,
0.0,
0.0,
0.0,
0.0,
0.0,
0.0,
0.0,
0.0,
0.0,
0.0,
0.0,
0.0,
0.0,
0.0,
0.0,
0.0,
4.0,
0.0,
0.0,
0.0,
12.0,
0.0,
0.0,
0.0,
0.0,
0.0,
6.0,
1.0,
0.0,
0.0,
1.0,
4.0,
0.0,
0.0,
0.0,
0.0,
0.0,
0.0,
0.0,
0.0,
0.0,
0.0,
0.0,
0.0,
0.0,
0.0,
4.0,
18.0,
0.0,
0.0,
1.0,
13.0,
0.0,
2.0,
0.0,
0.0,
0.0,
6.0,
6.0,
0.0,
0.0,
0.0,
0.0,
0.0,
0.0,
0.0,
0.0,
0.0,
0.0,
0.0,
0.0,
0.0,
1.0,
2.0,
0.0,
5.0,
0.0,
70.0,
151.0,
185.0,
155.0,
139.0,
98.0,
43.0,
5.0,
0.0,
0.0,
0.0,
0.0,
0.0,
0.0,
0.0,
0.0,
0.0,
0.0,
0.0,
0.0,
0.0,
0.0,
0.0,
0.0,
8.0,
0.0,
0.0,
9.0,
182.0,
255.0,
245.0,
240.0,
255.0,
255.0,
181.0,
74.0,
6.0,
0.0,
5.0,
0.0,
0.0,
0.0,
0.0,
0.0,
0.0,
0.0,
0.0,
0.0,
0.0,
0.0,
0.0,
1.0,
4.0,
0.0,
1.0,
42.0,
240.0,
255.0,
255.0,
251.0,
255.0,
247.0,
255.0,
252.0,
229.0,
212.0,
164.0,
178.0,
192.0,
98.0,
6.0,
0.0,
7.0,
0.0,
5.0,
0.0,
0.0,
0.0,
0.0,
0.0,
1.0,
4.0,
8.0,
0.0,
103.0,
165.0,
255.0,
255.0,
255.0,
237.0,
237.0,
243.0,
254.0,
255.0,
250.0,
247.0,
255.0,
252.0,
2.0,
0.0,
0.0,
19.0,
0.0,
0.0,
0.0,
0.0,
0.0,
2.0,
0.0,
3.0,
9.0,
0.0,
5.0,
39.0,
140.0,
229.0,
246.0,
255.0,
255.0,
255.0,
248.0,
251.0,
246.0,
255.0,
254.0,
252.0,
94.0,
0.0,
5.0,
0.0,
0.0,
0.0,
0.0,
0.0,
0.0,
2.0,
0.0,
0.0,
0.0,
6.0,
0.0,
0.0,
10.0,
43.0,
112.0,
119.0,
85.0,
116.0,
180.0,
158.0,
73.0,
230.0,
249.0,
236.0,
132.0,
0.0,
0.0,
18.0,
0.0,
0.0,
0.0,
0.0,
0.0,
0.0,
5.0,
4.0,
0.0,
5.0,
9.0,
0.0,
0.0,
0.0,
3.0,
2.0,
0.0,
8.0,
8.0,
0.0,
0.0,
226.0,
255.0,
255.0,
195.0,
12.0,
0.0,
1.0,
1.0,
0.0,
0.0,
0.0,
0.0,
1.0,
4.0,
1.0,
0.0,
0.0,
1.0,
3.0,
8.0,
0.0,
4.0,
7.0,
0.0,
0.0,
0.0,
12.0,
72.0,
252.0,
245.0,
246.0,
170.0,
1.0,
12.0,
0.0,
8.0,
0.0,
0.0,
0.0,
0.0,
3.0,
0.0,
0.0,
6.0,
0.0,
0.0,
0.0,
0.0,
13.0,
0.0,
0.0,
1.0,
14.0,
1.0,
9.0,
86.0,
255.0,
242.0,
230.0,
35.0,
0.0,
4.0,
16.0,
0.0,
0.0,
0.0,
0.0,
0.0,
0.0,
0.0,
0.0,
13.0,
0.0,
0.0,
7.0,
0.0,
0.0,
127.0,
226.0,
202.0,
185.0,
198.0,
198.0,
231.0,
244.0,
255.0,
194.0,
94.0,
6.0,
0.0,
0.0,
0.0,
0.0,
0.0,
0.0,
0.0,
0.0,
0.0,
0.0,
0.0,
0.0,
0.0,
0.0,
0.0,
14.0,
123.0,
255.0,
253.0,
247.0,
255.0,
254.0,
255.0,
255.0,
249.0,
247.0,
255.0,
254.0,
246.0,
68.0,
0.0,
0.0,
0.0,
0.0,
0.0,
0.0,
0.0,
0.0,
0.0,
0.0,
0.0,
0.0,
0.0,
0.0,
82.0,
204.0,
233.0,
253.0,
255.0,
255.0,
246.0,
245.0,
248.0,
255.0,
249.0,
245.0,
255.0,
85.0,
21.0,
0.0,
0.0,
0.0,
0.0,
0.0,
0.0,
0.0,
0.0,
0.0,
0.0,
0.0,
0.0,
0.0,
0.0,
0.0,
38.0,
136.0,
201.0,
255.0,
255.0,
252.0,
248.0,
238.0,
255.0,
245.0,
220.0,
51.0,
0.0,
0.0,
0.0,
0.0,
0.0,
0.0,
0.0,
0.0,
0.0,
0.0,
0.0,
0.0,
0.0,
2.0,
11.0,
0.0,
0.0,
0.0,
13.0,
161.0,
255.0,
255.0,
193.0,
49.0,
77.0,
56.0,
34.0,
10.0,
0.0,
0.0,
0.0,
0.0,
0.0,
0.0,
0.0,
0.0,
0.0,
0.0,
0.0,
0.0,
0.0,
0.0,
3.0,
0.0,
6.0,
5.0,
3.0,
150.0,
251.0,
248.0,
155.0,
5.0,
10.0,
0.0,
0.0,
13.0,
0.0,
0.0,
0.0,
0.0,
0.0,
0.0,
0.0,
0.0,
0.0,
0.0,
0.0,
0.0,
0.0,
4.0,
7.0,
0.0,
2.0,
0.0,
0.0,
142.0,
254.0,
255.0,
80.0,
5.0,
0.0,
0.0,
5.0,
0.0,
0.0,
0.0,
0.0,
0.0,
0.0,
0.0,
0.0,
0.0,
0.0,
0.0,
0.0,
0.0,
0.0,
0.0,
0.0,
0.0,
2.0,
2.0,
9.0,
145.0,
255.0,
228.0,
0.0,
0.0,
0.0,
6.0,
3.0,
0.0,
12.0,
0.0,
0.0,
0.0,
0.0,
0.0,
0.0,
0.0,
0.0,
0.0,
0.0,
0.0,
0.0,
2.0,
0.0,
3.0,
0.0,
0.0,
9.0,
140.0,
252.0,
229.0,
4.0,
3.0,
3.0,
5.0,
0.0,
12.0,
0.0,
0.0,
0.0,
0.0,
0.0,
0.0,
0.0,
0.0,
0.0,
0.0,
0.0,
0.0,
0.0,
6.0,
0.0,
0.0,
4.0,
0.0,
18.0,
133.0,
255.0,
234.0,
0.0,
2.0,
0.0,
17.0,
0.0,
0.0,
9.0,
0.0,
0.0,
0.0,
0.0,
0.0,
0.0,
0.0,
0.0,
0.0,
0.0,
0.0,
0.0,
0.0,
0.0,
3.0,
4.0,
0.0,
7.0,
70.0,
139.0,
214.0,
16.0,
0.0,
0.0,
7.0,
3.0,
9.0,
0.0,
0.0,
0.0,
0.0,
0.0,
0.0,
0.0,
0.0,
0.0,
0.0,
0.0,
0.0,
0.0,
0.0,
0.0,
4.0,
1.0,
0.0,
0.0,
11.0,
20.0,
22.0,
0.0,
10.0,
9.0,
0.0,
0.0,
2.0,
0.0,
0.0,
0.0,
0.0,
0.0,
0.0,
0.0,
0.0,
0.0,
0.0,
0.0,
0.0,
0.0,
0.0,
1.0,
0.0,
0.0,
0.0,
1.0,
0.0,
0.0,
0.0,
0.0,
4.0,
5.0,
0.0,
0.0,
5.0,
0.0,
0.0,
0.0,
0.0,
0.0,
