0.0,
0.0,
0.0,
0.0,
0.0,
0.0,
0.0,
0.0,
1.0,
1.0,
1.0,
0.0,
0.0,
0.0,
0.0,
0.0,
4.0,
0.0,
0.0,
0.0,
0.0,
4.0,
5.0,
0.0,
0.0,
0.0,
0.0,
0.0,
0.0,
0.0,
0.0,
0.0,
0.0,
0.0,
0.0,
0.0,
3.0,
2.0,
0.0,
0.0,
0.0,
0.0,
0.0,
0.0,
0.0,
0.0,
7.0,
0.0,
0.0,
0.0,
0.0,
0.0,
0.0,
0.0,
0.0,
0.0,
0.0,
0.0,
0.0,
0.0,
0.0,
0.0,
0.0,
0.0,
0.0,
0.0,
1.0,
5.0,
6.0,
4.0,
2.0,
0.0,
1.0,
0.0,
4.0,
0.0,
12.0,
0.0,
3.0,
2.0,
0.0,
0.0,
0.0,
0.0,
0.0,
0.0,
0.0,
0.0,
0.0,
0.0,
0.0,
0.0,
3.0,
3.0,
2.0,
0.0,
0.0,
0.0,
0.0,
0.0,
5.0,
2.0,
4.0,
0.0,
13.0,
0.0,
0.0,
0.0,
0.0,
0.0,
0.0,
0.0,
0.0,
0.0,
0.0,
0.0,
0.0,
0.0,
0.0,
0.0,
6.0,
4.0,
0.0,
0.0,
0.0,
5.0,
10.0,
14.0,
0.0,
0.0,
2.0,
0.0,
4.0,
0.0,
2.0,
4.0,
0.0,
0.0,
0.0,
0.0,
0.0,
0.0,
0.0,
0.0,
0.0,
0.0,
0.0,
0.0,
0.0,
0.0,
2.0,
3.0,
1.0,
0.0,
0.0,
0.0,
12.0,
0.0,
0.0,
3.0,
0.0,
5.0,
3.0,
0.0,
0.0,
0.0,
0.0,
0.0,
0.0,
0.0,
0.0,
0.0,
0.0,
0.0,
0.0,
0.0,
1.0,
1.0,
0.0,
0.0,
1.0,
4.0,
7.0,
9.0,
0.0,
0.0,
0.0,
22.0,
0.0,
1.0,
9.0,
2.0,
0.0,
0.0,
0.0,
0.0,
0.0,
0.0,
0.0,
0.0,
0.0,
0.0,
0.0,
0.0,
5.0,
0.0,
0.0,
2.0,
39.0,
96.0,
155.0,
192.0,
254.0,
255.0,
255.0,
214.0,
43.0,
0.0,
0.0,
4.0,
0.0,
0.0,
0.0,
0.0,
0.0,
11.0,
0.0,
0.0,
7.0,
7.0,
23.0,
197.0,
151.0,
77.0,
79.0,
152.0,
251.0,
253.0,
254.0,
255.0,
251.0,
255.0,
252.0,
250.0,
225.0,
9.0,
0.0,
6.0,
0.0,
0.0,
0.0,
0.0,
5.0,
0.0,
0.0,
10.0,
5.0,
0.0,
33.0,
244.0,
252.0,
254.0,
246.0,
255.0,
246.0,
252.0,
210.0,
140.0,
143.0,
43.0,
207.0,
252.0,
255.0,
4.0,
0.0,
9.0,
0.0,
0.0,
0.0,
0.0,
3.0,
0.0,
0.0,
0.0,
0.0,
0.0,
15.0,
128.0,
221.0,
255.0,
215.0,
214.0,
125.0,
71.0,
6.0,
0.0,
0.0,
0.0,
153.0,
250.0,
242.0,
5.0,
19.0,
0.0,
0.0,
0.0,
0.0,
0.0,
0.0,
4.0,
8.0,
0.0,
0.0,
17.0,
0.0,
0.0,
57.0,
106.0,
4.0,
0.0,
0.0,
12.0,
0.0,
9.0,
12.0,
59.0,
254.0,
255.0,
255.0,
8.0,
12.0,
10.0,
0.0,
0.0,
0.0,
0.0,
0.0,
0.0,
6.0,
2.0,
0.0,
2.0,
0.0,
0.0,
0.0,
31.0,
0.0,
0.0,
1.0,
10.0,
0.0,
0.0,
0.0,
124.0,
255.0,
252.0,
151.0,
0.0,
0.0,
0.0,
0.0,
0.0,
0.0,
0.0,
4.0,
0.0,
3.0,
1.0,
0.0,
0.0,
7.0,
11.0,
6.0,
0.0,
3.0,
19.0,
0.0,
0.0,
1.0,
13.0,
60.0,
239.0,
233.0,
255.0,
28.0,
12.0,
27.0,
0.0,
0.0,
0.0,
0.0,
0.0,
1.0,
1.0,
6.0,
0.0,
1.0,
0.0,
6.0,
0.0,
4.0,
0.0,
0.0,
0.0,
0.0,
17.0,
9.0,
39.0,
249.0,
245.0,
255.0,
140.0,
7.0,
0.0,
0.0,
4.0,
0.0,
0.0,
0.0,
0.0,
0.0,
0.0,
7.0,
0.0,
10.0,
0.0,
10.0,
4.0,
0.0,
2.0,
0.0,
0.0,
9.0,
0.0,
6.0,
237.0,
244.0,
252.0,
212.0,
9.0,
0.0,
5.0,
5.0,
0.0,
0.0,
0.0,
0.0,
0.0,
0.0,
0.0,
0.0,
0.0,
0.0,
0.0,
0.0,
0.0,
0.0,
3.0,
2.0,
0.0,
9.0,
11.0,
175.0,
255.0,
254.0,
194.0,
14.0,
0.0,
4.0,
0.0,
0.0,
3.0,
0.0,
0.0,
0.0,
0.0,
0.0,
0.0,
0.0,
0.0,
0.0,
0.0,
0.0,
0.0,
8.0,
6.0,
5.0,
8.0,
0.0,
103.0,
242.0,
252.0,
225.0,
51.0,
0.0,
1.0,
6.0,
8.0,
0.0,
0.0,
0.0,
0.0,
0.0,
0.0,
0.0,
0.0,
0.0,
0.0,
0.0,
0.0,
0.0,
0.0,
0.0,
0.0,
0.0,
0.0,
28.0,
244.0,
255.0,
250.0,
101.0,
0.0,
14.0,
0.0,
0.0,
8.0,
6.0,
0.0,
0.0,
0.0,
0.0,
0.0,
0.0,
0.0,
0.0,
0.0,
0.0,
0.0,
0.0,
0.0,
11.0,
0.0,
10.0,
9.0,
156.0,
255.0,
252.0,
133.0,
0.0,
12.0,
16.0,
0.0,
0.0,
0.0,
12.0,
0.0,
0.0,
0.0,
0.0,
0.0,
0.0,
0.0,
0.0,
0.0,
0.0,
0.0,
0.0,
0.0,
1.0,
0.0,
0.0,
158.0,
236.0,
247.0,
218.0,
13.0,
0.0,
25.0,
0.0,
3.0,
17.0,
0.0,
0.0,
1.0,
0.0,
0.0,
0.0,
0.0,
0.0,
0.0,
0.0,
0.0,
0.0,
0.0,
0.0,
0.0,
0.0,
17.0,
68.0,
255.0,
255.0,
242.0,
103.0,
0.0,
13.0,
0.0,
0.0,
12.0,
0.0,
6.0,
0.0,
0.0,
0.0,
0.0,
0.0,
0.0,
0.0,
0.0,
0.0,
0.0,
0.0,
0.0,
0.0,
0.0,
4.0,
72.0,
230.0,
233.0,
250.0,
114.0,
1.0,
0.0,
6.0,
0.0,
14.0,
6.0,
0.0,
4.0,
6.0,
0.0,
0.0,
0.0,
0.0,
0.0,
0.0,
0.0,
0.0,
0.0,
0.0,
0.0,
0.0,
0.0,
1.0,
148.0,
254.0,
255.0,
145.0,
2.0,
0.0,
1.0,
2.0,
0.0,
6.0,
0.0,
4.0,
0.0,
6.0,
0.0,
0.0,
0.0,
0.0,
0.0,
0.0,
0.0,
0.0,
0.0,
0.0,
0.0,
0.0,
0.0,
86.0,
237.0,
255.0,
198.0,
15.0,
0.0,
1.0,
1.0,
0.0,
0.0,
0.0,
0.0,
0.0,
0.0,
0.0,
0.0,
0.0,
0.0,
0.0,
0.0,
0.0,
0.0,
0.0,
0.0,
0.0,
0.0,
0.0,
0.0,
77.0,
255.0,
255.0,
53.0,
0.0,
6.0,
6.0,
0.0,
0.0,
0.0,
0.0,
0.0,
0.0,
0.0,
0.0,
0.0,
0.0,
0.0,
0.0,
0.0,
0.0,
0.0,
0.0,
0.0,
0.0,
0.0,
0.0,
0.0,
9.0,
192.0,
248.0,
46.0,
12.0,
0.0,
0.0,
15.0,
0.0,
0.0,
0.0,
0.0,
0.0,
0.0,
0.0,
0.0,
0.0,
0.0,
0.0,
0.0,
0.0,
0.0,
0.0,
0.0,
0.0,
0.0,
0.0,
0.0,
0.0,
0.0,
8.0,
0.0,
13.0,
17.0,
0.0,
0.0,
0.0,
0.0,
0.0,
0.0,
0.0,
0.0,
0.0,
0.0,
0.0,
0.0,
0.0,
0.0,
