0.0,
0.0,
0.0,
0.0,
0.0,
0.0,
0.0,
0.0,
0.0,
0.0,
0.0,
0.0,
0.0,
0.0,
0.0,
0.0,
0.0,
0.0,
0.0,
0.0,
0.0,
0.0,
0.0,
0.0,
0.0,
0.0,
0.0,
0.0,
0.0,
0.0,
0.0,
0.0,
0.0,
0.0,
0.0,
0.0,
0.0,
0.0,
0.0,
0.0,
0.0,
0.0,
0.0,
0.0,
0.0,
0.0,
0.0,
0.0,
0.0,
0.0,
0.0,
0.0,
0.0,
0.0,
0.0,
0.0,
0.0,
0.0,
0.0,
0.0,
0.0,
0.0,
0.0,
0.0,
0.0,
0.0,
0.0,
0.0,
0.0,
0.0,
0.0,
0.0,
0.0,
0.0,
0.0,
0.0,
0.0,
0.0,
0.0,
0.0,
0.0,
0.0,
0.0,
0.0,
0.0,
0.0,
0.0,
0.0,
0.0,
0.0,
0.0,
0.0,
0.0,
0.0,
0.0,
0.0,
0.0,
0.0,
0.0,
0.0,
0.0,
0.0,
0.0,
0.0,
0.0,
0.0,
0.0,
0.0,
0.0,
0.0,
0.0,
0.0,
0.0,
0.0,
0.0,
0.0,
0.0,
0.0,
0.0,
0.0,
0.0,
0.0,
0.0,
0.0,
0.0,
0.0,
0.0,
0.0,
0.0,
0.0,
0.0,
0.0,
0.0,
0.0,
0.0,
0.0,
0.0,
0.0,
0.0,
0.0,
0.0,
0.0,
0.0,
0.0,
0.0,
0.0,
0.0,
0.0,
0.0,
0.0,
0.0,
0.0,
0.0,
0.0,
0.0,
0.0,
0.0,
0.0,
0.0,
0.0,
0.0,
0.0,
0.0,
0.0,
0.0,
0.0,
0.0,
0.0,
0.0,
0.0,
0.0,
0.0,
0.0,
0.0,
0.0,
0.0,
0.0,
0.0,
0.0,
0.0,
0.0,
0.0,
0.0,
0.0,
0.0,
0.0,
0.0,
0.0,
0.0,
0.0,
0.0,
0.0,
0.0,
0.0,
0.0,
0.0,
0.0,
0.0,
0.0,
0.0,
0.0,
0.0,
0.0,
0.0,
0.0,
0.0,
0.0,
0.0,
0.0,
0.0,
0.0,
0.0,
0.0,
0.0,
0.0,
0.0,
0.0,
0.0,
0.0,
0.0,
0.0,
0.0,
0.0,
0.0,
0.0,
5.0,
0.0,
2.0,
61.0,
255.0,
255.0,
188.0,
132.0,
132.0,
119.0,
128.0,
67.0,
0.0,
10.0,
0.0,
0.0,
10.0,
123.0,
70.0,
3.0,
0.0,
137.0,
0.0,
0.0,
0.0,
0.0,
0.0,
0.0,
12.0,
0.0,
0.0,
203.0,
239.0,
236.0,
255.0,
247.0,
255.0,
255.0,
255.0,
245.0,
255.0,
250.0,
131.0,
137.0,
183.0,
255.0,
252.0,
255.0,
249.0,
247.0,
144.0,
0.0,
0.0,
0.0,
0.0,
10.0,
0.0,
0.0,
4.0,
255.0,
255.0,
255.0,
240.0,
255.0,
255.0,
239.0,
255.0,
255.0,
233.0,
253.0,
255.0,
255.0,
253.0,
253.0,
129.0,
125.0,
255.0,
251.0,
121.0,
0.0,
0.0,
0.0,
0.0,
0.0,
0.0,
11.0,
0.0,
61.0,
122.0,
251.0,
255.0,
131.0,
135.0,
133.0,
126.0,
122.0,
155.0,
127.0,
0.0,
0.0,
9.0,
4.0,
6.0,
0.0,
122.0,
255.0,
130.0,
0.0,
0.0,
0.0,
0.0,
0.0,
8.0,
0.0,
7.0,
0.0,
0.0,
6.0,
7.0,
0.0,
6.0,
0.0,
0.0,
13.0,
0.0,
0.0,
9.0,
10.0,
0.0,
0.0,
5.0,
0.0,
195.0,
238.0,
125.0,
0.0,
0.0,
0.0,
0.0,
0.0,
8.0,
0.0,
13.0,
12.0,
1.0,
0.0,
0.0,
17.0,
0.0,
6.0,
12.0,
0.0,
0.0,
6.0,
0.0,
0.0,
9.0,
0.0,
0.0,
0.0,
255.0,
248.0,
8.0,
0.0,
0.0,
0.0,
0.0,
0.0,
0.0,
1.0,
0.0,
0.0,
8.0,
12.0,
2.0,
0.0,
5.0,
0.0,
0.0,
4.0,
6.0,
0.0,
7.0,
12.0,
0.0,
13.0,
12.0,
48.0,
238.0,
144.0,
0.0,
0.0,
0.0,
0.0,
0.0,
0.0,
3.0,
11.0,
0.0,
0.0,
7.0,
0.0,
12.0,
0.0,
0.0,
7.0,
3.0,
2.0,
1.0,
0.0,
0.0,
0.0,
9.0,
0.0,
60.0,
255.0,
254.0,
124.0,
4.0,
0.0,
0.0,
0.0,
0.0,
0.0,
0.0,
0.0,
0.0,
0.0,
0.0,
0.0,
0.0,
0.0,
4.0,
0.0,
0.0,
0.0,
6.0,
7.0,
0.0,
0.0,
0.0,
67.0,
245.0,
254.0,
124.0,
4.0,
11.0,
0.0,
0.0,
0.0,
0.0,
0.0,
0.0,
0.0,
0.0,
0.0,
0.0,
0.0,
0.0,
0.0,
0.0,
7.0,
18.0,
0.0,
0.0,
1.0,
0.0,
1.0,
0.0,
253.0,
255.0,
203.0,
0.0,
0.0,
0.0,
0.0,
0.0,
0.0,
0.0,
0.0,
0.0,
0.0,
0.0,
0.0,
0.0,
0.0,
0.0,
0.0,
8.0,
0.0,
0.0,
1.0,
15.0,
3.0,
0.0,
1.0,
182.0,
255.0,
226.0,
0.0,
9.0,
0.0,
15.0,
0.0,
0.0,
0.0,
0.0,
0.0,
0.0,
0.0,
0.0,
0.0,
0.0,
0.0,
0.0,
4.0,
0.0,
0.0,
6.0,
5.0,
0.0,
0.0,
16.0,
67.0,
255.0,
250.0,
126.0,
23.0,
3.0,
0.0,
0.0,
0.0,
0.0,
0.0,
0.0,
0.0,
0.0,
0.0,
0.0,
0.0,
0.0,
0.0,
0.0,
2.0,
0.0,
5.0,
15.0,
1.0,
0.0,
5.0,
0.0,
255.0,
251.0,
186.0,
14.0,
0.0,
0.0,
12.0,
2.0,
0.0,
0.0,
0.0,
0.0,
0.0,
0.0,
0.0,
0.0,
0.0,
0.0,
0.0,
0.0,
0.0,
20.0,
0.0,
0.0,
7.0,
0.0,
4.0,
66.0,
254.0,
255.0,
0.0,
2.0,
1.0,
0.0,
1.0,
0.0,
0.0,
0.0,
0.0,
0.0,
0.0,
0.0,
0.0,
0.0,
0.0,
0.0,
0.0,
0.0,
0.0,
7.0,
0.0,
0.0,
13.0,
0.0,
71.0,
242.0,
254.0,
0.0,
1.0,
1.0,
3.0,
0.0,
6.0,
0.0,
0.0,
0.0,
0.0,
0.0,
0.0,
0.0,
0.0,
0.0,
0.0,
0.0,
0.0,
0.0,
9.0,
0.0,
9.0,
3.0,
0.0,
123.0,
255.0,
255.0,
122.0,
15.0,
0.0,
0.0,
6.0,
0.0,
0.0,
5.0,
0.0,
0.0,
0.0,
0.0,
0.0,
0.0,
0.0,
0.0,
0.0,
0.0,
0.0,
0.0,
0.0,
7.0,
0.0,
8.0,
0.0,
255.0,
237.0,
200.0,
0.0,
0.0,
0.0,
0.0,
0.0,
0.0,
0.0,
0.0,
0.0,
0.0,
0.0,
0.0,
0.0,
0.0,
0.0,
0.0,
0.0,
0.0,
0.0,
0.0,
6.0,
10.0,
10.0,
0.0,
254.0,
251.0,
255.0,
0.0,
0.0,
0.0,
0.0,
0.0,
0.0,
0.0,
0.0,
0.0,
0.0,
0.0,
0.0,
0.0,
0.0,
0.0,
0.0,
0.0,
0.0,
0.0,
0.0,
0.0,
0.0,
0.0,
0.0,
0.0,
255.0,
255.0,
190.0,
0.0,
0.0,
0.0,
0.0,
0.0,
0.0,
0.0,
0.0,
0.0,
0.0,
0.0,
0.0,
0.0,
0.0,
0.0,
0.0,
0.0,
0.0,
0.0,
0.0,
0.0,
9.0,
5.0,
21.0,
3.0,
234.0,
189.0,
15.0,
0.0,
0.0,
0.0,
0.0,
0.0,
0.0,
0.0,
0.0,
0.0,
0.0,
0.0,
0.0,
0.0,
