0.0,
3.0,
3.0,
0.0,
1.0,
5.0,
3.0,
0.0,
0.0,
5.0,
2.0,
0.0,
6.0,
4.0,
0.0,
0.0,
5.0,
0.0,
3.0,
7.0,
0.0,
2.0,
6.0,
0.0,
0.0,
0.0,
0.0,
0.0,
0.0,
4.0,
4.0,
0.0,
0.0,
0.0,
0.0,
0.0,
6.0,
9.0,
0.0,
0.0,
0.0,
0.0,
0.0,
8.0,
0.0,
0.0,
0.0,
0.0,
3.0,
0.0,
0.0,
4.0,
0.0,
0.0,
0.0,
0.0,
0.0,
3.0,
4.0,
0.0,
0.0,
0.0,
1.0,
2.0,
0.0,
0.0,
0.0,
4.0,
9.0,
4.0,
0.0,
4.0,
6.0,
14.0,
0.0,
0.0,
1.0,
1.0,
0.0,
4.0,
0.0,
0.0,
0.0,
0.0,
0.0,
0.0,
1.0,
1.0,
1.0,
3.0,
4.0,
3.0,
8.0,
9.0,
1.0,
0.0,
2.0,
0.0,
0.0,
0.0,
0.0,
7.0,
9.0,
0.0,
0.0,
0.0,
0.0,
0.0,
0.0,
0.0,
0.0,
0.0,
1.0,
0.0,
0.0,
1.0,
5.0,
4.0,
0.0,
0.0,
1.0,
0.0,
0.0,
0.0,
5.0,
4.0,
0.0,
4.0,
6.0,
0.0,
0.0,
15.0,
0.0,
0.0,
2.0,
0.0,
0.0,
0.0,
0.0,
0.0,
2.0,
0.0,
0.0,
1.0,
2.0,
0.0,
0.0,
0.0,
0.0,
0.0,
3.0,
30.0,
75.0,
108.0,
136.0,
163.0,
135.0,
43.0,
0.0,
0.0,
4.0,
3.0,
2.0,
0.0,
0.0,
0.0,
0.0,
0.0,
0.0,
0.0,
1.0,
2.0,
0.0,
0.0,
1.0,
10.0,
53.0,
90.0,
147.0,
210.0,
254.0,
255.0,
245.0,
249.0,
247.0,
177.0,
55.0,
0.0,
0.0,
13.0,
0.0,
0.0,
0.0,
0.0,
0.0,
0.0,
0.0,
0.0,
5.0,
5.0,
0.0,
0.0,
12.0,
31.0,
244.0,
249.0,
251.0,
255.0,
255.0,
245.0,
246.0,
255.0,
240.0,
255.0,
167.0,
12.0,
0.0,
6.0,
0.0,
1.0,
0.0,
0.0,
0.0,
0.0,
0.0,
0.0,
5.0,
2.0,
2.0,
0.0,
0.0,
47.0,
230.0,
255.0,
239.0,
250.0,
255.0,
253.0,
245.0,
255.0,
255.0,
246.0,
236.0,
0.0,
0.0,
0.0,
6.0,
0.0,
0.0,
0.0,
0.0,
0.0,
0.0,
7.0,
0.0,
0.0,
0.0,
14.0,
9.0,
6.0,
174.0,
244.0,
193.0,
119.0,
109.0,
113.0,
104.0,
176.0,
253.0,
238.0,
218.0,
2.0,
0.0,
0.0,
0.0,
9.0,
0.0,
0.0,
0.0,
0.0,
0.0,
0.0,
0.0,
6.0,
5.0,
0.0,
0.0,
0.0,
78.0,
143.0,
95.0,
0.0,
0.0,
10.0,
0.0,
112.0,
244.0,
255.0,
231.0,
7.0,
1.0,
15.0,
3.0,
0.0,
0.0,
0.0,
0.0,
0.0,
2.0,
1.0,
0.0,
5.0,
2.0,
0.0,
10.0,
16.0,
23.0,
0.0,
0.0,
1.0,
0.0,
0.0,
60.0,
235.0,
255.0,
255.0,
207.0,
0.0,
0.0,
0.0,
0.0,
6.0,
0.0,
0.0,
0.0,
0.0,
0.0,
9.0,
0.0,
0.0,
0.0,
6.0,
2.0,
0.0,
0.0,
3.0,
33.0,
54.0,
7.0,
76.0,
208.0,
255.0,
239.0,
255.0,
226.0,
4.0,
5.0,
2.0,
8.0,
0.0,
0.0,
0.0,
0.0,
0.0,
0.0,
0.0,
3.0,
1.0,
7.0,
0.0,
0.0,
39.0,
25.0,
35.0,
131.0,
251.0,
203.0,
204.0,
255.0,
242.0,
252.0,
252.0,
219.0,
34.0,
14.0,
0.0,
8.0,
0.0,
0.0,
0.0,
0.0,
0.0,
10.0,
0.0,
0.0,
0.0,
5.0,
0.0,
25.0,
180.0,
255.0,
235.0,
240.0,
255.0,
234.0,
253.0,
255.0,
250.0,
255.0,
235.0,
250.0,
244.0,
217.0,
127.0,
30.0,
2.0,
0.0,
0.0,
0.0,
0.0,
5.0,
0.0,
12.0,
0.0,
5.0,
0.0,
0.0,
139.0,
255.0,
255.0,
255.0,
255.0,
254.0,
255.0,
230.0,
255.0,
249.0,
255.0,
253.0,
255.0,
249.0,
255.0,
118.0,
1.0,
0.0,
0.0,
0.0,
0.0,
0.0,
0.0,
2.0,
3.0,
0.0,
0.0,
12.0,
29.0,
230.0,
250.0,
237.0,
255.0,
245.0,
255.0,
254.0,
255.0,
255.0,
242.0,
246.0,
255.0,
211.0,
170.0,
130.0,
0.0,
0.0,
0.0,
0.0,
0.0,
0.0,
0.0,
2.0,
3.0,
0.0,
0.0,
1.0,
11.0,
47.0,
196.0,
155.0,
70.0,
204.0,
251.0,
251.0,
248.0,
254.0,
110.0,
56.0,
53.0,
11.0,
2.0,
16.0,
7.0,
0.0,
0.0,
0.0,
0.0,
0.0,
0.0,
1.0,
3.0,
0.0,
0.0,
0.0,
0.0,
0.0,
4.0,
0.0,
42.0,
227.0,
249.0,
255.0,
246.0,
251.0,
45.0,
0.0,
13.0,
6.0,
0.0,
0.0,
0.0,
0.0,
0.0,
0.0,
0.0,
0.0,
0.0,
0.0,
2.0,
4.0,
2.0,
0.0,
0.0,
0.0,
6.0,
5.0,
161.0,
255.0,
252.0,
239.0,
255.0,
198.0,
35.0,
0.0,
0.0,
0.0,
20.0,
0.0,
16.0,
0.0,
0.0,
0.0,
0.0,
1.0,
0.0,
0.0,
0.0,
2.0,
5.0,
4.0,
2.0,
0.0,
8.0,
97.0,
255.0,
247.0,
245.0,
255.0,
209.0,
20.0,
0.0,
6.0,
2.0,
0.0,
3.0,
0.0,
0.0,
0.0,
0.0,
0.0,
0.0,
2.0,
3.0,
0.0,
0.0,
0.0,
1.0,
1.0,
0.0,
0.0,
0.0,
125.0,
247.0,
255.0,
254.0,
252.0,
137.0,
0.0,
0.0,
6.0,
4.0,
0.0,
0.0,
12.0,
7.0,
0.0,
0.0,
0.0,
0.0,
0.0,
4.0,
3.0,
0.0,
0.0,
0.0,
0.0,
0.0,
15.0,
19.0,
228.0,
255.0,
228.0,
249.0,
254.0,
32.0,
4.0,
2.0,
0.0,
0.0,
6.0,
4.0,
0.0,
0.0,
0.0,
0.0,
0.0,
0.0,
0.0,
3.0,
6.0,
1.0,
0.0,
2.0,
2.0,
0.0,
0.0,
63.0,
237.0,
239.0,
255.0,
247.0,
159.0,
0.0,
4.0,
0.0,
1.0,
0.0,
2.0,
4.0,
0.0,
5.0,
0.0,
0.0,
0.0,
0.0,
0.0,
0.0,
0.0,
0.0,
0.0,
0.0,
0.0,
0.0,
0.0,
10.0,
45.0,
130.0,
203.0,
160.0,
55.0,
0.0,
0.0,
0.0,
0.0,
0.0,
0.0,
0.0,
0.0,
0.0,
0.0,
0.0,
0.0,
0.0,
0.0,
0.0,
0.0,
0.0,
0.0,
0.0,
0.0,
0.0,
0.0,
0.0,
0.0,
0.0,
14.0,
0.0,
0.0,
5.0,
0.0,
0.0,
0.0,
0.0,
0.0,
0.0,
0.0,
0.0,
0.0,
0.0,
0.0,
0.0,
0.0,
0.0,
0.0,
0.0,
0.0,
0.0,
0.0,
0.0,
4.0,
15.0,
6.0,
1.0,
8.0,
0.0,
0.0,
10.0,
0.0,
0.0,
0.0,
0.0,
0.0,
0.0,
0.0,
0.0,
0.0,
0.0,
0.0,
0.0,
0.0,
0.0,
0.0,
0.0,
0.0,
0.0,
0.0,
0.0,
0.0,
0.0,
0.0,
0.0,
6.0,
8.0,
0.0,
0.0,
0.0,
0.0,
0.0,
0.0,
0.0,
0.0,
0.0,
0.0,
0.0,
0.0,
0.0,
0.0,
