0.0,
0.0,
0.0,
0.0,
0.0,
0.0,
0.0,
0.0,
2.0,
0.0,
0.0,
0.0,
5.0,
0.0,
3.0,
2.0,
0.0,
0.0,
1.0,
0.0,
0.0,
1.0,
0.0,
0.0,
0.0,
0.0,
0.0,
0.0,
0.0,
0.0,
0.0,
0.0,
0.0,
0.0,
0.0,
0.0,
0.0,
2.0,
1.0,
0.0,
0.0,
17.0,
2.0,
0.0,
5.0,
1.0,
0.0,
2.0,
2.0,
0.0,
1.0,
5.0,
0.0,
0.0,
0.0,
0.0,
0.0,
0.0,
0.0,
0.0,
0.0,
0.0,
0.0,
0.0,
5.0,
1.0,
19.0,
9.0,
0.0,
0.0,
0.0,
6.0,
4.0,
0.0,
0.0,
3.0,
3.0,
0.0,
0.0,
4.0,
0.0,
0.0,
0.0,
0.0,
0.0,
0.0,
0.0,
0.0,
0.0,
0.0,
0.0,
0.0,
5.0,
0.0,
0.0,
0.0,
17.0,
0.0,
4.0,
0.0,
0.0,
0.0,
0.0,
3.0,
3.0,
0.0,
0.0,
0.0,
0.0,
0.0,
0.0,
0.0,
0.0,
0.0,
0.0,
0.0,
0.0,
0.0,
0.0,
0.0,
3.0,
10.0,
0.0,
0.0,
7.0,
0.0,
12.0,
0.0,
0.0,
6.0,
5.0,
0.0,
0.0,
5.0,
6.0,
0.0,
0.0,
0.0,
0.0,
0.0,
0.0,
0.0,
0.0,
0.0,
0.0,
0.0,
0.0,
0.0,
0.0,
3.0,
0.0,
18.0,
0.0,
0.0,
0.0,
9.0,
2.0,
5.0,
1.0,
0.0,
0.0,
1.0,
5.0,
2.0,
0.0,
0.0,
0.0,
0.0,
0.0,
0.0,
0.0,
0.0,
0.0,
0.0,
0.0,
0.0,
0.0,
0.0,
19.0,
0.0,
3.0,
13.0,
0.0,
0.0,
1.0,
0.0,
0.0,
10.0,
10.0,
0.0,
0.0,
1.0,
0.0,
0.0,
0.0,
0.0,
0.0,
0.0,
0.0,
0.0,
0.0,
0.0,
0.0,
0.0,
11.0,
86.0,
222.0,
9.0,
0.0,
0.0,
11.0,
0.0,
3.0,
0.0,
9.0,
42.0,
42.0,
9.0,
0.0,
3.0,
0.0,
0.0,
0.0,
0.0,
1.0,
0.0,
0.0,
4.0,
6.0,
0.0,
0.0,
0.0,
0.0,
178.0,
236.0,
94.0,
0.0,
0.0,
8.0,
5.0,
0.0,
23.0,
48.0,
236.0,
138.0,
3.0,
0.0,
7.0,
0.0,
0.0,
0.0,
0.0,
0.0,
4.0,
1.0,
0.0,
0.0,
0.0,
5.0,
6.0,
62.0,
244.0,
255.0,
244.0,
105.0,
89.0,
17.0,
36.0,
149.0,
190.0,
250.0,
255.0,
96.0,
5.0,
0.0,
0.0,
0.0,
0.0,
0.0,
0.0,
0.0,
5.0,
2.0,
0.0,
0.0,
4.0,
2.0,
4.0,
151.0,
255.0,
231.0,
251.0,
248.0,
254.0,
210.0,
193.0,
255.0,
216.0,
240.0,
249.0,
41.0,
0.0,
0.0,
12.0,
0.0,
0.0,
0.0,
0.0,
3.0,
0.0,
0.0,
0.0,
6.0,
3.0,
0.0,
13.0,
224.0,
232.0,
113.0,
109.0,
224.0,
243.0,
255.0,
253.0,
146.0,
71.0,
99.0,
252.0,
48.0,
0.0,
0.0,
5.0,
0.0,
0.0,
0.0,
0.0,
4.0,
0.0,
0.0,
1.0,
7.0,
0.0,
0.0,
69.0,
249.0,
198.0,
0.0,
0.0,
14.0,
0.0,
0.0,
34.0,
8.0,
0.0,
111.0,
240.0,
36.0,
11.0,
0.0,
0.0,
0.0,
0.0,
0.0,
0.0,
0.0,
0.0,
8.0,
6.0,
2.0,
0.0,
15.0,
131.0,
249.0,
207.0,
0.0,
8.0,
2.0,
0.0,
0.0,
17.0,
0.0,
0.0,
206.0,
173.0,
0.0,
3.0,
0.0,
13.0,
0.0,
0.0,
0.0,
0.0,
0.0,
0.0,
8.0,
1.0,
2.0,
0.0,
11.0,
129.0,
245.0,
193.0,
15.0,
0.0,
1.0,
4.0,
1.0,
0.0,
3.0,
11.0,
245.0,
146.0,
4.0,
2.0,
0.0,
5.0,
0.0,
0.0,
0.0,
0.0,
5.0,
0.0,
1.0,
0.0,
7.0,
0.0,
0.0,
86.0,
255.0,
183.0,
9.0,
0.0,
4.0,
5.0,
0.0,
0.0,
0.0,
50.0,
243.0,
146.0,
5.0,
0.0,
0.0,
0.0,
0.0,
0.0,
0.0,
0.0,
0.0,
0.0,
0.0,
0.0,
0.0,
0.0,
0.0,
0.0,
224.0,
196.0,
19.0,
4.0,
3.0,
0.0,
14.0,
0.0,
0.0,
28.0,
222.0,
102.0,
0.0,
11.0,
2.0,
0.0,
0.0,
0.0,
0.0,
0.0,
0.0,
0.0,
0.0,
0.0,
0.0,
0.0,
0.0,
0.0,
49.0,
45.0,
0.0,
0.0,
8.0,
0.0,
6.0,
0.0,
0.0,
51.0,
250.0,
108.0,
6.0,
0.0,
0.0,
2.0,
0.0,
0.0,
0.0,
0.0,
0.0,
0.0,
0.0,
0.0,
0.0,
0.0,
0.0,
0.0,
0.0,
0.0,
6.0,
0.0,
7.0,
1.0,
0.0,
0.0,
0.0,
97.0,
253.0,
76.0,
0.0,
0.0,
0.0,
8.0,
0.0,
0.0,
0.0,
0.0,
0.0,
0.0,
0.0,
0.0,
0.0,
0.0,
0.0,
0.0,
6.0,
0.0,
15.0,
0.0,
0.0,
0.0,
0.0,
7.0,
23.0,
225.0,
252.0,
49.0,
0.0,
6.0,
0.0,
0.0,
0.0,
0.0,
0.0,
0.0,
0.0,
0.0,
0.0,
0.0,
0.0,
0.0,
0.0,
0.0,
0.0,
0.0,
2.0,
0.0,
6.0,
0.0,
7.0,
0.0,
0.0,
235.0,
133.0,
0.0,
0.0,
11.0,
1.0,
4.0,
0.0,
0.0,
0.0,
0.0,
0.0,
0.0,
0.0,
0.0,
0.0,
0.0,
0.0,
0.0,
9.0,
10.0,
0.0,
4.0,
13.0,
0.0,
4.0,
0.0,
31.0,
244.0,
61.0,
0.0,
7.0,
6.0,
0.0,
6.0,
0.0,
0.0,
0.0,
0.0,
0.0,
0.0,
0.0,
0.0,
0.0,
0.0,
0.0,
0.0,
0.0,
5.0,
0.0,
0.0,
1.0,
0.0,
0.0,
7.0,
89.0,
216.0,
31.0,
0.0,
1.0,
2.0,
0.0,
12.0,
0.0,
0.0,
0.0,
0.0,
0.0,
0.0,
0.0,
0.0,
0.0,
0.0,
0.0,
0.0,
0.0,
12.0,
0.0,
1.0,
3.0,
8.0,
0.0,
12.0,
194.0,
253.0,
82.0,
13.0,
0.0,
4.0,
0.0,
0.0,
0.0,
0.0,
0.0,
0.0,
0.0,
0.0,
0.0,
0.0,
0.0,
0.0,
0.0,
0.0,
2.0,
0.0,
0.0,
3.0,
1.0,
0.0,
6.0,
22.0,
243.0,
255.0,
86.0,
0.0,
11.0,
0.0,
2.0,
1.0,
0.0,
0.0,
0.0,
0.0,
0.0,
0.0,
0.0,
0.0,
0.0,
0.0,
0.0,
0.0,
1.0,
0.0,
0.0,
3.0,
1.0,
0.0,
4.0,
18.0,
255.0,
196.0,
34.0,
0.0,
10.0,
0.0,
6.0,
0.0,
0.0,
0.0,
0.0,
0.0,
0.0,
0.0,
0.0,
0.0,
0.0,
0.0,
0.0,
0.0,
0.0,
0.0,
0.0,
3.0,
1.0,
0.0,
1.0,
11.0,
161.0,
72.0,
0.0,
0.0,
4.0,
0.0,
8.0,
0.0,
0.0,
0.0,
0.0,
0.0,
0.0,
0.0,
0.0,
0.0,
0.0,
0.0,
0.0,
0.0,
0.0,
0.0,
0.0,
3.0,
1.0,
0.0,
0.0,
5.0,
15.0,
0.0,
0.0,
6.0,
0.0,
2.0,
5.0,
0.0,
0.0,
0.0,
0.0,
0.0,
