0.0,
0.0,
0.0,
0.0,
0.0,
0.0,
0.0,
0.0,
0.0,
8.0,
0.0,
5.0,
0.0,
0.0,
14.0,
0.0,
0.0,
11.0,
7.0,
0.0,
0.0,
4.0,
6.0,
4.0,
0.0,
0.0,
0.0,
0.0,
0.0,
0.0,
0.0,
0.0,
0.0,
0.0,
0.0,
0.0,
0.0,
0.0,
3.0,
0.0,
17.0,
4.0,
0.0,
0.0,
0.0,
0.0,
0.0,
0.0,
8.0,
3.0,
0.0,
0.0,
0.0,
0.0,
0.0,
0.0,
0.0,
0.0,
0.0,
0.0,
0.0,
0.0,
0.0,
0.0,
0.0,
1.0,
8.0,
0.0,
6.0,
0.0,
0.0,
13.0,
11.0,
3.0,
0.0,
2.0,
4.0,
0.0,
0.0,
1.0,
0.0,
0.0,
0.0,
0.0,
0.0,
0.0,
0.0,
0.0,
0.0,
0.0,
0.0,
0.0,
0.0,
6.0,
0.0,
6.0,
0.0,
0.0,
12.0,
0.0,
0.0,
0.0,
8.0,
0.0,
0.0,
0.0,
6.0,
1.0,
0.0,
0.0,
0.0,
0.0,
0.0,
0.0,
0.0,
0.0,
0.0,
0.0,
0.0,
0.0,
3.0,
2.0,
0.0,
10.0,
2.0,
12.0,
0.0,
12.0,
3.0,
0.0,
0.0,
0.0,
0.0,
0.0,
2.0,
0.0,
0.0,
0.0,
0.0,
0.0,
0.0,
0.0,
0.0,
0.0,
0.0,
0.0,
0.0,
0.0,
2.0,
0.0,
2.0,
0.0,
4.0,
14.0,
0.0,
153.0,
128.0,
32.0,
0.0,
0.0,
6.0,
0.0,
0.0,
0.0,
0.0,
0.0,
0.0,
0.0,
0.0,
0.0,
0.0,
0.0,
0.0,
0.0,
0.0,
0.0,
0.0,
0.0,
11.0,
0.0,
0.0,
0.0,
92.0,
255.0,
246.0,
94.0,
0.0,
0.0,
3.0,
0.0,
1.0,
6.0,
0.0,
0.0,
0.0,
0.0,
0.0,
0.0,
0.0,
0.0,
0.0,
0.0,
0.0,
0.0,
1.0,
0.0,
0.0,
11.0,
0.0,
0.0,
208.0,
244.0,
255.0,
111.0,
10.0,
0.0,
0.0,
0.0,
1.0,
0.0,
0.0,
0.0,
0.0,
0.0,
6.0,
0.0,
0.0,
14.0,
0.0,
11.0,
3.0,
1.0,
12.0,
0.0,
12.0,
3.0,
13.0,
108.0,
214.0,
255.0,
255.0,
89.0,
19.0,
0.0,
3.0,
0.0,
0.0,
0.0,
0.0,
0.0,
0.0,
0.0,
0.0,
29.0,
0.0,
0.0,
4.0,
0.0,
41.0,
138.0,
161.0,
114.0,
144.0,
188.0,
233.0,
255.0,
255.0,
242.0,
160.0,
24.0,
0.0,
0.0,
2.0,
3.0,
3.0,
3.0,
0.0,
0.0,
0.0,
0.0,
6.0,
0.0,
1.0,
23.0,
0.0,
4.0,
202.0,
255.0,
255.0,
255.0,
254.0,
252.0,
255.0,
226.0,
255.0,
254.0,
90.0,
0.0,
0.0,
0.0,
2.0,
0.0,
2.0,
2.0,
0.0,
0.0,
0.0,
0.0,
0.0,
20.0,
0.0,
0.0,
16.0,
9.0,
108.0,
222.0,
219.0,
172.0,
166.0,
115.0,
3.0,
37.0,
255.0,
253.0,
83.0,
0.0,
9.0,
5.0,
0.0,
0.0,
0.0,
0.0,
0.0,
0.0,
0.0,
0.0,
10.0,
0.0,
0.0,
12.0,
0.0,
0.0,
4.0,
18.0,
0.0,
3.0,
5.0,
8.0,
1.0,
35.0,
243.0,
255.0,
81.0,
0.0,
5.0,
0.0,
0.0,
0.0,
1.0,
0.0,
0.0,
0.0,
0.0,
0.0,
3.0,
0.0,
2.0,
12.0,
0.0,
14.0,
0.0,
0.0,
19.0,
0.0,
0.0,
2.0,
0.0,
3.0,
214.0,
248.0,
88.0,
0.0,
0.0,
0.0,
0.0,
2.0,
4.0,
0.0,
0.0,
0.0,
0.0,
0.0,
0.0,
13.0,
0.0,
0.0,
2.0,
4.0,
0.0,
6.0,
0.0,
9.0,
0.0,
0.0,
15.0,
0.0,
178.0,
255.0,
117.0,
9.0,
2.0,
0.0,
2.0,
1.0,
1.0,
0.0,
0.0,
0.0,
0.0,
0.0,
0.0,
3.0,
0.0,
5.0,
12.0,
0.0,
17.0,
0.0,
11.0,
0.0,
4.0,
4.0,
0.0,
1.0,
209.0,
244.0,
142.0,
23.0,
5.0,
0.0,
0.0,
0.0,
0.0,
1.0,
0.0,
0.0,
0.0,
0.0,
0.0,
0.0,
0.0,
0.0,
0.0,
0.0,
0.0,
0.0,
0.0,
3.0,
13.0,
0.0,
75.0,
181.0,
222.0,
255.0,
255.0,
237.0,
194.0,
130.0,
7.0,
0.0,
6.0,
0.0,
0.0,
0.0,
0.0,
0.0,
0.0,
0.0,
0.0,
0.0,
0.0,
0.0,
0.0,
0.0,
0.0,
0.0,
0.0,
3.0,
149.0,
255.0,
255.0,
254.0,
244.0,
255.0,
223.0,
91.0,
0.0,
0.0,
0.0,
3.0,
0.0,
0.0,
0.0,
0.0,
0.0,
0.0,
0.0,
0.0,
0.0,
0.0,
0.0,
0.0,
12.0,
0.0,
3.0,
8.0,
117.0,
199.0,
225.0,
255.0,
203.0,
29.0,
0.0,
0.0,
0.0,
9.0,
2.0,
0.0,
0.0,
0.0,
0.0,
0.0,
0.0,
0.0,
0.0,
0.0,
0.0,
0.0,
0.0,
0.0,
0.0,
0.0,
0.0,
0.0,
4.0,
17.0,
108.0,
248.0,
184.0,
0.0,
10.0,
11.0,
0.0,
0.0,
8.0,
0.0,
0.0,
0.0,
0.0,
0.0,
0.0,
0.0,
0.0,
0.0,
0.0,
0.0,
0.0,
0.0,
3.0,
0.0,
14.0,
4.0,
2.0,
0.0,
101.0,
255.0,
175.0,
0.0,
3.0,
0.0,
9.0,
15.0,
0.0,
0.0,
0.0,
0.0,
0.0,
0.0,
0.0,
0.0,
0.0,
0.0,
0.0,
0.0,
0.0,
0.0,
0.0,
0.0,
0.0,
0.0,
1.0,
2.0,
110.0,
252.0,
225.0,
0.0,
0.0,
6.0,
8.0,
0.0,
0.0,
10.0,
0.0,
0.0,
0.0,
0.0,
0.0,
0.0,
0.0,
0.0,
0.0,
0.0,
0.0,
0.0,
4.0,
8.0,
5.0,
0.0,
2.0,
0.0,
113.0,
254.0,
242.0,
13.0,
0.0,
0.0,
0.0,
1.0,
18.0,
0.0,
0.0,
0.0,
0.0,
0.0,
0.0,
0.0,
0.0,
0.0,
0.0,
0.0,
0.0,
0.0,
0.0,
0.0,
0.0,
5.0,
11.0,
0.0,
104.0,
255.0,
255.0,
73.0,
11.0,
0.0,
5.0,
2.0,
0.0,
0.0,
0.0,
0.0,
0.0,
0.0,
0.0,
0.0,
0.0,
0.0,
0.0,
0.0,
0.0,
0.0,
0.0,
3.0,
0.0,
5.0,
6.0,
0.0,
60.0,
226.0,
216.0,
55.0,
0.0,
6.0,
4.0,
0.0,
3.0,
0.0,
0.0,
0.0,
0.0,
0.0,
0.0,
0.0,
0.0,
0.0,
0.0,
0.0,
0.0,
0.0,
0.0,
5.0,
0.0,
0.0,
14.0,
0.0,
0.0,
19.0,
13.0,
0.0,
0.0,
15.0,
0.0,
0.0,
6.0,
0.0,
0.0,
0.0,
0.0,
0.0,
0.0,
0.0,
0.0,
0.0,
0.0,
0.0,
0.0,
0.0,
0.0,
8.0,
0.0,
0.0,
0.0,
10.0,
1.0,
0.0,
0.0,
1.0,
11.0,
0.0,
0.0,
0.0,
10.0,
3.0,
0.0,
0.0,
0.0,
0.0,
0.0,
0.0,
0.0,
0.0,
0.0,
0.0,
0.0,
0.0,
0.0,
0.0,
3.0,
3.0,
0.0,
0.0,
4.0,
3.0,
5.0,
6.0,
0.0,
0.0,
2.0,
2.0,
0.0,
0.0,
0.0,
0.0,
0.0,
0.0,
