0.0,
0.0,
0.0,
0.0,
0.0,
0.0,
0.0,
0.0,
0.0,
0.0,
9.0,
0.0,
0.0,
12.0,
0.0,
0.0,
0.0,
0.0,
1.0,
0.0,
0.0,
7.0,
6.0,
0.0,
0.0,
0.0,
0.0,
0.0,
0.0,
0.0,
0.0,
0.0,
0.0,
0.0,
0.0,
0.0,
5.0,
0.0,
6.0,
5.0,
3.0,
2.0,
0.0,
4.0,
3.0,
5.0,
5.0,
0.0,
0.0,
0.0,
0.0,
6.0,
0.0,
0.0,
0.0,
0.0,
0.0,
0.0,
0.0,
0.0,
0.0,
0.0,
0.0,
0.0,
7.0,
0.0,
1.0,
0.0,
0.0,
0.0,
0.0,
9.0,
0.0,
0.0,
2.0,
3.0,
3.0,
0.0,
0.0,
6.0,
0.0,
0.0,
0.0,
0.0,
0.0,
0.0,
0.0,
0.0,
0.0,
0.0,
0.0,
0.0,
0.0,
2.0,
5.0,
0.0,
0.0,
6.0,
4.0,
3.0,
0.0,
3.0,
0.0,
0.0,
8.0,
5.0,
0.0,
0.0,
0.0,
0.0,
0.0,
0.0,
0.0,
0.0,
0.0,
0.0,
0.0,
0.0,
0.0,
0.0,
0.0,
0.0,
0.0,
4.0,
7.0,
2.0,
0.0,
0.0,
6.0,
11.0,
2.0,
0.0,
0.0,
3.0,
3.0,
0.0,
0.0,
0.0,
0.0,
0.0,
0.0,
0.0,
0.0,
0.0,
0.0,
0.0,
0.0,
0.0,
12.0,
2.0,
0.0,
0.0,
2.0,
0.0,
2.0,
7.0,
0.0,
0.0,
3.0,
3.0,
0.0,
0.0,
6.0,
0.0,
0.0,
0.0,
0.0,
0.0,
0.0,
0.0,
0.0,
0.0,
0.0,
0.0,
0.0,
0.0,
0.0,
7.0,
1.0,
0.0,
0.0,
0.0,
13.0,
0.0,
23.0,
0.0,
0.0,
15.0,
0.0,
0.0,
7.0,
0.0,
0.0,
0.0,
0.0,
0.0,
0.0,
0.0,
0.0,
0.0,
0.0,
0.0,
0.0,
0.0,
144.0,
237.0,
255.0,
252.0,
246.0,
255.0,
255.0,
186.0,
114.0,
17.0,
0.0,
11.0,
0.0,
0.0,
10.0,
0.0,
0.0,
0.0,
0.0,
0.0,
0.0,
9.0,
2.0,
0.0,
1.0,
9.0,
105.0,
255.0,
254.0,
254.0,
255.0,
254.0,
255.0,
245.0,
255.0,
251.0,
245.0,
255.0,
68.0,
6.0,
0.0,
0.0,
14.0,
0.0,
0.0,
0.0,
0.0,
0.0,
0.0,
10.0,
0.0,
7.0,
0.0,
0.0,
255.0,
245.0,
255.0,
250.0,
255.0,
230.0,
255.0,
255.0,
255.0,
255.0,
255.0,
251.0,
241.0,
0.0,
8.0,
0.0,
0.0,
0.0,
0.0,
0.0,
0.0,
0.0,
0.0,
0.0,
1.0,
9.0,
11.0,
0.0,
243.0,
252.0,
255.0,
251.0,
113.0,
203.0,
179.0,
193.0,
106.0,
136.0,
190.0,
255.0,
255.0,
58.0,
8.0,
2.0,
3.0,
0.0,
0.0,
0.0,
0.0,
0.0,
5.0,
0.0,
6.0,
0.0,
3.0,
0.0,
28.0,
130.0,
187.0,
3.0,
14.0,
0.0,
11.0,
0.0,
19.0,
0.0,
121.0,
255.0,
226.0,
132.0,
0.0,
0.0,
8.0,
0.0,
0.0,
0.0,
0.0,
0.0,
2.0,
9.0,
0.0,
3.0,
0.0,
0.0,
0.0,
0.0,
0.0,
0.0,
0.0,
5.0,
10.0,
0.0,
12.0,
0.0,
134.0,
255.0,
253.0,
133.0,
0.0,
6.0,
0.0,
8.0,
0.0,
0.0,
0.0,
0.0,
0.0,
1.0,
0.0,
0.0,
8.0,
14.0,
15.0,
0.0,
8.0,
0.0,
16.0,
0.0,
0.0,
4.0,
0.0,
14.0,
123.0,
255.0,
255.0,
113.0,
0.0,
14.0,
0.0,
2.0,
0.0,
0.0,
0.0,
0.0,
4.0,
0.0,
14.0,
0.0,
2.0,
0.0,
0.0,
9.0,
0.0,
18.0,
0.0,
0.0,
32.0,
0.0,
0.0,
6.0,
126.0,
255.0,
250.0,
71.0,
0.0,
7.0,
3.0,
0.0,
0.0,
0.0,
0.0,
0.0,
0.0,
0.0,
0.0,
4.0,
0.0,
1.0,
7.0,
4.0,
0.0,
0.0,
5.0,
0.0,
0.0,
7.0,
8.0,
0.0,
200.0,
249.0,
255.0,
0.0,
1.0,
0.0,
0.0,
2.0,
0.0,
0.0,
0.0,
0.0,
0.0,
0.0,
0.0,
0.0,
0.0,
0.0,
0.0,
0.0,
0.0,
0.0,
4.0,
4.0,
3.0,
3.0,
0.0,
0.0,
252.0,
255.0,
127.0,
0.0,
0.0,
0.0,
8.0,
0.0,
0.0,
0.0,
0.0,
0.0,
0.0,
0.0,
0.0,
0.0,
0.0,
0.0,
0.0,
0.0,
1.0,
8.0,
0.0,
1.0,
0.0,
0.0,
6.0,
68.0,
255.0,
252.0,
153.0,
0.0,
11.0,
0.0,
0.0,
2.0,
0.0,
0.0,
0.0,
0.0,
0.0,
0.0,
0.0,
0.0,
0.0,
0.0,
0.0,
0.0,
0.0,
16.0,
0.0,
0.0,
2.0,
0.0,
12.0,
177.0,
248.0,
254.0,
105.0,
2.0,
8.0,
0.0,
0.0,
5.0,
0.0,
0.0,
0.0,
0.0,
0.0,
0.0,
0.0,
0.0,
0.0,
0.0,
0.0,
0.0,
0.0,
8.0,
0.0,
1.0,
6.0,
0.0,
4.0,
255.0,
250.0,
255.0,
11.0,
9.0,
0.0,
0.0,
13.0,
0.0,
0.0,
0.0,
0.0,
0.0,
0.0,
0.0,
0.0,
0.0,
0.0,
0.0,
0.0,
0.0,
0.0,
0.0,
7.0,
0.0,
1.0,
2.0,
0.0,
255.0,
255.0,
249.0,
0.0,
7.0,
0.0,
0.0,
10.0,
0.0,
0.0,
0.0,
0.0,
0.0,
0.0,
0.0,
0.0,
0.0,
0.0,
0.0,
0.0,
0.0,
3.0,
0.0,
8.0,
0.0,
0.0,
0.0,
10.0,
242.0,
255.0,
177.0,
12.0,
0.0,
2.0,
2.0,
0.0,
1.0,
0.0,
0.0,
0.0,
0.0,
0.0,
0.0,
0.0,
0.0,
0.0,
0.0,
0.0,
0.0,
2.0,
0.0,
0.0,
4.0,
0.0,
1.0,
87.0,
245.0,
252.0,
123.0,
16.0,
0.0,
3.0,
2.0,
0.0,
6.0,
0.0,
0.0,
0.0,
0.0,
0.0,
0.0,
0.0,
0.0,
0.0,
0.0,
0.0,
0.0,
0.0,
7.0,
0.0,
11.0,
0.0,
11.0,
164.0,
255.0,
255.0,
126.0,
0.0,
1.0,
0.0,
0.0,
3.0,
0.0,
0.0,
0.0,
0.0,
0.0,
0.0,
0.0,
0.0,
0.0,
0.0,
0.0,
0.0,
0.0,
9.0,
0.0,
16.0,
0.0,
0.0,
14.0,
243.0,
255.0,
255.0,
0.0,
0.0,
0.0,
4.0,
8.0,
0.0,
0.0,
0.0,
0.0,
0.0,
0.0,
0.0,
0.0,
0.0,
0.0,
0.0,
0.0,
0.0,
0.0,
4.0,
0.0,
5.0,
0.0,
13.0,
93.0,
255.0,
255.0,
204.0,
3.0,
2.0,
0.0,
1.0,
0.0,
0.0,
3.0,
0.0,
0.0,
0.0,
0.0,
0.0,
0.0,
0.0,
0.0,
0.0,
0.0,
0.0,
0.0,
0.0,
5.0,
6.0,
0.0,
0.0,
89.0,
186.0,
185.0,
113.0,
0.0,
4.0,
0.0,
2.0,
0.0,
1.0,
2.0,
0.0,
0.0,
0.0,
0.0,
0.0,
0.0,
0.0,
0.0,
0.0,
0.0,
0.0,
0.0,
2.0,
4.0,
3.0,
0.0,
0.0,
0.0,
0.0,
7.0,
25.0,
0.0,
1.0,
3.0,
8.0,
0.0,
4.0,
0.0,
0.0,
0.0,
0.0,
0.0,
