0.0,
0.0,
0.0,
0.0,
0.0,
0.0,
0.0,
0.0,
0.0,
0.0,
0.0,
0.0,
0.0,
0.0,
0.0,
0.0,
14.0,
0.0,
0.0,
2.0,
3.0,
2.0,
0.0,
0.0,
0.0,
0.0,
0.0,
0.0,
0.0,
0.0,
0.0,
0.0,
0.0,
0.0,
0.0,
0.0,
0.0,
0.0,
0.0,
0.0,
0.0,
0.0,
0.0,
0.0,
0.0,
5.0,
14.0,
0.0,
0.0,
0.0,
2.0,
4.0,
0.0,
0.0,
0.0,
0.0,
0.0,
0.0,
0.0,
0.0,
0.0,
0.0,
0.0,
0.0,
0.0,
0.0,
0.0,
0.0,
0.0,
0.0,
0.0,
0.0,
2.0,
0.0,
0.0,
1.0,
11.0,
0.0,
0.0,
2.0,
0.0,
0.0,
0.0,
0.0,
0.0,
0.0,
0.0,
0.0,
0.0,
0.0,
0.0,
0.0,
0.0,
0.0,
0.0,
0.0,
0.0,
0.0,
0.0,
0.0,
0.0,
13.0,
7.0,
0.0,
3.0,
0.0,
1.0,
0.0,
0.0,
0.0,
0.0,
0.0,
0.0,
0.0,
0.0,
0.0,
0.0,
0.0,
0.0,
0.0,
0.0,
0.0,
0.0,
0.0,
0.0,
0.0,
0.0,
0.0,
0.0,
0.0,
0.0,
1.0,
5.0,
0.0,
0.0,
7.0,
0.0,
0.0,
0.0,
0.0,
0.0,
0.0,
0.0,
0.0,
0.0,
0.0,
0.0,
0.0,
0.0,
0.0,
0.0,
0.0,
0.0,
0.0,
0.0,
0.0,
0.0,
6.0,
0.0,
12.0,
0.0,
0.0,
14.0,
0.0,
0.0,
0.0,
0.0,
0.0,
0.0,
0.0,
0.0,
0.0,
0.0,
0.0,
0.0,
0.0,
0.0,
0.0,
0.0,
0.0,
0.0,
0.0,
0.0,
0.0,
0.0,
6.0,
0.0,
31.0,
122.0,
225.0,
215.0,
55.0,
0.0,
0.0,
0.0,
0.0,
0.0,
0.0,
0.0,
0.0,
0.0,
0.0,
0.0,
0.0,
0.0,
0.0,
0.0,
0.0,
0.0,
0.0,
0.0,
0.0,
99.0,
110.0,
152.0,
235.0,
251.0,
251.0,
255.0,
176.0,
0.0,
0.0,
0.0,
0.0,
0.0,
7.0,
0.0,
0.0,
14.0,
4.0,
0.0,
0.0,
3.0,
0.0,
73.0,
93.0,
127.0,
195.0,
243.0,
226.0,
250.0,
255.0,
255.0,
252.0,
255.0,
242.0,
251.0,
57.0,
0.0,
0.0,
0.0,
0.0,
8.0,
0.0,
2.0,
4.0,
0.0,
0.0,
0.0,
43.0,
204.0,
206.0,
247.0,
243.0,
241.0,
255.0,
242.0,
255.0,
255.0,
240.0,
241.0,
255.0,
239.0,
255.0,
193.0,
62.0,
0.0,
0.0,
0.0,
0.0,
0.0,
9.0,
3.0,
0.0,
0.0,
15.0,
0.0,
115.0,
249.0,
255.0,
244.0,
255.0,
255.0,
251.0,
253.0,
248.0,
254.0,
255.0,
245.0,
243.0,
255.0,
197.0,
68.0,
2.0,
0.0,
0.0,
0.0,
0.0,
0.0,
12.0,
0.0,
0.0,
3.0,
8.0,
31.0,
168.0,
243.0,
247.0,
251.0,
207.0,
205.0,
193.0,
133.0,
63.0,
108.0,
231.0,
255.0,
255.0,
208.0,
60.0,
5.0,
0.0,
0.0,
0.0,
0.0,
0.0,
14.0,
0.0,
0.0,
7.0,
0.0,
8.0,
165.0,
255.0,
247.0,
254.0,
125.0,
32.0,
0.0,
0.0,
5.0,
19.0,
240.0,
255.0,
235.0,
209.0,
31.0,
0.0,
5.0,
0.0,
0.0,
0.0,
0.0,
0.0,
0.0,
0.0,
3.0,
8.0,
0.0,
4.0,
180.0,
252.0,
237.0,
158.0,
0.0,
0.0,
19.0,
8.0,
0.0,
144.0,
254.0,
251.0,
250.0,
146.0,
1.0,
0.0,
2.0,
8.0,
0.0,
0.0,
0.0,
0.0,
0.0,
14.0,
4.0,
0.0,
4.0,
0.0,
45.0,
95.0,
88.0,
0.0,
14.0,
2.0,
0.0,
0.0,
12.0,
254.0,
255.0,
238.0,
166.0,
4.0,
18.0,
9.0,
0.0,
0.0,
0.0,
0.0,
0.0,
0.0,
3.0,
0.0,
0.0,
0.0,
5.0,
7.0,
5.0,
1.0,
0.0,
8.0,
0.0,
1.0,
11.0,
14.0,
255.0,
252.0,
245.0,
255.0,
117.0,
0.0,
0.0,
0.0,
0.0,
9.0,
0.0,
0.0,
0.0,
0.0,
0.0,
0.0,
0.0,
0.0,
0.0,
0.0,
0.0,
0.0,
2.0,
1.0,
0.0,
0.0,
20.0,
190.0,
248.0,
255.0,
250.0,
80.0,
10.0,
0.0,
0.0,
7.0,
0.0,
2.0,
0.0,
0.0,
0.0,
0.0,
0.0,
0.0,
0.0,
0.0,
0.0,
0.0,
0.0,
0.0,
0.0,
8.0,
0.0,
22.0,
70.0,
255.0,
248.0,
255.0,
150.0,
25.0,
0.0,
0.0,
0.0,
8.0,
0.0,
1.0,
0.0,
0.0,
0.0,
0.0,
0.0,
0.0,
0.0,
0.0,
0.0,
0.0,
0.0,
0.0,
0.0,
15.0,
0.0,
0.0,
211.0,
255.0,
239.0,
255.0,
67.0,
0.0,
0.0,
5.0,
0.0,
5.0,
0.0,
0.0,
0.0,
0.0,
0.0,
0.0,
0.0,
0.0,
0.0,
0.0,
0.0,
0.0,
0.0,
0.0,
7.0,
1.0,
31.0,
168.0,
249.0,
242.0,
255.0,
102.0,
32.0,
0.0,
6.0,
9.0,
0.0,
0.0,
0.0,
0.0,
0.0,
0.0,
0.0,
0.0,
0.0,
0.0,
0.0,
0.0,
0.0,
0.0,
0.0,
0.0,
0.0,
7.0,
128.0,
255.0,
252.0,
251.0,
255.0,
0.0,
8.0,
0.0,
1.0,
1.0,
0.0,
0.0,
4.0,
3.0,
0.0,
0.0,
0.0,
0.0,
0.0,
0.0,
0.0,
0.0,
0.0,
0.0,
0.0,
0.0,
0.0,
0.0,
199.0,
252.0,
241.0,
243.0,
230.0,
0.0,
0.0,
0.0,
0.0,
0.0,
0.0,
1.0,
3.0,
0.0,
0.0,
0.0,
0.0,
0.0,
0.0,
0.0,
0.0,
0.0,
0.0,
0.0,
0.0,
0.0,
0.0,
115.0,
219.0,
255.0,
255.0,
252.0,
72.0,
4.0,
2.0,
3.0,
0.0,
3.0,
1.0,
0.0,
1.0,
0.0,
0.0,
0.0,
0.0,
0.0,
0.0,
0.0,
0.0,
0.0,
0.0,
0.0,
0.0,
0.0,
52.0,
178.0,
255.0,
249.0,
248.0,
228.0,
97.0,
0.0,
1.0,
2.0,
0.0,
0.0,
0.0,
0.0,
2.0,
0.0,
0.0,
0.0,
0.0,
0.0,
0.0,
0.0,
0.0,
0.0,
0.0,
0.0,
0.0,
0.0,
157.0,
240.0,
250.0,
255.0,
147.0,
55.0,
8.0,
0.0,
0.0,
0.0,
0.0,
0.0,
0.0,
0.0,
0.0,
0.0,
0.0,
0.0,
0.0,
0.0,
0.0,
0.0,
0.0,
0.0,
0.0,
0.0,
0.0,
0.0,
42.0,
234.0,
253.0,
198.0,
3.0,
0.0,
0.0,
13.0,
0.0,
0.0,
0.0,
0.0,
0.0,
0.0,
0.0,
0.0,
0.0,
0.0,
0.0,
0.0,
0.0,
0.0,
0.0,
0.0,
0.0,
0.0,
0.0,
0.0,
0.0,
5.0,
0.0,
11.0,
8.0,
1.0,
2.0,
0.0,
0.0,
0.0,
0.0,
0.0,
0.0,
0.0,
0.0,
0.0,
0.0,
0.0,
0.0,
0.0,
0.0,
0.0,
0.0,
0.0,
0.0,
0.0,
0.0,
0.0,
2.0,
0.0,
3.0,
3.0,
14.0,
0.0,
6.0,
10.0,
0.0,
0.0,
0.0,
0.0,
0.0,
0.0,
0.0,
0.0,
0.0,
0.0,
0.0,
0.0,
