4.0,
4.0,
1.0,
0.0,
0.0,
0.0,
0.0,
2.0,
0.0,
8.0,
4.0,
0.0,
0.0,
2.0,
0.0,
0.0,
0.0,
0.0,
0.0,
0.0,
0.0,
0.0,
0.0,
0.0,
0.0,
0.0,
0.0,
0.0,
0.0,
0.0,
0.0,
8.0,
15.0,
13.0,
2.0,
0.0,
0.0,
0.0,
0.0,
0.0,
0.0,
7.0,
3.0,
0.0,
0.0,
0.0,
0.0,
0.0,
0.0,
0.0,
0.0,
0.0,
0.0,
0.0,
0.0,
0.0,
2.0,
0.0,
0.0,
0.0,
0.0,
1.0,
1.0,
0.0,
2.0,
2.0,
7.0,
5.0,
0.0,
0.0,
4.0,
0.0,
0.0,
0.0,
0.0,
0.0,
0.0,
0.0,
0.0,
0.0,
0.0,
0.0,
0.0,
0.0,
7.0,
10.0,
11.0,
8.0,
2.0,
0.0,
0.0,
0.0,
0.0,
0.0,
3.0,
5.0,
0.0,
0.0,
9.0,
4.0,
0.0,
0.0,
0.0,
0.0,
0.0,
0.0,
0.0,
0.0,
0.0,
0.0,
0.0,
0.0,
0.0,
0.0,
0.0,
0.0,
0.0,
0.0,
3.0,
7.0,
9.0,
0.0,
0.0,
0.0,
1.0,
1.0,
0.0,
0.0,
0.0,
0.0,
0.0,
0.0,
0.0,
0.0,
0.0,
0.0,
0.0,
0.0,
0.0,
0.0,
11.0,
6.0,
1.0,
1.0,
2.0,
1.0,
0.0,
0.0,
0.0,
1.0,
1.0,
1.0,
5.0,
0.0,
0.0,
17.0,
0.0,
0.0,
0.0,
0.0,
0.0,
0.0,
0.0,
0.0,
0.0,
0.0,
0.0,
0.0,
0.0,
0.0,
3.0,
2.0,
0.0,
0.0,
3.0,
10.0,
1.0,
16.0,
0.0,
0.0,
10.0,
0.0,
0.0,
1.0,
0.0,
0.0,
0.0,
0.0,
0.0,
0.0,
0.0,
0.0,
0.0,
0.0,
0.0,
0.0,
0.0,
1.0,
0.0,
0.0,
8.0,
77.0,
180.0,
255.0,
253.0,
223.0,
145.0,
115.0,
141.0,
102.0,
24.0,
3.0,
0.0,
0.0,
0.0,
0.0,
0.0,
0.0,
0.0,
0.0,
0.0,
0.0,
0.0,
0.0,
2.0,
0.0,
0.0,
14.0,
1.0,
202.0,
252.0,
250.0,
255.0,
255.0,
251.0,
249.0,
255.0,
250.0,
246.0,
226.0,
137.0,
125.0,
138.0,
154.0,
118.0,
32.0,
0.0,
0.0,
0.0,
0.0,
0.0,
0.0,
0.0,
27.0,
0.0,
0.0,
8.0,
177.0,
255.0,
255.0,
245.0,
252.0,
255.0,
255.0,
255.0,
255.0,
255.0,
246.0,
255.0,
255.0,
251.0,
235.0,
255.0,
147.0,
11.0,
6.0,
0.0,
0.0,
0.0,
0.0,
0.0,
4.0,
3.0,
3.0,
0.0,
70.0,
224.0,
255.0,
255.0,
253.0,
255.0,
253.0,
241.0,
251.0,
255.0,
255.0,
249.0,
255.0,
249.0,
255.0,
255.0,
250.0,
64.0,
4.0,
0.0,
0.0,
0.0,
0.0,
0.0,
8.0,
0.0,
0.0,
11.0,
0.0,
78.0,
197.0,
217.0,
151.0,
95.0,
100.0,
141.0,
211.0,
225.0,
227.0,
240.0,
255.0,
246.0,
255.0,
246.0,
229.0,
74.0,
3.0,
0.0,
0.0,
0.0,
0.0,
6.0,
0.0,
3.0,
7.0,
0.0,
0.0,
7.0,
21.0,
4.0,
1.0,
1.0,
7.0,
0.0,
6.0,
0.0,
45.0,
241.0,
246.0,
252.0,
246.0,
255.0,
71.0,
0.0,
0.0,
0.0,
0.0,
0.0,
0.0,
0.0,
12.0,
3.0,
0.0,
1.0,
23.0,
0.0,
0.0,
2.0,
0.0,
0.0,
1.0,
4.0,
16.0,
0.0,
75.0,
251.0,
246.0,
255.0,
253.0,
167.0,
0.0,
0.0,
7.0,
0.0,
0.0,
0.0,
0.0,
7.0,
0.0,
0.0,
12.0,
0.0,
0.0,
8.0,
15.0,
0.0,
9.0,
2.0,
12.0,
0.0,
0.0,
0.0,
113.0,
255.0,
251.0,
246.0,
249.0,
25.0,
0.0,
10.0,
0.0,
0.0,
0.0,
0.0,
0.0,
0.0,
3.0,
0.0,
3.0,
6.0,
0.0,
5.0,
0.0,
0.0,
12.0,
0.0,
0.0,
0.0,
10.0,
23.0,
207.0,
254.0,
255.0,
251.0,
233.0,
19.0,
5.0,
0.0,
2.0,
0.0,
0.0,
0.0,
0.0,
0.0,
0.0,
0.0,
0.0,
0.0,
0.0,
0.0,
0.0,
6.0,
0.0,
0.0,
6.0,
0.0,
0.0,
184.0,
245.0,
255.0,
249.0,
255.0,
120.0,
4.0,
0.0,
5.0,
0.0,
0.0,
0.0,
0.0,
0.0,
0.0,
0.0,
0.0,
0.0,
0.0,
0.0,
0.0,
0.0,
0.0,
0.0,
1.0,
14.0,
1.0,
0.0,
197.0,
248.0,
250.0,
252.0,
223.0,
26.0,
20.0,
0.0,
0.0,
3.0,
0.0,
0.0,
0.0,
0.0,
0.0,
0.0,
0.0,
0.0,
0.0,
0.0,
0.0,
0.0,
0.0,
2.0,
0.0,
4.0,
0.0,
46.0,
227.0,
255.0,
255.0,
240.0,
177.0,
0.0,
0.0,
0.0,
10.0,
0.0,
0.0,
0.0,
0.0,
0.0,
0.0,
0.0,
0.0,
0.0,
0.0,
0.0,
0.0,
0.0,
7.0,
1.0,
0.0,
1.0,
13.0,
151.0,
255.0,
255.0,
255.0,
247.0,
118.0,
9.0,
0.0,
3.0,
9.0,
0.0,
0.0,
0.0,
0.0,
0.0,
0.0,
0.0,
0.0,
0.0,
0.0,
0.0,
0.0,
0.0,
1.0,
0.0,
6.0,
9.0,
38.0,
244.0,
255.0,
251.0,
249.0,
240.0,
46.0,
3.0,
8.0,
3.0,
0.0,
11.0,
0.0,
0.0,
0.0,
0.0,
0.0,
0.0,
0.0,
0.0,
0.0,
0.0,
0.0,
0.0,
0.0,
0.0,
8.0,
0.0,
47.0,
255.0,
248.0,
254.0,
255.0,
146.0,
0.0,
0.0,
9.0,
0.0,
2.0,
0.0,
0.0,
0.0,
0.0,
0.0,
0.0,
0.0,
0.0,
0.0,
0.0,
0.0,
0.0,
0.0,
2.0,
0.0,
0.0,
0.0,
89.0,
246.0,
251.0,
255.0,
254.0,
39.0,
0.0,
0.0,
0.0,
0.0,
16.0,
0.0,
0.0,
0.0,
0.0,
0.0,
0.0,
0.0,
0.0,
0.0,
0.0,
0.0,
0.0,
0.0,
0.0,
0.0,
2.0,
3.0,
161.0,
249.0,
255.0,
247.0,
226.0,
9.0,
11.0,
4.0,
0.0,
14.0,
0.0,
7.0,
0.0,
0.0,
0.0,
0.0,
0.0,
0.0,
0.0,
0.0,
0.0,
0.0,
0.0,
0.0,
3.0,
0.0,
1.0,
0.0,
196.0,
253.0,
243.0,
255.0,
174.0,
4.0,
0.0,
7.0,
0.0,
6.0,
0.0,
5.0,
0.0,
0.0,
0.0,
0.0,
0.0,
0.0,
0.0,
0.0,
0.0,
0.0,
0.0,
0.0,
2.0,
3.0,
4.0,
0.0,
168.0,
255.0,
255.0,
247.0,
110.0,
0.0,
0.0,
4.0,
0.0,
10.0,
0.0,
4.0,
0.0,
0.0,
0.0,
0.0,
0.0,
0.0,
0.0,
0.0,
0.0,
0.0,
0.0,
0.0,
0.0,
3.0,
13.0,
6.0,
137.0,
240.0,
244.0,
229.0,
34.0,
0.0,
0.0,
1.0,
0.0,
9.0,
6.0,
0.0,
0.0,
0.0,
0.0,
0.0,
0.0,
0.0,
0.0,
0.0,
0.0,
0.0,
0.0,
0.0,
1.0,
0.0,
0.0,
0.0,
0.0,
19.0,
2.0,
0.0,
0.0,
1.0,
0.0,
0.0,
0.0,
2.0,
6.0,
0.0,
0.0,
0.0,
0.0,
0.0,
