0.0,
0.0,
0.0,
0.0,
0.0,
0.0,
0.0,
0.0,
0.0,
4.0,
0.0,
0.0,
3.0,
1.0,
0.0,
4.0,
5.0,
0.0,
4.0,
7.0,
0.0,
0.0,
1.0,
6.0,
0.0,
0.0,
0.0,
0.0,
0.0,
0.0,
0.0,
0.0,
0.0,
0.0,
0.0,
0.0,
5.0,
4.0,
0.0,
0.0,
2.0,
4.0,
0.0,
0.0,
0.0,
0.0,
0.0,
0.0,
5.0,
12.0,
5.0,
0.0,
0.0,
0.0,
0.0,
0.0,
0.0,
0.0,
0.0,
0.0,
0.0,
0.0,
0.0,
0.0,
0.0,
0.0,
0.0,
0.0,
6.0,
4.0,
0.0,
0.0,
8.0,
11.0,
2.0,
0.0,
0.0,
0.0,
0.0,
8.0,
0.0,
0.0,
0.0,
0.0,
0.0,
0.0,
0.0,
0.0,
0.0,
0.0,
0.0,
0.0,
0.0,
10.0,
8.0,
2.0,
1.0,
0.0,
0.0,
4.0,
0.0,
0.0,
0.0,
5.0,
10.0,
0.0,
0.0,
6.0,
0.0,
0.0,
0.0,
0.0,
0.0,
0.0,
0.0,
0.0,
0.0,
0.0,
0.0,
0.0,
0.0,
0.0,
0.0,
0.0,
0.0,
0.0,
0.0,
8.0,
6.0,
2.0,
0.0,
5.0,
9.0,
2.0,
0.0,
0.0,
0.0,
0.0,
0.0,
0.0,
0.0,
0.0,
0.0,
0.0,
0.0,
0.0,
0.0,
0.0,
6.0,
5.0,
0.0,
1.0,
13.0,
10.0,
0.0,
0.0,
0.0,
0.0,
8.0,
0.0,
0.0,
0.0,
8.0,
0.0,
0.0,
0.0,
0.0,
0.0,
0.0,
0.0,
0.0,
0.0,
0.0,
0.0,
0.0,
0.0,
0.0,
0.0,
0.0,
0.0,
0.0,
0.0,
0.0,
13.0,
19.0,
0.0,
0.0,
8.0,
0.0,
0.0,
7.0,
0.0,
0.0,
0.0,
0.0,
0.0,
0.0,
0.0,
0.0,
0.0,
0.0,
0.0,
0.0,
0.0,
4.0,
28.0,
39.0,
36.0,
50.0,
94.0,
171.0,
242.0,
243.0,
84.0,
0.0,
4.0,
0.0,
0.0,
11.0,
0.0,
0.0,
0.0,
0.0,
0.0,
0.0,
6.0,
0.0,
0.0,
5.0,
5.0,
0.0,
14.0,
102.0,
223.0,
253.0,
232.0,
244.0,
255.0,
255.0,
251.0,
252.0,
238.0,
20.0,
4.0,
1.0,
0.0,
0.0,
0.0,
0.0,
0.0,
0.0,
0.0,
1.0,
0.0,
0.0,
3.0,
7.0,
0.0,
5.0,
85.0,
236.0,
255.0,
251.0,
244.0,
255.0,
244.0,
243.0,
247.0,
245.0,
255.0,
84.0,
3.0,
0.0,
5.0,
0.0,
0.0,
0.0,
0.0,
0.0,
0.0,
2.0,
0.0,
0.0,
8.0,
4.0,
0.0,
14.0,
106.0,
255.0,
237.0,
239.0,
181.0,
180.0,
202.0,
138.0,
144.0,
231.0,
255.0,
115.0,
0.0,
0.0,
9.0,
0.0,
0.0,
0.0,
0.0,
0.0,
0.0,
2.0,
2.0,
6.0,
0.0,
0.0,
0.0,
4.0,
44.0,
102.0,
89.0,
27.0,
0.0,
0.0,
0.0,
11.0,
0.0,
217.0,
246.0,
85.0,
0.0,
0.0,
5.0,
0.0,
2.0,
0.0,
0.0,
0.0,
0.0,
0.0,
3.0,
8.0,
0.0,
0.0,
6.0,
0.0,
0.0,
13.0,
0.0,
3.0,
5.0,
10.0,
10.0,
0.0,
0.0,
218.0,
253.0,
59.0,
6.0,
0.0,
0.0,
1.0,
1.0,
0.0,
0.0,
0.0,
0.0,
0.0,
0.0,
4.0,
2.0,
0.0,
1.0,
0.0,
2.0,
0.0,
18.0,
0.0,
0.0,
12.0,
0.0,
19.0,
2.0,
231.0,
255.0,
58.0,
17.0,
0.0,
0.0,
10.0,
0.0,
0.0,
0.0,
0.0,
0.0,
3.0,
0.0,
3.0,
6.0,
0.0,
0.0,
0.0,
12.0,
0.0,
6.0,
12.0,
0.0,
5.0,
3.0,
0.0,
22.0,
244.0,
215.0,
35.0,
6.0,
0.0,
0.0,
7.0,
0.0,
0.0,
0.0,
0.0,
0.0,
7.0,
0.0,
5.0,
1.0,
0.0,
5.0,
0.0,
0.0,
7.0,
0.0,
0.0,
0.0,
5.0,
0.0,
15.0,
127.0,
249.0,
146.0,
0.0,
0.0,
9.0,
1.0,
0.0,
0.0,
0.0,
0.0,
0.0,
0.0,
0.0,
0.0,
0.0,
0.0,
0.0,
0.0,
0.0,
0.0,
1.0,
0.0,
5.0,
0.0,
0.0,
0.0,
2.0,
245.0,
252.0,
117.0,
0.0,
1.0,
10.0,
0.0,
3.0,
0.0,
0.0,
0.0,
0.0,
0.0,
0.0,
0.0,
0.0,
0.0,
0.0,
0.0,
0.0,
0.0,
2.0,
0.0,
0.0,
3.0,
0.0,
0.0,
21.0,
246.0,
255.0,
69.0,
0.0,
0.0,
1.0,
1.0,
3.0,
1.0,
0.0,
0.0,
0.0,
0.0,
0.0,
0.0,
0.0,
0.0,
0.0,
0.0,
0.0,
0.0,
2.0,
5.0,
0.0,
9.0,
2.0,
0.0,
60.0,
248.0,
250.0,
17.0,
3.0,
0.0,
0.0,
6.0,
2.0,
2.0,
0.0,
0.0,
0.0,
0.0,
0.0,
0.0,
0.0,
0.0,
0.0,
0.0,
0.0,
0.0,
2.0,
6.0,
0.0,
3.0,
7.0,
0.0,
112.0,
254.0,
195.0,
0.0,
10.0,
0.0,
0.0,
3.0,
1.0,
1.0,
0.0,
0.0,
0.0,
0.0,
0.0,
0.0,
0.0,
0.0,
0.0,
0.0,
0.0,
0.0,
1.0,
2.0,
4.0,
0.0,
9.0,
0.0,
168.0,
255.0,
107.0,
0.0,
9.0,
0.0,
7.0,
0.0,
1.0,
2.0,
0.0,
0.0,
0.0,
0.0,
0.0,
0.0,
0.0,
0.0,
0.0,
0.0,
0.0,
0.0,
0.0,
0.0,
9.0,
0.0,
8.0,
5.0,
214.0,
255.0,
40.0,
1.0,
2.0,
0.0,
8.0,
0.0,
1.0,
2.0,
0.0,
0.0,
0.0,
0.0,
0.0,
0.0,
0.0,
0.0,
0.0,
0.0,
0.0,
0.0,
0.0,
0.0,
6.0,
0.0,
4.0,
44.0,
243.0,
255.0,
30.0,
0.0,
1.0,
0.0,
1.0,
1.0,
0.0,
0.0,
0.0,
0.0,
0.0,
0.0,
0.0,
0.0,
0.0,
0.0,
0.0,
0.0,
0.0,
0.0,
0.0,
1.0,
0.0,
4.0,
0.0,
76.0,
255.0,
250.0,
50.0,
0.0,
6.0,
5.0,
0.0,
10.0,
0.0,
0.0,
0.0,
0.0,
0.0,
0.0,
0.0,
0.0,
0.0,
0.0,
0.0,
0.0,
0.0,
0.0,
13.0,
0.0,
10.0,
0.0,
1.0,
163.0,
250.0,
255.0,
23.0,
7.0,
0.0,
0.0,
1.0,
0.0,
0.0,
4.0,
0.0,
0.0,
0.0,
0.0,
0.0,
0.0,
0.0,
0.0,
0.0,
0.0,
0.0,
0.0,
0.0,
0.0,
0.0,
2.0,
12.0,
210.0,
253.0,
240.0,
19.0,
5.0,
0.0,
0.0,
2.0,
0.0,
0.0,
3.0,
0.0,
0.0,
0.0,
0.0,
0.0,
0.0,
0.0,
0.0,
0.0,
0.0,
0.0,
0.0,
16.0,
21.0,
0.0,
0.0,
11.0,
193.0,
239.0,
242.0,
12.0,
2.0,
0.0,
0.0,
2.0,
0.0,
0.0,
1.0,
0.0,
0.0,
0.0,
0.0,
0.0,
0.0,
0.0,
0.0,
0.0,
0.0,
0.0,
0.0,
0.0,
0.0,
7.0,
0.0,
0.0,
13.0,
0.0,
0.0,
5.0,
0.0,
0.0,
1.0,
2.0,
0.0,
0.0,
0.0,
0.0,
0.0,
0.0,
0.0,
