1.0,
1.0,
10.0,
0.0,
4.0,
0.0,
5.0,
0.0,
0.0,
2.0,
3.0,
2.0,
0.0,
0.0,
0.0,
1.0,
0.0,
0.0,
0.0,
0.0,
0.0,
0.0,
0.0,
0.0,
0.0,
0.0,
0.0,
0.0,
0.0,
0.0,
3.0,
0.0,
1.0,
0.0,
3.0,
0.0,
0.0,
0.0,
0.0,
0.0,
2.0,
2.0,
1.0,
0.0,
0.0,
0.0,
0.0,
0.0,
0.0,
0.0,
0.0,
0.0,
0.0,
0.0,
0.0,
0.0,
0.0,
0.0,
3.0,
2.0,
11.0,
1.0,
4.0,
2.0,
10.0,
4.0,
0.0,
0.0,
0.0,
0.0,
0.0,
0.0,
0.0,
0.0,
0.0,
0.0,
0.0,
0.0,
0.0,
0.0,
0.0,
0.0,
0.0,
0.0,
6.0,
0.0,
0.0,
0.0,
1.0,
0.0,
0.0,
0.0,
0.0,
0.0,
0.0,
0.0,
3.0,
5.0,
6.0,
6.0,
0.0,
0.0,
0.0,
0.0,
0.0,
0.0,
0.0,
0.0,
0.0,
0.0,
0.0,
0.0,
3.0,
0.0,
0.0,
0.0,
0.0,
1.0,
5.0,
13.0,
0.0,
0.0,
2.0,
4.0,
2.0,
0.0,
0.0,
0.0,
0.0,
0.0,
0.0,
0.0,
0.0,
0.0,
0.0,
0.0,
0.0,
0.0,
0.0,
0.0,
0.0,
0.0,
0.0,
5.0,
0.0,
2.0,
0.0,
0.0,
10.0,
6.0,
0.0,
0.0,
0.0,
2.0,
6.0,
9.0,
0.0,
0.0,
0.0,
0.0,
0.0,
0.0,
0.0,
0.0,
0.0,
0.0,
0.0,
0.0,
0.0,
10.0,
0.0,
0.0,
0.0,
12.0,
6.0,
2.0,
3.0,
0.0,
0.0,
0.0,
4.0,
5.0,
0.0,
0.0,
0.0,
0.0,
0.0,
0.0,
0.0,
0.0,
0.0,
0.0,
0.0,
0.0,
0.0,
0.0,
0.0,
8.0,
0.0,
0.0,
15.0,
95.0,
141.0,
167.0,
253.0,
253.0,
255.0,
255.0,
250.0,
209.0,
148.0,
101.0,
0.0,
0.0,
0.0,
0.0,
0.0,
0.0,
0.0,
0.0,
0.0,
0.0,
0.0,
0.0,
0.0,
0.0,
6.0,
1.0,
102.0,
250.0,
255.0,
243.0,
248.0,
253.0,
255.0,
255.0,
249.0,
255.0,
255.0,
247.0,
230.0,
115.0,
0.0,
0.0,
2.0,
0.0,
10.0,
1.0,
0.0,
0.0,
0.0,
0.0,
9.0,
0.0,
0.0,
9.0,
121.0,
252.0,
248.0,
211.0,
150.0,
141.0,
146.0,
119.0,
66.0,
93.0,
132.0,
230.0,
255.0,
206.0,
66.0,
0.0,
4.0,
2.0,
4.0,
0.0,
0.0,
0.0,
0.0,
0.0,
0.0,
0.0,
12.0,
0.0,
0.0,
28.0,
16.0,
12.0,
0.0,
8.0,
8.0,
3.0,
0.0,
17.0,
0.0,
163.0,
255.0,
255.0,
105.0,
0.0,
4.0,
6.0,
0.0,
0.0,
0.0,
0.0,
0.0,
0.0,
0.0,
0.0,
6.0,
0.0,
0.0,
6.0,
0.0,
0.0,
15.0,
0.0,
0.0,
8.0,
0.0,
1.0,
0.0,
65.0,
245.0,
255.0,
102.0,
0.0,
3.0,
0.0,
0.0,
14.0,
0.0,
0.0,
0.0,
0.0,
13.0,
0.0,
0.0,
0.0,
10.0,
12.0,
0.0,
0.0,
0.0,
10.0,
0.0,
0.0,
13.0,
2.0,
0.0,
58.0,
254.0,
247.0,
106.0,
4.0,
0.0,
0.0,
0.0,
5.0,
0.0,
0.0,
0.0,
0.0,
0.0,
0.0,
4.0,
2.0,
0.0,
0.0,
0.0,
11.0,
3.0,
0.0,
8.0,
13.0,
0.0,
0.0,
8.0,
22.0,
255.0,
251.0,
115.0,
5.0,
0.0,
2.0,
10.0,
0.0,
0.0,
0.0,
0.0,
0.0,
3.0,
4.0,
0.0,
0.0,
0.0,
2.0,
5.0,
0.0,
0.0,
2.0,
0.0,
0.0,
10.0,
10.0,
19.0,
138.0,
251.0,
252.0,
110.0,
0.0,
0.0,
5.0,
8.0,
0.0,
0.0,
0.0,
0.0,
0.0,
0.0,
4.0,
0.0,
0.0,
0.0,
2.0,
7.0,
0.0,
0.0,
0.0,
1.0,
9.0,
0.0,
0.0,
0.0,
178.0,
254.0,
255.0,
102.0,
0.0,
6.0,
0.0,
0.0,
7.0,
0.0,
0.0,
0.0,
0.0,
0.0,
0.0,
0.0,
0.0,
0.0,
0.0,
0.0,
0.0,
0.0,
4.0,
0.0,
6.0,
0.0,
3.0,
0.0,
136.0,
245.0,
255.0,
133.0,
0.0,
5.0,
0.0,
1.0,
8.0,
0.0,
0.0,
0.0,
0.0,
0.0,
0.0,
0.0,
0.0,
0.0,
0.0,
0.0,
0.0,
0.0,
7.0,
0.0,
0.0,
0.0,
22.0,
0.0,
88.0,
251.0,
255.0,
127.0,
0.0,
4.0,
0.0,
1.0,
0.0,
0.0,
0.0,
0.0,
0.0,
0.0,
0.0,
0.0,
0.0,
0.0,
0.0,
0.0,
0.0,
10.0,
0.0,
0.0,
3.0,
1.0,
3.0,
6.0,
164.0,
254.0,
255.0,
99.0,
0.0,
1.0,
4.0,
1.0,
0.0,
0.0,
0.0,
0.0,
0.0,
0.0,
0.0,
0.0,
0.0,
0.0,
0.0,
0.0,
0.0,
5.0,
0.0,
2.0,
8.0,
0.0,
0.0,
59.0,
255.0,
255.0,
213.0,
51.0,
0.0,
0.0,
6.0,
0.0,
0.0,
0.0,
0.0,
0.0,
0.0,
0.0,
0.0,
0.0,
0.0,
0.0,
0.0,
0.0,
0.0,
0.0,
0.0,
7.0,
0.0,
0.0,
12.0,
116.0,
255.0,
255.0,
151.0,
8.0,
0.0,
2.0,
5.0,
0.0,
3.0,
0.0,
0.0,
0.0,
0.0,
0.0,
0.0,
0.0,
0.0,
0.0,
0.0,
0.0,
0.0,
2.0,
0.0,
0.0,
0.0,
0.0,
15.0,
164.0,
252.0,
254.0,
88.0,
0.0,
0.0,
2.0,
4.0,
0.0,
5.0,
0.0,
0.0,
0.0,
0.0,
0.0,
0.0,
0.0,
0.0,
0.0,
0.0,
0.0,
0.0,
6.0,
0.0,
0.0,
7.0,
2.0,
17.0,
218.0,
255.0,
234.0,
33.0,
0.0,
3.0,
0.0,
3.0,
0.0,
4.0,
0.0,
0.0,
0.0,
0.0,
0.0,
0.0,
0.0,
0.0,
0.0,
0.0,
0.0,
0.0,
0.0,
9.0,
0.0,
0.0,
4.0,
49.0,
255.0,
239.0,
210.0,
0.0,
3.0,
5.0,
0.0,
4.0,
0.0,
1.0,
0.0,
0.0,
0.0,
0.0,
0.0,
0.0,
0.0,
0.0,
0.0,
0.0,
0.0,
0.0,
2.0,
0.0,
0.0,
10.0,
0.0,
137.0,
251.0,
250.0,
65.0,
24.0,
0.0,
0.0,
3.0,
0.0,
0.0,
4.0,
0.0,
0.0,
0.0,
0.0,
0.0,
0.0,
0.0,
0.0,
0.0,
0.0,
0.0,
0.0,
8.0,
4.0,
0.0,
0.0,
29.0,
217.0,
255.0,
202.0,
15.0,
0.0,
0.0,
0.0,
5.0,
1.0,
0.0,
2.0,
0.0,
0.0,
0.0,
0.0,
0.0,
0.0,
0.0,
0.0,
0.0,
0.0,
0.0,
0.0,
0.0,
5.0,
0.0,
2.0,
47.0,
204.0,
231.0,
153.0,
0.0,
0.0,
0.0,
3.0,
5.0,
1.0,
0.0,
0.0,
0.0,
0.0,
0.0,
0.0,
0.0,
0.0,
0.0,
0.0,
0.0,
0.0,
0.0,
0.0,
0.0,
14.0,
4.0,
0.0,
0.0,
20.0,
18.0,
0.0,
0.0,
3.0,
4.0,
0.0,
0.0,
0.0,
1.0,
0.0,
0.0,
0.0,
0.0,
0.0,
