0.0,
0.0,
0.0,
0.0,
0.0,
0.0,
0.0,
0.0,
0.0,
6.0,
5.0,
0.0,
0.0,
18.0,
0.0,
4.0,
1.0,
0.0,
5.0,
1.0,
0.0,
0.0,
0.0,
2.0,
0.0,
0.0,
0.0,
0.0,
0.0,
0.0,
0.0,
0.0,
0.0,
0.0,
0.0,
0.0,
1.0,
4.0,
0.0,
6.0,
0.0,
1.0,
0.0,
1.0,
0.0,
0.0,
0.0,
0.0,
3.0,
9.0,
0.0,
0.0,
0.0,
0.0,
0.0,
0.0,
0.0,
0.0,
0.0,
0.0,
0.0,
0.0,
0.0,
0.0,
0.0,
10.0,
0.0,
14.0,
2.0,
7.0,
13.0,
0.0,
0.0,
9.0,
4.0,
0.0,
0.0,
0.0,
0.0,
3.0,
0.0,
0.0,
0.0,
0.0,
0.0,
0.0,
0.0,
0.0,
0.0,
0.0,
0.0,
0.0,
11.0,
0.0,
0.0,
6.0,
0.0,
0.0,
0.0,
9.0,
0.0,
6.0,
0.0,
0.0,
0.0,
0.0,
0.0,
6.0,
0.0,
0.0,
0.0,
0.0,
0.0,
0.0,
0.0,
0.0,
0.0,
0.0,
0.0,
0.0,
0.0,
3.0,
14.0,
3.0,
0.0,
6.0,
5.0,
0.0,
0.0,
5.0,
0.0,
10.0,
17.0,
3.0,
4.0,
0.0,
0.0,
0.0,
0.0,
0.0,
0.0,
0.0,
0.0,
0.0,
0.0,
0.0,
0.0,
0.0,
0.0,
5.0,
0.0,
0.0,
11.0,
0.0,
0.0,
0.0,
0.0,
7.0,
0.0,
0.0,
0.0,
0.0,
13.0,
0.0,
0.0,
0.0,
0.0,
0.0,
0.0,
0.0,
0.0,
0.0,
0.0,
0.0,
0.0,
0.0,
3.0,
0.0,
2.0,
173.0,
223.0,
32.0,
0.0,
15.0,
0.0,
8.0,
0.0,
0.0,
9.0,
56.0,
95.0,
26.0,
0.0,
0.0,
0.0,
0.0,
0.0,
0.0,
0.0,
0.0,
0.0,
0.0,
0.0,
0.0,
0.0,
13.0,
0.0,
193.0,
255.0,
57.0,
34.0,
27.0,
34.0,
35.0,
24.0,
66.0,
138.0,
235.0,
247.0,
100.0,
0.0,
0.0,
0.0,
0.0,
0.0,
9.0,
1.0,
0.0,
1.0,
0.0,
0.0,
5.0,
1.0,
6.0,
65.0,
237.0,
255.0,
255.0,
241.0,
255.0,
246.0,
253.0,
253.0,
240.0,
255.0,
255.0,
164.0,
7.0,
0.0,
0.0,
0.0,
0.0,
3.0,
0.0,
0.0,
1.0,
5.0,
0.0,
1.0,
1.0,
0.0,
0.0,
173.0,
255.0,
183.0,
187.0,
206.0,
191.0,
196.0,
184.0,
171.0,
197.0,
246.0,
197.0,
31.0,
3.0,
0.0,
0.0,
0.0,
0.0,
8.0,
0.0,
0.0,
2.0,
0.0,
0.0,
0.0,
0.0,
0.0,
19.0,
241.0,
160.0,
6.0,
0.0,
18.0,
0.0,
0.0,
4.0,
27.0,
187.0,
255.0,
116.0,
1.0,
0.0,
0.0,
0.0,
0.0,
0.0,
2.0,
0.0,
9.0,
4.0,
0.0,
0.0,
3.0,
3.0,
0.0,
102.0,
255.0,
68.0,
0.0,
0.0,
2.0,
4.0,
3.0,
17.0,
132.0,
250.0,
184.0,
0.0,
4.0,
0.0,
0.0,
0.0,
0.0,
0.0,
0.0,
0.0,
13.0,
2.0,
0.0,
11.0,
0.0,
0.0,
25.0,
192.0,
239.0,
9.0,
14.0,
1.0,
0.0,
0.0,
0.0,
31.0,
252.0,
255.0,
90.0,
9.0,
2.0,
0.0,
0.0,
0.0,
0.0,
0.0,
3.0,
0.0,
7.0,
0.0,
2.0,
6.0,
0.0,
3.0,
133.0,
244.0,
177.0,
0.0,
3.0,
0.0,
11.0,
0.0,
1.0,
126.0,
247.0,
184.0,
0.0,
3.0,
0.0,
0.0,
0.0,
0.0,
0.0,
0.0,
6.0,
0.0,
4.0,
0.0,
0.0,
0.0,
1.0,
95.0,
255.0,
255.0,
99.0,
10.0,
0.0,
0.0,
9.0,
0.0,
33.0,
245.0,
255.0,
141.0,
5.0,
0.0,
5.0,
8.0,
0.0,
0.0,
0.0,
0.0,
0.0,
0.0,
7.0,
0.0,
3.0,
0.0,
52.0,
223.0,
250.0,
185.0,
0.0,
0.0,
0.0,
1.0,
0.0,
4.0,
164.0,
255.0,
205.0,
8.0,
1.0,
0.0,
4.0,
0.0,
0.0,
0.0,
0.0,
0.0,
2.0,
0.0,
0.0,
4.0,
2.0,
0.0,
102.0,
255.0,
251.0,
93.0,
1.0,
0.0,
5.0,
0.0,
0.0,
48.0,
240.0,
255.0,
56.0,
4.0,
6.0,
2.0,
0.0,
2.0,
0.0,
0.0,
0.0,
0.0,
5.0,
4.0,
0.0,
0.0,
1.0,
0.0,
34.0,
118.0,
98.0,
21.0,
0.0,
0.0,
0.0,
16.0,
17.0,
229.0,
255.0,
171.0,
14.0,
0.0,
6.0,
2.0,
0.0,
7.0,
0.0,
0.0,
0.0,
0.0,
0.0,
6.0,
0.0,
0.0,
6.0,
0.0,
0.0,
9.0,
4.0,
0.0,
17.0,
9.0,
4.0,
0.0,
128.0,
251.0,
236.0,
64.0,
0.0,
0.0,
1.0,
3.0,
0.0,
8.0,
0.0,
0.0,
0.0,
0.0,
0.0,
6.0,
6.0,
0.0,
5.0,
5.0,
0.0,
0.0,
7.0,
0.0,
10.0,
0.0,
0.0,
31.0,
244.0,
255.0,
128.0,
3.0,
0.0,
0.0,
0.0,
3.0,
4.0,
1.0,
0.0,
0.0,
0.0,
0.0,
0.0,
4.0,
4.0,
0.0,
0.0,
0.0,
0.0,
2.0,
0.0,
7.0,
0.0,
4.0,
7.0,
183.0,
244.0,
240.0,
30.0,
0.0,
10.0,
0.0,
2.0,
0.0,
9.0,
0.0,
0.0,
0.0,
0.0,
0.0,
7.0,
0.0,
0.0,
0.0,
2.0,
0.0,
0.0,
0.0,
0.0,
5.0,
1.0,
0.0,
113.0,
255.0,
255.0,
82.0,
0.0,
0.0,
1.0,
0.0,
11.0,
0.0,
2.0,
0.0,
0.0,
0.0,
0.0,
0.0,
6.0,
0.0,
0.0,
3.0,
5.0,
4.0,
3.0,
0.0,
0.0,
1.0,
0.0,
18.0,
213.0,
243.0,
213.0,
0.0,
3.0,
0.0,
0.0,
0.0,
6.0,
0.0,
0.0,
0.0,
0.0,
0.0,
0.0,
0.0,
2.0,
0.0,
3.0,
5.0,
0.0,
0.0,
1.0,
0.0,
0.0,
20.0,
0.0,
133.0,
255.0,
253.0,
12.0,
3.0,
2.0,
0.0,
12.0,
0.0,
0.0,
6.0,
0.0,
2.0,
0.0,
0.0,
0.0,
0.0,
0.0,
0.0,
0.0,
0.0,
0.0,
0.0,
0.0,
0.0,
14.0,
0.0,
27.0,
255.0,
249.0,
144.0,
0.0,
2.0,
0.0,
0.0,
0.0,
0.0,
0.0,
0.0,
0.0,
0.0,
0.0,
0.0,
0.0,
0.0,
0.0,
0.0,
0.0,
0.0,
0.0,
0.0,
0.0,
0.0,
0.0,
20.0,
198.0,
243.0,
244.0,
30.0,
0.0,
2.0,
0.0,
0.0,
0.0,
0.0,
0.0,
0.0,
0.0,
0.0,
0.0,
0.0,
0.0,
0.0,
0.0,
0.0,
0.0,
0.0,
0.0,
0.0,
0.0,
0.0,
10.0,
0.0,
0.0,
7.0,
10.0,
0.0,
0.0,
3.0,
0.0,
0.0,
0.0,
0.0,
0.0,
0.0,
0.0,
0.0,
0.0,
0.0,
0.0,
0.0,
0.0,
0.0,
0.0,
0.0,
0.0,
0.0,
0.0,
0.0,
0.0,
6.0,
0.0,
3.0,
0.0,
11.0,
2.0,
0.0,
0.0,
0.0,
0.0,
0.0,
0.0,
0.0,
0.0,
0.0,
0.0,
0.0,
0.0,
0.0,
