2.0,
6.0,
0.0,
0.0,
7.0,
13.0,
0.0,
0.0,
0.0,
4.0,
5.0,
0.0,
0.0,
0.0,
5.0,
5.0,
0.0,
3.0,
5.0,
3.0,
1.0,
1.0,
0.0,
0.0,
0.0,
0.0,
0.0,
0.0,
0.0,
2.0,
0.0,
10.0,
0.0,
0.0,
0.0,
9.0,
0.0,
2.0,
3.0,
1.0,
0.0,
0.0,
0.0,
0.0,
0.0,
0.0,
0.0,
0.0,
0.0,
2.0,
2.0,
0.0,
0.0,
0.0,
0.0,
0.0,
0.0,
0.0,
0.0,
16.0,
0.0,
8.0,
14.0,
0.0,
0.0,
0.0,
0.0,
4.0,
7.0,
6.0,
4.0,
4.0,
2.0,
0.0,
0.0,
0.0,
0.0,
3.0,
2.0,
1.0,
0.0,
0.0,
0.0,
0.0,
0.0,
14.0,
2.0,
1.0,
0.0,
2.0,
0.0,
0.0,
6.0,
0.0,
0.0,
0.0,
0.0,
0.0,
0.0,
0.0,
4.0,
1.0,
0.0,
2.0,
2.0,
0.0,
0.0,
3.0,
0.0,
0.0,
0.0,
0.0,
0.0,
0.0,
0.0,
0.0,
0.0,
18.0,
0.0,
4.0,
0.0,
0.0,
2.0,
4.0,
1.0,
0.0,
2.0,
7.0,
0.0,
0.0,
1.0,
5.0,
2.0,
0.0,
0.0,
5.0,
0.0,
0.0,
0.0,
0.0,
14.0,
4.0,
1.0,
0.0,
5.0,
0.0,
0.0,
16.0,
0.0,
0.0,
2.0,
1.0,
0.0,
0.0,
0.0,
0.0,
0.0,
0.0,
0.0,
2.0,
1.0,
0.0,
0.0,
6.0,
0.0,
0.0,
0.0,
0.0,
0.0,
0.0,
0.0,
1.0,
2.0,
0.0,
29.0,
0.0,
3.0,
5.0,
0.0,
0.0,
0.0,
13.0,
10.0,
0.0,
15.0,
1.0,
0.0,
0.0,
2.0,
0.0,
0.0,
3.0,
0.0,
0.0,
0.0,
0.0,
0.0,
9.0,
49.0,
158.0,
255.0,
255.0,
245.0,
1.0,
0.0,
2.0,
0.0,
7.0,
46.0,
97.0,
117.0,
108.0,
37.0,
12.0,
0.0,
0.0,
4.0,
1.0,
0.0,
0.0,
0.0,
0.0,
0.0,
0.0,
0.0,
0.0,
230.0,
250.0,
255.0,
255.0,
169.0,
0.0,
27.0,
94.0,
180.0,
226.0,
234.0,
244.0,
255.0,
255.0,
232.0,
169.0,
84.0,
89.0,
35.0,
0.0,
0.0,
3.0,
0.0,
0.0,
0.0,
0.0,
10.0,
0.0,
252.0,
255.0,
255.0,
238.0,
247.0,
207.0,
225.0,
239.0,
249.0,
255.0,
255.0,
255.0,
252.0,
236.0,
255.0,
255.0,
247.0,
239.0,
188.0,
35.0,
18.0,
0.0,
0.0,
0.0,
0.0,
0.0,
0.0,
0.0,
230.0,
234.0,
232.0,
255.0,
255.0,
246.0,
251.0,
251.0,
231.0,
220.0,
225.0,
194.0,
130.0,
88.0,
155.0,
136.0,
233.0,
255.0,
255.0,
190.0,
0.0,
1.0,
0.0,
0.0,
0.0,
0.0,
0.0,
9.0,
13.0,
96.0,
133.0,
205.0,
234.0,
109.0,
114.0,
101.0,
46.0,
6.0,
14.0,
9.0,
0.0,
0.0,
1.0,
9.0,
78.0,
245.0,
250.0,
254.0,
5.0,
0.0,
0.0,
0.0,
0.0,
0.0,
9.0,
0.0,
0.0,
10.0,
0.0,
3.0,
8.0,
1.0,
0.0,
12.0,
0.0,
0.0,
2.0,
0.0,
0.0,
3.0,
0.0,
0.0,
86.0,
249.0,
247.0,
252.0,
0.0,
7.0,
0.0,
0.0,
0.0,
0.0,
8.0,
0.0,
0.0,
12.0,
10.0,
0.0,
8.0,
0.0,
0.0,
5.0,
0.0,
0.0,
8.0,
7.0,
1.0,
11.0,
17.0,
0.0,
100.0,
255.0,
245.0,
255.0,
0.0,
6.0,
0.0,
0.0,
0.0,
0.0,
4.0,
0.0,
21.0,
0.0,
0.0,
7.0,
0.0,
9.0,
6.0,
4.0,
0.0,
1.0,
3.0,
0.0,
0.0,
0.0,
0.0,
0.0,
72.0,
255.0,
251.0,
211.0,
17.0,
0.0,
0.0,
0.0,
0.0,
0.0,
0.0,
15.0,
0.0,
14.0,
2.0,
0.0,
0.0,
0.0,
0.0,
0.0,
0.0,
2.0,
0.0,
1.0,
6.0,
4.0,
4.0,
3.0,
189.0,
246.0,
247.0,
116.0,
2.0,
4.0,
0.0,
0.0,
0.0,
0.0,
0.0,
0.0,
0.0,
0.0,
0.0,
0.0,
0.0,
0.0,
5.0,
0.0,
6.0,
3.0,
0.0,
7.0,
5.0,
0.0,
0.0,
7.0,
218.0,
249.0,
246.0,
40.0,
0.0,
8.0,
0.0,
0.0,
0.0,
0.0,
0.0,
0.0,
0.0,
0.0,
0.0,
0.0,
0.0,
0.0,
0.0,
3.0,
4.0,
0.0,
11.0,
0.0,
0.0,
4.0,
1.0,
167.0,
255.0,
244.0,
158.0,
2.0,
3.0,
0.0,
0.0,
0.0,
0.0,
0.0,
0.0,
0.0,
0.0,
0.0,
0.0,
0.0,
0.0,
0.0,
0.0,
7.0,
4.0,
0.0,
6.0,
0.0,
0.0,
0.0,
54.0,
250.0,
255.0,
255.0,
83.0,
14.0,
0.0,
0.0,
0.0,
0.0,
0.0,
0.0,
0.0,
0.0,
0.0,
0.0,
0.0,
0.0,
0.0,
0.0,
7.0,
0.0,
5.0,
0.0,
0.0,
10.0,
6.0,
17.0,
168.0,
246.0,
248.0,
172.0,
14.0,
0.0,
0.0,
13.0,
0.0,
0.0,
0.0,
0.0,
0.0,
0.0,
0.0,
0.0,
0.0,
0.0,
0.0,
0.0,
2.0,
0.0,
1.0,
5.0,
0.0,
15.0,
0.0,
105.0,
255.0,
255.0,
245.0,
42.0,
24.0,
0.0,
9.0,
0.0,
0.0,
0.0,
0.0,
0.0,
0.0,
0.0,
0.0,
0.0,
0.0,
0.0,
0.0,
0.0,
0.0,
6.0,
0.0,
0.0,
6.0,
0.0,
0.0,
195.0,
237.0,
255.0,
155.0,
0.0,
1.0,
0.0,
0.0,
12.0,
0.0,
0.0,
0.0,
0.0,
0.0,
0.0,
0.0,
0.0,
0.0,
0.0,
0.0,
0.0,
0.0,
10.0,
1.0,
0.0,
7.0,
0.0,
69.0,
239.0,
255.0,
234.0,
37.0,
12.0,
0.0,
30.0,
0.0,
0.0,
0.0,
0.0,
0.0,
0.0,
0.0,
0.0,
0.0,
0.0,
0.0,
0.0,
0.0,
0.0,
0.0,
0.0,
6.0,
0.0,
3.0,
35.0,
202.0,
254.0,
249.0,
252.0,
219.0,
183.0,
1.0,
0.0,
0.0,
0.0,
0.0,
0.0,
0.0,
0.0,
0.0,
0.0,
0.0,
0.0,
0.0,
0.0,
0.0,
0.0,
2.0,
0.0,
2.0,
5.0,
0.0,
97.0,
249.0,
246.0,
249.0,
255.0,
217.0,
89.0,
0.0,
0.0,
7.0,
8.0,
0.0,
0.0,
0.0,
0.0,
0.0,
0.0,
0.0,
0.0,
0.0,
0.0,
0.0,
0.0,
14.0,
1.0,
0.0,
11.0,
0.0,
176.0,
255.0,
255.0,
233.0,
157.0,
60.0,
0.0,
0.0,
6.0,
3.0,
0.0,
0.0,
0.0,
0.0,
0.0,
0.0,
0.0,
0.0,
0.0,
0.0,
0.0,
0.0,
0.0,
0.0,
27.0,
18.0,
0.0,
0.0,
231.0,
237.0,
162.0,
51.0,
16.0,
0.0,
0.0,
7.0,
4.0,
1.0,
5.0,
0.0,
0.0,
0.0,
0.0,
0.0,
0.0,
0.0,
0.0,
0.0,
0.0,
0.0,
0.0,
18.0,
0.0,
0.0,
7.0,
5.0,
17.0,
0.0,
3.0,
0.0,
0.0,
0.0,
0.0,
0.0,
1.0,
0.0,
0.0,
0.0,
0.0,
0.0,
0.0,
