0.0,
0.0,
0.0,
0.0,
0.0,
0.0,
0.0,
0.0,
0.0,
0.0,
0.0,
0.0,
0.0,
0.0,
0.0,
0.0,
0.0,
0.0,
0.0,
0.0,
0.0,
0.0,
0.0,
0.0,
0.0,
0.0,
0.0,
0.0,
0.0,
0.0,
0.0,
0.0,
0.0,
0.0,
0.0,
0.0,
0.0,
0.0,
0.0,
0.0,
0.0,
0.0,
0.0,
0.0,
0.0,
0.0,
0.0,
0.0,
0.0,
0.0,
0.0,
0.0,
0.0,
0.0,
0.0,
0.0,
0.0,
0.0,
0.0,
0.0,
0.0,
0.0,
0.0,
0.0,
0.0,
0.0,
0.0,
0.0,
0.0,
0.0,
0.0,
0.0,
0.0,
0.0,
0.0,
0.0,
0.0,
0.0,
0.0,
0.0,
0.0,
0.0,
0.0,
0.0,
0.0,
0.0,
0.0,
0.0,
0.0,
0.0,
0.0,
0.0,
0.0,
0.0,
0.0,
0.0,
0.0,
0.0,
0.0,
0.0,
0.0,
0.0,
0.0,
0.0,
0.0,
0.0,
0.0,
0.0,
0.0,
0.0,
0.0,
0.0,
0.0,
0.0,
0.0,
0.0,
0.0,
0.0,
0.0,
0.0,
0.0,
0.0,
0.0,
0.0,
0.0,
0.0,
0.0,
0.0,
0.0,
0.0,
0.0,
0.0,
0.0,
0.0,
0.0,
0.0,
0.0,
0.0,
0.0,
0.0,
0.0,
0.0,
0.0,
0.0,
0.0,
0.0,
0.0,
0.0,
0.0,
0.0,
0.0,
0.0,
0.0,
0.0,
0.0,
0.0,
0.0,
0.0,
0.0,
0.0,
0.0,
0.0,
0.0,
0.0,
0.0,
0.0,
0.0,
0.0,
0.0,
0.0,
0.0,
0.0,
0.0,
0.0,
0.0,
0.0,
0.0,
0.0,
0.0,
0.0,
0.0,
0.0,
0.0,
0.0,
0.0,
0.0,
0.0,
0.0,
0.0,
0.0,
0.0,
0.0,
0.0,
0.0,
0.0,
0.0,
0.0,
0.0,
0.0,
0.0,
0.0,
0.0,
0.0,
0.0,
0.0,
0.0,
0.0,
0.0,
0.0,
0.0,
0.0,
0.0,
0.0,
0.0,
0.0,
0.0,
0.0,
0.0,
0.0,
0.0,
0.0,
0.0,
0.0,
0.0,
0.0,
10.0,
0.0,
0.0,
0.0,
0.0,
4.0,
1.0,
3.0,
0.0,
0.0,
51.0,
39.0,
0.0,
59.0,
44.0,
108.0,
150.0,
164.0,
163.0,
1.0,
0.0,
8.0,
0.0,
0.0,
0.0,
0.0,
0.0,
6.0,
0.0,
0.0,
13.0,
0.0,
13.0,
72.0,
81.0,
91.0,
99.0,
129.0,
239.0,
249.0,
200.0,
250.0,
255.0,
247.0,
254.0,
244.0,
254.0,
34.0,
0.0,
0.0,
0.0,
0.0,
0.0,
0.0,
0.0,
4.0,
0.0,
11.0,
3.0,
0.0,
97.0,
248.0,
255.0,
243.0,
255.0,
255.0,
255.0,
245.0,
245.0,
255.0,
248.0,
255.0,
255.0,
255.0,
251.0,
31.0,
0.0,
1.0,
0.0,
0.0,
0.0,
0.0,
0.0,
9.0,
0.0,
0.0,
0.0,
12.0,
135.0,
255.0,
244.0,
255.0,
255.0,
252.0,
252.0,
255.0,
255.0,
237.0,
255.0,
239.0,
254.0,
255.0,
143.0,
0.0,
0.0,
4.0,
0.0,
0.0,
0.0,
0.0,
0.0,
0.0,
2.0,
4.0,
4.0,
0.0,
39.0,
157.0,
231.0,
221.0,
228.0,
205.0,
128.0,
94.0,
105.0,
45.0,
90.0,
255.0,
255.0,
238.0,
21.0,
0.0,
0.0,
5.0,
0.0,
0.0,
0.0,
0.0,
0.0,
0.0,
6.0,
0.0,
0.0,
6.0,
0.0,
0.0,
9.0,
37.0,
5.0,
2.0,
9.0,
4.0,
0.0,
0.0,
196.0,
255.0,
244.0,
168.0,
0.0,
9.0,
0.0,
0.0,
3.0,
0.0,
0.0,
0.0,
0.0,
0.0,
17.0,
1.0,
0.0,
0.0,
1.0,
7.0,
0.0,
0.0,
0.0,
1.0,
0.0,
0.0,
1.0,
0.0,
201.0,
255.0,
244.0,
87.0,
1.0,
22.0,
0.0,
0.0,
0.0,
0.0,
0.0,
0.0,
0.0,
3.0,
0.0,
0.0,
7.0,
6.0,
0.0,
5.0,
0.0,
0.0,
8.0,
0.0,
0.0,
1.0,
5.0,
0.0,
195.0,
252.0,
240.0,
8.0,
7.0,
0.0,
0.0,
18.0,
0.0,
0.0,
0.0,
0.0,
0.0,
0.0,
0.0,
0.0,
0.0,
0.0,
0.0,
0.0,
0.0,
1.0,
0.0,
0.0,
2.0,
0.0,
0.0,
0.0,
187.0,
254.0,
176.0,
0.0,
2.0,
2.0,
0.0,
3.0,
0.0,
0.0,
0.0,
0.0,
0.0,
0.0,
0.0,
0.0,
0.0,
0.0,
0.0,
0.0,
0.0,
1.0,
1.0,
0.0,
1.0,
0.0,
2.0,
14.0,
213.0,
254.0,
176.0,
0.0,
2.0,
2.0,
0.0,
3.0,
0.0,
0.0,
0.0,
0.0,
0.0,
0.0,
0.0,
0.0,
0.0,
0.0,
0.0,
0.0,
0.0,
0.0,
0.0,
1.0,
2.0,
0.0,
12.0,
37.0,
248.0,
254.0,
176.0,
0.0,
2.0,
2.0,
0.0,
3.0,
0.0,
0.0,
0.0,
0.0,
0.0,
0.0,
0.0,
0.0,
0.0,
0.0,
0.0,
0.0,
0.0,
0.0,
0.0,
1.0,
1.0,
0.0,
10.0,
32.0,
241.0,
254.0,
176.0,
0.0,
2.0,
2.0,
0.0,
3.0,
0.0,
0.0,
0.0,
0.0,
0.0,
0.0,
0.0,
0.0,
0.0,
0.0,
0.0,
0.0,
0.0,
3.0,
1.0,
0.0,
0.0,
0.0,
0.0,
3.0,
200.0,
254.0,
176.0,
0.0,
2.0,
2.0,
0.0,
3.0,
0.0,
0.0,
0.0,
0.0,
0.0,
0.0,
0.0,
0.0,
0.0,
0.0,
0.0,
0.0,
0.0,
1.0,
0.0,
0.0,
3.0,
0.0,
0.0,
0.0,
185.0,
254.0,
176.0,
0.0,
2.0,
2.0,
0.0,
3.0,
0.0,
0.0,
0.0,
0.0,
0.0,
0.0,
0.0,
0.0,
0.0,
0.0,
0.0,
0.0,
0.0,
0.0,
0.0,
0.0,
6.0,
3.0,
7.0,
4.0,
191.0,
254.0,
176.0,
0.0,
2.0,
2.0,
0.0,
3.0,
0.0,
0.0,
0.0,
0.0,
0.0,
0.0,
0.0,
0.0,
0.0,
0.0,
0.0,
0.0,
0.0,
0.0,
0.0,
0.0,
4.0,
0.0,
0.0,
0.0,
185.0,
254.0,
176.0,
0.0,
2.0,
2.0,
0.0,
3.0,
0.0,
0.0,
0.0,
0.0,
0.0,
0.0,
0.0,
0.0,
0.0,
0.0,
0.0,
0.0,
0.0,
1.0,
1.0,
0.0,
1.0,
0.0,
0.0,
25.0,
76.0,
249.0,
204.0,
0.0,
0.0,
18.0,
0.0,
4.0,
0.0,
0.0,
0.0,
0.0,
0.0,
0.0,
0.0,
0.0,
0.0,
0.0,
0.0,
0.0,
0.0,
0.0,
2.0,
1.0,
3.0,
1.0,
0.0,
0.0,
23.0,
246.0,
250.0,
75.0,
0.0,
1.0,
0.0,
6.0,
4.0,
0.0,
0.0,
0.0,
0.0,
0.0,
0.0,
0.0,
0.0,
0.0,
0.0,
0.0,
0.0,
0.0,
0.0,
0.0,
3.0,
9.0,
1.0,
0.0,
0.0,
171.0,
255.0,
161.0,
5.0,
1.0,
0.0,
2.0,
0.0,
0.0,
0.0,
0.0,
0.0,
0.0,
0.0,
0.0,
0.0,
0.0,
0.0,
0.0,
0.0,
0.0,
3.0,
0.0,
0.0,
8.0,
10.0,
2.0,
1.0,
95.0,
248.0,
215.0,
5.0,
6.0,
2.0,
0.0,
0.0,
0.0,
0.0,
0.0,
0.0,
