0.0,
0.0,
0.0,
0.0,
0.0,
0.0,
0.0,
0.0,
0.0,
0.0,
0.0,
3.0,
4.0,
0.0,
0.0,
2.0,
4.0,
2.0,
0.0,
0.0,
0.0,
0.0,
1.0,
4.0,
0.0,
0.0,
0.0,
0.0,
0.0,
0.0,
0.0,
0.0,
0.0,
0.0,
0.0,
0.0,
5.0,
7.0,
0.0,
0.0,
0.0,
9.0,
1.0,
0.0,
0.0,
0.0,
0.0,
3.0,
11.0,
9.0,
0.0,
0.0,
0.0,
0.0,
0.0,
0.0,
0.0,
0.0,
0.0,
0.0,
0.0,
0.0,
0.0,
0.0,
0.0,
1.0,
0.0,
2.0,
0.0,
9.0,
1.0,
5.0,
4.0,
4.0,
2.0,
0.0,
0.0,
0.0,
0.0,
4.0,
0.0,
0.0,
0.0,
0.0,
0.0,
0.0,
0.0,
0.0,
0.0,
0.0,
0.0,
0.0,
7.0,
6.0,
0.0,
19.0,
0.0,
0.0,
0.0,
9.0,
0.0,
0.0,
0.0,
0.0,
0.0,
0.0,
0.0,
2.0,
0.0,
0.0,
0.0,
0.0,
0.0,
0.0,
0.0,
0.0,
0.0,
0.0,
0.0,
0.0,
0.0,
0.0,
0.0,
6.0,
0.0,
2.0,
0.0,
0.0,
14.0,
7.0,
1.0,
0.0,
4.0,
5.0,
2.0,
0.0,
0.0,
0.0,
0.0,
0.0,
0.0,
0.0,
0.0,
0.0,
0.0,
0.0,
0.0,
0.0,
5.0,
6.0,
3.0,
0.0,
6.0,
16.0,
10.0,
0.0,
0.0,
0.0,
0.0,
0.0,
0.0,
0.0,
1.0,
8.0,
0.0,
0.0,
0.0,
0.0,
0.0,
0.0,
0.0,
0.0,
0.0,
0.0,
0.0,
0.0,
0.0,
0.0,
2.0,
0.0,
2.0,
0.0,
0.0,
5.0,
7.0,
6.0,
4.0,
2.0,
0.0,
0.0,
0.0,
0.0,
0.0,
0.0,
0.0,
0.0,
0.0,
0.0,
0.0,
0.0,
0.0,
0.0,
0.0,
0.0,
13.0,
0.0,
52.0,
74.0,
96.0,
50.0,
113.0,
182.0,
254.0,
164.0,
54.0,
0.0,
0.0,
9.0,
7.0,
0.0,
0.0,
0.0,
0.0,
0.0,
9.0,
0.0,
12.0,
0.0,
0.0,
10.0,
23.0,
82.0,
140.0,
208.0,
255.0,
255.0,
250.0,
249.0,
252.0,
255.0,
254.0,
250.0,
142.0,
2.0,
6.0,
0.0,
5.0,
1.0,
0.0,
0.0,
0.0,
0.0,
4.0,
0.0,
0.0,
0.0,
77.0,
205.0,
241.0,
251.0,
250.0,
255.0,
250.0,
236.0,
245.0,
252.0,
234.0,
212.0,
246.0,
255.0,
158.0,
0.0,
0.0,
13.0,
5.0,
0.0,
0.0,
0.0,
0.0,
0.0,
10.0,
5.0,
5.0,
2.0,
104.0,
245.0,
255.0,
225.0,
225.0,
186.0,
102.0,
25.0,
0.0,
4.0,
3.0,
1.0,
36.0,
244.0,
164.0,
5.0,
24.0,
0.0,
0.0,
1.0,
0.0,
0.0,
0.0,
0.0,
0.0,
0.0,
1.0,
0.0,
26.0,
74.0,
61.0,
38.0,
0.0,
0.0,
1.0,
0.0,
0.0,
0.0,
0.0,
1.0,
140.0,
253.0,
252.0,
9.0,
0.0,
6.0,
0.0,
14.0,
0.0,
0.0,
0.0,
0.0,
8.0,
2.0,
9.0,
8.0,
3.0,
0.0,
0.0,
5.0,
8.0,
14.0,
5.0,
0.0,
2.0,
3.0,
0.0,
0.0,
145.0,
255.0,
240.0,
10.0,
17.0,
0.0,
0.0,
0.0,
0.0,
0.0,
0.0,
0.0,
0.0,
0.0,
0.0,
0.0,
0.0,
0.0,
0.0,
0.0,
0.0,
0.0,
0.0,
0.0,
4.0,
4.0,
0.0,
2.0,
248.0,
227.0,
252.0,
16.0,
0.0,
6.0,
0.0,
4.0,
0.0,
0.0,
0.0,
0.0,
6.0,
7.0,
0.0,
2.0,
7.0,
9.0,
5.0,
0.0,
0.0,
7.0,
4.0,
0.0,
0.0,
0.0,
0.0,
7.0,
255.0,
252.0,
148.0,
0.0,
5.0,
14.0,
5.0,
0.0,
0.0,
0.0,
0.0,
0.0,
0.0,
1.0,
0.0,
1.0,
0.0,
0.0,
1.0,
2.0,
3.0,
4.0,
0.0,
0.0,
8.0,
4.0,
0.0,
8.0,
238.0,
254.0,
144.0,
17.0,
0.0,
0.0,
0.0,
5.0,
0.0,
0.0,
0.0,
0.0,
0.0,
0.0,
0.0,
0.0,
0.0,
0.0,
0.0,
0.0,
0.0,
2.0,
5.0,
0.0,
0.0,
13.0,
0.0,
97.0,
248.0,
255.0,
118.0,
0.0,
13.0,
0.0,
0.0,
5.0,
0.0,
0.0,
0.0,
0.0,
0.0,
0.0,
0.0,
0.0,
0.0,
0.0,
0.0,
0.0,
0.0,
0.0,
0.0,
0.0,
0.0,
0.0,
0.0,
138.0,
255.0,
240.0,
56.0,
0.0,
3.0,
0.0,
8.0,
0.0,
0.0,
0.0,
0.0,
0.0,
0.0,
0.0,
0.0,
0.0,
0.0,
0.0,
0.0,
0.0,
1.0,
0.0,
0.0,
8.0,
1.0,
0.0,
12.0,
212.0,
255.0,
193.0,
1.0,
0.0,
0.0,
0.0,
12.0,
0.0,
0.0,
0.0,
0.0,
0.0,
0.0,
0.0,
0.0,
0.0,
0.0,
0.0,
0.0,
0.0,
1.0,
3.0,
0.0,
7.0,
1.0,
1.0,
42.0,
255.0,
247.0,
131.0,
0.0,
12.0,
0.0,
0.0,
4.0,
0.0,
0.0,
0.0,
0.0,
0.0,
0.0,
0.0,
0.0,
0.0,
0.0,
0.0,
0.0,
0.0,
0.0,
6.0,
0.0,
0.0,
0.0,
0.0,
82.0,
251.0,
249.0,
71.0,
6.0,
7.0,
0.0,
1.0,
0.0,
2.0,
0.0,
0.0,
0.0,
0.0,
0.0,
0.0,
0.0,
0.0,
0.0,
0.0,
0.0,
0.0,
0.0,
6.0,
0.0,
0.0,
0.0,
17.0,
158.0,
255.0,
249.0,
28.0,
7.0,
0.0,
0.0,
8.0,
0.0,
2.0,
0.0,
0.0,
0.0,
0.0,
0.0,
0.0,
0.0,
0.0,
0.0,
0.0,
0.0,
0.0,
0.0,
1.0,
1.0,
0.0,
4.0,
26.0,
227.0,
255.0,
220.0,
7.0,
0.0,
0.0,
0.0,
6.0,
2.0,
0.0,
0.0,
0.0,
0.0,
0.0,
0.0,
0.0,
0.0,
0.0,
0.0,
0.0,
0.0,
0.0,
3.0,
0.0,
0.0,
0.0,
0.0,
8.0,
245.0,
241.0,
182.0,
0.0,
0.0,
9.0,
0.0,
0.0,
3.0,
0.0,
0.0,
0.0,
0.0,
0.0,
0.0,
0.0,
0.0,
0.0,
0.0,
0.0,
0.0,
0.0,
0.0,
13.0,
0.0,
0.0,
9.0,
1.0,
172.0,
246.0,
111.0,
0.0,
0.0,
4.0,
0.0,
7.0,
0.0,
0.0,
0.0,
0.0,
0.0,
0.0,
0.0,
0.0,
0.0,
0.0,
0.0,
0.0,
0.0,
0.0,
1.0,
0.0,
0.0,
0.0,
4.0,
0.0,
160.0,
255.0,
78.0,
0.0,
0.0,
5.0,
0.0,
5.0,
0.0,
2.0,
0.0,
0.0,
0.0,
0.0,
0.0,
0.0,
0.0,
0.0,
0.0,
0.0,
0.0,
0.0,
2.0,
0.0,
0.0,
11.0,
0.0,
0.0,
74.0,
164.0,
34.0,
0.0,
4.0,
3.0,
0.0,
4.0,
0.0,
4.0,
0.0,
0.0,
0.0,
0.0,
0.0,
0.0,
0.0,
0.0,
0.0,
0.0,
0.0,
0.0,
0.0,
2.0,
3.0,
8.0,
0.0,
0.0,
0.0,
12.0,
3.0,
0.0,
5.0,
0.0,
1.0,
5.0,
0.0,
3.0,
0.0,
0.0,
0.0,
0.0,
