0.0,
0.0,
0.0,
0.0,
0.0,
0.0,
0.0,
0.0,
0.0,
0.0,
0.0,
0.0,
0.0,
0.0,
0.0,
0.0,
1.0,
1.0,
5.0,
2.0,
0.0,
0.0,
1.0,
0.0,
0.0,
0.0,
0.0,
0.0,
0.0,
0.0,
0.0,
0.0,
0.0,
0.0,
0.0,
0.0,
0.0,
0.0,
0.0,
0.0,
0.0,
0.0,
0.0,
0.0,
5.0,
0.0,
0.0,
0.0,
8.0,
12.0,
7.0,
1.0,
0.0,
0.0,
0.0,
0.0,
0.0,
0.0,
0.0,
0.0,
0.0,
0.0,
0.0,
0.0,
0.0,
0.0,
0.0,
0.0,
0.0,
0.0,
0.0,
0.0,
0.0,
4.0,
8.0,
11.0,
7.0,
0.0,
0.0,
1.0,
0.0,
0.0,
0.0,
0.0,
0.0,
0.0,
0.0,
0.0,
0.0,
0.0,
0.0,
0.0,
0.0,
0.0,
0.0,
0.0,
0.0,
0.0,
0.0,
0.0,
7.0,
8.0,
0.0,
0.0,
0.0,
2.0,
2.0,
13.0,
0.0,
0.0,
0.0,
0.0,
0.0,
0.0,
0.0,
0.0,
0.0,
0.0,
0.0,
0.0,
0.0,
0.0,
0.0,
0.0,
0.0,
0.0,
0.0,
0.0,
0.0,
2.0,
4.0,
0.0,
0.0,
0.0,
0.0,
0.0,
0.0,
0.0,
0.0,
0.0,
0.0,
0.0,
0.0,
0.0,
0.0,
0.0,
0.0,
0.0,
0.0,
0.0,
0.0,
0.0,
0.0,
0.0,
0.0,
0.0,
9.0,
6.0,
9.0,
4.0,
0.0,
5.0,
11.0,
0.0,
0.0,
0.0,
0.0,
0.0,
0.0,
0.0,
0.0,
0.0,
0.0,
0.0,
0.0,
0.0,
0.0,
0.0,
0.0,
0.0,
0.0,
0.0,
0.0,
0.0,
10.0,
0.0,
0.0,
13.0,
0.0,
0.0,
5.0,
0.0,
0.0,
0.0,
0.0,
0.0,
0.0,
0.0,
0.0,
0.0,
0.0,
0.0,
0.0,
0.0,
0.0,
0.0,
0.0,
0.0,
0.0,
0.0,
0.0,
0.0,
1.0,
67.0,
200.0,
236.0,
110.0,
3.0,
0.0,
7.0,
0.0,
0.0,
0.0,
0.0,
0.0,
0.0,
4.0,
11.0,
0.0,
0.0,
16.0,
22.0,
17.0,
101.0,
175.0,
188.0,
183.0,
177.0,
180.0,
185.0,
181.0,
230.0,
249.0,
255.0,
200.0,
16.0,
9.0,
0.0,
0.0,
0.0,
0.0,
0.0,
5.0,
0.0,
5.0,
0.0,
4.0,
112.0,
221.0,
236.0,
255.0,
255.0,
249.0,
245.0,
241.0,
253.0,
250.0,
247.0,
255.0,
247.0,
255.0,
244.0,
92.0,
3.0,
0.0,
15.0,
0.0,
0.0,
0.0,
0.0,
2.0,
0.0,
9.0,
0.0,
1.0,
137.0,
255.0,
255.0,
240.0,
253.0,
254.0,
255.0,
220.0,
220.0,
216.0,
229.0,
209.0,
236.0,
253.0,
120.0,
24.0,
0.0,
3.0,
0.0,
0.0,
0.0,
0.0,
0.0,
0.0,
0.0,
9.0,
7.0,
0.0,
55.0,
116.0,
112.0,
128.0,
142.0,
129.0,
115.0,
21.0,
0.0,
0.0,
1.0,
59.0,
245.0,
255.0,
177.0,
3.0,
7.0,
0.0,
0.0,
0.0,
0.0,
0.0,
0.0,
2.0,
3.0,
2.0,
0.0,
1.0,
2.0,
6.0,
10.0,
5.0,
3.0,
0.0,
7.0,
0.0,
11.0,
0.0,
2.0,
140.0,
240.0,
250.0,
177.0,
2.0,
0.0,
8.0,
3.0,
0.0,
0.0,
0.0,
0.0,
0.0,
11.0,
0.0,
0.0,
2.0,
4.0,
0.0,
0.0,
0.0,
6.0,
0.0,
11.0,
1.0,
6.0,
0.0,
29.0,
255.0,
238.0,
194.0,
13.0,
7.0,
0.0,
9.0,
0.0,
0.0,
0.0,
0.0,
0.0,
0.0,
2.0,
1.0,
0.0,
0.0,
3.0,
0.0,
0.0,
0.0,
9.0,
2.0,
4.0,
0.0,
0.0,
52.0,
180.0,
241.0,
255.0,
126.0,
0.0,
0.0,
17.0,
0.0,
2.0,
0.0,
0.0,
0.0,
0.0,
7.0,
0.0,
2.0,
14.0,
0.0,
0.0,
7.0,
3.0,
2.0,
4.0,
0.0,
0.0,
8.0,
0.0,
90.0,
255.0,
253.0,
230.0,
52.0,
0.0,
6.0,
0.0,
14.0,
0.0,
0.0,
0.0,
0.0,
0.0,
0.0,
0.0,
0.0,
0.0,
0.0,
0.0,
0.0,
0.0,
0.0,
10.0,
0.0,
4.0,
8.0,
0.0,
100.0,
250.0,
251.0,
206.0,
2.0,
1.0,
14.0,
0.0,
0.0,
2.0,
0.0,
0.0,
0.0,
0.0,
0.0,
0.0,
0.0,
0.0,
0.0,
0.0,
0.0,
0.0,
16.0,
0.0,
8.0,
0.0,
0.0,
9.0,
201.0,
255.0,
255.0,
191.0,
20.0,
0.0,
0.0,
4.0,
8.0,
0.0,
0.0,
0.0,
0.0,
0.0,
0.0,
0.0,
0.0,
0.0,
0.0,
0.0,
0.0,
0.0,
0.0,
0.0,
7.0,
16.0,
0.0,
84.0,
250.0,
252.0,
235.0,
75.0,
0.0,
6.0,
6.0,
0.0,
0.0,
8.0,
0.0,
0.0,
0.0,
0.0,
0.0,
0.0,
0.0,
0.0,
0.0,
0.0,
0.0,
0.0,
0.0,
17.0,
0.0,
1.0,
14.0,
183.0,
248.0,
255.0,
168.0,
2.0,
0.0,
1.0,
0.0,
11.0,
6.0,
0.0,
0.0,
0.0,
0.0,
0.0,
0.0,
0.0,
0.0,
0.0,
0.0,
0.0,
0.0,
0.0,
1.0,
7.0,
0.0,
0.0,
82.0,
250.0,
249.0,
250.0,
158.0,
0.0,
9.0,
1.0,
0.0,
3.0,
7.0,
0.0,
0.0,
0.0,
0.0,
0.0,
0.0,
0.0,
0.0,
0.0,
0.0,
0.0,
0.0,
0.0,
0.0,
0.0,
6.0,
10.0,
80.0,
253.0,
254.0,
251.0,
111.0,
0.0,
0.0,
9.0,
2.0,
0.0,
0.0,
8.0,
0.0,
0.0,
0.0,
0.0,
0.0,
0.0,
0.0,
0.0,
0.0,
0.0,
0.0,
0.0,
5.0,
6.0,
0.0,
5.0,
89.0,
242.0,
255.0,
216.0,
7.0,
1.0,
3.0,
0.0,
0.0,
7.0,
15.0,
0.0,
0.0,
0.0,
0.0,
0.0,
0.0,
0.0,
0.0,
0.0,
0.0,
0.0,
0.0,
0.0,
0.0,
0.0,
0.0,
2.0,
219.0,
255.0,
246.0,
92.0,
0.0,
16.0,
0.0,
1.0,
9.0,
0.0,
1.0,
0.0,
0.0,
0.0,
0.0,
0.0,
0.0,
0.0,
0.0,
0.0,
0.0,
0.0,
0.0,
0.0,
0.0,
0.0,
8.0,
0.0,
255.0,
247.0,
255.0,
64.0,
0.0,
0.0,
0.0,
0.0,
0.0,
0.0,
0.0,
0.0,
0.0,
0.0,
0.0,
0.0,
0.0,
0.0,
0.0,
0.0,
0.0,
0.0,
0.0,
0.0,
8.0,
0.0,
0.0,
15.0,
240.0,
246.0,
234.0,
75.0,
0.0,
0.0,
0.0,
0.0,
0.0,
0.0,
0.0,
0.0,
0.0,
0.0,
0.0,
0.0,
0.0,
0.0,
0.0,
0.0,
0.0,
0.0,
0.0,
0.0,
0.0,
20.0,
0.0,
0.0,
147.0,
255.0,
208.0,
22.0,
0.0,
0.0,
0.0,
0.0,
0.0,
0.0,
0.0,
0.0,
0.0,
0.0,
0.0,
0.0,
0.0,
0.0,
0.0,
0.0,
0.0,
0.0,
0.0,
0.0,
0.0,
5.0,
9.0,
15.0,
9.0,
0.0,
0.0,
1.0,
0.0,
0.0,
0.0,
0.0,
0.0,
0.0,
0.0,
0.0,
0.0,
0.0,
0.0,
0.0,
