0.0,
0.0,
1.0,
3.0,
4.0,
3.0,
0.0,
0.0,
3.0,
0.0,
0.0,
3.0,
3.0,
0.0,
0.0,
3.0,
0.0,
0.0,
0.0,
0.0,
0.0,
0.0,
0.0,
3.0,
0.0,
0.0,
0.0,
0.0,
1.0,
0.0,
0.0,
0.0,
0.0,
0.0,
0.0,
4.0,
0.0,
7.0,
5.0,
0.0,
0.0,
5.0,
7.0,
0.0,
2.0,
2.0,
3.0,
4.0,
5.0,
3.0,
0.0,
0.0,
0.0,
0.0,
0.0,
0.0,
1.0,
4.0,
7.0,
7.0,
3.0,
0.0,
0.0,
1.0,
1.0,
0.0,
0.0,
1.0,
1.0,
0.0,
0.0,
1.0,
0.0,
0.0,
0.0,
1.0,
4.0,
5.0,
2.0,
0.0,
0.0,
0.0,
0.0,
0.0,
0.0,
0.0,
0.0,
1.0,
1.0,
0.0,
0.0,
0.0,
2.0,
0.0,
0.0,
10.0,
10.0,
0.0,
0.0,
2.0,
2.0,
1.0,
0.0,
0.0,
0.0,
0.0,
1.0,
2.0,
0.0,
0.0,
0.0,
0.0,
6.0,
0.0,
0.0,
0.0,
0.0,
5.0,
8.0,
8.0,
0.0,
0.0,
0.0,
0.0,
0.0,
0.0,
0.0,
0.0,
6.0,
7.0,
7.0,
3.0,
0.0,
0.0,
0.0,
1.0,
0.0,
0.0,
0.0,
0.0,
6.0,
4.0,
3.0,
3.0,
3.0,
0.0,
0.0,
0.0,
14.0,
0.0,
0.0,
5.0,
5.0,
0.0,
0.0,
14.0,
0.0,
0.0,
1.0,
2.0,
1.0,
0.0,
1.0,
2.0,
0.0,
0.0,
0.0,
0.0,
0.0,
0.0,
0.0,
0.0,
0.0,
0.0,
1.0,
6.0,
0.0,
0.0,
1.0,
0.0,
0.0,
1.0,
0.0,
0.0,
10.0,
4.0,
0.0,
0.0,
0.0,
3.0,
4.0,
2.0,
0.0,
0.0,
0.0,
0.0,
3.0,
4.0,
1.0,
0.0,
1.0,
26.0,
66.0,
97.0,
158.0,
247.0,
255.0,
194.0,
194.0,
255.0,
247.0,
158.0,
59.0,
36.0,
9.0,
0.0,
0.0,
1.0,
0.0,
0.0,
0.0,
0.0,
0.0,
0.0,
3.0,
0.0,
10.0,
0.0,
109.0,
221.0,
255.0,
248.0,
253.0,
255.0,
249.0,
245.0,
252.0,
252.0,
251.0,
255.0,
247.0,
250.0,
61.0,
0.0,
0.0,
3.0,
0.0,
0.0,
0.0,
0.0,
0.0,
0.0,
8.0,
6.0,
2.0,
0.0,
165.0,
250.0,
245.0,
255.0,
241.0,
255.0,
255.0,
253.0,
253.0,
255.0,
247.0,
242.0,
255.0,
252.0,
174.0,
36.0,
0.0,
0.0,
12.0,
0.0,
0.0,
0.0,
0.0,
0.0,
0.0,
5.0,
0.0,
0.0,
171.0,
255.0,
248.0,
245.0,
255.0,
226.0,
160.0,
119.0,
140.0,
192.0,
239.0,
255.0,
255.0,
248.0,
255.0,
101.0,
2.0,
0.0,
10.0,
0.0,
0.0,
0.0,
0.0,
0.0,
0.0,
0.0,
10.0,
11.0,
123.0,
250.0,
255.0,
213.0,
109.0,
41.0,
0.0,
11.0,
1.0,
0.0,
58.0,
187.0,
255.0,
245.0,
255.0,
158.0,
4.0,
3.0,
0.0,
7.0,
0.0,
0.0,
0.0,
0.0,
15.0,
0.0,
14.0,
0.0,
3.0,
81.0,
107.0,
26.0,
0.0,
7.0,
0.0,
0.0,
0.0,
15.0,
11.0,
0.0,
230.0,
254.0,
243.0,
170.0,
5.0,
6.0,
0.0,
8.0,
0.0,
0.0,
0.0,
0.0,
0.0,
0.0,
1.0,
0.0,
0.0,
8.0,
13.0,
0.0,
0.0,
3.0,
6.0,
10.0,
8.0,
0.0,
0.0,
2.0,
211.0,
255.0,
254.0,
154.0,
4.0,
0.0,
0.0,
1.0,
0.0,
0.0,
0.0,
0.0,
0.0,
13.0,
3.0,
5.0,
12.0,
0.0,
0.0,
1.0,
3.0,
0.0,
0.0,
0.0,
1.0,
6.0,
2.0,
3.0,
226.0,
255.0,
255.0,
152.0,
1.0,
0.0,
5.0,
0.0,
0.0,
0.0,
0.0,
0.0,
0.0,
7.0,
0.0,
0.0,
0.0,
1.0,
2.0,
1.0,
0.0,
1.0,
4.0,
9.0,
2.0,
0.0,
5.0,
50.0,
255.0,
240.0,
248.0,
169.0,
0.0,
7.0,
0.0,
0.0,
0.0,
0.0,
0.0,
0.0,
0.0,
0.0,
0.0,
0.0,
0.0,
0.0,
0.0,
0.0,
0.0,
2.0,
3.0,
1.0,
0.0,
10.0,
0.0,
169.0,
255.0,
252.0,
247.0,
79.0,
0.0,
1.0,
1.0,
3.0,
0.0,
0.0,
0.0,
0.0,
0.0,
0.0,
0.0,
0.0,
0.0,
0.0,
0.0,
0.0,
0.0,
8.0,
0.0,
0.0,
12.0,
0.0,
4.0,
179.0,
255.0,
252.0,
255.0,
50.0,
0.0,
5.0,
1.0,
4.0,
0.0,
0.0,
0.0,
0.0,
0.0,
0.0,
0.0,
0.0,
0.0,
0.0,
0.0,
0.0,
0.0,
5.0,
0.0,
3.0,
11.0,
0.0,
4.0,
214.0,
251.0,
249.0,
236.0,
10.0,
0.0,
3.0,
0.0,
0.0,
0.0,
0.0,
0.0,
0.0,
0.0,
0.0,
0.0,
0.0,
0.0,
0.0,
0.0,
0.0,
0.0,
0.0,
0.0,
10.0,
0.0,
10.0,
14.0,
255.0,
248.0,
254.0,
174.0,
0.0,
0.0,
0.0,
0.0,
0.0,
0.0,
0.0,
0.0,
0.0,
0.0,
0.0,
0.0,
0.0,
0.0,
0.0,
0.0,
0.0,
0.0,
7.0,
0.0,
5.0,
0.0,
0.0,
74.0,
255.0,
250.0,
255.0,
96.0,
0.0,
7.0,
0.0,
2.0,
2.0,
0.0,
0.0,
0.0,
0.0,
0.0,
0.0,
0.0,
0.0,
0.0,
0.0,
0.0,
0.0,
0.0,
16.0,
0.0,
0.0,
6.0,
0.0,
170.0,
250.0,
249.0,
255.0,
33.0,
4.0,
6.0,
0.0,
2.0,
3.0,
0.0,
0.0,
0.0,
0.0,
0.0,
0.0,
0.0,
0.0,
0.0,
0.0,
0.0,
0.0,
0.0,
5.0,
0.0,
0.0,
4.0,
62.0,
238.0,
244.0,
248.0,
252.0,
11.0,
1.0,
0.0,
0.0,
0.0,
1.0,
0.0,
0.0,
0.0,
0.0,
0.0,
0.0,
0.0,
0.0,
0.0,
0.0,
0.0,
0.0,
10.0,
0.0,
5.0,
11.0,
0.0,
157.0,
255.0,
255.0,
252.0,
246.0,
19.0,
0.0,
0.0,
4.0,
0.0,
4.0,
0.0,
0.0,
0.0,
0.0,
0.0,
0.0,
0.0,
0.0,
0.0,
0.0,
0.0,
0.0,
3.0,
0.0,
0.0,
11.0,
5.0,
149.0,
255.0,
250.0,
252.0,
237.0,
15.0,
0.0,
0.0,
4.0,
0.0,
7.0,
0.0,
0.0,
0.0,
0.0,
0.0,
0.0,
0.0,
0.0,
0.0,
0.0,
0.0,
0.0,
7.0,
6.0,
0.0,
0.0,
0.0,
95.0,
251.0,
248.0,
238.0,
115.0,
0.0,
2.0,
0.0,
4.0,
9.0,
0.0,
0.0,
0.0,
0.0,
0.0,
0.0,
0.0,
0.0,
0.0,
0.0,
0.0,
0.0,
0.0,
0.0,
8.0,
0.0,
3.0,
18.0,
59.0,
195.0,
187.0,
117.0,
0.0,
0.0,
10.0,
0.0,
0.0,
7.0,
0.0,
0.0,
0.0,
0.0,
0.0,
0.0,
0.0,
0.0,
0.0,
0.0,
0.0,
0.0,
0.0,
3.0,
14.0,
0.0,
0.0,
0.0,
0.0,
16.0,
0.0,
1.0,
0.0,
20.0,
0.0,
5.0,
0.0,
0.0,
10.0,
0.0,
0.0,
0.0,
0.0,
