0.0,
13.0,
0.0,
0.0,
0.0,
0.0,
3.0,
0.0,
0.0,
2.0,
5.0,
2.0,
0.0,
0.0,
0.0,
3.0,
5.0,
0.0,
0.0,
2.0,
4.0,
0.0,
0.0,
3.0,
0.0,
0.0,
0.0,
0.0,
1.0,
4.0,
0.0,
4.0,
9.0,
0.0,
8.0,
0.0,
3.0,
0.0,
0.0,
0.0,
8.0,
9.0,
0.0,
0.0,
0.0,
9.0,
8.0,
0.0,
0.0,
9.0,
8.0,
0.0,
0.0,
0.0,
0.0,
0.0,
9.0,
0.0,
0.0,
8.0,
5.0,
0.0,
3.0,
0.0,
6.0,
3.0,
0.0,
0.0,
0.0,
0.0,
4.0,
9.0,
2.0,
0.0,
0.0,
1.0,
1.0,
0.0,
0.0,
5.0,
0.0,
0.0,
0.0,
0.0,
3.0,
0.0,
2.0,
6.0,
0.0,
0.0,
4.0,
3.0,
0.0,
0.0,
6.0,
3.0,
0.0,
0.0,
0.0,
0.0,
5.0,
0.0,
0.0,
10.0,
6.0,
0.0,
0.0,
10.0,
0.0,
0.0,
0.0,
0.0,
0.0,
0.0,
6.0,
2.0,
0.0,
3.0,
6.0,
5.0,
3.0,
0.0,
0.0,
0.0,
3.0,
13.0,
10.0,
0.0,
0.0,
1.0,
6.0,
0.0,
0.0,
3.0,
0.0,
0.0,
0.0,
0.0,
0.0,
0.0,
1.0,
2.0,
3.0,
0.0,
5.0,
7.0,
0.0,
0.0,
0.0,
3.0,
4.0,
0.0,
0.0,
0.0,
0.0,
0.0,
14.0,
0.0,
0.0,
0.0,
2.0,
3.0,
0.0,
0.0,
0.0,
0.0,
0.0,
0.0,
5.0,
3.0,
0.0,
0.0,
7.0,
0.0,
0.0,
45.0,
110.0,
157.0,
210.0,
238.0,
249.0,
255.0,
255.0,
255.0,
138.0,
63.0,
2.0,
0.0,
5.0,
0.0,
0.0,
5.0,
0.0,
0.0,
0.0,
0.0,
0.0,
0.0,
0.0,
0.0,
9.0,
0.0,
15.0,
127.0,
244.0,
255.0,
255.0,
253.0,
251.0,
255.0,
254.0,
247.0,
255.0,
177.0,
60.0,
0.0,
0.0,
9.0,
6.0,
0.0,
0.0,
0.0,
0.0,
0.0,
0.0,
8.0,
0.0,
1.0,
12.0,
0.0,
20.0,
126.0,
244.0,
255.0,
255.0,
247.0,
255.0,
251.0,
241.0,
255.0,
255.0,
248.0,
222.0,
3.0,
2.0,
9.0,
0.0,
0.0,
0.0,
0.0,
0.0,
0.0,
2.0,
8.0,
0.0,
0.0,
9.0,
0.0,
0.0,
39.0,
178.0,
178.0,
143.0,
113.0,
117.0,
117.0,
124.0,
155.0,
235.0,
248.0,
255.0,
136.0,
0.0,
0.0,
3.0,
1.0,
0.0,
0.0,
0.0,
0.0,
2.0,
4.0,
0.0,
0.0,
8.0,
6.0,
0.0,
0.0,
0.0,
5.0,
0.0,
0.0,
6.0,
0.0,
0.0,
7.0,
57.0,
198.0,
255.0,
207.0,
5.0,
0.0,
1.0,
6.0,
0.0,
0.0,
0.0,
0.0,
0.0,
0.0,
5.0,
3.0,
0.0,
5.0,
8.0,
2.0,
0.0,
2.0,
1.0,
0.0,
5.0,
0.0,
0.0,
2.0,
0.0,
147.0,
255.0,
243.0,
33.0,
14.0,
0.0,
0.0,
0.0,
0.0,
0.0,
0.0,
2.0,
0.0,
7.0,
8.0,
0.0,
0.0,
3.0,
6.0,
11.0,
11.0,
2.0,
0.0,
0.0,
0.0,
0.0,
6.0,
9.0,
85.0,
255.0,
255.0,
42.0,
0.0,
3.0,
2.0,
0.0,
0.0,
0.0,
0.0,
5.0,
0.0,
0.0,
8.0,
2.0,
0.0,
0.0,
0.0,
0.0,
0.0,
0.0,
2.0,
3.0,
3.0,
2.0,
0.0,
0.0,
92.0,
252.0,
230.0,
45.0,
0.0,
0.0,
8.0,
0.0,
0.0,
0.0,
0.0,
0.0,
0.0,
0.0,
1.0,
6.0,
5.0,
1.0,
1.0,
10.0,
2.0,
0.0,
0.0,
0.0,
0.0,
1.0,
0.0,
32.0,
199.0,
255.0,
206.0,
34.0,
13.0,
0.0,
0.0,
0.0,
0.0,
0.0,
0.0,
0.0,
5.0,
1.0,
0.0,
0.0,
0.0,
0.0,
2.0,
0.0,
0.0,
0.0,
5.0,
1.0,
3.0,
5.0,
0.0,
120.0,
249.0,
244.0,
212.0,
0.0,
0.0,
4.0,
0.0,
0.0,
0.0,
0.0,
0.0,
0.0,
0.0,
0.0,
0.0,
0.0,
0.0,
0.0,
0.0,
0.0,
14.0,
0.0,
0.0,
0.0,
0.0,
0.0,
32.0,
220.0,
255.0,
246.0,
49.0,
0.0,
1.0,
11.0,
0.0,
0.0,
0.0,
0.0,
0.0,
0.0,
0.0,
0.0,
0.0,
0.0,
0.0,
0.0,
0.0,
13.0,
0.0,
21.0,
0.0,
0.0,
10.0,
16.0,
170.0,
247.0,
255.0,
255.0,
11.0,
1.0,
0.0,
0.0,
0.0,
0.0,
0.0,
0.0,
0.0,
0.0,
0.0,
0.0,
0.0,
0.0,
0.0,
0.0,
0.0,
0.0,
0.0,
1.0,
18.0,
0.0,
6.0,
114.0,
250.0,
251.0,
251.0,
138.0,
0.0,
0.0,
14.0,
7.0,
1.0,
0.0,
0.0,
0.0,
0.0,
0.0,
0.0,
0.0,
0.0,
0.0,
0.0,
0.0,
0.0,
4.0,
7.0,
0.0,
0.0,
0.0,
35.0,
247.0,
255.0,
255.0,
211.0,
15.0,
6.0,
0.0,
13.0,
3.0,
0.0,
0.0,
0.0,
0.0,
0.0,
0.0,
0.0,
0.0,
0.0,
0.0,
0.0,
0.0,
0.0,
0.0,
18.0,
0.0,
16.0,
17.0,
214.0,
244.0,
255.0,
246.0,
103.0,
0.0,
0.0,
5.0,
0.0,
6.0,
0.0,
0.0,
0.0,
0.0,
0.0,
0.0,
0.0,
0.0,
0.0,
0.0,
0.0,
0.0,
0.0,
0.0,
0.0,
14.0,
0.0,
166.0,
255.0,
252.0,
251.0,
201.0,
7.0,
5.0,
0.0,
14.0,
0.0,
0.0,
11.0,
0.0,
0.0,
0.0,
0.0,
0.0,
0.0,
0.0,
0.0,
0.0,
0.0,
0.0,
0.0,
9.0,
8.0,
0.0,
49.0,
219.0,
250.0,
255.0,
242.0,
122.0,
0.0,
0.0,
1.0,
0.0,
15.0,
0.0,
0.0,
0.0,
0.0,
0.0,
0.0,
0.0,
0.0,
0.0,
0.0,
0.0,
0.0,
0.0,
0.0,
0.0,
0.0,
9.0,
179.0,
245.0,
255.0,
244.0,
184.0,
7.0,
2.0,
0.0,
4.0,
0.0,
0.0,
11.0,
5.0,
0.0,
0.0,
0.0,
0.0,
0.0,
0.0,
0.0,
0.0,
0.0,
0.0,
0.0,
0.0,
0.0,
3.0,
0.0,
137.0,
242.0,
246.0,
192.0,
2.0,
0.0,
0.0,
0.0,
0.0,
0.0,
0.0,
0.0,
0.0,
0.0,
0.0,
0.0,
0.0,
0.0,
0.0,
0.0,
0.0,
0.0,
0.0,
0.0,
0.0,
0.0,
5.0,
0.0,
14.0,
201.0,
227.0,
17.0,
0.0,
0.0,
0.0,
0.0,
0.0,
0.0,
0.0,
0.0,
0.0,
0.0,
0.0,
0.0,
0.0,
0.0,
0.0,
0.0,
0.0,
0.0,
0.0,
0.0,
0.0,
0.0,
0.0,
20.0,
0.0,
0.0,
17.0,
0.0,
17.0,
0.0,
0.0,
0.0,
0.0,
0.0,
0.0,
0.0,
0.0,
0.0,
0.0,
0.0,
0.0,
0.0,
0.0,
0.0,
0.0,
0.0,
0.0,
0.0,
0.0,
12.0,
5.0,
0.0,
5.0,
0.0,
0.0,
21.0,
0.0,
0.0,
0.0,
0.0,
0.0,
0.0,
0.0,
0.0,
0.0,
0.0,
0.0,
0.0,
0.0,
