5.0,
0.0,
0.0,
0.0,
0.0,
7.0,
6.0,
0.0,
0.0,
4.0,
0.0,
0.0,
4.0,
5.0,
1.0,
0.0,
4.0,
1.0,
7.0,
7.0,
0.0,
8.0,
0.0,
2.0,
0.0,
0.0,
0.0,
0.0,
0.0,
0.0,
0.0,
5.0,
2.0,
0.0,
0.0,
9.0,
0.0,
10.0,
4.0,
8.0,
2.0,
6.0,
0.0,
0.0,
7.0,
0.0,
0.0,
0.0,
3.0,
16.0,
0.0,
7.0,
0.0,
0.0,
0.0,
0.0,
0.0,
3.0,
1.0,
0.0,
0.0,
0.0,
0.0,
3.0,
0.0,
1.0,
0.0,
0.0,
0.0,
0.0,
0.0,
14.0,
15.0,
0.0,
11.0,
15.0,
0.0,
0.0,
3.0,
0.0,
0.0,
0.0,
0.0,
0.0,
0.0,
9.0,
1.0,
0.0,
0.0,
9.0,
0.0,
0.0,
4.0,
2.0,
5.0,
15.0,
4.0,
0.0,
0.0,
0.0,
0.0,
0.0,
4.0,
11.0,
0.0,
0.0,
4.0,
9.0,
0.0,
0.0,
0.0,
0.0,
0.0,
3.0,
0.0,
0.0,
0.0,
5.0,
2.0,
0.0,
6.0,
0.0,
0.0,
0.0,
0.0,
0.0,
14.0,
8.0,
0.0,
25.0,
0.0,
0.0,
6.0,
18.0,
0.0,
11.0,
0.0,
0.0,
0.0,
0.0,
5.0,
0.0,
2.0,
10.0,
0.0,
0.0,
0.0,
0.0,
3.0,
0.0,
3.0,
2.0,
0.0,
0.0,
6.0,
0.0,
3.0,
0.0,
0.0,
22.0,
0.0,
0.0,
5.0,
0.0,
0.0,
0.0,
0.0,
0.0,
8.0,
0.0,
4.0,
7.0,
0.0,
7.0,
19.0,
0.0,
1.0,
3.0,
0.0,
22.0,
9.0,
101.0,
159.0,
188.0,
196.0,
150.0,
186.0,
193.0,
94.0,
0.0,
14.0,
0.0,
0.0,
0.0,
0.0,
0.0,
0.0,
0.0,
3.0,
0.0,
1.0,
69.0,
80.0,
0.0,
0.0,
63.0,
109.0,
202.0,
167.0,
255.0,
253.0,
255.0,
255.0,
248.0,
255.0,
250.0,
233.0,
37.0,
0.0,
10.0,
0.0,
0.0,
0.0,
0.0,
0.0,
1.0,
0.0,
11.0,
0.0,
192.0,
255.0,
206.0,
236.0,
242.0,
255.0,
246.0,
255.0,
233.0,
224.0,
200.0,
77.0,
9.0,
50.0,
184.0,
247.0,
158.0,
1.0,
0.0,
0.0,
0.0,
0.0,
0.0,
0.0,
0.0,
10.0,
2.0,
0.0,
133.0,
251.0,
255.0,
255.0,
255.0,
255.0,
221.0,
143.0,
31.0,
0.0,
6.0,
3.0,
0.0,
0.0,
198.0,
255.0,
163.0,
0.0,
7.0,
0.0,
0.0,
0.0,
0.0,
7.0,
0.0,
6.0,
0.0,
10.0,
90.0,
206.0,
236.0,
133.0,
53.0,
0.0,
0.0,
17.0,
0.0,
0.0,
2.0,
1.0,
0.0,
27.0,
120.0,
251.0,
196.0,
0.0,
1.0,
0.0,
0.0,
0.0,
0.0,
3.0,
0.0,
8.0,
0.0,
13.0,
0.0,
12.0,
0.0,
3.0,
2.0,
8.0,
8.0,
7.0,
0.0,
1.0,
6.0,
5.0,
4.0,
0.0,
62.0,
255.0,
241.0,
105.0,
7.0,
0.0,
0.0,
0.0,
0.0,
2.0,
4.0,
1.0,
0.0,
0.0,
0.0,
5.0,
11.0,
0.0,
2.0,
0.0,
0.0,
0.0,
7.0,
3.0,
0.0,
0.0,
2.0,
18.0,
200.0,
254.0,
233.0,
20.0,
0.0,
0.0,
0.0,
0.0,
0.0,
0.0,
5.0,
6.0,
3.0,
5.0,
6.0,
0.0,
0.0,
0.0,
3.0,
3.0,
14.0,
1.0,
1.0,
0.0,
5.0,
7.0,
0.0,
34.0,
236.0,
250.0,
254.0,
23.0,
9.0,
0.0,
0.0,
0.0,
0.0,
9.0,
7.0,
0.0,
0.0,
0.0,
3.0,
3.0,
1.0,
8.0,
0.0,
0.0,
1.0,
0.0,
0.0,
0.0,
11.0,
2.0,
25.0,
218.0,
255.0,
255.0,
218.0,
0.0,
0.0,
0.0,
0.0,
0.0,
0.0,
0.0,
0.0,
11.0,
0.0,
9.0,
0.0,
1.0,
1.0,
0.0,
4.0,
1.0,
13.0,
0.0,
8.0,
7.0,
21.0,
89.0,
199.0,
255.0,
254.0,
209.0,
62.0,
16.0,
0.0,
0.0,
0.0,
0.0,
0.0,
0.0,
0.0,
0.0,
0.0,
0.0,
0.0,
0.0,
0.0,
0.0,
3.0,
7.0,
0.0,
2.0,
13.0,
77.0,
227.0,
255.0,
247.0,
255.0,
242.0,
54.0,
0.0,
1.0,
0.0,
0.0,
0.0,
0.0,
0.0,
0.0,
0.0,
0.0,
0.0,
0.0,
0.0,
0.0,
0.0,
4.0,
9.0,
0.0,
6.0,
22.0,
36.0,
238.0,
255.0,
252.0,
255.0,
179.0,
23.0,
1.0,
0.0,
6.0,
0.0,
0.0,
0.0,
0.0,
0.0,
0.0,
0.0,
0.0,
0.0,
0.0,
0.0,
0.0,
0.0,
4.0,
0.0,
11.0,
0.0,
33.0,
244.0,
255.0,
249.0,
254.0,
154.0,
31.0,
4.0,
0.0,
4.0,
0.0,
11.0,
0.0,
0.0,
0.0,
0.0,
0.0,
0.0,
0.0,
0.0,
0.0,
0.0,
0.0,
0.0,
0.0,
0.0,
4.0,
9.0,
168.0,
255.0,
255.0,
228.0,
137.0,
9.0,
0.0,
5.0,
4.0,
0.0,
23.0,
0.0,
0.0,
0.0,
0.0,
0.0,
0.0,
0.0,
0.0,
0.0,
0.0,
0.0,
0.0,
0.0,
0.0,
7.0,
11.0,
81.0,
255.0,
255.0,
235.0,
134.0,
16.0,
0.0,
0.0,
0.0,
14.0,
0.0,
6.0,
0.0,
0.0,
0.0,
0.0,
0.0,
0.0,
0.0,
0.0,
0.0,
0.0,
0.0,
0.0,
0.0,
0.0,
17.0,
160.0,
237.0,
244.0,
249.0,
164.0,
0.0,
0.0,
12.0,
0.0,
10.0,
11.0,
2.0,
0.0,
22.0,
0.0,
0.0,
0.0,
0.0,
0.0,
0.0,
0.0,
0.0,
0.0,
0.0,
0.0,
0.0,
0.0,
177.0,
255.0,
255.0,
255.0,
68.0,
0.0,
7.0,
0.0,
0.0,
13.0,
0.0,
1.0,
0.0,
4.0,
0.0,
0.0,
0.0,
0.0,
0.0,
0.0,
0.0,
0.0,
0.0,
0.0,
0.0,
0.0,
0.0,
118.0,
255.0,
237.0,
223.0,
99.0,
0.0,
0.0,
5.0,
1.0,
8.0,
0.0,
12.0,
0.0,
11.0,
0.0,
7.0,
0.0,
0.0,
0.0,
0.0,
10.0,
0.0,
0.0,
11.0,
4.0,
0.0,
27.0,
91.0,
245.0,
255.0,
145.0,
36.0,
0.0,
11.0,
1.0,
0.0,
0.0,
0.0,
0.0,
0.0,
0.0,
0.0,
0.0,
0.0,
0.0,
0.0,
0.0,
0.0,
0.0,
2.0,
3.0,
0.0,
0.0,
5.0,
26.0,
43.0,
79.0,
156.0,
31.0,
0.0,
11.0,
0.0,
0.0,
1.0,
0.0,
0.0,
0.0,
0.0,
0.0,
0.0,
0.0,
0.0,
0.0,
0.0,
0.0,
0.0,
0.0,
7.0,
7.0,
0.0,
0.0,
11.0,
13.0,
0.0,
0.0,
18.0,
0.0,
0.0,
0.0,
0.0,
0.0,
0.0,
0.0,
0.0,
0.0,
0.0,
0.0,
0.0,
0.0,
0.0,
0.0,
0.0,
0.0,
0.0,
4.0,
0.0,
0.0,
0.0,
3.0,
2.0,
0.0,
0.0,
4.0,
0.0,
6.0,
8.0,
0.0,
6.0,
3.0,
0.0,
0.0,
0.0,
0.0,
0.0,
0.0,
0.0,
0.0,
0.0,
0.0,
0.0,
0.0,
0.0,
