0.0,
0.0,
0.0,
0.0,
0.0,
0.0,
0.0,
0.0,
3.0,
5.0,
0.0,
0.0,
0.0,
0.0,
0.0,
9.0,
3.0,
0.0,
1.0,
4.0,
0.0,
0.0,
0.0,
0.0,
0.0,
0.0,
0.0,
0.0,
0.0,
0.0,
0.0,
0.0,
0.0,
0.0,
0.0,
0.0,
0.0,
0.0,
7.0,
4.0,
1.0,
0.0,
0.0,
0.0,
3.0,
0.0,
0.0,
0.0,
0.0,
0.0,
7.0,
10.0,
0.0,
0.0,
0.0,
0.0,
0.0,
0.0,
0.0,
0.0,
0.0,
0.0,
0.0,
0.0,
15.0,
6.0,
0.0,
0.0,
0.0,
8.0,
5.0,
0.0,
0.0,
5.0,
5.0,
4.0,
6.0,
0.0,
0.0,
0.0,
0.0,
0.0,
0.0,
0.0,
0.0,
0.0,
0.0,
0.0,
0.0,
0.0,
0.0,
0.0,
0.0,
0.0,
3.0,
8.0,
0.0,
0.0,
0.0,
0.0,
0.0,
5.0,
0.0,
0.0,
0.0,
0.0,
0.0,
8.0,
0.0,
0.0,
0.0,
0.0,
0.0,
0.0,
0.0,
0.0,
0.0,
0.0,
0.0,
0.0,
9.0,
0.0,
0.0,
9.0,
3.0,
0.0,
5.0,
7.0,
0.0,
2.0,
3.0,
3.0,
4.0,
1.0,
0.0,
0.0,
0.0,
0.0,
0.0,
0.0,
0.0,
0.0,
0.0,
0.0,
0.0,
0.0,
0.0,
0.0,
7.0,
0.0,
4.0,
9.0,
0.0,
0.0,
4.0,
0.0,
2.0,
0.0,
0.0,
5.0,
0.0,
2.0,
5.0,
0.0,
0.0,
0.0,
0.0,
0.0,
0.0,
0.0,
0.0,
0.0,
0.0,
0.0,
0.0,
0.0,
0.0,
0.0,
1.0,
0.0,
0.0,
96.0,
216.0,
255.0,
56.0,
24.0,
21.0,
18.0,
0.0,
2.0,
14.0,
0.0,
0.0,
0.0,
0.0,
0.0,
0.0,
0.0,
0.0,
0.0,
0.0,
0.0,
0.0,
0.0,
2.0,
0.0,
0.0,
6.0,
75.0,
211.0,
255.0,
244.0,
255.0,
236.0,
252.0,
248.0,
183.0,
134.0,
86.0,
13.0,
0.0,
0.0,
0.0,
0.0,
0.0,
0.0,
0.0,
0.0,
0.0,
0.0,
0.0,
0.0,
0.0,
14.0,
0.0,
23.0,
222.0,
255.0,
238.0,
255.0,
229.0,
236.0,
253.0,
250.0,
247.0,
246.0,
255.0,
25.0,
0.0,
0.0,
0.0,
0.0,
0.0,
0.0,
0.0,
0.0,
0.0,
0.0,
0.0,
0.0,
1.0,
0.0,
33.0,
234.0,
239.0,
255.0,
246.0,
201.0,
45.0,
49.0,
100.0,
216.0,
245.0,
255.0,
195.0,
18.0,
0.0,
0.0,
0.0,
0.0,
0.0,
0.0,
0.0,
0.0,
0.0,
0.0,
0.0,
0.0,
15.0,
88.0,
233.0,
255.0,
255.0,
253.0,
90.0,
0.0,
0.0,
42.0,
154.0,
250.0,
255.0,
249.0,
46.0,
1.0,
0.0,
0.0,
0.0,
0.0,
0.0,
0.0,
0.0,
0.0,
0.0,
0.0,
0.0,
0.0,
22.0,
212.0,
255.0,
255.0,
181.0,
77.0,
0.0,
11.0,
14.0,
61.0,
248.0,
238.0,
227.0,
73.0,
19.0,
0.0,
0.0,
0.0,
0.0,
0.0,
0.0,
0.0,
0.0,
0.0,
0.0,
0.0,
0.0,
0.0,
73.0,
243.0,
255.0,
174.0,
31.0,
0.0,
0.0,
1.0,
40.0,
175.0,
251.0,
255.0,
224.0,
11.0,
5.0,
6.0,
0.0,
0.0,
0.0,
0.0,
0.0,
0.0,
0.0,
0.0,
0.0,
0.0,
0.0,
0.0,
5.0,
153.0,
121.0,
16.0,
0.0,
10.0,
13.0,
43.0,
189.0,
253.0,
254.0,
178.0,
42.0,
0.0,
6.0,
0.0,
0.0,
0.0,
0.0,
0.0,
0.0,
0.0,
0.0,
0.0,
0.0,
0.0,
0.0,
0.0,
15.0,
9.0,
0.0,
0.0,
0.0,
16.0,
0.0,
245.0,
248.0,
255.0,
231.0,
29.0,
24.0,
3.0,
0.0,
0.0,
0.0,
0.0,
0.0,
0.0,
0.0,
0.0,
0.0,
0.0,
0.0,
0.0,
0.0,
0.0,
6.0,
0.0,
3.0,
15.0,
4.0,
42.0,
243.0,
253.0,
249.0,
235.0,
41.0,
1.0,
0.0,
0.0,
0.0,
1.0,
0.0,
0.0,
0.0,
0.0,
0.0,
10.0,
0.0,
5.0,
7.0,
0.0,
0.0,
0.0,
7.0,
0.0,
3.0,
11.0,
0.0,
182.0,
247.0,
255.0,
241.0,
51.0,
0.0,
5.0,
0.0,
2.0,
0.0,
4.0,
0.0,
0.0,
0.0,
0.0,
0.0,
11.0,
0.0,
0.0,
0.0,
2.0,
16.0,
0.0,
0.0,
0.0,
2.0,
0.0,
137.0,
230.0,
252.0,
250.0,
131.0,
11.0,
0.0,
5.0,
0.0,
7.0,
0.0,
0.0,
0.0,
0.0,
0.0,
0.0,
0.0,
1.0,
0.0,
2.0,
0.0,
0.0,
8.0,
0.0,
0.0,
25.0,
11.0,
127.0,
253.0,
253.0,
255.0,
156.0,
23.0,
0.0,
1.0,
4.0,
0.0,
9.0,
0.0,
0.0,
0.0,
0.0,
0.0,
0.0,
0.0,
0.0,
0.0,
15.0,
2.0,
0.0,
0.0,
2.0,
12.0,
0.0,
83.0,
240.0,
246.0,
255.0,
137.0,
0.0,
0.0,
0.0,
10.0,
2.0,
0.0,
5.0,
0.0,
4.0,
0.0,
0.0,
0.0,
0.0,
6.0,
0.0,
0.0,
0.0,
0.0,
0.0,
0.0,
7.0,
0.0,
137.0,
204.0,
250.0,
252.0,
155.0,
0.0,
16.0,
1.0,
1.0,
8.0,
1.0,
0.0,
0.0,
0.0,
4.0,
0.0,
0.0,
0.0,
0.0,
0.0,
3.0,
1.0,
0.0,
0.0,
9.0,
0.0,
0.0,
76.0,
231.0,
244.0,
255.0,
83.0,
0.0,
4.0,
0.0,
6.0,
0.0,
0.0,
2.0,
3.0,
0.0,
0.0,
0.0,
0.0,
0.0,
0.0,
0.0,
0.0,
4.0,
6.0,
0.0,
6.0,
0.0,
0.0,
47.0,
237.0,
249.0,
253.0,
178.0,
0.0,
19.0,
10.0,
0.0,
3.0,
0.0,
0.0,
4.0,
1.0,
0.0,
4.0,
0.0,
0.0,
0.0,
0.0,
0.0,
5.0,
0.0,
0.0,
0.0,
6.0,
0.0,
21.0,
164.0,
253.0,
255.0,
254.0,
59.0,
7.0,
0.0,
8.0,
0.0,
5.0,
0.0,
0.0,
5.0,
0.0,
0.0,
11.0,
0.0,
0.0,
0.0,
0.0,
0.0,
0.0,
0.0,
6.0,
7.0,
7.0,
0.0,
21.0,
252.0,
249.0,
255.0,
189.0,
56.0,
0.0,
0.0,
14.0,
0.0,
0.0,
0.0,
0.0,
0.0,
0.0,
0.0,
0.0,
0.0,
0.0,
0.0,
0.0,
0.0,
8.0,
4.0,
0.0,
0.0,
0.0,
6.0,
29.0,
196.0,
255.0,
130.0,
14.0,
0.0,
8.0,
0.0,
0.0,
3.0,
0.0,
0.0,
0.0,
0.0,
0.0,
0.0,
0.0,
0.0,
0.0,
0.0,
0.0,
0.0,
0.0,
6.0,
6.0,
2.0,
3.0,
0.0,
0.0,
22.0,
0.0,
9.0,
15.0,
5.0,
0.0,
0.0,
0.0,
0.0,
0.0,
0.0,
0.0,
0.0,
0.0,
0.0,
0.0,
0.0,
0.0,
0.0,
0.0,
0.0,
0.0,
8.0,
1.0,
0.0,
3.0,
5.0,
0.0,
0.0,
0.0,
0.0,
0.0,
0.0,
0.0,
7.0,
9.0,
3.0,
0.0,
0.0,
0.0,
0.0,
0.0,
0.0,
0.0,
0.0,
0.0,
0.0,
0.0,
0.0,
