0.0,
2.0,
3.0,
1.0,
3.0,
0.0,
0.0,
4.0,
0.0,
0.0,
1.0,
0.0,
0.0,
0.0,
0.0,
2.0,
0.0,
1.0,
6.0,
6.0,
0.0,
0.0,
0.0,
0.0,
0.0,
0.0,
0.0,
0.0,
9.0,
0.0,
0.0,
0.0,
4.0,
2.0,
1.0,
5.0,
11.0,
3.0,
0.0,
0.0,
5.0,
8.0,
2.0,
0.0,
0.0,
4.0,
0.0,
0.0,
0.0,
6.0,
8.0,
0.0,
0.0,
0.0,
0.0,
0.0,
4.0,
0.0,
0.0,
6.0,
2.0,
0.0,
0.0,
0.0,
0.0,
0.0,
2.0,
0.0,
0.0,
0.0,
0.0,
3.0,
7.0,
0.0,
0.0,
9.0,
11.0,
0.0,
0.0,
3.0,
0.0,
0.0,
0.0,
0.0,
0.0,
0.0,
5.0,
6.0,
0.0,
0.0,
5.0,
0.0,
9.0,
3.0,
0.0,
1.0,
5.0,
6.0,
1.0,
0.0,
0.0,
3.0,
9.0,
3.0,
0.0,
4.0,
3.0,
0.0,
0.0,
0.0,
0.0,
0.0,
1.0,
5.0,
6.0,
0.0,
0.0,
4.0,
9.0,
3.0,
0.0,
0.0,
4.0,
3.0,
0.0,
0.0,
0.0,
4.0,
9.0,
0.0,
0.0,
0.0,
0.0,
0.0,
1.0,
9.0,
0.0,
0.0,
0.0,
0.0,
0.0,
3.0,
0.0,
0.0,
5.0,
0.0,
0.0,
0.0,
0.0,
0.0,
3.0,
4.0,
2.0,
1.0,
2.0,
4.0,
0.0,
1.0,
1.0,
0.0,
2.0,
3.0,
0.0,
0.0,
0.0,
0.0,
0.0,
0.0,
0.0,
1.0,
0.0,
2.0,
11.0,
0.0,
12.0,
89.0,
145.0,
126.0,
124.0,
166.0,
230.0,
255.0,
255.0,
242.0,
253.0,
255.0,
190.0,
51.0,
0.0,
1.0,
20.0,
0.0,
0.0,
0.0,
0.0,
0.0,
5.0,
9.0,
0.0,
0.0,
5.0,
0.0,
89.0,
255.0,
247.0,
252.0,
255.0,
255.0,
253.0,
251.0,
251.0,
253.0,
250.0,
255.0,
255.0,
226.0,
117.0,
6.0,
0.0,
7.0,
0.0,
0.0,
0.0,
0.0,
0.0,
0.0,
7.0,
4.0,
0.0,
14.0,
118.0,
255.0,
255.0,
245.0,
254.0,
251.0,
255.0,
255.0,
237.0,
255.0,
248.0,
255.0,
247.0,
254.0,
161.0,
0.0,
1.0,
0.0,
0.0,
0.0,
0.0,
0.0,
2.0,
0.0,
0.0,
0.0,
11.0,
0.0,
39.0,
226.0,
240.0,
255.0,
250.0,
232.0,
233.0,
190.0,
116.0,
96.0,
114.0,
213.0,
252.0,
235.0,
252.0,
36.0,
0.0,
1.0,
0.0,
0.0,
0.0,
0.0,
7.0,
0.0,
0.0,
4.0,
2.0,
0.0,
6.0,
74.0,
106.0,
102.0,
29.0,
0.0,
1.0,
0.0,
0.0,
11.0,
0.0,
92.0,
255.0,
255.0,
253.0,
7.0,
9.0,
11.0,
0.0,
0.0,
0.0,
0.0,
0.0,
0.0,
14.0,
0.0,
0.0,
15.0,
6.0,
0.0,
0.0,
15.0,
0.0,
5.0,
17.0,
0.0,
0.0,
2.0,
19.0,
157.0,
255.0,
247.0,
246.0,
14.0,
0.0,
0.0,
0.0,
0.0,
0.0,
0.0,
0.0,
10.0,
4.0,
0.0,
2.0,
2.0,
0.0,
16.0,
0.0,
0.0,
0.0,
4.0,
0.0,
0.0,
15.0,
0.0,
9.0,
204.0,
255.0,
242.0,
152.0,
0.0,
9.0,
10.0,
0.0,
0.0,
0.0,
0.0,
4.0,
0.0,
2.0,
0.0,
0.0,
0.0,
0.0,
9.0,
5.0,
7.0,
5.0,
0.0,
0.0,
5.0,
18.0,
0.0,
155.0,
255.0,
255.0,
252.0,
149.0,
18.0,
0.0,
0.0,
0.0,
0.0,
0.0,
0.0,
10.0,
0.0,
10.0,
11.0,
0.0,
11.0,
10.0,
0.0,
0.0,
3.0,
3.0,
0.0,
0.0,
0.0,
0.0,
33.0,
230.0,
227.0,
255.0,
237.0,
55.0,
0.0,
13.0,
3.0,
0.0,
0.0,
0.0,
0.0,
0.0,
0.0,
7.0,
0.0,
0.0,
0.0,
0.0,
18.0,
1.0,
0.0,
0.0,
0.0,
17.0,
0.0,
20.0,
171.0,
255.0,
254.0,
253.0,
120.0,
8.0,
0.0,
4.0,
0.0,
0.0,
0.0,
0.0,
0.0,
0.0,
0.0,
0.0,
0.0,
0.0,
0.0,
0.0,
0.0,
0.0,
3.0,
0.0,
15.0,
1.0,
0.0,
98.0,
255.0,
254.0,
255.0,
251.0,
38.0,
0.0,
0.0,
0.0,
1.0,
0.0,
0.0,
0.0,
0.0,
0.0,
0.0,
0.0,
0.0,
0.0,
0.0,
0.0,
0.0,
6.0,
2.0,
0.0,
0.0,
10.0,
85.0,
242.0,
248.0,
246.0,
249.0,
159.0,
11.0,
0.0,
5.0,
5.0,
0.0,
0.0,
0.0,
0.0,
0.0,
0.0,
0.0,
0.0,
0.0,
0.0,
0.0,
0.0,
0.0,
0.0,
8.0,
9.0,
0.0,
9.0,
203.0,
252.0,
255.0,
255.0,
225.0,
57.0,
0.0,
4.0,
7.0,
1.0,
0.0,
0.0,
0.0,
0.0,
0.0,
0.0,
0.0,
0.0,
0.0,
0.0,
0.0,
0.0,
0.0,
2.0,
0.0,
8.0,
9.0,
182.0,
255.0,
231.0,
251.0,
246.0,
153.0,
0.0,
6.0,
6.0,
0.0,
0.0,
1.0,
0.0,
0.0,
0.0,
0.0,
0.0,
0.0,
0.0,
0.0,
0.0,
0.0,
0.0,
0.0,
8.0,
0.0,
0.0,
90.0,
255.0,
249.0,
255.0,
254.0,
142.0,
48.0,
0.0,
7.0,
0.0,
0.0,
4.0,
2.0,
0.0,
0.0,
0.0,
0.0,
0.0,
0.0,
0.0,
0.0,
0.0,
0.0,
0.0,
0.0,
10.0,
0.0,
104.0,
240.0,
245.0,
250.0,
255.0,
210.0,
31.0,
0.0,
7.0,
3.0,
0.0,
6.0,
9.0,
0.0,
0.0,
0.0,
0.0,
0.0,
0.0,
0.0,
0.0,
0.0,
0.0,
0.0,
0.0,
0.0,
0.0,
14.0,
212.0,
253.0,
255.0,
253.0,
139.0,
19.0,
0.0,
0.0,
10.0,
1.0,
0.0,
10.0,
0.0,
0.0,
0.0,
0.0,
0.0,
0.0,
0.0,
0.0,
0.0,
0.0,
0.0,
0.0,
0.0,
0.0,
20.0,
191.0,
252.0,
253.0,
251.0,
255.0,
62.0,
1.0,
0.0,
16.0,
0.0,
0.0,
4.0,
4.0,
0.0,
16.0,
0.0,
0.0,
0.0,
0.0,
0.0,
0.0,
0.0,
0.0,
0.0,
0.0,
0.0,
0.0,
26.0,
255.0,
253.0,
255.0,
249.0,
81.0,
1.0,
0.0,
0.0,
0.0,
0.0,
0.0,
0.0,
0.0,
0.0,
0.0,
0.0,
0.0,
0.0,
0.0,
0.0,
0.0,
0.0,
0.0,
0.0,
0.0,
0.0,
0.0,
7.0,
80.0,
206.0,
255.0,
118.0,
0.0,
15.0,
0.0,
0.0,
0.0,
0.0,
0.0,
0.0,
0.0,
0.0,
0.0,
0.0,
0.0,
0.0,
0.0,
0.0,
0.0,
0.0,
0.0,
0.0,
0.0,
0.0,
0.0,
5.0,
0.0,
0.0,
0.0,
1.0,
2.0,
0.0,
8.0,
0.0,
0.0,
0.0,
0.0,
0.0,
0.0,
0.0,
0.0,
0.0,
0.0,
0.0,
0.0,
0.0,
0.0,
0.0,
0.0,
0.0,
0.0,
0.0,
0.0,
0.0,
7.0,
22.0,
0.0,
0.0,
17.0,
0.0,
0.0,
0.0,
0.0,
0.0,
0.0,
0.0,
0.0,
0.0,
0.0,
0.0,
0.0,
0.0,
0.0,
