0.0,
0.0,
0.0,
0.0,
0.0,
0.0,
0.0,
0.0,
0.0,
0.0,
0.0,
0.0,
0.0,
0.0,
0.0,
0.0,
0.0,
0.0,
0.0,
0.0,
0.0,
0.0,
0.0,
0.0,
0.0,
0.0,
0.0,
0.0,
0.0,
0.0,
0.0,
0.0,
0.0,
0.0,
0.0,
0.0,
0.0,
0.0,
0.0,
0.0,
0.0,
0.0,
0.0,
0.0,
0.0,
0.0,
0.0,
0.0,
0.0,
0.0,
0.0,
0.0,
0.0,
0.0,
0.0,
0.0,
0.0,
0.0,
0.0,
0.0,
0.0,
0.0,
0.0,
0.0,
0.0,
0.0,
0.0,
0.0,
0.0,
0.0,
0.0,
0.0,
0.0,
0.0,
0.0,
0.0,
0.0,
0.0,
0.0,
0.0,
0.0,
0.0,
0.0,
0.0,
0.0,
0.0,
0.0,
0.0,
0.0,
0.0,
0.0,
0.0,
0.0,
0.0,
0.0,
0.0,
0.0,
0.0,
0.0,
0.0,
0.0,
0.0,
0.0,
0.0,
0.0,
0.0,
0.0,
0.0,
0.0,
0.0,
0.0,
0.0,
0.0,
0.0,
0.0,
0.0,
0.0,
0.0,
0.0,
0.0,
0.0,
0.0,
0.0,
0.0,
0.0,
0.0,
0.0,
0.0,
0.0,
0.0,
0.0,
0.0,
0.0,
0.0,
0.0,
0.0,
0.0,
0.0,
0.0,
0.0,
0.0,
0.0,
0.0,
0.0,
0.0,
0.0,
0.0,
0.0,
0.0,
0.0,
0.0,
0.0,
0.0,
0.0,
0.0,
0.0,
0.0,
0.0,
0.0,
0.0,
0.0,
0.0,
0.0,
0.0,
0.0,
0.0,
0.0,
0.0,
0.0,
0.0,
0.0,
0.0,
0.0,
0.0,
0.0,
0.0,
0.0,
0.0,
0.0,
0.0,
0.0,
0.0,
0.0,
0.0,
0.0,
0.0,
0.0,
0.0,
0.0,
0.0,
0.0,
0.0,
0.0,
0.0,
0.0,
0.0,
0.0,
0.0,
0.0,
0.0,
0.0,
0.0,
0.0,
0.0,
0.0,
0.0,
0.0,
0.0,
0.0,
0.0,
0.0,
0.0,
0.0,
0.0,
0.0,
0.0,
0.0,
0.0,
0.0,
0.0,
0.0,
0.0,
0.0,
0.0,
7.0,
0.0,
8.0,
0.0,
61.0,
134.0,
116.0,
162.0,
161.0,
229.0,
155.0,
254.0,
236.0,
120.0,
238.0,
242.0,
255.0,
223.0,
149.0,
45.0,
0.0,
10.0,
0.0,
0.0,
0.0,
0.0,
0.0,
0.0,
0.0,
0.0,
0.0,
113.0,
248.0,
252.0,
248.0,
255.0,
253.0,
255.0,
255.0,
255.0,
253.0,
244.0,
239.0,
255.0,
255.0,
251.0,
251.0,
235.0,
223.0,
46.0,
0.0,
15.0,
0.0,
0.0,
0.0,
0.0,
0.0,
16.0,
7.0,
139.0,
255.0,
255.0,
255.0,
255.0,
250.0,
251.0,
255.0,
238.0,
251.0,
255.0,
252.0,
253.0,
255.0,
243.0,
255.0,
250.0,
255.0,
200.0,
33.0,
0.0,
0.0,
0.0,
0.0,
0.0,
0.0,
0.0,
0.0,
38.0,
143.0,
208.0,
189.0,
174.0,
103.0,
86.0,
8.0,
0.0,
2.0,
0.0,
15.0,
8.0,
6.0,
36.0,
156.0,
255.0,
238.0,
249.0,
85.0,
11.0,
0.0,
0.0,
0.0,
0.0,
0.0,
0.0,
16.0,
0.0,
3.0,
18.0,
0.0,
27.0,
2.0,
0.0,
0.0,
2.0,
13.0,
2.0,
0.0,
0.0,
2.0,
0.0,
4.0,
209.0,
255.0,
238.0,
134.0,
0.0,
0.0,
0.0,
0.0,
0.0,
12.0,
1.0,
0.0,
0.0,
13.0,
10.0,
0.0,
0.0,
4.0,
0.0,
8.0,
0.0,
0.0,
9.0,
0.0,
15.0,
0.0,
19.0,
0.0,
193.0,
255.0,
251.0,
97.0,
0.0,
0.0,
0.0,
0.0,
0.0,
0.0,
8.0,
0.0,
0.0,
0.0,
0.0,
12.0,
3.0,
0.0,
4.0,
2.0,
0.0,
2.0,
0.0,
0.0,
0.0,
2.0,
0.0,
11.0,
215.0,
237.0,
187.0,
0.0,
8.0,
0.0,
0.0,
0.0,
0.0,
4.0,
0.0,
1.0,
3.0,
0.0,
0.0,
0.0,
4.0,
6.0,
0.0,
7.0,
0.0,
1.0,
6.0,
0.0,
8.0,
0.0,
4.0,
84.0,
255.0,
255.0,
119.0,
11.0,
0.0,
0.0,
0.0,
0.0,
0.0,
0.0,
0.0,
0.0,
0.0,
0.0,
0.0,
0.0,
0.0,
2.0,
0.0,
3.0,
9.0,
0.0,
10.0,
0.0,
2.0,
0.0,
27.0,
229.0,
255.0,
222.0,
53.0,
0.0,
5.0,
0.0,
0.0,
0.0,
0.0,
0.0,
0.0,
0.0,
0.0,
0.0,
0.0,
0.0,
0.0,
0.0,
18.0,
1.0,
0.0,
15.0,
0.0,
6.0,
7.0,
2.0,
178.0,
255.0,
255.0,
89.0,
10.0,
0.0,
2.0,
0.0,
0.0,
0.0,
0.0,
0.0,
0.0,
0.0,
0.0,
0.0,
0.0,
0.0,
0.0,
5.0,
0.0,
4.0,
0.0,
0.0,
0.0,
7.0,
0.0,
50.0,
255.0,
252.0,
183.0,
69.0,
0.0,
9.0,
3.0,
0.0,
0.0,
0.0,
0.0,
0.0,
0.0,
0.0,
0.0,
0.0,
0.0,
0.0,
0.0,
10.0,
0.0,
7.0,
8.0,
0.0,
14.0,
0.0,
42.0,
238.0,
244.0,
237.0,
66.0,
0.0,
0.0,
0.0,
0.0,
0.0,
0.0,
0.0,
0.0,
0.0,
0.0,
0.0,
0.0,
0.0,
0.0,
0.0,
0.0,
0.0,
5.0,
1.0,
0.0,
11.0,
16.0,
12.0,
181.0,
252.0,
251.0,
89.0,
0.0,
0.0,
12.0,
13.0,
6.0,
0.0,
0.0,
0.0,
0.0,
0.0,
0.0,
0.0,
0.0,
0.0,
0.0,
0.0,
0.0,
0.0,
15.0,
0.0,
0.0,
6.0,
0.0,
119.0,
255.0,
255.0,
221.0,
0.0,
3.0,
18.0,
0.0,
0.0,
0.0,
0.0,
0.0,
0.0,
0.0,
0.0,
0.0,
0.0,
0.0,
0.0,
0.0,
0.0,
0.0,
7.0,
0.0,
0.0,
9.0,
0.0,
44.0,
226.0,
251.0,
246.0,
19.0,
5.0,
7.0,
0.0,
6.0,
25.0,
9.0,
0.0,
0.0,
0.0,
0.0,
0.0,
0.0,
0.0,
0.0,
0.0,
0.0,
0.0,
0.0,
4.0,
0.0,
0.0,
24.0,
33.0,
162.0,
255.0,
246.0,
95.0,
18.0,
0.0,
0.0,
8.0,
0.0,
0.0,
0.0,
0.0,
0.0,
0.0,
0.0,
0.0,
0.0,
0.0,
0.0,
0.0,
0.0,
0.0,
0.0,
1.0,
0.0,
0.0,
158.0,
249.0,
255.0,
250.0,
172.0,
0.0,
0.0,
0.0,
0.0,
0.0,
0.0,
0.0,
0.0,
0.0,
0.0,
0.0,
0.0,
0.0,
0.0,
0.0,
0.0,
0.0,
0.0,
0.0,
0.0,
0.0,
15.0,
15.0,
165.0,
253.0,
255.0,
157.0,
16.0,
0.0,
0.0,
0.0,
0.0,
0.0,
0.0,
0.0,
0.0,
0.0,
0.0,
0.0,
0.0,
0.0,
0.0,
0.0,
0.0,
0.0,
0.0,
0.0,
0.0,
13.0,
0.0,
0.0,
192.0,
254.0,
185.0,
27.0,
0.0,
0.0,
0.0,
0.0,
0.0,
0.0,
0.0,
0.0,
0.0,
0.0,
0.0,
0.0,
0.0,
0.0,
0.0,
0.0,
0.0,
0.0,
0.0,
0.0,
0.0,
5.0,
0.0,
0.0,
153.0,
209.0,
142.0,
0.0,
11.0,
0.0,
0.0,
0.0,
0.0,
0.0,
0.0,
0.0,
0.0,
0.0,
0.0,
0.0,
0.0,
