0.0,
8.0,
5.0,
0.0,
0.0,
0.0,
0.0,
5.0,
0.0,
1.0,
0.0,
16.0,
7.0,
0.0,
4.0,
0.0,
0.0,
0.0,
6.0,
0.0,
0.0,
4.0,
0.0,
9.0,
0.0,
0.0,
0.0,
0.0,
3.0,
0.0,
0.0,
1.0,
6.0,
5.0,
1.0,
0.0,
14.0,
0.0,
4.0,
0.0,
0.0,
20.0,
0.0,
11.0,
0.0,
0.0,
0.0,
0.0,
2.0,
4.0,
0.0,
0.0,
0.0,
0.0,
0.0,
0.0,
9.0,
0.0,
0.0,
4.0,
2.0,
0.0,
0.0,
0.0,
0.0,
11.0,
10.0,
4.0,
0.0,
0.0,
0.0,
0.0,
3.0,
3.0,
2.0,
3.0,
0.0,
0.0,
7.0,
5.0,
0.0,
0.0,
0.0,
0.0,
4.0,
0.0,
3.0,
5.0,
0.0,
0.0,
2.0,
4.0,
0.0,
7.0,
0.0,
6.0,
17.0,
0.0,
13.0,
0.0,
0.0,
0.0,
0.0,
4.0,
0.0,
0.0,
7.0,
0.0,
0.0,
0.0,
0.0,
0.0,
0.0,
0.0,
5.0,
2.0,
0.0,
2.0,
7.0,
4.0,
4.0,
0.0,
8.0,
0.0,
0.0,
5.0,
0.0,
19.0,
1.0,
0.0,
0.0,
7.0,
10.0,
8.0,
5.0,
0.0,
0.0,
0.0,
0.0,
0.0,
0.0,
4.0,
0.0,
0.0,
5.0,
2.0,
0.0,
0.0,
0.0,
2.0,
1.0,
0.0,
11.0,
4.0,
0.0,
5.0,
1.0,
3.0,
5.0,
0.0,
0.0,
0.0,
0.0,
11.0,
0.0,
0.0,
0.0,
0.0,
2.0,
8.0,
0.0,
0.0,
9.0,
0.0,
0.0,
42.0,
235.0,
196.0,
52.0,
0.0,
0.0,
0.0,
15.0,
0.0,
0.0,
0.0,
8.0,
0.0,
9.0,
20.0,
0.0,
12.0,
0.0,
0.0,
0.0,
0.0,
0.0,
8.0,
0.0,
0.0,
14.0,
0.0,
24.0,
126.0,
247.0,
255.0,
248.0,
152.0,
106.0,
85.0,
34.0,
30.0,
21.0,
7.0,
30.0,
36.0,
112.0,
125.0,
8.0,
1.0,
0.0,
0.0,
0.0,
0.0,
3.0,
0.0,
12.0,
0.0,
0.0,
0.0,
46.0,
253.0,
255.0,
252.0,
253.0,
255.0,
255.0,
245.0,
255.0,
221.0,
210.0,
178.0,
241.0,
255.0,
240.0,
255.0,
135.0,
0.0,
0.0,
0.0,
0.0,
0.0,
5.0,
0.0,
3.0,
0.0,
5.0,
3.0,
11.0,
133.0,
228.0,
255.0,
254.0,
236.0,
255.0,
248.0,
255.0,
255.0,
247.0,
255.0,
246.0,
247.0,
255.0,
255.0,
151.0,
6.0,
0.0,
0.0,
0.0,
0.0,
2.0,
0.0,
0.0,
0.0,
7.0,
4.0,
0.0,
21.0,
39.0,
61.0,
46.0,
66.0,
150.0,
169.0,
165.0,
159.0,
181.0,
50.0,
55.0,
172.0,
238.0,
251.0,
75.0,
5.0,
0.0,
0.0,
0.0,
0.0,
0.0,
5.0,
1.0,
0.0,
2.0,
0.0,
0.0,
0.0,
0.0,
3.0,
0.0,
0.0,
16.0,
0.0,
0.0,
9.0,
0.0,
11.0,
55.0,
244.0,
255.0,
207.0,
4.0,
0.0,
0.0,
0.0,
0.0,
0.0,
0.0,
3.0,
0.0,
4.0,
1.0,
0.0,
8.0,
3.0,
13.0,
0.0,
0.0,
0.0,
0.0,
7.0,
3.0,
0.0,
0.0,
0.0,
255.0,
241.0,
217.0,
32.0,
16.0,
0.0,
0.0,
0.0,
0.0,
0.0,
3.0,
0.0,
0.0,
1.0,
6.0,
0.0,
2.0,
1.0,
0.0,
0.0,
16.0,
10.0,
0.0,
1.0,
0.0,
0.0,
30.0,
181.0,
236.0,
255.0,
148.0,
0.0,
5.0,
0.0,
0.0,
0.0,
0.0,
0.0,
2.0,
0.0,
0.0,
0.0,
6.0,
1.0,
0.0,
0.0,
14.0,
0.0,
0.0,
2.0,
0.0,
17.0,
0.0,
15.0,
156.0,
255.0,
248.0,
147.0,
0.0,
0.0,
15.0,
0.0,
0.0,
0.0,
0.0,
0.0,
0.0,
5.0,
10.0,
0.0,
0.0,
1.0,
0.0,
11.0,
0.0,
0.0,
0.0,
10.0,
0.0,
0.0,
18.0,
156.0,
255.0,
255.0,
216.0,
31.0,
16.0,
0.0,
0.0,
4.0,
0.0,
0.0,
0.0,
0.0,
0.0,
0.0,
0.0,
0.0,
0.0,
0.0,
0.0,
0.0,
0.0,
8.0,
5.0,
0.0,
2.0,
3.0,
92.0,
237.0,
249.0,
255.0,
31.0,
7.0,
0.0,
3.0,
0.0,
0.0,
0.0,
0.0,
0.0,
0.0,
0.0,
0.0,
0.0,
0.0,
0.0,
0.0,
0.0,
0.0,
2.0,
4.0,
0.0,
12.0,
2.0,
68.0,
234.0,
253.0,
253.0,
124.0,
0.0,
10.0,
0.0,
0.0,
8.0,
0.0,
0.0,
0.0,
0.0,
0.0,
0.0,
0.0,
0.0,
0.0,
0.0,
0.0,
0.0,
0.0,
0.0,
12.0,
0.0,
0.0,
82.0,
239.0,
252.0,
255.0,
123.0,
5.0,
0.0,
3.0,
0.0,
0.0,
15.0,
0.0,
0.0,
0.0,
0.0,
0.0,
1.0,
1.0,
0.0,
0.0,
0.0,
0.0,
0.0,
0.0,
10.0,
0.0,
7.0,
78.0,
190.0,
255.0,
255.0,
106.0,
0.0,
0.0,
21.0,
0.0,
0.0,
1.0,
4.0,
0.0,
0.0,
0.0,
0.0,
0.0,
2.0,
1.0,
0.0,
0.0,
0.0,
0.0,
0.0,
1.0,
0.0,
0.0,
71.0,
241.0,
255.0,
255.0,
184.0,
20.0,
0.0,
7.0,
0.0,
0.0,
15.0,
0.0,
0.0,
4.0,
0.0,
0.0,
0.0,
0.0,
1.0,
0.0,
0.0,
0.0,
0.0,
1.0,
2.0,
4.0,
0.0,
99.0,
166.0,
255.0,
253.0,
184.0,
0.0,
15.0,
9.0,
7.0,
0.0,
3.0,
2.0,
0.0,
6.0,
0.0,
0.0,
0.0,
0.0,
0.0,
0.0,
0.0,
0.0,
0.0,
0.0,
2.0,
4.0,
6.0,
145.0,
237.0,
255.0,
255.0,
195.0,
25.0,
8.0,
0.0,
0.0,
0.0,
5.0,
2.0,
0.0,
0.0,
11.0,
0.0,
0.0,
0.0,
0.0,
0.0,
0.0,
0.0,
0.0,
0.0,
0.0,
2.0,
5.0,
8.0,
220.0,
251.0,
243.0,
214.0,
24.0,
10.0,
0.0,
4.0,
4.0,
0.0,
5.0,
0.0,
13.0,
0.0,
0.0,
4.0,
0.0,
0.0,
0.0,
0.0,
4.0,
1.0,
0.0,
2.0,
2.0,
0.0,
13.0,
54.0,
251.0,
252.0,
255.0,
24.0,
0.0,
0.0,
0.0,
1.0,
0.0,
0.0,
0.0,
0.0,
0.0,
0.0,
0.0,
0.0,
0.0,
0.0,
0.0,
0.0,
1.0,
2.0,
0.0,
2.0,
2.0,
0.0,
6.0,
36.0,
255.0,
217.0,
17.0,
11.0,
0.0,
3.0,
15.0,
0.0,
0.0,
0.0,
0.0,
0.0,
0.0,
0.0,
0.0,
0.0,
0.0,
0.0,
0.0,
0.0,
0.0,
3.0,
1.0,
0.0,
2.0,
0.0,
0.0,
14.0,
0.0,
23.0,
0.0,
15.0,
6.0,
2.0,
0.0,
0.0,
0.0,
0.0,
0.0,
0.0,
0.0,
0.0,
0.0,
0.0,
0.0,
0.0,
0.0,
0.0,
0.0,
4.0,
2.0,
0.0,
1.0,
1.0,
0.0,
0.0,
0.0,
0.0,
39.0,
0.0,
0.0,
6.0,
0.0,
8.0,
0.0,
0.0,
0.0,
0.0,
0.0,
0.0,
0.0,
0.0,
0.0,
0.0,
0.0,
0.0,
