0.0,
0.0,
0.0,
0.0,
0.0,
0.0,
0.0,
0.0,
3.0,
0.0,
0.0,
2.0,
3.0,
0.0,
0.0,
3.0,
0.0,
9.0,
0.0,
0.0,
0.0,
1.0,
0.0,
4.0,
0.0,
0.0,
0.0,
0.0,
0.0,
0.0,
0.0,
0.0,
0.0,
0.0,
0.0,
0.0,
6.0,
0.0,
0.0,
0.0,
0.0,
0.0,
0.0,
0.0,
4.0,
0.0,
0.0,
7.0,
9.0,
3.0,
0.0,
0.0,
0.0,
0.0,
0.0,
0.0,
0.0,
0.0,
0.0,
0.0,
0.0,
0.0,
0.0,
0.0,
0.0,
0.0,
1.0,
4.0,
8.0,
10.0,
8.0,
3.0,
5.0,
0.0,
0.0,
2.0,
0.0,
0.0,
10.0,
6.0,
0.0,
0.0,
0.0,
0.0,
0.0,
0.0,
0.0,
0.0,
0.0,
0.0,
0.0,
0.0,
0.0,
5.0,
8.0,
0.0,
0.0,
0.0,
0.0,
0.0,
0.0,
10.0,
17.0,
6.0,
0.0,
4.0,
3.0,
0.0,
0.0,
0.0,
0.0,
0.0,
0.0,
0.0,
0.0,
0.0,
0.0,
0.0,
0.0,
0.0,
4.0,
3.0,
0.0,
0.0,
0.0,
1.0,
5.0,
6.0,
0.0,
2.0,
0.0,
0.0,
5.0,
7.0,
0.0,
0.0,
0.0,
0.0,
0.0,
0.0,
0.0,
0.0,
0.0,
0.0,
0.0,
0.0,
0.0,
0.0,
1.0,
0.0,
0.0,
2.0,
11.0,
8.0,
0.0,
0.0,
6.0,
10.0,
4.0,
4.0,
6.0,
0.0,
0.0,
12.0,
0.0,
0.0,
0.0,
0.0,
0.0,
0.0,
0.0,
0.0,
0.0,
0.0,
0.0,
0.0,
4.0,
0.0,
0.0,
4.0,
0.0,
0.0,
0.0,
6.0,
0.0,
0.0,
2.0,
4.0,
0.0,
1.0,
14.0,
0.0,
0.0,
0.0,
0.0,
0.0,
0.0,
0.0,
0.0,
0.0,
0.0,
0.0,
0.0,
0.0,
0.0,
0.0,
1.0,
0.0,
0.0,
7.0,
75.0,
148.0,
67.0,
11.0,
0.0,
0.0,
27.0,
162.0,
235.0,
165.0,
0.0,
0.0,
0.0,
0.0,
0.0,
3.0,
0.0,
0.0,
0.0,
7.0,
0.0,
4.0,
0.0,
2.0,
9.0,
0.0,
23.0,
52.0,
243.0,
250.0,
253.0,
241.0,
237.0,
248.0,
255.0,
250.0,
247.0,
251.0,
110.0,
14.0,
0.0,
11.0,
0.0,
9.0,
2.0,
0.0,
0.0,
0.0,
9.0,
8.0,
13.0,
0.0,
33.0,
164.0,
239.0,
255.0,
246.0,
255.0,
249.0,
255.0,
249.0,
236.0,
245.0,
255.0,
255.0,
238.0,
44.0,
0.0,
0.0,
6.0,
6.0,
0.0,
0.0,
0.0,
0.0,
0.0,
0.0,
0.0,
0.0,
83.0,
239.0,
255.0,
248.0,
255.0,
215.0,
113.0,
204.0,
233.0,
255.0,
255.0,
250.0,
253.0,
218.0,
44.0,
1.0,
0.0,
0.0,
4.0,
2.0,
0.0,
0.0,
6.0,
1.0,
4.0,
0.0,
58.0,
123.0,
255.0,
241.0,
255.0,
210.0,
136.0,
5.0,
0.0,
36.0,
156.0,
244.0,
251.0,
248.0,
176.0,
50.0,
4.0,
0.0,
6.0,
6.0,
0.0,
0.0,
0.0,
7.0,
11.0,
0.0,
5.0,
0.0,
215.0,
252.0,
254.0,
247.0,
226.0,
22.0,
0.0,
10.0,
10.0,
142.0,
255.0,
241.0,
250.0,
178.0,
8.0,
1.0,
2.0,
0.0,
1.0,
0.0,
0.0,
1.0,
0.0,
4.0,
2.0,
0.0,
11.0,
3.0,
233.0,
255.0,
255.0,
143.0,
0.0,
4.0,
4.0,
19.0,
138.0,
255.0,
236.0,
255.0,
134.0,
4.0,
8.0,
0.0,
0.0,
1.0,
0.0,
0.0,
1.0,
3.0,
0.0,
0.0,
0.0,
3.0,
9.0,
0.0,
100.0,
224.0,
100.0,
0.0,
3.0,
0.0,
16.0,
108.0,
255.0,
248.0,
253.0,
187.0,
29.0,
0.0,
9.0,
0.0,
12.0,
5.0,
1.0,
2.0,
5.0,
0.0,
3.0,
12.0,
0.0,
5.0,
0.0,
4.0,
1.0,
29.0,
0.0,
1.0,
5.0,
0.0,
32.0,
255.0,
248.0,
253.0,
199.0,
9.0,
0.0,
18.0,
0.0,
16.0,
0.0,
0.0,
0.0,
0.0,
0.0,
0.0,
0.0,
0.0,
0.0,
0.0,
0.0,
0.0,
0.0,
0.0,
0.0,
12.0,
0.0,
21.0,
195.0,
242.0,
255.0,
221.0,
17.0,
0.0,
2.0,
0.0,
9.0,
0.0,
7.0,
0.0,
0.0,
0.0,
0.0,
0.0,
0.0,
0.0,
0.0,
0.0,
0.0,
0.0,
0.0,
0.0,
10.0,
0.0,
0.0,
95.0,
255.0,
255.0,
209.0,
57.0,
0.0,
11.0,
7.0,
0.0,
6.0,
0.0,
3.0,
0.0,
0.0,
0.0,
0.0,
0.0,
0.0,
0.0,
0.0,
0.0,
0.0,
0.0,
0.0,
0.0,
7.0,
0.0,
42.0,
240.0,
253.0,
226.0,
71.0,
0.0,
0.0,
5.0,
0.0,
1.0,
9.0,
0.0,
0.0,
0.0,
0.0,
0.0,
0.0,
0.0,
0.0,
0.0,
0.0,
0.0,
0.0,
0.0,
0.0,
2.0,
7.0,
34.0,
184.0,
255.0,
242.0,
104.0,
0.0,
7.0,
11.0,
0.0,
0.0,
8.0,
2.0,
0.0,
2.0,
0.0,
0.0,
0.0,
0.0,
0.0,
0.0,
0.0,
0.0,
0.0,
0.0,
0.0,
0.0,
0.0,
0.0,
152.0,
254.0,
231.0,
154.0,
2.0,
1.0,
0.0,
1.0,
0.0,
10.0,
3.0,
0.0,
1.0,
3.0,
0.0,
0.0,
0.0,
0.0,
0.0,
0.0,
0.0,
0.0,
0.0,
0.0,
0.0,
0.0,
0.0,
80.0,
254.0,
255.0,
176.0,
10.0,
6.0,
0.0,
0.0,
0.0,
3.0,
9.0,
0.0,
0.0,
10.0,
0.0,
0.0,
0.0,
0.0,
0.0,
0.0,
0.0,
0.0,
0.0,
0.0,
0.0,
0.0,
0.0,
63.0,
232.0,
255.0,
244.0,
89.0,
0.0,
16.0,
0.0,
8.0,
0.0,
0.0,
0.0,
0.0,
7.0,
4.0,
0.0,
0.0,
0.0,
0.0,
0.0,
0.0,
0.0,
0.0,
0.0,
0.0,
0.0,
0.0,
0.0,
152.0,
255.0,
252.0,
137.0,
15.0,
0.0,
0.0,
4.0,
2.0,
0.0,
0.0,
0.0,
8.0,
2.0,
0.0,
9.0,
0.0,
0.0,
0.0,
0.0,
3.0,
1.0,
0.0,
16.0,
0.0,
7.0,
5.0,
62.0,
219.0,
255.0,
236.0,
3.0,
0.0,
6.0,
0.0,
5.0,
0.0,
0.0,
0.0,
0.0,
0.0,
0.0,
0.0,
0.0,
0.0,
0.0,
0.0,
0.0,
0.0,
13.0,
0.0,
0.0,
6.0,
0.0,
0.0,
153.0,
255.0,
245.0,
89.0,
11.0,
4.0,
11.0,
2.0,
0.0,
0.0,
0.0,
0.0,
0.0,
0.0,
0.0,
0.0,
0.0,
0.0,
0.0,
0.0,
0.0,
0.0,
17.0,
6.0,
0.0,
0.0,
3.0,
21.0,
248.0,
255.0,
197.0,
9.0,
6.0,
0.0,
0.0,
2.0,
14.0,
0.0,
0.0,
0.0,
0.0,
0.0,
0.0,
0.0,
0.0,
0.0,
0.0,
0.0,
0.0,
0.0,
0.0,
0.0,
9.0,
5.0,
8.0,
0.0,
0.0,
0.0,
0.0,
0.0,
5.0,
8.0,
9.0,
0.0,
0.0,
0.0,
0.0,
0.0,
0.0,
0.0,
0.0,
0.0,
0.0,
0.0,
0.0,
0.0,
0.0,
