0.0,
0.0,
0.0,
0.0,
3.0,
6.0,
4.0,
0.0,
0.0,
0.0,
7.0,
0.0,
1.0,
0.0,
10.0,
0.0,
0.0,
1.0,
5.0,
1.0,
0.0,
1.0,
2.0,
0.0,
0.0,
0.0,
0.0,
0.0,
10.0,
5.0,
0.0,
0.0,
0.0,
0.0,
0.0,
0.0,
0.0,
0.0,
2.0,
0.0,
18.0,
3.0,
0.0,
0.0,
3.0,
0.0,
0.0,
0.0,
0.0,
0.0,
0.0,
6.0,
0.0,
0.0,
0.0,
0.0,
0.0,
0.0,
1.0,
4.0,
4.0,
5.0,
5.0,
6.0,
1.0,
4.0,
0.0,
0.0,
9.0,
0.0,
0.0,
0.0,
7.0,
4.0,
3.0,
5.0,
6.0,
2.0,
0.0,
0.0,
0.0,
0.0,
0.0,
0.0,
0.0,
0.0,
1.0,
2.0,
1.0,
0.0,
0.0,
0.0,
0.0,
4.0,
4.0,
0.0,
0.0,
0.0,
3.0,
8.0,
0.0,
0.0,
0.0,
0.0,
0.0,
5.0,
10.0,
1.0,
0.0,
0.0,
0.0,
0.0,
9.0,
4.0,
0.0,
0.0,
0.0,
2.0,
4.0,
3.0,
0.0,
0.0,
3.0,
9.0,
0.0,
0.0,
5.0,
0.0,
0.0,
5.0,
9.0,
6.0,
4.0,
5.0,
2.0,
0.0,
0.0,
0.0,
0.0,
0.0,
0.0,
0.0,
1.0,
3.0,
4.0,
3.0,
1.0,
0.0,
9.0,
2.0,
0.0,
4.0,
0.0,
9.0,
8.0,
0.0,
8.0,
0.0,
0.0,
0.0,
0.0,
0.0,
0.0,
4.0,
0.0,
0.0,
0.0,
0.0,
0.0,
1.0,
3.0,
0.0,
0.0,
0.0,
0.0,
3.0,
0.0,
13.0,
0.0,
0.0,
0.0,
6.0,
0.0,
8.0,
0.0,
0.0,
0.0,
0.0,
7.0,
13.0,
3.0,
0.0,
0.0,
0.0,
0.0,
0.0,
0.0,
3.0,
1.0,
0.0,
0.0,
26.0,
71.0,
107.0,
11.0,
107.0,
112.0,
111.0,
120.0,
100.0,
58.0,
106.0,
123.0,
197.0,
255.0,
255.0,
255.0,
222.0,
113.0,
0.0,
0.0,
0.0,
0.0,
0.0,
5.0,
0.0,
3.0,
14.0,
0.0,
83.0,
247.0,
241.0,
234.0,
240.0,
249.0,
255.0,
238.0,
255.0,
224.0,
255.0,
255.0,
254.0,
246.0,
250.0,
254.0,
253.0,
82.0,
1.0,
0.0,
0.0,
0.0,
0.0,
0.0,
1.0,
0.0,
0.0,
7.0,
138.0,
255.0,
255.0,
252.0,
255.0,
249.0,
255.0,
253.0,
255.0,
255.0,
255.0,
242.0,
255.0,
251.0,
255.0,
248.0,
250.0,
85.0,
0.0,
0.0,
0.0,
0.0,
0.0,
0.0,
6.0,
0.0,
0.0,
6.0,
95.0,
178.0,
133.0,
156.0,
237.0,
227.0,
202.0,
228.0,
218.0,
222.0,
207.0,
232.0,
245.0,
254.0,
239.0,
253.0,
246.0,
69.0,
12.0,
0.0,
0.0,
0.0,
0.0,
0.0,
3.0,
0.0,
5.0,
0.0,
0.0,
21.0,
0.0,
0.0,
3.0,
1.0,
8.0,
12.0,
0.0,
3.0,
23.0,
0.0,
164.0,
244.0,
255.0,
255.0,
119.0,
7.0,
0.0,
0.0,
0.0,
0.0,
0.0,
4.0,
0.0,
0.0,
8.0,
1.0,
0.0,
0.0,
0.0,
18.0,
0.0,
0.0,
11.0,
0.0,
3.0,
5.0,
0.0,
61.0,
255.0,
251.0,
255.0,
158.0,
0.0,
5.0,
0.0,
0.0,
0.0,
0.0,
0.0,
0.0,
0.0,
0.0,
1.0,
7.0,
8.0,
6.0,
4.0,
0.0,
4.0,
13.0,
0.0,
2.0,
15.0,
0.0,
32.0,
185.0,
254.0,
251.0,
238.0,
59.0,
0.0,
9.0,
3.0,
0.0,
0.0,
0.0,
0.0,
0.0,
0.0,
2.0,
0.0,
0.0,
5.0,
0.0,
0.0,
6.0,
5.0,
0.0,
0.0,
20.0,
0.0,
35.0,
203.0,
255.0,
248.0,
255.0,
138.0,
0.0,
9.0,
0.0,
5.0,
0.0,
0.0,
0.0,
0.0,
3.0,
0.0,
8.0,
2.0,
0.0,
0.0,
3.0,
10.0,
0.0,
0.0,
17.0,
0.0,
0.0,
23.0,
192.0,
253.0,
251.0,
240.0,
154.0,
0.0,
1.0,
0.0,
14.0,
0.0,
0.0,
0.0,
0.0,
0.0,
9.0,
0.0,
0.0,
0.0,
0.0,
0.0,
0.0,
0.0,
0.0,
0.0,
5.0,
6.0,
10.0,
79.0,
247.0,
255.0,
255.0,
120.0,
18.0,
1.0,
0.0,
0.0,
3.0,
0.0,
0.0,
0.0,
0.0,
0.0,
0.0,
0.0,
1.0,
5.0,
5.0,
2.0,
2.0,
4.0,
1.0,
4.0,
0.0,
2.0,
158.0,
244.0,
253.0,
254.0,
124.0,
33.0,
0.0,
0.0,
0.0,
0.0,
5.0,
0.0,
0.0,
0.0,
0.0,
0.0,
0.0,
1.0,
4.0,
2.0,
0.0,
0.0,
0.0,
0.0,
7.0,
0.0,
5.0,
116.0,
234.0,
255.0,
255.0,
160.0,
17.0,
0.0,
0.0,
5.0,
1.0,
0.0,
2.0,
0.0,
0.0,
0.0,
0.0,
0.0,
0.0,
3.0,
1.0,
0.0,
0.0,
0.0,
1.0,
0.0,
0.0,
6.0,
54.0,
248.0,
255.0,
224.0,
239.0,
55.0,
0.0,
0.0,
3.0,
13.0,
2.0,
0.0,
0.0,
0.0,
0.0,
0.0,
0.0,
0.0,
0.0,
0.0,
0.0,
0.0,
1.0,
6.0,
5.0,
0.0,
0.0,
42.0,
186.0,
233.0,
255.0,
246.0,
31.0,
5.0,
5.0,
1.0,
3.0,
3.0,
0.0,
0.0,
3.0,
0.0,
0.0,
0.0,
0.0,
0.0,
0.0,
0.0,
0.0,
2.0,
4.0,
0.0,
0.0,
0.0,
0.0,
251.0,
244.0,
255.0,
244.0,
121.0,
4.0,
0.0,
2.0,
0.0,
0.0,
0.0,
0.0,
3.0,
2.0,
0.0,
0.0,
0.0,
0.0,
0.0,
4.0,
0.0,
0.0,
5.0,
0.0,
0.0,
0.0,
10.0,
58.0,
255.0,
239.0,
241.0,
98.0,
0.0,
10.0,
0.0,
0.0,
1.0,
0.0,
0.0,
2.0,
1.0,
0.0,
0.0,
0.0,
0.0,
0.0,
0.0,
4.0,
0.0,
0.0,
5.0,
1.0,
0.0,
21.0,
56.0,
249.0,
234.0,
255.0,
209.0,
2.0,
4.0,
0.0,
2.0,
0.0,
1.0,
0.0,
0.0,
2.0,
0.0,
0.0,
4.0,
0.0,
0.0,
0.0,
0.0,
1.0,
19.0,
0.0,
0.0,
0.0,
2.0,
0.0,
161.0,
253.0,
245.0,
243.0,
77.0,
0.0,
6.0,
10.0,
0.0,
0.0,
0.0,
0.0,
0.0,
0.0,
0.0,
0.0,
0.0,
0.0,
0.0,
0.0,
0.0,
0.0,
2.0,
0.0,
10.0,
1.0,
0.0,
15.0,
186.0,
248.0,
255.0,
158.0,
10.0,
1.0,
0.0,
0.0,
0.0,
0.0,
0.0,
0.0,
0.0,
0.0,
0.0,
0.0,
0.0,
0.0,
0.0,
0.0,
0.0,
0.0,
0.0,
0.0,
10.0,
0.0,
0.0,
9.0,
131.0,
251.0,
249.0,
89.0,
0.0,
4.0,
0.0,
4.0,
19.0,
0.0,
0.0,
0.0,
0.0,
0.0,
0.0,
0.0,
0.0,
0.0,
0.0,
0.0,
0.0,
2.0,
1.0,
0.0,
1.0,
0.0,
7.0,
0.0,
28.0,
2.0,
19.0,
0.0,
7.0,
17.0,
0.0,
8.0,
0.0,
0.0,
0.0,
0.0,
0.0,
0.0,
0.0,
0.0,
0.0,
0.0,
0.0,
0.0,
0.0,
