0.0,
0.0,
0.0,
0.0,
0.0,
0.0,
0.0,
0.0,
0.0,
0.0,
0.0,
0.0,
2.0,
0.0,
0.0,
4.0,
6.0,
0.0,
4.0,
0.0,
10.0,
3.0,
0.0,
8.0,
0.0,
0.0,
0.0,
0.0,
0.0,
0.0,
0.0,
0.0,
0.0,
0.0,
0.0,
0.0,
0.0,
1.0,
0.0,
0.0,
4.0,
7.0,
3.0,
0.0,
0.0,
0.0,
3.0,
0.0,
4.0,
0.0,
0.0,
0.0,
0.0,
0.0,
0.0,
0.0,
0.0,
0.0,
0.0,
0.0,
0.0,
0.0,
0.0,
0.0,
7.0,
0.0,
1.0,
12.0,
0.0,
0.0,
0.0,
16.0,
7.0,
7.0,
0.0,
2.0,
0.0,
0.0,
7.0,
0.0,
0.0,
0.0,
0.0,
0.0,
0.0,
0.0,
0.0,
0.0,
0.0,
0.0,
0.0,
0.0,
3.0,
0.0,
0.0,
14.0,
12.0,
6.0,
1.0,
0.0,
0.0,
0.0,
0.0,
12.0,
2.0,
1.0,
7.0,
0.0,
0.0,
0.0,
0.0,
0.0,
0.0,
0.0,
0.0,
0.0,
0.0,
0.0,
0.0,
0.0,
0.0,
11.0,
7.0,
0.0,
0.0,
2.0,
11.0,
0.0,
7.0,
0.0,
0.0,
0.0,
0.0,
0.0,
6.0,
4.0,
0.0,
0.0,
0.0,
0.0,
0.0,
0.0,
0.0,
0.0,
0.0,
0.0,
0.0,
0.0,
0.0,
0.0,
0.0,
0.0,
14.0,
5.0,
0.0,
7.0,
0.0,
4.0,
22.0,
0.0,
9.0,
7.0,
0.0,
0.0,
0.0,
0.0,
0.0,
0.0,
0.0,
0.0,
0.0,
0.0,
0.0,
0.0,
0.0,
0.0,
0.0,
15.0,
11.0,
4.0,
3.0,
6.0,
88.0,
219.0,
255.0,
236.0,
187.0,
11.0,
0.0,
0.0,
0.0,
10.0,
0.0,
0.0,
0.0,
0.0,
0.0,
0.0,
0.0,
0.0,
0.0,
0.0,
0.0,
0.0,
0.0,
8.0,
0.0,
11.0,
136.0,
224.0,
243.0,
255.0,
252.0,
255.0,
236.0,
19.0,
5.0,
9.0,
0.0,
3.0,
0.0,
0.0,
0.0,
0.0,
3.0,
0.0,
3.0,
0.0,
3.0,
14.0,
1.0,
0.0,
7.0,
25.0,
148.0,
218.0,
255.0,
242.0,
195.0,
69.0,
155.0,
251.0,
255.0,
33.0,
6.0,
3.0,
0.0,
0.0,
0.0,
0.0,
0.0,
0.0,
3.0,
0.0,
5.0,
1.0,
5.0,
0.0,
0.0,
98.0,
196.0,
255.0,
255.0,
242.0,
185.0,
85.0,
6.0,
0.0,
137.0,
247.0,
177.0,
12.0,
0.0,
0.0,
4.0,
0.0,
0.0,
0.0,
0.0,
0.0,
9.0,
0.0,
0.0,
0.0,
6.0,
3.0,
31.0,
222.0,
247.0,
236.0,
168.0,
130.0,
36.0,
0.0,
0.0,
10.0,
183.0,
255.0,
175.0,
10.0,
0.0,
4.0,
0.0,
0.0,
0.0,
0.0,
0.0,
0.0,
0.0,
2.0,
7.0,
0.0,
10.0,
3.0,
2.0,
115.0,
87.0,
18.0,
7.0,
1.0,
0.0,
0.0,
14.0,
0.0,
211.0,
255.0,
200.0,
0.0,
2.0,
9.0,
0.0,
11.0,
0.0,
0.0,
0.0,
0.0,
0.0,
12.0,
2.0,
0.0,
2.0,
0.0,
0.0,
0.0,
7.0,
0.0,
0.0,
0.0,
24.0,
15.0,
0.0,
82.0,
246.0,
249.0,
177.0,
0.0,
0.0,
9.0,
0.0,
5.0,
0.0,
0.0,
0.0,
0.0,
4.0,
6.0,
0.0,
1.0,
0.0,
0.0,
23.0,
2.0,
0.0,
10.0,
0.0,
0.0,
0.0,
0.0,
0.0,
207.0,
255.0,
229.0,
92.0,
9.0,
0.0,
8.0,
3.0,
0.0,
0.0,
0.0,
0.0,
0.0,
0.0,
0.0,
0.0,
12.0,
5.0,
0.0,
0.0,
0.0,
4.0,
1.0,
0.0,
18.0,
0.0,
0.0,
92.0,
244.0,
243.0,
121.0,
2.0,
1.0,
0.0,
5.0,
11.0,
0.0,
0.0,
0.0,
0.0,
0.0,
6.0,
1.0,
4.0,
0.0,
0.0,
5.0,
0.0,
6.0,
0.0,
0.0,
2.0,
0.0,
2.0,
0.0,
171.0,
243.0,
241.0,
43.0,
0.0,
0.0,
2.0,
0.0,
0.0,
0.0,
0.0,
0.0,
0.0,
0.0,
0.0,
0.0,
0.0,
0.0,
0.0,
0.0,
0.0,
0.0,
3.0,
0.0,
1.0,
5.0,
0.0,
81.0,
250.0,
248.0,
57.0,
20.0,
0.0,
0.0,
6.0,
0.0,
0.0,
1.0,
0.0,
0.0,
0.0,
0.0,
0.0,
0.0,
0.0,
0.0,
0.0,
0.0,
0.0,
0.0,
5.0,
0.0,
3.0,
0.0,
20.0,
138.0,
252.0,
148.0,
12.0,
0.0,
0.0,
0.0,
6.0,
1.0,
0.0,
2.0,
0.0,
0.0,
0.0,
0.0,
0.0,
0.0,
0.0,
0.0,
0.0,
0.0,
0.0,
0.0,
0.0,
2.0,
0.0,
3.0,
57.0,
232.0,
254.0,
53.0,
0.0,
0.0,
0.0,
4.0,
4.0,
0.0,
0.0,
0.0,
0.0,
0.0,
0.0,
0.0,
0.0,
0.0,
0.0,
0.0,
0.0,
0.0,
0.0,
0.0,
4.0,
0.0,
18.0,
0.0,
163.0,
253.0,
250.0,
0.0,
1.0,
6.0,
7.0,
1.0,
0.0,
0.0,
0.0,
0.0,
0.0,
0.0,
0.0,
0.0,
0.0,
0.0,
0.0,
0.0,
0.0,
0.0,
0.0,
0.0,
11.0,
0.0,
4.0,
61.0,
243.0,
255.0,
159.0,
0.0,
0.0,
0.0,
0.0,
0.0,
0.0,
0.0,
2.0,
0.0,
0.0,
0.0,
0.0,
0.0,
0.0,
0.0,
0.0,
0.0,
0.0,
0.0,
0.0,
0.0,
0.0,
6.0,
0.0,
209.0,
255.0,
244.0,
42.0,
7.0,
0.0,
0.0,
0.0,
0.0,
0.0,
2.0,
0.0,
0.0,
0.0,
0.0,
0.0,
0.0,
0.0,
0.0,
0.0,
0.0,
0.0,
0.0,
0.0,
0.0,
0.0,
16.0,
119.0,
251.0,
255.0,
127.0,
9.0,
5.0,
2.0,
2.0,
4.0,
6.0,
3.0,
0.0,
0.0,
0.0,
0.0,
0.0,
0.0,
0.0,
0.0,
0.0,
0.0,
0.0,
0.0,
0.0,
0.0,
0.0,
2.0,
61.0,
244.0,
255.0,
221.0,
31.0,
3.0,
0.0,
0.0,
0.0,
0.0,
1.0,
0.0,
0.0,
1.0,
12.0,
0.0,
0.0,
0.0,
0.0,
0.0,
0.0,
0.0,
0.0,
0.0,
0.0,
0.0,
0.0,
10.0,
117.0,
255.0,
255.0,
114.0,
9.0,
0.0,
0.0,
0.0,
0.0,
0.0,
0.0,
0.0,
0.0,
0.0,
0.0,
0.0,
0.0,
0.0,
0.0,
0.0,
0.0,
0.0,
0.0,
0.0,
0.0,
0.0,
0.0,
0.0,
53.0,
201.0,
212.0,
57.0,
0.0,
17.0,
11.0,
0.0,
0.0,
0.0,
0.0,
0.0,
0.0,
0.0,
0.0,
0.0,
0.0,
0.0,
0.0,
0.0,
0.0,
0.0,
0.0,
0.0,
0.0,
0.0,
0.0,
11.0,
0.0,
0.0,
5.0,
1.0,
3.0,
1.0,
0.0,
0.0,
0.0,
0.0,
0.0,
0.0,
0.0,
0.0,
0.0,
0.0,
0.0,
0.0,
0.0,
0.0,
0.0,
0.0,
0.0,
0.0,
0.0,
0.0,
0.0,
0.0,
12.0,
0.0,
0.0,
2.0,
0.0,
0.0,
16.0,
0.0,
0.0,
0.0,
0.0,
0.0,
0.0,
0.0,
0.0,
0.0,
0.0,
0.0,
0.0,
