0.0,
0.0,
0.0,
0.0,
0.0,
0.0,
0.0,
0.0,
1.0,
0.0,
6.0,
0.0,
0.0,
6.0,
0.0,
0.0,
0.0,
7.0,
0.0,
3.0,
4.0,
0.0,
8.0,
0.0,
0.0,
0.0,
0.0,
0.0,
0.0,
0.0,
0.0,
0.0,
0.0,
0.0,
0.0,
0.0,
9.0,
0.0,
2.0,
0.0,
0.0,
7.0,
0.0,
11.0,
5.0,
10.0,
0.0,
5.0,
0.0,
0.0,
5.0,
11.0,
0.0,
0.0,
0.0,
0.0,
0.0,
0.0,
0.0,
0.0,
0.0,
0.0,
0.0,
0.0,
0.0,
0.0,
0.0,
2.0,
0.0,
6.0,
0.0,
0.0,
0.0,
0.0,
0.0,
0.0,
1.0,
0.0,
4.0,
0.0,
0.0,
0.0,
0.0,
0.0,
0.0,
0.0,
0.0,
0.0,
0.0,
0.0,
0.0,
0.0,
0.0,
0.0,
0.0,
11.0,
0.0,
12.0,
0.0,
3.0,
0.0,
10.0,
5.0,
0.0,
0.0,
8.0,
6.0,
0.0,
0.0,
0.0,
0.0,
0.0,
0.0,
0.0,
0.0,
0.0,
0.0,
0.0,
0.0,
0.0,
7.0,
10.0,
0.0,
4.0,
0.0,
0.0,
0.0,
0.0,
0.0,
0.0,
4.0,
0.0,
0.0,
0.0,
3.0,
8.0,
0.0,
0.0,
0.0,
0.0,
0.0,
0.0,
0.0,
0.0,
0.0,
0.0,
0.0,
0.0,
0.0,
0.0,
0.0,
2.0,
7.0,
0.0,
9.0,
2.0,
12.0,
0.0,
0.0,
2.0,
7.0,
2.0,
0.0,
0.0,
0.0,
0.0,
0.0,
0.0,
0.0,
0.0,
0.0,
0.0,
0.0,
0.0,
0.0,
0.0,
10.0,
8.0,
3.0,
0.0,
6.0,
0.0,
8.0,
0.0,
0.0,
0.0,
4.0,
0.0,
0.0,
10.0,
3.0,
7.0,
0.0,
0.0,
0.0,
0.0,
0.0,
0.0,
0.0,
0.0,
0.0,
0.0,
0.0,
0.0,
13.0,
12.0,
24.0,
37.0,
114.0,
147.0,
244.0,
255.0,
245.0,
255.0,
239.0,
101.0,
1.0,
0.0,
0.0,
0.0,
0.0,
0.0,
0.0,
0.0,
0.0,
1.0,
5.0,
0.0,
14.0,
152.0,
31.0,
50.0,
175.0,
240.0,
223.0,
246.0,
255.0,
244.0,
255.0,
209.0,
245.0,
247.0,
255.0,
66.0,
0.0,
0.0,
20.0,
0.0,
0.0,
0.0,
0.0,
0.0,
9.0,
0.0,
0.0,
0.0,
92.0,
255.0,
213.0,
218.0,
220.0,
90.0,
60.0,
61.0,
53.0,
57.0,
56.0,
10.0,
116.0,
232.0,
233.0,
0.0,
0.0,
9.0,
0.0,
0.0,
0.0,
0.0,
0.0,
0.0,
3.0,
0.0,
15.0,
1.0,
12.0,
27.0,
38.0,
124.0,
21.0,
0.0,
1.0,
0.0,
0.0,
4.0,
0.0,
12.0,
174.0,
253.0,
140.0,
0.0,
2.0,
7.0,
0.0,
0.0,
0.0,
0.0,
0.0,
0.0,
5.0,
0.0,
0.0,
0.0,
8.0,
4.0,
0.0,
3.0,
0.0,
19.0,
10.0,
0.0,
6.0,
0.0,
0.0,
61.0,
255.0,
255.0,
1.0,
5.0,
0.0,
0.0,
3.0,
5.0,
0.0,
0.0,
0.0,
0.0,
0.0,
12.0,
4.0,
3.0,
0.0,
0.0,
0.0,
1.0,
15.0,
0.0,
0.0,
10.0,
0.0,
0.0,
29.0,
179.0,
249.0,
244.0,
0.0,
3.0,
1.0,
0.0,
0.0,
5.0,
0.0,
0.0,
0.0,
0.0,
6.0,
0.0,
0.0,
10.0,
2.0,
0.0,
0.0,
10.0,
0.0,
0.0,
7.0,
14.0,
0.0,
0.0,
20.0,
255.0,
253.0,
134.0,
12.0,
7.0,
2.0,
1.0,
0.0,
0.0,
0.0,
0.0,
0.0,
0.0,
0.0,
10.0,
13.0,
1.0,
0.0,
5.0,
1.0,
0.0,
0.0,
8.0,
7.0,
0.0,
10.0,
25.0,
67.0,
255.0,
218.0,
5.0,
0.0,
1.0,
0.0,
0.0,
13.0,
0.0,
0.0,
0.0,
0.0,
0.0,
5.0,
0.0,
0.0,
5.0,
3.0,
0.0,
0.0,
6.0,
1.0,
0.0,
9.0,
0.0,
5.0,
3.0,
148.0,
252.0,
162.0,
13.0,
0.0,
0.0,
4.0,
0.0,
0.0,
0.0,
0.0,
0.0,
0.0,
0.0,
0.0,
0.0,
0.0,
0.0,
0.0,
0.0,
0.0,
0.0,
1.0,
3.0,
0.0,
0.0,
9.0,
0.0,
249.0,
251.0,
162.0,
5.0,
0.0,
3.0,
0.0,
12.0,
0.0,
9.0,
0.0,
0.0,
0.0,
0.0,
0.0,
0.0,
0.0,
0.0,
0.0,
0.0,
0.0,
0.0,
0.0,
3.0,
2.0,
1.0,
0.0,
10.0,
251.0,
255.0,
88.0,
0.0,
0.0,
4.0,
0.0,
10.0,
0.0,
2.0,
0.0,
0.0,
0.0,
0.0,
0.0,
0.0,
0.0,
0.0,
0.0,
0.0,
0.0,
0.0,
0.0,
1.0,
0.0,
7.0,
0.0,
96.0,
250.0,
193.0,
15.0,
0.0,
4.0,
1.0,
0.0,
4.0,
0.0,
0.0,
0.0,
0.0,
0.0,
0.0,
0.0,
0.0,
0.0,
0.0,
0.0,
0.0,
0.0,
0.0,
0.0,
8.0,
0.0,
0.0,
5.0,
188.0,
249.0,
95.0,
0.0,
6.0,
2.0,
0.0,
0.0,
0.0,
3.0,
0.0,
0.0,
0.0,
0.0,
0.0,
0.0,
0.0,
0.0,
0.0,
0.0,
0.0,
0.0,
0.0,
0.0,
15.0,
0.0,
0.0,
0.0,
220.0,
252.0,
80.0,
0.0,
11.0,
0.0,
0.0,
4.0,
0.0,
1.0,
0.0,
0.0,
0.0,
0.0,
0.0,
0.0,
0.0,
0.0,
0.0,
0.0,
0.0,
0.0,
0.0,
2.0,
3.0,
0.0,
5.0,
34.0,
236.0,
254.0,
91.0,
0.0,
1.0,
0.0,
1.0,
11.0,
1.0,
0.0,
0.0,
0.0,
0.0,
0.0,
0.0,
0.0,
0.0,
0.0,
0.0,
0.0,
0.0,
0.0,
0.0,
3.0,
0.0,
0.0,
11.0,
81.0,
252.0,
255.0,
77.0,
0.0,
0.0,
0.0,
3.0,
5.0,
3.0,
0.0,
0.0,
0.0,
0.0,
0.0,
0.0,
0.0,
0.0,
0.0,
0.0,
0.0,
0.0,
0.0,
0.0,
1.0,
10.0,
0.0,
5.0,
88.0,
248.0,
255.0,
70.0,
2.0,
0.0,
7.0,
2.0,
0.0,
1.0,
0.0,
6.0,
0.0,
0.0,
0.0,
0.0,
0.0,
0.0,
0.0,
0.0,
0.0,
0.0,
0.0,
0.0,
5.0,
0.0,
4.0,
6.0,
82.0,
255.0,
233.0,
1.0,
0.0,
0.0,
0.0,
0.0,
0.0,
0.0,
0.0,
0.0,
0.0,
0.0,
0.0,
0.0,
0.0,
0.0,
0.0,
0.0,
0.0,
0.0,
0.0,
0.0,
2.0,
0.0,
5.0,
8.0,
85.0,
240.0,
212.0,
2.0,
0.0,
0.0,
0.0,
0.0,
0.0,
0.0,
0.0,
0.0,
0.0,
0.0,
0.0,
0.0,
0.0,
0.0,
0.0,
0.0,
0.0,
0.0,
0.0,
0.0,
0.0,
1.0,
0.0,
0.0,
74.0,
231.0,
197.0,
1.0,
0.0,
0.0,
0.0,
0.0,
0.0,
0.0,
0.0,
0.0,
0.0,
0.0,
0.0,
0.0,
0.0,
0.0,
0.0,
0.0,
0.0,
0.0,
0.0,
0.0,
0.0,
1.0,
17.0,
12.0,
0.0,
0.0,
3.0,
0.0,
0.0,
0.0,
0.0,
0.0,
0.0,
0.0,
0.0,
0.0,
0.0,
0.0,
0.0,
0.0,
