0.0,
0.0,
0.0,
0.0,
0.0,
0.0,
0.0,
0.0,
0.0,
0.0,
2.0,
14.0,
0.0,
0.0,
0.0,
3.0,
0.0,
0.0,
5.0,
0.0,
10.0,
0.0,
1.0,
9.0,
0.0,
0.0,
0.0,
0.0,
0.0,
0.0,
0.0,
0.0,
0.0,
0.0,
0.0,
0.0,
16.0,
1.0,
0.0,
0.0,
4.0,
9.0,
0.0,
0.0,
6.0,
0.0,
0.0,
0.0,
0.0,
8.0,
0.0,
0.0,
0.0,
0.0,
0.0,
0.0,
0.0,
0.0,
0.0,
0.0,
0.0,
0.0,
0.0,
0.0,
0.0,
10.0,
11.0,
0.0,
0.0,
3.0,
0.0,
0.0,
1.0,
12.0,
0.0,
8.0,
2.0,
0.0,
19.0,
0.0,
0.0,
0.0,
0.0,
0.0,
0.0,
0.0,
0.0,
0.0,
0.0,
0.0,
0.0,
0.0,
9.0,
0.0,
0.0,
0.0,
9.0,
0.0,
0.0,
19.0,
0.0,
0.0,
4.0,
1.0,
0.0,
0.0,
5.0,
1.0,
0.0,
0.0,
0.0,
0.0,
0.0,
0.0,
0.0,
0.0,
0.0,
0.0,
0.0,
0.0,
0.0,
7.0,
12.0,
3.0,
0.0,
0.0,
0.0,
0.0,
5.0,
0.0,
18.0,
4.0,
0.0,
15.0,
0.0,
9.0,
0.0,
0.0,
0.0,
0.0,
0.0,
0.0,
0.0,
0.0,
0.0,
0.0,
0.0,
0.0,
0.0,
0.0,
0.0,
2.0,
0.0,
14.0,
12.0,
3.0,
0.0,
20.0,
0.0,
10.0,
0.0,
18.0,
0.0,
2.0,
0.0,
0.0,
0.0,
0.0,
0.0,
0.0,
0.0,
0.0,
0.0,
0.0,
0.0,
0.0,
0.0,
13.0,
106.0,
226.0,
110.0,
2.0,
0.0,
73.0,
69.0,
131.0,
32.0,
3.0,
0.0,
0.0,
14.0,
0.0,
0.0,
0.0,
0.0,
0.0,
0.0,
0.0,
0.0,
0.0,
0.0,
0.0,
0.0,
0.0,
2.0,
0.0,
71.0,
252.0,
236.0,
240.0,
224.0,
252.0,
252.0,
255.0,
225.0,
17.0,
7.0,
0.0,
0.0,
7.0,
0.0,
0.0,
0.0,
0.0,
0.0,
0.0,
0.0,
0.0,
0.0,
0.0,
0.0,
0.0,
1.0,
0.0,
6.0,
67.0,
150.0,
239.0,
235.0,
225.0,
137.0,
246.0,
250.0,
15.0,
2.0,
3.0,
0.0,
7.0,
0.0,
0.0,
0.0,
0.0,
0.0,
0.0,
0.0,
0.0,
0.0,
0.0,
0.0,
0.0,
5.0,
1.0,
2.0,
2.0,
0.0,
0.0,
0.0,
0.0,
33.0,
216.0,
255.0,
10.0,
0.0,
2.0,
0.0,
2.0,
0.0,
0.0,
0.0,
0.0,
0.0,
0.0,
0.0,
0.0,
0.0,
0.0,
0.0,
0.0,
0.0,
0.0,
2.0,
10.0,
3.0,
0.0,
12.0,
9.0,
38.0,
245.0,
255.0,
22.0,
4.0,
0.0,
0.0,
0.0,
0.0,
0.0,
0.0,
0.0,
0.0,
0.0,
0.0,
0.0,
0.0,
0.0,
0.0,
0.0,
10.0,
1.0,
0.0,
0.0,
6.0,
0.0,
0.0,
0.0,
121.0,
255.0,
175.0,
5.0,
3.0,
0.0,
0.0,
7.0,
0.0,
0.0,
0.0,
0.0,
0.0,
0.0,
0.0,
0.0,
0.0,
0.0,
0.0,
0.0,
0.0,
1.0,
0.0,
1.0,
4.0,
0.0,
4.0,
15.0,
221.0,
255.0,
80.0,
0.0,
0.0,
0.0,
2.0,
0.0,
0.0,
0.0,
0.0,
0.0,
0.0,
0.0,
0.0,
0.0,
0.0,
0.0,
0.0,
0.0,
0.0,
12.0,
3.0,
4.0,
0.0,
0.0,
0.0,
70.0,
255.0,
234.0,
40.0,
6.0,
0.0,
6.0,
6.0,
0.0,
0.0,
0.0,
0.0,
0.0,
0.0,
0.0,
0.0,
0.0,
0.0,
0.0,
0.0,
0.0,
4.0,
3.0,
0.0,
2.0,
0.0,
2.0,
0.0,
158.0,
239.0,
122.0,
5.0,
0.0,
0.0,
10.0,
3.0,
4.0,
0.0,
0.0,
0.0,
0.0,
0.0,
0.0,
0.0,
0.0,
0.0,
0.0,
0.0,
0.0,
1.0,
1.0,
0.0,
16.0,
0.0,
3.0,
10.0,
250.0,
255.0,
57.0,
2.0,
0.0,
5.0,
1.0,
0.0,
9.0,
0.0,
0.0,
0.0,
0.0,
0.0,
0.0,
0.0,
0.0,
0.0,
0.0,
0.0,
0.0,
0.0,
0.0,
0.0,
14.0,
0.0,
11.0,
164.0,
245.0,
182.0,
12.0,
0.0,
5.0,
0.0,
10.0,
0.0,
10.0,
0.0,
0.0,
0.0,
0.0,
0.0,
0.0,
0.0,
0.0,
0.0,
0.0,
0.0,
0.0,
2.0,
0.0,
11.0,
0.0,
0.0,
26.0,
225.0,
255.0,
58.0,
0.0,
7.0,
5.0,
0.0,
14.0,
0.0,
0.0,
0.0,
0.0,
0.0,
0.0,
0.0,
0.0,
0.0,
0.0,
0.0,
0.0,
0.0,
0.0,
0.0,
0.0,
0.0,
5.0,
8.0,
132.0,
255.0,
182.0,
0.0,
0.0,
12.0,
0.0,
0.0,
6.0,
4.0,
0.0,
0.0,
0.0,
0.0,
0.0,
0.0,
0.0,
0.0,
0.0,
0.0,
0.0,
0.0,
0.0,
1.0,
0.0,
0.0,
7.0,
38.0,
235.0,
255.0,
47.0,
5.0,
8.0,
0.0,
0.0,
0.0,
0.0,
2.0,
3.0,
0.0,
0.0,
0.0,
0.0,
0.0,
0.0,
0.0,
0.0,
0.0,
0.0,
0.0,
0.0,
3.0,
0.0,
9.0,
0.0,
123.0,
255.0,
180.0,
0.0,
0.0,
4.0,
0.0,
0.0,
12.0,
0.0,
0.0,
0.0,
0.0,
0.0,
0.0,
0.0,
0.0,
0.0,
0.0,
0.0,
0.0,
0.0,
0.0,
0.0,
0.0,
4.0,
0.0,
48.0,
222.0,
247.0,
68.0,
2.0,
0.0,
9.0,
2.0,
0.0,
0.0,
0.0,
3.0,
0.0,
0.0,
0.0,
0.0,
0.0,
0.0,
0.0,
0.0,
0.0,
0.0,
0.0,
0.0,
0.0,
0.0,
6.0,
4.0,
174.0,
255.0,
182.0,
1.0,
1.0,
3.0,
8.0,
10.0,
0.0,
0.0,
0.0,
2.0,
4.0,
0.0,
0.0,
0.0,
0.0,
0.0,
0.0,
0.0,
0.0,
0.0,
0.0,
0.0,
0.0,
7.0,
0.0,
72.0,
254.0,
241.0,
69.0,
5.0,
0.0,
3.0,
0.0,
2.0,
6.0,
1.0,
2.0,
0.0,
0.0,
0.0,
0.0,
0.0,
0.0,
0.0,
0.0,
0.0,
0.0,
0.0,
0.0,
0.0,
0.0,
14.0,
0.0,
104.0,
254.0,
202.0,
0.0,
3.0,
1.0,
0.0,
0.0,
0.0,
0.0,
0.0,
0.0,
0.0,
0.0,
0.0,
0.0,
0.0,
0.0,
0.0,
0.0,
0.0,
0.0,
0.0,
0.0,
0.0,
0.0,
0.0,
0.0,
93.0,
247.0,
97.0,
4.0,
8.0,
1.0,
0.0,
0.0,
0.0,
0.0,
0.0,
0.0,
0.0,
0.0,
0.0,
0.0,
0.0,
0.0,
0.0,
0.0,
0.0,
0.0,
0.0,
0.0,
0.0,
0.0,
15.0,
0.0,
0.0,
14.0,
0.0,
0.0,
3.0,
0.0,
0.0,
0.0,
0.0,
0.0,
0.0,
0.0,
0.0,
0.0,
0.0,
0.0,
0.0,
0.0,
0.0,
0.0,
0.0,
0.0,
0.0,
0.0,
0.0,
0.0,
0.0,
0.0,
20.0,
0.0,
23.0,
1.0,
5.0,
0.0,
0.0,
0.0,
0.0,
0.0,
0.0,
0.0,
0.0,
0.0,
0.0,
0.0,
0.0,
0.0,
