0.0,
0.0,
2.0,
0.0,
0.0,
2.0,
1.0,
0.0,
0.0,
1.0,
3.0,
0.0,
0.0,
0.0,
0.0,
2.0,
0.0,
6.0,
1.0,
0.0,
8.0,
4.0,
0.0,
9.0,
0.0,
0.0,
0.0,
0.0,
3.0,
3.0,
6.0,
5.0,
0.0,
0.0,
0.0,
2.0,
4.0,
0.0,
0.0,
2.0,
9.0,
9.0,
0.0,
0.0,
0.0,
3.0,
0.0,
0.0,
0.0,
0.0,
0.0,
0.0,
0.0,
0.0,
0.0,
0.0,
9.0,
0.0,
0.0,
0.0,
5.0,
10.0,
8.0,
3.0,
0.0,
0.0,
0.0,
0.0,
0.0,
0.0,
0.0,
8.0,
6.0,
0.0,
1.0,
3.0,
0.0,
3.0,
6.0,
1.0,
0.0,
0.0,
0.0,
0.0,
0.0,
4.0,
8.0,
0.0,
0.0,
0.0,
0.0,
0.0,
6.0,
1.0,
0.0,
6.0,
11.0,
7.0,
0.0,
0.0,
3.0,
0.0,
0.0,
5.0,
0.0,
0.0,
7.0,
0.0,
0.0,
0.0,
0.0,
0.0,
1.0,
2.0,
3.0,
3.0,
3.0,
3.0,
0.0,
0.0,
0.0,
0.0,
1.0,
2.0,
0.0,
0.0,
0.0,
8.0,
1.0,
0.0,
5.0,
11.0,
0.0,
0.0,
3.0,
0.0,
0.0,
0.0,
0.0,
0.0,
12.0,
0.0,
0.0,
1.0,
0.0,
0.0,
0.0,
14.0,
0.0,
0.0,
0.0,
3.0,
2.0,
0.0,
0.0,
4.0,
6.0,
0.0,
0.0,
0.0,
2.0,
8.0,
9.0,
1.0,
0.0,
0.0,
0.0,
0.0,
0.0,
5.0,
12.0,
3.0,
0.0,
14.0,
63.0,
106.0,
122.0,
110.0,
128.0,
190.0,
254.0,
255.0,
247.0,
218.0,
102.0,
66.0,
13.0,
0.0,
0.0,
0.0,
0.0,
1.0,
0.0,
0.0,
0.0,
0.0,
0.0,
2.0,
0.0,
0.0,
85.0,
204.0,
255.0,
251.0,
255.0,
249.0,
250.0,
254.0,
251.0,
244.0,
249.0,
255.0,
255.0,
203.0,
89.0,
13.0,
4.0,
4.0,
0.0,
2.0,
0.0,
0.0,
0.0,
0.0,
11.0,
0.0,
1.0,
0.0,
82.0,
248.0,
250.0,
255.0,
245.0,
255.0,
251.0,
252.0,
255.0,
250.0,
240.0,
255.0,
251.0,
242.0,
254.0,
144.0,
0.0,
9.0,
0.0,
0.0,
0.0,
0.0,
0.0,
0.0,
0.0,
0.0,
5.0,
1.0,
94.0,
255.0,
255.0,
229.0,
237.0,
201.0,
124.0,
70.0,
73.0,
94.0,
142.0,
207.0,
255.0,
255.0,
255.0,
205.0,
38.0,
0.0,
0.0,
6.0,
0.0,
0.0,
0.0,
0.0,
0.0,
13.0,
4.0,
0.0,
36.0,
139.0,
124.0,
69.0,
0.0,
8.0,
3.0,
4.0,
12.0,
0.0,
0.0,
5.0,
155.0,
243.0,
253.0,
255.0,
126.0,
1.0,
0.0,
0.0,
0.0,
0.0,
0.0,
0.0,
0.0,
9.0,
0.0,
0.0,
0.0,
15.0,
11.0,
0.0,
0.0,
1.0,
0.0,
0.0,
6.0,
0.0,
0.0,
5.0,
25.0,
201.0,
249.0,
255.0,
195.0,
13.0,
0.0,
0.0,
0.0,
0.0,
0.0,
0.0,
0.0,
0.0,
0.0,
8.0,
6.0,
0.0,
2.0,
7.0,
4.0,
5.0,
2.0,
1.0,
3.0,
0.0,
0.0,
3.0,
0.0,
151.0,
253.0,
247.0,
200.0,
1.0,
0.0,
2.0,
0.0,
0.0,
0.0,
0.0,
1.0,
0.0,
0.0,
0.0,
3.0,
0.0,
2.0,
0.0,
0.0,
0.0,
0.0,
0.0,
0.0,
2.0,
5.0,
6.0,
7.0,
112.0,
254.0,
255.0,
185.0,
0.0,
14.0,
0.0,
0.0,
0.0,
0.0,
0.0,
3.0,
0.0,
3.0,
0.0,
6.0,
6.0,
8.0,
0.0,
9.0,
4.0,
5.0,
3.0,
0.0,
0.0,
0.0,
0.0,
6.0,
140.0,
252.0,
255.0,
187.0,
0.0,
10.0,
0.0,
0.0,
0.0,
0.0,
0.0,
5.0,
0.0,
8.0,
0.0,
7.0,
0.0,
0.0,
0.0,
0.0,
0.0,
0.0,
0.0,
0.0,
1.0,
6.0,
0.0,
6.0,
216.0,
253.0,
245.0,
191.0,
14.0,
0.0,
0.0,
0.0,
0.0,
0.0,
0.0,
0.0,
0.0,
0.0,
0.0,
0.0,
0.0,
0.0,
0.0,
2.0,
0.0,
12.0,
0.0,
4.0,
2.0,
0.0,
0.0,
88.0,
247.0,
255.0,
243.0,
58.0,
3.0,
0.0,
7.0,
0.0,
0.0,
0.0,
0.0,
0.0,
0.0,
0.0,
0.0,
0.0,
0.0,
0.0,
0.0,
3.0,
0.0,
6.0,
0.0,
3.0,
5.0,
2.0,
23.0,
205.0,
247.0,
250.0,
179.0,
0.0,
0.0,
0.0,
0.0,
0.0,
0.0,
0.0,
0.0,
0.0,
0.0,
0.0,
0.0,
0.0,
0.0,
0.0,
0.0,
0.0,
4.0,
5.0,
0.0,
0.0,
0.0,
0.0,
87.0,
253.0,
255.0,
252.0,
133.0,
0.0,
6.0,
0.0,
3.0,
0.0,
0.0,
0.0,
0.0,
0.0,
0.0,
0.0,
0.0,
0.0,
0.0,
0.0,
0.0,
1.0,
0.0,
4.0,
9.0,
1.0,
21.0,
70.0,
246.0,
255.0,
228.0,
220.0,
20.0,
19.0,
0.0,
0.0,
2.0,
0.0,
0.0,
0.0,
0.0,
0.0,
0.0,
0.0,
0.0,
0.0,
0.0,
0.0,
0.0,
6.0,
0.0,
11.0,
0.0,
0.0,
183.0,
255.0,
235.0,
255.0,
249.0,
3.0,
15.0,
0.0,
0.0,
17.0,
0.0,
0.0,
0.0,
0.0,
0.0,
0.0,
0.0,
0.0,
0.0,
0.0,
0.0,
0.0,
0.0,
6.0,
0.0,
2.0,
80.0,
191.0,
253.0,
243.0,
255.0,
231.0,
77.0,
0.0,
0.0,
0.0,
9.0,
3.0,
4.0,
0.0,
0.0,
0.0,
0.0,
0.0,
0.0,
0.0,
0.0,
0.0,
0.0,
0.0,
0.0,
0.0,
35.0,
168.0,
255.0,
242.0,
248.0,
255.0,
214.0,
82.0,
0.0,
0.0,
10.0,
0.0,
4.0,
0.0,
0.0,
0.0,
0.0,
0.0,
0.0,
0.0,
0.0,
0.0,
0.0,
0.0,
0.0,
0.0,
0.0,
27.0,
201.0,
255.0,
231.0,
255.0,
255.0,
216.0,
87.0,
0.0,
12.0,
0.0,
5.0,
0.0,
0.0,
9.0,
1.0,
0.0,
0.0,
0.0,
0.0,
0.0,
0.0,
0.0,
0.0,
0.0,
0.0,
0.0,
0.0,
102.0,
234.0,
255.0,
255.0,
244.0,
150.0,
62.0,
5.0,
0.0,
0.0,
0.0,
0.0,
0.0,
0.0,
0.0,
0.0,
0.0,
0.0,
0.0,
0.0,
0.0,
0.0,
0.0,
0.0,
0.0,
0.0,
0.0,
0.0,
7.0,
225.0,
255.0,
151.0,
43.0,
0.0,
8.0,
0.0,
0.0,
0.0,
0.0,
0.0,
0.0,
0.0,
0.0,
0.0,
0.0,
0.0,
0.0,
0.0,
0.0,
0.0,
0.0,
0.0,
0.0,
0.0,
0.0,
0.0,
0.0,
13.0,
0.0,
0.0,
8.0,
1.0,
5.0,
0.0,
0.0,
0.0,
0.0,
0.0,
0.0,
0.0,
0.0,
0.0,
0.0,
0.0,
0.0,
0.0,
0.0,
0.0,
0.0,
0.0,
0.0,
0.0,
0.0,
0.0,
11.0,
12.0,
0.0,
8.0,
5.0,
0.0,
0.0,
9.0,
0.0,
0.0,
0.0,
0.0,
0.0,
0.0,
0.0,
0.0,
0.0,
0.0,
0.0,
0.0,
