0.0,
0.0,
0.0,
0.0,
0.0,
0.0,
0.0,
0.0,
7.0,
2.0,
0.0,
0.0,
0.0,
0.0,
3.0,
0.0,
0.0,
0.0,
9.0,
4.0,
0.0,
2.0,
12.0,
0.0,
0.0,
0.0,
0.0,
0.0,
0.0,
0.0,
0.0,
0.0,
0.0,
0.0,
0.0,
0.0,
0.0,
0.0,
8.0,
8.0,
14.0,
1.0,
0.0,
9.0,
4.0,
0.0,
0.0,
0.0,
4.0,
7.0,
2.0,
0.0,
0.0,
0.0,
0.0,
0.0,
0.0,
0.0,
0.0,
0.0,
0.0,
0.0,
0.0,
0.0,
2.0,
6.0,
0.0,
0.0,
0.0,
0.0,
8.0,
0.0,
0.0,
7.0,
0.0,
1.0,
12.0,
0.0,
0.0,
1.0,
0.0,
0.0,
0.0,
0.0,
0.0,
0.0,
0.0,
0.0,
0.0,
0.0,
0.0,
0.0,
0.0,
9.0,
13.0,
13.0,
12.0,
0.0,
0.0,
10.0,
4.0,
4.0,
0.0,
0.0,
0.0,
0.0,
0.0,
5.0,
0.0,
0.0,
0.0,
0.0,
0.0,
0.0,
0.0,
0.0,
0.0,
0.0,
0.0,
0.0,
0.0,
0.0,
7.0,
0.0,
0.0,
22.0,
0.0,
5.0,
0.0,
0.0,
6.0,
10.0,
2.0,
13.0,
16.0,
0.0,
0.0,
0.0,
0.0,
0.0,
0.0,
0.0,
0.0,
0.0,
0.0,
0.0,
0.0,
0.0,
4.0,
5.0,
0.0,
16.0,
7.0,
0.0,
9.0,
0.0,
0.0,
0.0,
7.0,
5.0,
0.0,
0.0,
0.0,
0.0,
0.0,
0.0,
0.0,
0.0,
0.0,
0.0,
0.0,
0.0,
0.0,
0.0,
0.0,
0.0,
0.0,
1.0,
112.0,
210.0,
161.0,
0.0,
0.0,
15.0,
6.0,
4.0,
0.0,
0.0,
24.0,
8.0,
0.0,
9.0,
0.0,
0.0,
0.0,
0.0,
0.0,
0.0,
0.0,
0.0,
0.0,
0.0,
0.0,
0.0,
4.0,
0.0,
255.0,
252.0,
238.0,
143.0,
13.0,
0.0,
0.0,
9.0,
14.0,
101.0,
209.0,
149.0,
19.0,
0.0,
0.0,
0.0,
0.0,
0.0,
3.0,
0.0,
5.0,
0.0,
0.0,
4.0,
11.0,
0.0,
35.0,
176.0,
252.0,
255.0,
243.0,
234.0,
250.0,
228.0,
237.0,
194.0,
235.0,
239.0,
255.0,
254.0,
117.0,
0.0,
0.0,
0.0,
0.0,
0.0,
0.0,
0.0,
5.0,
12.0,
3.0,
0.0,
0.0,
47.0,
235.0,
235.0,
255.0,
247.0,
255.0,
255.0,
239.0,
251.0,
235.0,
255.0,
247.0,
255.0,
253.0,
255.0,
116.0,
8.0,
0.0,
0.0,
0.0,
0.0,
7.0,
0.0,
0.0,
3.0,
3.0,
0.0,
20.0,
203.0,
238.0,
255.0,
255.0,
197.0,
152.0,
154.0,
143.0,
163.0,
106.0,
71.0,
174.0,
238.0,
251.0,
215.0,
39.0,
0.0,
0.0,
0.0,
0.0,
0.0,
2.0,
4.0,
0.0,
3.0,
6.0,
0.0,
4.0,
244.0,
255.0,
254.0,
144.0,
38.0,
0.0,
0.0,
12.0,
0.0,
14.0,
13.0,
229.0,
255.0,
255.0,
100.0,
0.0,
13.0,
0.0,
0.0,
0.0,
0.0,
0.0,
9.0,
0.0,
0.0,
3.0,
0.0,
0.0,
211.0,
255.0,
162.0,
22.0,
0.0,
2.0,
0.0,
12.0,
4.0,
0.0,
119.0,
244.0,
255.0,
206.0,
23.0,
0.0,
6.0,
0.0,
0.0,
0.0,
0.0,
0.0,
7.0,
0.0,
0.0,
0.0,
7.0,
0.0,
135.0,
56.0,
0.0,
0.0,
4.0,
16.0,
1.0,
0.0,
41.0,
230.0,
255.0,
245.0,
210.0,
21.0,
0.0,
7.0,
0.0,
0.0,
0.0,
0.0,
0.0,
0.0,
0.0,
6.0,
7.0,
3.0,
0.0,
0.0,
4.0,
3.0,
0.0,
11.0,
2.0,
0.0,
0.0,
13.0,
88.0,
255.0,
236.0,
244.0,
170.0,
0.0,
11.0,
0.0,
0.0,
0.0,
0.0,
0.0,
0.0,
8.0,
0.0,
0.0,
0.0,
0.0,
5.0,
7.0,
0.0,
0.0,
11.0,
0.0,
3.0,
2.0,
24.0,
148.0,
253.0,
249.0,
255.0,
167.0,
1.0,
7.0,
0.0,
0.0,
8.0,
0.0,
0.0,
0.0,
0.0,
0.0,
0.0,
0.0,
0.0,
0.0,
0.0,
0.0,
0.0,
0.0,
5.0,
9.0,
0.0,
0.0,
207.0,
236.0,
255.0,
253.0,
220.0,
56.0,
0.0,
8.0,
5.0,
0.0,
2.0,
0.0,
0.0,
0.0,
0.0,
0.0,
0.0,
0.0,
0.0,
0.0,
0.0,
0.0,
0.0,
15.0,
0.0,
6.0,
21.0,
101.0,
241.0,
250.0,
255.0,
209.0,
50.0,
0.0,
14.0,
0.0,
0.0,
14.0,
0.0,
0.0,
0.0,
0.0,
0.0,
0.0,
0.0,
0.0,
0.0,
0.0,
0.0,
0.0,
0.0,
0.0,
5.0,
0.0,
79.0,
247.0,
249.0,
255.0,
206.0,
72.0,
0.0,
0.0,
9.0,
0.0,
2.0,
2.0,
3.0,
0.0,
0.0,
0.0,
0.0,
0.0,
0.0,
0.0,
0.0,
0.0,
0.0,
0.0,
0.0,
10.0,
0.0,
51.0,
210.0,
248.0,
247.0,
204.0,
46.0,
0.0,
12.0,
15.0,
0.0,
3.0,
3.0,
0.0,
13.0,
0.0,
0.0,
0.0,
0.0,
0.0,
0.0,
0.0,
0.0,
0.0,
0.0,
0.0,
0.0,
0.0,
3.0,
153.0,
255.0,
248.0,
255.0,
30.0,
0.0,
0.0,
10.0,
0.0,
3.0,
11.0,
0.0,
0.0,
0.0,
0.0,
0.0,
0.0,
0.0,
0.0,
0.0,
0.0,
0.0,
0.0,
0.0,
0.0,
0.0,
0.0,
29.0,
237.0,
255.0,
252.0,
167.0,
7.0,
2.0,
7.0,
5.0,
0.0,
0.0,
6.0,
0.0,
11.0,
0.0,
0.0,
0.0,
0.0,
0.0,
0.0,
0.0,
0.0,
0.0,
0.0,
0.0,
0.0,
0.0,
29.0,
184.0,
255.0,
235.0,
208.0,
30.0,
0.0,
2.0,
0.0,
10.0,
0.0,
0.0,
0.0,
2.0,
2.0,
1.0,
0.0,
0.0,
0.0,
0.0,
0.0,
0.0,
0.0,
0.0,
0.0,
0.0,
0.0,
0.0,
64.0,
255.0,
249.0,
255.0,
61.0,
0.0,
0.0,
1.0,
12.0,
0.0,
9.0,
7.0,
0.0,
7.0,
0.0,
0.0,
0.0,
0.0,
0.0,
0.0,
0.0,
0.0,
0.0,
0.0,
0.0,
0.0,
0.0,
0.0,
164.0,
255.0,
255.0,
150.0,
23.0,
0.0,
2.0,
5.0,
0.0,
0.0,
0.0,
0.0,
0.0,
0.0,
0.0,
0.0,
0.0,
0.0,
0.0,
0.0,
0.0,
0.0,
0.0,
0.0,
0.0,
0.0,
0.0,
0.0,
178.0,
244.0,
211.0,
66.0,
0.0,
8.0,
20.0,
0.0,
0.0,
0.0,
0.0,
0.0,
0.0,
0.0,
0.0,
0.0,
0.0,
0.0,
0.0,
0.0,
0.0,
0.0,
0.0,
0.0,
0.0,
0.0,
0.0,
0.0,
4.0,
0.0,
0.0,
4.0,
2.0,
0.0,
0.0,
11.0,
0.0,
0.0,
0.0,
0.0,
0.0,
0.0,
0.0,
0.0,
0.0,
0.0,
0.0,
0.0,
0.0,
0.0,
0.0,
0.0,
0.0,
0.0,
0.0,
0.0,
0.0,
0.0,
0.0,
1.0,
2.0,
0.0,
0.0,
0.0,
0.0,
0.0,
0.0,
0.0,
0.0,
0.0,
0.0,
0.0,
0.0,
0.0,
0.0,
0.0,
