0.0,
0.0,
0.0,
0.0,
0.0,
0.0,
0.0,
0.0,
0.0,
0.0,
0.0,
0.0,
5.0,
0.0,
0.0,
6.0,
2.0,
0.0,
0.0,
0.0,
10.0,
0.0,
3.0,
2.0,
0.0,
0.0,
0.0,
0.0,
0.0,
0.0,
0.0,
0.0,
0.0,
0.0,
0.0,
0.0,
0.0,
9.0,
9.0,
0.0,
0.0,
0.0,
0.0,
0.0,
0.0,
17.0,
3.0,
9.0,
0.0,
10.0,
0.0,
0.0,
0.0,
0.0,
0.0,
0.0,
0.0,
0.0,
0.0,
0.0,
0.0,
0.0,
0.0,
0.0,
0.0,
0.0,
1.0,
6.0,
5.0,
9.0,
8.0,
0.0,
7.0,
0.0,
0.0,
0.0,
6.0,
0.0,
0.0,
0.0,
0.0,
0.0,
0.0,
0.0,
0.0,
0.0,
0.0,
0.0,
0.0,
0.0,
0.0,
0.0,
11.0,
0.0,
0.0,
7.0,
2.0,
0.0,
0.0,
0.0,
0.0,
2.0,
22.0,
0.0,
0.0,
0.0,
9.0,
2.0,
0.0,
0.0,
0.0,
0.0,
0.0,
0.0,
0.0,
0.0,
0.0,
0.0,
0.0,
0.0,
8.0,
2.0,
3.0,
3.0,
0.0,
0.0,
2.0,
13.0,
7.0,
2.0,
0.0,
13.0,
0.0,
7.0,
0.0,
1.0,
0.0,
0.0,
0.0,
0.0,
0.0,
0.0,
0.0,
0.0,
0.0,
0.0,
0.0,
0.0,
0.0,
6.0,
1.0,
0.0,
10.0,
16.0,
1.0,
0.0,
0.0,
0.0,
0.0,
3.0,
0.0,
3.0,
0.0,
0.0,
0.0,
0.0,
0.0,
0.0,
0.0,
0.0,
0.0,
0.0,
0.0,
0.0,
0.0,
0.0,
0.0,
8.0,
0.0,
0.0,
9.0,
0.0,
0.0,
10.0,
23.0,
127.0,
174.0,
50.0,
0.0,
0.0,
24.0,
0.0,
0.0,
0.0,
0.0,
0.0,
0.0,
0.0,
0.0,
0.0,
0.0,
0.0,
0.0,
0.0,
0.0,
9.0,
0.0,
2.0,
9.0,
0.0,
37.0,
167.0,
226.0,
255.0,
255.0,
190.0,
67.0,
5.0,
0.0,
5.0,
0.0,
0.0,
0.0,
0.0,
0.0,
0.0,
0.0,
0.0,
0.0,
0.0,
0.0,
0.0,
0.0,
64.0,
152.0,
171.0,
223.0,
213.0,
238.0,
248.0,
255.0,
248.0,
255.0,
249.0,
78.0,
1.0,
0.0,
1.0,
0.0,
0.0,
0.0,
0.0,
0.0,
0.0,
0.0,
0.0,
0.0,
0.0,
0.0,
0.0,
14.0,
161.0,
255.0,
250.0,
248.0,
255.0,
255.0,
203.0,
171.0,
255.0,
255.0,
255.0,
2.0,
0.0,
7.0,
0.0,
0.0,
0.0,
0.0,
0.0,
0.0,
0.0,
0.0,
0.0,
0.0,
0.0,
0.0,
0.0,
0.0,
51.0,
124.0,
169.0,
160.0,
112.0,
87.0,
37.0,
51.0,
245.0,
255.0,
182.0,
3.0,
15.0,
0.0,
4.0,
0.0,
0.0,
0.0,
0.0,
0.0,
0.0,
0.0,
0.0,
0.0,
0.0,
0.0,
0.0,
16.0,
4.0,
0.0,
0.0,
15.0,
16.0,
0.0,
1.0,
116.0,
249.0,
236.0,
34.0,
0.0,
1.0,
0.0,
4.0,
0.0,
0.0,
0.0,
0.0,
0.0,
0.0,
0.0,
0.0,
0.0,
0.0,
0.0,
0.0,
0.0,
0.0,
9.0,
0.0,
0.0,
1.0,
0.0,
76.0,
245.0,
255.0,
167.0,
6.0,
0.0,
5.0,
19.0,
2.0,
0.0,
0.0,
0.0,
0.0,
0.0,
0.0,
0.0,
0.0,
0.0,
0.0,
0.0,
0.0,
18.0,
0.0,
10.0,
0.0,
3.0,
0.0,
46.0,
236.0,
245.0,
236.0,
36.0,
13.0,
0.0,
0.0,
0.0,
0.0,
0.0,
0.0,
0.0,
0.0,
0.0,
0.0,
0.0,
0.0,
0.0,
0.0,
0.0,
0.0,
0.0,
0.0,
5.0,
0.0,
5.0,
17.0,
137.0,
249.0,
255.0,
207.0,
1.0,
7.0,
2.0,
8.0,
0.0,
21.0,
0.0,
0.0,
0.0,
0.0,
0.0,
0.0,
0.0,
0.0,
0.0,
0.0,
0.0,
0.0,
3.0,
3.0,
0.0,
0.0,
7.0,
42.0,
220.0,
255.0,
218.0,
62.0,
4.0,
0.0,
2.0,
11.0,
0.0,
2.0,
0.0,
0.0,
0.0,
0.0,
0.0,
0.0,
0.0,
0.0,
0.0,
0.0,
0.0,
0.0,
0.0,
1.0,
0.0,
1.0,
0.0,
119.0,
241.0,
255.0,
39.0,
14.0,
0.0,
0.0,
5.0,
2.0,
0.0,
0.0,
0.0,
0.0,
0.0,
0.0,
0.0,
0.0,
0.0,
0.0,
0.0,
0.0,
0.0,
0.0,
5.0,
13.0,
0.0,
2.0,
61.0,
205.0,
255.0,
182.0,
17.0,
3.0,
0.0,
0.0,
2.0,
0.0,
0.0,
3.0,
0.0,
0.0,
0.0,
0.0,
0.0,
0.0,
0.0,
0.0,
0.0,
0.0,
0.0,
0.0,
0.0,
3.0,
0.0,
39.0,
178.0,
250.0,
255.0,
59.0,
0.0,
0.0,
0.0,
3.0,
1.0,
0.0,
0.0,
6.0,
0.0,
0.0,
0.0,
0.0,
0.0,
0.0,
0.0,
0.0,
0.0,
0.0,
0.0,
0.0,
0.0,
10.0,
0.0,
151.0,
255.0,
255.0,
185.0,
4.0,
0.0,
0.0,
2.0,
5.0,
2.0,
0.0,
0.0,
4.0,
0.0,
0.0,
0.0,
0.0,
0.0,
0.0,
0.0,
0.0,
0.0,
0.0,
0.0,
0.0,
0.0,
7.0,
8.0,
239.0,
244.0,
255.0,
69.0,
7.0,
5.0,
2.0,
1.0,
2.0,
1.0,
0.0,
0.0,
1.0,
0.0,
0.0,
0.0,
0.0,
0.0,
0.0,
0.0,
0.0,
0.0,
0.0,
0.0,
0.0,
0.0,
5.0,
124.0,
253.0,
247.0,
217.0,
4.0,
0.0,
3.0,
0.0,
0.0,
0.0,
0.0,
1.0,
1.0,
0.0,
0.0,
0.0,
0.0,
0.0,
0.0,
0.0,
0.0,
0.0,
0.0,
0.0,
0.0,
0.0,
2.0,
80.0,
245.0,
255.0,
247.0,
116.0,
9.0,
0.0,
0.0,
0.0,
0.0,
0.0,
0.0,
1.0,
0.0,
0.0,
0.0,
0.0,
0.0,
0.0,
0.0,
0.0,
0.0,
0.0,
0.0,
0.0,
0.0,
0.0,
3.0,
173.0,
252.0,
255.0,
175.0,
6.0,
5.0,
0.0,
0.0,
2.0,
4.0,
3.0,
0.0,
0.0,
0.0,
0.0,
0.0,
0.0,
0.0,
0.0,
0.0,
0.0,
0.0,
0.0,
0.0,
0.0,
0.0,
0.0,
17.0,
146.0,
255.0,
242.0,
93.0,
5.0,
0.0,
0.0,
0.0,
0.0,
0.0,
0.0,
0.0,
0.0,
0.0,
0.0,
0.0,
0.0,
0.0,
0.0,
0.0,
0.0,
0.0,
0.0,
0.0,
0.0,
0.0,
0.0,
0.0,
109.0,
227.0,
199.0,
63.0,
0.0,
0.0,
13.0,
0.0,
0.0,
0.0,
0.0,
0.0,
0.0,
0.0,
0.0,
0.0,
0.0,
0.0,
0.0,
0.0,
0.0,
0.0,
0.0,
0.0,
0.0,
0.0,
0.0,
0.0,
0.0,
0.0,
0.0,
0.0,
3.0,
6.0,
0.0,
0.0,
0.0,
0.0,
0.0,
0.0,
0.0,
0.0,
0.0,
0.0,
0.0,
0.0,
0.0,
0.0,
0.0,
0.0,
0.0,
0.0,
0.0,
0.0,
0.0,
2.0,
0.0,
0.0,
3.0,
0.0,
0.0,
9.0,
8.0,
0.0,
0.0,
0.0,
0.0,
0.0,
0.0,
0.0,
0.0,
0.0,
0.0,
0.0,
0.0,
