0.0,
0.0,
0.0,
0.0,
0.0,
0.0,
0.0,
0.0,
7.0,
0.0,
0.0,
0.0,
7.0,
0.0,
0.0,
11.0,
0.0,
0.0,
0.0,
0.0,
0.0,
0.0,
0.0,
1.0,
0.0,
0.0,
0.0,
0.0,
0.0,
0.0,
0.0,
0.0,
0.0,
0.0,
0.0,
0.0,
0.0,
2.0,
6.0,
4.0,
2.0,
0.0,
0.0,
0.0,
0.0,
0.0,
3.0,
8.0,
10.0,
8.0,
3.0,
0.0,
0.0,
0.0,
0.0,
0.0,
0.0,
0.0,
0.0,
0.0,
0.0,
0.0,
0.0,
0.0,
0.0,
0.0,
1.0,
0.0,
0.0,
0.0,
8.0,
3.0,
7.0,
0.0,
0.0,
0.0,
0.0,
0.0,
0.0,
0.0,
0.0,
0.0,
0.0,
0.0,
0.0,
0.0,
0.0,
0.0,
0.0,
0.0,
0.0,
0.0,
13.0,
0.0,
2.0,
6.0,
0.0,
0.0,
1.0,
0.0,
0.0,
1.0,
4.0,
7.0,
8.0,
7.0,
5.0,
3.0,
0.0,
0.0,
0.0,
0.0,
0.0,
0.0,
0.0,
0.0,
0.0,
0.0,
0.0,
0.0,
0.0,
0.0,
0.0,
0.0,
0.0,
2.0,
0.0,
0.0,
1.0,
3.0,
2.0,
0.0,
0.0,
0.0,
0.0,
0.0,
0.0,
0.0,
0.0,
0.0,
0.0,
0.0,
0.0,
0.0,
0.0,
0.0,
0.0,
0.0,
0.0,
13.0,
4.0,
0.0,
0.0,
10.0,
4.0,
0.0,
0.0,
0.0,
0.0,
0.0,
0.0,
1.0,
7.0,
12.0,
0.0,
0.0,
0.0,
0.0,
0.0,
0.0,
0.0,
0.0,
0.0,
0.0,
0.0,
0.0,
0.0,
6.0,
0.0,
0.0,
12.0,
0.0,
0.0,
14.0,
9.0,
5.0,
1.0,
1.0,
3.0,
1.0,
0.0,
0.0,
0.0,
0.0,
0.0,
0.0,
0.0,
0.0,
0.0,
0.0,
0.0,
0.0,
0.0,
0.0,
0.0,
14.0,
41.0,
109.0,
153.0,
102.0,
87.0,
162.0,
227.0,
171.0,
92.0,
28.0,
0.0,
0.0,
0.0,
3.0,
0.0,
0.0,
0.0,
0.0,
0.0,
3.0,
1.0,
2.0,
0.0,
0.0,
15.0,
186.0,
235.0,
239.0,
255.0,
245.0,
255.0,
248.0,
255.0,
251.0,
252.0,
255.0,
251.0,
242.0,
131.0,
4.0,
4.0,
0.0,
0.0,
0.0,
0.0,
0.0,
0.0,
0.0,
0.0,
4.0,
2.0,
2.0,
12.0,
139.0,
232.0,
218.0,
200.0,
142.0,
95.0,
41.0,
39.0,
43.0,
44.0,
129.0,
140.0,
253.0,
245.0,
50.0,
0.0,
5.0,
0.0,
0.0,
0.0,
0.0,
2.0,
0.0,
0.0,
1.0,
0.0,
2.0,
0.0,
57.0,
13.0,
4.0,
7.0,
0.0,
0.0,
0.0,
0.0,
0.0,
3.0,
0.0,
60.0,
245.0,
219.0,
67.0,
0.0,
9.0,
0.0,
0.0,
0.0,
0.0,
5.0,
0.0,
3.0,
0.0,
0.0,
1.0,
0.0,
1.0,
0.0,
0.0,
0.0,
0.0,
10.0,
9.0,
5.0,
0.0,
0.0,
14.0,
125.0,
255.0,
218.0,
5.0,
3.0,
0.0,
0.0,
0.0,
0.0,
0.0,
1.0,
0.0,
4.0,
0.0,
0.0,
7.0,
3.0,
0.0,
0.0,
8.0,
6.0,
0.0,
0.0,
0.0,
1.0,
0.0,
7.0,
46.0,
253.0,
255.0,
45.0,
1.0,
9.0,
9.0,
0.0,
0.0,
0.0,
0.0,
1.0,
0.0,
4.0,
0.0,
1.0,
0.0,
4.0,
0.0,
0.0,
5.0,
0.0,
0.0,
0.0,
6.0,
1.0,
0.0,
16.0,
209.0,
255.0,
165.0,
8.0,
0.0,
0.0,
0.0,
0.0,
0.0,
0.0,
0.0,
2.0,
3.0,
2.0,
0.0,
7.0,
0.0,
0.0,
0.0,
0.0,
0.0,
0.0,
7.0,
0.0,
5.0,
0.0,
7.0,
203.0,
252.0,
217.0,
10.0,
0.0,
0.0,
24.0,
1.0,
0.0,
0.0,
0.0,
0.0,
0.0,
1.0,
0.0,
0.0,
19.0,
0.0,
0.0,
9.0,
5.0,
0.0,
0.0,
16.0,
0.0,
0.0,
15.0,
73.0,
231.0,
255.0,
68.0,
0.0,
0.0,
2.0,
0.0,
0.0,
0.0,
0.0,
0.0,
0.0,
0.0,
0.0,
0.0,
0.0,
0.0,
0.0,
0.0,
0.0,
11.0,
0.0,
7.0,
11.0,
0.0,
5.0,
57.0,
217.0,
255.0,
117.0,
11.0,
0.0,
2.0,
2.0,
4.0,
0.0,
0.0,
0.0,
0.0,
0.0,
0.0,
0.0,
0.0,
0.0,
0.0,
0.0,
0.0,
0.0,
0.0,
10.0,
0.0,
0.0,
36.0,
22.0,
244.0,
255.0,
139.0,
40.0,
0.0,
0.0,
1.0,
0.0,
5.0,
1.0,
0.0,
0.0,
0.0,
0.0,
0.0,
0.0,
0.0,
0.0,
0.0,
0.0,
0.0,
0.0,
0.0,
15.0,
1.0,
15.0,
0.0,
208.0,
255.0,
168.0,
32.0,
0.0,
0.0,
6.0,
1.0,
0.0,
1.0,
1.0,
0.0,
0.0,
0.0,
0.0,
0.0,
0.0,
0.0,
0.0,
0.0,
0.0,
0.0,
0.0,
4.0,
0.0,
7.0,
12.0,
130.0,
255.0,
208.0,
19.0,
2.0,
0.0,
4.0,
12.0,
0.0,
0.0,
0.0,
1.0,
0.0,
0.0,
0.0,
0.0,
0.0,
0.0,
0.0,
0.0,
0.0,
0.0,
0.0,
0.0,
5.0,
0.0,
0.0,
131.0,
242.0,
214.0,
47.0,
4.0,
0.0,
0.0,
4.0,
3.0,
0.0,
0.0,
2.0,
2.0,
0.0,
0.0,
0.0,
0.0,
0.0,
0.0,
0.0,
0.0,
0.0,
0.0,
0.0,
0.0,
0.0,
12.0,
90.0,
244.0,
249.0,
38.0,
19.0,
0.0,
0.0,
0.0,
0.0,
0.0,
0.0,
2.0,
1.0,
0.0,
0.0,
0.0,
0.0,
0.0,
0.0,
0.0,
0.0,
0.0,
0.0,
0.0,
0.0,
0.0,
2.0,
51.0,
233.0,
228.0,
107.0,
1.0,
11.0,
0.0,
0.0,
6.0,
3.0,
0.0,
2.0,
3.0,
0.0,
0.0,
0.0,
0.0,
0.0,
0.0,
0.0,
0.0,
0.0,
0.0,
0.0,
0.0,
0.0,
0.0,
52.0,
220.0,
250.0,
171.0,
5.0,
0.0,
0.0,
5.0,
0.0,
5.0,
2.0,
0.0,
0.0,
0.0,
0.0,
4.0,
0.0,
0.0,
0.0,
0.0,
0.0,
7.0,
0.0,
0.0,
13.0,
0.0,
0.0,
36.0,
177.0,
255.0,
179.0,
17.0,
0.0,
8.0,
0.0,
3.0,
0.0,
0.0,
0.0,
0.0,
0.0,
0.0,
0.0,
0.0,
0.0,
0.0,
0.0,
0.0,
1.0,
0.0,
2.0,
18.0,
3.0,
0.0,
42.0,
176.0,
255.0,
159.0,
35.0,
0.0,
15.0,
0.0,
0.0,
13.0,
0.0,
0.0,
0.0,
0.0,
0.0,
0.0,
0.0,
0.0,
0.0,
0.0,
0.0,
0.0,
4.0,
0.0,
0.0,
0.0,
0.0,
35.0,
154.0,
255.0,
175.0,
46.0,
0.0,
0.0,
11.0,
0.0,
0.0,
5.0,
0.0,
0.0,
0.0,
0.0,
0.0,
0.0,
0.0,
0.0,
0.0,
0.0,
0.0,
0.0,
0.0,
0.0,
11.0,
0.0,
0.0,
7.0,
16.0,
0.0,
9.0,
0.0,
4.0,
6.0,
0.0,
0.0,
9.0,
0.0,
0.0,
0.0,
0.0,
0.0,
0.0,
0.0,
0.0,
0.0,
0.0,
0.0,
0.0,
0.0,
