0.0,
0.0,
1.0,
3.0,
3.0,
0.0,
0.0,
0.0,
9.0,
0.0,
0.0,
0.0,
6.0,
4.0,
2.0,
3.0,
0.0,
0.0,
0.0,
0.0,
2.0,
6.0,
0.0,
0.0,
0.0,
0.0,
0.0,
0.0,
0.0,
0.0,
0.0,
1.0,
2.0,
2.0,
3.0,
4.0,
7.0,
0.0,
9.0,
9.0,
0.0,
4.0,
0.0,
1.0,
7.0,
3.0,
1.0,
1.0,
0.0,
0.0,
0.0,
10.0,
0.0,
0.0,
0.0,
0.0,
1.0,
0.0,
0.0,
0.0,
0.0,
0.0,
0.0,
0.0,
0.0,
0.0,
4.0,
12.0,
0.0,
9.0,
0.0,
8.0,
0.0,
0.0,
0.0,
0.0,
1.0,
2.0,
0.0,
0.0,
0.0,
0.0,
0.0,
0.0,
0.0,
0.0,
0.0,
0.0,
0.0,
0.0,
1.0,
0.0,
0.0,
22.0,
0.0,
0.0,
12.0,
0.0,
0.0,
0.0,
0.0,
8.0,
6.0,
0.0,
0.0,
10.0,
4.0,
0.0,
0.0,
0.0,
0.0,
0.0,
0.0,
0.0,
1.0,
0.0,
0.0,
4.0,
4.0,
1.0,
0.0,
5.0,
0.0,
0.0,
14.0,
2.0,
7.0,
10.0,
0.0,
2.0,
4.0,
0.0,
0.0,
0.0,
4.0,
7.0,
0.0,
0.0,
0.0,
0.0,
0.0,
3.0,
2.0,
0.0,
0.0,
0.0,
0.0,
0.0,
3.0,
0.0,
17.0,
2.0,
0.0,
0.0,
0.0,
0.0,
9.0,
0.0,
0.0,
6.0,
9.0,
0.0,
0.0,
0.0,
0.0,
0.0,
0.0,
0.0,
0.0,
5.0,
2.0,
0.0,
0.0,
6.0,
11.0,
7.0,
0.0,
24.0,
0.0,
9.0,
6.0,
14.0,
0.0,
0.0,
0.0,
1.0,
1.0,
0.0,
0.0,
4.0,
9.0,
7.0,
0.0,
0.0,
0.0,
0.0,
0.0,
0.0,
1.0,
0.0,
11.0,
34.0,
50.0,
52.0,
56.0,
206.0,
48.0,
165.0,
253.0,
251.0,
245.0,
255.0,
240.0,
255.0,
236.0,
107.0,
5.0,
0.0,
3.0,
0.0,
0.0,
0.0,
0.0,
0.0,
2.0,
0.0,
39.0,
95.0,
106.0,
255.0,
245.0,
249.0,
249.0,
255.0,
251.0,
250.0,
245.0,
255.0,
244.0,
255.0,
249.0,
255.0,
254.0,
95.0,
0.0,
0.0,
0.0,
0.0,
0.0,
0.0,
0.0,
0.0,
0.0,
32.0,
199.0,
249.0,
255.0,
255.0,
250.0,
255.0,
244.0,
255.0,
245.0,
246.0,
252.0,
213.0,
165.0,
238.0,
236.0,
250.0,
251.0,
97.0,
1.0,
1.0,
0.0,
0.0,
0.0,
0.0,
0.0,
0.0,
2.0,
44.0,
245.0,
255.0,
69.0,
247.0,
169.0,
47.0,
43.0,
47.0,
44.0,
54.0,
54.0,
49.0,
22.0,
55.0,
224.0,
243.0,
250.0,
99.0,
3.0,
2.0,
0.0,
0.0,
0.0,
0.0,
0.0,
0.0,
6.0,
6.0,
18.0,
0.0,
18.0,
0.0,
0.0,
0.0,
9.0,
0.0,
0.0,
1.0,
0.0,
0.0,
0.0,
29.0,
227.0,
245.0,
253.0,
100.0,
3.0,
1.0,
0.0,
0.0,
0.0,
0.0,
0.0,
0.0,
0.0,
0.0,
0.0,
11.0,
0.0,
23.0,
0.0,
8.0,
0.0,
5.0,
0.0,
9.0,
15.0,
0.0,
12.0,
149.0,
240.0,
254.0,
255.0,
99.0,
2.0,
0.0,
0.0,
1.0,
0.0,
0.0,
0.0,
0.0,
5.0,
18.0,
0.0,
16.0,
0.0,
0.0,
18.0,
2.0,
3.0,
5.0,
0.0,
5.0,
0.0,
0.0,
17.0,
151.0,
250.0,
255.0,
254.0,
95.0,
0.0,
0.0,
0.0,
1.0,
0.0,
0.0,
0.0,
0.0,
0.0,
0.0,
13.0,
0.0,
3.0,
7.0,
6.0,
0.0,
2.0,
0.0,
0.0,
10.0,
0.0,
23.0,
99.0,
207.0,
251.0,
255.0,
248.0,
90.0,
0.0,
1.0,
1.0,
0.0,
0.0,
0.0,
0.0,
0.0,
0.0,
3.0,
2.0,
1.0,
0.0,
0.0,
0.0,
4.0,
3.0,
2.0,
0.0,
4.0,
2.0,
4.0,
80.0,
255.0,
247.0,
250.0,
241.0,
85.0,
0.0,
2.0,
2.0,
0.0,
0.0,
0.0,
0.0,
0.0,
0.0,
0.0,
0.0,
0.0,
0.0,
0.0,
0.0,
0.0,
0.0,
3.0,
0.0,
0.0,
0.0,
2.0,
101.0,
251.0,
250.0,
249.0,
142.0,
4.0,
0.0,
0.0,
8.0,
0.0,
0.0,
0.0,
0.0,
0.0,
0.0,
0.0,
0.0,
0.0,
0.0,
0.0,
0.0,
0.0,
0.0,
3.0,
0.0,
0.0,
0.0,
2.0,
101.0,
251.0,
250.0,
255.0,
151.0,
8.0,
0.0,
0.0,
3.0,
0.0,
0.0,
0.0,
0.0,
0.0,
0.0,
0.0,
0.0,
0.0,
0.0,
0.0,
0.0,
0.0,
0.0,
3.0,
0.0,
0.0,
0.0,
2.0,
101.0,
251.0,
244.0,
254.0,
150.0,
1.0,
0.0,
0.0,
0.0,
0.0,
0.0,
0.0,
0.0,
0.0,
0.0,
0.0,
0.0,
0.0,
0.0,
0.0,
0.0,
0.0,
0.0,
3.0,
0.0,
0.0,
0.0,
2.0,
101.0,
251.0,
255.0,
255.0,
153.0,
1.0,
1.0,
10.0,
0.0,
6.0,
0.0,
0.0,
0.0,
0.0,
0.0,
0.0,
0.0,
0.0,
0.0,
0.0,
0.0,
0.0,
0.0,
3.0,
0.0,
0.0,
0.0,
2.0,
101.0,
251.0,
254.0,
246.0,
147.0,
0.0,
0.0,
11.0,
0.0,
1.0,
0.0,
0.0,
0.0,
0.0,
0.0,
0.0,
0.0,
0.0,
0.0,
0.0,
0.0,
0.0,
0.0,
3.0,
0.0,
0.0,
0.0,
2.0,
101.0,
251.0,
247.0,
238.0,
164.0,
12.0,
0.0,
4.0,
0.0,
0.0,
0.0,
0.0,
0.0,
0.0,
0.0,
0.0,
0.0,
0.0,
0.0,
0.0,
0.0,
0.0,
0.0,
3.0,
0.0,
0.0,
0.0,
2.0,
101.0,
251.0,
254.0,
255.0,
220.0,
67.0,
6.0,
9.0,
2.0,
6.0,
0.0,
0.0,
0.0,
0.0,
0.0,
0.0,
0.0,
0.0,
0.0,
0.0,
0.0,
0.0,
0.0,
3.0,
0.0,
0.0,
0.0,
2.0,
101.0,
251.0,
243.0,
255.0,
252.0,
98.0,
7.0,
0.0,
0.0,
0.0,
0.0,
0.0,
0.0,
0.0,
0.0,
0.0,
0.0,
0.0,
0.0,
0.0,
0.0,
0.0,
3.0,
0.0,
6.0,
0.0,
3.0,
2.0,
51.0,
215.0,
255.0,
237.0,
253.0,
118.0,
0.0,
0.0,
0.0,
6.0,
0.0,
0.0,
0.0,
0.0,
0.0,
0.0,
0.0,
0.0,
0.0,
0.0,
0.0,
0.0,
4.0,
0.0,
6.0,
0.0,
0.0,
0.0,
20.0,
136.0,
242.0,
255.0,
243.0,
96.0,
5.0,
20.0,
0.0,
0.0,
0.0,
0.0,
0.0,
0.0,
0.0,
0.0,
0.0,
0.0,
0.0,
0.0,
0.0,
0.0,
2.0,
0.0,
7.0,
0.0,
0.0,
0.0,
0.0,
45.0,
220.0,
239.0,
163.0,
22.0,
0.0,
5.0,
0.0,
11.0,
0.0,
0.0,
0.0,
0.0,
0.0,
0.0,
0.0,
0.0,
0.0,
0.0,
0.0,
0.0,
0.0,
0.0,
7.0,
0.0,
0.0,
5.0,
0.0,
0.0,
0.0,
21.0,
7.0,
0.0,
10.0,
4.0,
0.0,
0.0,
0.0,
0.0,
0.0,
0.0,
