0.0,
0.0,
0.0,
0.0,
0.0,
0.0,
0.0,
0.0,
3.0,
0.0,
0.0,
7.0,
4.0,
0.0,
0.0,
0.0,
0.0,
0.0,
5.0,
0.0,
0.0,
4.0,
10.0,
0.0,
0.0,
0.0,
0.0,
0.0,
0.0,
0.0,
0.0,
0.0,
0.0,
0.0,
0.0,
0.0,
0.0,
4.0,
10.0,
0.0,
0.0,
0.0,
5.0,
6.0,
14.0,
0.0,
0.0,
0.0,
0.0,
5.0,
4.0,
0.0,
0.0,
0.0,
0.0,
0.0,
0.0,
0.0,
0.0,
0.0,
0.0,
0.0,
0.0,
0.0,
3.0,
9.0,
0.0,
0.0,
0.0,
0.0,
0.0,
0.0,
0.0,
0.0,
2.0,
9.0,
0.0,
0.0,
0.0,
0.0,
0.0,
0.0,
0.0,
0.0,
0.0,
0.0,
0.0,
0.0,
0.0,
0.0,
0.0,
0.0,
1.0,
0.0,
0.0,
0.0,
13.0,
11.0,
1.0,
5.0,
14.0,
0.0,
0.0,
0.0,
1.0,
6.0,
7.0,
0.0,
0.0,
0.0,
0.0,
0.0,
0.0,
0.0,
0.0,
0.0,
0.0,
0.0,
0.0,
0.0,
0.0,
9.0,
10.0,
3.0,
0.0,
0.0,
0.0,
1.0,
0.0,
0.0,
7.0,
9.0,
0.0,
0.0,
0.0,
0.0,
0.0,
0.0,
0.0,
0.0,
0.0,
0.0,
0.0,
0.0,
0.0,
0.0,
0.0,
0.0,
0.0,
0.0,
0.0,
0.0,
0.0,
9.0,
11.0,
0.0,
7.0,
0.0,
1.0,
1.0,
0.0,
0.0,
10.0,
15.0,
0.0,
0.0,
0.0,
0.0,
0.0,
0.0,
0.0,
0.0,
0.0,
0.0,
0.0,
0.0,
11.0,
0.0,
9.0,
77.0,
111.0,
132.0,
133.0,
103.0,
128.0,
61.0,
13.0,
9.0,
5.0,
0.0,
0.0,
0.0,
0.0,
0.0,
0.0,
0.0,
0.0,
0.0,
0.0,
0.0,
0.0,
0.0,
0.0,
0.0,
91.0,
33.0,
98.0,
227.0,
255.0,
248.0,
251.0,
247.0,
255.0,
241.0,
254.0,
250.0,
163.0,
47.0,
0.0,
2.0,
0.0,
0.0,
0.0,
0.0,
0.0,
0.0,
0.0,
0.0,
0.0,
0.0,
0.0,
0.0,
62.0,
226.0,
227.0,
255.0,
241.0,
250.0,
255.0,
243.0,
233.0,
255.0,
255.0,
225.0,
255.0,
201.0,
58.0,
1.0,
0.0,
0.0,
0.0,
0.0,
0.0,
0.0,
0.0,
0.0,
0.0,
0.0,
0.0,
0.0,
0.0,
240.0,
253.0,
171.0,
133.0,
60.0,
22.0,
34.0,
41.0,
21.0,
28.0,
121.0,
125.0,
252.0,
239.0,
117.0,
0.0,
0.0,
0.0,
0.0,
0.0,
0.0,
0.0,
0.0,
0.0,
0.0,
0.0,
0.0,
0.0,
49.0,
69.0,
10.0,
0.0,
0.0,
25.0,
4.0,
0.0,
4.0,
18.0,
0.0,
190.0,
252.0,
254.0,
239.0,
0.0,
0.0,
0.0,
0.0,
0.0,
0.0,
0.0,
0.0,
0.0,
0.0,
0.0,
0.0,
0.0,
0.0,
10.0,
0.0,
11.0,
0.0,
0.0,
0.0,
4.0,
0.0,
6.0,
215.0,
250.0,
254.0,
255.0,
248.0,
0.0,
0.0,
0.0,
0.0,
0.0,
0.0,
0.0,
0.0,
0.0,
0.0,
0.0,
0.0,
4.0,
7.0,
9.0,
0.0,
0.0,
6.0,
0.0,
17.0,
0.0,
40.0,
180.0,
245.0,
255.0,
255.0,
251.0,
219.0,
0.0,
0.0,
0.0,
0.0,
0.0,
0.0,
0.0,
0.0,
0.0,
0.0,
0.0,
0.0,
4.0,
4.0,
0.0,
7.0,
1.0,
0.0,
0.0,
21.0,
111.0,
242.0,
255.0,
250.0,
242.0,
249.0,
213.0,
69.0,
0.0,
0.0,
0.0,
0.0,
0.0,
0.0,
0.0,
0.0,
0.0,
0.0,
0.0,
0.0,
0.0,
18.0,
0.0,
0.0,
8.0,
12.0,
53.0,
165.0,
252.0,
241.0,
245.0,
255.0,
255.0,
219.0,
59.0,
0.0,
0.0,
0.0,
0.0,
0.0,
0.0,
0.0,
0.0,
0.0,
0.0,
0.0,
0.0,
0.0,
14.0,
0.0,
5.0,
13.0,
0.0,
96.0,
249.0,
254.0,
255.0,
242.0,
255.0,
245.0,
174.0,
56.0,
0.0,
7.0,
0.0,
0.0,
0.0,
0.0,
13.0,
0.0,
2.0,
8.0,
0.0,
1.0,
4.0,
0.0,
0.0,
3.0,
8.0,
46.0,
179.0,
255.0,
249.0,
248.0,
246.0,
255.0,
248.0,
146.0,
20.0,
0.0,
3.0,
0.0,
0.0,
0.0,
0.0,
0.0,
0.0,
0.0,
10.0,
0.0,
5.0,
0.0,
0.0,
6.0,
0.0,
0.0,
35.0,
196.0,
244.0,
251.0,
255.0,
250.0,
255.0,
153.0,
52.0,
5.0,
0.0,
6.0,
15.0,
0.0,
0.0,
0.0,
0.0,
0.0,
5.0,
7.0,
10.0,
3.0,
0.0,
15.0,
0.0,
0.0,
10.0,
71.0,
229.0,
254.0,
255.0,
243.0,
234.0,
250.0,
97.0,
29.0,
0.0,
2.0,
0.0,
0.0,
0.0,
2.0,
0.0,
0.0,
0.0,
0.0,
3.0,
0.0,
0.0,
2.0,
0.0,
0.0,
0.0,
45.0,
127.0,
255.0,
255.0,
241.0,
253.0,
255.0,
145.0,
43.0,
0.0,
0.0,
0.0,
9.0,
1.0,
0.0,
3.0,
0.0,
0.0,
0.0,
0.0,
0.0,
0.0,
0.0,
3.0,
0.0,
14.0,
0.0,
55.0,
199.0,
255.0,
252.0,
240.0,
245.0,
255.0,
91.0,
0.0,
0.0,
9.0,
1.0,
0.0,
0.0,
0.0,
8.0,
6.0,
0.0,
0.0,
0.0,
0.0,
0.0,
0.0,
10.0,
4.0,
4.0,
0.0,
109.0,
199.0,
255.0,
255.0,
226.0,
255.0,
203.0,
4.0,
4.0,
12.0,
2.0,
0.0,
0.0,
7.0,
7.0,
0.0,
0.0,
0.0,
4.0,
0.0,
0.0,
0.0,
0.0,
0.0,
3.0,
0.0,
7.0,
33.0,
221.0,
255.0,
234.0,
247.0,
240.0,
111.0,
7.0,
7.0,
0.0,
7.0,
0.0,
0.0,
0.0,
0.0,
0.0,
1.0,
0.0,
2.0,
13.0,
0.0,
0.0,
0.0,
0.0,
0.0,
1.0,
3.0,
0.0,
225.0,
247.0,
244.0,
255.0,
188.0,
41.0,
0.0,
7.0,
0.0,
1.0,
3.0,
1.0,
0.0,
9.0,
3.0,
0.0,
0.0,
2.0,
0.0,
0.0,
0.0,
0.0,
0.0,
0.0,
0.0,
11.0,
0.0,
7.0,
117.0,
240.0,
226.0,
128.0,
0.0,
0.0,
0.0,
0.0,
0.0,
0.0,
0.0,
0.0,
0.0,
0.0,
0.0,
0.0,
0.0,
0.0,
0.0,
0.0,
0.0,
0.0,
0.0,
0.0,
0.0,
0.0,
0.0,
0.0,
4.0,
34.0,
26.0,
0.0,
0.0,
0.0,
0.0,
0.0,
0.0,
0.0,
0.0,
0.0,
0.0,
0.0,
0.0,
0.0,
0.0,
0.0,
0.0,
0.0,
0.0,
0.0,
0.0,
0.0,
10.0,
8.0,
8.0,
8.0,
4.0,
0.0,
0.0,
2.0,
0.0,
0.0,
0.0,
0.0,
0.0,
0.0,
0.0,
0.0,
0.0,
0.0,
0.0,
0.0,
0.0,
0.0,
0.0,
0.0,
0.0,
0.0,
0.0,
0.0,
0.0,
0.0,
0.0,
0.0,
0.0,
3.0,
2.0,
0.0,
0.0,
0.0,
0.0,
0.0,
0.0,
0.0,
0.0,
0.0,
0.0,
0.0,
0.0,
0.0,
0.0,
0.0,
0.0,
0.0,
0.0,
0.0,
0.0,
0.0,
