1.0,
1.0,
1.0,
0.0,
0.0,
0.0,
0.0,
0.0,
0.0,
4.0,
9.0,
3.0,
0.0,
0.0,
2.0,
2.0,
0.0,
0.0,
2.0,
2.0,
2.0,
3.0,
0.0,
0.0,
0.0,
0.0,
0.0,
0.0,
1.0,
1.0,
1.0,
0.0,
0.0,
0.0,
0.0,
0.0,
9.0,
4.0,
0.0,
0.0,
0.0,
1.0,
3.0,
2.0,
4.0,
3.0,
2.0,
1.0,
0.0,
0.0,
0.0,
12.0,
0.0,
0.0,
0.0,
0.0,
1.0,
1.0,
0.0,
0.0,
0.0,
0.0,
0.0,
0.0,
0.0,
0.0,
0.0,
4.0,
10.0,
8.0,
2.0,
0.0,
1.0,
0.0,
0.0,
4.0,
3.0,
0.0,
0.0,
6.0,
0.0,
0.0,
0.0,
0.0,
0.0,
0.0,
0.0,
0.0,
0.0,
0.0,
0.0,
0.0,
10.0,
7.0,
5.0,
4.0,
0.0,
0.0,
0.0,
5.0,
5.0,
0.0,
0.0,
1.0,
6.0,
5.0,
0.0,
0.0,
0.0,
0.0,
0.0,
0.0,
0.0,
0.0,
0.0,
0.0,
0.0,
0.0,
0.0,
0.0,
0.0,
0.0,
0.0,
0.0,
0.0,
0.0,
0.0,
0.0,
3.0,
9.0,
6.0,
0.0,
0.0,
1.0,
3.0,
0.0,
0.0,
0.0,
0.0,
0.0,
0.0,
0.0,
0.0,
0.0,
0.0,
0.0,
1.0,
1.0,
2.0,
2.0,
0.0,
1.0,
8.0,
11.0,
5.0,
0.0,
0.0,
0.0,
6.0,
1.0,
0.0,
0.0,
3.0,
3.0,
0.0,
0.0,
0.0,
0.0,
0.0,
0.0,
0.0,
0.0,
0.0,
1.0,
1.0,
1.0,
0.0,
6.0,
6.0,
0.0,
0.0,
0.0,
0.0,
0.0,
20.0,
5.0,
0.0,
3.0,
7.0,
1.0,
0.0,
1.0,
0.0,
0.0,
0.0,
0.0,
0.0,
0.0,
0.0,
0.0,
0.0,
1.0,
1.0,
1.0,
88.0,
161.0,
235.0,
255.0,
255.0,
252.0,
241.0,
226.0,
124.0,
50.0,
0.0,
0.0,
7.0,
1.0,
0.0,
2.0,
0.0,
0.0,
0.0,
0.0,
3.0,
0.0,
6.0,
0.0,
0.0,
0.0,
20.0,
244.0,
227.0,
157.0,
143.0,
135.0,
113.0,
122.0,
172.0,
222.0,
245.0,
239.0,
66.0,
0.0,
3.0,
5.0,
4.0,
2.0,
0.0,
0.0,
0.0,
0.0,
3.0,
3.0,
0.0,
0.0,
0.0,
9.0,
24.0,
182.0,
29.0,
0.0,
0.0,
1.0,
3.0,
10.0,
2.0,
0.0,
136.0,
243.0,
94.0,
18.0,
0.0,
0.0,
0.0,
0.0,
0.0,
0.0,
0.0,
0.0,
0.0,
6.0,
3.0,
1.0,
3.0,
0.0,
0.0,
21.0,
0.0,
0.0,
2.0,
0.0,
0.0,
12.0,
0.0,
0.0,
162.0,
231.0,
46.0,
4.0,
0.0,
0.0,
1.0,
10.0,
0.0,
0.0,
0.0,
0.0,
0.0,
7.0,
0.0,
0.0,
1.0,
0.0,
0.0,
0.0,
0.0,
13.0,
8.0,
0.0,
0.0,
0.0,
0.0,
34.0,
237.0,
172.0,
0.0,
0.0,
1.0,
0.0,
0.0,
1.0,
0.0,
0.0,
0.0,
0.0,
0.0,
0.0,
0.0,
2.0,
5.0,
2.0,
17.0,
5.0,
0.0,
0.0,
0.0,
11.0,
13.0,
5.0,
0.0,
67.0,
253.0,
111.0,
11.0,
8.0,
17.0,
9.0,
3.0,
0.0,
0.0,
0.0,
0.0,
0.0,
0.0,
0.0,
3.0,
6.0,
3.0,
0.0,
0.0,
0.0,
14.0,
6.0,
0.0,
15.0,
0.0,
0.0,
2.0,
105.0,
248.0,
55.0,
0.0,
0.0,
0.0,
0.0,
5.0,
6.0,
0.0,
0.0,
0.0,
0.0,
10.0,
0.0,
4.0,
0.0,
0.0,
0.0,
12.0,
15.0,
0.0,
0.0,
0.0,
10.0,
0.0,
2.0,
21.0,
115.0,
243.0,
92.0,
44.0,
52.0,
46.0,
54.0,
48.0,
8.0,
0.0,
0.0,
0.0,
0.0,
0.0,
0.0,
14.0,
0.0,
6.0,
2.0,
0.0,
0.0,
0.0,
32.0,
68.0,
137.0,
164.0,
223.0,
221.0,
255.0,
255.0,
252.0,
245.0,
255.0,
250.0,
255.0,
182.0,
33.0,
0.0,
0.0,
0.0,
0.0,
0.0,
5.0,
0.0,
2.0,
8.0,
0.0,
16.0,
84.0,
238.0,
248.0,
247.0,
255.0,
255.0,
233.0,
181.0,
255.0,
189.0,
78.0,
81.0,
87.0,
45.0,
23.0,
0.0,
3.0,
0.0,
0.0,
0.0,
0.0,
0.0,
6.0,
0.0,
0.0,
6.0,
0.0,
0.0,
47.0,
78.0,
61.0,
38.0,
22.0,
1.0,
0.0,
55.0,
248.0,
144.0,
15.0,
0.0,
2.0,
0.0,
1.0,
0.0,
0.0,
0.0,
0.0,
0.0,
0.0,
0.0,
6.0,
0.0,
0.0,
5.0,
0.0,
0.0,
9.0,
21.0,
0.0,
0.0,
0.0,
0.0,
1.0,
64.0,
255.0,
114.0,
8.0,
0.0,
5.0,
0.0,
6.0,
6.0,
12.0,
0.0,
0.0,
0.0,
0.0,
0.0,
5.0,
0.0,
0.0,
6.0,
4.0,
0.0,
0.0,
0.0,
0.0,
17.0,
4.0,
7.0,
6.0,
89.0,
255.0,
69.0,
0.0,
0.0,
7.0,
0.0,
0.0,
0.0,
0.0,
0.0,
0.0,
0.0,
0.0,
0.0,
3.0,
1.0,
0.0,
2.0,
6.0,
1.0,
0.0,
2.0,
2.0,
10.0,
0.0,
0.0,
0.0,
121.0,
254.0,
61.0,
2.0,
0.0,
4.0,
5.0,
12.0,
11.0,
3.0,
0.0,
0.0,
0.0,
0.0,
0.0,
2.0,
2.0,
0.0,
0.0,
2.0,
2.0,
0.0,
8.0,
0.0,
0.0,
0.0,
10.0,
1.0,
159.0,
238.0,
19.0,
0.0,
0.0,
0.0,
0.0,
0.0,
2.0,
0.0,
0.0,
0.0,
0.0,
0.0,
1.0,
0.0,
0.0,
0.0,
0.0,
0.0,
3.0,
0.0,
0.0,
2.0,
4.0,
6.0,
0.0,
0.0,
200.0,
240.0,
0.0,
0.0,
8.0,
15.0,
0.0,
0.0,
0.0,
0.0,
0.0,
0.0,
0.0,
0.0,
3.0,
0.0,
0.0,
2.0,
0.0,
2.0,
5.0,
0.0,
0.0,
8.0,
0.0,
0.0,
7.0,
20.0,
228.0,
180.0,
3.0,
0.0,
0.0,
0.0,
1.0,
3.0,
10.0,
0.0,
0.0,
0.0,
0.0,
0.0,
0.0,
0.0,
0.0,
0.0,
0.0,
0.0,
0.0,
0.0,
3.0,
0.0,
0.0,
0.0,
3.0,
61.0,
255.0,
144.0,
0.0,
0.0,
0.0,
0.0,
0.0,
0.0,
0.0,
0.0,
0.0,
0.0,
0.0,
0.0,
0.0,
0.0,
0.0,
0.0,
0.0,
0.0,
0.0,
0.0,
4.0,
0.0,
15.0,
0.0,
0.0,
83.0,
234.0,
28.0,
0.0,
0.0,
0.0,
0.0,
0.0,
0.0,
0.0,
0.0,
0.0,
0.0,
0.0,
0.0,
0.0,
0.0,
0.0,
0.0,
0.0,
0.0,
0.0,
0.0,
0.0,
0.0,
4.0,
11.0,
13.0,
101.0,
181.0,
20.0,
0.0,
0.0,
0.0,
0.0,
0.0,
0.0,
0.0,
0.0,
0.0,
0.0,
0.0,
0.0,
0.0,
0.0,
0.0,
0.0,
0.0,
0.0,
0.0,
0.0,
14.0,
3.0,
0.0,
0.0,
0.0,
6.0,
10.0,
0.0,
0.0,
0.0,
0.0,
0.0,
0.0,
0.0,
0.0,
0.0,
0.0,
0.0,
0.0,
0.0,
