0.0,
0.0,
0.0,
0.0,
0.0,
0.0,
0.0,
0.0,
0.0,
1.0,
2.0,
0.0,
2.0,
6.0,
4.0,
0.0,
6.0,
0.0,
0.0,
4.0,
0.0,
0.0,
0.0,
8.0,
0.0,
0.0,
0.0,
0.0,
0.0,
0.0,
0.0,
0.0,
0.0,
0.0,
0.0,
0.0,
0.0,
3.0,
4.0,
0.0,
0.0,
0.0,
0.0,
0.0,
3.0,
0.0,
0.0,
1.0,
11.0,
12.0,
1.0,
0.0,
0.0,
0.0,
0.0,
0.0,
0.0,
0.0,
0.0,
0.0,
0.0,
0.0,
0.0,
0.0,
0.0,
4.0,
4.0,
0.0,
0.0,
0.0,
0.0,
1.0,
0.0,
7.0,
7.0,
0.0,
0.0,
0.0,
0.0,
0.0,
0.0,
0.0,
0.0,
0.0,
0.0,
0.0,
0.0,
0.0,
0.0,
0.0,
0.0,
0.0,
1.0,
2.0,
2.0,
0.0,
0.0,
2.0,
3.0,
2.0,
0.0,
2.0,
0.0,
0.0,
5.0,
6.0,
2.0,
8.0,
0.0,
0.0,
0.0,
0.0,
0.0,
0.0,
0.0,
0.0,
0.0,
0.0,
0.0,
0.0,
3.0,
0.0,
0.0,
0.0,
3.0,
3.0,
0.0,
0.0,
1.0,
0.0,
0.0,
4.0,
4.0,
0.0,
0.0,
0.0,
0.0,
0.0,
0.0,
0.0,
0.0,
0.0,
0.0,
0.0,
0.0,
0.0,
0.0,
0.0,
5.0,
0.0,
0.0,
0.0,
0.0,
0.0,
0.0,
0.0,
5.0,
0.0,
0.0,
4.0,
0.0,
0.0,
9.0,
10.0,
0.0,
0.0,
0.0,
0.0,
0.0,
0.0,
0.0,
0.0,
0.0,
0.0,
0.0,
0.0,
2.0,
0.0,
0.0,
0.0,
0.0,
0.0,
2.0,
13.0,
0.0,
0.0,
13.0,
8.0,
0.0,
0.0,
11.0,
0.0,
0.0,
0.0,
0.0,
0.0,
0.0,
0.0,
0.0,
0.0,
0.0,
0.0,
0.0,
0.0,
0.0,
0.0,
3.0,
2.0,
0.0,
0.0,
14.0,
35.0,
86.0,
169.0,
250.0,
186.0,
33.0,
0.0,
12.0,
6.0,
0.0,
0.0,
0.0,
0.0,
8.0,
0.0,
13.0,
3.0,
0.0,
6.0,
3.0,
29.0,
88.0,
100.0,
57.0,
17.0,
89.0,
127.0,
185.0,
255.0,
249.0,
255.0,
249.0,
249.0,
95.0,
7.0,
0.0,
0.0,
0.0,
0.0,
0.0,
0.0,
0.0,
0.0,
2.0,
0.0,
11.0,
0.0,
9.0,
188.0,
255.0,
249.0,
236.0,
252.0,
255.0,
245.0,
255.0,
248.0,
254.0,
252.0,
250.0,
172.0,
1.0,
0.0,
6.0,
0.0,
0.0,
0.0,
0.0,
0.0,
0.0,
12.0,
0.0,
0.0,
16.0,
0.0,
0.0,
154.0,
231.0,
176.0,
173.0,
246.0,
255.0,
255.0,
249.0,
176.0,
203.0,
254.0,
254.0,
64.0,
0.0,
5.0,
0.0,
3.0,
0.0,
0.0,
0.0,
0.0,
2.0,
0.0,
3.0,
0.0,
4.0,
10.0,
0.0,
6.0,
20.0,
0.0,
1.0,
25.0,
3.0,
18.0,
12.0,
11.0,
186.0,
255.0,
241.0,
5.0,
15.0,
7.0,
0.0,
1.0,
0.0,
0.0,
0.0,
0.0,
10.0,
0.0,
0.0,
11.0,
0.0,
1.0,
2.0,
0.0,
0.0,
3.0,
13.0,
9.0,
6.0,
11.0,
1.0,
113.0,
247.0,
251.0,
178.0,
7.0,
0.0,
0.0,
13.0,
0.0,
0.0,
0.0,
0.0,
0.0,
0.0,
0.0,
0.0,
0.0,
0.0,
0.0,
1.0,
17.0,
8.0,
0.0,
0.0,
0.0,
8.0,
0.0,
0.0,
153.0,
255.0,
246.0,
80.0,
7.0,
0.0,
0.0,
0.0,
5.0,
0.0,
0.0,
0.0,
0.0,
0.0,
16.0,
1.0,
0.0,
1.0,
4.0,
0.0,
0.0,
0.0,
3.0,
8.0,
7.0,
0.0,
0.0,
103.0,
250.0,
246.0,
205.0,
17.0,
0.0,
9.0,
11.0,
0.0,
8.0,
0.0,
0.0,
0.0,
0.0,
0.0,
1.0,
0.0,
4.0,
5.0,
0.0,
3.0,
0.0,
0.0,
0.0,
0.0,
4.0,
0.0,
13.0,
193.0,
255.0,
253.0,
142.0,
9.0,
0.0,
4.0,
4.0,
8.0,
0.0,
0.0,
0.0,
0.0,
0.0,
0.0,
0.0,
0.0,
0.0,
0.0,
0.0,
0.0,
0.0,
3.0,
0.0,
0.0,
14.0,
0.0,
4.0,
227.0,
254.0,
199.0,
0.0,
0.0,
8.0,
5.0,
0.0,
9.0,
0.0,
0.0,
0.0,
0.0,
0.0,
0.0,
0.0,
0.0,
0.0,
0.0,
0.0,
0.0,
0.0,
1.0,
7.0,
0.0,
0.0,
6.0,
68.0,
239.0,
249.0,
180.0,
3.0,
0.0,
0.0,
5.0,
0.0,
10.0,
0.0,
0.0,
0.0,
0.0,
0.0,
0.0,
0.0,
0.0,
0.0,
0.0,
0.0,
0.0,
0.0,
0.0,
12.0,
3.0,
0.0,
21.0,
184.0,
255.0,
255.0,
117.0,
1.0,
0.0,
0.0,
3.0,
0.0,
7.0,
0.0,
0.0,
0.0,
0.0,
0.0,
0.0,
0.0,
0.0,
0.0,
0.0,
0.0,
0.0,
0.0,
0.0,
2.0,
12.0,
0.0,
38.0,
255.0,
253.0,
221.0,
35.0,
0.0,
10.0,
0.0,
1.0,
0.0,
1.0,
0.0,
0.0,
0.0,
0.0,
0.0,
0.0,
0.0,
0.0,
0.0,
0.0,
0.0,
0.0,
0.0,
0.0,
0.0,
1.0,
4.0,
111.0,
255.0,
245.0,
99.0,
0.0,
0.0,
11.0,
0.0,
0.0,
0.0,
0.0,
0.0,
0.0,
0.0,
0.0,
0.0,
0.0,
0.0,
0.0,
0.0,
0.0,
0.0,
0.0,
0.0,
4.0,
2.0,
0.0,
29.0,
225.0,
240.0,
236.0,
1.0,
0.0,
1.0,
1.0,
0.0,
0.0,
5.0,
4.0,
0.0,
0.0,
0.0,
0.0,
0.0,
0.0,
0.0,
0.0,
0.0,
0.0,
0.0,
0.0,
0.0,
5.0,
2.0,
0.0,
57.0,
255.0,
245.0,
162.0,
0.0,
5.0,
3.0,
0.0,
0.0,
0.0,
3.0,
6.0,
0.0,
0.0,
0.0,
0.0,
0.0,
0.0,
0.0,
0.0,
0.0,
0.0,
0.0,
0.0,
0.0,
3.0,
0.0,
5.0,
67.0,
241.0,
255.0,
52.0,
1.0,
0.0,
0.0,
1.0,
11.0,
0.0,
0.0,
3.0,
0.0,
0.0,
0.0,
0.0,
0.0,
0.0,
0.0,
0.0,
0.0,
0.0,
0.0,
0.0,
0.0,
0.0,
4.0,
0.0,
122.0,
246.0,
251.0,
36.0,
6.0,
0.0,
0.0,
0.0,
0.0,
0.0,
0.0,
0.0,
0.0,
0.0,
0.0,
0.0,
0.0,
0.0,
0.0,
0.0,
0.0,
0.0,
0.0,
0.0,
0.0,
5.0,
0.0,
7.0,
124.0,
255.0,
253.0,
56.0,
0.0,
0.0,
0.0,
0.0,
0.0,
0.0,
0.0,
0.0,
0.0,
0.0,
0.0,
0.0,
0.0,
0.0,
0.0,
0.0,
0.0,
0.0,
0.0,
0.0,
0.0,
5.0,
0.0,
12.0,
60.0,
162.0,
130.0,
25.0,
0.0,
0.0,
0.0,
0.0,
0.0,
0.0,
0.0,
0.0,
0.0,
0.0,
0.0,
0.0,
0.0,
0.0,
0.0,
0.0,
0.0,
0.0,
0.0,
0.0,
0.0,
7.0,
0.0,
3.0,
0.0,
24.0,
0.0,
0.0,
1.0,
0.0,
0.0,
0.0,
0.0,
0.0,
0.0,
0.0,
0.0,
0.0,
0.0,
0.0,
0.0,
