0.0,
0.0,
0.0,
0.0,
0.0,
0.0,
0.0,
0.0,
0.0,
0.0,
0.0,
2.0,
4.0,
3.0,
0.0,
0.0,
13.0,
0.0,
0.0,
0.0,
0.0,
0.0,
0.0,
0.0,
0.0,
0.0,
0.0,
0.0,
0.0,
0.0,
0.0,
0.0,
0.0,
0.0,
0.0,
0.0,
4.0,
1.0,
0.0,
0.0,
0.0,
0.0,
0.0,
0.0,
0.0,
0.0,
6.0,
13.0,
11.0,
2.0,
0.0,
2.0,
0.0,
0.0,
0.0,
0.0,
0.0,
0.0,
0.0,
0.0,
0.0,
0.0,
0.0,
0.0,
0.0,
0.0,
3.0,
4.0,
3.0,
3.0,
6.0,
9.0,
1.0,
0.0,
0.0,
0.0,
0.0,
0.0,
0.0,
3.0,
0.0,
0.0,
0.0,
0.0,
0.0,
0.0,
0.0,
0.0,
0.0,
0.0,
0.0,
0.0,
0.0,
3.0,
5.0,
4.0,
1.0,
0.0,
0.0,
0.0,
3.0,
0.0,
0.0,
3.0,
8.0,
9.0,
7.0,
5.0,
0.0,
0.0,
0.0,
0.0,
0.0,
0.0,
0.0,
0.0,
0.0,
0.0,
0.0,
0.0,
3.0,
0.0,
0.0,
0.0,
0.0,
2.0,
4.0,
4.0,
3.0,
1.0,
0.0,
0.0,
0.0,
0.0,
0.0,
0.0,
0.0,
0.0,
0.0,
0.0,
0.0,
0.0,
0.0,
0.0,
0.0,
0.0,
0.0,
0.0,
0.0,
0.0,
0.0,
2.0,
1.0,
0.0,
0.0,
0.0,
0.0,
0.0,
4.0,
3.0,
0.0,
2.0,
6.0,
9.0,
0.0,
0.0,
0.0,
0.0,
0.0,
0.0,
0.0,
0.0,
0.0,
0.0,
0.0,
0.0,
1.0,
5.0,
6.0,
0.0,
0.0,
0.0,
0.0,
9.0,
8.0,
8.0,
3.0,
0.0,
0.0,
2.0,
0.0,
0.0,
0.0,
0.0,
0.0,
0.0,
0.0,
0.0,
0.0,
0.0,
0.0,
0.0,
0.0,
0.0,
5.0,
6.0,
2.0,
0.0,
1.0,
36.0,
91.0,
134.0,
248.0,
178.0,
79.0,
8.0,
0.0,
2.0,
7.0,
2.0,
0.0,
0.0,
0.0,
0.0,
8.0,
0.0,
0.0,
8.0,
0.0,
42.0,
186.0,
215.0,
255.0,
245.0,
167.0,
168.0,
240.0,
255.0,
255.0,
245.0,
248.0,
255.0,
151.0,
0.0,
3.0,
3.0,
1.0,
0.0,
0.0,
0.0,
0.0,
0.0,
0.0,
12.0,
8.0,
1.0,
8.0,
117.0,
255.0,
253.0,
252.0,
255.0,
255.0,
246.0,
245.0,
189.0,
116.0,
107.0,
239.0,
255.0,
133.0,
4.0,
0.0,
0.0,
0.0,
7.0,
0.0,
0.0,
0.0,
0.0,
0.0,
5.0,
0.0,
0.0,
0.0,
40.0,
110.0,
101.0,
105.0,
83.0,
63.0,
20.0,
5.0,
0.0,
0.0,
69.0,
246.0,
254.0,
78.0,
0.0,
3.0,
0.0,
2.0,
0.0,
0.0,
0.0,
0.0,
0.0,
10.0,
1.0,
0.0,
9.0,
4.0,
0.0,
0.0,
0.0,
0.0,
0.0,
6.0,
4.0,
12.0,
5.0,
8.0,
65.0,
245.0,
252.0,
31.0,
0.0,
6.0,
4.0,
3.0,
0.0,
0.0,
0.0,
0.0,
0.0,
0.0,
8.0,
1.0,
0.0,
0.0,
5.0,
12.0,
4.0,
0.0,
9.0,
0.0,
0.0,
2.0,
0.0,
1.0,
12.0,
222.0,
255.0,
22.0,
4.0,
0.0,
0.0,
0.0,
6.0,
0.0,
0.0,
0.0,
0.0,
0.0,
2.0,
1.0,
0.0,
0.0,
0.0,
3.0,
0.0,
0.0,
19.0,
0.0,
1.0,
3.0,
0.0,
8.0,
0.0,
209.0,
255.0,
20.0,
1.0,
0.0,
0.0,
0.0,
1.0,
0.0,
0.0,
0.0,
0.0,
6.0,
0.0,
4.0,
13.0,
6.0,
1.0,
0.0,
1.0,
0.0,
3.0,
4.0,
3.0,
3.0,
2.0,
2.0,
0.0,
200.0,
255.0,
26.0,
0.0,
3.0,
10.0,
1.0,
0.0,
0.0,
0.0,
0.0,
0.0,
9.0,
0.0,
0.0,
2.0,
0.0,
0.0,
1.0,
0.0,
7.0,
0.0,
3.0,
0.0,
0.0,
12.0,
0.0,
6.0,
180.0,
255.0,
52.0,
2.0,
0.0,
0.0,
0.0,
3.0,
0.0,
0.0,
0.0,
0.0,
0.0,
0.0,
0.0,
0.0,
0.0,
0.0,
0.0,
0.0,
9.0,
0.0,
0.0,
3.0,
0.0,
9.0,
0.0,
74.0,
239.0,
254.0,
148.0,
0.0,
11.0,
0.0,
7.0,
0.0,
0.0,
0.0,
0.0,
0.0,
0.0,
0.0,
0.0,
0.0,
0.0,
0.0,
0.0,
0.0,
0.0,
0.0,
0.0,
12.0,
0.0,
3.0,
14.0,
164.0,
248.0,
255.0,
65.0,
5.0,
0.0,
0.0,
7.0,
0.0,
0.0,
0.0,
0.0,
0.0,
0.0,
0.0,
0.0,
0.0,
0.0,
0.0,
0.0,
0.0,
0.0,
1.0,
0.0,
12.0,
0.0,
0.0,
13.0,
217.0,
255.0,
240.0,
6.0,
11.0,
0.0,
0.0,
3.0,
2.0,
0.0,
0.0,
0.0,
0.0,
0.0,
0.0,
0.0,
0.0,
0.0,
0.0,
0.0,
0.0,
2.0,
4.0,
0.0,
4.0,
1.0,
0.0,
0.0,
211.0,
255.0,
182.0,
5.0,
0.0,
10.0,
3.0,
0.0,
3.0,
0.0,
0.0,
0.0,
0.0,
0.0,
0.0,
0.0,
0.0,
0.0,
0.0,
0.0,
0.0,
0.0,
3.0,
0.0,
0.0,
6.0,
7.0,
0.0,
210.0,
250.0,
155.0,
8.0,
0.0,
11.0,
0.0,
0.0,
0.0,
0.0,
0.0,
0.0,
0.0,
0.0,
0.0,
0.0,
0.0,
0.0,
0.0,
0.0,
0.0,
0.0,
4.0,
6.0,
0.0,
0.0,
6.0,
2.0,
218.0,
250.0,
167.0,
0.0,
3.0,
3.0,
0.0,
12.0,
0.0,
0.0,
0.0,
0.0,
0.0,
0.0,
0.0,
0.0,
0.0,
0.0,
0.0,
0.0,
0.0,
2.0,
0.0,
8.0,
0.0,
0.0,
0.0,
0.0,
216.0,
255.0,
149.0,
0.0,
5.0,
3.0,
0.0,
8.0,
1.0,
0.0,
0.0,
0.0,
0.0,
0.0,
0.0,
0.0,
0.0,
0.0,
0.0,
0.0,
0.0,
7.0,
0.0,
1.0,
4.0,
0.0,
5.0,
0.0,
214.0,
255.0,
99.0,
10.0,
0.0,
7.0,
13.0,
0.0,
0.0,
0.0,
0.0,
0.0,
0.0,
0.0,
0.0,
0.0,
0.0,
0.0,
0.0,
0.0,
0.0,
0.0,
0.0,
9.0,
0.0,
3.0,
0.0,
14.0,
140.0,
255.0,
33.0,
1.0,
3.0,
3.0,
0.0,
10.0,
0.0,
0.0,
0.0,
0.0,
0.0,
0.0,
0.0,
0.0,
0.0,
0.0,
0.0,
0.0,
0.0,
2.0,
0.0,
6.0,
0.0,
3.0,
0.0,
4.0,
97.0,
246.0,
27.0,
0.0,
0.0,
14.0,
0.0,
3.0,
0.0,
0.0,
0.0,
0.0,
0.0,
0.0,
0.0,
0.0,
0.0,
0.0,
0.0,
0.0,
0.0,
7.0,
0.0,
4.0,
0.0,
2.0,
1.0,
0.0,
40.0,
236.0,
64.0,
10.0,
0.0,
0.0,
0.0,
4.0,
12.0,
0.0,
0.0,
0.0,
0.0,
0.0,
0.0,
0.0,
0.0,
0.0,
0.0,
0.0,
0.0,
8.0,
0.0,
3.0,
2.0,
0.0,
4.0,
0.0,
3.0,
3.0,
0.0,
0.0,
0.0,
12.0,
8.0,
1.0,
0.0,
0.0,
0.0,
0.0,
0.0,
