0.0,
0.0,
0.0,
0.0,
0.0,
0.0,
0.0,
0.0,
0.0,
0.0,
0.0,
0.0,
0.0,
0.0,
0.0,
0.0,
0.0,
0.0,
0.0,
1.0,
1.0,
2.0,
2.0,
2.0,
0.0,
0.0,
0.0,
0.0,
0.0,
0.0,
0.0,
0.0,
0.0,
0.0,
0.0,
0.0,
0.0,
0.0,
0.0,
0.0,
0.0,
0.0,
0.0,
0.0,
9.0,
2.0,
0.0,
0.0,
1.0,
4.0,
0.0,
0.0,
0.0,
0.0,
0.0,
0.0,
0.0,
0.0,
0.0,
0.0,
0.0,
0.0,
0.0,
0.0,
0.0,
0.0,
0.0,
0.0,
0.0,
0.0,
0.0,
0.0,
0.0,
0.0,
2.0,
1.0,
0.0,
0.0,
4.0,
7.0,
0.0,
0.0,
0.0,
0.0,
0.0,
0.0,
0.0,
0.0,
0.0,
0.0,
0.0,
0.0,
0.0,
0.0,
0.0,
0.0,
0.0,
0.0,
0.0,
0.0,
0.0,
1.0,
4.0,
2.0,
0.0,
0.0,
0.0,
0.0,
0.0,
0.0,
0.0,
0.0,
0.0,
0.0,
0.0,
0.0,
0.0,
0.0,
0.0,
0.0,
0.0,
0.0,
0.0,
0.0,
0.0,
0.0,
0.0,
0.0,
7.0,
1.0,
0.0,
0.0,
6.0,
10.0,
8.0,
5.0,
0.0,
0.0,
0.0,
0.0,
0.0,
0.0,
0.0,
0.0,
0.0,
0.0,
0.0,
0.0,
0.0,
0.0,
0.0,
0.0,
0.0,
0.0,
0.0,
0.0,
0.0,
1.0,
2.0,
0.0,
0.0,
0.0,
0.0,
8.0,
0.0,
0.0,
0.0,
0.0,
0.0,
0.0,
0.0,
0.0,
0.0,
0.0,
0.0,
0.0,
0.0,
0.0,
0.0,
0.0,
0.0,
0.0,
0.0,
0.0,
0.0,
2.0,
5.0,
7.0,
6.0,
2.0,
0.0,
0.0,
0.0,
0.0,
0.0,
0.0,
0.0,
0.0,
0.0,
0.0,
0.0,
0.0,
0.0,
0.0,
0.0,
0.0,
0.0,
0.0,
0.0,
0.0,
0.0,
0.0,
7.0,
0.0,
0.0,
43.0,
105.0,
130.0,
102.0,
63.0,
0.0,
0.0,
0.0,
0.0,
7.0,
0.0,
0.0,
0.0,
10.0,
3.0,
0.0,
0.0,
10.0,
31.0,
13.0,
46.0,
93.0,
91.0,
121.0,
171.0,
236.0,
226.0,
236.0,
243.0,
248.0,
255.0,
246.0,
114.0,
0.0,
0.0,
0.0,
0.0,
0.0,
0.0,
1.0,
2.0,
0.0,
139.0,
214.0,
217.0,
226.0,
234.0,
210.0,
231.0,
255.0,
248.0,
247.0,
255.0,
251.0,
246.0,
255.0,
243.0,
255.0,
246.0,
248.0,
245.0,
0.0,
0.0,
0.0,
0.0,
0.0,
8.0,
4.0,
0.0,
132.0,
220.0,
252.0,
255.0,
244.0,
250.0,
234.0,
242.0,
255.0,
253.0,
255.0,
255.0,
250.0,
255.0,
239.0,
246.0,
255.0,
241.0,
255.0,
226.0,
0.0,
0.0,
0.0,
0.0,
0.0,
1.0,
0.0,
0.0,
255.0,
255.0,
244.0,
250.0,
248.0,
255.0,
255.0,
255.0,
255.0,
248.0,
247.0,
244.0,
254.0,
254.0,
255.0,
252.0,
247.0,
255.0,
244.0,
255.0,
0.0,
0.0,
0.0,
0.0,
0.0,
1.0,
0.0,
9.0,
148.0,
248.0,
255.0,
252.0,
255.0,
243.0,
232.0,
226.0,
232.0,
241.0,
241.0,
245.0,
245.0,
241.0,
255.0,
255.0,
255.0,
233.0,
229.0,
30.0,
0.0,
0.0,
0.0,
0.0,
6.0,
3.0,
1.0,
1.0,
1.0,
100.0,
128.0,
118.0,
111.0,
58.0,
12.0,
0.0,
5.0,
5.0,
0.0,
2.0,
78.0,
252.0,
249.0,
255.0,
248.0,
219.0,
12.0,
2.0,
0.0,
0.0,
0.0,
0.0,
0.0,
0.0,
9.0,
0.0,
6.0,
4.0,
2.0,
4.0,
14.0,
0.0,
0.0,
0.0,
6.0,
0.0,
1.0,
71.0,
201.0,
249.0,
243.0,
242.0,
245.0,
51.0,
0.0,
15.0,
0.0,
0.0,
0.0,
0.0,
0.0,
0.0,
9.0,
0.0,
5.0,
1.0,
0.0,
3.0,
0.0,
0.0,
12.0,
0.0,
0.0,
3.0,
85.0,
250.0,
253.0,
244.0,
255.0,
255.0,
55.0,
1.0,
7.0,
0.0,
0.0,
0.0,
0.0,
0.0,
0.0,
0.0,
0.0,
0.0,
0.0,
0.0,
0.0,
0.0,
0.0,
0.0,
4.0,
3.0,
0.0,
103.0,
246.0,
249.0,
255.0,
238.0,
255.0,
139.0,
10.0,
11.0,
0.0,
0.0,
0.0,
0.0,
0.0,
0.0,
0.0,
0.0,
0.0,
0.0,
0.0,
0.0,
0.0,
0.0,
0.0,
12.0,
4.0,
4.0,
18.0,
209.0,
247.0,
251.0,
238.0,
255.0,
159.0,
32.0,
0.0,
0.0,
10.0,
6.0,
0.0,
0.0,
0.0,
0.0,
0.0,
0.0,
0.0,
0.0,
0.0,
0.0,
0.0,
0.0,
17.0,
0.0,
2.0,
0.0,
185.0,
245.0,
255.0,
255.0,
255.0,
232.0,
73.0,
0.0,
0.0,
0.0,
7.0,
0.0,
0.0,
0.0,
0.0,
0.0,
0.0,
0.0,
0.0,
0.0,
0.0,
0.0,
0.0,
0.0,
0.0,
14.0,
0.0,
79.0,
244.0,
255.0,
250.0,
253.0,
233.0,
64.0,
0.0,
0.0,
3.0,
9.0,
0.0,
0.0,
0.0,
0.0,
0.0,
0.0,
0.0,
0.0,
0.0,
0.0,
0.0,
0.0,
0.0,
0.0,
0.0,
19.0,
59.0,
240.0,
255.0,
248.0,
252.0,
255.0,
186.0,
5.0,
0.0,
18.0,
0.0,
7.0,
0.0,
0.0,
0.0,
0.0,
0.0,
0.0,
0.0,
0.0,
0.0,
0.0,
0.0,
0.0,
0.0,
0.0,
5.0,
0.0,
176.0,
253.0,
255.0,
235.0,
255.0,
164.0,
19.0,
0.0,
0.0,
0.0,
0.0,
1.0,
4.0,
7.0,
0.0,
0.0,
0.0,
0.0,
0.0,
0.0,
0.0,
0.0,
0.0,
0.0,
0.0,
0.0,
16.0,
159.0,
255.0,
249.0,
247.0,
255.0,
225.0,
58.0,
0.0,
18.0,
14.0,
3.0,
7.0,
2.0,
0.0,
0.0,
0.0,
0.0,
0.0,
0.0,
0.0,
0.0,
0.0,
0.0,
0.0,
0.0,
0.0,
0.0,
31.0,
255.0,
241.0,
255.0,
255.0,
179.0,
52.0,
4.0,
6.0,
0.0,
0.0,
0.0,
3.0,
0.0,
0.0,
9.0,
0.0,
0.0,
0.0,
0.0,
0.0,
0.0,
0.0,
0.0,
0.0,
0.0,
0.0,
0.0,
62.0,
255.0,
246.0,
252.0,
235.0,
70.0,
13.0,
0.0,
0.0,
0.0,
0.0,
0.0,
0.0,
0.0,
0.0,
0.0,
0.0,
0.0,
0.0,
0.0,
0.0,
0.0,
0.0,
0.0,
0.0,
0.0,
0.0,
0.0,
79.0,
243.0,
244.0,
255.0,
91.0,
0.0,
0.0,
5.0,
0.0,
0.0,
0.0,
0.0,
0.0,
0.0,
0.0,
0.0,
0.0,
0.0,
0.0,
0.0,
0.0,
0.0,
0.0,
0.0,
0.0,
0.0,
0.0,
0.0,
28.0,
92.0,
76.0,
117.0,
0.0,
0.0,
5.0,
0.0,
0.0,
0.0,
0.0,
0.0,
0.0,
0.0,
0.0,
0.0,
0.0,
0.0,
0.0,
0.0,
0.0,
0.0,
0.0,
0.0,
0.0,
0.0,
0.0,
0.0,
0.0,
11.0,
0.0,
0.0,
0.0,
3.0,
0.0,
4.0,
0.0,
0.0,
0.0,
0.0,
0.0,
0.0,
0.0,
0.0,
0.0,
0.0,
0.0,
0.0,
