0.0,
5.0,
0.0,
0.0,
2.0,
6.0,
3.0,
3.0,
9.0,
0.0,
0.0,
3.0,
6.0,
0.0,
0.0,
4.0,
7.0,
2.0,
0.0,
0.0,
4.0,
6.0,
1.0,
0.0,
0.0,
0.0,
0.0,
0.0,
0.0,
2.0,
4.0,
3.0,
0.0,
0.0,
0.0,
0.0,
0.0,
3.0,
9.0,
1.0,
0.0,
0.0,
0.0,
0.0,
0.0,
0.0,
0.0,
0.0,
0.0,
0.0,
0.0,
5.0,
0.0,
0.0,
0.0,
0.0,
9.0,
0.0,
0.0,
0.0,
2.0,
10.0,
15.0,
9.0,
0.0,
0.0,
0.0,
1.0,
6.0,
4.0,
2.0,
5.0,
0.0,
5.0,
10.0,
9.0,
4.0,
0.0,
0.0,
0.0,
0.0,
0.0,
0.0,
0.0,
0.0,
0.0,
13.0,
11.0,
0.0,
0.0,
0.0,
0.0,
7.0,
0.0,
0.0,
0.0,
2.0,
2.0,
0.0,
0.0,
0.0,
0.0,
0.0,
0.0,
2.0,
5.0,
3.0,
0.0,
0.0,
0.0,
0.0,
0.0,
7.0,
4.0,
0.0,
0.0,
0.0,
8.0,
12.0,
4.0,
0.0,
9.0,
13.0,
0.0,
0.0,
0.0,
6.0,
2.0,
9.0,
5.0,
0.0,
0.0,
0.0,
0.0,
2.0,
4.0,
0.0,
0.0,
0.0,
0.0,
0.0,
2.0,
1.0,
5.0,
12.0,
0.0,
0.0,
0.0,
8.0,
0.0,
0.0,
6.0,
10.0,
0.0,
0.0,
3.0,
0.0,
0.0,
8.0,
9.0,
3.0,
0.0,
0.0,
0.0,
0.0,
0.0,
0.0,
0.0,
0.0,
12.0,
8.0,
0.0,
0.0,
0.0,
100.0,
252.0,
247.0,
184.0,
144.0,
149.0,
135.0,
76.0,
23.0,
7.0,
9.0,
4.0,
0.0,
0.0,
1.0,
4.0,
2.0,
0.0,
0.0,
0.0,
0.0,
0.0,
0.0,
2.0,
0.0,
1.0,
10.0,
0.0,
84.0,
254.0,
253.0,
255.0,
249.0,
238.0,
253.0,
255.0,
238.0,
187.0,
159.0,
104.0,
37.0,
0.0,
0.0,
5.0,
2.0,
0.0,
0.0,
0.0,
0.0,
0.0,
2.0,
0.0,
3.0,
3.0,
0.0,
0.0,
41.0,
96.0,
161.0,
181.0,
242.0,
255.0,
250.0,
253.0,
253.0,
252.0,
254.0,
255.0,
229.0,
154.0,
0.0,
0.0,
0.0,
2.0,
0.0,
0.0,
0.0,
0.0,
1.0,
0.0,
0.0,
8.0,
5.0,
0.0,
0.0,
13.0,
12.0,
12.0,
29.0,
22.0,
37.0,
100.0,
137.0,
143.0,
250.0,
244.0,
253.0,
237.0,
107.0,
22.0,
0.0,
3.0,
0.0,
0.0,
0.0,
0.0,
5.0,
0.0,
0.0,
0.0,
3.0,
0.0,
0.0,
0.0,
0.0,
0.0,
6.0,
0.0,
0.0,
12.0,
7.0,
0.0,
0.0,
70.0,
236.0,
255.0,
222.0,
6.0,
0.0,
8.0,
0.0,
0.0,
0.0,
0.0,
1.0,
2.0,
0.0,
0.0,
0.0,
1.0,
7.0,
9.0,
0.0,
0.0,
8.0,
12.0,
6.0,
4.0,
0.0,
9.0,
0.0,
55.0,
229.0,
235.0,
160.0,
0.0,
9.0,
11.0,
0.0,
0.0,
0.0,
0.0,
0.0,
2.0,
7.0,
2.0,
0.0,
0.0,
1.0,
0.0,
13.0,
0.0,
0.0,
0.0,
0.0,
0.0,
0.0,
11.0,
19.0,
129.0,
253.0,
255.0,
9.0,
0.0,
12.0,
0.0,
0.0,
0.0,
0.0,
0.0,
0.0,
0.0,
0.0,
0.0,
2.0,
4.0,
0.0,
0.0,
0.0,
0.0,
5.0,
0.0,
12.0,
17.0,
0.0,
0.0,
0.0,
203.0,
255.0,
205.0,
0.0,
12.0,
1.0,
10.0,
0.0,
0.0,
0.0,
0.0,
6.0,
0.0,
0.0,
0.0,
0.0,
2.0,
4.0,
5.0,
4.0,
7.0,
6.0,
0.0,
0.0,
1.0,
0.0,
7.0,
160.0,
255.0,
190.0,
13.0,
0.0,
0.0,
0.0,
5.0,
0.0,
0.0,
0.0,
0.0,
0.0,
0.0,
4.0,
8.0,
1.0,
0.0,
0.0,
3.0,
3.0,
0.0,
1.0,
0.0,
1.0,
0.0,
10.0,
73.0,
255.0,
245.0,
148.0,
0.0,
9.0,
6.0,
10.0,
0.0,
0.0,
0.0,
0.0,
0.0,
0.0,
0.0,
0.0,
0.0,
0.0,
0.0,
0.0,
0.0,
8.0,
0.0,
10.0,
0.0,
3.0,
6.0,
36.0,
211.0,
250.0,
176.0,
17.0,
0.0,
11.0,
0.0,
10.0,
0.0,
0.0,
0.0,
0.0,
0.0,
0.0,
0.0,
0.0,
0.0,
0.0,
0.0,
0.0,
0.0,
0.0,
4.0,
0.0,
8.0,
0.0,
0.0,
184.0,
242.0,
251.0,
50.0,
0.0,
7.0,
3.0,
8.0,
0.0,
1.0,
0.0,
0.0,
0.0,
0.0,
0.0,
0.0,
0.0,
0.0,
0.0,
0.0,
0.0,
0.0,
3.0,
0.0,
0.0,
11.0,
0.0,
132.0,
255.0,
254.0,
141.0,
0.0,
0.0,
9.0,
0.0,
9.0,
2.0,
3.0,
0.0,
0.0,
0.0,
0.0,
0.0,
0.0,
0.0,
0.0,
0.0,
0.0,
0.0,
0.0,
3.0,
1.0,
18.0,
0.0,
45.0,
219.0,
244.0,
235.0,
5.0,
13.0,
5.0,
0.0,
0.0,
0.0,
7.0,
0.0,
0.0,
0.0,
0.0,
0.0,
0.0,
0.0,
0.0,
0.0,
0.0,
0.0,
0.0,
0.0,
0.0,
0.0,
4.0,
13.0,
236.0,
255.0,
218.0,
36.0,
0.0,
21.0,
0.0,
0.0,
22.0,
0.0,
0.0,
0.0,
0.0,
0.0,
0.0,
0.0,
0.0,
0.0,
0.0,
0.0,
0.0,
0.0,
0.0,
0.0,
5.0,
2.0,
2.0,
88.0,
255.0,
235.0,
183.0,
2.0,
3.0,
1.0,
0.0,
0.0,
4.0,
3.0,
0.0,
0.0,
0.0,
0.0,
0.0,
0.0,
0.0,
0.0,
0.0,
0.0,
0.0,
0.0,
0.0,
0.0,
10.0,
0.0,
0.0,
181.0,
255.0,
253.0,
95.0,
0.0,
4.0,
0.0,
16.0,
0.0,
0.0,
6.0,
3.0,
2.0,
0.0,
0.0,
0.0,
0.0,
0.0,
0.0,
0.0,
0.0,
0.0,
0.0,
0.0,
0.0,
0.0,
10.0,
6.0,
220.0,
255.0,
184.0,
27.0,
6.0,
3.0,
1.0,
0.0,
1.0,
10.0,
0.0,
0.0,
5.0,
0.0,
0.0,
0.0,
0.0,
0.0,
0.0,
0.0,
0.0,
0.0,
0.0,
0.0,
0.0,
0.0,
4.0,
12.0,
222.0,
243.0,
249.0,
191.0,
18.0,
0.0,
0.0,
0.0,
0.0,
0.0,
0.0,
0.0,
0.0,
0.0,
0.0,
0.0,
0.0,
0.0,
0.0,
0.0,
0.0,
0.0,
0.0,
0.0,
0.0,
13.0,
0.0,
0.0,
241.0,
251.0,
207.0,
61.0,
0.0,
0.0,
0.0,
0.0,
0.0,
0.0,
0.0,
0.0,
0.0,
0.0,
0.0,
0.0,
0.0,
0.0,
0.0,
0.0,
0.0,
0.0,
0.0,
0.0,
0.0,
0.0,
2.0,
0.0,
5.0,
3.0,
18.0,
0.0,
12.0,
0.0,
0.0,
0.0,
0.0,
0.0,
0.0,
0.0,
0.0,
0.0,
0.0,
0.0,
0.0,
0.0,
0.0,
0.0,
0.0,
0.0,
0.0,
0.0,
0.0,
0.0,
3.0,
23.0,
0.0,
1.0,
0.0,
0.0,
0.0,
0.0,
0.0,
0.0,
0.0,
0.0,
0.0,
0.0,
0.0,
0.0,
0.0,
0.0,
0.0,
