0.0,
0.0,
0.0,
0.0,
0.0,
0.0,
0.0,
0.0,
0.0,
0.0,
0.0,
0.0,
0.0,
0.0,
0.0,
0.0,
0.0,
0.0,
0.0,
0.0,
0.0,
0.0,
0.0,
0.0,
0.0,
0.0,
0.0,
0.0,
0.0,
0.0,
0.0,
0.0,
0.0,
0.0,
0.0,
0.0,
0.0,
0.0,
0.0,
0.0,
0.0,
0.0,
0.0,
0.0,
0.0,
0.0,
0.0,
0.0,
0.0,
0.0,
0.0,
0.0,
0.0,
0.0,
0.0,
0.0,
0.0,
0.0,
0.0,
0.0,
0.0,
0.0,
0.0,
0.0,
0.0,
0.0,
0.0,
0.0,
0.0,
0.0,
0.0,
0.0,
0.0,
0.0,
0.0,
0.0,
0.0,
0.0,
0.0,
0.0,
0.0,
0.0,
0.0,
0.0,
0.0,
0.0,
0.0,
0.0,
0.0,
0.0,
0.0,
0.0,
0.0,
0.0,
0.0,
0.0,
0.0,
0.0,
0.0,
0.0,
0.0,
0.0,
0.0,
0.0,
0.0,
0.0,
0.0,
0.0,
0.0,
0.0,
0.0,
0.0,
0.0,
0.0,
0.0,
0.0,
0.0,
0.0,
0.0,
0.0,
0.0,
0.0,
0.0,
0.0,
0.0,
0.0,
0.0,
0.0,
0.0,
0.0,
0.0,
0.0,
0.0,
0.0,
0.0,
0.0,
0.0,
0.0,
0.0,
0.0,
0.0,
0.0,
0.0,
0.0,
0.0,
0.0,
0.0,
0.0,
0.0,
0.0,
0.0,
0.0,
0.0,
0.0,
0.0,
0.0,
0.0,
0.0,
0.0,
0.0,
0.0,
0.0,
0.0,
0.0,
0.0,
0.0,
0.0,
0.0,
0.0,
0.0,
0.0,
0.0,
0.0,
0.0,
0.0,
0.0,
0.0,
0.0,
0.0,
0.0,
0.0,
0.0,
0.0,
0.0,
0.0,
0.0,
0.0,
0.0,
0.0,
0.0,
0.0,
0.0,
0.0,
0.0,
0.0,
0.0,
0.0,
0.0,
0.0,
0.0,
0.0,
0.0,
0.0,
0.0,
0.0,
0.0,
0.0,
0.0,
0.0,
0.0,
0.0,
0.0,
0.0,
0.0,
0.0,
0.0,
0.0,
0.0,
0.0,
0.0,
0.0,
0.0,
0.0,
0.0,
3.0,
0.0,
4.0,
1.0,
0.0,
2.0,
0.0,
6.0,
0.0,
217.0,
255.0,
244.0,
231.0,
52.0,
37.0,
41.0,
19.0,
5.0,
52.0,
56.0,
150.0,
146.0,
0.0,
9.0,
0.0,
0.0,
0.0,
0.0,
3.0,
0.0,
1.0,
0.0,
0.0,
0.0,
9.0,
0.0,
161.0,
251.0,
255.0,
248.0,
255.0,
255.0,
255.0,
228.0,
212.0,
215.0,
241.0,
254.0,
255.0,
229.0,
7.0,
0.0,
0.0,
0.0,
0.0,
0.0,
0.0,
0.0,
3.0,
0.0,
6.0,
0.0,
5.0,
0.0,
219.0,
246.0,
237.0,
255.0,
235.0,
251.0,
249.0,
254.0,
255.0,
247.0,
255.0,
255.0,
237.0,
234.0,
0.0,
0.0,
0.0,
0.0,
0.0,
0.0,
0.0,
3.0,
1.0,
0.0,
7.0,
0.0,
1.0,
96.0,
255.0,
205.0,
91.0,
174.0,
238.0,
255.0,
253.0,
245.0,
255.0,
232.0,
255.0,
237.0,
255.0,
233.0,
14.0,
11.0,
0.0,
0.0,
0.0,
0.0,
2.0,
6.0,
0.0,
0.0,
0.0,
2.0,
11.0,
229.0,
227.0,
120.0,
0.0,
4.0,
29.0,
32.0,
53.0,
48.0,
41.0,
37.0,
52.0,
171.0,
250.0,
141.0,
0.0,
0.0,
0.0,
0.0,
0.0,
0.0,
0.0,
4.0,
0.0,
3.0,
0.0,
0.0,
27.0,
255.0,
255.0,
69.0,
7.0,
0.0,
0.0,
6.0,
0.0,
0.0,
0.0,
15.0,
0.0,
224.0,
255.0,
68.0,
2.0,
7.0,
0.0,
0.0,
0.0,
0.0,
0.0,
0.0,
6.0,
7.0,
5.0,
0.0,
88.0,
251.0,
205.0,
9.0,
0.0,
0.0,
0.0,
3.0,
1.0,
12.0,
0.0,
3.0,
50.0,
240.0,
187.0,
2.0,
0.0,
5.0,
0.0,
0.0,
0.0,
0.0,
2.0,
0.0,
1.0,
0.0,
3.0,
10.0,
174.0,
255.0,
52.0,
6.0,
0.0,
7.0,
7.0,
0.0,
0.0,
0.0,
3.0,
0.0,
194.0,
255.0,
165.0,
10.0,
2.0,
0.0,
0.0,
0.0,
0.0,
0.0,
0.0,
8.0,
3.0,
1.0,
0.0,
0.0,
231.0,
247.0,
69.0,
0.0,
11.0,
0.0,
0.0,
0.0,
0.0,
5.0,
11.0,
63.0,
241.0,
235.0,
43.0,
6.0,
2.0,
0.0,
0.0,
0.0,
0.0,
0.0,
8.0,
7.0,
0.0,
0.0,
4.0,
25.0,
220.0,
239.0,
42.0,
5.0,
4.0,
1.0,
4.0,
3.0,
6.0,
2.0,
7.0,
244.0,
255.0,
199.0,
5.0,
2.0,
0.0,
8.0,
0.0,
0.0,
0.0,
0.0,
0.0,
2.0,
3.0,
13.0,
2.0,
0.0,
16.0,
0.0,
0.0,
6.0,
0.0,
0.0,
0.0,
0.0,
0.0,
0.0,
33.0,
255.0,
185.0,
47.0,
9.0,
0.0,
0.0,
3.0,
0.0,
0.0,
0.0,
0.0,
2.0,
1.0,
0.0,
0.0,
0.0,
0.0,
11.0,
4.0,
0.0,
11.0,
0.0,
5.0,
5.0,
6.0,
0.0,
15.0,
163.0,
246.0,
80.0,
0.0,
0.0,
15.0,
0.0,
0.0,
0.0,
0.0,
0.0,
0.0,
0.0,
0.0,
2.0,
6.0,
3.0,
4.0,
0.0,
0.0,
0.0,
0.0,
2.0,
5.0,
1.0,
4.0,
0.0,
64.0,
255.0,
240.0,
39.0,
3.0,
0.0,
10.0,
0.0,
6.0,
0.0,
0.0,
0.0,
0.0,
4.0,
1.0,
2.0,
0.0,
0.0,
0.0,
0.0,
10.0,
0.0,
0.0,
1.0,
0.0,
0.0,
0.0,
11.0,
133.0,
255.0,
220.0,
17.0,
0.0,
0.0,
0.0,
7.0,
0.0,
0.0,
0.0,
0.0,
0.0,
0.0,
0.0,
4.0,
3.0,
1.0,
0.0,
8.0,
1.0,
7.0,
0.0,
9.0,
2.0,
0.0,
6.0,
87.0,
223.0,
248.0,
151.0,
0.0,
23.0,
0.0,
11.0,
0.0,
0.0,
0.0,
0.0,
0.0,
0.0,
8.0,
0.0,
2.0,
1.0,
2.0,
0.0,
11.0,
0.0,
0.0,
0.0,
2.0,
0.0,
0.0,
5.0,
140.0,
255.0,
230.0,
0.0,
0.0,
0.0,
9.0,
0.0,
11.0,
1.0,
0.0,
0.0,
0.0,
0.0,
0.0,
0.0,
0.0,
0.0,
0.0,
0.0,
0.0,
0.0,
7.0,
7.0,
0.0,
0.0,
0.0,
34.0,
255.0,
249.0,
109.0,
15.0,
0.0,
10.0,
0.0,
0.0,
9.0,
0.0,
0.0,
0.0,
0.0,
0.0,
0.0,
0.0,
0.0,
0.0,
0.0,
0.0,
0.0,
0.0,
0.0,
0.0,
1.0,
15.0,
3.0,
145.0,
255.0,
172.0,
20.0,
0.0,
0.0,
15.0,
0.0,
0.0,
6.0,
0.0,
0.0,
0.0,
0.0,
0.0,
0.0,
0.0,
0.0,
0.0,
0.0,
0.0,
0.0,
0.0,
20.0,
5.0,
0.0,
0.0,
27.0,
225.0,
246.0,
108.0,
0.0,
0.0,
4.0,
4.0,
0.0,
0.0,
7.0,
1.0,
0.0,
0.0,
0.0,
0.0,
0.0,
0.0,
0.0,
0.0,
0.0,
0.0,
0.0,
0.0,
0.0,
0.0,
16.0,
10.0,
174.0,
255.0,
173.0,
5.0,
5.0,
11.0,
3.0,
0.0,
0.0,
4.0,
4.0,
1.0,
0.0,
0.0,
0.0,
0.0,
