0.0,
0.0,
0.0,
0.0,
0.0,
0.0,
0.0,
0.0,
0.0,
0.0,
1.0,
0.0,
0.0,
0.0,
1.0,
0.0,
6.0,
0.0,
4.0,
0.0,
0.0,
12.0,
11.0,
0.0,
0.0,
0.0,
0.0,
0.0,
0.0,
0.0,
0.0,
0.0,
0.0,
0.0,
0.0,
0.0,
0.0,
4.0,
0.0,
0.0,
5.0,
7.0,
2.0,
9.0,
0.0,
1.0,
1.0,
2.0,
9.0,
0.0,
0.0,
1.0,
0.0,
0.0,
0.0,
0.0,
0.0,
0.0,
0.0,
0.0,
0.0,
0.0,
0.0,
0.0,
0.0,
6.0,
0.0,
0.0,
11.0,
0.0,
0.0,
0.0,
4.0,
14.0,
0.0,
0.0,
14.0,
0.0,
1.0,
1.0,
0.0,
0.0,
0.0,
0.0,
0.0,
0.0,
0.0,
0.0,
0.0,
0.0,
0.0,
0.0,
0.0,
0.0,
0.0,
1.0,
1.0,
4.0,
10.0,
13.0,
0.0,
0.0,
7.0,
0.0,
6.0,
0.0,
7.0,
0.0,
0.0,
0.0,
0.0,
0.0,
0.0,
0.0,
0.0,
0.0,
0.0,
0.0,
0.0,
0.0,
14.0,
0.0,
0.0,
2.0,
0.0,
0.0,
12.0,
0.0,
4.0,
0.0,
11.0,
5.0,
0.0,
0.0,
1.0,
4.0,
0.0,
0.0,
0.0,
0.0,
0.0,
0.0,
0.0,
0.0,
0.0,
0.0,
0.0,
0.0,
3.0,
0.0,
6.0,
22.0,
43.0,
115.0,
172.0,
158.0,
124.0,
36.0,
0.0,
1.0,
1.0,
2.0,
0.0,
4.0,
0.0,
0.0,
0.0,
0.0,
0.0,
0.0,
0.0,
0.0,
0.0,
0.0,
0.0,
0.0,
0.0,
81.0,
170.0,
212.0,
237.0,
255.0,
255.0,
247.0,
243.0,
169.0,
7.0,
0.0,
2.0,
4.0,
0.0,
0.0,
0.0,
0.0,
0.0,
0.0,
0.0,
0.0,
0.0,
0.0,
0.0,
0.0,
0.0,
0.0,
4.0,
158.0,
252.0,
255.0,
255.0,
249.0,
240.0,
255.0,
251.0,
255.0,
52.0,
4.0,
0.0,
0.0,
2.0,
0.0,
0.0,
0.0,
0.0,
0.0,
0.0,
0.0,
0.0,
0.0,
0.0,
0.0,
0.0,
0.0,
0.0,
55.0,
246.0,
255.0,
253.0,
248.0,
255.0,
247.0,
242.0,
255.0,
110.0,
3.0,
12.0,
0.0,
5.0,
3.0,
0.0,
0.0,
0.0,
0.0,
0.0,
0.0,
0.0,
0.0,
0.0,
0.0,
0.0,
0.0,
0.0,
6.0,
113.0,
180.0,
170.0,
82.0,
50.0,
181.0,
255.0,
255.0,
116.0,
0.0,
0.0,
1.0,
3.0,
0.0,
0.0,
0.0,
0.0,
0.0,
0.0,
0.0,
0.0,
0.0,
0.0,
0.0,
0.0,
0.0,
0.0,
4.0,
0.0,
10.0,
9.0,
10.0,
0.0,
145.0,
243.0,
236.0,
133.0,
1.0,
0.0,
2.0,
0.0,
4.0,
0.0,
0.0,
0.0,
0.0,
0.0,
0.0,
0.0,
0.0,
0.0,
0.0,
0.0,
0.0,
9.0,
0.0,
0.0,
10.0,
0.0,
0.0,
5.0,
135.0,
255.0,
255.0,
125.0,
0.0,
0.0,
0.0,
0.0,
0.0,
0.0,
0.0,
0.0,
0.0,
0.0,
0.0,
0.0,
0.0,
0.0,
0.0,
0.0,
0.0,
2.0,
0.0,
0.0,
10.0,
0.0,
0.0,
82.0,
255.0,
241.0,
254.0,
97.0,
6.0,
12.0,
0.0,
2.0,
8.0,
0.0,
0.0,
0.0,
0.0,
0.0,
0.0,
0.0,
0.0,
0.0,
0.0,
0.0,
0.0,
0.0,
14.0,
9.0,
0.0,
7.0,
14.0,
93.0,
246.0,
255.0,
227.0,
26.0,
0.0,
0.0,
6.0,
9.0,
0.0,
0.0,
0.0,
0.0,
0.0,
0.0,
0.0,
0.0,
0.0,
0.0,
0.0,
0.0,
0.0,
5.0,
0.0,
0.0,
30.0,
82.0,
92.0,
158.0,
255.0,
240.0,
255.0,
220.0,
203.0,
42.0,
0.0,
0.0,
0.0,
0.0,
0.0,
0.0,
0.0,
0.0,
0.0,
0.0,
0.0,
0.0,
0.0,
0.0,
0.0,
0.0,
18.0,
140.0,
246.0,
254.0,
249.0,
255.0,
250.0,
255.0,
247.0,
248.0,
251.0,
31.0,
11.0,
4.0,
0.0,
0.0,
0.0,
0.0,
0.0,
0.0,
0.0,
0.0,
0.0,
0.0,
0.0,
0.0,
0.0,
0.0,
4.0,
196.0,
248.0,
254.0,
246.0,
253.0,
251.0,
248.0,
255.0,
255.0,
120.0,
0.0,
5.0,
4.0,
0.0,
0.0,
0.0,
0.0,
0.0,
0.0,
0.0,
0.0,
0.0,
0.0,
0.0,
0.0,
0.0,
0.0,
0.0,
117.0,
233.0,
255.0,
250.0,
252.0,
255.0,
254.0,
156.0,
98.0,
26.0,
0.0,
4.0,
1.0,
6.0,
0.0,
0.0,
0.0,
0.0,
0.0,
0.0,
0.0,
0.0,
0.0,
0.0,
0.0,
0.0,
5.0,
0.0,
6.0,
66.0,
43.0,
185.0,
249.0,
249.0,
129.0,
27.0,
0.0,
4.0,
7.0,
7.0,
0.0,
0.0,
0.0,
0.0,
0.0,
0.0,
0.0,
0.0,
0.0,
0.0,
0.0,
0.0,
0.0,
0.0,
1.0,
0.0,
18.0,
0.0,
2.0,
219.0,
255.0,
225.0,
24.0,
0.0,
0.0,
1.0,
0.0,
0.0,
0.0,
11.0,
0.0,
0.0,
0.0,
0.0,
0.0,
0.0,
0.0,
0.0,
0.0,
0.0,
0.0,
0.0,
0.0,
0.0,
2.0,
3.0,
169.0,
250.0,
249.0,
227.0,
7.0,
1.0,
5.0,
0.0,
0.0,
4.0,
2.0,
0.0,
0.0,
0.0,
0.0,
0.0,
0.0,
0.0,
0.0,
0.0,
0.0,
0.0,
0.0,
0.0,
18.0,
18.0,
0.0,
121.0,
255.0,
253.0,
255.0,
213.0,
0.0,
0.0,
2.0,
4.0,
9.0,
8.0,
0.0,
0.0,
0.0,
0.0,
0.0,
0.0,
0.0,
0.0,
0.0,
0.0,
0.0,
0.0,
0.0,
0.0,
0.0,
6.0,
0.0,
207.0,
255.0,
250.0,
242.0,
107.0,
0.0,
2.0,
0.0,
0.0,
0.0,
0.0,
2.0,
13.0,
0.0,
0.0,
0.0,
0.0,
0.0,
0.0,
0.0,
0.0,
0.0,
0.0,
0.0,
0.0,
10.0,
0.0,
2.0,
123.0,
254.0,
247.0,
255.0,
112.0,
0.0,
8.0,
1.0,
1.0,
6.0,
0.0,
0.0,
0.0,
0.0,
0.0,
0.0,
0.0,
0.0,
0.0,
0.0,
0.0,
0.0,
0.0,
0.0,
0.0,
0.0,
0.0,
15.0,
23.0,
199.0,
255.0,
200.0,
18.0,
0.0,
0.0,
0.0,
0.0,
0.0,
0.0,
0.0,
0.0,
0.0,
0.0,
0.0,
0.0,
0.0,
0.0,
0.0,
0.0,
0.0,
0.0,
0.0,
0.0,
0.0,
0.0,
2.0,
0.0,
3.0,
0.0,
3.0,
2.0,
0.0,
0.0,
0.0,
0.0,
0.0,
0.0,
0.0,
0.0,
0.0,
0.0,
0.0,
0.0,
0.0,
0.0,
0.0,
0.0,
0.0,
0.0,
0.0,
0.0,
5.0,
3.0,
0.0,
14.0,
1.0,
4.0,
0.0,
0.0,
0.0,
0.0,
0.0,
0.0,
0.0,
0.0,
0.0,
0.0,
0.0,
0.0,
0.0,
0.0,
0.0,
0.0,
0.0,
0.0,
0.0,
0.0,
0.0,
0.0,
0.0,
3.0,
0.0,
0.0,
0.0,
21.0,
5.0,
0.0,
0.0,
0.0,
0.0,
0.0,
0.0,
0.0,
0.0,
0.0,
0.0,
0.0,
0.0,
0.0,
