0.0,
0.0,
0.0,
0.0,
0.0,
0.0,
0.0,
0.0,
5.0,
0.0,
12.0,
0.0,
11.0,
4.0,
0.0,
0.0,
6.0,
0.0,
1.0,
4.0,
1.0,
2.0,
0.0,
1.0,
0.0,
0.0,
0.0,
0.0,
0.0,
0.0,
0.0,
0.0,
0.0,
0.0,
0.0,
0.0,
1.0,
0.0,
0.0,
0.0,
0.0,
0.0,
0.0,
12.0,
0.0,
0.0,
0.0,
0.0,
0.0,
1.0,
0.0,
0.0,
0.0,
0.0,
0.0,
0.0,
0.0,
0.0,
0.0,
0.0,
0.0,
0.0,
0.0,
0.0,
0.0,
10.0,
5.0,
9.0,
10.0,
3.0,
2.0,
5.0,
0.0,
12.0,
9.0,
2.0,
6.0,
7.0,
0.0,
0.0,
0.0,
0.0,
0.0,
0.0,
0.0,
0.0,
0.0,
0.0,
0.0,
0.0,
0.0,
0.0,
0.0,
9.0,
0.0,
0.0,
0.0,
0.0,
0.0,
0.0,
0.0,
9.0,
0.0,
0.0,
0.0,
0.0,
0.0,
8.0,
0.0,
0.0,
0.0,
0.0,
0.0,
0.0,
0.0,
0.0,
0.0,
0.0,
0.0,
0.0,
0.0,
0.0,
0.0,
2.0,
3.0,
7.0,
11.0,
0.0,
0.0,
4.0,
0.0,
12.0,
12.0,
0.0,
1.0,
0.0,
0.0,
0.0,
0.0,
0.0,
0.0,
0.0,
0.0,
0.0,
0.0,
0.0,
0.0,
0.0,
6.0,
0.0,
22.0,
1.0,
0.0,
0.0,
8.0,
0.0,
7.0,
3.0,
0.0,
0.0,
0.0,
0.0,
15.0,
0.0,
0.0,
0.0,
0.0,
0.0,
0.0,
0.0,
0.0,
0.0,
0.0,
0.0,
0.0,
0.0,
0.0,
27.0,
215.0,
255.0,
255.0,
254.0,
252.0,
212.0,
245.0,
255.0,
254.0,
255.0,
232.0,
187.0,
144.0,
37.0,
0.0,
0.0,
0.0,
0.0,
0.0,
0.0,
0.0,
0.0,
0.0,
0.0,
0.0,
0.0,
3.0,
27.0,
245.0,
255.0,
246.0,
243.0,
255.0,
243.0,
252.0,
253.0,
244.0,
255.0,
249.0,
255.0,
254.0,
137.0,
0.0,
0.0,
0.0,
0.0,
0.0,
0.0,
0.0,
0.0,
0.0,
0.0,
0.0,
0.0,
7.0,
0.0,
43.0,
186.0,
202.0,
243.0,
250.0,
255.0,
255.0,
255.0,
251.0,
248.0,
255.0,
239.0,
250.0,
138.0,
0.0,
0.0,
0.0,
0.0,
0.0,
0.0,
0.0,
0.0,
0.0,
0.0,
0.0,
0.0,
0.0,
0.0,
0.0,
0.0,
5.0,
32.0,
7.0,
14.0,
0.0,
8.0,
122.0,
255.0,
243.0,
255.0,
204.0,
25.0,
0.0,
0.0,
0.0,
0.0,
0.0,
0.0,
0.0,
0.0,
0.0,
0.0,
0.0,
0.0,
3.0,
11.0,
3.0,
0.0,
1.0,
0.0,
0.0,
3.0,
1.0,
90.0,
255.0,
243.0,
255.0,
244.0,
37.0,
0.0,
0.0,
0.0,
0.0,
0.0,
0.0,
0.0,
0.0,
0.0,
0.0,
0.0,
0.0,
0.0,
0.0,
0.0,
0.0,
19.0,
6.0,
0.0,
23.0,
0.0,
0.0,
254.0,
237.0,
246.0,
249.0,
69.0,
23.0,
2.0,
0.0,
0.0,
0.0,
0.0,
0.0,
0.0,
0.0,
0.0,
0.0,
0.0,
0.0,
0.0,
4.0,
5.0,
4.0,
10.0,
0.0,
0.0,
12.0,
0.0,
157.0,
245.0,
255.0,
255.0,
91.0,
5.0,
0.0,
0.0,
0.0,
0.0,
0.0,
0.0,
0.0,
0.0,
0.0,
0.0,
0.0,
0.0,
0.0,
0.0,
0.0,
0.0,
4.0,
0.0,
0.0,
14.0,
0.0,
79.0,
255.0,
237.0,
255.0,
140.0,
0.0,
0.0,
1.0,
4.0,
0.0,
0.0,
0.0,
0.0,
0.0,
0.0,
0.0,
0.0,
0.0,
0.0,
0.0,
0.0,
13.0,
0.0,
9.0,
0.0,
11.0,
0.0,
25.0,
163.0,
245.0,
255.0,
191.0,
13.0,
18.0,
6.0,
0.0,
2.0,
0.0,
0.0,
0.0,
0.0,
0.0,
0.0,
0.0,
0.0,
0.0,
0.0,
0.0,
0.0,
0.0,
5.0,
4.0,
0.0,
4.0,
0.0,
172.0,
255.0,
255.0,
232.0,
47.0,
0.0,
15.0,
0.0,
2.0,
0.0,
0.0,
0.0,
0.0,
0.0,
0.0,
3.0,
0.0,
3.0,
0.0,
0.0,
11.0,
1.0,
2.0,
0.0,
39.0,
33.0,
45.0,
170.0,
253.0,
251.0,
243.0,
33.0,
4.0,
0.0,
12.0,
3.0,
0.0,
4.0,
0.0,
0.0,
0.0,
0.0,
15.0,
0.0,
0.0,
1.0,
2.0,
0.0,
49.0,
120.0,
166.0,
190.0,
231.0,
255.0,
240.0,
253.0,
255.0,
253.0,
255.0,
167.0,
146.0,
50.0,
0.0,
0.0,
0.0,
0.0,
0.0,
0.0,
0.0,
0.0,
0.0,
13.0,
0.0,
0.0,
44.0,
215.0,
236.0,
255.0,
255.0,
254.0,
249.0,
234.0,
255.0,
243.0,
254.0,
247.0,
250.0,
255.0,
242.0,
119.0,
14.0,
0.0,
5.0,
5.0,
0.0,
0.0,
0.0,
0.0,
11.0,
4.0,
1.0,
1.0,
122.0,
248.0,
245.0,
244.0,
240.0,
241.0,
255.0,
248.0,
255.0,
255.0,
232.0,
209.0,
128.0,
116.0,
49.0,
0.0,
0.0,
3.0,
4.0,
0.0,
0.0,
0.0,
0.0,
0.0,
0.0,
2.0,
0.0,
20.0,
10.0,
76.0,
18.0,
77.0,
92.0,
63.0,
117.0,
240.0,
255.0,
250.0,
84.0,
0.0,
0.0,
11.0,
3.0,
21.0,
3.0,
1.0,
0.0,
6.0,
0.0,
0.0,
0.0,
0.0,
0.0,
11.0,
24.0,
0.0,
0.0,
10.0,
0.0,
6.0,
5.0,
8.0,
159.0,
255.0,
248.0,
119.0,
16.0,
0.0,
14.0,
16.0,
0.0,
0.0,
0.0,
10.0,
0.0,
0.0,
0.0,
0.0,
0.0,
0.0,
8.0,
0.0,
0.0,
5.0,
0.0,
13.0,
0.0,
4.0,
15.0,
104.0,
240.0,
255.0,
208.0,
24.0,
0.0,
0.0,
0.0,
1.0,
3.0,
2.0,
0.0,
3.0,
0.0,
0.0,
0.0,
0.0,
0.0,
0.0,
0.0,
0.0,
6.0,
9.0,
3.0,
0.0,
4.0,
3.0,
0.0,
216.0,
255.0,
247.0,
103.0,
5.0,
1.0,
3.0,
7.0,
0.0,
2.0,
3.0,
0.0,
5.0,
0.0,
1.0,
0.0,
0.0,
0.0,
0.0,
0.0,
0.0,
0.0,
0.0,
0.0,
0.0,
0.0,
0.0,
46.0,
230.0,
255.0,
216.0,
6.0,
17.0,
0.0,
11.0,
0.0,
0.0,
0.0,
0.0,
0.0,
0.0,
0.0,
0.0,
0.0,
0.0,
0.0,
0.0,
0.0,
0.0,
0.0,
0.0,
0.0,
0.0,
0.0,
0.0,
5.0,
151.0,
192.0,
88.0,
0.0,
6.0,
15.0,
0.0,
0.0,
0.0,
0.0,
0.0,
0.0,
0.0,
0.0,
0.0,
0.0,
0.0,
0.0,
0.0,
0.0,
0.0,
0.0,
0.0,
0.0,
0.0,
0.0,
0.0,
6.0,
0.0,
6.0,
0.0,
13.0,
0.0,
2.0,
2.0,
0.0,
0.0,
0.0,
0.0,
0.0,
0.0,
0.0,
0.0,
0.0,
0.0,
0.0,
0.0,
0.0,
0.0,
0.0,
0.0,
0.0,
0.0,
0.0,
0.0,
1.0,
0.0,
0.0,
6.0,
0.0,
0.0,
0.0,
7.0,
0.0,
0.0,
0.0,
0.0,
0.0,
0.0,
0.0,
0.0,
0.0,
0.0,
0.0,
0.0,
