0.0,
0.0,
0.0,
0.0,
0.0,
0.0,
0.0,
0.0,
0.0,
2.0,
5.0,
0.0,
0.0,
0.0,
2.0,
6.0,
2.0,
3.0,
2.0,
0.0,
0.0,
0.0,
0.0,
3.0,
0.0,
0.0,
0.0,
0.0,
0.0,
0.0,
0.0,
0.0,
0.0,
0.0,
0.0,
0.0,
7.0,
0.0,
0.0,
2.0,
4.0,
0.0,
0.0,
0.0,
0.0,
0.0,
0.0,
1.0,
1.0,
0.0,
0.0,
0.0,
0.0,
0.0,
0.0,
0.0,
0.0,
0.0,
0.0,
0.0,
0.0,
0.0,
0.0,
0.0,
0.0,
0.0,
0.0,
1.0,
7.0,
2.0,
0.0,
2.0,
5.0,
5.0,
4.0,
4.0,
3.0,
0.0,
0.0,
0.0,
0.0,
0.0,
0.0,
0.0,
0.0,
0.0,
0.0,
0.0,
0.0,
0.0,
0.0,
0.0,
3.0,
5.0,
6.0,
4.0,
0.0,
0.0,
0.0,
0.0,
0.0,
0.0,
0.0,
0.0,
0.0,
0.0,
1.0,
1.0,
0.0,
0.0,
0.0,
0.0,
0.0,
0.0,
0.0,
0.0,
0.0,
0.0,
0.0,
0.0,
0.0,
0.0,
0.0,
0.0,
0.0,
0.0,
2.0,
0.0,
8.0,
6.0,
3.0,
1.0,
1.0,
1.0,
1.0,
0.0,
0.0,
0.0,
0.0,
0.0,
0.0,
0.0,
0.0,
0.0,
0.0,
0.0,
0.0,
0.0,
7.0,
7.0,
2.0,
0.0,
3.0,
12.0,
9.0,
0.0,
0.0,
0.0,
0.0,
1.0,
0.0,
0.0,
0.0,
0.0,
0.0,
0.0,
0.0,
0.0,
0.0,
0.0,
0.0,
0.0,
0.0,
0.0,
0.0,
0.0,
0.0,
0.0,
0.0,
5.0,
1.0,
0.0,
0.0,
3.0,
0.0,
2.0,
3.0,
0.0,
0.0,
0.0,
1.0,
8.0,
0.0,
0.0,
0.0,
0.0,
0.0,
0.0,
0.0,
0.0,
0.0,
0.0,
0.0,
0.0,
0.0,
10.0,
50.0,
91.0,
93.0,
82.0,
112.0,
162.0,
115.0,
103.0,
78.0,
43.0,
11.0,
0.0,
0.0,
2.0,
0.0,
0.0,
0.0,
0.0,
3.0,
0.0,
2.0,
0.0,
0.0,
21.0,
91.0,
183.0,
184.0,
185.0,
222.0,
242.0,
255.0,
241.0,
255.0,
251.0,
255.0,
250.0,
254.0,
121.0,
0.0,
0.0,
2.0,
0.0,
0.0,
0.0,
0.0,
0.0,
0.0,
3.0,
20.0,
0.0,
59.0,
215.0,
255.0,
252.0,
238.0,
255.0,
255.0,
238.0,
254.0,
255.0,
242.0,
255.0,
249.0,
255.0,
255.0,
84.0,
0.0,
6.0,
9.0,
2.0,
0.0,
0.0,
0.0,
0.0,
32.0,
0.0,
0.0,
8.0,
110.0,
252.0,
255.0,
246.0,
255.0,
237.0,
226.0,
243.0,
89.0,
59.0,
190.0,
247.0,
254.0,
255.0,
208.0,
33.0,
0.0,
5.0,
0.0,
0.0,
0.0,
0.0,
0.0,
0.0,
0.0,
0.0,
21.0,
0.0,
61.0,
232.0,
243.0,
157.0,
129.0,
88.0,
3.0,
0.0,
19.0,
0.0,
34.0,
240.0,
255.0,
252.0,
108.0,
0.0,
7.0,
1.0,
0.0,
0.0,
0.0,
0.0,
0.0,
0.0,
10.0,
0.0,
0.0,
1.0,
2.0,
31.0,
48.0,
11.0,
0.0,
18.0,
0.0,
0.0,
1.0,
0.0,
157.0,
255.0,
246.0,
255.0,
36.0,
0.0,
6.0,
2.0,
2.0,
1.0,
0.0,
0.0,
0.0,
0.0,
0.0,
3.0,
0.0,
9.0,
0.0,
0.0,
8.0,
0.0,
2.0,
0.0,
26.0,
2.0,
0.0,
19.0,
185.0,
253.0,
246.0,
255.0,
29.0,
3.0,
0.0,
0.0,
7.0,
0.0,
0.0,
0.0,
0.0,
0.0,
0.0,
2.0,
0.0,
4.0,
2.0,
0.0,
9.0,
4.0,
1.0,
0.0,
0.0,
0.0,
0.0,
0.0,
195.0,
250.0,
254.0,
245.0,
28.0,
8.0,
0.0,
0.0,
0.0,
0.0,
0.0,
0.0,
0.0,
0.0,
4.0,
0.0,
3.0,
0.0,
0.0,
2.0,
0.0,
8.0,
0.0,
0.0,
7.0,
0.0,
0.0,
13.0,
190.0,
255.0,
252.0,
185.0,
5.0,
1.0,
8.0,
4.0,
0.0,
11.0,
0.0,
0.0,
0.0,
0.0,
0.0,
0.0,
0.0,
0.0,
0.0,
0.0,
0.0,
0.0,
1.0,
1.0,
4.0,
0.0,
2.0,
31.0,
202.0,
254.0,
254.0,
205.0,
21.0,
4.0,
0.0,
10.0,
0.0,
1.0,
0.0,
0.0,
0.0,
0.0,
0.0,
0.0,
0.0,
0.0,
0.0,
0.0,
0.0,
0.0,
0.0,
0.0,
2.0,
0.0,
0.0,
41.0,
211.0,
255.0,
255.0,
190.0,
24.0,
10.0,
0.0,
6.0,
0.0,
0.0,
0.0,
0.0,
0.0,
0.0,
0.0,
0.0,
0.0,
0.0,
0.0,
0.0,
0.0,
0.0,
0.0,
5.0,
1.0,
0.0,
0.0,
95.0,
254.0,
250.0,
244.0,
129.0,
0.0,
0.0,
0.0,
1.0,
0.0,
3.0,
0.0,
0.0,
0.0,
0.0,
0.0,
0.0,
0.0,
0.0,
0.0,
0.0,
0.0,
0.0,
0.0,
4.0,
0.0,
5.0,
0.0,
109.0,
255.0,
251.0,
255.0,
119.0,
0.0,
4.0,
0.0,
0.0,
0.0,
0.0,
0.0,
0.0,
0.0,
0.0,
0.0,
0.0,
0.0,
0.0,
0.0,
0.0,
0.0,
0.0,
1.0,
0.0,
0.0,
16.0,
0.0,
82.0,
243.0,
255.0,
255.0,
130.0,
1.0,
3.0,
1.0,
0.0,
1.0,
0.0,
0.0,
0.0,
0.0,
0.0,
0.0,
0.0,
0.0,
0.0,
0.0,
0.0,
0.0,
0.0,
0.0,
2.0,
0.0,
0.0,
6.0,
108.0,
255.0,
254.0,
242.0,
161.0,
1.0,
0.0,
0.0,
0.0,
5.0,
1.0,
0.0,
0.0,
0.0,
0.0,
0.0,
0.0,
0.0,
0.0,
0.0,
0.0,
0.0,
0.0,
0.0,
11.0,
3.0,
0.0,
6.0,
101.0,
255.0,
248.0,
255.0,
238.0,
33.0,
6.0,
4.0,
1.0,
1.0,
0.0,
0.0,
0.0,
0.0,
0.0,
0.0,
0.0,
0.0,
0.0,
0.0,
0.0,
0.0,
0.0,
0.0,
0.0,
9.0,
0.0,
0.0,
14.0,
191.0,
255.0,
250.0,
255.0,
32.0,
0.0,
0.0,
4.0,
4.0,
0.0,
0.0,
0.0,
0.0,
0.0,
0.0,
0.0,
0.0,
0.0,
0.0,
0.0,
0.0,
0.0,
0.0,
0.0,
3.0,
0.0,
0.0,
33.0,
154.0,
255.0,
255.0,
236.0,
36.0,
0.0,
10.0,
0.0,
0.0,
7.0,
0.0,
0.0,
0.0,
0.0,
0.0,
0.0,
0.0,
0.0,
0.0,
0.0,
0.0,
0.0,
4.0,
0.0,
2.0,
3.0,
0.0,
0.0,
27.0,
74.0,
253.0,
247.0,
208.0,
0.0,
0.0,
2.0,
26.0,
0.0,
0.0,
0.0,
0.0,
0.0,
0.0,
0.0,
0.0,
0.0,
0.0,
0.0,
0.0,
0.0,
2.0,
0.0,
0.0,
4.0,
6.0,
2.0,
0.0,
3.0,
86.0,
255.0,
77.0,
0.0,
8.0,
0.0,
0.0,
5.0,
0.0,
0.0,
0.0,
0.0,
0.0,
0.0,
0.0,
0.0,
0.0,
0.0,
0.0,
0.0,
3.0,
3.0,
0.0,
0.0,
0.0,
1.0,
3.0,
3.0,
18.0,
4.0,
12.0,
0.0,
0.0,
13.0,
0.0,
11.0,
0.0,
0.0,
0.0,
0.0,
