7.0,
0.0,
0.0,
0.0,
3.0,
3.0,
1.0,
2.0,
11.0,
3.0,
0.0,
0.0,
1.0,
5.0,
3.0,
0.0,
0.0,
0.0,
0.0,
0.0,
0.0,
0.0,
0.0,
0.0,
0.0,
0.0,
0.0,
0.0,
0.0,
4.0,
12.0,
4.0,
0.0,
0.0,
0.0,
0.0,
0.0,
0.0,
3.0,
6.0,
3.0,
0.0,
0.0,
0.0,
0.0,
0.0,
0.0,
0.0,
0.0,
0.0,
0.0,
0.0,
0.0,
0.0,
0.0,
0.0,
3.0,
2.0,
0.0,
0.0,
0.0,
0.0,
7.0,
12.0,
6.0,
7.0,
5.0,
0.0,
0.0,
0.0,
2.0,
9.0,
0.0,
0.0,
0.0,
0.0,
0.0,
0.0,
0.0,
0.0,
0.0,
0.0,
0.0,
0.0,
1.0,
0.0,
0.0,
8.0,
7.0,
0.0,
0.0,
0.0,
0.0,
0.0,
0.0,
1.0,
7.0,
7.0,
2.0,
0.0,
0.0,
0.0,
0.0,
0.0,
0.0,
0.0,
0.0,
0.0,
0.0,
0.0,
0.0,
0.0,
0.0,
0.0,
4.0,
9.0,
5.0,
0.0,
0.0,
9.0,
9.0,
7.0,
5.0,
3.0,
2.0,
0.0,
0.0,
0.0,
0.0,
0.0,
0.0,
0.0,
0.0,
0.0,
0.0,
0.0,
0.0,
0.0,
0.0,
0.0,
2.0,
4.0,
0.0,
0.0,
0.0,
8.0,
3.0,
0.0,
0.0,
0.0,
0.0,
0.0,
0.0,
0.0,
0.0,
7.0,
0.0,
0.0,
0.0,
0.0,
0.0,
0.0,
0.0,
0.0,
0.0,
0.0,
0.0,
0.0,
0.0,
0.0,
0.0,
2.0,
1.0,
0.0,
0.0,
10.0,
8.0,
4.0,
1.0,
2.0,
5.0,
5.0,
1.0,
0.0,
0.0,
0.0,
0.0,
0.0,
0.0,
0.0,
0.0,
0.0,
0.0,
0.0,
0.0,
0.0,
11.0,
0.0,
0.0,
11.0,
0.0,
0.0,
103.0,
230.0,
211.0,
145.0,
60.0,
5.0,
0.0,
1.0,
3.0,
0.0,
0.0,
0.0,
0.0,
0.0,
0.0,
0.0,
0.0,
0.0,
0.0,
0.0,
0.0,
0.0,
0.0,
4.0,
0.0,
7.0,
0.0,
3.0,
203.0,
249.0,
244.0,
255.0,
251.0,
217.0,
132.0,
83.0,
36.0,
0.0,
6.0,
0.0,
26.0,
22.0,
0.0,
0.0,
10.0,
0.0,
0.0,
0.0,
0.0,
0.0,
0.0,
7.0,
0.0,
0.0,
1.0,
70.0,
250.0,
253.0,
255.0,
224.0,
255.0,
255.0,
240.0,
255.0,
255.0,
198.0,
179.0,
188.0,
210.0,
206.0,
65.0,
0.0,
0.0,
0.0,
0.0,
0.0,
0.0,
0.0,
0.0,
0.0,
1.0,
0.0,
0.0,
90.0,
255.0,
252.0,
255.0,
165.0,
189.0,
199.0,
236.0,
255.0,
255.0,
245.0,
255.0,
255.0,
255.0,
255.0,
69.0,
3.0,
0.0,
9.0,
0.0,
0.0,
0.0,
0.0,
4.0,
0.0,
2.0,
4.0,
0.0,
36.0,
252.0,
253.0,
239.0,
32.0,
0.0,
16.0,
33.0,
109.0,
207.0,
246.0,
237.0,
255.0,
234.0,
248.0,
21.0,
0.0,
1.0,
5.0,
0.0,
0.0,
0.0,
0.0,
6.0,
0.0,
4.0,
7.0,
1.0,
0.0,
236.0,
255.0,
252.0,
117.0,
0.0,
0.0,
9.0,
0.0,
0.0,
37.0,
160.0,
254.0,
255.0,
225.0,
0.0,
0.0,
1.0,
0.0,
0.0,
0.0,
0.0,
0.0,
0.0,
4.0,
0.0,
0.0,
10.0,
0.0,
210.0,
255.0,
254.0,
114.0,
0.0,
9.0,
0.0,
7.0,
11.0,
0.0,
128.0,
243.0,
255.0,
162.0,
0.0,
4.0,
5.0,
0.0,
0.0,
0.0,
0.0,
0.0,
0.0,
3.0,
0.0,
0.0,
5.0,
0.0,
143.0,
247.0,
251.0,
106.0,
0.0,
0.0,
0.0,
0.0,
0.0,
0.0,
195.0,
255.0,
247.0,
80.0,
0.0,
6.0,
0.0,
0.0,
0.0,
0.0,
0.0,
0.0,
4.0,
2.0,
2.0,
3.0,
0.0,
0.0,
76.0,
243.0,
227.0,
31.0,
5.0,
13.0,
2.0,
0.0,
4.0,
17.0,
227.0,
254.0,
228.0,
26.0,
0.0,
0.0,
0.0,
10.0,
0.0,
0.0,
0.0,
0.0,
0.0,
0.0,
0.0,
0.0,
0.0,
0.0,
0.0,
0.0,
10.0,
0.0,
4.0,
3.0,
0.0,
4.0,
0.0,
61.0,
254.0,
255.0,
206.0,
6.0,
1.0,
0.0,
0.0,
2.0,
0.0,
0.0,
0.0,
0.0,
0.0,
0.0,
0.0,
0.0,
0.0,
0.0,
0.0,
0.0,
4.0,
0.0,
0.0,
0.0,
0.0,
7.0,
4.0,
109.0,
255.0,
255.0,
219.0,
3.0,
2.0,
3.0,
0.0,
3.0,
0.0,
0.0,
0.0,
0.0,
0.0,
0.0,
0.0,
0.0,
0.0,
0.0,
0.0,
0.0,
6.0,
0.0,
3.0,
1.0,
0.0,
0.0,
10.0,
139.0,
252.0,
252.0,
205.0,
0.0,
0.0,
1.0,
0.0,
0.0,
0.0,
0.0,
0.0,
0.0,
0.0,
0.0,
0.0,
0.0,
0.0,
0.0,
0.0,
0.0,
3.0,
0.0,
5.0,
6.0,
0.0,
0.0,
0.0,
141.0,
252.0,
249.0,
157.0,
0.0,
0.0,
0.0,
0.0,
0.0,
0.0,
0.0,
0.0,
0.0,
0.0,
0.0,
0.0,
0.0,
0.0,
0.0,
0.0,
0.0,
0.0,
0.0,
0.0,
2.0,
4.0,
0.0,
0.0,
144.0,
255.0,
253.0,
109.0,
5.0,
0.0,
2.0,
8.0,
0.0,
0.0,
0.0,
0.0,
0.0,
0.0,
0.0,
0.0,
0.0,
0.0,
0.0,
0.0,
0.0,
3.0,
0.0,
0.0,
0.0,
4.0,
0.0,
0.0,
145.0,
255.0,
252.0,
99.0,
6.0,
0.0,
1.0,
7.0,
0.0,
0.0,
0.0,
0.0,
0.0,
0.0,
0.0,
0.0,
0.0,
0.0,
0.0,
0.0,
0.0,
5.0,
7.0,
1.0,
0.0,
4.0,
1.0,
0.0,
139.0,
253.0,
247.0,
140.0,
0.0,
0.0,
0.0,
0.0,
0.0,
0.0,
0.0,
0.0,
0.0,
0.0,
0.0,
0.0,
0.0,
0.0,
0.0,
0.0,
0.0,
0.0,
3.0,
2.0,
0.0,
9.0,
6.0,
0.0,
137.0,
255.0,
248.0,
192.0,
0.0,
0.0,
5.0,
0.0,
0.0,
0.0,
0.0,
0.0,
0.0,
0.0,
0.0,
0.0,
0.0,
0.0,
0.0,
0.0,
0.0,
0.0,
10.0,
0.0,
0.0,
8.0,
5.0,
0.0,
142.0,
254.0,
255.0,
220.0,
0.0,
17.0,
0.0,
5.0,
7.0,
0.0,
0.0,
0.0,
0.0,
0.0,
0.0,
0.0,
0.0,
0.0,
0.0,
0.0,
0.0,
0.0,
2.0,
0.0,
3.0,
5.0,
0.0,
2.0,
156.0,
244.0,
255.0,
219.0,
0.0,
2.0,
0.0,
8.0,
0.0,
0.0,
0.0,
0.0,
0.0,
0.0,
0.0,
0.0,
0.0,
0.0,
0.0,
0.0,
0.0,
1.0,
0.0,
4.0,
6.0,
0.0,
0.0,
4.0,
115.0,
255.0,
255.0,
198.0,
10.0,
0.0,
2.0,
17.0,
1.0,
0.0,
0.0,
0.0,
0.0,
0.0,
0.0,
0.0,
0.0,
0.0,
0.0,
0.0,
0.0,
0.0,
0.0,
7.0,
0.0,
0.0,
5.0,
0.0,
27.0,
0.0,
0.0,
24.0,
0.0,
4.0,
1.0,
0.0,
0.0,
0.0,
0.0,
0.0,
0.0,
