0.0,
0.0,
0.0,
0.0,
0.0,
0.0,
0.0,
0.0,
6.0,
0.0,
0.0,
0.0,
0.0,
1.0,
2.0,
0.0,
0.0,
7.0,
0.0,
1.0,
3.0,
0.0,
2.0,
3.0,
0.0,
0.0,
0.0,
0.0,
0.0,
0.0,
0.0,
0.0,
0.0,
0.0,
0.0,
0.0,
0.0,
0.0,
0.0,
0.0,
4.0,
3.0,
10.0,
9.0,
11.0,
8.0,
0.0,
2.0,
5.0,
1.0,
0.0,
0.0,
0.0,
0.0,
0.0,
0.0,
0.0,
0.0,
0.0,
0.0,
0.0,
0.0,
0.0,
0.0,
2.0,
4.0,
11.0,
0.0,
10.0,
0.0,
0.0,
0.0,
0.0,
0.0,
0.0,
0.0,
0.0,
0.0,
3.0,
7.0,
0.0,
0.0,
0.0,
0.0,
0.0,
0.0,
0.0,
0.0,
0.0,
0.0,
0.0,
0.0,
0.0,
0.0,
4.0,
0.0,
16.0,
1.0,
8.0,
9.0,
8.0,
0.0,
16.0,
13.0,
3.0,
7.0,
0.0,
0.0,
0.0,
0.0,
0.0,
0.0,
0.0,
0.0,
0.0,
0.0,
0.0,
0.0,
0.0,
0.0,
8.0,
1.0,
0.0,
0.0,
1.0,
0.0,
1.0,
1.0,
7.0,
0.0,
0.0,
0.0,
0.0,
5.0,
3.0,
0.0,
0.0,
0.0,
0.0,
0.0,
0.0,
0.0,
0.0,
0.0,
0.0,
0.0,
0.0,
0.0,
0.0,
0.0,
2.0,
12.0,
3.0,
6.0,
6.0,
0.0,
0.0,
11.0,
0.0,
2.0,
4.0,
0.0,
0.0,
3.0,
0.0,
0.0,
0.0,
0.0,
0.0,
0.0,
0.0,
0.0,
0.0,
0.0,
0.0,
0.0,
0.0,
0.0,
0.0,
17.0,
0.0,
0.0,
4.0,
0.0,
0.0,
23.0,
0.0,
0.0,
19.0,
0.0,
2.0,
3.0,
0.0,
0.0,
0.0,
0.0,
0.0,
0.0,
0.0,
0.0,
0.0,
0.0,
0.0,
0.0,
4.0,
0.0,
8.0,
60.0,
39.0,
136.0,
214.0,
251.0,
255.0,
227.0,
49.0,
0.0,
10.0,
0.0,
6.0,
0.0,
0.0,
0.0,
0.0,
0.0,
8.0,
0.0,
1.0,
0.0,
2.0,
0.0,
12.0,
0.0,
0.0,
49.0,
155.0,
255.0,
241.0,
255.0,
255.0,
245.0,
255.0,
238.0,
162.0,
0.0,
0.0,
0.0,
0.0,
14.0,
0.0,
0.0,
0.0,
0.0,
0.0,
0.0,
4.0,
0.0,
7.0,
8.0,
6.0,
1.0,
56.0,
205.0,
255.0,
249.0,
247.0,
255.0,
239.0,
235.0,
199.0,
255.0,
227.0,
16.0,
0.0,
10.0,
3.0,
0.0,
0.0,
0.0,
0.0,
0.0,
0.0,
6.0,
3.0,
0.0,
0.0,
0.0,
0.0,
42.0,
220.0,
248.0,
255.0,
253.0,
236.0,
144.0,
56.0,
29.0,
71.0,
230.0,
227.0,
3.0,
0.0,
0.0,
14.0,
1.0,
0.0,
0.0,
0.0,
0.0,
0.0,
0.0,
0.0,
3.0,
5.0,
1.0,
7.0,
157.0,
255.0,
255.0,
250.0,
155.0,
70.0,
0.0,
0.0,
3.0,
145.0,
255.0,
223.0,
17.0,
2.0,
0.0,
0.0,
0.0,
0.0,
0.0,
0.0,
0.0,
0.0,
0.0,
0.0,
3.0,
5.0,
1.0,
7.0,
157.0,
255.0,
221.0,
133.0,
5.0,
0.0,
0.0,
0.0,
16.0,
199.0,
241.0,
123.0,
0.0,
11.0,
2.0,
1.0,
0.0,
0.0,
0.0,
0.0,
0.0,
0.0,
6.0,
3.0,
0.0,
0.0,
0.0,
0.0,
42.0,
98.0,
30.0,
8.0,
0.0,
9.0,
3.0,
1.0,
48.0,
255.0,
255.0,
96.0,
0.0,
10.0,
3.0,
0.0,
0.0,
0.0,
0.0,
0.0,
0.0,
0.0,
0.0,
4.0,
0.0,
7.0,
8.0,
6.0,
1.0,
21.0,
0.0,
0.0,
3.0,
0.0,
0.0,
0.0,
53.0,
253.0,
242.0,
62.0,
2.0,
0.0,
0.0,
0.0,
9.0,
0.0,
0.0,
0.0,
0.0,
8.0,
0.0,
1.0,
0.0,
2.0,
0.0,
12.0,
0.0,
0.0,
12.0,
0.0,
0.0,
15.0,
9.0,
0.0,
145.0,
255.0,
211.0,
11.0,
0.0,
2.0,
2.0,
0.0,
4.0,
0.0,
0.0,
0.0,
0.0,
0.0,
0.0,
0.0,
0.0,
0.0,
0.0,
0.0,
0.0,
10.0,
0.0,
9.0,
0.0,
0.0,
2.0,
40.0,
232.0,
246.0,
119.0,
6.0,
0.0,
0.0,
0.0,
6.0,
2.0,
0.0,
0.0,
0.0,
0.0,
0.0,
0.0,
0.0,
0.0,
0.0,
0.0,
0.0,
0.0,
0.0,
21.0,
0.0,
11.0,
0.0,
8.0,
139.0,
255.0,
251.0,
76.0,
0.0,
4.0,
3.0,
0.0,
0.0,
0.0,
0.0,
0.0,
0.0,
0.0,
0.0,
0.0,
0.0,
0.0,
0.0,
0.0,
0.0,
0.0,
0.0,
15.0,
0.0,
0.0,
0.0,
9.0,
208.0,
248.0,
172.0,
11.0,
0.0,
6.0,
0.0,
7.0,
0.0,
1.0,
0.0,
0.0,
0.0,
0.0,
0.0,
0.0,
0.0,
0.0,
0.0,
0.0,
0.0,
0.0,
4.0,
0.0,
7.0,
5.0,
3.0,
100.0,
240.0,
229.0,
48.0,
0.0,
0.0,
2.0,
0.0,
9.0,
6.0,
1.0,
0.0,
0.0,
0.0,
0.0,
0.0,
0.0,
0.0,
0.0,
0.0,
0.0,
0.0,
0.0,
1.0,
0.0,
0.0,
13.0,
27.0,
219.0,
255.0,
199.0,
0.0,
6.0,
9.0,
0.0,
0.0,
2.0,
4.0,
0.0,
0.0,
0.0,
0.0,
0.0,
0.0,
0.0,
0.0,
0.0,
0.0,
0.0,
0.0,
0.0,
0.0,
5.0,
0.0,
0.0,
107.0,
245.0,
255.0,
121.0,
0.0,
14.0,
0.0,
0.0,
7.0,
0.0,
0.0,
0.0,
0.0,
0.0,
0.0,
0.0,
0.0,
0.0,
0.0,
0.0,
0.0,
0.0,
0.0,
0.0,
7.0,
6.0,
14.0,
51.0,
218.0,
242.0,
195.0,
42.0,
3.0,
0.0,
0.0,
0.0,
0.0,
0.0,
0.0,
4.0,
0.0,
0.0,
0.0,
0.0,
0.0,
0.0,
0.0,
0.0,
0.0,
0.0,
0.0,
0.0,
0.0,
0.0,
0.0,
145.0,
255.0,
255.0,
75.0,
0.0,
5.0,
0.0,
19.0,
6.0,
0.0,
9.0,
0.0,
1.0,
0.0,
0.0,
0.0,
0.0,
0.0,
0.0,
0.0,
0.0,
0.0,
0.0,
0.0,
0.0,
8.0,
0.0,
2.0,
199.0,
250.0,
243.0,
78.0,
0.0,
0.0,
0.0,
0.0,
0.0,
0.0,
0.0,
0.0,
0.0,
0.0,
0.0,
0.0,
0.0,
0.0,
0.0,
0.0,
0.0,
0.0,
0.0,
0.0,
0.0,
0.0,
0.0,
72.0,
255.0,
255.0,
130.0,
0.0,
2.0,
0.0,
0.0,
0.0,
0.0,
0.0,
0.0,
0.0,
0.0,
0.0,
0.0,
0.0,
0.0,
0.0,
0.0,
0.0,
0.0,
0.0,
0.0,
0.0,
0.0,
0.0,
21.0,
0.0,
196.0,
185.0,
0.0,
9.0,
0.0,
0.0,
0.0,
0.0,
0.0,
0.0,
0.0,
0.0,
0.0,
0.0,
0.0,
0.0,
0.0,
0.0,
0.0,
0.0,
0.0,
0.0,
0.0,
0.0,
0.0,
3.0,
0.0,
21.0,
0.0,
2.0,
28.0,
0.0,
0.0,
0.0,
0.0,
0.0,
0.0,
0.0,
0.0,
0.0,
0.0,
0.0,
0.0,
0.0,
0.0,
