0.0,
0.0,
0.0,
0.0,
0.0,
0.0,
0.0,
0.0,
4.0,
3.0,
1.0,
1.0,
1.0,
2.0,
3.0,
4.0,
0.0,
3.0,
1.0,
1.0,
4.0,
0.0,
0.0,
2.0,
0.0,
0.0,
0.0,
0.0,
0.0,
0.0,
0.0,
0.0,
0.0,
0.0,
0.0,
0.0,
0.0,
0.0,
0.0,
0.0,
0.0,
0.0,
0.0,
0.0,
0.0,
3.0,
1.0,
0.0,
0.0,
2.0,
4.0,
4.0,
0.0,
0.0,
0.0,
0.0,
0.0,
0.0,
0.0,
0.0,
0.0,
0.0,
0.0,
0.0,
0.0,
0.0,
0.0,
1.0,
3.0,
5.0,
6.0,
7.0,
0.0,
3.0,
8.0,
4.0,
0.0,
4.0,
6.0,
0.0,
0.0,
0.0,
0.0,
0.0,
0.0,
0.0,
0.0,
0.0,
0.0,
0.0,
0.0,
0.0,
6.0,
4.0,
1.0,
0.0,
0.0,
0.0,
0.0,
0.0,
0.0,
0.0,
0.0,
0.0,
0.0,
0.0,
6.0,
0.0,
0.0,
0.0,
0.0,
0.0,
0.0,
0.0,
0.0,
0.0,
0.0,
0.0,
0.0,
0.0,
0.0,
0.0,
1.0,
3.0,
3.0,
3.0,
2.0,
1.0,
20.0,
5.0,
1.0,
6.0,
3.0,
0.0,
0.0,
3.0,
0.0,
0.0,
0.0,
0.0,
0.0,
0.0,
0.0,
0.0,
0.0,
0.0,
0.0,
0.0,
0.0,
0.0,
1.0,
5.0,
5.0,
2.0,
0.0,
0.0,
0.0,
0.0,
0.0,
2.0,
14.0,
3.0,
0.0,
0.0,
0.0,
0.0,
0.0,
0.0,
0.0,
0.0,
0.0,
0.0,
0.0,
0.0,
0.0,
0.0,
7.0,
4.0,
0.0,
0.0,
0.0,
0.0,
0.0,
0.0,
1.0,
20.0,
0.0,
0.0,
4.0,
7.0,
0.0,
3.0,
0.0,
0.0,
0.0,
0.0,
0.0,
0.0,
0.0,
0.0,
0.0,
0.0,
0.0,
0.0,
0.0,
0.0,
0.0,
2.0,
22.0,
53.0,
84.0,
103.0,
170.0,
174.0,
88.0,
0.0,
0.0,
2.0,
0.0,
6.0,
0.0,
0.0,
0.0,
0.0,
0.0,
9.0,
0.0,
0.0,
5.0,
0.0,
0.0,
21.0,
91.0,
129.0,
167.0,
215.0,
240.0,
246.0,
255.0,
255.0,
255.0,
252.0,
194.0,
22.0,
4.0,
3.0,
0.0,
0.0,
0.0,
0.0,
0.0,
0.0,
0.0,
8.0,
0.0,
0.0,
0.0,
6.0,
143.0,
197.0,
255.0,
255.0,
246.0,
252.0,
255.0,
252.0,
255.0,
244.0,
249.0,
251.0,
252.0,
121.0,
0.0,
0.0,
6.0,
1.0,
0.0,
0.0,
0.0,
0.0,
0.0,
2.0,
0.0,
0.0,
1.0,
5.0,
230.0,
255.0,
254.0,
242.0,
213.0,
206.0,
191.0,
153.0,
113.0,
69.0,
12.0,
153.0,
255.0,
177.0,
0.0,
0.0,
3.0,
11.0,
0.0,
0.0,
0.0,
0.0,
0.0,
0.0,
0.0,
2.0,
9.0,
0.0,
143.0,
131.0,
103.0,
71.0,
17.0,
0.0,
0.0,
0.0,
6.0,
0.0,
0.0,
210.0,
255.0,
126.0,
6.0,
13.0,
0.0,
0.0,
0.0,
0.0,
0.0,
0.0,
0.0,
0.0,
0.0,
2.0,
9.0,
0.0,
20.0,
0.0,
3.0,
2.0,
0.0,
0.0,
2.0,
1.0,
9.0,
0.0,
22.0,
242.0,
249.0,
47.0,
0.0,
7.0,
0.0,
12.0,
0.0,
0.0,
0.0,
0.0,
3.0,
6.0,
0.0,
0.0,
0.0,
3.0,
0.0,
0.0,
0.0,
6.0,
0.0,
4.0,
0.0,
0.0,
0.0,
0.0,
70.0,
255.0,
255.0,
58.0,
8.0,
0.0,
0.0,
5.0,
0.0,
0.0,
0.0,
0.0,
1.0,
4.0,
0.0,
0.0,
0.0,
8.0,
0.0,
12.0,
0.0,
0.0,
0.0,
3.0,
2.0,
0.0,
4.0,
0.0,
107.0,
242.0,
211.0,
10.0,
0.0,
0.0,
12.0,
0.0,
0.0,
0.0,
0.0,
0.0,
0.0,
0.0,
3.0,
12.0,
0.0,
0.0,
3.0,
0.0,
5.0,
7.0,
0.0,
1.0,
3.0,
0.0,
3.0,
0.0,
101.0,
255.0,
216.0,
0.0,
0.0,
4.0,
5.0,
0.0,
0.0,
0.0,
0.0,
0.0,
0.0,
0.0,
0.0,
0.0,
0.0,
0.0,
0.0,
0.0,
0.0,
16.0,
4.0,
0.0,
0.0,
10.0,
0.0,
1.0,
127.0,
247.0,
129.0,
0.0,
0.0,
1.0,
7.0,
0.0,
0.0,
0.0,
0.0,
0.0,
0.0,
0.0,
0.0,
0.0,
0.0,
0.0,
0.0,
0.0,
0.0,
0.0,
0.0,
3.0,
4.0,
0.0,
3.0,
23.0,
211.0,
255.0,
118.0,
6.0,
3.0,
0.0,
0.0,
0.0,
0.0,
0.0,
0.0,
0.0,
0.0,
0.0,
0.0,
0.0,
0.0,
0.0,
0.0,
0.0,
15.0,
5.0,
0.0,
5.0,
0.0,
0.0,
0.0,
41.0,
255.0,
254.0,
66.0,
5.0,
4.0,
0.0,
0.0,
3.0,
0.0,
0.0,
0.0,
0.0,
0.0,
0.0,
0.0,
0.0,
0.0,
0.0,
0.0,
0.0,
0.0,
0.0,
0.0,
0.0,
0.0,
12.0,
15.0,
120.0,
252.0,
198.0,
11.0,
0.0,
0.0,
0.0,
3.0,
3.0,
0.0,
0.0,
0.0,
0.0,
0.0,
0.0,
0.0,
0.0,
0.0,
0.0,
0.0,
0.0,
6.0,
12.0,
10.0,
7.0,
0.0,
11.0,
0.0,
165.0,
255.0,
165.0,
0.0,
3.0,
0.0,
0.0,
3.0,
0.0,
0.0,
0.0,
0.0,
0.0,
0.0,
0.0,
0.0,
0.0,
0.0,
0.0,
0.0,
0.0,
0.0,
0.0,
0.0,
5.0,
0.0,
8.0,
0.0,
229.0,
255.0,
133.0,
7.0,
6.0,
0.0,
2.0,
3.0,
0.0,
0.0,
0.0,
0.0,
0.0,
0.0,
0.0,
0.0,
0.0,
0.0,
0.0,
0.0,
0.0,
10.0,
0.0,
2.0,
0.0,
0.0,
0.0,
41.0,
235.0,
239.0,
77.0,
1.0,
4.0,
0.0,
4.0,
1.0,
0.0,
0.0,
0.0,
0.0,
0.0,
0.0,
0.0,
0.0,
0.0,
0.0,
0.0,
0.0,
0.0,
0.0,
0.0,
11.0,
0.0,
0.0,
14.0,
134.0,
255.0,
211.0,
31.0,
0.0,
4.0,
0.0,
5.0,
0.0,
0.0,
0.0,
0.0,
0.0,
0.0,
0.0,
0.0,
0.0,
0.0,
0.0,
0.0,
0.0,
0.0,
0.0,
9.0,
0.0,
1.0,
0.0,
0.0,
197.0,
243.0,
141.0,
13.0,
0.0,
0.0,
0.0,
7.0,
0.0,
0.0,
0.0,
0.0,
0.0,
0.0,
0.0,
0.0,
0.0,
0.0,
0.0,
0.0,
0.0,
0.0,
3.0,
17.0,
0.0,
0.0,
3.0,
15.0,
218.0,
255.0,
95.0,
3.0,
0.0,
2.0,
0.0,
5.0,
0.0,
1.0,
0.0,
0.0,
0.0,
0.0,
0.0,
0.0,
0.0,
0.0,
0.0,
0.0,
0.0,
0.0,
0.0,
0.0,
0.0,
0.0,
5.0,
19.0,
151.0,
185.0,
37.0,
0.0,
1.0,
3.0,
0.0,
4.0,
0.0,
4.0,
0.0,
0.0,
0.0,
0.0,
0.0,
0.0,
0.0,
0.0,
0.0,
0.0,
0.0,
0.0,
12.0,
6.0,
10.0,
0.0,
0.0,
0.0,
17.0,
2.0,
0.0,
0.0,
3.0,
0.0,
2.0,
3.0,
0.0,
5.0,
0.0,
0.0,
0.0,
0.0,
