0.0,
0.0,
0.0,
0.0,
0.0,
0.0,
0.0,
0.0,
0.0,
0.0,
0.0,
0.0,
0.0,
0.0,
0.0,
0.0,
0.0,
0.0,
0.0,
0.0,
0.0,
0.0,
0.0,
0.0,
0.0,
0.0,
0.0,
0.0,
0.0,
0.0,
0.0,
0.0,
0.0,
0.0,
0.0,
0.0,
0.0,
0.0,
0.0,
0.0,
0.0,
0.0,
0.0,
0.0,
0.0,
0.0,
0.0,
0.0,
0.0,
0.0,
0.0,
0.0,
0.0,
0.0,
0.0,
0.0,
0.0,
0.0,
0.0,
0.0,
0.0,
0.0,
0.0,
0.0,
0.0,
0.0,
0.0,
0.0,
0.0,
0.0,
0.0,
0.0,
0.0,
0.0,
0.0,
0.0,
0.0,
0.0,
0.0,
0.0,
0.0,
0.0,
0.0,
0.0,
0.0,
0.0,
0.0,
0.0,
0.0,
0.0,
0.0,
0.0,
0.0,
0.0,
0.0,
0.0,
0.0,
0.0,
0.0,
0.0,
0.0,
0.0,
0.0,
0.0,
0.0,
0.0,
0.0,
0.0,
0.0,
0.0,
0.0,
0.0,
0.0,
0.0,
0.0,
0.0,
0.0,
0.0,
0.0,
0.0,
0.0,
0.0,
0.0,
0.0,
0.0,
0.0,
0.0,
0.0,
0.0,
0.0,
0.0,
0.0,
0.0,
0.0,
0.0,
0.0,
0.0,
0.0,
0.0,
0.0,
0.0,
0.0,
0.0,
0.0,
0.0,
0.0,
0.0,
0.0,
0.0,
0.0,
0.0,
0.0,
0.0,
0.0,
0.0,
0.0,
0.0,
0.0,
0.0,
0.0,
0.0,
0.0,
0.0,
0.0,
0.0,
0.0,
0.0,
0.0,
0.0,
0.0,
0.0,
0.0,
0.0,
0.0,
0.0,
0.0,
0.0,
0.0,
0.0,
0.0,
0.0,
0.0,
0.0,
0.0,
0.0,
0.0,
0.0,
0.0,
0.0,
0.0,
0.0,
0.0,
0.0,
0.0,
0.0,
0.0,
0.0,
0.0,
0.0,
0.0,
0.0,
0.0,
0.0,
0.0,
0.0,
0.0,
0.0,
0.0,
0.0,
0.0,
0.0,
0.0,
0.0,
0.0,
0.0,
0.0,
0.0,
0.0,
0.0,
0.0,
0.0,
0.0,
0.0,
0.0,
0.0,
8.0,
1.0,
0.0,
57.0,
159.0,
128.0,
118.0,
89.0,
120.0,
48.0,
131.0,
159.0,
152.0,
178.0,
227.0,
255.0,
240.0,
255.0,
209.0,
80.0,
3.0,
0.0,
0.0,
0.0,
0.0,
0.0,
0.0,
8.0,
0.0,
7.0,
21.0,
173.0,
255.0,
255.0,
247.0,
255.0,
255.0,
230.0,
255.0,
242.0,
246.0,
255.0,
248.0,
254.0,
255.0,
255.0,
251.0,
220.0,
27.0,
1.0,
2.0,
0.0,
0.0,
0.0,
0.0,
0.0,
15.0,
0.0,
0.0,
64.0,
229.0,
245.0,
252.0,
233.0,
244.0,
253.0,
244.0,
187.0,
155.0,
120.0,
37.0,
28.0,
43.0,
121.0,
243.0,
255.0,
71.0,
1.0,
0.0,
0.0,
0.0,
0.0,
0.0,
0.0,
0.0,
15.0,
0.0,
8.0,
7.0,
0.0,
0.0,
18.0,
0.0,
6.0,
0.0,
0.0,
0.0,
12.0,
0.0,
12.0,
0.0,
176.0,
255.0,
199.0,
15.0,
0.0,
10.0,
0.0,
0.0,
0.0,
0.0,
8.0,
0.0,
0.0,
0.0,
8.0,
0.0,
0.0,
11.0,
3.0,
0.0,
10.0,
1.0,
18.0,
5.0,
4.0,
8.0,
0.0,
17.0,
235.0,
255.0,
145.0,
0.0,
9.0,
0.0,
0.0,
0.0,
0.0,
0.0,
0.0,
7.0,
0.0,
8.0,
0.0,
17.0,
1.0,
2.0,
0.0,
4.0,
8.0,
0.0,
5.0,
0.0,
0.0,
0.0,
4.0,
147.0,
229.0,
255.0,
63.0,
0.0,
11.0,
2.0,
0.0,
0.0,
0.0,
0.0,
17.0,
0.0,
6.0,
3.0,
15.0,
0.0,
0.0,
4.0,
0.0,
9.0,
7.0,
0.0,
9.0,
6.0,
8.0,
4.0,
25.0,
237.0,
255.0,
255.0,
5.0,
0.0,
0.0,
2.0,
0.0,
0.0,
0.0,
0.0,
0.0,
4.0,
0.0,
0.0,
0.0,
14.0,
13.0,
0.0,
3.0,
2.0,
0.0,
4.0,
0.0,
0.0,
5.0,
0.0,
178.0,
255.0,
255.0,
146.0,
0.0,
11.0,
10.0,
0.0,
0.0,
0.0,
0.0,
0.0,
0.0,
0.0,
0.0,
0.0,
0.0,
0.0,
0.0,
0.0,
0.0,
0.0,
0.0,
4.0,
0.0,
0.0,
12.0,
26.0,
221.0,
255.0,
224.0,
0.0,
14.0,
0.0,
0.0,
7.0,
0.0,
0.0,
0.0,
0.0,
0.0,
0.0,
0.0,
0.0,
0.0,
0.0,
0.0,
0.0,
1.0,
6.0,
0.0,
3.0,
0.0,
13.0,
0.0,
158.0,
255.0,
251.0,
154.0,
13.0,
16.0,
0.0,
0.0,
0.0,
0.0,
0.0,
0.0,
0.0,
0.0,
0.0,
0.0,
0.0,
0.0,
0.0,
0.0,
0.0,
0.0,
5.0,
0.0,
4.0,
0.0,
12.0,
21.0,
250.0,
255.0,
169.0,
33.0,
0.0,
1.0,
0.0,
8.0,
0.0,
0.0,
0.0,
0.0,
0.0,
0.0,
0.0,
0.0,
0.0,
0.0,
0.0,
0.0,
0.0,
0.0,
0.0,
0.0,
9.0,
0.0,
3.0,
145.0,
250.0,
255.0,
120.0,
0.0,
1.0,
0.0,
0.0,
8.0,
1.0,
0.0,
0.0,
0.0,
0.0,
0.0,
0.0,
0.0,
0.0,
0.0,
0.0,
0.0,
0.0,
0.0,
1.0,
1.0,
8.0,
1.0,
36.0,
243.0,
255.0,
208.0,
62.0,
6.0,
5.0,
0.0,
0.0,
3.0,
0.0,
0.0,
0.0,
0.0,
0.0,
0.0,
0.0,
0.0,
0.0,
0.0,
0.0,
0.0,
0.0,
0.0,
5.0,
0.0,
0.0,
0.0,
113.0,
253.0,
255.0,
79.0,
0.0,
0.0,
0.0,
0.0,
1.0,
4.0,
2.0,
0.0,
0.0,
0.0,
0.0,
0.0,
0.0,
0.0,
0.0,
0.0,
0.0,
0.0,
0.0,
0.0,
6.0,
0.0,
0.0,
12.0,
191.0,
244.0,
212.0,
22.0,
0.0,
6.0,
6.0,
5.0,
0.0,
3.0,
0.0,
0.0,
0.0,
0.0,
0.0,
0.0,
0.0,
0.0,
0.0,
0.0,
0.0,
0.0,
0.0,
0.0,
9.0,
0.0,
0.0,
37.0,
237.0,
255.0,
120.0,
0.0,
8.0,
0.0,
6.0,
0.0,
0.0,
5.0,
0.0,
0.0,
0.0,
0.0,
0.0,
0.0,
0.0,
0.0,
0.0,
0.0,
0.0,
0.0,
0.0,
6.0,
0.0,
16.0,
0.0,
21.0,
243.0,
255.0,
80.0,
0.0,
13.0,
4.0,
0.0,
0.0,
3.0,
0.0,
0.0,
0.0,
0.0,
0.0,
0.0,
0.0,
0.0,
0.0,
0.0,
0.0,
0.0,
0.0,
0.0,
0.0,
6.0,
0.0,
0.0,
7.0,
122.0,
247.0,
153.0,
6.0,
0.0,
0.0,
0.0,
0.0,
0.0,
0.0,
4.0,
0.0,
0.0,
0.0,
0.0,
0.0,
0.0,
0.0,
0.0,
0.0,
0.0,
0.0,
0.0,
0.0,
4.0,
0.0,
9.0,
19.0,
44.0,
215.0,
250.0,
85.0,
0.0,
4.0,
4.0,
0.0,
3.0,
0.0,
2.0,
0.0,
0.0,
0.0,
0.0,
0.0,
0.0,
0.0,
0.0,
0.0,
0.0,
0.0,
0.0,
12.0,
0.0,
3.0,
0.0,
0.0,
0.0,
46.0,
168.0,
183.0,
9.0,
2.0,
0.0,
0.0,
12.0,
0.0,
0.0,
0.0,
0.0,
0.0,
0.0,
