0.0,
0.0,
0.0,
0.0,
0.0,
0.0,
0.0,
0.0,
0.0,
0.0,
0.0,
3.0,
6.0,
4.0,
0.0,
0.0,
0.0,
16.0,
0.0,
0.0,
7.0,
0.0,
3.0,
0.0,
0.0,
0.0,
0.0,
0.0,
0.0,
0.0,
0.0,
0.0,
0.0,
0.0,
0.0,
0.0,
0.0,
5.0,
7.0,
0.0,
0.0,
0.0,
0.0,
0.0,
2.0,
0.0,
0.0,
8.0,
5.0,
0.0,
3.0,
4.0,
0.0,
0.0,
0.0,
0.0,
0.0,
0.0,
0.0,
0.0,
0.0,
0.0,
0.0,
0.0,
0.0,
5.0,
3.0,
0.0,
0.0,
4.0,
6.0,
1.0,
0.0,
4.0,
4.0,
0.0,
0.0,
0.0,
18.0,
0.0,
0.0,
0.0,
0.0,
0.0,
0.0,
0.0,
0.0,
0.0,
0.0,
0.0,
0.0,
0.0,
0.0,
0.0,
0.0,
0.0,
1.0,
2.0,
0.0,
0.0,
0.0,
0.0,
0.0,
0.0,
0.0,
0.0,
1.0,
0.0,
0.0,
0.0,
0.0,
0.0,
0.0,
0.0,
0.0,
0.0,
0.0,
0.0,
0.0,
0.0,
4.0,
0.0,
3.0,
9.0,
4.0,
0.0,
0.0,
8.0,
0.0,
4.0,
0.0,
0.0,
5.0,
7.0,
0.0,
2.0,
0.0,
0.0,
0.0,
0.0,
0.0,
0.0,
0.0,
0.0,
0.0,
0.0,
0.0,
0.0,
6.0,
0.0,
0.0,
0.0,
1.0,
0.0,
0.0,
4.0,
3.0,
8.0,
8.0,
0.0,
6.0,
7.0,
0.0,
2.0,
0.0,
0.0,
0.0,
0.0,
0.0,
0.0,
0.0,
0.0,
0.0,
0.0,
0.0,
0.0,
0.0,
5.0,
12.0,
2.0,
0.0,
0.0,
1.0,
0.0,
3.0,
0.0,
2.0,
0.0,
0.0,
2.0,
6.0,
0.0,
0.0,
0.0,
0.0,
0.0,
0.0,
0.0,
0.0,
0.0,
0.0,
0.0,
0.0,
0.0,
0.0,
74.0,
118.0,
76.0,
14.0,
0.0,
22.0,
40.0,
46.0,
127.0,
175.0,
59.0,
27.0,
198.0,
229.0,
76.0,
0.0,
0.0,
0.0,
0.0,
2.0,
0.0,
6.0,
0.0,
4.0,
0.0,
0.0,
4.0,
89.0,
255.0,
255.0,
255.0,
235.0,
249.0,
245.0,
242.0,
216.0,
225.0,
251.0,
206.0,
255.0,
240.0,
253.0,
252.0,
0.0,
0.0,
0.0,
0.0,
0.0,
2.0,
0.0,
3.0,
6.0,
0.0,
19.0,
43.0,
253.0,
245.0,
237.0,
197.0,
148.0,
190.0,
185.0,
209.0,
211.0,
176.0,
115.0,
99.0,
49.0,
254.0,
247.0,
211.0,
0.0,
0.0,
0.0,
0.0,
2.0,
10.0,
0.0,
0.0,
3.0,
0.0,
26.0,
233.0,
255.0,
255.0,
171.0,
32.0,
0.0,
7.0,
16.0,
0.0,
11.0,
7.0,
9.0,
5.0,
164.0,
251.0,
255.0,
70.0,
0.0,
0.0,
0.0,
0.0,
0.0,
1.0,
7.0,
0.0,
11.0,
48.0,
213.0,
253.0,
246.0,
160.0,
47.0,
0.0,
11.0,
1.0,
2.0,
0.0,
4.0,
0.0,
0.0,
63.0,
255.0,
249.0,
194.0,
0.0,
0.0,
0.0,
0.0,
0.0,
0.0,
0.0,
0.0,
14.0,
40.0,
219.0,
251.0,
255.0,
202.0,
18.0,
7.0,
0.0,
3.0,
0.0,
0.0,
8.0,
0.0,
0.0,
66.0,
223.0,
255.0,
252.0,
76.0,
2.0,
0.0,
0.0,
0.0,
0.0,
4.0,
9.0,
0.0,
0.0,
247.0,
250.0,
255.0,
204.0,
35.0,
0.0,
12.0,
0.0,
0.0,
0.0,
11.0,
7.0,
10.0,
92.0,
209.0,
255.0,
240.0,
102.0,
1.0,
0.0,
0.0,
0.0,
0.0,
0.0,
8.0,
0.0,
11.0,
10.0,
193.0,
240.0,
173.0,
23.0,
0.0,
25.0,
0.0,
0.0,
29.0,
0.0,
7.0,
0.0,
50.0,
223.0,
255.0,
255.0,
179.0,
18.0,
0.0,
0.0,
0.0,
0.0,
0.0,
0.0,
0.0,
17.0,
0.0,
0.0,
0.0,
20.0,
11.0,
0.0,
0.0,
0.0,
6.0,
6.0,
0.0,
0.0,
9.0,
3.0,
164.0,
255.0,
242.0,
209.0,
26.0,
0.0,
0.0,
0.0,
0.0,
0.0,
0.0,
0.0,
0.0,
0.0,
0.0,
0.0,
0.0,
0.0,
0.0,
0.0,
0.0,
2.0,
7.0,
0.0,
6.0,
12.0,
0.0,
145.0,
255.0,
242.0,
232.0,
15.0,
3.0,
0.0,
7.0,
0.0,
0.0,
0.0,
0.0,
0.0,
0.0,
0.0,
0.0,
0.0,
0.0,
0.0,
0.0,
0.0,
19.0,
0.0,
1.0,
10.0,
0.0,
0.0,
115.0,
234.0,
254.0,
255.0,
123.0,
2.0,
0.0,
0.0,
4.0,
0.0,
0.0,
0.0,
0.0,
0.0,
0.0,
0.0,
0.0,
0.0,
0.0,
0.0,
0.0,
0.0,
0.0,
5.0,
0.0,
0.0,
18.0,
4.0,
100.0,
240.0,
251.0,
187.0,
0.0,
0.0,
8.0,
0.0,
0.0,
2.0,
0.0,
0.0,
0.0,
0.0,
0.0,
0.0,
0.0,
0.0,
0.0,
0.0,
0.0,
0.0,
0.0,
12.0,
1.0,
4.0,
63.0,
209.0,
254.0,
237.0,
174.0,
39.0,
0.0,
4.0,
5.0,
2.0,
0.0,
3.0,
0.0,
0.0,
0.0,
0.0,
0.0,
0.0,
0.0,
0.0,
0.0,
0.0,
0.0,
0.0,
1.0,
0.0,
0.0,
134.0,
230.0,
255.0,
233.0,
153.0,
41.0,
0.0,
20.0,
1.0,
0.0,
6.0,
2.0,
0.0,
0.0,
0.0,
0.0,
0.0,
0.0,
0.0,
0.0,
0.0,
0.0,
0.0,
0.0,
0.0,
7.0,
36.0,
234.0,
255.0,
255.0,
244.0,
95.0,
0.0,
0.0,
7.0,
0.0,
1.0,
0.0,
9.0,
0.0,
0.0,
0.0,
0.0,
0.0,
0.0,
0.0,
0.0,
0.0,
0.0,
0.0,
0.0,
0.0,
0.0,
30.0,
199.0,
242.0,
250.0,
210.0,
55.0,
27.0,
0.0,
0.0,
14.0,
0.0,
4.0,
12.0,
5.0,
0.0,
0.0,
0.0,
0.0,
0.0,
0.0,
0.0,
0.0,
0.0,
0.0,
0.0,
0.0,
0.0,
0.0,
194.0,
255.0,
255.0,
201.0,
55.0,
0.0,
0.0,
0.0,
0.0,
0.0,
11.0,
2.0,
0.0,
0.0,
9.0,
0.0,
0.0,
0.0,
0.0,
0.0,
0.0,
4.0,
0.0,
0.0,
0.0,
8.0,
3.0,
184.0,
245.0,
255.0,
180.0,
30.0,
0.0,
2.0,
0.0,
10.0,
0.0,
0.0,
0.0,
0.0,
0.0,
0.0,
0.0,
0.0,
0.0,
0.0,
0.0,
0.0,
0.0,
0.0,
9.0,
11.0,
0.0,
6.0,
170.0,
255.0,
255.0,
182.0,
66.0,
0.0,
0.0,
6.0,
0.0,
0.0,
0.0,
0.0,
0.0,
0.0,
0.0,
0.0,
0.0,
0.0,
0.0,
0.0,
0.0,
0.0,
6.0,
0.0,
4.0,
5.0,
0.0,
5.0,
166.0,
158.0,
146.0,
46.0,
0.0,
0.0,
0.0,
0.0,
1.0,
0.0,
0.0,
0.0,
0.0,
0.0,
0.0,
0.0,
0.0,
0.0,
0.0,
0.0,
0.0,
0.0,
5.0,
0.0,
0.0,
0.0,
0.0,
19.0,
13.0,
4.0,
10.0,
0.0,
0.0,
16.0,
0.0,
0.0,
6.0,
0.0,
0.0,
0.0,
0.0,
0.0,
0.0,
0.0,
0.0,
0.0,
0.0,
0.0,
0.0,
0.0,
