0.0,
0.0,
0.0,
0.0,
0.0,
0.0,
0.0,
0.0,
3.0,
1.0,
1.0,
4.0,
3.0,
0.0,
0.0,
0.0,
3.0,
5.0,
0.0,
0.0,
4.0,
0.0,
0.0,
2.0,
0.0,
0.0,
0.0,
0.0,
0.0,
0.0,
0.0,
0.0,
0.0,
0.0,
0.0,
0.0,
1.0,
0.0,
0.0,
0.0,
0.0,
7.0,
4.0,
0.0,
0.0,
2.0,
2.0,
0.0,
7.0,
5.0,
0.0,
0.0,
0.0,
0.0,
0.0,
0.0,
0.0,
0.0,
0.0,
0.0,
0.0,
0.0,
0.0,
0.0,
0.0,
3.0,
1.0,
0.0,
0.0,
4.0,
4.0,
0.0,
0.0,
7.0,
0.0,
0.0,
0.0,
1.0,
4.0,
8.0,
0.0,
0.0,
0.0,
0.0,
0.0,
0.0,
0.0,
0.0,
0.0,
0.0,
0.0,
0.0,
2.0,
7.0,
8.0,
2.0,
0.0,
0.0,
0.0,
0.0,
0.0,
8.0,
5.0,
2.0,
6.0,
2.0,
0.0,
0.0,
0.0,
0.0,
0.0,
0.0,
0.0,
0.0,
0.0,
0.0,
0.0,
0.0,
0.0,
0.0,
0.0,
0.0,
0.0,
4.0,
8.0,
2.0,
2.0,
9.0,
0.0,
0.0,
0.0,
0.0,
4.0,
0.0,
0.0,
6.0,
0.0,
0.0,
0.0,
0.0,
0.0,
0.0,
0.0,
0.0,
0.0,
0.0,
0.0,
0.0,
13.0,
0.0,
0.0,
1.0,
7.0,
2.0,
0.0,
0.0,
12.0,
9.0,
2.0,
2.0,
5.0,
0.0,
0.0,
1.0,
0.0,
0.0,
0.0,
0.0,
0.0,
0.0,
0.0,
0.0,
0.0,
0.0,
0.0,
0.0,
0.0,
0.0,
3.0,
0.0,
0.0,
0.0,
5.0,
5.0,
0.0,
2.0,
0.0,
0.0,
0.0,
6.0,
4.0,
3.0,
0.0,
0.0,
0.0,
0.0,
0.0,
0.0,
0.0,
0.0,
0.0,
0.0,
0.0,
0.0,
0.0,
58.0,
105.0,
108.0,
122.0,
176.0,
233.0,
255.0,
255.0,
235.0,
145.0,
39.0,
0.0,
0.0,
1.0,
0.0,
0.0,
0.0,
0.0,
0.0,
7.0,
0.0,
25.0,
188.0,
215.0,
224.0,
215.0,
217.0,
212.0,
231.0,
248.0,
255.0,
255.0,
249.0,
246.0,
255.0,
255.0,
253.0,
245.0,
127.0,
0.0,
0.0,
8.0,
0.0,
0.0,
0.0,
0.0,
0.0,
6.0,
4.0,
168.0,
244.0,
233.0,
255.0,
240.0,
255.0,
255.0,
255.0,
251.0,
241.0,
249.0,
245.0,
255.0,
250.0,
253.0,
250.0,
253.0,
201.0,
0.0,
0.0,
0.0,
9.0,
0.0,
0.0,
0.0,
0.0,
0.0,
2.0,
224.0,
255.0,
248.0,
255.0,
253.0,
255.0,
240.0,
253.0,
250.0,
252.0,
255.0,
255.0,
255.0,
238.0,
253.0,
247.0,
255.0,
218.0,
1.0,
1.0,
0.0,
9.0,
0.0,
0.0,
0.0,
0.0,
0.0,
12.0,
147.0,
232.0,
255.0,
235.0,
255.0,
243.0,
255.0,
239.0,
176.0,
137.0,
134.0,
130.0,
147.0,
225.0,
255.0,
247.0,
255.0,
141.0,
3.0,
3.0,
8.0,
0.0,
0.0,
0.0,
0.0,
0.0,
0.0,
2.0,
8.0,
72.0,
94.0,
41.0,
41.0,
34.0,
32.0,
27.0,
0.0,
0.0,
1.0,
3.0,
5.0,
181.0,
254.0,
254.0,
252.0,
69.0,
3.0,
4.0,
6.0,
0.0,
0.0,
0.0,
0.0,
0.0,
0.0,
6.0,
0.0,
1.0,
10.0,
3.0,
0.0,
13.0,
7.0,
8.0,
0.0,
9.0,
0.0,
2.0,
35.0,
238.0,
250.0,
255.0,
244.0,
64.0,
1.0,
4.0,
0.0,
8.0,
0.0,
0.0,
0.0,
0.0,
0.0,
10.0,
6.0,
0.0,
0.0,
1.0,
0.0,
7.0,
0.0,
0.0,
0.0,
0.0,
0.0,
0.0,
104.0,
237.0,
251.0,
255.0,
250.0,
77.0,
0.0,
6.0,
0.0,
8.0,
0.0,
0.0,
0.0,
0.0,
3.0,
0.0,
0.0,
3.0,
5.0,
0.0,
3.0,
0.0,
2.0,
0.0,
8.0,
1.0,
0.0,
13.0,
202.0,
255.0,
255.0,
247.0,
255.0,
71.0,
0.0,
7.0,
5.0,
0.0,
0.0,
0.0,
0.0,
0.0,
0.0,
0.0,
0.0,
0.0,
0.0,
0.0,
0.0,
0.0,
10.0,
0.0,
4.0,
11.0,
0.0,
0.0,
217.0,
252.0,
255.0,
251.0,
187.0,
6.0,
0.0,
12.0,
0.0,
3.0,
0.0,
0.0,
0.0,
0.0,
0.0,
0.0,
0.0,
0.0,
0.0,
0.0,
0.0,
0.0,
4.0,
0.0,
1.0,
5.0,
0.0,
1.0,
218.0,
253.0,
245.0,
255.0,
223.0,
40.0,
6.0,
2.0,
0.0,
3.0,
0.0,
0.0,
0.0,
0.0,
0.0,
0.0,
0.0,
0.0,
0.0,
0.0,
0.0,
0.0,
3.0,
0.0,
4.0,
2.0,
0.0,
5.0,
220.0,
255.0,
253.0,
243.0,
183.0,
4.0,
0.0,
9.0,
0.0,
6.0,
0.0,
0.0,
0.0,
0.0,
0.0,
0.0,
0.0,
0.0,
0.0,
0.0,
0.0,
0.0,
3.0,
2.0,
5.0,
0.0,
0.0,
5.0,
217.0,
253.0,
252.0,
255.0,
218.0,
35.0,
0.0,
0.0,
0.0,
0.0,
0.0,
0.0,
0.0,
0.0,
0.0,
0.0,
0.0,
0.0,
0.0,
0.0,
0.0,
0.0,
0.0,
0.0,
0.0,
0.0,
0.0,
2.0,
211.0,
253.0,
255.0,
255.0,
222.0,
42.0,
0.0,
3.0,
0.0,
3.0,
0.0,
0.0,
0.0,
0.0,
0.0,
0.0,
0.0,
0.0,
0.0,
0.0,
0.0,
0.0,
0.0,
0.0,
0.0,
0.0,
4.0,
5.0,
209.0,
255.0,
255.0,
241.0,
195.0,
21.0,
0.0,
10.0,
10.0,
8.0,
0.0,
0.0,
0.0,
0.0,
0.0,
0.0,
0.0,
0.0,
0.0,
0.0,
0.0,
0.0,
3.0,
2.0,
0.0,
4.0,
10.0,
0.0,
199.0,
255.0,
241.0,
255.0,
254.0,
75.0,
2.0,
0.0,
0.0,
0.0,
0.0,
0.0,
0.0,
0.0,
0.0,
0.0,
0.0,
0.0,
0.0,
0.0,
0.0,
0.0,
4.0,
0.0,
0.0,
0.0,
5.0,
0.0,
180.0,
243.0,
255.0,
255.0,
246.0,
69.0,
3.0,
0.0,
2.0,
4.0,
0.0,
0.0,
0.0,
0.0,
0.0,
0.0,
0.0,
0.0,
0.0,
0.0,
0.0,
0.0,
3.0,
0.0,
0.0,
0.0,
7.0,
0.0,
50.0,
237.0,
242.0,
255.0,
244.0,
202.0,
0.0,
7.0,
5.0,
0.0,
0.0,
0.0,
0.0,
0.0,
0.0,
0.0,
0.0,
0.0,
0.0,
0.0,
0.0,
0.0,
1.0,
0.0,
5.0,
0.0,
5.0,
0.0,
15.0,
136.0,
255.0,
252.0,
255.0,
196.0,
0.0,
0.0,
14.0,
0.0,
0.0,
0.0,
0.0,
0.0,
0.0,
0.0,
0.0,
0.0,
0.0,
0.0,
0.0,
0.0,
1.0,
0.0,
7.0,
0.0,
1.0,
2.0,
0.0,
34.0,
104.0,
253.0,
203.0,
31.0,
4.0,
20.0,
0.0,
0.0,
0.0,
0.0,
0.0,
0.0,
0.0,
0.0,
0.0,
0.0,
0.0,
0.0,
0.0,
0.0,
2.0,
0.0,
3.0,
0.0,
0.0,
6.0,
0.0,
0.0,
0.0,
0.0,
6.0,
3.0,
0.0,
0.0,
5.0,
16.0,
0.0,
0.0,
0.0,
0.0,
