0.0,
3.0,
3.0,
0.0,
1.0,
5.0,
3.0,
0.0,
0.0,
2.0,
6.0,
1.0,
0.0,
4.0,
2.0,
0.0,
0.0,
0.0,
0.0,
1.0,
3.0,
9.0,
7.0,
0.0,
0.0,
0.0,
0.0,
0.0,
0.0,
4.0,
4.0,
0.0,
0.0,
0.0,
0.0,
0.0,
9.0,
4.0,
0.0,
0.0,
0.0,
0.0,
0.0,
0.0,
10.0,
6.0,
3.0,
0.0,
0.0,
0.0,
0.0,
4.0,
0.0,
0.0,
0.0,
0.0,
0.0,
3.0,
4.0,
0.0,
0.0,
0.0,
1.0,
2.0,
1.0,
0.0,
0.0,
1.0,
6.0,
5.0,
4.0,
6.0,
0.0,
0.0,
0.0,
5.0,
16.0,
7.0,
0.0,
8.0,
0.0,
0.0,
0.0,
0.0,
0.0,
0.0,
1.0,
1.0,
1.0,
3.0,
4.0,
3.0,
0.0,
0.0,
1.0,
1.0,
0.0,
0.0,
0.0,
0.0,
7.0,
8.0,
0.0,
0.0,
0.0,
0.0,
0.0,
0.0,
0.0,
0.0,
0.0,
0.0,
1.0,
0.0,
0.0,
1.0,
5.0,
4.0,
0.0,
0.0,
0.0,
7.0,
7.0,
0.0,
0.0,
4.0,
9.0,
7.0,
0.0,
2.0,
4.0,
0.0,
0.0,
0.0,
2.0,
1.0,
0.0,
0.0,
0.0,
0.0,
2.0,
0.0,
0.0,
1.0,
2.0,
0.0,
0.0,
0.0,
0.0,
0.0,
2.0,
0.0,
0.0,
0.0,
0.0,
0.0,
5.0,
1.0,
4.0,
3.0,
0.0,
8.0,
9.0,
0.0,
0.0,
0.0,
0.0,
0.0,
0.0,
0.0,
1.0,
2.0,
0.0,
0.0,
1.0,
10.0,
17.0,
0.0,
0.0,
5.0,
9.0,
0.0,
0.0,
8.0,
4.0,
0.0,
4.0,
14.0,
0.0,
0.0,
8.0,
8.0,
0.0,
0.0,
0.0,
0.0,
0.0,
0.0,
5.0,
5.0,
0.0,
0.0,
12.0,
31.0,
55.0,
9.0,
0.0,
27.0,
62.0,
81.0,
117.0,
161.0,
169.0,
185.0,
252.0,
248.0,
114.0,
9.0,
0.0,
0.0,
0.0,
0.0,
0.0,
0.0,
0.0,
6.0,
0.0,
0.0,
6.0,
0.0,
15.0,
136.0,
245.0,
255.0,
247.0,
255.0,
243.0,
255.0,
255.0,
255.0,
184.0,
174.0,
250.0,
255.0,
75.0,
10.0,
0.0,
8.0,
0.0,
0.0,
0.0,
0.0,
0.0,
7.0,
0.0,
0.0,
14.0,
5.0,
0.0,
19.0,
121.0,
175.0,
203.0,
180.0,
78.0,
17.0,
3.0,
19.0,
8.0,
72.0,
226.0,
190.0,
19.0,
0.0,
6.0,
0.0,
0.0,
0.0,
0.0,
0.0,
0.0,
7.0,
0.0,
0.0,
2.0,
7.0,
0.0,
0.0,
1.0,
0.0,
0.0,
8.0,
0.0,
10.0,
2.0,
0.0,
0.0,
180.0,
255.0,
92.0,
16.0,
0.0,
0.0,
19.0,
0.0,
0.0,
0.0,
0.0,
0.0,
0.0,
5.0,
6.0,
0.0,
0.0,
2.0,
14.0,
0.0,
0.0,
3.0,
5.0,
0.0,
0.0,
0.0,
11.0,
61.0,
236.0,
246.0,
53.0,
0.0,
0.0,
9.0,
0.0,
0.0,
0.0,
0.0,
0.0,
8.0,
0.0,
0.0,
12.0,
4.0,
0.0,
0.0,
0.0,
7.0,
3.0,
0.0,
0.0,
3.0,
21.0,
0.0,
0.0,
157.0,
254.0,
140.0,
2.0,
0.0,
0.0,
9.0,
0.0,
0.0,
0.0,
0.0,
0.0,
4.0,
0.0,
0.0,
1.0,
0.0,
0.0,
1.0,
0.0,
0.0,
3.0,
0.0,
0.0,
0.0,
0.0,
0.0,
59.0,
250.0,
252.0,
52.0,
0.0,
15.0,
5.0,
0.0,
15.0,
0.0,
0.0,
0.0,
0.0,
0.0,
5.0,
5.0,
0.0,
0.0,
0.0,
6.0,
8.0,
0.0,
7.0,
6.0,
7.0,
11.0,
0.0,
1.0,
139.0,
248.0,
119.0,
8.0,
11.0,
2.0,
1.0,
3.0,
0.0,
0.0,
0.0,
0.0,
0.0,
0.0,
0.0,
0.0,
1.0,
10.0,
2.0,
0.0,
0.0,
0.0,
2.0,
0.0,
0.0,
5.0,
0.0,
29.0,
237.0,
250.0,
90.0,
2.0,
0.0,
4.0,
0.0,
0.0,
22.0,
0.0,
0.0,
0.0,
0.0,
0.0,
0.0,
0.0,
0.0,
0.0,
0.0,
0.0,
0.0,
0.0,
0.0,
0.0,
1.0,
11.0,
0.0,
171.0,
250.0,
156.0,
10.0,
0.0,
5.0,
0.0,
4.0,
0.0,
6.0,
0.0,
0.0,
0.0,
0.0,
0.0,
0.0,
0.0,
0.0,
0.0,
0.0,
0.0,
0.0,
0.0,
0.0,
5.0,
0.0,
0.0,
57.0,
232.0,
253.0,
85.0,
0.0,
0.0,
5.0,
0.0,
7.0,
0.0,
1.0,
0.0,
0.0,
0.0,
0.0,
0.0,
0.0,
0.0,
0.0,
0.0,
0.0,
0.0,
0.0,
4.0,
1.0,
0.0,
11.0,
11.0,
207.0,
243.0,
187.0,
16.0,
0.0,
7.0,
0.0,
0.0,
8.0,
0.0,
0.0,
0.0,
0.0,
0.0,
0.0,
0.0,
0.0,
0.0,
0.0,
0.0,
0.0,
0.0,
0.0,
0.0,
24.0,
0.0,
0.0,
143.0,
246.0,
253.0,
49.0,
0.0,
0.0,
10.0,
0.0,
0.0,
7.0,
0.0,
5.0,
0.0,
0.0,
0.0,
0.0,
0.0,
0.0,
0.0,
0.0,
0.0,
0.0,
0.0,
0.0,
0.0,
10.0,
19.0,
0.0,
207.0,
249.0,
143.0,
0.0,
2.0,
5.0,
3.0,
0.0,
2.0,
5.0,
0.0,
4.0,
0.0,
0.0,
0.0,
0.0,
0.0,
0.0,
0.0,
0.0,
0.0,
0.0,
0.0,
0.0,
11.0,
0.0,
0.0,
117.0,
242.0,
190.0,
13.0,
5.0,
3.0,
0.0,
0.0,
0.0,
10.0,
4.0,
0.0,
0.0,
0.0,
0.0,
0.0,
0.0,
0.0,
0.0,
0.0,
0.0,
0.0,
0.0,
0.0,
0.0,
12.0,
0.0,
16.0,
220.0,
255.0,
26.0,
19.0,
0.0,
0.0,
0.0,
0.0,
4.0,
6.0,
0.0,
0.0,
0.0,
0.0,
0.0,
0.0,
0.0,
0.0,
0.0,
0.0,
0.0,
0.0,
0.0,
0.0,
0.0,
0.0,
0.0,
137.0,
246.0,
135.0,
0.0,
0.0,
2.0,
0.0,
0.0,
0.0,
4.0,
0.0,
0.0,
4.0,
1.0,
0.0,
0.0,
0.0,
0.0,
0.0,
0.0,
0.0,
0.0,
0.0,
0.0,
0.0,
0.0,
0.0,
28.0,
214.0,
255.0,
116.0,
18.0,
0.0,
0.0,
0.0,
0.0,
0.0,
0.0,
0.0,
0.0,
0.0,
0.0,
0.0,
0.0,
0.0,
0.0,
0.0,
0.0,
0.0,
0.0,
0.0,
0.0,
0.0,
0.0,
6.0,
100.0,
255.0,
250.0,
71.0,
0.0,
0.0,
3.0,
0.0,
0.0,
0.0,
0.0,
0.0,
0.0,
0.0,
0.0,
0.0,
0.0,
0.0,
0.0,
0.0,
0.0,
0.0,
0.0,
0.0,
0.0,
0.0,
0.0,
0.0,
88.0,
216.0,
159.0,
18.0,
0.0,
5.0,
17.0,
0.0,
0.0,
0.0,
0.0,
0.0,
0.0,
0.0,
0.0,
0.0,
0.0,
0.0,
0.0,
0.0,
0.0,
0.0,
0.0,
0.0,
0.0,
0.0,
0.0,
0.0,
0.0,
12.0,
6.0,
0.0,
12.0,
0.0,
0.0,
0.0,
0.0,
0.0,
0.0,
0.0,
0.0,
0.0,
0.0,
0.0,
0.0,
0.0,
0.0,
