0.0,
0.0,
0.0,
0.0,
0.0,
0.0,
0.0,
0.0,
0.0,
0.0,
0.0,
0.0,
0.0,
0.0,
0.0,
0.0,
0.0,
12.0,
0.0,
5.0,
0.0,
15.0,
0.0,
3.0,
0.0,
0.0,
0.0,
0.0,
0.0,
0.0,
0.0,
0.0,
0.0,
0.0,
0.0,
0.0,
0.0,
0.0,
0.0,
0.0,
0.0,
0.0,
0.0,
0.0,
4.0,
0.0,
0.0,
16.0,
0.0,
0.0,
6.0,
0.0,
0.0,
0.0,
0.0,
0.0,
0.0,
0.0,
0.0,
0.0,
0.0,
0.0,
0.0,
0.0,
0.0,
0.0,
0.0,
0.0,
0.0,
0.0,
0.0,
0.0,
4.0,
2.0,
0.0,
6.0,
14.0,
0.0,
12.0,
0.0,
0.0,
0.0,
0.0,
0.0,
0.0,
0.0,
0.0,
0.0,
0.0,
0.0,
0.0,
0.0,
0.0,
0.0,
0.0,
0.0,
0.0,
0.0,
0.0,
0.0,
0.0,
4.0,
3.0,
0.0,
4.0,
6.0,
0.0,
0.0,
0.0,
0.0,
0.0,
0.0,
0.0,
0.0,
0.0,
0.0,
0.0,
0.0,
0.0,
0.0,
0.0,
0.0,
0.0,
0.0,
0.0,
0.0,
0.0,
0.0,
2.0,
0.0,
6.0,
2.0,
0.0,
0.0,
21.0,
1.0,
0.0,
0.0,
0.0,
0.0,
0.0,
0.0,
0.0,
0.0,
0.0,
0.0,
0.0,
0.0,
0.0,
0.0,
0.0,
0.0,
0.0,
0.0,
0.0,
0.0,
5.0,
0.0,
3.0,
0.0,
6.0,
91.0,
182.0,
5.0,
0.0,
0.0,
0.0,
0.0,
0.0,
0.0,
0.0,
0.0,
0.0,
0.0,
0.0,
0.0,
0.0,
0.0,
0.0,
0.0,
0.0,
0.0,
0.0,
0.0,
0.0,
3.0,
0.0,
0.0,
23.0,
218.0,
217.0,
4.0,
0.0,
0.0,
0.0,
0.0,
0.0,
0.0,
0.0,
0.0,
0.0,
0.0,
0.0,
0.0,
0.0,
0.0,
0.0,
0.0,
0.0,
0.0,
0.0,
0.0,
0.0,
1.0,
0.0,
7.0,
13.0,
239.0,
79.0,
0.0,
0.0,
0.0,
0.0,
0.0,
1.0,
0.0,
0.0,
0.0,
5.0,
5.0,
0.0,
7.0,
1.0,
4.0,
0.0,
9.0,
0.0,
6.0,
3.0,
0.0,
1.0,
1.0,
0.0,
4.0,
14.0,
150.0,
1.0,
0.0,
0.0,
0.0,
0.0,
0.0,
0.0,
4.0,
12.0,
8.0,
0.0,
0.0,
0.0,
0.0,
0.0,
49.0,
92.0,
110.0,
110.0,
163.0,
174.0,
167.0,
154.0,
176.0,
204.0,
149.0,
5.0,
8.0,
4.0,
12.0,
0.0,
0.0,
0.0,
0.0,
9.0,
2.0,
0.0,
0.0,
0.0,
5.0,
19.0,
4.0,
46.0,
200.0,
252.0,
254.0,
253.0,
255.0,
255.0,
253.0,
255.0,
244.0,
255.0,
136.0,
0.0,
0.0,
0.0,
0.0,
0.0,
0.0,
0.0,
0.0,
0.0,
0.0,
2.0,
1.0,
8.0,
0.0,
0.0,
18.0,
217.0,
255.0,
245.0,
231.0,
218.0,
212.0,
235.0,
224.0,
239.0,
249.0,
205.0,
29.0,
5.0,
22.0,
4.0,
0.0,
0.0,
0.0,
0.0,
0.0,
1.0,
0.0,
15.0,
0.0,
7.0,
0.0,
0.0,
140.0,
255.0,
92.0,
24.0,
11.0,
0.0,
0.0,
2.0,
19.0,
216.0,
253.0,
99.0,
2.0,
0.0,
0.0,
0.0,
4.0,
0.0,
0.0,
0.0,
0.0,
11.0,
0.0,
1.0,
0.0,
7.0,
3.0,
14.0,
179.0,
192.0,
8.0,
0.0,
0.0,
15.0,
8.0,
2.0,
162.0,
248.0,
152.0,
6.0,
7.0,
9.0,
66.0,
0.0,
4.0,
0.0,
0.0,
0.0,
0.0,
0.0,
0.0,
0.0,
0.0,
14.0,
0.0,
0.0,
34.0,
59.0,
10.0,
6.0,
0.0,
4.0,
5.0,
91.0,
252.0,
200.0,
29.0,
0.0,
1.0,
28.0,
216.0,
0.0,
7.0,
0.0,
0.0,
0.0,
0.0,
0.0,
16.0,
0.0,
5.0,
0.0,
0.0,
16.0,
0.0,
1.0,
6.0,
0.0,
15.0,
0.0,
48.0,
255.0,
213.0,
47.0,
0.0,
9.0,
0.0,
2.0,
233.0,
0.0,
0.0,
0.0,
0.0,
0.0,
0.0,
0.0,
3.0,
6.0,
1.0,
0.0,
2.0,
2.0,
0.0,
8.0,
9.0,
0.0,
0.0,
35.0,
254.0,
231.0,
67.0,
6.0,
0.0,
0.0,
8.0,
11.0,
139.0,
13.0,
0.0,
0.0,
0.0,
0.0,
0.0,
0.0,
4.0,
3.0,
0.0,
0.0,
0.0,
0.0,
0.0,
0.0,
1.0,
1.0,
16.0,
241.0,
248.0,
129.0,
0.0,
0.0,
2.0,
10.0,
6.0,
0.0,
40.0,
0.0,
0.0,
0.0,
0.0,
0.0,
0.0,
2.0,
3.0,
0.0,
0.0,
0.0,
1.0,
1.0,
0.0,
5.0,
0.0,
0.0,
174.0,
225.0,
171.0,
14.0,
0.0,
0.0,
4.0,
0.0,
0.0,
0.0,
0.0,
2.0,
0.0,
0.0,
0.0,
0.0,
0.0,
1.0,
0.0,
0.0,
0.0,
2.0,
5.0,
4.0,
2.0,
5.0,
3.0,
158.0,
252.0,
205.0,
28.0,
0.0,
11.0,
2.0,
0.0,
0.0,
0.0,
16.0,
0.0,
12.0,
0.0,
0.0,
0.0,
0.0,
0.0,
0.0,
0.0,
0.0,
2.0,
4.0,
2.0,
0.0,
0.0,
3.0,
66.0,
252.0,
246.0,
48.0,
1.0,
11.0,
0.0,
0.0,
3.0,
5.0,
4.0,
0.0,
1.0,
0.0,
0.0,
0.0,
0.0,
0.0,
0.0,
0.0,
0.0,
1.0,
3.0,
0.0,
0.0,
0.0,
0.0,
38.0,
225.0,
255.0,
41.0,
0.0,
0.0,
0.0,
1.0,
0.0,
2.0,
6.0,
0.0,
0.0,
11.0,
0.0,
3.0,
0.0,
0.0,
0.0,
0.0,
0.0,
0.0,
2.0,
3.0,
0.0,
0.0,
1.0,
11.0,
154.0,
255.0,
182.0,
0.0,
4.0,
3.0,
8.0,
0.0,
4.0,
0.0,
0.0,
0.0,
0.0,
15.0,
2.0,
4.0,
0.0,
0.0,
0.0,
0.0,
0.0,
0.0,
2.0,
3.0,
0.0,
0.0,
12.0,
29.0,
253.0,
240.0,
14.0,
5.0,
0.0,
3.0,
0.0,
8.0,
0.0,
2.0,
0.0,
6.0,
6.0,
0.0,
0.0,
0.0,
0.0,
0.0,
0.0,
0.0,
0.0,
0.0,
1.0,
4.0,
0.0,
0.0,
12.0,
37.0,
250.0,
113.0,
0.0,
0.0,
9.0,
0.0,
0.0,
6.0,
0.0,
0.0,
0.0,
0.0,
0.0,
0.0,
0.0,
0.0,
0.0,
0.0,
0.0,
0.0,
3.0,
0.0,
0.0,
2.0,
0.0,
0.0,
1.0,
15.0,
11.0,
0.0,
0.0,
0.0,
6.0,
2.0,
0.0,
0.0,
0.0,
0.0,
0.0,
0.0,
0.0,
0.0,
0.0,
0.0,
0.0,
0.0,
0.0,
0.0,
6.0,
0.0,
0.0,
1.0,
2.0,
0.0,
0.0,
0.0,
0.0,
2.0,
8.0,
0.0,
0.0,
0.0,
3.0,
1.0,
0.0,
0.0,
0.0,
0.0,
0.0,
0.0,
0.0,
0.0,
0.0,
0.0,
0.0,
0.0,
5.0,
0.0,
0.0,
2.0,
5.0,
1.0,
0.0,
0.0,
13.0,
5.0,
0.0,
3.0,
3.0,
0.0,
0.0,
0.0,
0.0,
0.0,
0.0,
0.0,
0.0,
0.0,
0.0,
0.0,
0.0,
0.0,
0.0,
0.0,
