0.0,
0.0,
2.0,
10.0,
0.0,
0.0,
9.0,
0.0,
0.0,
0.0,
6.0,
0.0,
5.0,
8.0,
0.0,
0.0,
0.0,
1.0,
0.0,
0.0,
0.0,
0.0,
0.0,
7.0,
0.0,
0.0,
0.0,
0.0,
1.0,
0.0,
3.0,
0.0,
0.0,
0.0,
0.0,
0.0,
4.0,
0.0,
13.0,
0.0,
0.0,
8.0,
6.0,
10.0,
0.0,
0.0,
6.0,
6.0,
5.0,
4.0,
0.0,
0.0,
0.0,
0.0,
0.0,
0.0,
0.0,
0.0,
2.0,
0.0,
5.0,
12.0,
0.0,
13.0,
4.0,
0.0,
4.0,
0.0,
1.0,
0.0,
0.0,
0.0,
5.0,
2.0,
0.0,
0.0,
0.0,
1.0,
9.0,
0.0,
0.0,
0.0,
0.0,
0.0,
2.0,
3.0,
1.0,
0.0,
0.0,
0.0,
0.0,
0.0,
9.0,
0.0,
9.0,
6.0,
13.0,
0.0,
6.0,
2.0,
7.0,
0.0,
4.0,
5.0,
0.0,
0.0,
4.0,
0.0,
0.0,
0.0,
0.0,
0.0,
0.0,
0.0,
0.0,
14.0,
0.0,
0.0,
16.0,
0.0,
0.0,
0.0,
1.0,
0.0,
0.0,
1.0,
14.0,
0.0,
0.0,
0.0,
0.0,
1.0,
0.0,
0.0,
0.0,
9.0,
0.0,
0.0,
0.0,
0.0,
0.0,
0.0,
0.0,
5.0,
0.0,
0.0,
5.0,
0.0,
3.0,
9.0,
0.0,
7.0,
14.0,
0.0,
0.0,
0.0,
8.0,
11.0,
6.0,
8.0,
12.0,
0.0,
0.0,
0.0,
0.0,
0.0,
0.0,
0.0,
7.0,
0.0,
4.0,
0.0,
7.0,
21.0,
0.0,
11.0,
0.0,
21.0,
0.0,
0.0,
1.0,
0.0,
0.0,
16.0,
0.0,
7.0,
0.0,
0.0,
8.0,
13.0,
0.0,
2.0,
0.0,
0.0,
0.0,
0.0,
0.0,
0.0,
21.0,
0.0,
76.0,
129.0,
59.0,
138.0,
149.0,
248.0,
185.0,
139.0,
143.0,
228.0,
246.0,
249.0,
255.0,
238.0,
117.0,
3.0,
0.0,
3.0,
0.0,
4.0,
0.0,
0.0,
0.0,
0.0,
2.0,
0.0,
10.0,
0.0,
213.0,
255.0,
246.0,
255.0,
255.0,
241.0,
255.0,
255.0,
248.0,
255.0,
254.0,
248.0,
255.0,
255.0,
240.0,
63.0,
4.0,
3.0,
3.0,
0.0,
0.0,
0.0,
0.0,
0.0,
5.0,
0.0,
0.0,
7.0,
196.0,
255.0,
244.0,
255.0,
248.0,
246.0,
255.0,
255.0,
244.0,
255.0,
255.0,
252.0,
234.0,
255.0,
255.0,
94.0,
2.0,
0.0,
1.0,
0.0,
0.0,
0.0,
0.0,
0.0,
0.0,
8.0,
8.0,
1.0,
57.0,
110.0,
132.0,
208.0,
168.0,
48.0,
0.0,
0.0,
18.0,
14.0,
2.0,
17.0,
195.0,
233.0,
253.0,
100.0,
0.0,
0.0,
3.0,
1.0,
0.0,
0.0,
0.0,
0.0,
0.0,
0.0,
2.0,
0.0,
0.0,
6.0,
0.0,
43.0,
2.0,
0.0,
14.0,
18.0,
3.0,
0.0,
0.0,
28.0,
240.0,
251.0,
255.0,
117.0,
0.0,
4.0,
0.0,
0.0,
0.0,
0.0,
0.0,
0.0,
12.0,
0.0,
0.0,
0.0,
10.0,
1.0,
0.0,
0.0,
12.0,
0.0,
0.0,
0.0,
0.0,
0.0,
0.0,
19.0,
255.0,
255.0,
255.0,
126.0,
6.0,
7.0,
0.0,
2.0,
0.0,
0.0,
0.0,
0.0,
9.0,
0.0,
9.0,
0.0,
4.0,
0.0,
9.0,
19.0,
4.0,
0.0,
1.0,
10.0,
13.0,
0.0,
0.0,
37.0,
244.0,
243.0,
246.0,
112.0,
6.0,
0.0,
0.0,
10.0,
0.0,
0.0,
0.0,
0.0,
0.0,
0.0,
0.0,
1.0,
15.0,
1.0,
0.0,
0.0,
0.0,
12.0,
16.0,
0.0,
0.0,
3.0,
1.0,
17.0,
255.0,
255.0,
255.0,
95.0,
7.0,
0.0,
0.0,
0.0,
0.0,
0.0,
0.0,
0.0,
0.0,
9.0,
0.0,
0.0,
0.0,
0.0,
0.0,
5.0,
3.0,
0.0,
0.0,
0.0,
4.0,
0.0,
1.0,
55.0,
248.0,
255.0,
244.0,
62.0,
2.0,
6.0,
7.0,
0.0,
0.0,
0.0,
0.0,
0.0,
0.0,
0.0,
0.0,
0.0,
0.0,
0.0,
0.0,
0.0,
5.0,
0.0,
0.0,
7.0,
0.0,
0.0,
0.0,
147.0,
255.0,
248.0,
185.0,
10.0,
0.0,
0.0,
1.0,
0.0,
0.0,
0.0,
0.0,
0.0,
0.0,
0.0,
0.0,
0.0,
0.0,
0.0,
0.0,
0.0,
2.0,
1.0,
1.0,
0.0,
0.0,
8.0,
4.0,
193.0,
246.0,
255.0,
139.0,
2.0,
0.0,
4.0,
0.0,
2.0,
0.0,
0.0,
0.0,
0.0,
0.0,
0.0,
0.0,
0.0,
0.0,
0.0,
0.0,
0.0,
0.0,
9.0,
2.0,
0.0,
1.0,
14.0,
48.0,
245.0,
249.0,
255.0,
82.0,
0.0,
0.0,
7.0,
0.0,
0.0,
0.0,
0.0,
0.0,
0.0,
0.0,
0.0,
0.0,
0.0,
0.0,
0.0,
0.0,
0.0,
0.0,
7.0,
3.0,
0.0,
3.0,
0.0,
118.0,
255.0,
251.0,
212.0,
31.0,
0.0,
1.0,
6.0,
0.0,
0.0,
0.0,
0.0,
0.0,
0.0,
0.0,
0.0,
0.0,
0.0,
0.0,
0.0,
0.0,
0.0,
0.0,
0.0,
2.0,
0.0,
3.0,
0.0,
191.0,
255.0,
246.0,
111.0,
0.0,
0.0,
0.0,
2.0,
1.0,
2.0,
0.0,
0.0,
0.0,
0.0,
0.0,
0.0,
0.0,
0.0,
0.0,
0.0,
0.0,
0.0,
1.0,
0.0,
2.0,
3.0,
3.0,
0.0,
238.0,
244.0,
255.0,
52.0,
0.0,
2.0,
0.0,
0.0,
2.0,
0.0,
0.0,
0.0,
0.0,
0.0,
0.0,
0.0,
0.0,
0.0,
0.0,
0.0,
0.0,
0.0,
1.0,
0.0,
3.0,
1.0,
2.0,
41.0,
248.0,
247.0,
255.0,
44.0,
0.0,
12.0,
0.0,
0.0,
2.0,
0.0,
0.0,
0.0,
0.0,
0.0,
0.0,
0.0,
0.0,
0.0,
0.0,
0.0,
0.0,
0.0,
0.0,
0.0,
4.0,
0.0,
1.0,
82.0,
241.0,
255.0,
229.0,
42.0,
0.0,
7.0,
0.0,
0.0,
5.0,
0.0,
0.0,
0.0,
0.0,
0.0,
0.0,
0.0,
0.0,
0.0,
0.0,
0.0,
0.0,
0.0,
0.0,
9.0,
1.0,
3.0,
0.0,
170.0,
255.0,
251.0,
203.0,
0.0,
0.0,
6.0,
0.0,
2.0,
1.0,
0.0,
0.0,
0.0,
0.0,
0.0,
0.0,
0.0,
0.0,
0.0,
0.0,
0.0,
0.0,
0.0,
10.0,
0.0,
0.0,
0.0,
10.0,
116.0,
228.0,
255.0,
233.0,
27.0,
0.0,
5.0,
5.0,
3.0,
0.0,
0.0,
0.0,
0.0,
0.0,
0.0,
0.0,
0.0,
0.0,
0.0,
0.0,
0.0,
0.0,
0.0,
0.0,
0.0,
27.0,
0.0,
0.0,
16.0,
171.0,
255.0,
247.0,
84.0,
10.0,
0.0,
0.0,
0.0,
6.0,
6.0,
0.0,
0.0,
0.0,
0.0,
0.0,
0.0,
0.0,
0.0,
0.0,
0.0,
0.0,
0.0,
6.0,
0.0,
3.0,
0.0,
17.0,
0.0,
0.0,
0.0,
2.0,
0.0,
0.0,
4.0,
11.0,
10.0,
7.0,
0.0,
0.0,
0.0,
0.0,
0.0,
