0.0,
0.0,
0.0,
0.0,
0.0,
0.0,
0.0,
0.0,
0.0,
0.0,
4.0,
6.0,
0.0,
0.0,
0.0,
1.0,
0.0,
0.0,
1.0,
2.0,
0.0,
0.0,
0.0,
3.0,
0.0,
0.0,
0.0,
0.0,
0.0,
0.0,
0.0,
0.0,
0.0,
0.0,
0.0,
0.0,
11.0,
11.0,
1.0,
0.0,
2.0,
0.0,
8.0,
0.0,
0.0,
0.0,
0.0,
0.0,
0.0,
0.0,
0.0,
2.0,
0.0,
0.0,
0.0,
0.0,
0.0,
0.0,
0.0,
0.0,
0.0,
0.0,
0.0,
0.0,
0.0,
0.0,
0.0,
0.0,
10.0,
0.0,
5.0,
0.0,
0.0,
0.0,
0.0,
0.0,
0.0,
1.0,
1.0,
0.0,
0.0,
0.0,
0.0,
0.0,
0.0,
0.0,
0.0,
0.0,
0.0,
0.0,
0.0,
0.0,
9.0,
0.0,
2.0,
0.0,
11.0,
0.0,
0.0,
14.0,
4.0,
4.0,
2.0,
0.0,
1.0,
3.0,
1.0,
0.0,
0.0,
0.0,
0.0,
0.0,
0.0,
0.0,
0.0,
0.0,
0.0,
0.0,
0.0,
0.0,
3.0,
0.0,
8.0,
0.0,
13.0,
8.0,
0.0,
4.0,
0.0,
3.0,
2.0,
0.0,
0.0,
3.0,
2.0,
0.0,
0.0,
0.0,
0.0,
0.0,
0.0,
0.0,
0.0,
0.0,
0.0,
0.0,
0.0,
0.0,
2.0,
2.0,
14.0,
0.0,
0.0,
0.0,
1.0,
1.0,
0.0,
1.0,
3.0,
0.0,
0.0,
2.0,
4.0,
0.0,
0.0,
0.0,
0.0,
0.0,
0.0,
0.0,
0.0,
0.0,
0.0,
0.0,
0.0,
0.0,
4.0,
0.0,
0.0,
27.0,
0.0,
0.0,
16.0,
0.0,
0.0,
8.0,
11.0,
1.0,
0.0,
0.0,
3.0,
1.0,
0.0,
0.0,
0.0,
0.0,
0.0,
0.0,
0.0,
0.0,
0.0,
0.0,
0.0,
0.0,
1.0,
3.0,
16.0,
229.0,
255.0,
204.0,
159.0,
48.0,
6.0,
19.0,
22.0,
8.0,
0.0,
0.0,
1.0,
0.0,
0.0,
0.0,
0.0,
0.0,
3.0,
0.0,
2.0,
4.0,
0.0,
0.0,
5.0,
0.0,
0.0,
46.0,
162.0,
249.0,
190.0,
180.0,
230.0,
246.0,
248.0,
245.0,
207.0,
6.0,
0.0,
0.0,
6.0,
5.0,
0.0,
0.0,
0.0,
0.0,
1.0,
0.0,
2.0,
2.0,
0.0,
1.0,
3.0,
0.0,
90.0,
232.0,
255.0,
255.0,
26.0,
0.0,
40.0,
105.0,
119.0,
253.0,
224.0,
9.0,
0.0,
2.0,
0.0,
0.0,
0.0,
0.0,
0.0,
0.0,
0.0,
1.0,
2.0,
0.0,
0.0,
3.0,
1.0,
0.0,
149.0,
255.0,
244.0,
182.0,
0.0,
0.0,
0.0,
0.0,
15.0,
252.0,
193.0,
0.0,
0.0,
7.0,
0.0,
0.0,
0.0,
0.0,
0.0,
0.0,
0.0,
3.0,
1.0,
0.0,
0.0,
3.0,
0.0,
0.0,
220.0,
248.0,
255.0,
50.0,
5.0,
14.0,
0.0,
0.0,
53.0,
255.0,
122.0,
0.0,
0.0,
1.0,
0.0,
7.0,
0.0,
0.0,
0.0,
0.0,
0.0,
5.0,
0.0,
0.0,
2.0,
2.0,
0.0,
7.0,
241.0,
255.0,
246.0,
6.0,
1.0,
0.0,
0.0,
5.0,
154.0,
255.0,
70.0,
1.0,
0.0,
0.0,
0.0,
3.0,
0.0,
0.0,
0.0,
0.0,
0.0,
5.0,
0.0,
0.0,
5.0,
0.0,
0.0,
26.0,
227.0,
254.0,
119.0,
16.0,
8.0,
9.0,
5.0,
0.0,
198.0,
255.0,
38.0,
7.0,
0.0,
1.0,
7.0,
0.0,
0.0,
0.0,
0.0,
0.0,
0.0,
4.0,
0.0,
0.0,
8.0,
0.0,
2.0,
46.0,
255.0,
252.0,
35.0,
5.0,
0.0,
0.0,
0.0,
13.0,
213.0,
244.0,
14.0,
1.0,
0.0,
2.0,
7.0,
0.0,
0.0,
0.0,
0.0,
0.0,
0.0,
4.0,
0.0,
0.0,
10.0,
0.0,
3.0,
59.0,
241.0,
184.0,
2.0,
0.0,
22.0,
0.0,
3.0,
26.0,
246.0,
249.0,
3.0,
0.0,
8.0,
0.0,
0.0,
3.0,
0.0,
0.0,
0.0,
0.0,
0.0,
0.0,
0.0,
0.0,
0.0,
0.0,
0.0,
0.0,
37.0,
4.0,
1.0,
6.0,
17.0,
92.0,
118.0,
143.0,
255.0,
251.0,
165.0,
213.0,
106.0,
1.0,
0.0,
0.0,
0.0,
0.0,
0.0,
0.0,
0.0,
0.0,
0.0,
0.0,
1.0,
2.0,
1.0,
0.0,
1.0,
0.0,
0.0,
2.0,
87.0,
245.0,
255.0,
255.0,
255.0,
255.0,
252.0,
255.0,
153.0,
0.0,
9.0,
2.0,
0.0,
0.0,
0.0,
0.0,
2.0,
1.0,
0.0,
1.0,
3.0,
4.0,
3.0,
2.0,
0.0,
8.0,
9.0,
1.0,
21.0,
107.0,
117.0,
228.0,
244.0,
158.0,
49.0,
127.0,
7.0,
26.0,
0.0,
2.0,
0.0,
0.0,
0.0,
0.0,
2.0,
1.0,
0.0,
1.0,
3.0,
4.0,
3.0,
2.0,
4.0,
0.0,
0.0,
0.0,
0.0,
0.0,
0.0,
204.0,
255.0,
61.0,
8.0,
2.0,
6.0,
0.0,
9.0,
8.0,
0.0,
0.0,
0.0,
0.0,
1.0,
0.0,
0.0,
0.0,
1.0,
2.0,
2.0,
0.0,
0.0,
4.0,
0.0,
0.0,
1.0,
7.0,
28.0,
242.0,
234.0,
22.0,
0.0,
12.0,
0.0,
0.0,
0.0,
0.0,
0.0,
0.0,
0.0,
0.0,
0.0,
0.0,
0.0,
0.0,
0.0,
1.0,
0.0,
0.0,
0.0,
11.0,
9.0,
2.0,
0.0,
0.0,
44.0,
249.0,
226.0,
0.0,
0.0,
0.0,
15.0,
7.0,
3.0,
7.0,
0.0,
0.0,
0.0,
0.0,
0.0,
0.0,
0.0,
0.0,
0.0,
1.0,
0.0,
0.0,
4.0,
0.0,
0.0,
0.0,
16.0,
1.0,
98.0,
255.0,
164.0,
0.0,
23.0,
0.0,
8.0,
0.0,
0.0,
0.0,
0.0,
0.0,
0.0,
0.0,
0.0,
0.0,
0.0,
0.0,
1.0,
2.0,
1.0,
0.0,
0.0,
4.0,
1.0,
0.0,
3.0,
0.0,
124.0,
249.0,
110.0,
0.0,
4.0,
0.0,
0.0,
12.0,
0.0,
1.0,
0.0,
0.0,
0.0,
0.0,
0.0,
0.0,
0.0,
0.0,
0.0,
0.0,
0.0,
0.0,
3.0,
2.0,
0.0,
2.0,
2.0,
0.0,
183.0,
245.0,
54.0,
0.0,
0.0,
7.0,
0.0,
2.0,
0.0,
0.0,
0.0,
0.0,
0.0,
0.0,
0.0,
0.0,
0.0,
0.0,
0.0,
0.0,
0.0,
0.0,
0.0,
2.0,
0.0,
5.0,
4.0,
6.0,
198.0,
255.0,
66.0,
6.0,
0.0,
1.0,
0.0,
1.0,
2.0,
0.0,
0.0,
0.0,
0.0,
0.0,
0.0,
0.0,
0.0,
0.0,
0.0,
0.0,
0.0,
0.0,
6.0,
8.0,
0.0,
0.0,
0.0,
20.0,
194.0,
255.0,
58.0,
6.0,
0.0,
0.0,
0.0,
2.0,
1.0,
0.0,
0.0,
0.0,
0.0,
0.0,
0.0,
0.0,
0.0,
0.0,
0.0,
0.0,
0.0,
0.0,
0.0,
1.0,
5.0,
13.0,
8.0,
0.0,
16.0,
0.0,
25.0,
0.0,
0.0,
3.0,
0.0,
3.0,
0.0,
0.0,
0.0,
0.0,
0.0,
0.0,
