1.0,
0.0,
0.0,
0.0,
1.0,
4.0,
1.0,
0.0,
0.0,
0.0,
0.0,
0.0,
0.0,
0.0,
0.0,
0.0,
5.0,
0.0,
3.0,
8.0,
0.0,
0.0,
0.0,
3.0,
0.0,
0.0,
0.0,
0.0,
5.0,
3.0,
0.0,
0.0,
0.0,
0.0,
0.0,
0.0,
4.0,
4.0,
4.0,
4.0,
4.0,
4.0,
4.0,
4.0,
0.0,
0.0,
0.0,
0.0,
5.0,
12.0,
5.0,
0.0,
0.0,
0.0,
0.0,
0.0,
0.0,
0.0,
4.0,
7.0,
7.0,
6.0,
5.0,
4.0,
0.0,
0.0,
0.0,
0.0,
0.0,
0.0,
0.0,
0.0,
8.0,
15.0,
5.0,
0.0,
0.0,
0.0,
1.0,
5.0,
0.0,
0.0,
0.0,
0.0,
2.0,
1.0,
0.0,
0.0,
0.0,
0.0,
0.0,
0.0,
1.0,
1.0,
1.0,
1.0,
1.0,
1.0,
1.0,
1.0,
0.0,
0.0,
0.0,
0.0,
4.0,
0.0,
0.0,
3.0,
0.0,
0.0,
0.0,
0.0,
8.0,
2.0,
0.0,
0.0,
0.0,
3.0,
6.0,
8.0,
2.0,
2.0,
2.0,
2.0,
2.0,
2.0,
2.0,
2.0,
5.0,
6.0,
2.0,
1.0,
5.0,
5.0,
0.0,
0.0,
0.0,
0.0,
0.0,
0.0,
0.0,
0.0,
1.0,
5.0,
5.0,
2.0,
0.0,
0.0,
0.0,
0.0,
0.0,
0.0,
0.0,
0.0,
0.0,
0.0,
0.0,
0.0,
10.0,
1.0,
0.0,
0.0,
12.0,
3.0,
0.0,
0.0,
0.0,
0.0,
0.0,
1.0,
4.0,
0.0,
0.0,
0.0,
1.0,
9.0,
1.0,
1.0,
1.0,
1.0,
1.0,
1.0,
1.0,
1.0,
21.0,
0.0,
0.0,
13.0,
0.0,
0.0,
5.0,
0.0,
0.0,
0.0,
0.0,
0.0,
3.0,
3.0,
0.0,
0.0,
6.0,
48.0,
108.0,
154.0,
252.0,
252.0,
252.0,
252.0,
252.0,
252.0,
252.0,
252.0,
242.0,
73.0,
0.0,
8.0,
3.0,
0.0,
2.0,
0.0,
0.0,
0.0,
0.0,
0.0,
0.0,
3.0,
8.0,
0.0,
8.0,
142.0,
228.0,
189.0,
177.0,
196.0,
184.0,
184.0,
131.0,
79.0,
77.0,
132.0,
244.0,
148.0,
0.0,
14.0,
2.0,
0.0,
6.0,
0.0,
0.0,
0.0,
0.0,
0.0,
0.0,
0.0,
7.0,
2.0,
10.0,
62.0,
66.0,
0.0,
4.0,
4.0,
0.0,
10.0,
0.0,
0.0,
0.0,
32.0,
249.0,
226.0,
16.0,
0.0,
3.0,
3.0,
0.0,
2.0,
0.0,
0.0,
0.0,
0.0,
4.0,
0.0,
1.0,
0.0,
0.0,
8.0,
11.0,
0.0,
2.0,
1.0,
0.0,
5.0,
0.0,
0.0,
4.0,
29.0,
254.0,
255.0,
31.0,
0.0,
0.0,
7.0,
0.0,
1.0,
0.0,
0.0,
0.0,
0.0,
0.0,
1.0,
2.0,
2.0,
1.0,
0.0,
0.0,
7.0,
0.0,
2.0,
6.0,
11.0,
0.0,
2.0,
0.0,
19.0,
254.0,
218.0,
12.0,
11.0,
0.0,
0.0,
0.0,
0.0,
0.0,
0.0,
0.0,
0.0,
1.0,
3.0,
0.0,
0.0,
11.0,
9.0,
0.0,
0.0,
3.0,
0.0,
0.0,
1.0,
0.0,
9.0,
0.0,
21.0,
252.0,
177.0,
0.0,
8.0,
0.0,
0.0,
0.0,
2.0,
0.0,
0.0,
0.0,
0.0,
2.0,
7.0,
0.0,
0.0,
0.0,
7.0,
8.0,
10.0,
7.0,
2.0,
3.0,
1.0,
0.0,
0.0,
0.0,
72.0,
251.0,
162.0,
0.0,
0.0,
8.0,
7.0,
0.0,
11.0,
0.0,
0.0,
0.0,
0.0,
0.0,
1.0,
10.0,
5.0,
0.0,
0.0,
0.0,
0.0,
0.0,
0.0,
3.0,
4.0,
0.0,
0.0,
10.0,
139.0,
252.0,
114.0,
1.0,
0.0,
5.0,
6.0,
0.0,
6.0,
0.0,
0.0,
0.0,
0.0,
9.0,
0.0,
0.0,
0.0,
0.0,
6.0,
7.0,
0.0,
9.0,
1.0,
0.0,
0.0,
8.0,
0.0,
0.0,
134.0,
252.0,
47.0,
0.0,
17.0,
0.0,
0.0,
3.0,
0.0,
0.0,
0.0,
0.0,
0.0,
0.0,
0.0,
0.0,
0.0,
0.0,
0.0,
0.0,
0.0,
0.0,
1.0,
0.0,
0.0,
11.0,
0.0,
0.0,
194.0,
253.0,
61.0,
0.0,
2.0,
6.0,
0.0,
6.0,
0.0,
0.0,
0.0,
0.0,
0.0,
0.0,
0.0,
0.0,
0.0,
0.0,
0.0,
0.0,
0.0,
0.0,
0.0,
0.0,
0.0,
4.0,
0.0,
17.0,
216.0,
253.0,
52.0,
0.0,
1.0,
0.0,
0.0,
4.0,
3.0,
0.0,
0.0,
0.0,
0.0,
0.0,
0.0,
0.0,
0.0,
0.0,
0.0,
0.0,
0.0,
1.0,
0.0,
3.0,
2.0,
0.0,
0.0,
49.0,
244.0,
215.0,
15.0,
0.0,
10.0,
0.0,
1.0,
0.0,
0.0,
0.0,
0.0,
0.0,
0.0,
0.0,
0.0,
0.0,
0.0,
0.0,
0.0,
0.0,
0.0,
3.0,
0.0,
5.0,
3.0,
0.0,
0.0,
77.0,
255.0,
192.0,
0.0,
0.0,
10.0,
0.0,
7.0,
0.0,
0.0,
0.0,
0.0,
0.0,
0.0,
0.0,
0.0,
0.0,
0.0,
0.0,
0.0,
0.0,
0.0,
5.0,
0.0,
3.0,
1.0,
0.0,
3.0,
92.0,
255.0,
199.0,
6.0,
3.0,
0.0,
0.0,
5.0,
0.0,
7.0,
0.0,
0.0,
0.0,
0.0,
0.0,
0.0,
0.0,
0.0,
0.0,
0.0,
0.0,
0.0,
3.0,
0.0,
2.0,
0.0,
4.0,
4.0,
97.0,
253.0,
159.0,
4.0,
0.0,
0.0,
0.0,
5.0,
0.0,
4.0,
0.0,
0.0,
0.0,
0.0,
0.0,
0.0,
0.0,
0.0,
0.0,
0.0,
0.0,
0.0,
0.0,
0.0,
4.0,
0.0,
7.0,
0.0,
97.0,
254.0,
98.0,
0.0,
0.0,
0.0,
8.0,
4.0,
0.0,
0.0,
0.0,
0.0,
0.0,
0.0,
0.0,
0.0,
0.0,
0.0,
0.0,
0.0,
0.0,
0.0,
0.0,
4.0,
6.0,
0.0,
7.0,
0.0,
97.0,
255.0,
82.0,
6.0,
0.0,
0.0,
5.0,
0.0,
0.0,
3.0,
0.0,
0.0,
0.0,
0.0,
0.0,
0.0,
0.0,
0.0,
0.0,
0.0,
0.0,
0.0,
0.0,
1.0,
0.0,
4.0,
4.0,
0.0,
126.0,
222.0,
24.0,
12.0,
0.0,
0.0,
0.0,
4.0,
1.0,
0.0,
0.0,
0.0,
0.0,
0.0,
0.0,
0.0,
0.0,
0.0,
0.0,
0.0,
0.0,
0.0,
0.0,
4.0,
2.0,
4.0,
0.0,
0.0,
132.0,
231.0,
9.0,
3.0,
0.0,
0.0,
2.0,
5.0,
4.0,
0.0,
0.0,
0.0,
0.0,
0.0,
0.0,
0.0,
0.0,
0.0,
0.0,
0.0,
0.0,
0.0,
5.0,
8.0,
0.0,
0.0,
0.0,
18.0,
147.0,
236.0,
0.0,
0.0,
0.0,
0.0,
3.0,
4.0,
2.0,
0.0,
0.0,
0.0,
0.0,
0.0,
0.0,
0.0,
0.0,
0.0,
0.0,
0.0,
0.0,
0.0,
0.0,
0.0,
4.0,
16.0,
9.0,
0.0,
0.0,
0.0,
0.0,
0.0,
1.0,
2.0,
1.0,
0.0,
0.0,
0.0,
0.0,
0.0,
0.0,
0.0,
