0.0,
0.0,
0.0,
0.0,
0.0,
0.0,
0.0,
0.0,
0.0,
0.0,
0.0,
0.0,
0.0,
0.0,
0.0,
0.0,
0.0,
0.0,
0.0,
0.0,
0.0,
0.0,
0.0,
0.0,
0.0,
0.0,
0.0,
0.0,
0.0,
0.0,
0.0,
0.0,
0.0,
0.0,
0.0,
0.0,
0.0,
0.0,
0.0,
0.0,
0.0,
0.0,
0.0,
0.0,
0.0,
0.0,
0.0,
0.0,
0.0,
0.0,
0.0,
0.0,
0.0,
0.0,
0.0,
0.0,
0.0,
0.0,
0.0,
0.0,
0.0,
0.0,
0.0,
0.0,
0.0,
0.0,
0.0,
0.0,
0.0,
0.0,
0.0,
0.0,
0.0,
0.0,
0.0,
0.0,
0.0,
0.0,
0.0,
0.0,
0.0,
0.0,
0.0,
0.0,
0.0,
0.0,
0.0,
0.0,
0.0,
0.0,
0.0,
0.0,
0.0,
0.0,
0.0,
0.0,
0.0,
0.0,
0.0,
0.0,
0.0,
0.0,
0.0,
0.0,
0.0,
0.0,
0.0,
0.0,
0.0,
0.0,
0.0,
0.0,
0.0,
0.0,
0.0,
0.0,
0.0,
0.0,
0.0,
0.0,
0.0,
0.0,
0.0,
0.0,
0.0,
0.0,
0.0,
0.0,
0.0,
0.0,
0.0,
0.0,
0.0,
0.0,
0.0,
0.0,
0.0,
0.0,
0.0,
0.0,
0.0,
0.0,
0.0,
0.0,
0.0,
0.0,
0.0,
0.0,
0.0,
0.0,
0.0,
0.0,
0.0,
0.0,
0.0,
0.0,
0.0,
0.0,
0.0,
0.0,
0.0,
0.0,
0.0,
0.0,
0.0,
0.0,
0.0,
0.0,
0.0,
0.0,
0.0,
0.0,
0.0,
0.0,
0.0,
0.0,
0.0,
0.0,
0.0,
0.0,
0.0,
0.0,
0.0,
0.0,
0.0,
0.0,
0.0,
0.0,
0.0,
0.0,
0.0,
0.0,
0.0,
0.0,
0.0,
0.0,
0.0,
0.0,
0.0,
0.0,
0.0,
0.0,
0.0,
0.0,
0.0,
0.0,
0.0,
0.0,
0.0,
0.0,
0.0,
0.0,
0.0,
0.0,
0.0,
0.0,
0.0,
0.0,
0.0,
0.0,
0.0,
0.0,
0.0,
0.0,
3.0,
0.0,
0.0,
0.0,
0.0,
8.0,
0.0,
48.0,
84.0,
116.0,
153.0,
182.0,
211.0,
239.0,
254.0,
254.0,
255.0,
162.0,
61.0,
0.0,
1.0,
7.0,
0.0,
3.0,
0.0,
0.0,
0.0,
0.0,
5.0,
0.0,
0.0,
1.0,
0.0,
4.0,
115.0,
239.0,
247.0,
254.0,
252.0,
236.0,
217.0,
197.0,
169.0,
145.0,
178.0,
231.0,
202.0,
17.0,
7.0,
0.0,
0.0,
4.0,
0.0,
0.0,
0.0,
0.0,
0.0,
4.0,
5.0,
0.0,
0.0,
6.0,
124.0,
180.0,
108.0,
85.0,
44.0,
5.0,
0.0,
0.0,
3.0,
3.0,
0.0,
136.0,
251.0,
59.0,
9.0,
0.0,
2.0,
1.0,
0.0,
0.0,
0.0,
0.0,
0.0,
0.0,
2.0,
0.0,
1.0,
4.0,
29.0,
0.0,
0.0,
0.0,
1.0,
3.0,
6.0,
8.0,
1.0,
0.0,
2.0,
64.0,
255.0,
106.0,
0.0,
0.0,
6.0,
0.0,
0.0,
0.0,
0.0,
0.0,
15.0,
0.0,
0.0,
11.0,
0.0,
2.0,
0.0,
0.0,
9.0,
9.0,
4.0,
0.0,
0.0,
0.0,
6.0,
10.0,
17.0,
35.0,
255.0,
94.0,
0.0,
0.0,
5.0,
0.0,
0.0,
0.0,
0.0,
0.0,
3.0,
0.0,
5.0,
6.0,
0.0,
12.0,
0.0,
17.0,
0.0,
0.0,
1.0,
0.0,
0.0,
0.0,
0.0,
0.0,
0.0,
76.0,
245.0,
27.0,
11.0,
0.0,
6.0,
0.0,
0.0,
0.0,
0.0,
0.0,
0.0,
5.0,
6.0,
0.0,
0.0,
8.0,
0.0,
0.0,
1.0,
1.0,
3.0,
4.0,
3.0,
1.0,
1.0,
3.0,
32.0,
225.0,
218.0,
0.0,
4.0,
0.0,
2.0,
4.0,
0.0,
0.0,
0.0,
0.0,
3.0,
5.0,
0.0,
0.0,
21.0,
0.0,
3.0,
9.0,
3.0,
0.0,
0.0,
0.0,
1.0,
2.0,
0.0,
0.0,
38.0,
255.0,
125.0,
3.0,
0.0,
2.0,
0.0,
0.0,
0.0,
0.0,
0.0,
0.0,
0.0,
0.0,
0.0,
0.0,
0.0,
0.0,
0.0,
0.0,
0.0,
13.0,
0.0,
0.0,
4.0,
0.0,
0.0,
1.0,
132.0,
254.0,
37.0,
7.0,
0.0,
6.0,
0.0,
2.0,
0.0,
0.0,
0.0,
0.0,
0.0,
0.0,
0.0,
0.0,
0.0,
0.0,
0.0,
0.0,
0.0,
2.0,
0.0,
0.0,
11.0,
0.0,
5.0,
5.0,
205.0,
223.0,
21.0,
0.0,
0.0,
1.0,
0.0,
4.0,
0.0,
0.0,
0.0,
0.0,
0.0,
0.0,
0.0,
0.0,
0.0,
0.0,
0.0,
0.0,
1.0,
0.0,
4.0,
0.0,
8.0,
0.0,
4.0,
45.0,
254.0,
144.0,
0.0,
0.0,
0.0,
5.0,
0.0,
11.0,
0.0,
0.0,
0.0,
0.0,
0.0,
0.0,
0.0,
0.0,
0.0,
0.0,
0.0,
0.0,
6.0,
0.0,
6.0,
0.0,
0.0,
0.0,
5.0,
146.0,
237.0,
56.0,
0.0,
0.0,
3.0,
9.0,
0.0,
6.0,
0.0,
0.0,
0.0,
0.0,
0.0,
0.0,
0.0,
0.0,
0.0,
0.0,
0.0,
0.0,
0.0,
0.0,
7.0,
0.0,
0.0,
14.0,
15.0,
245.0,
180.0,
6.0,
0.0,
6.0,
0.0,
3.0,
0.0,
0.0,
0.0,
0.0,
0.0,
0.0,
0.0,
0.0,
0.0,
0.0,
0.0,
0.0,
0.0,
0.0,
0.0,
2.0,
8.0,
0.0,
0.0,
9.0,
36.0,
255.0,
104.0,
0.0,
1.0,
6.0,
0.0,
0.0,
3.0,
0.0,
0.0,
0.0,
0.0,
0.0,
0.0,
0.0,
0.0,
0.0,
0.0,
0.0,
0.0,
0.0,
0.0,
4.0,
4.0,
0.0,
0.0,
0.0,
101.0,
235.0,
35.0,
0.0,
0.0,
4.0,
0.0,
0.0,
10.0,
4.0,
0.0,
0.0,
0.0,
0.0,
0.0,
0.0,
0.0,
0.0,
0.0,
0.0,
0.0,
0.0,
0.0,
0.0,
0.0,
0.0,
3.0,
8.0,
184.0,
228.0,
0.0,
3.0,
0.0,
6.0,
4.0,
0.0,
3.0,
0.0,
0.0,
0.0,
0.0,
0.0,
0.0,
0.0,
0.0,
0.0,
0.0,
0.0,
0.0,
0.0,
3.0,
0.0,
3.0,
1.0,
0.0,
32.0,
255.0,
210.0,
0.0,
0.0,
0.0,
0.0,
0.0,
0.0,
0.0,
0.0,
0.0,
0.0,
0.0,
0.0,
0.0,
0.0,
0.0,
0.0,
0.0,
0.0,
0.0,
0.0,
0.0,
0.0,
1.0,
0.0,
0.0,
60.0,
245.0,
138.0,
0.0,
0.0,
0.0,
0.0,
0.0,
0.0,
0.0,
0.0,
0.0,
0.0,
0.0,
0.0,
0.0,
0.0,
0.0,
0.0,
0.0,
0.0,
0.0,
0.0,
0.0,
8.0,
0.0,
0.0,
3.0,
96.0,
218.0,
48.0,
0.0,
0.0,
0.0,
0.0,
0.0,
0.0,
0.0,
0.0,
0.0,
0.0,
0.0,
0.0,
0.0,
0.0,
0.0,
0.0,
0.0,
0.0,
0.0,
0.0,
0.0,
10.0,
0.0,
1.0,
5.0,
119.0,
199.0,
0.0,
0.0,
0.0,
0.0,
0.0,
0.0,
0.0,
0.0,
0.0,
0.0,
0.0,
0.0,
0.0,
