0.0,
0.0,
0.0,
0.0,
0.0,
0.0,
0.0,
0.0,
0.0,
0.0,
0.0,
0.0,
0.0,
0.0,
0.0,
0.0,
0.0,
0.0,
0.0,
0.0,
0.0,
0.0,
0.0,
0.0,
0.0,
0.0,
0.0,
0.0,
0.0,
0.0,
0.0,
0.0,
0.0,
0.0,
0.0,
0.0,
0.0,
0.0,
0.0,
0.0,
0.0,
0.0,
0.0,
0.0,
0.0,
0.0,
0.0,
0.0,
0.0,
0.0,
0.0,
0.0,
0.0,
0.0,
0.0,
0.0,
0.0,
0.0,
0.0,
0.0,
0.0,
0.0,
0.0,
0.0,
0.0,
0.0,
0.0,
0.0,
0.0,
0.0,
0.0,
0.0,
0.0,
0.0,
0.0,
0.0,
0.0,
0.0,
0.0,
0.0,
0.0,
0.0,
0.0,
0.0,
0.0,
0.0,
0.0,
0.0,
0.0,
0.0,
0.0,
0.0,
0.0,
0.0,
0.0,
0.0,
0.0,
0.0,
0.0,
0.0,
0.0,
0.0,
0.0,
0.0,
0.0,
0.0,
0.0,
0.0,
0.0,
0.0,
0.0,
0.0,
0.0,
0.0,
0.0,
0.0,
0.0,
0.0,
0.0,
0.0,
0.0,
0.0,
0.0,
0.0,
0.0,
0.0,
0.0,
0.0,
0.0,
0.0,
0.0,
0.0,
0.0,
0.0,
0.0,
0.0,
0.0,
0.0,
0.0,
0.0,
0.0,
0.0,
0.0,
0.0,
0.0,
0.0,
0.0,
0.0,
0.0,
0.0,
0.0,
0.0,
0.0,
0.0,
0.0,
0.0,
0.0,
0.0,
0.0,
0.0,
0.0,
0.0,
0.0,
0.0,
0.0,
0.0,
0.0,
0.0,
0.0,
0.0,
0.0,
0.0,
0.0,
0.0,
0.0,
0.0,
0.0,
0.0,
0.0,
0.0,
0.0,
0.0,
0.0,
0.0,
0.0,
0.0,
0.0,
0.0,
0.0,
0.0,
0.0,
0.0,
0.0,
0.0,
0.0,
0.0,
0.0,
0.0,
0.0,
0.0,
0.0,
0.0,
0.0,
0.0,
0.0,
0.0,
0.0,
0.0,
0.0,
0.0,
0.0,
0.0,
0.0,
0.0,
0.0,
0.0,
0.0,
0.0,
0.0,
0.0,
0.0,
0.0,
0.0,
0.0,
1.0,
0.0,
0.0,
3.0,
1.0,
0.0,
13.0,
0.0,
0.0,
0.0,
0.0,
44.0,
108.0,
106.0,
138.0,
239.0,
246.0,
155.0,
42.0,
0.0,
17.0,
3.0,
0.0,
11.0,
0.0,
0.0,
0.0,
0.0,
10.0,
12.0,
0.0,
14.0,
0.0,
38.0,
10.0,
95.0,
167.0,
231.0,
245.0,
231.0,
254.0,
255.0,
248.0,
245.0,
255.0,
254.0,
197.0,
48.0,
0.0,
6.0,
20.0,
0.0,
0.0,
0.0,
0.0,
0.0,
0.0,
192.0,
199.0,
234.0,
210.0,
240.0,
216.0,
255.0,
233.0,
255.0,
255.0,
243.0,
245.0,
252.0,
254.0,
255.0,
240.0,
248.0,
255.0,
228.0,
38.0,
0.0,
0.0,
12.0,
0.0,
0.0,
0.0,
0.0,
0.0,
255.0,
255.0,
227.0,
255.0,
255.0,
250.0,
250.0,
241.0,
199.0,
195.0,
215.0,
174.0,
86.0,
45.0,
57.0,
77.0,
110.0,
255.0,
251.0,
121.0,
0.0,
2.0,
2.0,
0.0,
0.0,
0.0,
0.0,
0.0,
70.0,
203.0,
232.0,
214.0,
216.0,
203.0,
87.0,
45.0,
1.0,
0.0,
11.0,
4.0,
0.0,
0.0,
11.0,
0.0,
70.0,
227.0,
255.0,
125.0,
24.0,
0.0,
1.0,
0.0,
0.0,
0.0,
0.0,
11.0,
7.0,
0.0,
2.0,
0.0,
2.0,
18.0,
0.0,
8.0,
0.0,
0.0,
0.0,
0.0,
6.0,
7.0,
0.0,
14.0,
66.0,
255.0,
253.0,
170.0,
0.0,
0.0,
4.0,
0.0,
0.0,
0.0,
0.0,
0.0,
16.0,
0.0,
11.0,
0.0,
0.0,
14.0,
0.0,
1.0,
0.0,
0.0,
1.0,
4.0,
2.0,
0.0,
0.0,
0.0,
68.0,
247.0,
255.0,
121.0,
7.0,
0.0,
0.0,
0.0,
0.0,
0.0,
0.0,
7.0,
0.0,
4.0,
0.0,
10.0,
7.0,
0.0,
14.0,
0.0,
3.0,
1.0,
0.0,
0.0,
0.0,
0.0,
2.0,
6.0,
63.0,
247.0,
255.0,
112.0,
0.0,
6.0,
0.0,
0.0,
0.0,
0.0,
0.0,
0.0,
0.0,
0.0,
0.0,
0.0,
0.0,
0.0,
0.0,
0.0,
0.0,
0.0,
0.0,
0.0,
0.0,
0.0,
0.0,
1.0,
123.0,
244.0,
255.0,
70.0,
8.0,
8.0,
0.0,
0.0,
0.0,
0.0,
0.0,
0.0,
0.0,
0.0,
0.0,
0.0,
0.0,
0.0,
0.0,
0.0,
0.0,
0.0,
0.0,
0.0,
0.0,
0.0,
0.0,
0.0,
183.0,
255.0,
230.0,
0.0,
0.0,
4.0,
16.0,
0.0,
0.0,
0.0,
0.0,
0.0,
0.0,
0.0,
0.0,
0.0,
0.0,
0.0,
0.0,
0.0,
0.0,
0.0,
0.0,
0.0,
0.0,
0.0,
0.0,
4.0,
206.0,
255.0,
237.0,
10.0,
6.0,
0.0,
0.0,
0.0,
0.0,
0.0,
0.0,
0.0,
0.0,
0.0,
0.0,
0.0,
0.0,
0.0,
0.0,
0.0,
0.0,
0.0,
0.0,
0.0,
0.0,
0.0,
0.0,
52.0,
217.0,
237.0,
138.0,
0.0,
0.0,
5.0,
17.0,
0.0,
0.0,
0.0,
0.0,
0.0,
0.0,
0.0,
0.0,
0.0,
0.0,
0.0,
0.0,
0.0,
0.0,
0.0,
0.0,
0.0,
0.0,
0.0,
0.0,
0.0,
209.0,
255.0,
101.0,
3.0,
0.0,
13.0,
0.0,
0.0,
0.0,
0.0,
0.0,
0.0,
0.0,
0.0,
0.0,
0.0,
0.0,
0.0,
0.0,
0.0,
0.0,
0.0,
0.0,
0.0,
0.0,
0.0,
0.0,
31.0,
234.0,
250.0,
97.0,
0.0,
0.0,
4.0,
0.0,
0.0,
0.0,
0.0,
0.0,
0.0,
0.0,
0.0,
0.0,
0.0,
0.0,
0.0,
0.0,
0.0,
0.0,
0.0,
0.0,
0.0,
0.0,
0.0,
0.0,
90.0,
254.0,
242.0,
107.0,
8.0,
0.0,
0.0,
3.0,
0.0,
0.0,
0.0,
0.0,
0.0,
0.0,
0.0,
0.0,
0.0,
0.0,
0.0,
0.0,
0.0,
0.0,
0.0,
0.0,
0.0,
0.0,
0.0,
0.0,
79.0,
255.0,
255.0,
86.0,
0.0,
0.0,
9.0,
0.0,
0.0,
0.0,
0.0,
0.0,
0.0,
0.0,
0.0,
0.0,
0.0,
0.0,
0.0,
0.0,
0.0,
0.0,
0.0,
0.0,
0.0,
0.0,
0.0,
0.0,
84.0,
252.0,
255.0,
96.0,
0.0,
0.0,
0.0,
0.0,
0.0,
0.0,
0.0,
0.0,
0.0,
0.0,
0.0,
0.0,
0.0,
0.0,
0.0,
0.0,
0.0,
0.0,
0.0,
0.0,
0.0,
0.0,
0.0,
0.0,
102.0,
255.0,
255.0,
99.0,
4.0,
0.0,
2.0,
11.0,
0.0,
0.0,
0.0,
0.0,
0.0,
0.0,
0.0,
0.0,
0.0,
0.0,
0.0,
0.0,
0.0,
0.0,
0.0,
0.0,
0.0,
0.0,
0.0,
0.0,
136.0,
255.0,
239.0,
87.0,
10.0,
0.0,
0.0,
0.0,
0.0,
0.0,
0.0,
0.0,
0.0,
0.0,
0.0,
0.0,
0.0,
0.0,
0.0,
0.0,
0.0,
0.0,
0.0,
0.0,
0.0,
0.0,
0.0,
0.0,
30.0,
123.0,
108.0,
0.0,
0.0,
2.0,
5.0,
3.0,
0.0,
0.0,
0.0,
0.0,
