7.0,
0.0,
0.0,
1.0,
1.0,
2.0,
2.0,
0.0,
0.0,
10.0,
10.0,
0.0,
0.0,
3.0,
0.0,
0.0,
7.0,
3.0,
0.0,
0.0,
0.0,
0.0,
0.0,
7.0,
0.0,
0.0,
0.0,
0.0,
2.0,
0.0,
5.0,
9.0,
0.0,
0.0,
0.0,
0.0,
4.0,
0.0,
0.0,
3.0,
5.0,
0.0,
0.0,
4.0,
0.0,
0.0,
3.0,
8.0,
8.0,
3.0,
0.0,
0.0,
0.0,
0.0,
0.0,
0.0,
0.0,
0.0,
1.0,
3.0,
0.0,
0.0,
1.0,
7.0,
0.0,
0.0,
0.0,
0.0,
2.0,
5.0,
7.0,
8.0,
0.0,
0.0,
0.0,
0.0,
0.0,
1.0,
9.0,
2.0,
0.0,
0.0,
0.0,
0.0,
11.0,
7.0,
0.0,
0.0,
2.0,
3.0,
0.0,
3.0,
7.0,
3.0,
4.0,
2.0,
0.0,
0.0,
0.0,
0.0,
9.0,
1.0,
5.0,
8.0,
0.0,
1.0,
3.0,
0.0,
0.0,
0.0,
0.0,
0.0,
0.0,
0.0,
0.0,
0.0,
2.0,
3.0,
0.0,
4.0,
2.0,
0.0,
0.0,
10.0,
0.0,
0.0,
0.0,
4.0,
0.0,
0.0,
0.0,
0.0,
0.0,
0.0,
1.0,
5.0,
0.0,
0.0,
0.0,
0.0,
0.0,
18.0,
15.0,
6.0,
10.0,
1.0,
0.0,
2.0,
0.0,
0.0,
9.0,
4.0,
0.0,
6.0,
16.0,
0.0,
10.0,
10.0,
1.0,
1.0,
9.0,
1.0,
0.0,
0.0,
0.0,
0.0,
0.0,
0.0,
0.0,
5.0,
0.0,
0.0,
4.0,
8.0,
0.0,
9.0,
16.0,
0.0,
0.0,
0.0,
0.0,
0.0,
6.0,
0.0,
0.0,
12.0,
0.0,
0.0,
5.0,
12.0,
0.0,
2.0,
0.0,
0.0,
0.0,
0.0,
1.0,
6.0,
0.0,
16.0,
99.0,
154.0,
169.0,
185.0,
127.0,
29.0,
40.0,
138.0,
155.0,
120.0,
145.0,
201.0,
255.0,
252.0,
137.0,
14.0,
0.0,
0.0,
0.0,
6.0,
0.0,
0.0,
0.0,
0.0,
0.0,
14.0,
0.0,
0.0,
168.0,
249.0,
255.0,
245.0,
247.0,
254.0,
255.0,
252.0,
255.0,
255.0,
255.0,
248.0,
254.0,
252.0,
244.0,
127.0,
0.0,
6.0,
0.0,
1.0,
0.0,
0.0,
0.0,
0.0,
0.0,
3.0,
0.0,
11.0,
177.0,
255.0,
255.0,
242.0,
253.0,
255.0,
254.0,
243.0,
246.0,
252.0,
253.0,
255.0,
252.0,
250.0,
255.0,
95.0,
0.0,
6.0,
0.0,
1.0,
0.0,
0.0,
0.0,
0.0,
0.0,
0.0,
0.0,
8.0,
121.0,
168.0,
176.0,
149.0,
185.0,
178.0,
178.0,
192.0,
231.0,
251.0,
221.0,
222.0,
254.0,
252.0,
251.0,
53.0,
0.0,
8.0,
0.0,
3.0,
0.0,
0.0,
0.0,
0.0,
10.0,
3.0,
3.0,
0.0,
8.0,
1.0,
0.0,
0.0,
0.0,
0.0,
3.0,
0.0,
10.0,
36.0,
39.0,
119.0,
252.0,
251.0,
191.0,
16.0,
0.0,
4.0,
0.0,
1.0,
0.0,
0.0,
0.0,
0.0,
0.0,
0.0,
8.0,
1.0,
2.0,
0.0,
7.0,
10.0,
3.0,
6.0,
14.0,
0.0,
0.0,
3.0,
2.0,
135.0,
249.0,
248.0,
105.0,
0.0,
0.0,
0.0,
1.0,
0.0,
0.0,
0.0,
0.0,
0.0,
3.0,
2.0,
3.0,
0.0,
0.0,
0.0,
0.0,
0.0,
3.0,
0.0,
0.0,
0.0,
4.0,
12.0,
0.0,
137.0,
254.0,
251.0,
58.0,
0.0,
0.0,
0.0,
7.0,
0.0,
0.0,
0.0,
0.0,
0.0,
1.0,
4.0,
0.0,
0.0,
8.0,
9.0,
3.0,
7.0,
6.0,
0.0,
10.0,
4.0,
0.0,
0.0,
8.0,
243.0,
255.0,
252.0,
64.0,
7.0,
0.0,
1.0,
7.0,
1.0,
0.0,
0.0,
0.0,
0.0,
0.0,
8.0,
0.0,
0.0,
1.0,
0.0,
0.0,
1.0,
7.0,
0.0,
2.0,
4.0,
0.0,
0.0,
1.0,
252.0,
255.0,
245.0,
82.0,
6.0,
0.0,
0.0,
0.0,
0.0,
0.0,
0.0,
0.0,
0.0,
0.0,
0.0,
0.0,
0.0,
0.0,
0.0,
0.0,
0.0,
0.0,
3.0,
2.0,
0.0,
6.0,
0.0,
30.0,
255.0,
254.0,
249.0,
59.0,
4.0,
0.0,
0.0,
10.0,
0.0,
0.0,
0.0,
0.0,
0.0,
0.0,
0.0,
0.0,
0.0,
0.0,
0.0,
0.0,
0.0,
0.0,
4.0,
0.0,
4.0,
0.0,
2.0,
179.0,
255.0,
253.0,
240.0,
48.0,
3.0,
0.0,
0.0,
7.0,
0.0,
0.0,
0.0,
0.0,
0.0,
0.0,
0.0,
0.0,
0.0,
0.0,
0.0,
0.0,
0.0,
2.0,
0.0,
0.0,
3.0,
0.0,
0.0,
255.0,
245.0,
252.0,
227.0,
30.0,
1.0,
0.0,
0.0,
2.0,
0.0,
0.0,
0.0,
0.0,
0.0,
0.0,
0.0,
0.0,
0.0,
0.0,
0.0,
0.0,
0.0,
3.0,
0.0,
6.0,
0.0,
6.0,
1.0,
227.0,
246.0,
251.0,
215.0,
12.0,
0.0,
0.0,
0.0,
0.0,
0.0,
0.0,
0.0,
0.0,
0.0,
0.0,
0.0,
0.0,
0.0,
0.0,
0.0,
0.0,
0.0,
0.0,
0.0,
6.0,
0.0,
7.0,
9.0,
212.0,
255.0,
250.0,
208.0,
0.0,
0.0,
0.0,
0.0,
0.0,
2.0,
0.0,
0.0,
0.0,
0.0,
0.0,
0.0,
0.0,
0.0,
0.0,
0.0,
0.0,
0.0,
0.0,
8.0,
0.0,
8.0,
0.0,
0.0,
244.0,
253.0,
250.0,
208.0,
0.0,
1.0,
0.0,
2.0,
0.0,
3.0,
0.0,
0.0,
0.0,
0.0,
0.0,
0.0,
0.0,
0.0,
0.0,
0.0,
0.0,
0.0,
1.0,
11.0,
0.0,
7.0,
0.0,
0.0,
249.0,
244.0,
250.0,
211.0,
0.0,
3.0,
0.0,
5.0,
0.0,
5.0,
0.0,
0.0,
0.0,
0.0,
0.0,
0.0,
0.0,
0.0,
0.0,
0.0,
0.0,
0.0,
0.0,
0.0,
0.0,
0.0,
16.0,
0.0,
223.0,
255.0,
251.0,
214.0,
0.0,
4.0,
0.0,
7.0,
0.0,
5.0,
0.0,
0.0,
0.0,
0.0,
0.0,
0.0,
0.0,
0.0,
0.0,
0.0,
0.0,
0.0,
3.0,
0.0,
9.0,
0.0,
5.0,
0.0,
236.0,
246.0,
240.0,
216.0,
0.0,
4.0,
0.0,
0.0,
11.0,
0.0,
0.0,
0.0,
0.0,
0.0,
0.0,
0.0,
0.0,
0.0,
0.0,
0.0,
0.0,
0.0,
7.0,
0.0,
0.0,
0.0,
0.0,
0.0,
174.0,
255.0,
255.0,
226.0,
21.0,
9.0,
3.0,
1.0,
6.0,
0.0,
0.0,
0.0,
0.0,
0.0,
0.0,
0.0,
0.0,
0.0,
0.0,
0.0,
0.0,
0.0,
1.0,
0.0,
1.0,
3.0,
0.0,
0.0,
46.0,
165.0,
255.0,
206.0,
43.0,
0.0,
0.0,
0.0,
5.0,
10.0,
0.0,
0.0,
0.0,
0.0,
0.0,
0.0,
0.0,
0.0,
0.0,
0.0,
0.0,
0.0,
0.0,
5.0,
8.0,
1.0,
2.0,
0.0,
0.0,
20.0,
0.0,
9.0,
0.0,
0.0,
19.0,
7.0,
0.0,
0.0,
0.0,
0.0,
0.0,
0.0,
