0.0,
0.0,
0.0,
0.0,
0.0,
0.0,
0.0,
0.0,
0.0,
0.0,
0.0,
0.0,
0.0,
0.0,
0.0,
0.0,
0.0,
0.0,
0.0,
0.0,
0.0,
0.0,
0.0,
0.0,
0.0,
0.0,
0.0,
0.0,
0.0,
0.0,
0.0,
0.0,
0.0,
0.0,
0.0,
0.0,
0.0,
0.0,
0.0,
0.0,
0.0,
0.0,
0.0,
0.0,
0.0,
0.0,
0.0,
0.0,
0.0,
0.0,
0.0,
0.0,
0.0,
0.0,
0.0,
0.0,
0.0,
0.0,
0.0,
0.0,
0.0,
0.0,
0.0,
0.0,
0.0,
0.0,
0.0,
0.0,
0.0,
0.0,
0.0,
0.0,
0.0,
0.0,
0.0,
0.0,
0.0,
0.0,
0.0,
0.0,
0.0,
0.0,
0.0,
0.0,
0.0,
0.0,
0.0,
0.0,
0.0,
0.0,
0.0,
0.0,
0.0,
0.0,
0.0,
0.0,
0.0,
0.0,
0.0,
0.0,
0.0,
0.0,
0.0,
0.0,
0.0,
0.0,
0.0,
0.0,
0.0,
0.0,
0.0,
0.0,
0.0,
0.0,
0.0,
0.0,
0.0,
0.0,
0.0,
0.0,
0.0,
0.0,
0.0,
0.0,
0.0,
0.0,
0.0,
0.0,
0.0,
0.0,
0.0,
0.0,
0.0,
0.0,
0.0,
0.0,
0.0,
0.0,
0.0,
0.0,
0.0,
0.0,
0.0,
0.0,
0.0,
0.0,
0.0,
0.0,
0.0,
0.0,
0.0,
0.0,
0.0,
0.0,
0.0,
0.0,
0.0,
0.0,
0.0,
0.0,
0.0,
0.0,
0.0,
0.0,
0.0,
0.0,
0.0,
0.0,
0.0,
0.0,
0.0,
0.0,
0.0,
0.0,
0.0,
0.0,
0.0,
0.0,
0.0,
0.0,
0.0,
0.0,
0.0,
0.0,
0.0,
0.0,
0.0,
0.0,
0.0,
0.0,
0.0,
0.0,
0.0,
0.0,
0.0,
0.0,
0.0,
0.0,
0.0,
0.0,
0.0,
0.0,
0.0,
0.0,
0.0,
0.0,
0.0,
0.0,
0.0,
0.0,
0.0,
0.0,
0.0,
0.0,
0.0,
0.0,
0.0,
0.0,
0.0,
0.0,
0.0,
0.0,
0.0,
0.0,
1.0,
0.0,
0.0,
5.0,
0.0,
2.0,
14.0,
0.0,
17.0,
0.0,
0.0,
0.0,
0.0,
90.0,
111.0,
88.0,
105.0,
255.0,
248.0,
255.0,
255.0,
116.0,
0.0,
5.0,
0.0,
0.0,
0.0,
0.0,
0.0,
3.0,
4.0,
3.0,
6.0,
0.0,
0.0,
30.0,
20.0,
125.0,
208.0,
184.0,
206.0,
236.0,
235.0,
255.0,
250.0,
250.0,
255.0,
244.0,
248.0,
228.0,
16.0,
0.0,
0.0,
0.0,
0.0,
0.0,
0.0,
7.0,
1.0,
0.0,
8.0,
0.0,
3.0,
115.0,
247.0,
255.0,
250.0,
244.0,
255.0,
252.0,
255.0,
249.0,
255.0,
254.0,
234.0,
255.0,
255.0,
207.0,
0.0,
4.0,
0.0,
0.0,
0.0,
0.0,
0.0,
0.0,
2.0,
0.0,
4.0,
0.0,
7.0,
130.0,
249.0,
251.0,
245.0,
254.0,
248.0,
249.0,
237.0,
255.0,
235.0,
255.0,
255.0,
248.0,
228.0,
175.0,
0.0,
1.0,
0.0,
0.0,
0.0,
0.0,
0.0,
0.0,
13.0,
2.0,
3.0,
0.0,
0.0,
53.0,
238.0,
248.0,
255.0,
133.0,
99.0,
97.0,
100.0,
247.0,
255.0,
253.0,
228.0,
248.0,
156.0,
8.0,
0.0,
8.0,
0.0,
0.0,
0.0,
0.0,
4.0,
0.0,
12.0,
3.0,
0.0,
2.0,
0.0,
2.0,
0.0,
0.0,
15.0,
0.0,
5.0,
2.0,
148.0,
255.0,
249.0,
255.0,
236.0,
67.0,
0.0,
2.0,
0.0,
0.0,
0.0,
0.0,
0.0,
0.0,
5.0,
4.0,
0.0,
0.0,
0.0,
4.0,
1.0,
5.0,
19.0,
0.0,
0.0,
14.0,
3.0,
53.0,
234.0,
255.0,
255.0,
232.0,
87.0,
0.0,
1.0,
16.0,
6.0,
0.0,
0.0,
0.0,
0.0,
0.0,
0.0,
10.0,
0.0,
0.0,
11.0,
1.0,
0.0,
1.0,
0.0,
2.0,
14.0,
0.0,
0.0,
228.0,
252.0,
246.0,
231.0,
137.0,
8.0,
4.0,
4.0,
0.0,
0.0,
4.0,
0.0,
0.0,
0.0,
0.0,
0.0,
0.0,
0.0,
0.0,
0.0,
0.0,
0.0,
0.0,
0.0,
3.0,
0.0,
11.0,
106.0,
248.0,
255.0,
244.0,
170.0,
11.0,
0.0,
5.0,
4.0,
5.0,
0.0,
4.0,
0.0,
0.0,
0.0,
0.0,
0.0,
0.0,
0.0,
0.0,
0.0,
0.0,
0.0,
0.0,
5.0,
5.0,
0.0,
0.0,
120.0,
246.0,
255.0,
192.0,
41.0,
0.0,
11.0,
11.0,
0.0,
1.0,
0.0,
2.0,
0.0,
0.0,
0.0,
0.0,
0.0,
0.0,
0.0,
0.0,
0.0,
0.0,
0.0,
0.0,
0.0,
3.0,
2.0,
9.0,
182.0,
255.0,
252.0,
93.0,
0.0,
0.0,
14.0,
0.0,
0.0,
9.0,
0.0,
0.0,
0.0,
0.0,
0.0,
0.0,
0.0,
0.0,
0.0,
0.0,
0.0,
0.0,
0.0,
0.0,
0.0,
0.0,
11.0,
35.0,
242.0,
255.0,
243.0,
13.0,
12.0,
0.0,
0.0,
0.0,
0.0,
12.0,
0.0,
0.0,
0.0,
0.0,
0.0,
0.0,
0.0,
0.0,
0.0,
0.0,
0.0,
0.0,
0.0,
0.0,
4.0,
0.0,
1.0,
33.0,
253.0,
249.0,
244.0,
0.0,
0.0,
0.0,
3.0,
1.0,
7.0,
2.0,
0.0,
6.0,
0.0,
0.0,
0.0,
0.0,
0.0,
0.0,
0.0,
0.0,
0.0,
0.0,
0.0,
0.0,
5.0,
0.0,
0.0,
36.0,
247.0,
251.0,
252.0,
3.0,
0.0,
6.0,
5.0,
0.0,
0.0,
2.0,
0.0,
1.0,
0.0,
0.0,
0.0,
0.0,
0.0,
0.0,
0.0,
0.0,
0.0,
0.0,
0.0,
0.0,
0.0,
0.0,
0.0,
39.0,
231.0,
255.0,
252.0,
2.0,
9.0,
9.0,
0.0,
0.0,
0.0,
3.0,
7.0,
0.0,
0.0,
0.0,
0.0,
0.0,
0.0,
0.0,
0.0,
0.0,
0.0,
0.0,
0.0,
0.0,
2.0,
4.0,
0.0,
25.0,
200.0,
255.0,
247.0,
0.0,
0.0,
0.0,
0.0,
8.0,
1.0,
0.0,
1.0,
0.0,
0.0,
0.0,
0.0,
0.0,
0.0,
0.0,
0.0,
0.0,
0.0,
0.0,
0.0,
0.0,
0.0,
12.0,
0.0,
0.0,
141.0,
243.0,
249.0,
19.0,
7.0,
0.0,
0.0,
4.0,
4.0,
0.0,
0.0,
3.0,
0.0,
0.0,
0.0,
0.0,
0.0,
0.0,
0.0,
0.0,
0.0,
0.0,
0.0,
0.0,
6.0,
0.0,
0.0,
12.0,
55.0,
233.0,
255.0,
213.0,
27.0,
9.0,
0.0,
0.0,
0.0,
0.0,
0.0,
6.0,
0.0,
0.0,
0.0,
0.0,
0.0,
0.0,
0.0,
0.0,
0.0,
0.0,
0.0,
0.0,
7.0,
0.0,
4.0,
3.0,
0.0,
232.0,
254.0,
212.0,
30.0,
11.0,
0.0,
0.0,
0.0,
0.0,
0.0,
4.0,
0.0,
0.0,
0.0,
0.0,
0.0,
0.0,
0.0,
0.0,
0.0,
0.0,
0.0,
0.0,
0.0,
12.0,
0.0,
0.0,
0.0,
220.0,
253.0,
69.0,
10.0,
1.0,
0.0,
0.0,
3.0,
1.0,
0.0,
0.0,
0.0,
0.0,
0.0,
0.0,
