0.0,
3.0,
1.0,
0.0,
0.0,
6.0,
5.0,
0.0,
3.0,
0.0,
0.0,
0.0,
0.0,
1.0,
2.0,
2.0,
0.0,
0.0,
0.0,
0.0,
0.0,
0.0,
0.0,
0.0,
0.0,
0.0,
0.0,
0.0,
0.0,
1.0,
8.0,
7.0,
0.0,
0.0,
0.0,
0.0,
0.0,
0.0,
2.0,
5.0,
4.0,
2.0,
0.0,
0.0,
0.0,
0.0,
0.0,
0.0,
0.0,
0.0,
0.0,
0.0,
0.0,
0.0,
0.0,
0.0,
10.0,
0.0,
0.0,
0.0,
0.0,
0.0,
5.0,
12.0,
0.0,
0.0,
0.0,
0.0,
0.0,
0.0,
1.0,
4.0,
0.0,
0.0,
0.0,
0.0,
0.0,
0.0,
0.0,
0.0,
0.0,
0.0,
0.0,
0.0,
0.0,
0.0,
0.0,
0.0,
1.0,
0.0,
0.0,
0.0,
7.0,
5.0,
2.0,
0.0,
0.0,
0.0,
0.0,
0.0,
0.0,
0.0,
0.0,
0.0,
0.0,
0.0,
0.0,
0.0,
0.0,
0.0,
0.0,
0.0,
0.0,
5.0,
11.0,
3.0,
0.0,
1.0,
6.0,
6.0,
0.0,
0.0,
0.0,
5.0,
10.0,
11.0,
6.0,
1.0,
0.0,
0.0,
0.0,
0.0,
0.0,
0.0,
0.0,
0.0,
0.0,
0.0,
0.0,
0.0,
3.0,
2.0,
0.0,
0.0,
0.0,
1.0,
0.0,
0.0,
8.0,
4.0,
0.0,
0.0,
0.0,
0.0,
0.0,
0.0,
0.0,
0.0,
0.0,
0.0,
0.0,
0.0,
0.0,
0.0,
0.0,
0.0,
0.0,
0.0,
1.0,
0.0,
0.0,
6.0,
4.0,
0.0,
0.0,
13.0,
0.0,
0.0,
3.0,
3.0,
0.0,
0.0,
4.0,
9.0,
0.0,
0.0,
0.0,
0.0,
0.0,
0.0,
0.0,
0.0,
0.0,
0.0,
0.0,
0.0,
6.0,
0.0,
2.0,
5.0,
0.0,
9.0,
109.0,
220.0,
254.0,
255.0,
248.0,
209.0,
143.0,
74.0,
21.0,
0.0,
0.0,
0.0,
0.0,
0.0,
0.0,
0.0,
0.0,
0.0,
0.0,
0.0,
0.0,
0.0,
0.0,
0.0,
0.0,
0.0,
9.0,
43.0,
228.0,
255.0,
255.0,
251.0,
251.0,
252.0,
246.0,
251.0,
226.0,
184.0,
121.0,
41.0,
0.0,
0.0,
4.0,
0.0,
0.0,
1.0,
0.0,
0.0,
0.0,
0.0,
2.0,
9.0,
0.0,
0.0,
0.0,
66.0,
255.0,
250.0,
253.0,
240.0,
255.0,
255.0,
255.0,
255.0,
249.0,
244.0,
246.0,
215.0,
12.0,
16.0,
0.0,
0.0,
3.0,
0.0,
0.0,
0.0,
0.0,
0.0,
0.0,
4.0,
3.0,
1.0,
7.0,
67.0,
250.0,
254.0,
231.0,
142.0,
110.0,
51.0,
94.0,
171.0,
225.0,
253.0,
255.0,
253.0,
0.0,
0.0,
0.0,
1.0,
0.0,
6.0,
0.0,
0.0,
0.0,
0.0,
4.0,
0.0,
6.0,
4.0,
0.0,
8.0,
149.0,
252.0,
245.0,
31.0,
3.0,
0.0,
5.0,
0.0,
29.0,
103.0,
244.0,
247.0,
90.0,
0.0,
3.0,
8.0,
0.0,
7.0,
0.0,
0.0,
0.0,
0.0,
11.0,
0.0,
5.0,
0.0,
0.0,
0.0,
79.0,
255.0,
250.0,
26.0,
5.0,
0.0,
1.0,
2.0,
8.0,
0.0,
235.0,
255.0,
189.0,
11.0,
0.0,
8.0,
0.0,
0.0,
0.0,
0.0,
0.0,
0.0,
1.0,
0.0,
10.0,
0.0,
14.0,
13.0,
27.0,
167.0,
226.0,
20.0,
0.0,
3.0,
2.0,
0.0,
1.0,
0.0,
241.0,
238.0,
120.0,
6.0,
0.0,
0.0,
3.0,
0.0,
0.0,
0.0,
0.0,
0.0,
1.0,
3.0,
8.0,
0.0,
0.0,
0.0,
0.0,
11.0,
0.0,
0.0,
17.0,
6.0,
0.0,
0.0,
7.0,
7.0,
255.0,
239.0,
85.0,
6.0,
0.0,
0.0,
0.0,
1.0,
0.0,
0.0,
0.0,
0.0,
0.0,
2.0,
0.0,
5.0,
0.0,
0.0,
15.0,
0.0,
0.0,
10.0,
0.0,
0.0,
14.0,
7.0,
0.0,
1.0,
222.0,
255.0,
155.0,
4.0,
0.0,
7.0,
0.0,
5.0,
0.0,
0.0,
0.0,
0.0,
0.0,
0.0,
0.0,
0.0,
0.0,
0.0,
0.0,
0.0,
10.0,
4.0,
0.0,
0.0,
1.0,
0.0,
4.0,
0.0,
234.0,
255.0,
192.0,
1.0,
0.0,
2.0,
2.0,
1.0,
0.0,
0.0,
0.0,
0.0,
0.0,
0.0,
0.0,
0.0,
0.0,
0.0,
0.0,
0.0,
0.0,
0.0,
9.0,
12.0,
0.0,
0.0,
23.0,
0.0,
238.0,
238.0,
185.0,
18.0,
0.0,
0.0,
11.0,
0.0,
0.0,
0.0,
0.0,
0.0,
0.0,
0.0,
0.0,
0.0,
0.0,
0.0,
0.0,
0.0,
21.0,
0.0,
7.0,
8.0,
65.0,
129.0,
84.0,
134.0,
245.0,
255.0,
221.0,
61.0,
9.0,
0.0,
0.0,
0.0,
0.0,
0.0,
0.0,
0.0,
0.0,
0.0,
0.0,
0.0,
0.0,
0.0,
0.0,
0.0,
0.0,
0.0,
54.0,
248.0,
249.0,
251.0,
255.0,
251.0,
251.0,
241.0,
254.0,
196.0,
28.0,
0.0,
15.0,
0.0,
0.0,
0.0,
0.0,
0.0,
0.0,
0.0,
0.0,
0.0,
0.0,
0.0,
0.0,
0.0,
4.0,
0.0,
11.0,
228.0,
255.0,
255.0,
234.0,
234.0,
254.0,
255.0,
255.0,
255.0,
86.0,
7.0,
0.0,
15.0,
0.0,
0.0,
0.0,
0.0,
0.0,
0.0,
0.0,
0.0,
0.0,
0.0,
0.0,
0.0,
0.0,
14.0,
1.0,
18.0,
56.0,
89.0,
9.0,
168.0,
218.0,
253.0,
241.0,
192.0,
13.0,
2.0,
9.0,
0.0,
0.0,
0.0,
0.0,
0.0,
0.0,
0.0,
0.0,
0.0,
0.0,
0.0,
0.0,
0.0,
0.0,
10.0,
0.0,
7.0,
11.0,
3.0,
1.0,
0.0,
71.0,
255.0,
208.0,
33.0,
0.0,
3.0,
8.0,
0.0,
0.0,
0.0,
0.0,
0.0,
0.0,
0.0,
0.0,
0.0,
0.0,
0.0,
0.0,
0.0,
1.0,
0.0,
8.0,
0.0,
3.0,
0.0,
19.0,
0.0,
28.0,
255.0,
249.0,
33.0,
19.0,
0.0,
0.0,
2.0,
0.0,
0.0,
0.0,
0.0,
0.0,
0.0,
0.0,
0.0,
0.0,
0.0,
0.0,
0.0,
0.0,
0.0,
0.0,
0.0,
0.0,
0.0,
0.0,
0.0,
16.0,
212.0,
255.0,
131.0,
0.0,
7.0,
8.0,
0.0,
0.0,
0.0,
0.0,
0.0,
0.0,
0.0,
0.0,
0.0,
0.0,
0.0,
0.0,
0.0,
0.0,
0.0,
0.0,
0.0,
0.0,
0.0,
0.0,
0.0,
0.0,
174.0,
255.0,
184.0,
20.0,
0.0,
0.0,
5.0,
0.0,
0.0,
0.0,
0.0,
0.0,
0.0,
0.0,
0.0,
0.0,
0.0,
0.0,
0.0,
0.0,
0.0,
0.0,
0.0,
0.0,
0.0,
0.0,
0.0,
0.0,
33.0,
205.0,
248.0,
25.0,
0.0,
38.0,
0.0,
0.0,
0.0,
0.0,
0.0,
0.0,
0.0,
0.0,
0.0,
0.0,
0.0,
0.0,
0.0,
0.0,
0.0,
0.0,
0.0,
0.0,
0.0,
0.0,
0.0,
5.0,
7.0,
0.0,
4.0,
0.0,
0.0,
0.0,
11.0,
0.0,
0.0,
0.0,
0.0,
