0.0,
0.0,
0.0,
0.0,
0.0,
0.0,
0.0,
0.0,
0.0,
0.0,
6.0,
11.0,
0.0,
0.0,
0.0,
0.0,
0.0,
0.0,
8.0,
0.0,
4.0,
0.0,
6.0,
3.0,
0.0,
0.0,
0.0,
0.0,
0.0,
0.0,
0.0,
0.0,
0.0,
0.0,
0.0,
0.0,
1.0,
5.0,
0.0,
0.0,
1.0,
16.0,
6.0,
0.0,
0.0,
0.0,
4.0,
5.0,
8.0,
1.0,
0.0,
0.0,
0.0,
0.0,
0.0,
0.0,
0.0,
0.0,
0.0,
0.0,
0.0,
0.0,
0.0,
0.0,
0.0,
8.0,
0.0,
0.0,
3.0,
0.0,
0.0,
7.0,
13.0,
6.0,
0.0,
0.0,
0.0,
1.0,
3.0,
5.0,
0.0,
0.0,
0.0,
0.0,
0.0,
0.0,
0.0,
0.0,
0.0,
0.0,
0.0,
0.0,
3.0,
0.0,
0.0,
1.0,
10.0,
6.0,
2.0,
8.0,
0.0,
0.0,
4.0,
2.0,
10.0,
0.0,
0.0,
0.0,
0.0,
0.0,
0.0,
0.0,
0.0,
0.0,
0.0,
0.0,
0.0,
0.0,
0.0,
0.0,
1.0,
0.0,
7.0,
7.0,
0.0,
0.0,
1.0,
0.0,
3.0,
0.0,
5.0,
0.0,
9.0,
0.0,
5.0,
4.0,
0.0,
0.0,
0.0,
0.0,
0.0,
0.0,
0.0,
0.0,
0.0,
0.0,
0.0,
0.0,
8.0,
0.0,
0.0,
17.0,
8.0,
0.0,
8.0,
12.0,
3.0,
0.0,
4.0,
1.0,
14.0,
0.0,
2.0,
1.0,
0.0,
0.0,
0.0,
0.0,
0.0,
0.0,
0.0,
0.0,
0.0,
0.0,
0.0,
0.0,
0.0,
10.0,
0.0,
0.0,
2.0,
5.0,
0.0,
0.0,
11.0,
1.0,
0.0,
5.0,
0.0,
7.0,
0.0,
0.0,
0.0,
0.0,
0.0,
0.0,
0.0,
0.0,
0.0,
0.0,
0.0,
0.0,
0.0,
0.0,
59.0,
227.0,
216.0,
58.0,
0.0,
4.0,
4.0,
22.0,
16.0,
83.0,
148.0,
255.0,
243.0,
201.0,
56.0,
0.0,
0.0,
0.0,
0.0,
0.0,
0.0,
10.0,
0.0,
0.0,
8.0,
0.0,
1.0,
10.0,
169.0,
239.0,
255.0,
201.0,
156.0,
146.0,
177.0,
255.0,
248.0,
255.0,
248.0,
255.0,
247.0,
233.0,
174.0,
0.0,
0.0,
0.0,
0.0,
0.0,
0.0,
0.0,
4.0,
23.0,
0.0,
0.0,
34.0,
160.0,
251.0,
245.0,
255.0,
245.0,
248.0,
255.0,
255.0,
250.0,
255.0,
233.0,
255.0,
245.0,
255.0,
255.0,
44.0,
4.0,
0.0,
0.0,
0.0,
0.0,
2.0,
4.0,
0.0,
0.0,
12.0,
214.0,
225.0,
255.0,
255.0,
252.0,
255.0,
242.0,
181.0,
92.0,
38.0,
63.0,
56.0,
23.0,
210.0,
255.0,
255.0,
160.0,
0.0,
0.0,
0.0,
0.0,
0.0,
0.0,
0.0,
0.0,
2.0,
0.0,
42.0,
247.0,
252.0,
249.0,
180.0,
61.0,
42.0,
52.0,
8.0,
0.0,
13.0,
8.0,
11.0,
143.0,
255.0,
255.0,
222.0,
64.0,
16.0,
8.0,
0.0,
0.0,
0.0,
0.0,
9.0,
0.0,
4.0,
1.0,
0.0,
25.0,
32.0,
39.0,
4.0,
3.0,
3.0,
0.0,
0.0,
7.0,
0.0,
0.0,
144.0,
255.0,
254.0,
240.0,
92.0,
0.0,
0.0,
0.0,
0.0,
0.0,
0.0,
0.0,
0.0,
0.0,
0.0,
0.0,
7.0,
3.0,
16.0,
0.0,
6.0,
0.0,
3.0,
6.0,
0.0,
0.0,
6.0,
7.0,
228.0,
240.0,
249.0,
160.0,
2.0,
3.0,
3.0,
7.0,
0.0,
0.0,
0.0,
0.0,
5.0,
3.0,
0.0,
7.0,
19.0,
0.0,
0.0,
0.0,
0.0,
5.0,
0.0,
0.0,
15.0,
0.0,
16.0,
155.0,
240.0,
255.0,
216.0,
0.0,
0.0,
14.0,
0.0,
0.0,
0.0,
0.0,
0.0,
0.0,
0.0,
15.0,
6.0,
0.0,
0.0,
2.0,
5.0,
2.0,
0.0,
6.0,
1.0,
0.0,
4.0,
0.0,
82.0,
255.0,
255.0,
233.0,
87.0,
6.0,
4.0,
0.0,
4.0,
0.0,
0.0,
0.0,
0.0,
0.0,
0.0,
0.0,
0.0,
0.0,
0.0,
0.0,
0.0,
0.0,
5.0,
0.0,
0.0,
0.0,
3.0,
79.0,
232.0,
253.0,
255.0,
130.0,
21.0,
0.0,
0.0,
2.0,
8.0,
0.0,
0.0,
0.0,
0.0,
0.0,
0.0,
0.0,
0.0,
0.0,
0.0,
0.0,
0.0,
0.0,
0.0,
0.0,
33.0,
0.0,
20.0,
202.0,
242.0,
255.0,
191.0,
56.0,
0.0,
0.0,
12.0,
1.0,
0.0,
0.0,
0.0,
0.0,
0.0,
0.0,
0.0,
0.0,
0.0,
0.0,
0.0,
0.0,
0.0,
0.0,
0.0,
0.0,
0.0,
14.0,
177.0,
250.0,
250.0,
255.0,
57.0,
8.0,
0.0,
2.0,
0.0,
0.0,
3.0,
0.0,
0.0,
0.0,
0.0,
0.0,
0.0,
0.0,
0.0,
0.0,
0.0,
0.0,
0.0,
0.0,
0.0,
9.0,
2.0,
101.0,
245.0,
255.0,
217.0,
96.0,
0.0,
0.0,
11.0,
7.0,
0.0,
0.0,
4.0,
0.0,
0.0,
0.0,
0.0,
0.0,
0.0,
0.0,
0.0,
0.0,
0.0,
0.0,
0.0,
0.0,
10.0,
0.0,
121.0,
234.0,
244.0,
255.0,
123.0,
0.0,
7.0,
0.0,
0.0,
8.0,
8.0,
0.0,
0.0,
0.0,
0.0,
0.0,
0.0,
0.0,
0.0,
0.0,
0.0,
0.0,
0.0,
0.0,
0.0,
0.0,
0.0,
9.0,
191.0,
255.0,
255.0,
121.0,
0.0,
1.0,
0.0,
1.0,
0.0,
0.0,
0.0,
0.0,
0.0,
2.0,
0.0,
0.0,
0.0,
0.0,
0.0,
0.0,
0.0,
0.0,
0.0,
0.0,
0.0,
0.0,
6.0,
182.0,
255.0,
247.0,
199.0,
28.0,
0.0,
10.0,
0.0,
12.0,
13.0,
0.0,
0.0,
1.0,
6.0,
1.0,
0.0,
0.0,
0.0,
0.0,
0.0,
0.0,
0.0,
0.0,
0.0,
0.0,
0.0,
0.0,
0.0,
231.0,
242.0,
239.0,
27.0,
0.0,
4.0,
0.0,
7.0,
1.0,
0.0,
0.0,
11.0,
4.0,
0.0,
0.0,
0.0,
0.0,
0.0,
0.0,
0.0,
0.0,
0.0,
0.0,
0.0,
0.0,
0.0,
0.0,
32.0,
219.0,
255.0,
197.0,
0.0,
6.0,
0.0,
1.0,
0.0,
0.0,
0.0,
0.0,
0.0,
0.0,
0.0,
0.0,
0.0,
0.0,
0.0,
0.0,
0.0,
0.0,
0.0,
0.0,
0.0,
0.0,
0.0,
0.0,
93.0,
255.0,
238.0,
108.0,
4.0,
6.0,
0.0,
19.0,
0.0,
0.0,
0.0,
0.0,
0.0,
0.0,
0.0,
0.0,
0.0,
0.0,
0.0,
0.0,
0.0,
0.0,
0.0,
0.0,
0.0,
0.0,
0.0,
0.0,
1.0,
243.0,
255.0,
56.0,
0.0,
12.0,
5.0,
0.0,
0.0,
0.0,
0.0,
0.0,
0.0,
0.0,
0.0,
0.0,
0.0,
0.0,
0.0,
0.0,
0.0,
0.0,
0.0,
0.0,
0.0,
0.0,
0.0,
0.0,
0.0,
0.0,
1.0,
0.0,
14.0,
0.0,
0.0,
4.0,
0.0,
0.0,
0.0,
0.0,
0.0,
0.0,
0.0,
0.0,
0.0,
0.0,
0.0,
0.0,
