0.0,
0.0,
0.0,
0.0,
0.0,
0.0,
0.0,
0.0,
0.0,
0.0,
0.0,
0.0,
0.0,
0.0,
0.0,
0.0,
0.0,
0.0,
0.0,
0.0,
0.0,
0.0,
0.0,
0.0,
0.0,
0.0,
0.0,
0.0,
0.0,
0.0,
0.0,
0.0,
0.0,
0.0,
0.0,
0.0,
0.0,
0.0,
0.0,
0.0,
0.0,
0.0,
0.0,
0.0,
0.0,
0.0,
0.0,
0.0,
0.0,
0.0,
0.0,
0.0,
0.0,
0.0,
0.0,
0.0,
0.0,
0.0,
0.0,
0.0,
0.0,
0.0,
0.0,
0.0,
0.0,
0.0,
0.0,
0.0,
0.0,
0.0,
0.0,
0.0,
0.0,
0.0,
0.0,
0.0,
0.0,
0.0,
0.0,
0.0,
0.0,
0.0,
0.0,
0.0,
0.0,
0.0,
0.0,
0.0,
0.0,
0.0,
0.0,
0.0,
0.0,
0.0,
0.0,
0.0,
0.0,
0.0,
0.0,
0.0,
0.0,
0.0,
0.0,
0.0,
0.0,
0.0,
0.0,
0.0,
0.0,
0.0,
0.0,
0.0,
0.0,
0.0,
0.0,
0.0,
0.0,
0.0,
0.0,
0.0,
0.0,
0.0,
0.0,
0.0,
0.0,
0.0,
0.0,
0.0,
0.0,
0.0,
0.0,
0.0,
0.0,
0.0,
0.0,
0.0,
0.0,
0.0,
0.0,
0.0,
0.0,
0.0,
0.0,
0.0,
0.0,
0.0,
0.0,
0.0,
0.0,
0.0,
0.0,
0.0,
0.0,
0.0,
0.0,
0.0,
0.0,
0.0,
0.0,
0.0,
0.0,
0.0,
0.0,
0.0,
0.0,
0.0,
0.0,
0.0,
0.0,
0.0,
0.0,
0.0,
0.0,
0.0,
0.0,
0.0,
0.0,
0.0,
0.0,
0.0,
0.0,
0.0,
0.0,
0.0,
0.0,
0.0,
0.0,
0.0,
0.0,
0.0,
0.0,
0.0,
0.0,
0.0,
0.0,
0.0,
0.0,
0.0,
0.0,
0.0,
0.0,
0.0,
0.0,
0.0,
0.0,
0.0,
0.0,
0.0,
0.0,
0.0,
0.0,
0.0,
0.0,
0.0,
0.0,
0.0,
0.0,
0.0,
0.0,
0.0,
0.0,
0.0,
0.0,
0.0,
0.0,
0.0,
0.0,
63.0,
194.0,
254.0,
198.0,
0.0,
0.0,
0.0,
0.0,
7.0,
61.0,
126.0,
142.0,
121.0,
127.0,
126.0,
188.0,
130.0,
133.0,
127.0,
0.0,
9.0,
0.0,
0.0,
0.0,
0.0,
1.0,
0.0,
18.0,
254.0,
255.0,
255.0,
240.0,
255.0,
255.0,
255.0,
255.0,
250.0,
248.0,
253.0,
254.0,
251.0,
255.0,
252.0,
248.0,
255.0,
252.0,
252.0,
255.0,
0.0,
0.0,
0.0,
0.0,
0.0,
13.0,
0.0,
0.0,
186.0,
230.0,
255.0,
248.0,
250.0,
253.0,
245.0,
250.0,
255.0,
255.0,
243.0,
210.0,
193.0,
183.0,
255.0,
255.0,
243.0,
255.0,
255.0,
234.0,
7.0,
0.0,
0.0,
0.0,
0.0,
0.0,
2.0,
2.0,
11.0,
77.0,
131.0,
138.0,
52.0,
127.0,
67.0,
8.0,
0.0,
0.0,
0.0,
0.0,
0.0,
0.0,
7.0,
9.0,
117.0,
255.0,
249.0,
255.0,
0.0,
0.0,
0.0,
0.0,
0.0,
0.0,
7.0,
0.0,
0.0,
0.0,
3.0,
12.0,
0.0,
9.0,
0.0,
0.0,
0.0,
4.0,
7.0,
4.0,
1.0,
3.0,
0.0,
0.0,
208.0,
253.0,
249.0,
192.0,
3.0,
0.0,
0.0,
0.0,
0.0,
9.0,
0.0,
0.0,
8.0,
3.0,
0.0,
0.0,
4.0,
0.0,
0.0,
5.0,
3.0,
0.0,
1.0,
0.0,
0.0,
4.0,
13.0,
124.0,
236.0,
255.0,
255.0,
0.0,
2.0,
0.0,
0.0,
0.0,
0.0,
0.0,
0.0,
12.0,
0.0,
3.0,
0.0,
2.0,
0.0,
4.0,
2.0,
0.0,
0.0,
1.0,
2.0,
1.0,
0.0,
0.0,
62.0,
255.0,
247.0,
255.0,
120.0,
6.0,
0.0,
0.0,
0.0,
0.0,
0.0,
8.0,
4.0,
0.0,
0.0,
0.0,
7.0,
0.0,
2.0,
2.0,
0.0,
0.0,
2.0,
0.0,
0.0,
0.0,
9.0,
14.0,
168.0,
255.0,
255.0,
181.0,
5.0,
4.0,
2.0,
0.0,
0.0,
0.0,
0.0,
0.0,
0.0,
0.0,
0.0,
0.0,
0.0,
0.0,
0.0,
0.0,
13.0,
0.0,
0.0,
0.0,
14.0,
0.0,
9.0,
67.0,
245.0,
255.0,
249.0,
0.0,
0.0,
0.0,
11.0,
0.0,
0.0,
0.0,
0.0,
0.0,
0.0,
0.0,
0.0,
0.0,
0.0,
0.0,
0.0,
7.0,
0.0,
0.0,
31.0,
0.0,
0.0,
4.0,
48.0,
255.0,
255.0,
241.0,
71.0,
0.0,
13.0,
5.0,
0.0,
0.0,
0.0,
0.0,
0.0,
0.0,
0.0,
0.0,
0.0,
0.0,
0.0,
0.0,
0.0,
0.0,
0.0,
6.0,
0.0,
0.0,
15.0,
23.0,
186.0,
254.0,
255.0,
134.0,
0.0,
2.0,
0.0,
0.0,
2.0,
0.0,
0.0,
0.0,
0.0,
0.0,
0.0,
0.0,
0.0,
0.0,
0.0,
0.0,
0.0,
0.0,
0.0,
4.0,
0.0,
0.0,
0.0,
195.0,
253.0,
255.0,
179.0,
13.0,
2.0,
0.0,
5.0,
0.0,
2.0,
0.0,
0.0,
0.0,
0.0,
0.0,
0.0,
0.0,
0.0,
0.0,
0.0,
0.0,
0.0,
0.0,
6.0,
0.0,
22.0,
2.0,
69.0,
254.0,
255.0,
188.0,
20.0,
0.0,
3.0,
0.0,
8.0,
8.0,
0.0,
0.0,
0.0,
0.0,
0.0,
0.0,
0.0,
0.0,
0.0,
0.0,
0.0,
0.0,
0.0,
3.0,
1.0,
1.0,
0.0,
63.0,
255.0,
240.0,
200.0,
4.0,
0.0,
0.0,
10.0,
9.0,
0.0,
0.0,
8.0,
0.0,
0.0,
0.0,
0.0,
0.0,
0.0,
0.0,
0.0,
0.0,
0.0,
0.0,
0.0,
13.0,
0.0,
3.0,
14.0,
184.0,
255.0,
249.0,
60.0,
0.0,
39.0,
0.0,
0.0,
17.0,
4.0,
0.0,
7.0,
0.0,
0.0,
0.0,
0.0,
0.0,
0.0,
0.0,
0.0,
0.0,
0.0,
0.0,
0.0,
0.0,
12.0,
0.0,
126.0,
249.0,
254.0,
60.0,
7.0,
7.0,
0.0,
10.0,
0.0,
0.0,
9.0,
3.0,
0.0,
0.0,
0.0,
0.0,
0.0,
0.0,
0.0,
0.0,
0.0,
0.0,
0.0,
0.0,
0.0,
0.0,
0.0,
72.0,
255.0,
232.0,
65.0,
14.0,
0.0,
0.0,
0.0,
0.0,
0.0,
0.0,
0.0,
0.0,
0.0,
0.0,
0.0,
0.0,
0.0,
0.0,
0.0,
0.0,
0.0,
0.0,
0.0,
0.0,
0.0,
7.0,
77.0,
182.0,
254.0,
152.0,
2.0,
0.0,
5.0,
0.0,
0.0,
0.0,
0.0,
0.0,
0.0,
0.0,
0.0,
0.0,
0.0,
0.0,
0.0,
0.0,
0.0,
0.0,
0.0,
0.0,
0.0,
0.0,
0.0,
0.0,
183.0,
255.0,
118.0,
0.0,
0.0,
19.0,
0.0,
0.0,
0.0,
0.0,
0.0,
0.0,
0.0,
0.0,
0.0,
0.0,
0.0,
0.0,
0.0,
0.0,
0.0,
0.0,
0.0,
0.0,
0.0,
0.0,
0.0,
78.0,
130.0,
126.0,
20.0,
0.0,
2.0,
0.0,
3.0,
0.0,
0.0,
0.0,
0.0,
0.0,
0.0,
0.0,
0.0,
0.0,
0.0,
0.0,
0.0,
