0.0,
0.0,
0.0,
0.0,
0.0,
0.0,
0.0,
0.0,
3.0,
2.0,
0.0,
0.0,
3.0,
0.0,
0.0,
5.0,
3.0,
4.0,
0.0,
0.0,
0.0,
0.0,
0.0,
10.0,
0.0,
0.0,
0.0,
0.0,
0.0,
0.0,
0.0,
0.0,
0.0,
0.0,
0.0,
0.0,
0.0,
0.0,
0.0,
2.0,
2.0,
0.0,
0.0,
0.0,
0.0,
0.0,
4.0,
5.0,
7.0,
6.0,
0.0,
0.0,
0.0,
0.0,
0.0,
0.0,
0.0,
0.0,
0.0,
0.0,
0.0,
0.0,
0.0,
0.0,
0.0,
0.0,
0.0,
0.0,
0.0,
0.0,
3.0,
0.0,
3.0,
0.0,
0.0,
0.0,
0.0,
3.0,
8.0,
0.0,
0.0,
0.0,
0.0,
0.0,
0.0,
0.0,
0.0,
0.0,
0.0,
0.0,
0.0,
0.0,
9.0,
4.0,
7.0,
2.0,
0.0,
1.0,
7.0,
0.0,
8.0,
1.0,
7.0,
8.0,
0.0,
2.0,
5.0,
0.0,
0.0,
0.0,
0.0,
0.0,
0.0,
0.0,
0.0,
0.0,
0.0,
0.0,
0.0,
0.0,
0.0,
0.0,
0.0,
0.0,
0.0,
6.0,
9.0,
4.0,
0.0,
0.0,
0.0,
2.0,
0.0,
0.0,
2.0,
12.0,
0.0,
0.0,
0.0,
0.0,
0.0,
0.0,
0.0,
0.0,
0.0,
0.0,
0.0,
0.0,
3.0,
9.0,
6.0,
5.0,
10.0,
0.0,
0.0,
0.0,
9.0,
12.0,
6.0,
6.0,
9.0,
0.0,
0.0,
3.0,
0.0,
0.0,
0.0,
0.0,
0.0,
0.0,
0.0,
0.0,
0.0,
0.0,
0.0,
0.0,
0.0,
7.0,
0.0,
0.0,
12.0,
0.0,
0.0,
20.0,
0.0,
8.0,
0.0,
0.0,
6.0,
10.0,
0.0,
4.0,
0.0,
0.0,
0.0,
0.0,
0.0,
0.0,
0.0,
0.0,
0.0,
0.0,
0.0,
0.0,
0.0,
18.0,
14.0,
47.0,
122.0,
150.0,
178.0,
247.0,
255.0,
240.0,
122.0,
9.0,
0.0,
3.0,
0.0,
6.0,
0.0,
0.0,
0.0,
0.0,
6.0,
0.0,
13.0,
0.0,
7.0,
27.0,
124.0,
154.0,
156.0,
242.0,
255.0,
247.0,
254.0,
255.0,
247.0,
255.0,
249.0,
255.0,
242.0,
154.0,
21.0,
0.0,
10.0,
0.0,
0.0,
0.0,
0.0,
0.0,
0.0,
20.0,
6.0,
0.0,
9.0,
172.0,
255.0,
249.0,
254.0,
255.0,
246.0,
247.0,
251.0,
217.0,
187.0,
199.0,
203.0,
206.0,
255.0,
254.0,
51.0,
0.0,
0.0,
4.0,
0.0,
0.0,
0.0,
0.0,
0.0,
14.0,
0.0,
0.0,
14.0,
171.0,
244.0,
255.0,
255.0,
227.0,
159.0,
88.0,
44.0,
23.0,
9.0,
0.0,
11.0,
74.0,
246.0,
252.0,
35.0,
14.0,
10.0,
0.0,
0.0,
0.0,
0.0,
0.0,
1.0,
0.0,
9.0,
5.0,
0.0,
24.0,
145.0,
249.0,
240.0,
113.0,
16.0,
2.0,
3.0,
0.0,
0.0,
5.0,
0.0,
64.0,
245.0,
255.0,
63.0,
0.0,
1.0,
0.0,
0.0,
0.0,
0.0,
0.0,
3.0,
0.0,
8.0,
0.0,
16.0,
0.0,
4.0,
5.0,
140.0,
35.0,
0.0,
0.0,
5.0,
0.0,
0.0,
0.0,
10.0,
156.0,
255.0,
252.0,
54.0,
0.0,
0.0,
0.0,
0.0,
0.0,
0.0,
0.0,
0.0,
8.0,
9.0,
0.0,
0.0,
4.0,
14.0,
15.0,
0.0,
0.0,
4.0,
6.0,
0.0,
0.0,
8.0,
3.0,
9.0,
233.0,
248.0,
195.0,
3.0,
7.0,
6.0,
3.0,
0.0,
0.0,
0.0,
0.0,
4.0,
5.0,
0.0,
0.0,
0.0,
9.0,
0.0,
0.0,
16.0,
0.0,
0.0,
10.0,
12.0,
0.0,
0.0,
0.0,
120.0,
255.0,
255.0,
163.0,
11.0,
0.0,
0.0,
5.0,
0.0,
0.0,
0.0,
0.0,
0.0,
4.0,
4.0,
0.0,
1.0,
0.0,
0.0,
8.0,
0.0,
7.0,
9.0,
0.0,
0.0,
8.0,
8.0,
0.0,
131.0,
249.0,
247.0,
70.0,
0.0,
0.0,
15.0,
0.0,
0.0,
0.0,
0.0,
0.0,
0.0,
0.0,
0.0,
0.0,
0.0,
0.0,
0.0,
0.0,
2.0,
2.0,
0.0,
0.0,
0.0,
8.0,
0.0,
8.0,
127.0,
251.0,
255.0,
77.0,
0.0,
0.0,
10.0,
0.0,
0.0,
0.0,
0.0,
0.0,
0.0,
0.0,
0.0,
0.0,
0.0,
0.0,
0.0,
0.0,
0.0,
6.0,
0.0,
3.0,
2.0,
4.0,
1.0,
0.0,
219.0,
255.0,
255.0,
59.0,
12.0,
0.0,
0.0,
2.0,
0.0,
0.0,
0.0,
0.0,
0.0,
0.0,
0.0,
0.0,
0.0,
0.0,
0.0,
0.0,
0.0,
11.0,
4.0,
0.0,
0.0,
0.0,
0.0,
9.0,
251.0,
237.0,
221.0,
12.0,
5.0,
2.0,
0.0,
10.0,
0.0,
0.0,
0.0,
0.0,
0.0,
0.0,
0.0,
0.0,
0.0,
0.0,
0.0,
0.0,
0.0,
9.0,
0.0,
0.0,
0.0,
2.0,
0.0,
108.0,
255.0,
253.0,
192.0,
1.0,
0.0,
5.0,
0.0,
0.0,
0.0,
0.0,
0.0,
0.0,
0.0,
0.0,
0.0,
0.0,
0.0,
0.0,
0.0,
0.0,
0.0,
1.0,
0.0,
2.0,
3.0,
13.0,
0.0,
219.0,
253.0,
249.0,
109.0,
1.0,
0.0,
8.0,
0.0,
0.0,
0.0,
0.0,
0.0,
0.0,
0.0,
0.0,
0.0,
0.0,
0.0,
0.0,
0.0,
0.0,
0.0,
0.0,
1.0,
7.0,
0.0,
4.0,
0.0,
253.0,
242.0,
219.0,
7.0,
0.0,
0.0,
4.0,
0.0,
4.0,
0.0,
0.0,
0.0,
0.0,
0.0,
0.0,
0.0,
0.0,
0.0,
0.0,
0.0,
0.0,
5.0,
0.0,
8.0,
4.0,
0.0,
0.0,
52.0,
243.0,
255.0,
234.0,
0.0,
1.0,
4.0,
1.0,
0.0,
0.0,
0.0,
0.0,
0.0,
0.0,
0.0,
0.0,
0.0,
0.0,
0.0,
0.0,
0.0,
0.0,
2.0,
0.0,
9.0,
0.0,
0.0,
10.0,
134.0,
249.0,
244.0,
231.0,
4.0,
0.0,
0.0,
6.0,
0.0,
6.0,
0.0,
0.0,
0.0,
0.0,
0.0,
0.0,
0.0,
0.0,
0.0,
0.0,
0.0,
0.0,
0.0,
0.0,
1.0,
3.0,
0.0,
28.0,
226.0,
255.0,
255.0,
100.0,
11.0,
0.0,
0.0,
4.0,
5.0,
0.0,
0.0,
0.0,
0.0,
0.0,
0.0,
0.0,
0.0,
0.0,
0.0,
0.0,
0.0,
0.0,
6.0,
9.0,
8.0,
0.0,
9.0,
74.0,
241.0,
249.0,
195.0,
52.0,
0.0,
4.0,
1.0,
0.0,
0.0,
4.0,
0.0,
0.0,
0.0,
0.0,
0.0,
0.0,
0.0,
0.0,
0.0,
0.0,
0.0,
0.0,
0.0,
0.0,
11.0,
0.0,
0.0,
8.0,
170.0,
255.0,
98.0,
5.0,
0.0,
4.0,
1.0,
0.0,
0.0,
2.0,
0.0,
0.0,
0.0,
0.0,
0.0,
0.0,
0.0,
0.0,
0.0,
0.0,
0.0,
0.0,
4.0,
0.0,
4.0,
0.0,
15.0,
5.0,
0.0,
0.0,
22.0,
0.0,
0.0,
0.0,
0.0,
8.0,
7.0,
0.0,
0.0,
0.0,
0.0,
0.0,
