0.0,
0.0,
0.0,
0.0,
0.0,
0.0,
0.0,
0.0,
0.0,
0.0,
0.0,
1.0,
7.0,
1.0,
0.0,
3.0,
0.0,
0.0,
0.0,
9.0,
0.0,
6.0,
5.0,
0.0,
0.0,
0.0,
0.0,
0.0,
0.0,
0.0,
0.0,
0.0,
0.0,
0.0,
0.0,
0.0,
8.0,
7.0,
0.0,
0.0,
0.0,
0.0,
0.0,
0.0,
0.0,
17.0,
7.0,
1.0,
0.0,
7.0,
0.0,
0.0,
0.0,
0.0,
0.0,
0.0,
0.0,
0.0,
0.0,
0.0,
0.0,
0.0,
0.0,
0.0,
0.0,
0.0,
5.0,
5.0,
0.0,
7.0,
7.0,
0.0,
10.0,
0.0,
0.0,
5.0,
0.0,
7.0,
10.0,
0.0,
0.0,
0.0,
0.0,
0.0,
0.0,
0.0,
0.0,
0.0,
0.0,
0.0,
0.0,
0.0,
6.0,
0.0,
3.0,
1.0,
0.0,
0.0,
5.0,
0.0,
0.0,
12.0,
5.0,
4.0,
3.0,
0.0,
0.0,
11.0,
0.0,
0.0,
0.0,
0.0,
0.0,
0.0,
0.0,
0.0,
0.0,
0.0,
0.0,
0.0,
0.0,
0.0,
0.0,
4.0,
1.0,
0.0,
0.0,
0.0,
0.0,
0.0,
9.0,
0.0,
0.0,
5.0,
8.0,
0.0,
0.0,
0.0,
0.0,
0.0,
0.0,
0.0,
0.0,
0.0,
0.0,
0.0,
0.0,
0.0,
0.0,
5.0,
0.0,
0.0,
4.0,
2.0,
0.0,
6.0,
11.0,
1.0,
0.0,
0.0,
7.0,
0.0,
0.0,
4.0,
0.0,
0.0,
0.0,
0.0,
0.0,
0.0,
0.0,
0.0,
0.0,
0.0,
0.0,
0.0,
0.0,
20.0,
1.0,
0.0,
10.0,
34.0,
39.0,
55.0,
68.0,
162.0,
191.0,
194.0,
238.0,
124.0,
2.0,
2.0,
0.0,
0.0,
0.0,
0.0,
0.0,
0.0,
0.0,
0.0,
0.0,
0.0,
0.0,
0.0,
0.0,
91.0,
129.0,
150.0,
225.0,
255.0,
253.0,
249.0,
255.0,
226.0,
255.0,
255.0,
238.0,
255.0,
212.0,
0.0,
0.0,
0.0,
0.0,
0.0,
0.0,
0.0,
0.0,
0.0,
0.0,
0.0,
0.0,
0.0,
93.0,
242.0,
255.0,
251.0,
251.0,
184.0,
149.0,
176.0,
175.0,
156.0,
177.0,
198.0,
255.0,
250.0,
249.0,
4.0,
0.0,
0.0,
0.0,
0.0,
0.0,
0.0,
0.0,
0.0,
0.0,
0.0,
0.0,
0.0,
33.0,
84.0,
82.0,
52.0,
22.0,
6.0,
14.0,
1.0,
0.0,
10.0,
0.0,
91.0,
255.0,
249.0,
205.0,
0.0,
0.0,
0.0,
0.0,
0.0,
0.0,
0.0,
0.0,
0.0,
0.0,
0.0,
0.0,
0.0,
6.0,
0.0,
0.0,
19.0,
0.0,
0.0,
2.0,
0.0,
2.0,
0.0,
64.0,
245.0,
255.0,
255.0,
176.0,
9.0,
0.0,
0.0,
0.0,
0.0,
0.0,
0.0,
0.0,
0.0,
0.0,
0.0,
0.0,
0.0,
0.0,
0.0,
0.0,
2.0,
4.0,
5.0,
0.0,
7.0,
2.0,
42.0,
189.0,
254.0,
249.0,
229.0,
7.0,
0.0,
0.0,
0.0,
0.0,
0.0,
0.0,
0.0,
0.0,
0.0,
0.0,
0.0,
0.0,
0.0,
0.0,
18.0,
3.0,
0.0,
0.0,
15.0,
1.0,
0.0,
0.0,
226.0,
255.0,
255.0,
205.0,
45.0,
10.0,
4.0,
0.0,
0.0,
0.0,
0.0,
0.0,
0.0,
0.0,
0.0,
0.0,
0.0,
0.0,
0.0,
4.0,
0.0,
0.0,
23.0,
0.0,
4.0,
0.0,
18.0,
181.0,
254.0,
255.0,
255.0,
81.0,
9.0,
18.0,
0.0,
0.0,
0.0,
0.0,
0.0,
0.0,
0.0,
0.0,
0.0,
0.0,
0.0,
0.0,
0.0,
0.0,
13.0,
41.0,
76.0,
34.0,
24.0,
10.0,
80.0,
250.0,
255.0,
241.0,
192.0,
11.0,
0.0,
0.0,
18.0,
0.0,
0.0,
0.0,
0.0,
0.0,
0.0,
0.0,
0.0,
0.0,
0.0,
0.0,
0.0,
4.0,
170.0,
246.0,
255.0,
247.0,
231.0,
163.0,
233.0,
255.0,
236.0,
255.0,
72.0,
9.0,
6.0,
0.0,
0.0,
0.0,
0.0,
0.0,
0.0,
0.0,
8.0,
0.0,
0.0,
6.0,
1.0,
0.0,
1.0,
36.0,
222.0,
255.0,
250.0,
249.0,
255.0,
255.0,
251.0,
255.0,
250.0,
253.0,
255.0,
140.0,
0.0,
0.0,
7.0,
0.0,
0.0,
0.0,
0.0,
0.0,
6.0,
0.0,
3.0,
6.0,
0.0,
0.0,
0.0,
8.0,
49.0,
243.0,
246.0,
255.0,
255.0,
235.0,
255.0,
255.0,
252.0,
255.0,
255.0,
147.0,
15.0,
0.0,
0.0,
0.0,
0.0,
0.0,
0.0,
0.0,
0.0,
0.0,
3.0,
0.0,
0.0,
0.0,
1.0,
0.0,
0.0,
14.0,
229.0,
255.0,
255.0,
225.0,
185.0,
95.0,
96.0,
99.0,
110.0,
52.0,
0.0,
0.0,
0.0,
0.0,
0.0,
0.0,
0.0,
1.0,
0.0,
0.0,
0.0,
0.0,
2.0,
0.0,
3.0,
0.0,
8.0,
146.0,
246.0,
255.0,
168.0,
21.0,
0.0,
0.0,
2.0,
0.0,
5.0,
0.0,
0.0,
10.0,
7.0,
0.0,
0.0,
0.0,
0.0,
3.0,
0.0,
6.0,
0.0,
0.0,
11.0,
0.0,
3.0,
14.0,
129.0,
245.0,
255.0,
189.0,
0.0,
22.0,
0.0,
0.0,
5.0,
2.0,
4.0,
2.0,
3.0,
9.0,
0.0,
0.0,
0.0,
0.0,
0.0,
0.0,
0.0,
8.0,
0.0,
3.0,
2.0,
0.0,
30.0,
159.0,
241.0,
255.0,
255.0,
71.0,
0.0,
4.0,
0.0,
0.0,
0.0,
0.0,
0.0,
2.0,
5.0,
0.0,
0.0,
0.0,
0.0,
0.0,
0.0,
0.0,
0.0,
5.0,
0.0,
4.0,
0.0,
3.0,
120.0,
255.0,
255.0,
255.0,
157.0,
5.0,
0.0,
0.0,
3.0,
8.0,
4.0,
0.0,
0.0,
2.0,
2.0,
0.0,
4.0,
0.0,
0.0,
0.0,
0.0,
5.0,
0.0,
5.0,
1.0,
10.0,
0.0,
37.0,
219.0,
255.0,
248.0,
203.0,
34.0,
0.0,
6.0,
0.0,
0.0,
0.0,
0.0,
0.0,
0.0,
4.0,
0.0,
0.0,
4.0,
0.0,
0.0,
0.0,
0.0,
7.0,
0.0,
10.0,
0.0,
4.0,
60.0,
232.0,
255.0,
255.0,
229.0,
4.0,
0.0,
3.0,
0.0,
13.0,
0.0,
0.0,
0.0,
0.0,
0.0,
0.0,
0.0,
0.0,
0.0,
0.0,
0.0,
0.0,
0.0,
0.0,
20.0,
0.0,
0.0,
0.0,
194.0,
255.0,
250.0,
228.0,
16.0,
0.0,
3.0,
0.0,
14.0,
0.0,
10.0,
0.0,
0.0,
0.0,
0.0,
0.0,
0.0,
0.0,
0.0,
0.0,
0.0,
0.0,
0.0,
14.0,
0.0,
4.0,
3.0,
0.0,
23.0,
0.0,
0.0,
18.0,
0.0,
36.0,
0.0,
0.0,
5.0,
0.0,
0.0,
0.0,
0.0,
0.0,
0.0,
0.0,
0.0,
0.0,
0.0,
0.0,
0.0,
0.0,
0.0,
0.0,
0.0,
19.0,
0.0,
18.0,
0.0,
0.0,
1.0,
0.0,
19.0,
2.0,
0.0,
19.0,
0.0,
0.0,
7.0,
0.0,
0.0,
0.0,
0.0,
0.0,
0.0,
0.0,
0.0,
0.0,
0.0,
0.0,
0.0,
