0.0,
0.0,
0.0,
0.0,
0.0,
0.0,
0.0,
0.0,
4.0,
0.0,
0.0,
0.0,
2.0,
0.0,
0.0,
5.0,
3.0,
0.0,
0.0,
1.0,
0.0,
0.0,
0.0,
8.0,
0.0,
0.0,
0.0,
0.0,
0.0,
0.0,
0.0,
0.0,
0.0,
0.0,
0.0,
0.0,
3.0,
0.0,
1.0,
4.0,
2.0,
0.0,
0.0,
2.0,
0.0,
0.0,
0.0,
6.0,
6.0,
0.0,
0.0,
0.0,
0.0,
0.0,
0.0,
0.0,
0.0,
0.0,
0.0,
0.0,
0.0,
0.0,
0.0,
0.0,
0.0,
0.0,
1.0,
2.0,
0.0,
0.0,
0.0,
0.0,
11.0,
4.0,
0.0,
0.0,
0.0,
0.0,
0.0,
2.0,
0.0,
0.0,
0.0,
0.0,
0.0,
0.0,
0.0,
0.0,
0.0,
0.0,
0.0,
0.0,
1.0,
1.0,
2.0,
3.0,
3.0,
2.0,
1.0,
2.0,
0.0,
0.0,
0.0,
2.0,
4.0,
1.0,
0.0,
0.0,
0.0,
0.0,
0.0,
0.0,
0.0,
0.0,
0.0,
0.0,
0.0,
0.0,
0.0,
0.0,
3.0,
0.0,
0.0,
0.0,
0.0,
2.0,
0.0,
0.0,
6.0,
9.0,
9.0,
6.0,
1.0,
0.0,
0.0,
0.0,
0.0,
0.0,
0.0,
0.0,
0.0,
0.0,
0.0,
0.0,
0.0,
0.0,
0.0,
0.0,
6.0,
6.0,
4.0,
1.0,
2.0,
5.0,
2.0,
0.0,
0.0,
0.0,
0.0,
0.0,
0.0,
0.0,
1.0,
1.0,
0.0,
0.0,
0.0,
0.0,
0.0,
0.0,
0.0,
0.0,
0.0,
0.0,
0.0,
0.0,
0.0,
0.0,
4.0,
2.0,
0.0,
0.0,
0.0,
0.0,
9.0,
7.0,
1.0,
0.0,
3.0,
7.0,
0.0,
0.0,
0.0,
0.0,
0.0,
0.0,
0.0,
0.0,
0.0,
0.0,
0.0,
0.0,
0.0,
0.0,
58.0,
79.0,
97.0,
97.0,
91.0,
90.0,
93.0,
96.0,
214.0,
161.0,
81.0,
16.0,
0.0,
0.0,
5.0,
5.0,
0.0,
0.0,
0.0,
0.0,
0.0,
11.0,
0.0,
11.0,
0.0,
0.0,
0.0,
46.0,
216.0,
253.0,
251.0,
255.0,
255.0,
248.0,
255.0,
255.0,
255.0,
243.0,
234.0,
111.0,
0.0,
5.0,
1.0,
0.0,
0.0,
0.0,
0.0,
0.0,
0.0,
2.0,
1.0,
9.0,
1.0,
9.0,
13.0,
178.0,
254.0,
251.0,
249.0,
247.0,
254.0,
255.0,
236.0,
255.0,
255.0,
255.0,
255.0,
116.0,
2.0,
3.0,
3.0,
5.0,
0.0,
0.0,
0.0,
0.0,
2.0,
0.0,
9.0,
0.0,
0.0,
0.0,
0.0,
228.0,
255.0,
255.0,
255.0,
230.0,
216.0,
210.0,
255.0,
232.0,
251.0,
255.0,
255.0,
79.0,
5.0,
0.0,
1.0,
1.0,
0.0,
0.0,
0.0,
0.0,
5.0,
0.0,
2.0,
0.0,
7.0,
9.0,
0.0,
182.0,
253.0,
242.0,
249.0,
16.0,
6.0,
0.0,
15.0,
255.0,
253.0,
252.0,
221.0,
16.0,
0.0,
0.0,
2.0,
0.0,
0.0,
0.0,
0.0,
0.0,
5.0,
0.0,
0.0,
1.0,
3.0,
9.0,
0.0,
67.0,
235.0,
255.0,
255.0,
27.0,
2.0,
16.0,
0.0,
241.0,
255.0,
251.0,
208.0,
0.0,
2.0,
1.0,
7.0,
0.0,
0.0,
0.0,
0.0,
0.0,
3.0,
3.0,
4.0,
4.0,
0.0,
0.0,
0.0,
0.0,
39.0,
216.0,
118.0,
6.0,
0.0,
0.0,
10.0,
255.0,
252.0,
255.0,
220.0,
0.0,
6.0,
0.0,
5.0,
0.0,
0.0,
0.0,
0.0,
0.0,
0.0,
0.0,
6.0,
8.0,
0.0,
6.0,
21.0,
4.0,
10.0,
15.0,
0.0,
1.0,
13.0,
68.0,
70.0,
250.0,
249.0,
254.0,
222.0,
3.0,
4.0,
0.0,
1.0,
0.0,
0.0,
0.0,
0.0,
0.0,
2.0,
0.0,
3.0,
0.0,
0.0,
0.0,
0.0,
0.0,
0.0,
2.0,
6.0,
0.0,
100.0,
243.0,
255.0,
250.0,
255.0,
250.0,
213.0,
1.0,
1.0,
0.0,
3.0,
1.0,
0.0,
0.0,
0.0,
0.0,
0.0,
0.0,
0.0,
0.0,
0.0,
0.0,
0.0,
0.0,
0.0,
4.0,
3.0,
229.0,
255.0,
255.0,
243.0,
254.0,
251.0,
255.0,
236.0,
170.0,
12.0,
0.0,
4.0,
0.0,
0.0,
0.0,
0.0,
0.0,
0.0,
0.0,
0.0,
0.0,
0.0,
0.0,
0.0,
0.0,
4.0,
0.0,
0.0,
209.0,
249.0,
255.0,
255.0,
255.0,
255.0,
239.0,
255.0,
244.0,
156.0,
0.0,
0.0,
11.0,
0.0,
0.0,
0.0,
0.0,
0.0,
0.0,
0.0,
0.0,
0.0,
0.0,
0.0,
0.0,
2.0,
0.0,
19.0,
236.0,
255.0,
194.0,
241.0,
255.0,
255.0,
254.0,
240.0,
142.0,
118.0,
9.0,
9.0,
0.0,
0.0,
0.0,
0.0,
0.0,
0.0,
0.0,
0.0,
0.0,
0.0,
0.0,
0.0,
0.0,
0.0,
8.0,
0.0,
57.0,
62.0,
88.0,
251.0,
255.0,
249.0,
176.0,
63.0,
3.0,
7.0,
0.0,
6.0,
5.0,
0.0,
0.0,
0.0,
0.0,
0.0,
0.0,
0.0,
0.0,
0.0,
0.0,
0.0,
0.0,
0.0,
12.0,
0.0,
0.0,
17.0,
69.0,
255.0,
246.0,
255.0,
126.0,
0.0,
1.0,
2.0,
0.0,
0.0,
6.0,
0.0,
0.0,
0.0,
0.0,
0.0,
0.0,
0.0,
0.0,
0.0,
0.0,
0.0,
0.0,
6.0,
0.0,
0.0,
0.0,
3.0,
12.0,
200.0,
255.0,
255.0,
141.0,
7.0,
10.0,
11.0,
0.0,
15.0,
0.0,
0.0,
0.0,
0.0,
0.0,
0.0,
0.0,
0.0,
0.0,
0.0,
0.0,
0.0,
0.0,
0.0,
3.0,
28.0,
0.0,
0.0,
0.0,
168.0,
248.0,
241.0,
149.0,
0.0,
0.0,
0.0,
0.0,
5.0,
8.0,
0.0,
0.0,
0.0,
0.0,
0.0,
0.0,
0.0,
0.0,
0.0,
0.0,
0.0,
0.0,
13.0,
0.0,
2.0,
0.0,
9.0,
0.0,
142.0,
255.0,
255.0,
232.0,
43.0,
2.0,
0.0,
11.0,
0.0,
0.0,
0.0,
0.0,
0.0,
0.0,
0.0,
0.0,
0.0,
0.0,
0.0,
0.0,
0.0,
0.0,
2.0,
0.0,
0.0,
10.0,
3.0,
0.0,
13.0,
255.0,
248.0,
253.0,
53.0,
8.0,
0.0,
8.0,
0.0,
0.0,
0.0,
0.0,
0.0,
0.0,
0.0,
0.0,
0.0,
0.0,
0.0,
0.0,
0.0,
0.0,
1.0,
6.0,
0.0,
5.0,
0.0,
0.0,
21.0,
232.0,
255.0,
236.0,
48.0,
3.0,
0.0,
8.0,
0.0,
3.0,
0.0,
0.0,
0.0,
0.0,
0.0,
0.0,
0.0,
0.0,
0.0,
0.0,
0.0,
0.0,
0.0,
7.0,
0.0,
6.0,
2.0,
2.0,
1.0,
105.0,
166.0,
118.0,
13.0,
0.0,
3.0,
7.0,
0.0,
2.0,
0.0,
0.0,
0.0,
0.0,
0.0,
0.0,
0.0,
0.0,
0.0,
0.0,
0.0,
0.0,
0.0,
8.0,
0.0,
8.0,
8.0,
6.0,
0.0,
0.0,
20.0,
0.0,
0.0,
0.0,
6.0,
1.0,
0.0,
3.0,
0.0,
0.0,
0.0,
0.0,
