5.0,
0.0,
0.0,
0.0,
0.0,
0.0,
0.0,
0.0,
0.0,
2.0,
0.0,
0.0,
5.0,
2.0,
0.0,
0.0,
4.0,
1.0,
0.0,
10.0,
0.0,
6.0,
0.0,
6.0,
0.0,
0.0,
0.0,
0.0,
0.0,
0.0,
4.0,
7.0,
5.0,
1.0,
1.0,
2.0,
0.0,
1.0,
0.0,
0.0,
0.0,
2.0,
5.0,
13.0,
0.0,
8.0,
3.0,
6.0,
0.0,
1.0,
0.0,
0.0,
0.0,
0.0,
0.0,
0.0,
0.0,
0.0,
4.0,
2.0,
0.0,
0.0,
0.0,
1.0,
0.0,
3.0,
7.0,
7.0,
5.0,
0.0,
0.0,
0.0,
5.0,
0.0,
0.0,
8.0,
4.0,
6.0,
0.0,
5.0,
0.0,
0.0,
0.0,
0.0,
2.0,
1.0,
0.0,
0.0,
0.0,
2.0,
5.0,
4.0,
0.0,
0.0,
0.0,
0.0,
0.0,
0.0,
5.0,
7.0,
0.0,
0.0,
0.0,
1.0,
0.0,
0.0,
0.0,
0.0,
0.0,
0.0,
0.0,
0.0,
5.0,
0.0,
0.0,
1.0,
5.0,
5.0,
0.0,
0.0,
4.0,
0.0,
7.0,
11.0,
1.0,
1.0,
5.0,
0.0,
0.0,
7.0,
17.0,
0.0,
0.0,
0.0,
2.0,
0.0,
0.0,
0.0,
0.0,
0.0,
0.0,
0.0,
1.0,
7.0,
1.0,
0.0,
0.0,
4.0,
6.0,
0.0,
0.0,
1.0,
0.0,
0.0,
4.0,
0.0,
14.0,
0.0,
0.0,
0.0,
12.0,
2.0,
3.0,
2.0,
0.0,
0.0,
0.0,
0.0,
0.0,
0.0,
0.0,
2.0,
0.0,
0.0,
48.0,
112.0,
151.0,
163.0,
217.0,
255.0,
255.0,
247.0,
220.0,
175.0,
121.0,
63.0,
20.0,
0.0,
6.0,
0.0,
0.0,
0.0,
0.0,
0.0,
0.0,
0.0,
2.0,
0.0,
0.0,
0.0,
0.0,
31.0,
146.0,
255.0,
255.0,
231.0,
238.0,
247.0,
238.0,
250.0,
255.0,
239.0,
255.0,
248.0,
178.0,
35.0,
0.0,
0.0,
21.0,
0.0,
0.0,
0.0,
0.0,
0.0,
2.0,
0.0,
7.0,
0.0,
5.0,
5.0,
207.0,
161.0,
80.0,
0.0,
0.0,
3.0,
10.0,
0.0,
94.0,
90.0,
151.0,
220.0,
255.0,
187.0,
0.0,
3.0,
0.0,
2.0,
0.0,
0.0,
0.0,
0.0,
0.0,
0.0,
8.0,
0.0,
6.0,
0.0,
40.0,
0.0,
0.0,
0.0,
14.0,
0.0,
0.0,
7.0,
0.0,
0.0,
16.0,
119.0,
255.0,
212.0,
0.0,
16.0,
6.0,
2.0,
0.0,
0.0,
0.0,
0.0,
4.0,
4.0,
0.0,
0.0,
0.0,
9.0,
0.0,
0.0,
0.0,
0.0,
4.0,
0.0,
0.0,
13.0,
0.0,
12.0,
12.0,
191.0,
255.0,
152.0,
4.0,
0.0,
6.0,
0.0,
0.0,
0.0,
0.0,
0.0,
0.0,
2.0,
3.0,
0.0,
3.0,
12.0,
0.0,
14.0,
16.0,
0.0,
0.0,
6.0,
13.0,
0.0,
13.0,
0.0,
84.0,
255.0,
243.0,
41.0,
0.0,
0.0,
4.0,
0.0,
0.0,
0.0,
0.0,
0.0,
0.0,
0.0,
3.0,
6.0,
3.0,
0.0,
0.0,
0.0,
0.0,
0.0,
2.0,
1.0,
5.0,
0.0,
13.0,
5.0,
169.0,
243.0,
184.0,
9.0,
0.0,
12.0,
1.0,
4.0,
0.0,
0.0,
0.0,
0.0,
8.0,
0.0,
0.0,
0.0,
4.0,
0.0,
26.0,
4.0,
0.0,
3.0,
1.0,
0.0,
0.0,
8.0,
0.0,
139.0,
250.0,
246.0,
42.0,
4.0,
4.0,
2.0,
1.0,
0.0,
0.0,
0.0,
0.0,
0.0,
0.0,
0.0,
1.0,
2.0,
8.0,
0.0,
4.0,
0.0,
5.0,
0.0,
2.0,
11.0,
0.0,
0.0,
0.0,
208.0,
254.0,
187.0,
0.0,
9.0,
11.0,
0.0,
6.0,
4.0,
0.0,
0.0,
0.0,
0.0,
0.0,
8.0,
6.0,
0.0,
0.0,
2.0,
0.0,
12.0,
0.0,
0.0,
0.0,
0.0,
0.0,
12.0,
109.0,
254.0,
246.0,
82.0,
127.0,
81.0,
5.0,
1.0,
0.0,
1.0,
0.0,
0.0,
0.0,
0.0,
0.0,
0.0,
0.0,
0.0,
0.0,
0.0,
0.0,
0.0,
0.0,
2.0,
0.0,
9.0,
127.0,
205.0,
234.0,
255.0,
241.0,
255.0,
233.0,
103.0,
2.0,
0.0,
5.0,
2.0,
0.0,
0.0,
0.0,
0.0,
0.0,
0.0,
0.0,
0.0,
0.0,
0.0,
0.0,
0.0,
15.0,
101.0,
182.0,
244.0,
231.0,
255.0,
247.0,
246.0,
164.0,
82.0,
6.0,
0.0,
3.0,
7.0,
1.0,
0.0,
0.0,
0.0,
0.0,
0.0,
0.0,
0.0,
0.0,
0.0,
0.0,
0.0,
0.0,
0.0,
158.0,
233.0,
240.0,
218.0,
146.0,
250.0,
250.0,
162.0,
11.0,
0.0,
0.0,
3.0,
8.0,
0.0,
0.0,
3.0,
0.0,
0.0,
0.0,
0.0,
0.0,
0.0,
0.0,
0.0,
0.0,
0.0,
0.0,
0.0,
48.0,
81.0,
41.0,
0.0,
68.0,
254.0,
244.0,
71.0,
0.0,
8.0,
17.0,
0.0,
0.0,
0.0,
1.0,
0.0,
0.0,
0.0,
0.0,
0.0,
0.0,
0.0,
0.0,
0.0,
0.0,
0.0,
0.0,
0.0,
0.0,
0.0,
0.0,
0.0,
192.0,
255.0,
163.0,
0.0,
16.0,
0.0,
0.0,
0.0,
0.0,
4.0,
3.0,
0.0,
0.0,
0.0,
0.0,
0.0,
0.0,
0.0,
0.0,
0.0,
0.0,
0.0,
0.0,
0.0,
2.0,
0.0,
5.0,
0.0,
255.0,
244.0,
87.0,
2.0,
0.0,
0.0,
3.0,
12.0,
11.0,
3.0,
0.0,
0.0,
0.0,
0.0,
0.0,
0.0,
0.0,
0.0,
0.0,
0.0,
0.0,
0.0,
0.0,
0.0,
0.0,
2.0,
1.0,
0.0,
255.0,
250.0,
38.0,
5.0,
1.0,
5.0,
0.0,
0.0,
0.0,
2.0,
0.0,
0.0,
0.0,
0.0,
0.0,
0.0,
0.0,
0.0,
0.0,
0.0,
0.0,
0.0,
0.0,
0.0,
0.0,
7.0,
0.0,
1.0,
251.0,
250.0,
0.0,
0.0,
0.0,
0.0,
0.0,
3.0,
1.0,
0.0,
0.0,
3.0,
0.0,
0.0,
0.0,
0.0,
0.0,
0.0,
0.0,
0.0,
0.0,
0.0,
0.0,
0.0,
0.0,
2.0,
1.0,
2.0,
234.0,
255.0,
0.0,
5.0,
0.0,
0.0,
0.0,
0.0,
0.0,
0.0,
0.0,
0.0,
0.0,
0.0,
0.0,
0.0,
0.0,
0.0,
0.0,
0.0,
0.0,
0.0,
0.0,
0.0,
12.0,
0.0,
0.0,
24.0,
209.0,
240.0,
39.0,
0.0,
0.0,
0.0,
0.0,
0.0,
0.0,
0.0,
0.0,
0.0,
0.0,
0.0,
0.0,
0.0,
0.0,
0.0,
0.0,
0.0,
0.0,
0.0,
0.0,
0.0,
0.0,
1.0,
5.0,
0.0,
6.0,
12.0,
0.0,
4.0,
0.0,
0.0,
0.0,
0.0,
0.0,
0.0,
0.0,
0.0,
0.0,
0.0,
0.0,
0.0,
0.0,
0.0,
0.0,
0.0,
0.0,
0.0,
0.0,
0.0,
18.0,
1.0,
0.0,
0.0,
0.0,
3.0,
16.0,
0.0,
0.0,
0.0,
0.0,
0.0,
0.0,
0.0,
0.0,
0.0,
0.0,
0.0,
0.0,
0.0,
