0.0,
10.0,
12.0,
1.0,
0.0,
0.0,
0.0,
0.0,
12.0,
0.0,
4.0,
0.0,
0.0,
2.0,
0.0,
9.0,
0.0,
0.0,
11.0,
0.0,
0.0,
0.0,
4.0,
2.0,
0.0,
0.0,
0.0,
0.0,
6.0,
1.0,
0.0,
0.0,
0.0,
3.0,
5.0,
4.0,
1.0,
0.0,
4.0,
6.0,
13.0,
17.0,
0.0,
0.0,
4.0,
0.0,
0.0,
0.0,
14.0,
6.0,
8.0,
0.0,
0.0,
0.0,
0.0,
0.0,
5.0,
0.0,
0.0,
4.0,
1.0,
0.0,
0.0,
0.0,
0.0,
0.0,
2.0,
0.0,
0.0,
0.0,
0.0,
0.0,
0.0,
4.0,
8.0,
0.0,
0.0,
0.0,
0.0,
5.0,
0.0,
0.0,
0.0,
0.0,
0.0,
0.0,
6.0,
8.0,
0.0,
0.0,
2.0,
0.0,
0.0,
1.0,
9.0,
4.0,
3.0,
9.0,
9.0,
10.0,
1.0,
4.0,
0.0,
0.0,
10.0,
6.0,
1.0,
5.0,
0.0,
0.0,
0.0,
0.0,
1.0,
4.0,
4.0,
0.0,
0.0,
3.0,
11.0,
5.0,
7.0,
5.0,
0.0,
0.0,
0.0,
0.0,
0.0,
0.0,
0.0,
6.0,
4.0,
5.0,
2.0,
0.0,
0.0,
0.0,
0.0,
0.0,
0.0,
0.0,
1.0,
7.0,
0.0,
0.0,
4.0,
4.0,
0.0,
0.0,
0.0,
0.0,
0.0,
7.0,
2.0,
0.0,
6.0,
10.0,
2.0,
0.0,
0.0,
0.0,
0.0,
2.0,
10.0,
10.0,
0.0,
0.0,
0.0,
0.0,
0.0,
6.0,
0.0,
0.0,
15.0,
0.0,
0.0,
20.0,
5.0,
3.0,
0.0,
8.0,
8.0,
0.0,
3.0,
5.0,
6.0,
0.0,
3.0,
22.0,
0.0,
0.0,
0.0,
0.0,
0.0,
0.0,
0.0,
0.0,
0.0,
9.0,
0.0,
0.0,
10.0,
0.0,
15.0,
109.0,
253.0,
161.0,
42.0,
11.0,
16.0,
14.0,
29.0,
22.0,
109.0,
175.0,
253.0,
233.0,
67.0,
0.0,
0.0,
9.0,
0.0,
0.0,
0.0,
0.0,
6.0,
0.0,
0.0,
0.0,
1.0,
0.0,
1.0,
216.0,
255.0,
254.0,
240.0,
253.0,
222.0,
205.0,
248.0,
253.0,
255.0,
245.0,
255.0,
255.0,
84.0,
0.0,
17.0,
0.0,
0.0,
0.0,
0.0,
0.0,
0.0,
0.0,
0.0,
0.0,
5.0,
3.0,
7.0,
160.0,
250.0,
255.0,
253.0,
255.0,
254.0,
237.0,
255.0,
250.0,
255.0,
254.0,
247.0,
251.0,
21.0,
5.0,
0.0,
0.0,
0.0,
0.0,
0.0,
0.0,
0.0,
5.0,
0.0,
0.0,
1.0,
2.0,
0.0,
65.0,
235.0,
255.0,
255.0,
231.0,
221.0,
173.0,
145.0,
93.0,
99.0,
249.0,
253.0,
166.0,
10.0,
5.0,
0.0,
9.0,
0.0,
0.0,
0.0,
0.0,
0.0,
6.0,
0.0,
0.0,
0.0,
0.0,
0.0,
3.0,
236.0,
252.0,
194.0,
35.0,
5.0,
0.0,
9.0,
0.0,
58.0,
255.0,
255.0,
115.0,
15.0,
0.0,
7.0,
0.0,
0.0,
0.0,
0.0,
0.0,
0.0,
0.0,
0.0,
5.0,
7.0,
0.0,
9.0,
0.0,
170.0,
248.0,
220.0,
23.0,
0.0,
0.0,
8.0,
10.0,
198.0,
252.0,
250.0,
118.0,
0.0,
0.0,
5.0,
0.0,
0.0,
0.0,
0.0,
0.0,
5.0,
0.0,
0.0,
4.0,
6.0,
0.0,
7.0,
0.0,
122.0,
251.0,
255.0,
51.0,
0.0,
9.0,
5.0,
42.0,
255.0,
236.0,
255.0,
53.0,
0.0,
11.0,
0.0,
15.0,
0.0,
0.0,
0.0,
0.0,
7.0,
0.0,
6.0,
0.0,
3.0,
0.0,
0.0,
0.0,
114.0,
255.0,
255.0,
72.0,
1.0,
0.0,
0.0,
64.0,
246.0,
255.0,
250.0,
0.0,
8.0,
3.0,
0.0,
1.0,
0.0,
0.0,
0.0,
0.0,
1.0,
0.0,
12.0,
0.0,
7.0,
4.0,
3.0,
1.0,
119.0,
247.0,
249.0,
67.0,
0.0,
8.0,
4.0,
132.0,
254.0,
255.0,
163.0,
3.0,
0.0,
6.0,
7.0,
0.0,
0.0,
0.0,
0.0,
0.0,
0.0,
0.0,
0.0,
0.0,
0.0,
0.0,
0.0,
0.0,
119.0,
247.0,
248.0,
64.0,
11.0,
0.0,
0.0,
171.0,
250.0,
255.0,
28.0,
0.0,
5.0,
8.0,
0.0,
0.0,
0.0,
0.0,
0.0,
0.0,
0.0,
0.0,
0.0,
0.0,
0.0,
0.0,
0.0,
0.0,
218.0,
255.0,
192.0,
0.0,
18.0,
0.0,
0.0,
155.0,
251.0,
255.0,
23.0,
0.0,
0.0,
0.0,
0.0,
4.0,
0.0,
0.0,
0.0,
0.0,
0.0,
0.0,
0.0,
0.0,
0.0,
0.0,
0.0,
0.0,
89.0,
207.0,
0.0,
15.0,
0.0,
0.0,
36.0,
212.0,
249.0,
255.0,
20.0,
3.0,
0.0,
0.0,
1.0,
8.0,
0.0,
0.0,
0.0,
0.0,
0.0,
0.0,
0.0,
0.0,
0.0,
0.0,
0.0,
0.0,
1.0,
0.0,
20.0,
0.0,
11.0,
0.0,
10.0,
255.0,
244.0,
227.0,
12.0,
8.0,
0.0,
3.0,
1.0,
1.0,
0.0,
0.0,
0.0,
0.0,
0.0,
0.0,
0.0,
0.0,
0.0,
0.0,
0.0,
0.0,
4.0,
0.0,
0.0,
14.0,
0.0,
0.0,
71.0,
246.0,
250.0,
183.0,
2.0,
2.0,
0.0,
0.0,
0.0,
0.0,
0.0,
0.0,
0.0,
0.0,
0.0,
0.0,
0.0,
0.0,
0.0,
0.0,
0.0,
0.0,
6.0,
0.0,
1.0,
0.0,
0.0,
10.0,
194.0,
249.0,
255.0,
130.0,
1.0,
0.0,
0.0,
0.0,
1.0,
0.0,
0.0,
0.0,
0.0,
0.0,
0.0,
0.0,
0.0,
0.0,
0.0,
0.0,
0.0,
0.0,
0.0,
0.0,
14.0,
0.0,
4.0,
2.0,
246.0,
253.0,
247.0,
65.0,
3.0,
2.0,
0.0,
0.0,
5.0,
3.0,
0.0,
0.0,
0.0,
0.0,
0.0,
0.0,
0.0,
0.0,
0.0,
0.0,
0.0,
0.0,
0.0,
4.0,
0.0,
0.0,
6.0,
0.0,
249.0,
255.0,
214.0,
10.0,
0.0,
4.0,
3.0,
0.0,
2.0,
0.0,
0.0,
0.0,
0.0,
0.0,
0.0,
0.0,
0.0,
0.0,
0.0,
0.0,
0.0,
0.0,
6.0,
0.0,
0.0,
0.0,
7.0,
0.0,
255.0,
239.0,
193.0,
0.0,
0.0,
3.0,
0.0,
7.0,
0.0,
0.0,
0.0,
0.0,
0.0,
0.0,
0.0,
0.0,
0.0,
0.0,
0.0,
0.0,
0.0,
0.0,
0.0,
0.0,
2.0,
0.0,
8.0,
0.0,
255.0,
255.0,
162.0,
10.0,
4.0,
1.0,
0.0,
0.0,
1.0,
3.0,
0.0,
0.0,
0.0,
0.0,
0.0,
0.0,
0.0,
0.0,
0.0,
0.0,
0.0,
0.0,
7.0,
4.0,
0.0,
0.0,
0.0,
18.0,
220.0,
247.0,
68.0,
0.0,
0.0,
4.0,
0.0,
0.0,
2.0,
0.0,
0.0,
0.0,
0.0,
0.0,
0.0,
0.0,
0.0,
0.0,
0.0,
0.0,
0.0,
0.0,
0.0,
0.0,
7.0,
13.0,
8.0,
0.0,
16.0,
0.0,
0.0,
0.0,
0.0,
1.0,
2.0,
0.0,
4.0,
0.0,
0.0,
0.0,
0.0,
0.0,
