4.0,
2.0,
0.0,
0.0,
0.0,
0.0,
0.0,
0.0,
0.0,
0.0,
0.0,
0.0,
0.0,
0.0,
0.0,
0.0,
1.0,
0.0,
0.0,
11.0,
1.0,
0.0,
4.0,
0.0,
0.0,
0.0,
0.0,
0.0,
0.0,
0.0,
0.0,
3.0,
4.0,
3.0,
1.0,
0.0,
0.0,
0.0,
0.0,
0.0,
0.0,
0.0,
0.0,
0.0,
0.0,
19.0,
10.0,
0.0,
0.0,
0.0,
0.0,
0.0,
0.0,
0.0,
0.0,
0.0,
0.0,
0.0,
1.0,
2.0,
1.0,
0.0,
0.0,
0.0,
0.0,
0.0,
0.0,
0.0,
0.0,
0.0,
0.0,
0.0,
0.0,
1.0,
0.0,
0.0,
4.0,
12.0,
0.0,
12.0,
0.0,
0.0,
0.0,
0.0,
3.0,
2.0,
1.0,
0.0,
0.0,
0.0,
0.0,
3.0,
0.0,
0.0,
0.0,
0.0,
0.0,
0.0,
0.0,
0.0,
11.0,
9.0,
0.0,
15.0,
4.0,
7.0,
0.0,
0.0,
0.0,
0.0,
0.0,
0.0,
0.0,
1.0,
1.0,
0.0,
0.0,
0.0,
3.0,
7.0,
4.0,
4.0,
4.0,
4.0,
4.0,
4.0,
4.0,
4.0,
0.0,
0.0,
0.0,
7.0,
0.0,
0.0,
7.0,
3.0,
0.0,
0.0,
0.0,
0.0,
0.0,
1.0,
4.0,
2.0,
0.0,
0.0,
0.0,
0.0,
0.0,
0.0,
0.0,
0.0,
0.0,
0.0,
0.0,
0.0,
15.0,
0.0,
0.0,
14.0,
13.0,
2.0,
3.0,
0.0,
0.0,
0.0,
0.0,
0.0,
1.0,
2.0,
2.0,
0.0,
0.0,
0.0,
5.0,
12.0,
2.0,
2.0,
2.0,
2.0,
2.0,
2.0,
2.0,
2.0,
0.0,
4.0,
2.0,
0.0,
9.0,
0.0,
0.0,
3.0,
0.0,
0.0,
0.0,
0.0,
0.0,
0.0,
0.0,
0.0,
4.0,
22.0,
46.0,
64.0,
59.0,
59.0,
59.0,
59.0,
59.0,
59.0,
59.0,
59.0,
148.0,
255.0,
212.0,
16.0,
0.0,
0.0,
6.0,
0.0,
0.0,
0.0,
0.0,
0.0,
11.0,
0.0,
1.0,
0.0,
1.0,
158.0,
238.0,
255.0,
255.0,
250.0,
246.0,
255.0,
247.0,
255.0,
236.0,
255.0,
255.0,
235.0,
232.0,
83.0,
0.0,
0.0,
16.0,
1.0,
0.0,
0.0,
0.0,
0.0,
0.0,
22.0,
0.0,
13.0,
4.0,
253.0,
255.0,
235.0,
247.0,
255.0,
235.0,
234.0,
255.0,
255.0,
255.0,
244.0,
246.0,
255.0,
217.0,
53.0,
10.0,
1.0,
0.0,
0.0,
0.0,
0.0,
0.0,
0.0,
21.0,
0.0,
5.0,
0.0,
0.0,
13.0,
110.0,
221.0,
205.0,
218.0,
255.0,
255.0,
251.0,
239.0,
217.0,
255.0,
235.0,
255.0,
237.0,
102.0,
0.0,
0.0,
17.0,
0.0,
0.0,
0.0,
0.0,
0.0,
0.0,
0.0,
16.0,
0.0,
2.0,
6.0,
0.0,
0.0,
19.0,
47.0,
163.0,
134.0,
142.0,
164.0,
29.0,
255.0,
255.0,
245.0,
131.0,
20.0,
0.0,
5.0,
0.0,
4.0,
0.0,
0.0,
0.0,
0.0,
2.0,
14.0,
0.0,
12.0,
0.0,
7.0,
0.0,
8.0,
0.0,
7.0,
0.0,
10.0,
0.0,
7.0,
133.0,
247.0,
239.0,
142.0,
25.0,
0.0,
2.0,
6.0,
0.0,
5.0,
0.0,
0.0,
0.0,
0.0,
0.0,
0.0,
3.0,
0.0,
15.0,
2.0,
9.0,
0.0,
7.0,
0.0,
3.0,
0.0,
7.0,
0.0,
170.0,
254.0,
154.0,
4.0,
0.0,
11.0,
0.0,
1.0,
4.0,
0.0,
0.0,
0.0,
0.0,
0.0,
6.0,
3.0,
0.0,
6.0,
0.0,
0.0,
0.0,
2.0,
2.0,
0.0,
1.0,
18.0,
0.0,
0.0,
212.0,
255.0,
144.0,
2.0,
0.0,
0.0,
10.0,
7.0,
0.0,
6.0,
0.0,
0.0,
0.0,
0.0,
0.0,
2.0,
0.0,
10.0,
0.0,
4.0,
2.0,
0.0,
21.0,
139.0,
128.0,
139.0,
128.0,
145.0,
217.0,
248.0,
191.0,
46.0,
125.0,
83.0,
1.0,
0.0,
6.0,
0.0,
0.0,
0.0,
0.0,
0.0,
0.0,
0.0,
0.0,
0.0,
0.0,
0.0,
0.0,
0.0,
185.0,
250.0,
255.0,
249.0,
255.0,
250.0,
254.0,
255.0,
249.0,
220.0,
243.0,
236.0,
181.0,
192.0,
186.0,
97.0,
7.0,
0.0,
0.0,
2.0,
0.0,
0.0,
0.0,
0.0,
0.0,
0.0,
0.0,
0.0,
246.0,
247.0,
243.0,
255.0,
237.0,
251.0,
255.0,
242.0,
252.0,
243.0,
255.0,
255.0,
248.0,
255.0,
255.0,
238.0,
37.0,
17.0,
1.0,
0.0,
0.0,
0.0,
0.0,
0.0,
0.0,
0.0,
0.0,
0.0,
214.0,
121.0,
222.0,
232.0,
255.0,
255.0,
240.0,
234.0,
141.0,
216.0,
253.0,
243.0,
250.0,
249.0,
201.0,
148.0,
32.0,
11.0,
0.0,
0.0,
0.0,
0.0,
0.0,
0.0,
0.0,
0.0,
0.0,
0.0,
65.0,
6.0,
64.0,
77.0,
251.0,
240.0,
255.0,
52.0,
0.0,
64.0,
90.0,
69.0,
78.0,
86.0,
44.0,
0.0,
7.0,
0.0,
0.0,
0.0,
0.0,
0.0,
0.0,
0.0,
0.0,
0.0,
0.0,
0.0,
0.0,
4.0,
0.0,
29.0,
241.0,
136.0,
31.0,
0.0,
0.0,
0.0,
0.0,
0.0,
0.0,
1.0,
7.0,
9.0,
2.0,
1.0,
2.0,
5.0,
0.0,
0.0,
0.0,
0.0,
0.0,
0.0,
0.0,
0.0,
0.0,
12.0,
9.0,
0.0,
70.0,
244.0,
72.0,
0.0,
14.0,
0.0,
0.0,
9.0,
0.0,
0.0,
1.0,
0.0,
1.0,
2.0,
2.0,
1.0,
0.0,
0.0,
0.0,
0.0,
0.0,
0.0,
0.0,
0.0,
5.0,
0.0,
0.0,
133.0,
190.0,
173.0,
6.0,
0.0,
0.0,
2.0,
5.0,
0.0,
0.0,
9.0,
12.0,
0.0,
0.0,
0.0,
0.0,
0.0,
0.0,
0.0,
0.0,
0.0,
0.0,
0.0,
0.0,
0.0,
0.0,
2.0,
0.0,
48.0,
255.0,
223.0,
53.0,
3.0,
0.0,
1.0,
0.0,
0.0,
8.0,
0.0,
0.0,
9.0,
2.0,
0.0,
0.0,
0.0,
0.0,
0.0,
0.0,
0.0,
0.0,
0.0,
0.0,
0.0,
0.0,
11.0,
0.0,
82.0,
250.0,
204.0,
41.0,
0.0,
0.0,
0.0,
0.0,
0.0,
0.0,
0.0,
0.0,
0.0,
0.0,
0.0,
0.0,
0.0,
0.0,
0.0,
0.0,
0.0,
0.0,
0.0,
0.0,
0.0,
3.0,
0.0,
0.0,
114.0,
255.0,
184.0,
26.0,
0.0,
0.0,
0.0,
0.0,
0.0,
0.0,
0.0,
0.0,
0.0,
0.0,
0.0,
0.0,
0.0,
0.0,
0.0,
0.0,
0.0,
0.0,
0.0,
0.0,
0.0,
0.0,
0.0,
31.0,
148.0,
239.0,
150.0,
17.0,
0.0,
0.0,
0.0,
0.0,
0.0,
0.0,
0.0,
0.0,
0.0,
0.0,
0.0,
0.0,
0.0,
0.0,
0.0,
0.0,
0.0,
0.0,
0.0,
0.0,
0.0,
3.0,
0.0,
0.0,
1.0,
25.0,
7.0,
0.0,
9.0,
0.0,
0.0,
0.0,
0.0,
0.0,
0.0,
0.0,
0.0,
0.0,
0.0,
0.0,
0.0,
