0.0,
0.0,
0.0,
0.0,
0.0,
0.0,
0.0,
0.0,
3.0,
0.0,
7.0,
0.0,
0.0,
1.0,
0.0,
8.0,
7.0,
0.0,
0.0,
0.0,
0.0,
0.0,
0.0,
4.0,
0.0,
0.0,
0.0,
0.0,
0.0,
0.0,
0.0,
0.0,
0.0,
0.0,
0.0,
0.0,
0.0,
2.0,
0.0,
0.0,
0.0,
16.0,
10.0,
0.0,
0.0,
0.0,
1.0,
6.0,
8.0,
4.0,
1.0,
0.0,
0.0,
0.0,
0.0,
0.0,
0.0,
0.0,
0.0,
0.0,
0.0,
0.0,
0.0,
0.0,
0.0,
0.0,
1.0,
10.0,
0.0,
0.0,
0.0,
3.0,
2.0,
4.0,
2.0,
0.0,
0.0,
0.0,
0.0,
0.0,
0.0,
0.0,
0.0,
0.0,
0.0,
0.0,
0.0,
0.0,
0.0,
0.0,
0.0,
0.0,
2.0,
0.0,
10.0,
0.0,
0.0,
12.0,
7.0,
0.0,
0.0,
2.0,
1.0,
0.0,
0.0,
6.0,
9.0,
7.0,
0.0,
0.0,
0.0,
0.0,
0.0,
0.0,
0.0,
0.0,
0.0,
0.0,
0.0,
0.0,
10.0,
0.0,
4.0,
0.0,
0.0,
1.0,
0.0,
9.0,
0.0,
0.0,
2.0,
1.0,
0.0,
0.0,
0.0,
0.0,
0.0,
0.0,
0.0,
0.0,
0.0,
0.0,
0.0,
0.0,
0.0,
0.0,
0.0,
0.0,
3.0,
1.0,
12.0,
0.0,
1.0,
12.0,
0.0,
5.0,
6.0,
2.0,
0.0,
0.0,
0.0,
0.0,
2.0,
7.0,
0.0,
0.0,
0.0,
0.0,
0.0,
0.0,
0.0,
0.0,
0.0,
0.0,
0.0,
0.0,
44.0,
215.0,
241.0,
127.0,
24.0,
0.0,
2.0,
0.0,
1.0,
0.0,
0.0,
5.0,
4.0,
0.0,
0.0,
0.0,
0.0,
0.0,
0.0,
0.0,
0.0,
0.0,
0.0,
0.0,
0.0,
0.0,
0.0,
0.0,
134.0,
255.0,
250.0,
255.0,
235.0,
137.0,
132.0,
121.0,
129.0,
123.0,
131.0,
140.0,
114.0,
58.0,
13.0,
0.0,
0.0,
0.0,
0.0,
0.0,
0.0,
0.0,
0.0,
0.0,
0.0,
0.0,
0.0,
0.0,
67.0,
253.0,
255.0,
253.0,
255.0,
255.0,
255.0,
255.0,
247.0,
255.0,
255.0,
246.0,
255.0,
255.0,
57.0,
4.0,
0.0,
0.0,
0.0,
0.0,
0.0,
0.0,
0.0,
0.0,
0.0,
0.0,
0.0,
0.0,
0.0,
1.0,
0.0,
67.0,
131.0,
128.0,
112.0,
126.0,
137.0,
186.0,
251.0,
255.0,
240.0,
255.0,
60.0,
6.0,
0.0,
0.0,
0.0,
0.0,
0.0,
0.0,
0.0,
0.0,
0.0,
0.0,
0.0,
0.0,
10.0,
0.0,
3.0,
0.0,
0.0,
6.0,
6.0,
2.0,
0.0,
0.0,
0.0,
249.0,
255.0,
255.0,
17.0,
0.0,
0.0,
0.0,
0.0,
0.0,
0.0,
0.0,
0.0,
0.0,
0.0,
0.0,
0.0,
0.0,
12.0,
0.0,
16.0,
0.0,
0.0,
0.0,
3.0,
0.0,
0.0,
12.0,
152.0,
251.0,
251.0,
59.0,
3.0,
0.0,
0.0,
0.0,
0.0,
0.0,
0.0,
0.0,
0.0,
0.0,
0.0,
0.0,
0.0,
0.0,
0.0,
0.0,
0.0,
0.0,
11.0,
0.0,
10.0,
1.0,
7.0,
32.0,
251.0,
255.0,
177.0,
17.0,
0.0,
5.0,
0.0,
0.0,
0.0,
0.0,
0.0,
0.0,
0.0,
0.0,
0.0,
0.0,
0.0,
0.0,
0.0,
15.0,
5.0,
0.0,
9.0,
0.0,
2.0,
6.0,
7.0,
255.0,
255.0,
176.0,
0.0,
0.0,
21.0,
4.0,
0.0,
0.0,
0.0,
0.0,
0.0,
0.0,
0.0,
0.0,
0.0,
0.0,
0.0,
0.0,
10.0,
0.0,
0.0,
2.0,
5.0,
1.0,
0.0,
0.0,
252.0,
248.0,
245.0,
14.0,
0.0,
11.0,
0.0,
0.0,
0.0,
0.0,
0.0,
0.0,
0.0,
0.0,
0.0,
0.0,
0.0,
0.0,
0.0,
0.0,
0.0,
64.0,
139.0,
118.0,
127.0,
255.0,
255.0,
252.0,
255.0,
255.0,
255.0,
255.0,
0.0,
4.0,
0.0,
7.0,
0.0,
0.0,
0.0,
0.0,
0.0,
0.0,
0.0,
0.0,
0.0,
0.0,
0.0,
0.0,
0.0,
252.0,
249.0,
255.0,
255.0,
254.0,
255.0,
252.0,
254.0,
255.0,
252.0,
75.0,
0.0,
5.0,
0.0,
5.0,
0.0,
0.0,
0.0,
0.0,
0.0,
0.0,
0.0,
0.0,
0.0,
0.0,
0.0,
0.0,
13.0,
128.0,
194.0,
239.0,
252.0,
255.0,
248.0,
255.0,
198.0,
61.0,
5.0,
0.0,
13.0,
12.0,
0.0,
0.0,
0.0,
0.0,
0.0,
0.0,
0.0,
0.0,
0.0,
0.0,
0.0,
0.0,
0.0,
0.0,
0.0,
0.0,
0.0,
22.0,
121.0,
252.0,
251.0,
255.0,
0.0,
0.0,
15.0,
0.0,
0.0,
2.0,
1.0,
5.0,
0.0,
0.0,
0.0,
0.0,
0.0,
0.0,
0.0,
0.0,
0.0,
0.0,
0.0,
0.0,
8.0,
5.0,
9.0,
112.0,
254.0,
255.0,
255.0,
57.0,
0.0,
0.0,
0.0,
0.0,
4.0,
4.0,
6.0,
0.0,
0.0,
0.0,
0.0,
0.0,
0.0,
0.0,
0.0,
0.0,
0.0,
0.0,
0.0,
0.0,
0.0,
0.0,
62.0,
255.0,
247.0,
255.0,
130.0,
6.0,
5.0,
3.0,
0.0,
5.0,
0.0,
0.0,
0.0,
9.0,
0.0,
0.0,
0.0,
0.0,
0.0,
0.0,
0.0,
0.0,
0.0,
0.0,
0.0,
0.0,
5.0,
73.0,
243.0,
255.0,
255.0,
121.0,
0.0,
1.0,
0.0,
7.0,
0.0,
4.0,
6.0,
21.0,
9.0,
0.0,
0.0,
0.0,
0.0,
0.0,
0.0,
0.0,
0.0,
0.0,
0.0,
0.0,
0.0,
0.0,
57.0,
255.0,
255.0,
249.0,
178.0,
10.0,
1.0,
1.0,
0.0,
0.0,
0.0,
5.0,
0.0,
0.0,
0.0,
11.0,
0.0,
0.0,
0.0,
0.0,
0.0,
0.0,
0.0,
0.0,
0.0,
0.0,
0.0,
0.0,
194.0,
255.0,
234.0,
199.0,
4.0,
0.0,
4.0,
0.0,
3.0,
3.0,
1.0,
2.0,
0.0,
16.0,
0.0,
2.0,
0.0,
0.0,
0.0,
0.0,
0.0,
3.0,
0.0,
0.0,
7.0,
0.0,
8.0,
68.0,
255.0,
235.0,
196.0,
73.0,
0.0,
13.0,
0.0,
0.0,
0.0,
0.0,
0.0,
0.0,
0.0,
0.0,
0.0,
0.0,
0.0,
0.0,
0.0,
0.0,
0.0,
3.0,
0.0,
0.0,
9.0,
0.0,
2.0,
45.0,
189.0,
23.0,
0.0,
3.0,
0.0,
0.0,
0.0,
2.0,
0.0,
0.0,
0.0,
0.0,
0.0,
0.0,
0.0,
0.0,
0.0,
0.0,
0.0,
0.0,
0.0,
4.0,
0.0,
0.0,
8.0,
1.0,
0.0,
16.0,
0.0,
0.0,
16.0,
6.0,
0.0,
1.0,
0.0,
8.0,
0.0,
0.0,
0.0,
0.0,
0.0,
0.0,
0.0,
0.0,
0.0,
0.0,
0.0,
0.0,
0.0,
5.0,
0.0,
0.0,
4.0,
2.0,
0.0,
0.0,
3.0,
2.0,
2.0,
0.0,
13.0,
23.0,
0.0,
0.0,
0.0,
0.0,
0.0,
0.0,
0.0,
0.0,
0.0,
0.0,
0.0,
0.0,
0.0,
0.0,
