0.0,
0.0,
0.0,
0.0,
0.0,
0.0,
0.0,
0.0,
0.0,
0.0,
5.0,
9.0,
3.0,
0.0,
0.0,
0.0,
0.0,
0.0,
1.0,
11.0,
0.0,
1.0,
3.0,
0.0,
0.0,
0.0,
0.0,
0.0,
0.0,
0.0,
0.0,
0.0,
0.0,
0.0,
0.0,
0.0,
0.0,
0.0,
0.0,
0.0,
0.0,
0.0,
4.0,
12.0,
19.0,
0.0,
0.0,
0.0,
6.0,
0.0,
0.0,
10.0,
0.0,
0.0,
0.0,
0.0,
0.0,
0.0,
0.0,
0.0,
0.0,
0.0,
0.0,
0.0,
0.0,
0.0,
1.0,
3.0,
8.0,
4.0,
0.0,
2.0,
0.0,
2.0,
8.0,
0.0,
10.0,
0.0,
0.0,
0.0,
0.0,
0.0,
0.0,
0.0,
0.0,
0.0,
0.0,
0.0,
0.0,
0.0,
0.0,
0.0,
9.0,
10.0,
0.0,
0.0,
6.0,
4.0,
0.0,
0.0,
0.0,
7.0,
9.0,
0.0,
0.0,
0.0,
1.0,
0.0,
0.0,
0.0,
0.0,
0.0,
0.0,
0.0,
0.0,
0.0,
0.0,
0.0,
0.0,
0.0,
0.0,
0.0,
0.0,
0.0,
5.0,
6.0,
5.0,
9.0,
14.0,
0.0,
0.0,
15.0,
0.0,
0.0,
0.0,
0.0,
0.0,
0.0,
0.0,
0.0,
0.0,
0.0,
0.0,
0.0,
0.0,
0.0,
0.0,
0.0,
3.0,
2.0,
11.0,
7.0,
0.0,
0.0,
0.0,
0.0,
0.0,
0.0,
6.0,
7.0,
0.0,
1.0,
13.0,
8.0,
0.0,
0.0,
0.0,
0.0,
0.0,
0.0,
0.0,
0.0,
0.0,
0.0,
0.0,
0.0,
8.0,
0.0,
0.0,
7.0,
0.0,
6.0,
19.0,
0.0,
0.0,
5.0,
10.0,
0.0,
19.0,
0.0,
0.0,
0.0,
0.0,
0.0,
0.0,
0.0,
0.0,
0.0,
0.0,
0.0,
0.0,
0.0,
0.0,
0.0,
0.0,
0.0,
81.0,
182.0,
227.0,
254.0,
233.0,
159.0,
114.0,
72.0,
90.0,
126.0,
244.0,
85.0,
0.0,
0.0,
0.0,
0.0,
0.0,
0.0,
8.0,
0.0,
0.0,
0.0,
0.0,
3.0,
5.0,
0.0,
0.0,
136.0,
228.0,
255.0,
240.0,
255.0,
255.0,
249.0,
243.0,
255.0,
250.0,
247.0,
255.0,
254.0,
92.0,
5.0,
0.0,
0.0,
0.0,
0.0,
0.0,
0.0,
5.0,
7.0,
7.0,
5.0,
0.0,
0.0,
125.0,
241.0,
255.0,
244.0,
255.0,
247.0,
255.0,
252.0,
255.0,
232.0,
244.0,
255.0,
226.0,
255.0,
165.0,
0.0,
0.0,
0.0,
0.0,
0.0,
1.0,
3.0,
0.0,
0.0,
0.0,
11.0,
0.0,
93.0,
245.0,
255.0,
247.0,
248.0,
255.0,
229.0,
83.0,
112.0,
168.0,
248.0,
255.0,
255.0,
255.0,
252.0,
143.0,
0.0,
0.0,
0.0,
0.0,
0.0,
1.0,
3.0,
0.0,
1.0,
0.0,
0.0,
0.0,
155.0,
251.0,
248.0,
255.0,
255.0,
162.0,
21.0,
12.0,
1.0,
88.0,
255.0,
236.0,
255.0,
236.0,
166.0,
0.0,
0.0,
0.0,
0.0,
0.0,
0.0,
0.0,
0.0,
0.0,
9.0,
0.0,
0.0,
8.0,
209.0,
255.0,
255.0,
253.0,
246.0,
16.0,
4.0,
12.0,
33.0,
225.0,
250.0,
255.0,
242.0,
196.0,
23.0,
0.0,
15.0,
0.0,
0.0,
0.0,
0.0,
5.0,
0.0,
0.0,
6.0,
0.0,
0.0,
22.0,
182.0,
233.0,
248.0,
255.0,
104.0,
0.0,
2.0,
0.0,
190.0,
255.0,
255.0,
243.0,
248.0,
32.0,
0.0,
0.0,
0.0,
0.0,
0.0,
0.0,
0.0,
0.0,
0.0,
6.0,
10.0,
0.0,
0.0,
0.0,
31.0,
150.0,
189.0,
53.0,
0.0,
4.0,
21.0,
81.0,
255.0,
239.0,
255.0,
245.0,
139.0,
2.0,
9.0,
7.0,
0.0,
0.0,
0.0,
0.0,
0.0,
2.0,
0.0,
0.0,
0.0,
0.0,
12.0,
10.0,
0.0,
0.0,
7.0,
3.0,
0.0,
2.0,
39.0,
220.0,
253.0,
255.0,
247.0,
190.0,
0.0,
13.0,
0.0,
0.0,
1.0,
0.0,
0.0,
0.0,
0.0,
0.0,
0.0,
0.0,
0.0,
0.0,
0.0,
0.0,
0.0,
0.0,
1.0,
0.0,
0.0,
24.0,
178.0,
255.0,
245.0,
255.0,
228.0,
34.0,
7.0,
0.0,
0.0,
11.0,
0.0,
0.0,
0.0,
0.0,
0.0,
0.0,
0.0,
0.0,
0.0,
0.0,
0.0,
0.0,
0.0,
3.0,
17.0,
4.0,
5.0,
107.0,
255.0,
249.0,
255.0,
255.0,
138.0,
7.0,
0.0,
7.0,
0.0,
2.0,
0.0,
0.0,
0.0,
0.0,
0.0,
0.0,
0.0,
0.0,
0.0,
0.0,
0.0,
0.0,
0.0,
0.0,
0.0,
13.0,
34.0,
234.0,
255.0,
246.0,
254.0,
212.0,
36.0,
0.0,
0.0,
11.0,
0.0,
0.0,
1.0,
0.0,
0.0,
0.0,
0.0,
0.0,
0.0,
0.0,
0.0,
0.0,
0.0,
0.0,
0.0,
1.0,
1.0,
5.0,
172.0,
255.0,
251.0,
254.0,
255.0,
98.0,
0.0,
9.0,
0.0,
3.0,
0.0,
5.0,
0.0,
0.0,
0.0,
0.0,
0.0,
0.0,
0.0,
0.0,
0.0,
0.0,
0.0,
0.0,
0.0,
8.0,
3.0,
78.0,
248.0,
252.0,
246.0,
255.0,
180.0,
11.0,
0.0,
9.0,
0.0,
0.0,
4.0,
5.0,
0.0,
0.0,
0.0,
0.0,
0.0,
0.0,
0.0,
0.0,
0.0,
0.0,
0.0,
0.0,
0.0,
0.0,
6.0,
198.0,
239.0,
255.0,
254.0,
228.0,
49.0,
0.0,
10.0,
0.0,
0.0,
0.0,
4.0,
0.0,
0.0,
0.0,
0.0,
0.0,
0.0,
0.0,
0.0,
0.0,
0.0,
0.0,
0.0,
0.0,
0.0,
19.0,
130.0,
245.0,
255.0,
254.0,
255.0,
112.0,
0.0,
4.0,
2.0,
0.0,
1.0,
0.0,
3.0,
0.0,
1.0,
0.0,
0.0,
0.0,
0.0,
0.0,
0.0,
0.0,
0.0,
0.0,
0.0,
0.0,
0.0,
113.0,
252.0,
251.0,
246.0,
255.0,
174.0,
15.0,
0.0,
2.0,
0.0,
11.0,
3.0,
0.0,
4.0,
0.0,
0.0,
0.0,
0.0,
0.0,
0.0,
1.0,
0.0,
0.0,
1.0,
7.0,
0.0,
0.0,
4.0,
237.0,
255.0,
246.0,
251.0,
255.0,
51.0,
0.0,
0.0,
0.0,
0.0,
0.0,
0.0,
0.0,
0.0,
0.0,
0.0,
0.0,
0.0,
0.0,
0.0,
0.0,
4.0,
0.0,
0.0,
0.0,
0.0,
23.0,
61.0,
240.0,
255.0,
253.0,
255.0,
120.0,
2.0,
8.0,
19.0,
0.0,
0.0,
0.0,
0.0,
0.0,
0.0,
0.0,
0.0,
0.0,
0.0,
0.0,
0.0,
0.0,
3.0,
6.0,
3.0,
0.0,
0.0,
16.0,
50.0,
255.0,
255.0,
228.0,
205.0,
25.0,
0.0,
0.0,
0.0,
0.0,
0.0,
0.0,
0.0,
0.0,
0.0,
0.0,
0.0,
0.0,
0.0,
0.0,
0.0,
0.0,
0.0,
0.0,
2.0,
7.0,
0.0,
0.0,
2.0,
0.0,
0.0,
0.0,
0.0,
0.0,
5.0,
7.0,
7.0,
0.0,
0.0,
0.0,
0.0,
0.0,
0.0,
0.0,
0.0,
0.0,
0.0,
0.0,
0.0,
