5.0,
0.0,
0.0,
0.0,
8.0,
0.0,
0.0,
13.0,
2.0,
0.0,
5.0,
0.0,
0.0,
3.0,
0.0,
7.0,
0.0,
2.0,
9.0,
1.0,
0.0,
0.0,
6.0,
1.0,
0.0,
0.0,
0.0,
0.0,
0.0,
1.0,
9.0,
6.0,
0.0,
0.0,
0.0,
0.0,
4.0,
0.0,
0.0,
0.0,
3.0,
11.0,
0.0,
0.0,
0.0,
0.0,
0.0,
2.0,
6.0,
4.0,
0.0,
0.0,
0.0,
0.0,
0.0,
0.0,
8.0,
1.0,
0.0,
0.0,
0.0,
6.0,
14.0,
6.0,
6.0,
3.0,
8.0,
0.0,
0.0,
0.0,
0.0,
5.0,
5.0,
2.0,
0.0,
0.0,
9.0,
5.0,
0.0,
4.0,
0.0,
0.0,
0.0,
0.0,
5.0,
0.0,
0.0,
7.0,
0.0,
0.0,
0.0,
0.0,
0.0,
0.0,
3.0,
1.0,
0.0,
4.0,
0.0,
0.0,
0.0,
6.0,
0.0,
0.0,
0.0,
0.0,
0.0,
5.0,
0.0,
0.0,
0.0,
0.0,
0.0,
0.0,
6.0,
4.0,
0.0,
0.0,
4.0,
7.0,
18.0,
12.0,
0.0,
0.0,
1.0,
6.0,
6.0,
0.0,
0.0,
7.0,
8.0,
0.0,
2.0,
5.0,
2.0,
0.0,
0.0,
0.0,
0.0,
0.0,
0.0,
11.0,
2.0,
0.0,
0.0,
10.0,
3.0,
0.0,
0.0,
0.0,
0.0,
3.0,
1.0,
0.0,
2.0,
3.0,
8.0,
0.0,
0.0,
0.0,
0.0,
7.0,
12.0,
0.0,
0.0,
0.0,
0.0,
0.0,
0.0,
9.0,
0.0,
0.0,
16.0,
0.0,
0.0,
8.0,
10.0,
6.0,
0.0,
12.0,
13.0,
0.0,
0.0,
0.0,
5.0,
0.0,
1.0,
20.0,
0.0,
0.0,
0.0,
0.0,
0.0,
0.0,
0.0,
0.0,
2.0,
5.0,
0.0,
0.0,
8.0,
0.0,
53.0,
202.0,
255.0,
159.0,
25.0,
0.0,
0.0,
0.0,
11.0,
4.0,
5.0,
0.0,
56.0,
101.0,
45.0,
0.0,
3.0,
3.0,
0.0,
0.0,
0.0,
0.0,
0.0,
0.0,
7.0,
0.0,
6.0,
2.0,
182.0,
249.0,
253.0,
255.0,
242.0,
168.0,
109.0,
99.0,
96.0,
104.0,
91.0,
164.0,
236.0,
237.0,
209.0,
0.0,
0.0,
0.0,
0.0,
0.0,
0.0,
0.0,
23.0,
0.0,
0.0,
9.0,
3.0,
63.0,
229.0,
255.0,
251.0,
251.0,
255.0,
255.0,
251.0,
254.0,
245.0,
250.0,
250.0,
245.0,
255.0,
249.0,
212.0,
0.0,
0.0,
0.0,
0.0,
0.0,
0.0,
0.0,
0.0,
0.0,
0.0,
0.0,
17.0,
179.0,
255.0,
239.0,
255.0,
252.0,
255.0,
246.0,
248.0,
255.0,
255.0,
255.0,
255.0,
236.0,
253.0,
239.0,
216.0,
5.0,
0.0,
3.0,
0.0,
0.0,
0.0,
0.0,
3.0,
8.0,
0.0,
16.0,
102.0,
251.0,
252.0,
224.0,
73.0,
149.0,
228.0,
235.0,
232.0,
246.0,
231.0,
216.0,
210.0,
255.0,
255.0,
248.0,
218.0,
2.0,
0.0,
1.0,
0.0,
0.0,
0.0,
0.0,
0.0,
9.0,
0.0,
0.0,
86.0,
245.0,
252.0,
218.0,
14.0,
1.0,
0.0,
0.0,
36.0,
85.0,
49.0,
0.0,
0.0,
183.0,
232.0,
247.0,
212.0,
7.0,
6.0,
2.0,
0.0,
0.0,
0.0,
0.0,
0.0,
0.0,
8.0,
3.0,
112.0,
255.0,
215.0,
36.0,
6.0,
0.0,
4.0,
0.0,
0.0,
7.0,
0.0,
0.0,
7.0,
217.0,
255.0,
255.0,
182.0,
7.0,
1.0,
0.0,
0.0,
0.0,
0.0,
0.0,
4.0,
0.0,
5.0,
0.0,
0.0,
41.0,
40.0,
0.0,
0.0,
0.0,
7.0,
7.0,
0.0,
0.0,
0.0,
10.0,
169.0,
255.0,
255.0,
239.0,
90.0,
0.0,
4.0,
14.0,
0.0,
0.0,
0.0,
0.0,
0.0,
17.0,
0.0,
0.0,
0.0,
3.0,
0.0,
7.0,
5.0,
2.0,
6.0,
0.0,
0.0,
10.0,
5.0,
7.0,
255.0,
250.0,
248.0,
234.0,
53.0,
0.0,
0.0,
0.0,
0.0,
0.0,
0.0,
0.0,
0.0,
0.0,
0.0,
0.0,
0.0,
0.0,
0.0,
0.0,
0.0,
9.0,
6.0,
0.0,
2.0,
11.0,
0.0,
120.0,
255.0,
254.0,
248.0,
81.0,
0.0,
0.0,
14.0,
0.0,
0.0,
0.0,
0.0,
0.0,
0.0,
0.0,
0.0,
0.0,
0.0,
0.0,
0.0,
0.0,
15.0,
0.0,
0.0,
6.0,
0.0,
1.0,
6.0,
162.0,
250.0,
246.0,
255.0,
50.0,
9.0,
3.0,
0.0,
0.0,
0.0,
0.0,
0.0,
0.0,
0.0,
0.0,
0.0,
0.0,
0.0,
0.0,
0.0,
0.0,
3.0,
0.0,
1.0,
5.0,
0.0,
1.0,
116.0,
251.0,
255.0,
255.0,
206.0,
18.0,
2.0,
1.0,
0.0,
8.0,
0.0,
0.0,
0.0,
0.0,
0.0,
0.0,
0.0,
0.0,
0.0,
0.0,
0.0,
0.0,
0.0,
3.0,
6.0,
0.0,
0.0,
0.0,
180.0,
255.0,
255.0,
234.0,
84.0,
12.0,
0.0,
0.0,
0.0,
5.0,
0.0,
0.0,
0.0,
0.0,
0.0,
0.0,
0.0,
0.0,
0.0,
0.0,
0.0,
0.0,
1.0,
0.0,
1.0,
0.0,
9.0,
45.0,
202.0,
247.0,
255.0,
155.0,
1.0,
9.0,
2.0,
0.0,
4.0,
0.0,
0.0,
0.0,
0.0,
0.0,
0.0,
0.0,
0.0,
0.0,
0.0,
0.0,
0.0,
0.0,
1.0,
1.0,
0.0,
0.0,
24.0,
199.0,
248.0,
255.0,
251.0,
81.0,
3.0,
0.0,
4.0,
0.0,
0.0,
0.0,
0.0,
0.0,
0.0,
0.0,
0.0,
0.0,
0.0,
0.0,
0.0,
0.0,
0.0,
0.0,
3.0,
10.0,
0.0,
16.0,
102.0,
255.0,
255.0,
242.0,
156.0,
33.0,
13.0,
0.0,
0.0,
0.0,
0.0,
5.0,
0.0,
0.0,
0.0,
0.0,
0.0,
0.0,
0.0,
0.0,
0.0,
0.0,
0.0,
0.0,
0.0,
0.0,
0.0,
114.0,
251.0,
242.0,
255.0,
244.0,
5.0,
0.0,
0.0,
12.0,
4.0,
0.0,
4.0,
0.0,
0.0,
0.0,
0.0,
0.0,
0.0,
0.0,
0.0,
0.0,
0.0,
0.0,
0.0,
0.0,
0.0,
0.0,
14.0,
220.0,
254.0,
255.0,
219.0,
129.0,
0.0,
0.0,
0.0,
0.0,
0.0,
0.0,
0.0,
0.0,
0.0,
0.0,
0.0,
0.0,
0.0,
0.0,
0.0,
0.0,
0.0,
0.0,
0.0,
0.0,
19.0,
0.0,
0.0,
242.0,
255.0,
246.0,
98.0,
0.0,
0.0,
0.0,
0.0,
0.0,
0.0,
0.0,
0.0,
0.0,
0.0,
0.0,
0.0,
0.0,
0.0,
0.0,
0.0,
0.0,
0.0,
0.0,
0.0,
0.0,
0.0,
0.0,
14.0,
229.0,
238.0,
218.0,
65.0,
0.0,
0.0,
0.0,
0.0,
0.0,
0.0,
0.0,
0.0,
0.0,
0.0,
0.0,
0.0,
0.0,
0.0,
0.0,
0.0,
0.0,
0.0,
0.0,
0.0,
0.0,
14.0,
1.0,
0.0,
5.0,
3.0,
4.0,
0.0,
0.0,
0.0,
0.0,
0.0,
0.0,
0.0,
0.0,
0.0,
0.0,
0.0,
0.0,
0.0,
0.0,
