0.0,
0.0,
0.0,
0.0,
0.0,
0.0,
0.0,
0.0,
0.0,
10.0,
3.0,
0.0,
0.0,
0.0,
4.0,
0.0,
0.0,
15.0,
2.0,
0.0,
0.0,
0.0,
5.0,
0.0,
0.0,
0.0,
0.0,
0.0,
0.0,
0.0,
0.0,
0.0,
0.0,
0.0,
0.0,
0.0,
6.0,
2.0,
0.0,
0.0,
6.0,
8.0,
8.0,
1.0,
0.0,
0.0,
0.0,
7.0,
13.0,
0.0,
0.0,
2.0,
0.0,
0.0,
0.0,
0.0,
0.0,
0.0,
0.0,
0.0,
0.0,
0.0,
0.0,
0.0,
0.0,
0.0,
0.0,
1.0,
2.0,
0.0,
0.0,
0.0,
12.0,
4.0,
1.0,
0.0,
0.0,
1.0,
0.0,
5.0,
0.0,
0.0,
0.0,
0.0,
0.0,
0.0,
0.0,
0.0,
0.0,
0.0,
0.0,
0.0,
13.0,
3.0,
7.0,
0.0,
0.0,
6.0,
2.0,
12.0,
0.0,
0.0,
14.0,
2.0,
0.0,
8.0,
0.0,
0.0,
0.0,
0.0,
0.0,
0.0,
0.0,
0.0,
0.0,
0.0,
0.0,
0.0,
0.0,
0.0,
0.0,
0.0,
0.0,
0.0,
1.0,
9.0,
0.0,
0.0,
5.0,
0.0,
0.0,
7.0,
0.0,
0.0,
3.0,
13.0,
0.0,
0.0,
0.0,
0.0,
0.0,
0.0,
0.0,
0.0,
0.0,
0.0,
0.0,
0.0,
0.0,
14.0,
7.0,
5.0,
0.0,
0.0,
2.0,
0.0,
5.0,
4.0,
1.0,
8.0,
0.0,
0.0,
12.0,
0.0,
0.0,
0.0,
0.0,
0.0,
0.0,
0.0,
0.0,
0.0,
0.0,
0.0,
0.0,
0.0,
1.0,
4.0,
0.0,
6.0,
11.0,
0.0,
14.0,
7.0,
0.0,
9.0,
0.0,
0.0,
28.0,
107.0,
192.0,
151.0,
0.0,
0.0,
0.0,
0.0,
0.0,
0.0,
0.0,
0.0,
0.0,
0.0,
0.0,
0.0,
0.0,
1.0,
2.0,
129.0,
190.0,
125.0,
76.0,
0.0,
65.0,
99.0,
110.0,
188.0,
228.0,
244.0,
255.0,
193.0,
0.0,
0.0,
0.0,
0.0,
0.0,
0.0,
0.0,
0.0,
0.0,
0.0,
0.0,
0.0,
0.0,
2.0,
0.0,
160.0,
255.0,
255.0,
255.0,
242.0,
255.0,
241.0,
255.0,
255.0,
230.0,
255.0,
190.0,
10.0,
0.0,
0.0,
0.0,
0.0,
0.0,
0.0,
0.0,
0.0,
0.0,
0.0,
0.0,
0.0,
0.0,
17.0,
0.0,
0.0,
78.0,
156.0,
140.0,
165.0,
155.0,
158.0,
160.0,
236.0,
255.0,
160.0,
9.0,
0.0,
0.0,
0.0,
0.0,
0.0,
0.0,
0.0,
0.0,
0.0,
0.0,
0.0,
0.0,
0.0,
0.0,
1.0,
0.0,
2.0,
0.0,
0.0,
0.0,
3.0,
0.0,
125.0,
255.0,
252.0,
115.0,
0.0,
0.0,
11.0,
0.0,
0.0,
0.0,
0.0,
0.0,
0.0,
0.0,
0.0,
0.0,
0.0,
0.0,
0.0,
0.0,
10.0,
2.0,
16.0,
2.0,
0.0,
4.0,
3.0,
79.0,
232.0,
251.0,
101.0,
0.0,
9.0,
14.0,
0.0,
0.0,
0.0,
0.0,
0.0,
0.0,
0.0,
0.0,
0.0,
0.0,
0.0,
0.0,
0.0,
4.0,
1.0,
0.0,
0.0,
17.0,
9.0,
12.0,
163.0,
255.0,
238.0,
114.0,
0.0,
0.0,
0.0,
0.0,
6.0,
0.0,
0.0,
0.0,
0.0,
0.0,
0.0,
0.0,
0.0,
0.0,
0.0,
0.0,
0.0,
1.0,
0.0,
0.0,
0.0,
0.0,
0.0,
93.0,
255.0,
242.0,
75.0,
0.0,
10.0,
0.0,
0.0,
4.0,
0.0,
0.0,
0.0,
0.0,
0.0,
0.0,
0.0,
0.0,
0.0,
0.0,
0.0,
0.0,
0.0,
0.0,
13.0,
12.0,
4.0,
0.0,
74.0,
255.0,
215.0,
43.0,
6.0,
0.0,
8.0,
4.0,
0.0,
0.0,
9.0,
0.0,
0.0,
0.0,
0.0,
0.0,
0.0,
0.0,
0.0,
0.0,
0.0,
0.0,
0.0,
9.0,
0.0,
0.0,
0.0,
66.0,
200.0,
233.0,
58.0,
0.0,
8.0,
2.0,
0.0,
0.0,
2.0,
0.0,
0.0,
0.0,
0.0,
0.0,
0.0,
0.0,
2.0,
6.0,
10.0,
4.0,
0.0,
5.0,
0.0,
7.0,
0.0,
0.0,
34.0,
212.0,
252.0,
154.0,
0.0,
12.0,
0.0,
9.0,
0.0,
0.0,
15.0,
6.0,
0.0,
0.0,
0.0,
0.0,
0.0,
10.0,
1.0,
0.0,
0.0,
1.0,
0.0,
1.0,
0.0,
0.0,
0.0,
117.0,
185.0,
250.0,
255.0,
204.0,
212.0,
147.0,
22.0,
0.0,
8.0,
10.0,
4.0,
0.0,
3.0,
0.0,
0.0,
0.0,
0.0,
5.0,
0.0,
7.0,
8.0,
45.0,
107.0,
214.0,
255.0,
255.0,
251.0,
255.0,
255.0,
245.0,
243.0,
216.0,
184.0,
88.0,
0.0,
0.0,
0.0,
1.0,
4.0,
0.0,
7.0,
0.0,
0.0,
0.0,
0.0,
0.0,
11.0,
0.0,
15.0,
199.0,
252.0,
230.0,
255.0,
251.0,
255.0,
237.0,
241.0,
141.0,
15.0,
0.0,
18.0,
0.0,
0.0,
11.0,
3.0,
0.0,
8.0,
2.0,
0.0,
0.0,
0.0,
0.0,
0.0,
9.0,
0.0,
3.0,
0.0,
0.0,
12.0,
6.0,
0.0,
12.0,
181.0,
248.0,
94.0,
7.0,
8.0,
0.0,
4.0,
9.0,
0.0,
4.0,
6.0,
2.0,
0.0,
0.0,
1.0,
0.0,
0.0,
0.0,
0.0,
0.0,
0.0,
14.0,
4.0,
0.0,
11.0,
0.0,
6.0,
173.0,
255.0,
178.0,
11.0,
0.0,
5.0,
4.0,
0.0,
0.0,
0.0,
0.0,
0.0,
0.0,
0.0,
0.0,
7.0,
0.0,
0.0,
0.0,
0.0,
15.0,
0.0,
0.0,
15.0,
0.0,
2.0,
4.0,
61.0,
255.0,
228.0,
50.0,
2.0,
9.0,
0.0,
12.0,
2.0,
0.0,
13.0,
11.0,
3.0,
1.0,
0.0,
0.0,
0.0,
0.0,
0.0,
0.0,
0.0,
0.0,
21.0,
0.0,
0.0,
5.0,
5.0,
0.0,
184.0,
242.0,
143.0,
7.0,
0.0,
0.0,
13.0,
0.0,
7.0,
4.0,
1.0,
0.0,
0.0,
11.0,
1.0,
0.0,
2.0,
0.0,
0.0,
0.0,
0.0,
3.0,
0.0,
0.0,
6.0,
0.0,
4.0,
115.0,
255.0,
178.0,
14.0,
0.0,
2.0,
0.0,
13.0,
0.0,
7.0,
0.0,
0.0,
0.0,
0.0,
0.0,
0.0,
0.0,
0.0,
0.0,
0.0,
0.0,
0.0,
0.0,
0.0,
2.0,
6.0,
0.0,
0.0,
56.0,
138.0,
72.0,
0.0,
0.0,
2.0,
0.0,
4.0,
0.0,
11.0,
0.0,
0.0,
0.0,
0.0,
0.0,
0.0,
0.0,
0.0,
0.0,
0.0,
0.0,
0.0,
0.0,
1.0,
2.0,
3.0,
4.0,
0.0,
1.0,
21.0,
0.0,
0.0,
7.0,
5.0,
0.0,
0.0,
0.0,
3.0,
0.0,
0.0,
0.0,
0.0,
0.0,
0.0,
0.0,
0.0,
0.0,
0.0,
0.0,
0.0,
0.0,
3.0,
0.0,
0.0,
7.0,
3.0,
0.0,
0.0,
0.0,
8.0,
3.0,
0.0,
2.0,
3.0,
2.0,
0.0,
0.0,
0.0,
0.0,
0.0,
0.0,
0.0,
0.0,
0.0,
0.0,
0.0,
0.0,
0.0,
