0.0,
0.0,
0.0,
0.0,
0.0,
0.0,
0.0,
0.0,
0.0,
0.0,
1.0,
0.0,
4.0,
11.0,
7.0,
0.0,
5.0,
0.0,
0.0,
1.0,
5.0,
1.0,
0.0,
5.0,
0.0,
3.0,
8.0,
0.0,
0.0,
0.0,
0.0,
0.0,
0.0,
0.0,
0.0,
0.0,
5.0,
7.0,
4.0,
0.0,
0.0,
0.0,
0.0,
1.0,
3.0,
10.0,
9.0,
0.0,
0.0,
0.0,
0.0,
0.0,
9.0,
0.0,
0.0,
0.0,
0.0,
0.0,
0.0,
0.0,
0.0,
0.0,
0.0,
0.0,
1.0,
0.0,
0.0,
3.0,
7.0,
5.0,
5.0,
9.0,
0.0,
0.0,
0.0,
0.0,
0.0,
0.0,
6.0,
4.0,
2.0,
6.0,
12.0,
9.0,
0.0,
0.0,
0.0,
0.0,
0.0,
0.0,
0.0,
0.0,
0.0,
0.0,
0.0,
1.0,
0.0,
0.0,
0.0,
0.0,
0.0,
0.0,
6.0,
13.0,
11.0,
1.0,
0.0,
0.0,
0.0,
0.0,
0.0,
0.0,
0.0,
0.0,
0.0,
0.0,
0.0,
0.0,
0.0,
0.0,
0.0,
9.0,
12.0,
0.0,
0.0,
0.0,
4.0,
7.0,
4.0,
1.0,
0.0,
0.0,
0.0,
0.0,
1.0,
1.0,
12.0,
6.0,
0.0,
0.0,
0.0,
0.0,
0.0,
0.0,
0.0,
0.0,
0.0,
0.0,
0.0,
0.0,
0.0,
0.0,
5.0,
9.0,
3.0,
0.0,
0.0,
4.0,
5.0,
0.0,
0.0,
5.0,
6.0,
0.0,
0.0,
3.0,
14.0,
0.0,
0.0,
0.0,
0.0,
0.0,
0.0,
0.0,
0.0,
0.0,
8.0,
0.0,
0.0,
0.0,
0.0,
0.0,
0.0,
3.0,
0.0,
0.0,
1.0,
10.0,
2.0,
0.0,
0.0,
12.0,
13.0,
0.0,
7.0,
0.0,
0.0,
0.0,
0.0,
0.0,
0.0,
0.0,
0.0,
0.0,
0.0,
0.0,
6.0,
15.0,
0.0,
0.0,
55.0,
140.0,
143.0,
69.0,
27.0,
41.0,
43.0,
51.0,
139.0,
255.0,
207.0,
9.0,
0.0,
12.0,
0.0,
5.0,
3.0,
0.0,
1.0,
6.0,
3.0,
3.0,
4.0,
0.0,
0.0,
3.0,
39.0,
152.0,
246.0,
251.0,
252.0,
252.0,
250.0,
255.0,
254.0,
253.0,
249.0,
253.0,
166.0,
11.0,
0.0,
6.0,
2.0,
0.0,
0.0,
0.0,
10.0,
2.0,
0.0,
0.0,
1.0,
74.0,
140.0,
197.0,
253.0,
255.0,
245.0,
251.0,
255.0,
239.0,
255.0,
247.0,
253.0,
253.0,
255.0,
205.0,
48.0,
0.0,
4.0,
7.0,
4.0,
0.0,
0.0,
3.0,
0.0,
0.0,
5.0,
49.0,
233.0,
255.0,
245.0,
227.0,
255.0,
249.0,
204.0,
193.0,
147.0,
96.0,
189.0,
255.0,
236.0,
255.0,
141.0,
37.0,
0.0,
0.0,
16.0,
0.0,
0.0,
0.0,
1.0,
3.0,
0.0,
0.0,
16.0,
68.0,
239.0,
249.0,
255.0,
230.0,
142.0,
41.0,
1.0,
13.0,
3.0,
73.0,
243.0,
255.0,
241.0,
114.0,
0.0,
0.0,
7.0,
1.0,
7.0,
0.0,
0.0,
0.0,
0.0,
0.0,
8.0,
4.0,
0.0,
9.0,
86.0,
42.0,
1.0,
0.0,
0.0,
0.0,
0.0,
0.0,
83.0,
227.0,
252.0,
243.0,
85.0,
0.0,
2.0,
6.0,
1.0,
0.0,
0.0,
0.0,
0.0,
6.0,
1.0,
0.0,
0.0,
3.0,
0.0,
0.0,
0.0,
14.0,
5.0,
0.0,
12.0,
0.0,
12.0,
83.0,
255.0,
248.0,
242.0,
58.0,
0.0,
9.0,
7.0,
0.0,
0.0,
5.0,
2.0,
0.0,
0.0,
9.0,
5.0,
0.0,
0.0,
0.0,
2.0,
11.0,
7.0,
0.0,
0.0,
3.0,
0.0,
0.0,
71.0,
234.0,
236.0,
255.0,
71.0,
0.0,
9.0,
2.0,
0.0,
3.0,
3.0,
10.0,
4.0,
0.0,
1.0,
2.0,
0.0,
0.0,
10.0,
9.0,
0.0,
0.0,
0.0,
0.0,
9.0,
0.0,
8.0,
123.0,
237.0,
255.0,
240.0,
43.0,
7.0,
0.0,
0.0,
9.0,
0.0,
8.0,
2.0,
0.0,
0.0,
6.0,
0.0,
9.0,
0.0,
10.0,
0.0,
0.0,
3.0,
0.0,
0.0,
4.0,
0.0,
0.0,
78.0,
240.0,
249.0,
238.0,
39.0,
14.0,
0.0,
0.0,
5.0,
2.0,
0.0,
0.0,
0.0,
0.0,
0.0,
0.0,
6.0,
0.0,
7.0,
0.0,
0.0,
9.0,
12.0,
0.0,
3.0,
0.0,
14.0,
89.0,
244.0,
243.0,
185.0,
63.0,
17.0,
3.0,
0.0,
0.0,
2.0,
0.0,
0.0,
3.0,
0.0,
0.0,
0.0,
0.0,
0.0,
0.0,
11.0,
0.0,
9.0,
0.0,
0.0,
10.0,
0.0,
3.0,
111.0,
255.0,
248.0,
236.0,
51.0,
0.0,
0.0,
0.0,
0.0,
3.0,
1.0,
0.0,
0.0,
6.0,
0.0,
0.0,
0.0,
0.0,
0.0,
4.0,
0.0,
2.0,
10.0,
0.0,
2.0,
0.0,
0.0,
125.0,
255.0,
241.0,
237.0,
53.0,
6.0,
8.0,
0.0,
0.0,
2.0,
5.0,
2.0,
0.0,
0.0,
4.0,
0.0,
0.0,
0.0,
0.0,
7.0,
0.0,
0.0,
2.0,
0.0,
12.0,
7.0,
0.0,
106.0,
244.0,
255.0,
234.0,
51.0,
13.0,
0.0,
1.0,
5.0,
2.0,
1.0,
2.0,
1.0,
0.0,
0.0,
1.0,
0.0,
0.0,
0.0,
0.0,
1.0,
0.0,
7.0,
0.0,
0.0,
11.0,
0.0,
119.0,
254.0,
226.0,
233.0,
65.0,
0.0,
0.0,
22.0,
0.0,
3.0,
0.0,
0.0,
0.0,
0.0,
1.0,
1.0,
0.0,
0.0,
0.0,
0.0,
0.0,
0.0,
2.0,
1.0,
2.0,
14.0,
6.0,
64.0,
243.0,
249.0,
253.0,
46.0,
0.0,
0.0,
0.0,
0.0,
16.0,
0.0,
0.0,
0.0,
0.0,
0.0,
1.0,
0.0,
0.0,
0.0,
0.0,
0.0,
0.0,
10.0,
0.0,
0.0,
13.0,
0.0,
33.0,
248.0,
252.0,
255.0,
109.0,
8.0,
0.0,
9.0,
0.0,
7.0,
0.0,
0.0,
2.0,
4.0,
3.0,
0.0,
0.0,
0.0,
0.0,
0.0,
0.0,
0.0,
0.0,
4.0,
0.0,
0.0,
12.0,
6.0,
95.0,
251.0,
249.0,
137.0,
10.0,
0.0,
6.0,
0.0,
3.0,
0.0,
4.0,
0.0,
0.0,
0.0,
0.0,
0.0,
0.0,
0.0,
0.0,
0.0,
0.0,
0.0,
0.0,
0.0,
14.0,
15.0,
0.0,
0.0,
255.0,
242.0,
255.0,
72.0,
0.0,
0.0,
4.0,
0.0,
8.0,
0.0,
0.0,
0.0,
0.0,
0.0,
0.0,
0.0,
0.0,
0.0,
0.0,
0.0,
0.0,
0.0,
0.0,
7.0,
0.0,
0.0,
15.0,
0.0,
111.0,
255.0,
85.0,
10.0,
0.0,
4.0,
0.0,
0.0,
10.0,
0.0,
0.0,
0.0,
0.0,
0.0,
0.0,
0.0,
0.0,
0.0,
0.0,
0.0,
0.0,
0.0,
0.0,
5.0,
0.0,
0.0,
0.0,
0.0,
14.0,
5.0,
13.0,
0.0,
0.0,
7.0,
0.0,
0.0,
5.0,
0.0,
5.0,
0.0,
0.0,
0.0,
0.0,
0.0,
0.0,
0.0,
0.0,
0.0,
0.0,
0.0,
0.0,
