0.0,
0.0,
6.0,
5.0,
0.0,
0.0,
0.0,
3.0,
0.0,
1.0,
1.0,
2.0,
0.0,
12.0,
0.0,
0.0,
0.0,
3.0,
0.0,
5.0,
3.0,
0.0,
1.0,
0.0,
0.0,
0.0,
0.0,
0.0,
7.0,
2.0,
0.0,
0.0,
0.0,
0.0,
0.0,
0.0,
0.0,
0.0,
1.0,
0.0,
0.0,
6.0,
1.0,
3.0,
0.0,
0.0,
0.0,
0.0,
7.0,
5.0,
4.0,
0.0,
0.0,
0.0,
0.0,
0.0,
0.0,
0.0,
0.0,
1.0,
6.0,
9.0,
6.0,
2.0,
0.0,
1.0,
0.0,
0.0,
2.0,
0.0,
1.0,
0.0,
4.0,
3.0,
6.0,
0.0,
0.0,
0.0,
0.0,
7.0,
0.0,
0.0,
0.0,
0.0,
0.0,
2.0,
2.0,
0.0,
0.0,
0.0,
0.0,
0.0,
0.0,
5.0,
0.0,
9.0,
2.0,
0.0,
2.0,
2.0,
0.0,
0.0,
7.0,
0.0,
0.0,
6.0,
0.0,
0.0,
0.0,
0.0,
0.0,
0.0,
5.0,
4.0,
1.0,
0.0,
0.0,
1.0,
6.0,
11.0,
0.0,
1.0,
0.0,
9.0,
0.0,
5.0,
0.0,
4.0,
22.0,
10.0,
3.0,
0.0,
0.0,
8.0,
1.0,
0.0,
0.0,
0.0,
0.0,
0.0,
0.0,
0.0,
0.0,
4.0,
10.0,
8.0,
0.0,
0.0,
5.0,
5.0,
5.0,
5.0,
0.0,
11.0,
0.0,
0.0,
0.0,
0.0,
0.0,
3.0,
2.0,
0.0,
5.0,
4.0,
0.0,
0.0,
0.0,
0.0,
0.0,
1.0,
1.0,
0.0,
0.0,
0.0,
2.0,
9.0,
0.0,
0.0,
19.0,
0.0,
0.0,
12.0,
0.0,
1.0,
5.0,
12.0,
0.0,
14.0,
16.0,
0.0,
6.0,
0.0,
0.0,
0.0,
0.0,
0.0,
0.0,
5.0,
4.0,
0.0,
0.0,
36.0,
107.0,
165.0,
201.0,
179.0,
251.0,
186.0,
236.0,
252.0,
250.0,
252.0,
255.0,
172.0,
15.0,
0.0,
0.0,
0.0,
21.0,
0.0,
0.0,
0.0,
0.0,
0.0,
0.0,
8.0,
0.0,
0.0,
10.0,
121.0,
255.0,
246.0,
255.0,
255.0,
250.0,
248.0,
255.0,
255.0,
251.0,
255.0,
248.0,
240.0,
35.0,
0.0,
1.0,
0.0,
8.0,
3.0,
0.0,
0.0,
0.0,
0.0,
0.0,
8.0,
5.0,
3.0,
0.0,
31.0,
179.0,
237.0,
213.0,
146.0,
114.0,
129.0,
107.0,
43.0,
58.0,
225.0,
255.0,
255.0,
68.0,
4.0,
2.0,
2.0,
0.0,
0.0,
0.0,
0.0,
0.0,
0.0,
0.0,
0.0,
0.0,
16.0,
6.0,
0.0,
1.0,
0.0,
3.0,
7.0,
6.0,
0.0,
0.0,
8.0,
37.0,
255.0,
241.0,
242.0,
71.0,
0.0,
0.0,
11.0,
0.0,
6.0,
0.0,
0.0,
0.0,
0.0,
6.0,
9.0,
0.0,
0.0,
2.0,
2.0,
14.0,
6.0,
0.0,
0.0,
7.0,
0.0,
3.0,
0.0,
0.0,
241.0,
254.0,
255.0,
81.0,
0.0,
0.0,
10.0,
0.0,
4.0,
0.0,
0.0,
0.0,
0.0,
0.0,
13.0,
6.0,
0.0,
0.0,
0.0,
0.0,
0.0,
13.0,
0.0,
0.0,
0.0,
19.0,
0.0,
0.0,
250.0,
255.0,
255.0,
62.0,
2.0,
3.0,
0.0,
1.0,
1.0,
0.0,
0.0,
0.0,
0.0,
6.0,
0.0,
0.0,
0.0,
6.0,
6.0,
4.0,
10.0,
0.0,
2.0,
9.0,
0.0,
0.0,
0.0,
49.0,
233.0,
247.0,
232.0,
24.0,
0.0,
0.0,
0.0,
8.0,
0.0,
0.0,
0.0,
0.0,
0.0,
0.0,
0.0,
4.0,
8.0,
0.0,
0.0,
0.0,
3.0,
1.0,
0.0,
4.0,
3.0,
9.0,
1.0,
126.0,
249.0,
255.0,
209.0,
17.0,
2.0,
4.0,
0.0,
0.0,
0.0,
0.0,
0.0,
0.0,
0.0,
4.0,
0.0,
0.0,
0.0,
0.0,
7.0,
3.0,
0.0,
0.0,
4.0,
5.0,
0.0,
0.0,
31.0,
205.0,
255.0,
247.0,
155.0,
0.0,
0.0,
0.0,
10.0,
0.0,
2.0,
0.0,
0.0,
0.0,
0.0,
0.0,
0.0,
0.0,
0.0,
0.0,
0.0,
0.0,
0.0,
0.0,
10.0,
0.0,
9.0,
0.0,
40.0,
255.0,
248.0,
248.0,
140.0,
0.0,
0.0,
0.0,
0.0,
5.0,
0.0,
0.0,
0.0,
0.0,
0.0,
0.0,
0.0,
0.0,
0.0,
0.0,
0.0,
0.0,
0.0,
3.0,
0.0,
6.0,
7.0,
13.0,
47.0,
247.0,
255.0,
247.0,
70.0,
0.0,
2.0,
0.0,
0.0,
0.0,
2.0,
0.0,
0.0,
0.0,
0.0,
0.0,
0.0,
0.0,
0.0,
0.0,
0.0,
0.0,
0.0,
0.0,
1.0,
0.0,
0.0,
0.0,
131.0,
247.0,
255.0,
202.0,
1.0,
0.0,
10.0,
0.0,
1.0,
0.0,
5.0,
0.0,
0.0,
0.0,
0.0,
0.0,
0.0,
0.0,
0.0,
0.0,
0.0,
0.0,
0.0,
0.0,
5.0,
0.0,
0.0,
12.0,
226.0,
255.0,
252.0,
119.0,
0.0,
12.0,
9.0,
0.0,
0.0,
0.0,
0.0,
0.0,
0.0,
0.0,
0.0,
0.0,
0.0,
0.0,
0.0,
0.0,
0.0,
0.0,
0.0,
7.0,
0.0,
5.0,
3.0,
91.0,
251.0,
255.0,
248.0,
60.0,
0.0,
11.0,
0.0,
0.0,
0.0,
1.0,
0.0,
0.0,
0.0,
0.0,
0.0,
0.0,
0.0,
0.0,
0.0,
0.0,
0.0,
0.0,
0.0,
0.0,
0.0,
5.0,
0.0,
98.0,
252.0,
253.0,
243.0,
41.0,
10.0,
0.0,
0.0,
9.0,
0.0,
0.0,
2.0,
0.0,
0.0,
0.0,
0.0,
0.0,
0.0,
0.0,
0.0,
0.0,
0.0,
0.0,
0.0,
0.0,
20.0,
0.0,
0.0,
102.0,
255.0,
255.0,
229.0,
19.0,
4.0,
0.0,
1.0,
1.0,
0.0,
0.0,
2.0,
0.0,
0.0,
0.0,
0.0,
0.0,
0.0,
0.0,
0.0,
0.0,
0.0,
0.0,
0.0,
0.0,
0.0,
0.0,
3.0,
182.0,
242.0,
255.0,
214.0,
0.0,
0.0,
11.0,
14.0,
0.0,
6.0,
0.0,
0.0,
0.0,
0.0,
0.0,
0.0,
0.0,
0.0,
0.0,
0.0,
0.0,
0.0,
0.0,
0.0,
0.0,
0.0,
0.0,
6.0,
191.0,
255.0,
255.0,
213.0,
0.0,
0.0,
0.0,
0.0,
0.0,
0.0,
0.0,
0.0,
0.0,
0.0,
0.0,
0.0,
0.0,
0.0,
0.0,
0.0,
0.0,
0.0,
0.0,
0.0,
5.0,
10.0,
0.0,
2.0,
193.0,
246.0,
240.0,
233.0,
0.0,
0.0,
0.0,
0.0,
0.0,
0.0,
0.0,
0.0,
0.0,
0.0,
0.0,
0.0,
0.0,
0.0,
0.0,
0.0,
0.0,
0.0,
0.0,
0.0,
0.0,
0.0,
28.0,
5.0,
39.0,
182.0,
242.0,
95.0,
0.0,
0.0,
0.0,
0.0,
0.0,
0.0,
0.0,
0.0,
0.0,
0.0,
0.0,
0.0,
0.0,
0.0,
0.0,
0.0,
0.0,
0.0,
0.0,
0.0,
8.0,
0.0,
0.0,
0.0,
10.0,
0.0,
0.0,
5.0,
0.0,
0.0,
0.0,
0.0,
0.0,
0.0,
0.0,
0.0,
0.0,
0.0,
0.0,
0.0,
