0.0,
0.0,
0.0,
0.0,
0.0,
0.0,
0.0,
0.0,
0.0,
0.0,
0.0,
4.0,
4.0,
1.0,
1.0,
3.0,
3.0,
0.0,
0.0,
0.0,
0.0,
2.0,
0.0,
0.0,
0.0,
0.0,
0.0,
0.0,
0.0,
0.0,
0.0,
0.0,
0.0,
0.0,
0.0,
0.0,
4.0,
4.0,
0.0,
0.0,
0.0,
0.0,
0.0,
0.0,
0.0,
1.0,
2.0,
3.0,
5.0,
5.0,
3.0,
2.0,
0.0,
0.0,
0.0,
0.0,
0.0,
0.0,
0.0,
0.0,
0.0,
0.0,
0.0,
0.0,
0.0,
0.0,
3.0,
0.0,
1.0,
8.0,
7.0,
0.0,
0.0,
0.0,
0.0,
0.0,
0.0,
0.0,
0.0,
0.0,
0.0,
0.0,
0.0,
0.0,
0.0,
0.0,
0.0,
0.0,
0.0,
0.0,
0.0,
0.0,
0.0,
1.0,
3.0,
4.0,
2.0,
0.0,
0.0,
0.0,
0.0,
0.0,
0.0,
0.0,
2.0,
5.0,
8.0,
10.0,
0.0,
0.0,
0.0,
0.0,
0.0,
0.0,
0.0,
0.0,
0.0,
0.0,
0.0,
0.0,
8.0,
0.0,
0.0,
3.0,
4.0,
0.0,
2.0,
12.0,
0.0,
0.0,
0.0,
0.0,
0.0,
0.0,
0.0,
0.0,
0.0,
0.0,
0.0,
0.0,
0.0,
0.0,
0.0,
0.0,
0.0,
0.0,
0.0,
0.0,
0.0,
0.0,
0.0,
3.0,
3.0,
0.0,
0.0,
0.0,
0.0,
0.0,
0.0,
5.0,
8.0,
7.0,
3.0,
1.0,
0.0,
0.0,
0.0,
0.0,
0.0,
0.0,
0.0,
0.0,
0.0,
0.0,
0.0,
0.0,
0.0,
4.0,
4.0,
0.0,
0.0,
5.0,
7.0,
0.0,
5.0,
8.0,
8.0,
1.0,
0.0,
0.0,
0.0,
7.0,
0.0,
0.0,
0.0,
0.0,
0.0,
0.0,
0.0,
0.0,
0.0,
0.0,
0.0,
0.0,
0.0,
15.0,
11.0,
0.0,
23.0,
84.0,
125.0,
129.0,
169.0,
156.0,
123.0,
72.0,
21.0,
0.0,
0.0,
3.0,
0.0,
0.0,
0.0,
0.0,
0.0,
1.0,
0.0,
2.0,
1.0,
0.0,
3.0,
150.0,
253.0,
246.0,
255.0,
249.0,
255.0,
255.0,
245.0,
255.0,
252.0,
245.0,
253.0,
246.0,
39.0,
0.0,
2.0,
0.0,
0.0,
0.0,
0.0,
0.0,
0.0,
0.0,
0.0,
0.0,
0.0,
5.0,
14.0,
136.0,
255.0,
255.0,
253.0,
255.0,
255.0,
250.0,
255.0,
253.0,
255.0,
253.0,
255.0,
255.0,
0.0,
0.0,
0.0,
12.0,
0.0,
0.0,
0.0,
0.0,
6.0,
0.0,
0.0,
0.0,
0.0,
0.0,
0.0,
75.0,
237.0,
192.0,
113.0,
104.0,
101.0,
94.0,
110.0,
96.0,
224.0,
247.0,
250.0,
138.0,
0.0,
13.0,
11.0,
0.0,
0.0,
0.0,
0.0,
0.0,
4.0,
0.0,
4.0,
3.0,
0.0,
0.0,
0.0,
12.0,
0.0,
9.0,
0.0,
7.0,
16.0,
1.0,
0.0,
19.0,
219.0,
255.0,
206.0,
5.0,
0.0,
0.0,
11.0,
0.0,
0.0,
0.0,
0.0,
0.0,
0.0,
0.0,
4.0,
4.0,
7.0,
6.0,
0.0,
0.0,
0.0,
15.0,
2.0,
1.0,
0.0,
0.0,
0.0,
86.0,
251.0,
238.0,
67.0,
9.0,
22.0,
0.0,
0.0,
10.0,
0.0,
0.0,
0.0,
0.0,
2.0,
0.0,
3.0,
0.0,
6.0,
2.0,
6.0,
1.0,
0.0,
6.0,
5.0,
0.0,
0.0,
32.0,
93.0,
247.0,
255.0,
208.0,
78.0,
138.0,
91.0,
7.0,
6.0,
0.0,
0.0,
0.0,
0.0,
0.0,
2.0,
5.0,
3.0,
0.0,
5.0,
0.0,
0.0,
1.0,
11.0,
0.0,
12.0,
136.0,
185.0,
242.0,
239.0,
247.0,
254.0,
255.0,
249.0,
255.0,
145.0,
0.0,
12.0,
0.0,
0.0,
0.0,
0.0,
0.0,
0.0,
5.0,
5.0,
0.0,
13.0,
0.0,
0.0,
5.0,
0.0,
15.0,
117.0,
255.0,
238.0,
245.0,
255.0,
252.0,
252.0,
255.0,
255.0,
243.0,
158.0,
3.0,
5.0,
0.0,
0.0,
0.0,
0.0,
0.0,
0.0,
0.0,
0.0,
0.0,
0.0,
0.0,
0.0,
0.0,
0.0,
18.0,
138.0,
252.0,
255.0,
255.0,
239.0,
255.0,
193.0,
205.0,
193.0,
134.0,
52.0,
0.0,
0.0,
9.0,
0.0,
0.0,
0.0,
0.0,
0.0,
0.0,
0.0,
0.0,
0.0,
0.0,
0.0,
0.0,
5.0,
0.0,
19.0,
59.0,
94.0,
255.0,
255.0,
173.0,
12.0,
6.0,
0.0,
0.0,
0.0,
0.0,
0.0,
0.0,
0.0,
0.0,
0.0,
0.0,
0.0,
0.0,
0.0,
0.0,
0.0,
0.0,
0.0,
0.0,
1.0,
11.0,
0.0,
8.0,
54.0,
236.0,
253.0,
27.0,
0.0,
0.0,
0.0,
0.0,
5.0,
11.0,
9.0,
4.0,
0.0,
0.0,
0.0,
0.0,
0.0,
0.0,
0.0,
0.0,
0.0,
0.0,
0.0,
0.0,
0.0,
0.0,
9.0,
5.0,
107.0,
255.0,
182.0,
1.0,
2.0,
7.0,
10.0,
4.0,
0.0,
0.0,
0.0,
0.0,
0.0,
0.0,
0.0,
0.0,
0.0,
0.0,
0.0,
0.0,
0.0,
0.0,
0.0,
0.0,
11.0,
12.0,
0.0,
41.0,
231.0,
255.0,
167.0,
12.0,
0.0,
0.0,
0.0,
2.0,
5.0,
7.0,
6.0,
4.0,
0.0,
0.0,
0.0,
0.0,
0.0,
0.0,
0.0,
0.0,
0.0,
0.0,
0.0,
0.0,
3.0,
0.0,
5.0,
50.0,
253.0,
253.0,
96.0,
0.0,
0.0,
0.0,
0.0,
0.0,
0.0,
0.0,
0.0,
0.0,
0.0,
0.0,
0.0,
0.0,
0.0,
0.0,
0.0,
0.0,
0.0,
0.0,
0.0,
0.0,
0.0,
16.0,
0.0,
111.0,
255.0,
235.0,
170.0,
13.0,
0.0,
1.0,
3.0,
1.0,
0.0,
0.0,
0.0,
1.0,
0.0,
0.0,
0.0,
0.0,
0.0,
0.0,
0.0,
0.0,
0.0,
0.0,
0.0,
0.0,
0.0,
7.0,
0.0,
175.0,
255.0,
255.0,
200.0,
0.0,
5.0,
0.0,
0.0,
0.0,
1.0,
4.0,
1.0,
0.0,
0.0,
0.0,
0.0,
0.0,
0.0,
0.0,
0.0,
0.0,
0.0,
0.0,
0.0,
0.0,
11.0,
0.0,
31.0,
206.0,
248.0,
255.0,
180.0,
1.0,
0.0,
0.0,
0.0,
0.0,
0.0,
0.0,
0.0,
0.0,
0.0,
0.0,
0.0,
0.0,
0.0,
0.0,
0.0,
0.0,
0.0,
0.0,
0.0,
0.0,
0.0,
8.0,
161.0,
250.0,
249.0,
255.0,
95.0,
32.0,
0.0,
0.0,
0.0,
0.0,
0.0,
0.0,
0.0,
0.0,
0.0,
0.0,
0.0,
0.0,
0.0,
0.0,
0.0,
0.0,
0.0,
0.0,
0.0,
0.0,
11.0,
2.0,
21.0,
225.0,
255.0,
134.0,
18.0,
0.0,
0.0,
0.0,
0.0,
0.0,
0.0,
0.0,
0.0,
0.0,
0.0,
0.0,
0.0,
0.0,
0.0,
0.0,
0.0,
0.0,
0.0,
0.0,
0.0,
0.0,
0.0,
18.0,
0.0,
0.0,
0.0,
0.0,
0.0,
3.0,
0.0,
0.0,
0.0,
0.0,
0.0,
0.0,
0.0,
0.0,
0.0,
0.0,
0.0,
0.0,
