0.0,
0.0,
0.0,
0.0,
0.0,
0.0,
0.0,
0.0,
0.0,
1.0,
10.0,
6.0,
0.0,
0.0,
4.0,
0.0,
0.0,
0.0,
0.0,
0.0,
0.0,
0.0,
0.0,
0.0,
0.0,
0.0,
0.0,
0.0,
0.0,
0.0,
0.0,
0.0,
0.0,
0.0,
0.0,
0.0,
8.0,
0.0,
0.0,
0.0,
17.0,
2.0,
0.0,
3.0,
0.0,
0.0,
0.0,
0.0,
0.0,
0.0,
0.0,
0.0,
0.0,
0.0,
0.0,
0.0,
0.0,
0.0,
0.0,
0.0,
0.0,
0.0,
0.0,
0.0,
0.0,
16.0,
19.0,
0.0,
3.0,
0.0,
0.0,
0.0,
0.0,
0.0,
0.0,
0.0,
0.0,
0.0,
0.0,
0.0,
0.0,
0.0,
0.0,
0.0,
0.0,
0.0,
0.0,
0.0,
0.0,
0.0,
0.0,
0.0,
1.0,
0.0,
0.0,
0.0,
3.0,
0.0,
0.0,
0.0,
0.0,
0.0,
0.0,
0.0,
0.0,
0.0,
0.0,
0.0,
0.0,
0.0,
0.0,
0.0,
0.0,
0.0,
0.0,
0.0,
0.0,
0.0,
0.0,
0.0,
11.0,
1.0,
3.0,
14.0,
0.0,
6.0,
9.0,
0.0,
0.0,
0.0,
0.0,
0.0,
0.0,
0.0,
0.0,
0.0,
0.0,
0.0,
0.0,
0.0,
0.0,
0.0,
0.0,
0.0,
0.0,
0.0,
0.0,
0.0,
1.0,
0.0,
0.0,
6.0,
0.0,
0.0,
4.0,
0.0,
0.0,
0.0,
0.0,
0.0,
0.0,
0.0,
0.0,
0.0,
0.0,
0.0,
0.0,
0.0,
0.0,
0.0,
0.0,
0.0,
0.0,
0.0,
0.0,
0.0,
1.0,
3.0,
9.0,
0.0,
28.0,
0.0,
0.0,
2.0,
0.0,
0.0,
0.0,
0.0,
0.0,
0.0,
0.0,
0.0,
0.0,
0.0,
0.0,
0.0,
0.0,
0.0,
0.0,
0.0,
0.0,
0.0,
0.0,
0.0,
0.0,
202.0,
247.0,
5.0,
0.0,
0.0,
26.0,
0.0,
0.0,
0.0,
0.0,
0.0,
0.0,
0.0,
0.0,
0.0,
0.0,
0.0,
0.0,
0.0,
0.0,
6.0,
0.0,
0.0,
0.0,
0.0,
12.0,
0.0,
49.0,
255.0,
237.0,
133.0,
136.0,
191.0,
250.0,
255.0,
255.0,
255.0,
196.0,
119.0,
133.0,
128.0,
134.0,
1.0,
0.0,
0.0,
0.0,
0.0,
7.0,
4.0,
3.0,
0.0,
7.0,
4.0,
0.0,
7.0,
196.0,
255.0,
255.0,
235.0,
247.0,
252.0,
255.0,
246.0,
244.0,
255.0,
242.0,
255.0,
255.0,
245.0,
255.0,
0.0,
0.0,
0.0,
0.0,
0.0,
0.0,
0.0,
0.0,
19.0,
10.0,
0.0,
23.0,
65.0,
255.0,
246.0,
234.0,
255.0,
184.0,
128.0,
134.0,
125.0,
135.0,
124.0,
199.0,
248.0,
253.0,
255.0,
184.0,
1.0,
0.0,
0.0,
0.0,
0.0,
0.0,
0.0,
18.0,
0.0,
0.0,
0.0,
1.0,
182.0,
253.0,
255.0,
207.0,
0.0,
0.0,
17.0,
0.0,
5.0,
0.0,
15.0,
131.0,
244.0,
252.0,
193.0,
7.0,
0.0,
0.0,
0.0,
0.0,
0.0,
0.0,
0.0,
0.0,
9.0,
0.0,
14.0,
126.0,
255.0,
245.0,
117.0,
0.0,
18.0,
0.0,
0.0,
0.0,
11.0,
4.0,
0.0,
246.0,
255.0,
255.0,
119.0,
0.0,
1.0,
0.0,
0.0,
0.0,
0.0,
4.0,
0.0,
13.0,
0.0,
0.0,
4.0,
0.0,
125.0,
211.0,
0.0,
6.0,
5.0,
0.0,
0.0,
11.0,
0.0,
0.0,
208.0,
252.0,
243.0,
195.0,
0.0,
7.0,
13.0,
0.0,
0.0,
0.0,
0.0,
0.0,
0.0,
0.0,
13.0,
4.0,
0.0,
2.0,
0.0,
0.0,
12.0,
0.0,
0.0,
5.0,
14.0,
0.0,
0.0,
74.0,
248.0,
246.0,
255.0,
0.0,
8.0,
4.0,
0.0,
0.0,
0.0,
0.0,
0.0,
1.0,
7.0,
0.0,
0.0,
0.0,
4.0,
3.0,
1.0,
14.0,
0.0,
8.0,
7.0,
0.0,
0.0,
8.0,
0.0,
180.0,
255.0,
255.0,
118.0,
11.0,
3.0,
0.0,
10.0,
0.0,
0.0,
0.0,
0.0,
0.0,
0.0,
0.0,
0.0,
0.0,
0.0,
0.0,
0.0,
0.0,
1.0,
6.0,
0.0,
9.0,
0.0,
0.0,
127.0,
255.0,
232.0,
201.0,
6.0,
0.0,
4.0,
4.0,
0.0,
0.0,
0.0,
0.0,
0.0,
0.0,
0.0,
0.0,
0.0,
0.0,
0.0,
0.0,
0.0,
0.0,
11.0,
0.0,
0.0,
0.0,
0.0,
9.0,
255.0,
243.0,
255.0,
56.0,
4.0,
0.0,
6.0,
8.0,
0.0,
0.0,
0.0,
0.0,
0.0,
0.0,
0.0,
0.0,
0.0,
0.0,
0.0,
0.0,
0.0,
5.0,
0.0,
9.0,
24.0,
4.0,
0.0,
186.0,
255.0,
255.0,
180.0,
0.0,
0.0,
9.0,
0.0,
0.0,
14.0,
0.0,
0.0,
0.0,
0.0,
0.0,
0.0,
0.0,
0.0,
0.0,
0.0,
0.0,
0.0,
3.0,
0.0,
3.0,
0.0,
0.0,
15.0,
255.0,
238.0,
246.0,
0.0,
16.0,
16.0,
0.0,
0.0,
9.0,
0.0,
0.0,
0.0,
0.0,
0.0,
0.0,
0.0,
0.0,
0.0,
0.0,
0.0,
0.0,
0.0,
0.0,
0.0,
0.0,
9.0,
14.0,
185.0,
255.0,
255.0,
69.0,
5.0,
0.0,
0.0,
4.0,
13.0,
0.0,
2.0,
0.0,
0.0,
0.0,
0.0,
0.0,
0.0,
0.0,
0.0,
0.0,
0.0,
0.0,
0.0,
9.0,
0.0,
7.0,
0.0,
130.0,
241.0,
249.0,
120.0,
0.0,
0.0,
2.0,
9.0,
0.0,
0.0,
6.0,
0.0,
0.0,
0.0,
0.0,
0.0,
0.0,
0.0,
0.0,
0.0,
0.0,
0.0,
0.0,
0.0,
0.0,
17.0,
0.0,
0.0,
255.0,
255.0,
241.0,
77.0,
0.0,
0.0,
11.0,
0.0,
10.0,
0.0,
0.0,
7.0,
0.0,
0.0,
0.0,
0.0,
0.0,
0.0,
0.0,
0.0,
0.0,
0.0,
0.0,
0.0,
9.0,
0.0,
14.0,
183.0,
248.0,
255.0,
131.0,
0.0,
0.0,
26.0,
0.0,
2.0,
0.0,
0.0,
14.0,
0.0,
0.0,
0.0,
0.0,
0.0,
0.0,
0.0,
0.0,
0.0,
0.0,
0.0,
0.0,
0.0,
8.0,
0.0,
61.0,
255.0,
255.0,
255.0,
0.0,
0.0,
0.0,
0.0,
0.0,
0.0,
0.0,
0.0,
0.0,
0.0,
0.0,
0.0,
0.0,
0.0,
0.0,
0.0,
0.0,
0.0,
0.0,
0.0,
0.0,
0.0,
0.0,
2.0,
201.0,
245.0,
251.0,
64.0,
6.0,
3.0,
0.0,
0.0,
0.0,
0.0,
0.0,
0.0,
0.0,
0.0,
0.0,
0.0,
0.0,
0.0,
0.0,
0.0,
0.0,
0.0,
0.0,
0.0,
0.0,
0.0,
0.0,
0.0,
139.0,
250.0,
193.0,
12.0,
0.0,
2.0,
0.0,
0.0,
0.0,
0.0,
0.0,
0.0,
0.0,
0.0,
0.0,
0.0,
0.0,
0.0,
0.0,
0.0,
0.0,
0.0,
0.0,
0.0,
0.0,
0.0,
3.0,
0.0,
0.0,
9.0,
2.0,
0.0,
19.0,
0.0,
0.0,
0.0,
0.0,
0.0,
0.0,
0.0,
0.0,
0.0,
0.0,
0.0,
0.0,
0.0,
