0.0,
0.0,
0.0,
0.0,
0.0,
0.0,
0.0,
0.0,
8.0,
0.0,
7.0,
4.0,
2.0,
0.0,
5.0,
4.0,
0.0,
2.0,
12.0,
0.0,
2.0,
11.0,
0.0,
1.0,
0.0,
0.0,
0.0,
0.0,
0.0,
0.0,
0.0,
0.0,
0.0,
0.0,
0.0,
0.0,
0.0,
2.0,
4.0,
0.0,
3.0,
2.0,
0.0,
4.0,
14.0,
0.0,
0.0,
0.0,
0.0,
0.0,
0.0,
7.0,
0.0,
0.0,
0.0,
0.0,
0.0,
0.0,
0.0,
0.0,
0.0,
0.0,
0.0,
0.0,
9.0,
3.0,
0.0,
0.0,
0.0,
8.0,
1.0,
0.0,
9.0,
0.0,
0.0,
8.0,
0.0,
5.0,
4.0,
1.0,
0.0,
0.0,
0.0,
0.0,
0.0,
0.0,
0.0,
0.0,
0.0,
0.0,
0.0,
0.0,
0.0,
0.0,
0.0,
10.0,
0.0,
0.0,
15.0,
5.0,
0.0,
1.0,
6.0,
2.0,
0.0,
0.0,
0.0,
0.0,
0.0,
0.0,
0.0,
0.0,
0.0,
0.0,
0.0,
0.0,
0.0,
0.0,
0.0,
0.0,
4.0,
13.0,
0.0,
0.0,
12.0,
0.0,
0.0,
8.0,
0.0,
12.0,
1.0,
0.0,
9.0,
3.0,
2.0,
18.0,
0.0,
0.0,
0.0,
0.0,
0.0,
0.0,
0.0,
0.0,
0.0,
0.0,
0.0,
0.0,
1.0,
0.0,
8.0,
9.0,
66.0,
215.0,
252.0,
21.0,
0.0,
6.0,
0.0,
3.0,
8.0,
0.0,
0.0,
0.0,
0.0,
0.0,
0.0,
0.0,
0.0,
0.0,
0.0,
0.0,
0.0,
0.0,
0.0,
0.0,
9.0,
0.0,
5.0,
89.0,
243.0,
255.0,
240.0,
103.0,
5.0,
3.0,
0.0,
0.0,
0.0,
5.0,
31.0,
0.0,
0.0,
0.0,
0.0,
0.0,
0.0,
0.0,
0.0,
0.0,
0.0,
0.0,
0.0,
0.0,
0.0,
4.0,
158.0,
254.0,
255.0,
212.0,
255.0,
131.0,
0.0,
0.0,
5.0,
0.0,
4.0,
120.0,
213.0,
139.0,
0.0,
0.0,
0.0,
0.0,
0.0,
10.0,
0.0,
0.0,
8.0,
0.0,
0.0,
8.0,
27.0,
204.0,
255.0,
230.0,
85.0,
17.0,
229.0,
126.0,
0.0,
0.0,
0.0,
57.0,
191.0,
240.0,
255.0,
130.0,
0.0,
0.0,
0.0,
0.0,
7.0,
0.0,
7.0,
0.0,
0.0,
13.0,
9.0,
0.0,
229.0,
239.0,
248.0,
54.0,
0.0,
21.0,
87.0,
2.0,
10.0,
2.0,
43.0,
225.0,
239.0,
255.0,
186.0,
12.0,
0.0,
0.0,
0.0,
0.0,
7.0,
0.0,
6.0,
0.0,
2.0,
0.0,
3.0,
112.0,
252.0,
232.0,
0.0,
6.0,
15.0,
0.0,
17.0,
0.0,
0.0,
46.0,
230.0,
255.0,
242.0,
92.0,
10.0,
0.0,
0.0,
0.0,
0.0,
0.0,
0.0,
0.0,
0.0,
0.0,
11.0,
0.0,
40.0,
234.0,
246.0,
62.0,
14.0,
3.0,
0.0,
10.0,
0.0,
1.0,
27.0,
200.0,
254.0,
255.0,
70.0,
0.0,
0.0,
4.0,
0.0,
0.0,
0.0,
0.0,
0.0,
0.0,
0.0,
6.0,
0.0,
6.0,
119.0,
255.0,
197.0,
0.0,
11.0,
0.0,
0.0,
17.0,
0.0,
8.0,
156.0,
255.0,
242.0,
83.0,
0.0,
7.0,
5.0,
2.0,
0.0,
0.0,
0.0,
0.0,
3.0,
7.0,
0.0,
0.0,
0.0,
2.0,
123.0,
255.0,
232.0,
101.0,
44.0,
8.0,
7.0,
0.0,
0.0,
162.0,
247.0,
255.0,
77.0,
0.0,
8.0,
0.0,
0.0,
2.0,
0.0,
0.0,
0.0,
0.0,
3.0,
6.0,
0.0,
0.0,
5.0,
0.0,
48.0,
188.0,
255.0,
249.0,
239.0,
128.0,
63.0,
0.0,
145.0,
247.0,
255.0,
94.0,
1.0,
0.0,
0.0,
11.0,
0.0,
0.0,
0.0,
0.0,
0.0,
0.0,
7.0,
0.0,
16.0,
8.0,
0.0,
7.0,
0.0,
14.0,
54.0,
184.0,
222.0,
254.0,
253.0,
211.0,
246.0,
255.0,
106.0,
6.0,
8.0,
0.0,
2.0,
0.0,
1.0,
2.0,
0.0,
0.0,
0.0,
0.0,
0.0,
0.0,
0.0,
0.0,
0.0,
0.0,
0.0,
0.0,
0.0,
0.0,
1.0,
89.0,
215.0,
251.0,
248.0,
255.0,
127.0,
8.0,
0.0,
2.0,
4.0,
9.0,
0.0,
0.0,
0.0,
0.0,
0.0,
0.0,
0.0,
0.0,
0.0,
0.0,
0.0,
0.0,
0.0,
0.0,
0.0,
17.0,
0.0,
0.0,
242.0,
255.0,
255.0,
255.0,
255.0,
204.0,
48.0,
0.0,
0.0,
0.0,
0.0,
3.0,
0.0,
0.0,
0.0,
0.0,
0.0,
0.0,
0.0,
0.0,
0.0,
0.0,
0.0,
0.0,
0.0,
1.0,
3.0,
64.0,
245.0,
243.0,
44.0,
52.0,
209.0,
239.0,
223.0,
80.0,
8.0,
0.0,
13.0,
0.0,
0.0,
0.0,
0.0,
0.0,
0.0,
0.0,
0.0,
0.0,
0.0,
0.0,
0.0,
0.0,
0.0,
0.0,
15.0,
207.0,
247.0,
231.0,
4.0,
14.0,
23.0,
204.0,
238.0,
211.0,
61.0,
0.0,
2.0,
8.0,
0.0,
0.0,
0.0,
0.0,
0.0,
0.0,
0.0,
0.0,
0.0,
0.0,
0.0,
0.0,
3.0,
14.0,
3.0,
245.0,
232.0,
73.0,
14.0,
0.0,
0.0,
6.0,
246.0,
254.0,
95.0,
0.0,
11.0,
0.0,
0.0,
0.0,
0.0,
0.0,
0.0,
0.0,
0.0,
0.0,
0.0,
0.0,
0.0,
0.0,
0.0,
0.0,
4.0,
255.0,
255.0,
18.0,
0.0,
12.0,
51.0,
128.0,
240.0,
255.0,
85.0,
7.0,
0.0,
0.0,
0.0,
0.0,
0.0,
0.0,
0.0,
0.0,
0.0,
0.0,
0.0,
0.0,
0.0,
0.0,
14.0,
0.0,
6.0,
217.0,
252.0,
107.0,
33.0,
106.0,
238.0,
249.0,
255.0,
139.0,
20.0,
0.0,
9.0,
0.0,
0.0,
0.0,
0.0,
0.0,
0.0,
0.0,
0.0,
0.0,
0.0,
0.0,
0.0,
0.0,
0.0,
0.0,
5.0,
141.0,
246.0,
250.0,
255.0,
246.0,
254.0,
252.0,
90.0,
0.0,
5.0,
0.0,
0.0,
7.0,
0.0,
0.0,
0.0,
0.0,
0.0,
0.0,
0.0,
0.0,
0.0,
0.0,
0.0,
0.0,
0.0,
3.0,
0.0,
5.0,
95.0,
208.0,
234.0,
192.0,
80.0,
37.0,
2.0,
0.0,
3.0,
0.0,
0.0,
1.0,
0.0,
0.0,
0.0,
0.0,
0.0,
0.0,
0.0,
0.0,
0.0,
0.0,
0.0,
0.0,
8.0,
9.0,
3.0,
0.0,
0.0,
0.0,
0.0,
0.0,
19.0,
0.0,
0.0,
0.0,
5.0,
1.0,
0.0,
2.0,
0.0,
0.0,
0.0,
0.0,
0.0,
0.0,
0.0,
0.0,
0.0,
0.0,
0.0,
0.0,
0.0,
0.0,
0.0,
11.0,
8.0,
0.0,
1.0,
16.0,
0.0,
0.0,
0.0,
3.0,
6.0,
2.0,
0.0,
0.0,
0.0,
0.0,
0.0,
0.0,
0.0,
0.0,
0.0,
0.0,
0.0,
0.0,
0.0,
0.0,
6.0,
5.0,
0.0,
0.0,
0.0,
1.0,
0.0,
0.0,
0.0,
4.0,
6.0,
3.0,
1.0,
2.0,
1.0,
0.0,
0.0,
0.0,
0.0,
0.0,
