0.0,
0.0,
0.0,
0.0,
0.0,
0.0,
0.0,
0.0,
0.0,
13.0,
0.0,
0.0,
2.0,
0.0,
3.0,
0.0,
4.0,
0.0,
0.0,
0.0,
0.0,
0.0,
3.0,
6.0,
4.0,
1.0,
4.0,
9.0,
0.0,
0.0,
0.0,
0.0,
0.0,
0.0,
0.0,
0.0,
5.0,
5.0,
0.0,
3.0,
15.0,
0.0,
0.0,
0.0,
0.0,
1.0,
3.0,
4.0,
1.0,
0.0,
0.0,
0.0,
0.0,
0.0,
0.0,
0.0,
0.0,
0.0,
0.0,
0.0,
0.0,
0.0,
0.0,
0.0,
0.0,
4.0,
0.0,
2.0,
5.0,
0.0,
0.0,
4.0,
0.0,
0.0,
0.0,
1.0,
7.0,
10.0,
6.0,
2.0,
0.0,
3.0,
5.0,
0.0,
0.0,
0.0,
0.0,
0.0,
0.0,
0.0,
0.0,
0.0,
0.0,
16.0,
9.0,
0.0,
0.0,
0.0,
2.0,
1.0,
2.0,
0.0,
0.0,
0.0,
0.0,
0.0,
0.0,
0.0,
0.0,
0.0,
5.0,
1.0,
0.0,
0.0,
0.0,
0.0,
0.0,
0.0,
0.0,
0.0,
0.0,
0.0,
0.0,
0.0,
3.0,
9.0,
1.0,
2.0,
0.0,
5.0,
19.0,
12.0,
0.0,
0.0,
1.0,
8.0,
12.0,
0.0,
0.0,
0.0,
0.0,
0.0,
0.0,
0.0,
0.0,
0.0,
0.0,
0.0,
9.0,
3.0,
10.0,
10.0,
7.0,
0.0,
0.0,
9.0,
0.0,
50.0,
113.0,
137.0,
136.0,
146.0,
174.0,
199.0,
71.0,
3.0,
0.0,
0.0,
0.0,
0.0,
0.0,
0.0,
0.0,
0.0,
0.0,
0.0,
0.0,
0.0,
0.0,
0.0,
0.0,
23.0,
22.0,
42.0,
184.0,
227.0,
255.0,
255.0,
253.0,
247.0,
253.0,
255.0,
123.0,
13.0,
2.0,
6.0,
0.0,
0.0,
0.0,
0.0,
0.0,
0.0,
0.0,
0.0,
0.0,
1.0,
2.0,
10.0,
115.0,
243.0,
255.0,
245.0,
250.0,
255.0,
255.0,
248.0,
245.0,
247.0,
242.0,
231.0,
129.0,
0.0,
0.0,
8.0,
0.0,
0.0,
0.0,
0.0,
0.0,
0.0,
0.0,
0.0,
0.0,
0.0,
2.0,
128.0,
255.0,
249.0,
255.0,
247.0,
255.0,
246.0,
255.0,
251.0,
134.0,
7.0,
0.0,
13.0,
0.0,
0.0,
0.0,
0.0,
0.0,
0.0,
0.0,
0.0,
0.0,
0.0,
0.0,
0.0,
9.0,
7.0,
0.0,
140.0,
255.0,
246.0,
245.0,
255.0,
251.0,
255.0,
251.0,
255.0,
19.0,
13.0,
22.0,
0.0,
0.0,
0.0,
0.0,
0.0,
0.0,
0.0,
0.0,
0.0,
0.0,
0.0,
0.0,
0.0,
0.0,
6.0,
0.0,
169.0,
247.0,
248.0,
168.0,
255.0,
244.0,
246.0,
254.0,
204.0,
19.0,
0.0,
0.0,
0.0,
0.0,
0.0,
0.0,
0.0,
0.0,
0.0,
0.0,
0.0,
0.0,
0.0,
0.0,
0.0,
13.0,
0.0,
13.0,
133.0,
235.0,
235.0,
123.0,
255.0,
255.0,
255.0,
255.0,
67.0,
6.0,
1.0,
0.0,
6.0,
0.0,
0.0,
0.0,
0.0,
0.0,
0.0,
0.0,
0.0,
0.0,
0.0,
0.0,
0.0,
0.0,
0.0,
0.0,
0.0,
187.0,
255.0,
239.0,
255.0,
252.0,
240.0,
146.0,
0.0,
0.0,
22.0,
0.0,
1.0,
0.0,
0.0,
0.0,
0.0,
0.0,
0.0,
0.0,
0.0,
0.0,
0.0,
0.0,
0.0,
2.0,
25.0,
0.0,
42.0,
174.0,
245.0,
255.0,
246.0,
255.0,
255.0,
87.0,
0.0,
13.0,
2.0,
0.0,
6.0,
0.0,
0.0,
0.0,
0.0,
0.0,
0.0,
0.0,
0.0,
0.0,
0.0,
0.0,
0.0,
0.0,
0.0,
57.0,
227.0,
255.0,
246.0,
247.0,
255.0,
236.0,
255.0,
185.0,
14.0,
13.0,
0.0,
6.0,
3.0,
0.0,
0.0,
0.0,
0.0,
0.0,
0.0,
0.0,
0.0,
0.0,
0.0,
0.0,
0.0,
0.0,
30.0,
230.0,
249.0,
255.0,
243.0,
182.0,
64.0,
64.0,
63.0,
225.0,
124.0,
10.0,
0.0,
0.0,
0.0,
0.0,
0.0,
0.0,
0.0,
0.0,
5.0,
0.0,
1.0,
3.0,
0.0,
1.0,
3.0,
1.0,
121.0,
244.0,
255.0,
250.0,
193.0,
18.0,
2.0,
0.0,
0.0,
172.0,
168.0,
0.0,
4.0,
10.0,
0.0,
0.0,
0.0,
0.0,
0.0,
1.0,
0.0,
2.0,
3.0,
0.0,
0.0,
1.0,
0.0,
46.0,
190.0,
255.0,
237.0,
238.0,
52.0,
0.0,
0.0,
8.0,
47.0,
94.0,
181.0,
0.0,
0.0,
1.0,
7.0,
0.0,
0.0,
0.0,
0.0,
7.0,
0.0,
6.0,
3.0,
0.0,
3.0,
1.0,
16.0,
229.0,
248.0,
243.0,
255.0,
166.0,
3.0,
34.0,
89.0,
111.0,
255.0,
213.0,
120.0,
6.0,
0.0,
7.0,
0.0,
0.0,
0.0,
0.0,
0.0,
7.0,
0.0,
6.0,
0.0,
0.0,
1.0,
0.0,
73.0,
255.0,
255.0,
243.0,
222.0,
48.0,
86.0,
168.0,
255.0,
255.0,
235.0,
187.0,
18.0,
3.0,
7.0,
11.0,
0.0,
0.0,
0.0,
0.0,
0.0,
2.0,
0.0,
2.0,
0.0,
12.0,
0.0,
0.0,
130.0,
243.0,
249.0,
255.0,
240.0,
217.0,
255.0,
255.0,
255.0,
237.0,
235.0,
45.0,
0.0,
2.0,
0.0,
15.0,
0.0,
0.0,
0.0,
0.0,
0.0,
0.0,
6.0,
0.0,
0.0,
16.0,
0.0,
2.0,
132.0,
255.0,
251.0,
255.0,
255.0,
255.0,
242.0,
255.0,
245.0,
228.0,
59.0,
0.0,
18.0,
5.0,
13.0,
0.0,
2.0,
0.0,
0.0,
0.0,
0.0,
0.0,
6.0,
0.0,
0.0,
9.0,
0.0,
6.0,
73.0,
246.0,
255.0,
246.0,
255.0,
250.0,
255.0,
255.0,
124.0,
15.0,
0.0,
8.0,
0.0,
0.0,
1.0,
0.0,
22.0,
0.0,
0.0,
0.0,
0.0,
0.0,
1.0,
0.0,
6.0,
0.0,
0.0,
9.0,
12.0,
203.0,
255.0,
255.0,
249.0,
250.0,
175.0,
105.0,
9.0,
3.0,
0.0,
0.0,
16.0,
0.0,
0.0,
4.0,
0.0,
0.0,
0.0,
0.0,
0.0,
0.0,
0.0,
0.0,
0.0,
0.0,
0.0,
0.0,
0.0,
17.0,
185.0,
255.0,
179.0,
44.0,
1.0,
6.0,
0.0,
0.0,
0.0,
0.0,
0.0,
0.0,
0.0,
0.0,
0.0,
0.0,
0.0,
0.0,
0.0,
0.0,
0.0,
0.0,
0.0,
0.0,
0.0,
0.0,
0.0,
0.0,
0.0,
0.0,
0.0,
0.0,
0.0,
0.0,
0.0,
0.0,
0.0,
0.0,
0.0,
0.0,
0.0,
0.0,
0.0,
0.0,
0.0,
0.0,
0.0,
0.0,
0.0,
0.0,
0.0,
0.0,
0.0,
0.0,
0.0,
0.0,
0.0,
0.0,
7.0,
8.0,
1.0,
1.0,
7.0,
0.0,
0.0,
0.0,
0.0,
0.0,
0.0,
0.0,
0.0,
0.0,
0.0,
0.0,
0.0,
0.0,
0.0,
0.0,
0.0,
0.0,
0.0,
0.0,
0.0,
0.0,
10.0,
13.0,
0.0,
0.0,
0.0,
0.0,
0.0,
0.0,
0.0,
0.0,
0.0,
0.0,
0.0,
0.0,
0.0,
0.0,
0.0,
0.0,
0.0,
