0.0,
0.0,
0.0,
0.0,
0.0,
0.0,
0.0,
0.0,
0.0,
4.0,
7.0,
0.0,
0.0,
3.0,
5.0,
0.0,
0.0,
2.0,
0.0,
0.0,
3.0,
1.0,
0.0,
0.0,
0.0,
0.0,
0.0,
0.0,
0.0,
0.0,
0.0,
0.0,
0.0,
0.0,
0.0,
0.0,
7.0,
1.0,
0.0,
0.0,
4.0,
0.0,
0.0,
18.0,
1.0,
0.0,
1.0,
0.0,
0.0,
0.0,
5.0,
1.0,
0.0,
0.0,
0.0,
0.0,
0.0,
0.0,
0.0,
0.0,
0.0,
0.0,
0.0,
0.0,
0.0,
2.0,
0.0,
0.0,
15.0,
5.0,
0.0,
0.0,
0.0,
0.0,
2.0,
8.0,
2.0,
3.0,
3.0,
0.0,
0.0,
0.0,
0.0,
0.0,
0.0,
0.0,
0.0,
0.0,
0.0,
0.0,
0.0,
0.0,
3.0,
2.0,
1.0,
0.0,
0.0,
1.0,
8.0,
13.0,
9.0,
5.0,
0.0,
0.0,
6.0,
1.0,
0.0,
7.0,
0.0,
0.0,
0.0,
0.0,
0.0,
0.0,
0.0,
0.0,
0.0,
0.0,
0.0,
0.0,
10.0,
0.0,
0.0,
14.0,
0.0,
0.0,
5.0,
0.0,
0.0,
2.0,
0.0,
0.0,
9.0,
0.0,
0.0,
7.0,
0.0,
0.0,
0.0,
0.0,
0.0,
0.0,
0.0,
0.0,
0.0,
0.0,
0.0,
0.0,
0.0,
0.0,
11.0,
0.0,
0.0,
109.0,
229.0,
255.0,
104.0,
138.0,
163.0,
163.0,
149.0,
112.0,
46.0,
0.0,
0.0,
0.0,
0.0,
0.0,
0.0,
0.0,
0.0,
0.0,
0.0,
0.0,
0.0,
0.0,
14.0,
0.0,
0.0,
28.0,
145.0,
252.0,
255.0,
216.0,
248.0,
238.0,
255.0,
255.0,
241.0,
255.0,
181.0,
12.0,
0.0,
0.0,
0.0,
0.0,
0.0,
0.0,
0.0,
0.0,
0.0,
0.0,
0.0,
0.0,
0.0,
2.0,
46.0,
167.0,
255.0,
196.0,
86.0,
62.0,
136.0,
52.0,
43.0,
50.0,
92.0,
247.0,
251.0,
38.0,
0.0,
0.0,
0.0,
0.0,
1.0,
0.0,
4.0,
0.0,
0.0,
3.0,
1.0,
0.0,
0.0,
29.0,
211.0,
251.0,
227.0,
14.0,
8.0,
0.0,
0.0,
13.0,
0.0,
3.0,
162.0,
255.0,
164.0,
10.0,
0.0,
0.0,
0.0,
0.0,
0.0,
1.0,
5.0,
0.0,
2.0,
7.0,
0.0,
0.0,
0.0,
191.0,
247.0,
223.0,
22.0,
0.0,
5.0,
0.0,
18.0,
8.0,
0.0,
126.0,
246.0,
198.0,
57.0,
0.0,
0.0,
0.0,
0.0,
0.0,
0.0,
3.0,
4.0,
0.0,
3.0,
5.0,
0.0,
11.0,
139.0,
247.0,
220.0,
1.0,
14.0,
0.0,
0.0,
10.0,
0.0,
17.0,
184.0,
241.0,
189.0,
46.0,
0.0,
10.0,
0.0,
0.0,
0.0,
0.0,
2.0,
1.0,
0.0,
1.0,
0.0,
0.0,
0.0,
82.0,
240.0,
254.0,
73.0,
17.0,
0.0,
0.0,
11.0,
0.0,
23.0,
184.0,
247.0,
210.0,
32.0,
0.0,
12.0,
0.0,
0.0,
0.0,
0.0,
0.0,
3.0,
0.0,
0.0,
5.0,
0.0,
0.0,
22.0,
183.0,
247.0,
119.0,
0.0,
0.0,
9.0,
0.0,
8.0,
0.0,
208.0,
240.0,
196.0,
6.0,
0.0,
13.0,
0.0,
0.0,
0.0,
0.0,
0.0,
0.0,
1.0,
0.0,
0.0,
8.0,
0.0,
0.0,
40.0,
251.0,
228.0,
0.0,
9.0,
0.0,
0.0,
0.0,
29.0,
226.0,
255.0,
176.0,
10.0,
0.0,
1.0,
0.0,
0.0,
16.0,
0.0,
0.0,
0.0,
0.0,
0.0,
3.0,
0.0,
6.0,
0.0,
3.0,
32.0,
247.0,
255.0,
9.0,
0.0,
17.0,
0.0,
12.0,
183.0,
235.0,
159.0,
9.0,
0.0,
0.0,
21.0,
0.0,
0.0,
1.0,
0.0,
0.0,
0.0,
0.0,
0.0,
10.0,
2.0,
2.0,
0.0,
4.0,
12.0,
214.0,
255.0,
215.0,
160.0,
67.0,
28.0,
159.0,
252.0,
145.0,
0.0,
7.0,
5.0,
4.0,
0.0,
3.0,
13.0,
0.0,
0.0,
0.0,
0.0,
0.0,
0.0,
0.0,
3.0,
0.0,
0.0,
0.0,
11.0,
23.0,
158.0,
255.0,
241.0,
255.0,
253.0,
255.0,
200.0,
0.0,
8.0,
0.0,
3.0,
6.0,
0.0,
0.0,
3.0,
0.0,
0.0,
0.0,
0.0,
0.0,
0.0,
3.0,
4.0,
1.0,
0.0,
0.0,
2.0,
8.0,
7.0,
61.0,
160.0,
254.0,
252.0,
249.0,
255.0,
248.0,
160.0,
56.0,
7.0,
10.0,
0.0,
0.0,
10.0,
0.0,
0.0,
0.0,
0.0,
0.0,
0.0,
1.0,
3.0,
2.0,
0.0,
0.0,
0.0,
0.0,
0.0,
0.0,
124.0,
252.0,
191.0,
117.0,
189.0,
204.0,
255.0,
255.0,
189.0,
24.0,
0.0,
19.0,
0.0,
19.0,
0.0,
0.0,
0.0,
0.0,
0.0,
0.0,
0.0,
0.0,
1.0,
0.0,
0.0,
0.0,
2.0,
14.0,
224.0,
175.0,
22.0,
0.0,
0.0,
17.0,
31.0,
208.0,
248.0,
241.0,
57.0,
4.0,
0.0,
0.0,
0.0,
0.0,
0.0,
0.0,
0.0,
0.0,
0.0,
0.0,
1.0,
2.0,
2.0,
0.0,
0.0,
137.0,
246.0,
77.0,
0.0,
13.0,
3.0,
0.0,
6.0,
0.0,
189.0,
255.0,
225.0,
0.0,
0.0,
11.0,
0.0,
0.0,
0.0,
0.0,
3.0,
1.0,
0.0,
0.0,
0.0,
0.0,
1.0,
1.0,
6.0,
255.0,
167.0,
0.0,
2.0,
0.0,
16.0,
0.0,
0.0,
11.0,
93.0,
255.0,
255.0,
35.0,
0.0,
0.0,
0.0,
0.0,
0.0,
0.0,
1.0,
1.0,
1.0,
0.0,
0.0,
0.0,
0.0,
0.0,
0.0,
235.0,
187.0,
39.0,
28.0,
10.0,
0.0,
39.0,
143.0,
159.0,
255.0,
216.0,
98.0,
14.0,
5.0,
0.0,
0.0,
0.0,
0.0,
0.0,
0.0,
0.0,
1.0,
1.0,
0.0,
0.0,
0.0,
1.0,
11.0,
204.0,
245.0,
236.0,
228.0,
214.0,
203.0,
234.0,
249.0,
253.0,
219.0,
48.0,
2.0,
0.0,
0.0,
10.0,
0.0,
0.0,
0.0,
0.0,
0.0,
0.0,
0.0,
0.0,
0.0,
0.0,
0.0,
0.0,
1.0,
23.0,
113.0,
162.0,
159.0,
218.0,
248.0,
176.0,
154.0,
80.0,
10.0,
0.0,
2.0,
3.0,
0.0,
0.0,
0.0,
0.0,
0.0,
0.0,
0.0,
0.0,
0.0,
0.0,
0.0,
0.0,
0.0,
0.0,
0.0,
0.0,
7.0,
8.0,
0.0,
10.0,
19.0,
0.0,
8.0,
0.0,
0.0,
0.0,
6.0,
2.0,
0.0,
5.0,
0.0,
0.0,
0.0,
0.0,
0.0,
0.0,
0.0,
0.0,
0.0,
0.0,
0.0,
0.0,
8.0,
11.0,
0.0,
0.0,
3.0,
0.0,
0.0,
1.0,
0.0,
0.0,
8.0,
12.0,
5.0,
0.0,
0.0,
3.0,
0.0,
0.0,
0.0,
0.0,
0.0,
0.0,
0.0,
0.0,
0.0,
0.0,
0.0,
0.0,
0.0,
0.0,
0.0,
0.0,
13.0,
2.0,
0.0,
10.0,
10.0,
8.0,
2.0,
0.0,
0.0,
0.0,
2.0,
1.0,
0.0,
0.0,
0.0,
0.0,
