0.0,
0.0,
0.0,
0.0,
0.0,
0.0,
0.0,
0.0,
8.0,
0.0,
0.0,
6.0,
0.0,
8.0,
7.0,
0.0,
8.0,
2.0,
0.0,
4.0,
11.0,
0.0,
10.0,
0.0,
5.0,
7.0,
0.0,
9.0,
0.0,
0.0,
0.0,
0.0,
0.0,
0.0,
0.0,
0.0,
0.0,
16.0,
4.0,
6.0,
3.0,
0.0,
0.0,
5.0,
0.0,
0.0,
1.0,
0.0,
3.0,
6.0,
0.0,
1.0,
0.0,
0.0,
0.0,
14.0,
0.0,
0.0,
0.0,
0.0,
0.0,
0.0,
0.0,
0.0,
6.0,
0.0,
0.0,
3.0,
0.0,
12.0,
11.0,
14.0,
1.0,
12.0,
18.0,
0.0,
0.0,
14.0,
0.0,
0.0,
13.0,
3.0,
0.0,
5.0,
0.0,
0.0,
0.0,
0.0,
0.0,
0.0,
0.0,
0.0,
4.0,
0.0,
3.0,
18.0,
0.0,
0.0,
0.0,
0.0,
0.0,
0.0,
2.0,
0.0,
0.0,
0.0,
0.0,
16.0,
0.0,
3.0,
6.0,
0.0,
0.0,
0.0,
0.0,
0.0,
0.0,
0.0,
0.0,
0.0,
2.0,
12.0,
0.0,
0.0,
11.0,
4.0,
0.0,
13.0,
16.0,
0.0,
3.0,
0.0,
10.0,
0.0,
23.0,
0.0,
0.0,
0.0,
7.0,
2.0,
0.0,
0.0,
0.0,
0.0,
0.0,
0.0,
0.0,
0.0,
0.0,
1.0,
7.0,
0.0,
0.0,
2.0,
16.0,
23.0,
7.0,
113.0,
139.0,
251.0,
137.0,
213.0,
234.0,
255.0,
102.0,
6.0,
0.0,
0.0,
0.0,
0.0,
0.0,
0.0,
0.0,
0.0,
0.0,
0.0,
3.0,
0.0,
12.0,
0.0,
17.0,
103.0,
227.0,
255.0,
255.0,
248.0,
255.0,
244.0,
250.0,
202.0,
229.0,
242.0,
170.0,
20.0,
0.0,
0.0,
0.0,
0.0,
0.0,
0.0,
0.0,
0.0,
0.0,
0.0,
5.0,
0.0,
0.0,
23.0,
162.0,
249.0,
255.0,
242.0,
247.0,
178.0,
137.0,
67.0,
64.0,
0.0,
44.0,
177.0,
104.0,
0.0,
8.0,
8.0,
0.0,
0.0,
0.0,
0.0,
0.0,
0.0,
0.0,
0.0,
1.0,
0.0,
0.0,
22.0,
230.0,
243.0,
166.0,
47.0,
35.0,
0.0,
12.0,
0.0,
0.0,
14.0,
10.0,
5.0,
0.0,
0.0,
0.0,
0.0,
0.0,
0.0,
0.0,
0.0,
0.0,
0.0,
0.0,
0.0,
0.0,
2.0,
17.0,
22.0,
220.0,
209.0,
21.0,
0.0,
3.0,
9.0,
35.0,
112.0,
190.0,
185.0,
0.0,
17.0,
0.0,
0.0,
0.0,
0.0,
0.0,
0.0,
0.0,
0.0,
0.0,
0.0,
0.0,
0.0,
5.0,
0.0,
0.0,
0.0,
84.0,
239.0,
87.0,
0.0,
0.0,
110.0,
162.0,
255.0,
255.0,
228.0,
85.0,
0.0,
0.0,
0.0,
0.0,
0.0,
0.0,
0.0,
0.0,
0.0,
0.0,
0.0,
0.0,
0.0,
0.0,
3.0,
18.0,
7.0,
0.0,
147.0,
199.0,
63.0,
165.0,
214.0,
255.0,
253.0,
206.0,
77.0,
0.0,
29.0,
0.0,
0.0,
0.0,
0.0,
0.0,
0.0,
0.0,
0.0,
0.0,
0.0,
0.0,
0.0,
0.0,
0.0,
4.0,
0.0,
1.0,
70.0,
255.0,
242.0,
251.0,
255.0,
226.0,
85.0,
36.0,
4.0,
3.0,
0.0,
0.0,
0.0,
0.0,
0.0,
0.0,
0.0,
0.0,
0.0,
0.0,
0.0,
0.0,
0.0,
2.0,
15.0,
0.0,
2.0,
14.0,
119.0,
241.0,
255.0,
245.0,
196.0,
23.0,
0.0,
9.0,
0.0,
13.0,
0.0,
0.0,
0.0,
0.0,
0.0,
0.0,
0.0,
0.0,
0.0,
0.0,
0.0,
0.0,
0.0,
0.0,
12.0,
0.0,
2.0,
2.0,
182.0,
255.0,
255.0,
255.0,
119.0,
0.0,
11.0,
0.0,
8.0,
0.0,
5.0,
0.0,
0.0,
0.0,
0.0,
0.0,
0.0,
0.0,
0.0,
0.0,
0.0,
0.0,
0.0,
2.0,
0.0,
14.0,
130.0,
245.0,
251.0,
230.0,
110.0,
206.0,
216.0,
26.0,
0.0,
6.0,
4.0,
0.0,
1.0,
0.0,
0.0,
0.0,
0.0,
3.0,
0.0,
8.0,
11.0,
0.0,
9.0,
1.0,
0.0,
0.0,
49.0,
156.0,
250.0,
240.0,
133.0,
0.0,
21.0,
211.0,
232.0,
64.0,
0.0,
1.0,
0.0,
2.0,
0.0,
0.0,
0.0,
0.0,
0.0,
0.0,
0.0,
0.0,
0.0,
0.0,
4.0,
0.0,
8.0,
37.0,
187.0,
255.0,
194.0,
86.0,
0.0,
9.0,
74.0,
245.0,
203.0,
39.0,
0.0,
0.0,
0.0,
1.0,
2.0,
0.0,
0.0,
0.0,
0.0,
2.0,
7.0,
7.0,
2.0,
13.0,
0.0,
0.0,
80.0,
193.0,
247.0,
201.0,
72.0,
19.0,
0.0,
58.0,
252.0,
255.0,
161.0,
20.0,
0.0,
2.0,
1.0,
0.0,
0.0,
0.0,
0.0,
0.0,
0.0,
0.0,
0.0,
6.0,
0.0,
0.0,
1.0,
74.0,
201.0,
255.0,
216.0,
49.0,
0.0,
0.0,
88.0,
230.0,
250.0,
219.0,
91.0,
6.0,
2.0,
1.0,
3.0,
0.0,
0.0,
0.0,
0.0,
0.0,
0.0,
4.0,
0.0,
1.0,
0.0,
0.0,
91.0,
202.0,
255.0,
130.0,
56.0,
12.0,
28.0,
142.0,
234.0,
255.0,
249.0,
96.0,
12.0,
0.0,
0.0,
0.0,
3.0,
5.0,
1.0,
0.0,
0.0,
0.0,
0.0,
6.0,
0.0,
6.0,
0.0,
13.0,
181.0,
251.0,
203.0,
23.0,
2.0,
85.0,
174.0,
248.0,
253.0,
255.0,
75.0,
9.0,
0.0,
0.0,
0.0,
2.0,
0.0,
6.0,
0.0,
0.0,
0.0,
0.0,
0.0,
0.0,
0.0,
0.0,
0.0,
4.0,
190.0,
232.0,
158.0,
200.0,
154.0,
229.0,
255.0,
250.0,
170.0,
70.0,
5.0,
0.0,
2.0,
7.0,
0.0,
9.0,
0.0,
2.0,
0.0,
0.0,
0.0,
0.0,
0.0,
0.0,
5.0,
0.0,
6.0,
0.0,
184.0,
254.0,
248.0,
241.0,
255.0,
252.0,
207.0,
44.0,
37.0,
0.0,
0.0,
0.0,
15.0,
1.0,
0.0,
12.0,
0.0,
2.0,
0.0,
0.0,
0.0,
0.0,
0.0,
0.0,
6.0,
0.0,
0.0,
27.0,
116.0,
206.0,
255.0,
254.0,
185.0,
34.0,
17.0,
0.0,
8.0,
8.0,
0.0,
0.0,
0.0,
0.0,
0.0,
0.0,
0.0,
0.0,
0.0,
0.0,
0.0,
0.0,
0.0,
0.0,
3.0,
5.0,
0.0,
0.0,
0.0,
1.0,
0.0,
7.0,
22.0,
0.0,
18.0,
0.0,
0.0,
1.0,
0.0,
0.0,
0.0,
0.0,
0.0,
0.0,
0.0,
0.0,
0.0,
0.0,
0.0,
0.0,
0.0,
3.0,
4.0,
2.0,
1.0,
4.0,
9.0,
9.0,
4.0,
0.0,
0.0,
0.0,
5.0,
0.0,
0.0,
6.0,
5.0,
0.0,
0.0,
0.0,
0.0,
0.0,
0.0,
0.0,
0.0,
0.0,
0.0,
0.0,
0.0,
0.0,
0.0,
0.0,
0.0,
2.0,
0.0,
0.0,
0.0,
14.0,
10.0,
0.0,
0.0,
11.0,
0.0,
8.0,
0.0,
0.0,
0.0,
0.0,
0.0,
0.0,
0.0,
0.0,
0.0,
0.0,
0.0,
0.0,
0.0,
