0.0,
0.0,
0.0,
0.0,
0.0,
0.0,
0.0,
0.0,
2.0,
0.0,
14.0,
0.0,
0.0,
17.0,
0.0,
0.0,
1.0,
0.0,
11.0,
0.0,
9.0,
0.0,
0.0,
0.0,
0.0,
0.0,
0.0,
0.0,
0.0,
0.0,
0.0,
0.0,
0.0,
0.0,
0.0,
0.0,
8.0,
0.0,
0.0,
10.0,
0.0,
0.0,
1.0,
0.0,
6.0,
5.0,
0.0,
2.0,
0.0,
5.0,
0.0,
9.0,
0.0,
0.0,
0.0,
0.0,
0.0,
0.0,
0.0,
0.0,
0.0,
0.0,
0.0,
0.0,
2.0,
13.0,
1.0,
4.0,
0.0,
0.0,
0.0,
14.0,
0.0,
6.0,
6.0,
6.0,
0.0,
21.0,
0.0,
0.0,
0.0,
0.0,
0.0,
0.0,
0.0,
0.0,
0.0,
0.0,
0.0,
0.0,
0.0,
0.0,
0.0,
9.0,
0.0,
0.0,
11.0,
10.0,
0.0,
0.0,
20.0,
0.0,
2.0,
9.0,
8.0,
0.0,
0.0,
13.0,
0.0,
0.0,
0.0,
0.0,
0.0,
0.0,
0.0,
0.0,
0.0,
0.0,
0.0,
0.0,
4.0,
0.0,
15.0,
16.0,
0.0,
1.0,
4.0,
11.0,
0.0,
0.0,
0.0,
0.0,
0.0,
15.0,
10.0,
0.0,
0.0,
0.0,
0.0,
0.0,
0.0,
0.0,
0.0,
0.0,
0.0,
0.0,
0.0,
0.0,
0.0,
14.0,
8.0,
0.0,
54.0,
79.0,
94.0,
248.0,
243.0,
255.0,
255.0,
160.0,
0.0,
5.0,
0.0,
4.0,
0.0,
0.0,
0.0,
0.0,
0.0,
0.0,
0.0,
0.0,
0.0,
0.0,
0.0,
0.0,
0.0,
3.0,
97.0,
181.0,
220.0,
254.0,
255.0,
255.0,
255.0,
237.0,
229.0,
255.0,
183.0,
153.0,
39.0,
0.0,
0.0,
0.0,
0.0,
0.0,
0.0,
0.0,
0.0,
0.0,
0.0,
0.0,
0.0,
0.0,
109.0,
217.0,
249.0,
246.0,
255.0,
249.0,
237.0,
255.0,
247.0,
254.0,
255.0,
255.0,
246.0,
255.0,
165.0,
26.0,
0.0,
0.0,
0.0,
0.0,
0.0,
11.0,
0.0,
10.0,
0.0,
0.0,
0.0,
110.0,
246.0,
253.0,
252.0,
250.0,
249.0,
246.0,
245.0,
255.0,
255.0,
244.0,
247.0,
246.0,
255.0,
255.0,
240.0,
194.0,
26.0,
0.0,
0.0,
5.0,
3.0,
3.0,
1.0,
0.0,
0.0,
14.0,
27.0,
215.0,
234.0,
253.0,
255.0,
237.0,
255.0,
255.0,
255.0,
236.0,
245.0,
255.0,
245.0,
255.0,
239.0,
255.0,
248.0,
250.0,
73.0,
28.0,
0.0,
0.0,
7.0,
0.0,
0.0,
24.0,
0.0,
33.0,
201.0,
249.0,
255.0,
243.0,
255.0,
255.0,
200.0,
19.0,
0.0,
4.0,
0.0,
77.0,
194.0,
252.0,
251.0,
255.0,
249.0,
133.0,
11.0,
0.0,
0.0,
0.0,
0.0,
0.0,
10.0,
0.0,
7.0,
111.0,
249.0,
255.0,
243.0,
244.0,
255.0,
255.0,
200.0,
59.0,
29.0,
2.0,
0.0,
7.0,
70.0,
254.0,
248.0,
255.0,
155.0,
0.0,
0.0,
0.0,
10.0,
12.0,
0.0,
0.0,
11.0,
0.0,
1.0,
89.0,
245.0,
255.0,
255.0,
255.0,
237.0,
247.0,
255.0,
247.0,
148.0,
0.0,
8.0,
137.0,
246.0,
248.0,
208.0,
126.0,
77.0,
0.0,
12.0,
4.0,
1.0,
0.0,
11.0,
0.0,
0.0,
29.0,
0.0,
3.0,
214.0,
248.0,
250.0,
249.0,
255.0,
255.0,
240.0,
255.0,
255.0,
236.0,
238.0,
216.0,
236.0,
197.0,
16.0,
0.0,
8.0,
0.0,
0.0,
0.0,
0.0,
0.0,
2.0,
0.0,
2.0,
0.0,
9.0,
8.0,
59.0,
176.0,
203.0,
197.0,
255.0,
253.0,
248.0,
255.0,
252.0,
237.0,
255.0,
255.0,
189.0,
0.0,
4.0,
0.0,
0.0,
11.0,
1.0,
3.0,
14.0,
15.0,
0.0,
17.0,
0.0,
0.0,
5.0,
0.0,
9.0,
0.0,
0.0,
3.0,
161.0,
223.0,
255.0,
245.0,
246.0,
255.0,
250.0,
243.0,
215.0,
39.0,
0.0,
2.0,
0.0,
0.0,
8.0,
0.0,
0.0,
0.0,
0.0,
1.0,
0.0,
1.0,
4.0,
0.0,
0.0,
6.0,
1.0,
6.0,
23.0,
199.0,
255.0,
246.0,
246.0,
253.0,
245.0,
254.0,
255.0,
200.0,
0.0,
0.0,
3.0,
0.0,
0.0,
0.0,
0.0,
0.0,
0.0,
4.0,
0.0,
0.0,
1.0,
0.0,
0.0,
0.0,
0.0,
70.0,
255.0,
240.0,
254.0,
217.0,
132.0,
255.0,
253.0,
254.0,
225.0,
255.0,
97.0,
0.0,
0.0,
0.0,
0.0,
0.0,
0.0,
0.0,
4.0,
7.0,
0.0,
0.0,
0.0,
7.0,
8.0,
13.0,
28.0,
168.0,
255.0,
246.0,
220.0,
28.0,
1.0,
113.0,
237.0,
255.0,
248.0,
251.0,
185.0,
25.0,
9.0,
0.0,
0.0,
0.0,
0.0,
0.0,
0.0,
0.0,
4.0,
9.0,
7.0,
0.0,
0.0,
0.0,
58.0,
255.0,
243.0,
217.0,
61.0,
11.0,
0.0,
54.0,
212.0,
255.0,
247.0,
237.0,
255.0,
160.0,
0.0,
0.0,
0.0,
0.0,
0.0,
0.0,
0.0,
0.0,
0.0,
4.0,
0.0,
0.0,
8.0,
56.0,
231.0,
255.0,
253.0,
77.0,
1.0,
0.0,
8.0,
0.0,
30.0,
245.0,
255.0,
255.0,
236.0,
229.0,
0.0,
15.0,
0.0,
0.0,
0.0,
0.0,
9.0,
0.0,
0.0,
0.0,
0.0,
0.0,
32.0,
95.0,
255.0,
244.0,
240.0,
218.0,
107.0,
34.0,
42.0,
31.0,
67.0,
240.0,
247.0,
248.0,
255.0,
195.0,
17.0,
0.0,
0.0,
0.0,
0.0,
0.0,
0.0,
0.0,
2.0,
9.0,
8.0,
0.0,
0.0,
3.0,
228.0,
242.0,
255.0,
246.0,
247.0,
251.0,
252.0,
251.0,
248.0,
255.0,
243.0,
255.0,
203.0,
30.0,
0.0,
10.0,
0.0,
0.0,
0.0,
0.0,
0.0,
4.0,
0.0,
0.0,
5.0,
9.0,
1.0,
0.0,
60.0,
234.0,
255.0,
247.0,
253.0,
249.0,
255.0,
247.0,
249.0,
251.0,
198.0,
184.0,
25.0,
0.0,
4.0,
0.0,
0.0,
0.0,
0.0,
0.0,
0.0,
0.0,
0.0,
0.0,
0.0,
0.0,
0.0,
0.0,
0.0,
76.0,
238.0,
248.0,
255.0,
241.0,
249.0,
149.0,
220.0,
109.0,
9.0,
0.0,
5.0,
2.0,
0.0,
6.0,
0.0,
0.0,
0.0,
0.0,
0.0,
0.0,
0.0,
0.0,
0.0,
0.0,
0.0,
0.0,
0.0,
0.0,
14.0,
4.0,
0.0,
0.0,
22.0,
0.0,
13.0,
0.0,
0.0,
4.0,
6.0,
0.0,
0.0,
1.0,
0.0,
0.0,
0.0,
0.0,
0.0,
0.0,
0.0,
0.0,
0.0,
0.0,
0.0,
0.0,
16.0,
0.0,
0.0,
5.0,
0.0,
0.0,
0.0,
0.0,
0.0,
0.0,
1.0,
0.0,
0.0,
0.0,
2.0,
3.0,
0.0,
0.0,
0.0,
0.0,
0.0,
0.0,
0.0,
0.0,
0.0,
0.0,
0.0,
0.0,
0.0,
7.0,
0.0,
13.0,
0.0,
15.0,
0.0,
1.0,
6.0,
6.0,
1.0,
0.0,
3.0,
11.0,
5.0,
0.0,
0.0,
0.0,
0.0,
0.0,
