0.0,
0.0,
0.0,
0.0,
0.0,
0.0,
0.0,
0.0,
4.0,
3.0,
3.0,
2.0,
0.0,
0.0,
0.0,
6.0,
11.0,
0.0,
0.0,
11.0,
0.0,
7.0,
4.0,
0.0,
0.0,
0.0,
0.0,
0.0,
0.0,
0.0,
0.0,
0.0,
0.0,
0.0,
0.0,
0.0,
9.0,
0.0,
0.0,
4.0,
16.0,
7.0,
0.0,
0.0,
0.0,
0.0,
0.0,
6.0,
0.0,
0.0,
2.0,
5.0,
0.0,
0.0,
0.0,
0.0,
0.0,
0.0,
0.0,
0.0,
0.0,
0.0,
0.0,
0.0,
0.0,
10.0,
10.0,
0.0,
0.0,
0.0,
5.0,
1.0,
1.0,
5.0,
11.0,
8.0,
6.0,
1.0,
0.0,
0.0,
0.0,
0.0,
0.0,
0.0,
0.0,
0.0,
0.0,
0.0,
0.0,
0.0,
0.0,
0.0,
0.0,
0.0,
0.0,
8.0,
11.0,
1.0,
0.0,
0.0,
0.0,
0.0,
0.0,
0.0,
0.0,
0.0,
7.0,
9.0,
0.0,
0.0,
0.0,
0.0,
0.0,
0.0,
0.0,
0.0,
0.0,
0.0,
0.0,
0.0,
6.0,
10.0,
6.0,
0.0,
0.0,
0.0,
2.0,
1.0,
0.0,
0.0,
9.0,
14.0,
3.0,
0.0,
0.0,
0.0,
0.0,
0.0,
0.0,
0.0,
0.0,
0.0,
0.0,
0.0,
0.0,
0.0,
0.0,
0.0,
0.0,
0.0,
0.0,
0.0,
6.0,
8.0,
4.0,
0.0,
16.0,
0.0,
0.0,
9.0,
0.0,
3.0,
1.0,
0.0,
0.0,
0.0,
0.0,
0.0,
0.0,
0.0,
0.0,
0.0,
0.0,
0.0,
0.0,
0.0,
6.0,
0.0,
67.0,
202.0,
255.0,
255.0,
236.0,
251.0,
236.0,
172.0,
116.0,
107.0,
7.0,
4.0,
2.0,
9.0,
0.0,
0.0,
0.0,
0.0,
0.0,
0.0,
0.0,
0.0,
0.0,
0.0,
0.0,
0.0,
10.0,
133.0,
241.0,
255.0,
241.0,
247.0,
255.0,
255.0,
255.0,
249.0,
251.0,
253.0,
72.0,
13.0,
0.0,
1.0,
0.0,
0.0,
0.0,
0.0,
5.0,
0.0,
2.0,
11.0,
0.0,
4.0,
0.0,
25.0,
198.0,
247.0,
249.0,
255.0,
248.0,
252.0,
255.0,
248.0,
255.0,
241.0,
221.0,
255.0,
220.0,
47.0,
0.0,
0.0,
0.0,
0.0,
0.0,
0.0,
3.0,
0.0,
0.0,
0.0,
0.0,
4.0,
6.0,
124.0,
255.0,
244.0,
235.0,
255.0,
228.0,
255.0,
245.0,
227.0,
105.0,
77.0,
55.0,
239.0,
255.0,
54.0,
3.0,
1.0,
0.0,
0.0,
0.0,
0.0,
0.0,
4.0,
2.0,
0.0,
2.0,
3.0,
17.0,
207.0,
247.0,
249.0,
96.0,
195.0,
255.0,
250.0,
111.0,
19.0,
2.0,
0.0,
1.0,
255.0,
255.0,
75.0,
0.0,
0.0,
0.0,
0.0,
0.0,
0.0,
0.0,
0.0,
7.0,
0.0,
2.0,
2.0,
8.0,
188.0,
252.0,
211.0,
0.0,
193.0,
251.0,
243.0,
62.0,
0.0,
0.0,
16.0,
175.0,
255.0,
245.0,
44.0,
8.0,
0.0,
0.0,
0.0,
0.0,
0.0,
3.0,
0.0,
7.0,
4.0,
0.0,
5.0,
0.0,
103.0,
249.0,
240.0,
172.0,
61.0,
171.0,
100.0,
4.0,
3.0,
0.0,
80.0,
255.0,
252.0,
130.0,
3.0,
13.0,
5.0,
0.0,
0.0,
0.0,
0.0,
9.0,
0.0,
0.0,
6.0,
0.0,
7.0,
0.0,
31.0,
225.0,
253.0,
229.0,
80.0,
0.0,
0.0,
15.0,
0.0,
53.0,
196.0,
232.0,
243.0,
14.0,
0.0,
0.0,
0.0,
0.0,
0.0,
0.0,
0.0,
2.0,
2.0,
0.0,
5.0,
0.0,
4.0,
0.0,
2.0,
136.0,
249.0,
255.0,
255.0,
193.0,
6.0,
0.0,
18.0,
197.0,
255.0,
229.0,
126.0,
21.0,
0.0,
4.0,
0.0,
0.0,
0.0,
0.0,
0.0,
0.0,
11.0,
0.0,
5.0,
4.0,
0.0,
0.0,
0.0,
0.0,
178.0,
251.0,
252.0,
227.0,
69.0,
57.0,
179.0,
252.0,
249.0,
185.0,
0.0,
0.0,
7.0,
0.0,
7.0,
0.0,
0.0,
0.0,
0.0,
0.0,
0.0,
0.0,
0.0,
0.0,
0.0,
0.0,
0.0,
4.0,
59.0,
188.0,
239.0,
255.0,
255.0,
233.0,
255.0,
255.0,
206.0,
9.0,
1.0,
3.0,
13.0,
0.0,
2.0,
0.0,
0.0,
0.0,
0.0,
0.0,
0.0,
0.0,
0.0,
0.0,
0.0,
0.0,
0.0,
0.0,
1.0,
6.0,
206.0,
246.0,
242.0,
255.0,
250.0,
163.0,
93.0,
0.0,
0.0,
0.0,
0.0,
0.0,
3.0,
0.0,
0.0,
0.0,
0.0,
0.0,
0.0,
0.0,
0.0,
0.0,
0.0,
0.0,
0.0,
0.0,
0.0,
0.0,
96.0,
238.0,
245.0,
251.0,
250.0,
70.0,
0.0,
0.0,
4.0,
11.0,
11.0,
3.0,
0.0,
0.0,
0.0,
0.0,
0.0,
0.0,
0.0,
0.0,
0.0,
0.0,
0.0,
0.0,
0.0,
5.0,
7.0,
6.0,
0.0,
181.0,
255.0,
242.0,
255.0,
170.0,
64.0,
2.0,
0.0,
0.0,
2.0,
0.0,
0.0,
0.0,
0.0,
0.0,
0.0,
0.0,
0.0,
0.0,
0.0,
0.0,
0.0,
0.0,
0.0,
0.0,
5.0,
7.0,
142.0,
250.0,
255.0,
254.0,
254.0,
255.0,
173.0,
2.0,
0.0,
0.0,
0.0,
0.0,
1.0,
0.0,
0.0,
0.0,
0.0,
0.0,
0.0,
0.0,
0.0,
0.0,
0.0,
0.0,
0.0,
11.0,
0.0,
24.0,
223.0,
234.0,
52.0,
108.0,
253.0,
245.0,
214.0,
0.0,
11.0,
9.0,
0.0,
0.0,
4.0,
0.0,
0.0,
0.0,
0.0,
0.0,
0.0,
0.0,
0.0,
0.0,
0.0,
0.0,
0.0,
0.0,
1.0,
94.0,
246.0,
233.0,
13.0,
49.0,
232.0,
255.0,
235.0,
0.0,
0.0,
0.0,
0.0,
0.0,
1.0,
0.0,
0.0,
0.0,
0.0,
0.0,
0.0,
0.0,
0.0,
0.0,
0.0,
0.0,
0.0,
0.0,
12.0,
77.0,
254.0,
233.0,
193.0,
223.0,
254.0,
251.0,
214.0,
2.0,
7.0,
0.0,
4.0,
12.0,
0.0,
0.0,
0.0,
0.0,
0.0,
0.0,
0.0,
0.0,
0.0,
0.0,
0.0,
0.0,
0.0,
0.0,
1.0,
40.0,
177.0,
234.0,
255.0,
242.0,
255.0,
229.0,
114.0,
11.0,
0.0,
7.0,
4.0,
0.0,
3.0,
0.0,
0.0,
0.0,
0.0,
0.0,
0.0,
0.0,
0.0,
0.0,
0.0,
0.0,
0.0,
0.0,
16.0,
0.0,
11.0,
100.0,
236.0,
204.0,
104.0,
30.0,
5.0,
0.0,
0.0,
0.0,
0.0,
0.0,
9.0,
0.0,
0.0,
0.0,
0.0,
0.0,
0.0,
0.0,
0.0,
0.0,
0.0,
0.0,
0.0,
8.0,
0.0,
0.0,
2.0,
0.0,
0.0,
0.0,
11.0,
0.0,
0.0,
5.0,
5.0,
3.0,
3.0,
0.0,
0.0,
0.0,
0.0,
0.0,
0.0,
0.0,
0.0,
0.0,
0.0,
0.0,
0.0,
0.0,
0.0,
0.0,
0.0,
8.0,
0.0,
12.0,
19.0,
17.0,
0.0,
11.0,
8.0,
0.0,
0.0,
1.0,
12.0,
7.0,
0.0,
0.0,
0.0,
0.0,
0.0,
