0.0,
0.0,
0.0,
0.0,
0.0,
0.0,
0.0,
0.0,
9.0,
0.0,
1.0,
3.0,
2.0,
5.0,
0.0,
4.0,
0.0,
11.0,
0.0,
6.0,
5.0,
5.0,
0.0,
1.0,
0.0,
0.0,
0.0,
0.0,
0.0,
0.0,
0.0,
0.0,
0.0,
0.0,
0.0,
0.0,
0.0,
3.0,
0.0,
0.0,
0.0,
4.0,
0.0,
1.0,
0.0,
0.0,
1.0,
0.0,
4.0,
0.0,
0.0,
15.0,
0.0,
0.0,
0.0,
0.0,
0.0,
0.0,
0.0,
0.0,
0.0,
0.0,
0.0,
0.0,
0.0,
19.0,
3.0,
0.0,
7.0,
1.0,
0.0,
4.0,
12.0,
0.0,
8.0,
0.0,
0.0,
3.0,
0.0,
5.0,
0.0,
0.0,
0.0,
0.0,
0.0,
0.0,
0.0,
0.0,
0.0,
0.0,
0.0,
0.0,
0.0,
4.0,
0.0,
0.0,
7.0,
0.0,
0.0,
0.0,
0.0,
2.0,
0.0,
0.0,
0.0,
14.0,
5.0,
0.0,
0.0,
0.0,
0.0,
0.0,
0.0,
0.0,
0.0,
0.0,
0.0,
0.0,
0.0,
0.0,
0.0,
0.0,
0.0,
5.0,
0.0,
1.0,
8.0,
0.0,
0.0,
9.0,
2.0,
5.0,
12.0,
0.0,
5.0,
0.0,
0.0,
0.0,
0.0,
0.0,
0.0,
0.0,
0.0,
0.0,
0.0,
0.0,
0.0,
0.0,
5.0,
2.0,
13.0,
0.0,
0.0,
5.0,
0.0,
0.0,
12.0,
118.0,
243.0,
238.0,
183.0,
12.0,
0.0,
15.0,
0.0,
0.0,
0.0,
0.0,
0.0,
0.0,
0.0,
0.0,
0.0,
0.0,
0.0,
0.0,
0.0,
0.0,
3.0,
0.0,
4.0,
9.0,
0.0,
53.0,
192.0,
218.0,
255.0,
255.0,
249.0,
141.0,
8.0,
0.0,
0.0,
0.0,
0.0,
0.0,
0.0,
0.0,
0.0,
0.0,
0.0,
0.0,
0.0,
0.0,
7.0,
0.0,
4.0,
11.0,
67.0,
49.0,
16.0,
169.0,
254.0,
255.0,
255.0,
249.0,
246.0,
255.0,
32.0,
5.0,
0.0,
0.0,
0.0,
0.0,
0.0,
7.0,
1.0,
0.0,
2.0,
15.0,
0.0,
5.0,
4.0,
0.0,
14.0,
80.0,
247.0,
255.0,
240.0,
255.0,
255.0,
244.0,
255.0,
250.0,
255.0,
253.0,
77.0,
0.0,
0.0,
0.0,
0.0,
0.0,
1.0,
5.0,
0.0,
6.0,
0.0,
0.0,
0.0,
0.0,
0.0,
15.0,
71.0,
246.0,
255.0,
244.0,
255.0,
244.0,
254.0,
122.0,
84.0,
255.0,
255.0,
244.0,
84.0,
3.0,
0.0,
0.0,
0.0,
0.0,
1.0,
4.0,
0.0,
12.0,
0.0,
0.0,
14.0,
0.0,
23.0,
104.0,
249.0,
255.0,
246.0,
247.0,
255.0,
255.0,
222.0,
22.0,
232.0,
255.0,
230.0,
128.0,
27.0,
3.0,
0.0,
0.0,
0.0,
0.0,
0.0,
6.0,
0.0,
8.0,
0.0,
3.0,
4.0,
7.0,
167.0,
246.0,
244.0,
255.0,
245.0,
255.0,
255.0,
226.0,
121.0,
147.0,
255.0,
227.0,
255.0,
59.0,
0.0,
0.0,
0.0,
0.0,
0.0,
0.0,
1.0,
1.0,
5.0,
1.0,
0.0,
0.0,
0.0,
97.0,
255.0,
255.0,
253.0,
200.0,
250.0,
255.0,
233.0,
111.0,
69.0,
255.0,
242.0,
255.0,
137.0,
0.0,
0.0,
14.0,
0.0,
0.0,
0.0,
0.0,
3.0,
0.0,
3.0,
4.0,
0.0,
0.0,
2.0,
194.0,
252.0,
231.0,
228.0,
36.0,
233.0,
255.0,
164.0,
36.0,
215.0,
236.0,
255.0,
178.0,
0.0,
1.0,
8.0,
0.0,
0.0,
0.0,
0.0,
0.0,
1.0,
0.0,
0.0,
6.0,
2.0,
0.0,
11.0,
151.0,
255.0,
247.0,
57.0,
0.0,
155.0,
246.0,
120.0,
117.0,
255.0,
255.0,
252.0,
24.0,
7.0,
0.0,
11.0,
0.0,
0.0,
0.0,
0.0,
0.0,
0.0,
7.0,
0.0,
1.0,
0.0,
5.0,
0.0,
19.0,
253.0,
249.0,
108.0,
19.0,
16.0,
230.0,
147.0,
255.0,
247.0,
255.0,
151.0,
0.0,
12.0,
8.0,
0.0,
14.0,
0.0,
0.0,
0.0,
0.0,
0.0,
0.0,
0.0,
0.0,
0.0,
0.0,
0.0,
0.0,
124.0,
252.0,
255.0,
237.0,
96.0,
160.0,
255.0,
252.0,
255.0,
159.0,
4.0,
5.0,
0.0,
0.0,
6.0,
2.0,
0.0,
0.0,
0.0,
0.0,
0.0,
0.0,
0.0,
0.0,
0.0,
0.0,
0.0,
0.0,
0.0,
132.0,
224.0,
255.0,
255.0,
244.0,
255.0,
255.0,
193.0,
47.0,
0.0,
0.0,
0.0,
8.0,
0.0,
0.0,
0.0,
0.0,
0.0,
0.0,
0.0,
0.0,
0.0,
0.0,
0.0,
0.0,
0.0,
0.0,
2.0,
5.0,
69.0,
119.0,
250.0,
253.0,
255.0,
239.0,
164.0,
0.0,
1.0,
0.0,
0.0,
12.0,
0.0,
1.0,
0.0,
0.0,
0.0,
0.0,
0.0,
0.0,
0.0,
0.0,
0.0,
0.0,
0.0,
0.0,
0.0,
7.0,
3.0,
53.0,
242.0,
250.0,
249.0,
255.0,
215.0,
57.0,
11.0,
0.0,
0.0,
4.0,
0.0,
5.0,
0.0,
0.0,
0.0,
0.0,
0.0,
0.0,
0.0,
0.0,
0.0,
0.0,
0.0,
0.0,
0.0,
0.0,
9.0,
159.0,
252.0,
254.0,
249.0,
204.0,
255.0,
180.0,
4.0,
0.0,
0.0,
0.0,
2.0,
2.0,
0.0,
0.0,
0.0,
0.0,
0.0,
0.0,
0.0,
0.0,
0.0,
0.0,
0.0,
0.0,
2.0,
12.0,
0.0,
172.0,
255.0,
252.0,
203.0,
188.0,
253.0,
246.0,
0.0,
5.0,
4.0,
0.0,
5.0,
0.0,
0.0,
0.0,
0.0,
0.0,
0.0,
0.0,
0.0,
0.0,
0.0,
0.0,
0.0,
0.0,
0.0,
0.0,
13.0,
169.0,
253.0,
254.0,
253.0,
255.0,
246.0,
249.0,
0.0,
4.0,
0.0,
4.0,
0.0,
0.0,
0.0,
0.0,
0.0,
0.0,
0.0,
0.0,
0.0,
0.0,
0.0,
0.0,
0.0,
0.0,
10.0,
0.0,
0.0,
70.0,
229.0,
255.0,
246.0,
255.0,
255.0,
238.0,
8.0,
1.0,
0.0,
5.0,
0.0,
10.0,
0.0,
0.0,
0.0,
0.0,
0.0,
0.0,
0.0,
0.0,
0.0,
0.0,
0.0,
0.0,
0.0,
0.0,
1.0,
0.0,
83.0,
220.0,
255.0,
255.0,
196.0,
91.0,
0.0,
0.0,
5.0,
1.0,
0.0,
3.0,
0.0,
0.0,
0.0,
0.0,
0.0,
0.0,
0.0,
0.0,
0.0,
0.0,
0.0,
0.0,
12.0,
1.0,
4.0,
0.0,
0.0,
10.0,
0.0,
0.0,
8.0,
0.0,
0.0,
7.0,
8.0,
0.0,
0.0,
2.0,
0.0,
0.0,
0.0,
0.0,
0.0,
0.0,
0.0,
0.0,
0.0,
0.0,
0.0,
0.0,
0.0,
0.0,
3.0,
10.0,
8.0,
1.0,
0.0,
10.0,
0.0,
2.0,
3.0,
0.0,
0.0,
0.0,
1.0,
4.0,
0.0,
0.0,
0.0,
0.0,
0.0,
0.0,
0.0,
0.0,
0.0,
0.0,
0.0,
0.0,
8.0,
5.0,
0.0,
0.0,
0.0,
1.0,
1.0,
0.0,
4.0,
4.0,
0.0,
0.0,
0.0,
7.0,
3.0,
0.0,
0.0,
0.0,
0.0,
0.0,
