0.0,
0.0,
0.0,
0.0,
0.0,
0.0,
0.0,
0.0,
0.0,
0.0,
1.0,
0.0,
0.0,
9.0,
1.0,
0.0,
14.0,
0.0,
0.0,
3.0,
0.0,
11.0,
0.0,
3.0,
0.0,
0.0,
0.0,
0.0,
0.0,
0.0,
0.0,
0.0,
0.0,
0.0,
0.0,
0.0,
4.0,
4.0,
0.0,
11.0,
6.0,
0.0,
0.0,
7.0,
0.0,
0.0,
2.0,
6.0,
0.0,
7.0,
8.0,
0.0,
0.0,
0.0,
0.0,
0.0,
0.0,
0.0,
0.0,
0.0,
0.0,
0.0,
0.0,
0.0,
0.0,
10.0,
0.0,
0.0,
0.0,
0.0,
14.0,
0.0,
10.0,
2.0,
6.0,
7.0,
0.0,
0.0,
11.0,
0.0,
0.0,
0.0,
0.0,
0.0,
0.0,
0.0,
0.0,
0.0,
0.0,
0.0,
0.0,
0.0,
7.0,
0.0,
0.0,
11.0,
13.0,
0.0,
0.0,
0.0,
0.0,
0.0,
0.0,
5.0,
9.0,
0.0,
0.0,
0.0,
0.0,
0.0,
0.0,
0.0,
0.0,
0.0,
0.0,
0.0,
0.0,
0.0,
0.0,
0.0,
0.0,
0.0,
16.0,
1.0,
0.0,
10.0,
0.0,
9.0,
0.0,
11.0,
3.0,
0.0,
8.0,
6.0,
2.0,
4.0,
0.0,
0.0,
0.0,
0.0,
0.0,
0.0,
0.0,
0.0,
0.0,
0.0,
0.0,
0.0,
10.0,
0.0,
0.0,
4.0,
52.0,
129.0,
181.0,
218.0,
255.0,
255.0,
204.0,
98.0,
0.0,
8.0,
0.0,
0.0,
0.0,
0.0,
0.0,
0.0,
0.0,
0.0,
0.0,
0.0,
0.0,
0.0,
0.0,
0.0,
0.0,
31.0,
98.0,
229.0,
255.0,
241.0,
250.0,
251.0,
250.0,
246.0,
255.0,
175.0,
0.0,
0.0,
2.0,
13.0,
0.0,
0.0,
0.0,
0.0,
0.0,
0.0,
0.0,
0.0,
0.0,
0.0,
0.0,
0.0,
53.0,
216.0,
249.0,
255.0,
201.0,
131.0,
135.0,
38.0,
43.0,
68.0,
232.0,
247.0,
11.0,
3.0,
0.0,
0.0,
0.0,
0.0,
0.0,
0.0,
2.0,
0.0,
0.0,
0.0,
11.0,
6.0,
0.0,
13.0,
164.0,
255.0,
238.0,
98.0,
8.0,
10.0,
0.0,
0.0,
0.0,
12.0,
190.0,
249.0,
10.0,
0.0,
5.0,
0.0,
0.0,
0.0,
0.0,
0.0,
0.0,
0.0,
2.0,
0.0,
3.0,
0.0,
4.0,
66.0,
255.0,
215.0,
46.0,
2.0,
0.0,
7.0,
0.0,
5.0,
0.0,
26.0,
245.0,
201.0,
1.0,
0.0,
6.0,
3.0,
0.0,
0.0,
0.0,
0.0,
0.0,
0.0,
6.0,
4.0,
1.0,
0.0,
10.0,
84.0,
245.0,
238.0,
141.0,
26.0,
4.0,
0.0,
3.0,
0.0,
11.0,
127.0,
255.0,
253.0,
50.0,
0.0,
2.0,
0.0,
0.0,
0.0,
0.0,
0.0,
1.0,
0.0,
2.0,
0.0,
3.0,
0.0,
0.0,
39.0,
238.0,
255.0,
246.0,
187.0,
15.0,
2.0,
4.0,
6.0,
0.0,
195.0,
254.0,
226.0,
60.0,
1.0,
0.0,
4.0,
0.0,
0.0,
0.0,
0.0,
1.0,
0.0,
3.0,
0.0,
0.0,
6.0,
0.0,
0.0,
49.0,
236.0,
248.0,
254.0,
255.0,
79.0,
3.0,
0.0,
66.0,
243.0,
255.0,
73.0,
6.0,
0.0,
0.0,
11.0,
0.0,
0.0,
0.0,
0.0,
0.0,
0.0,
10.0,
0.0,
0.0,
7.0,
0.0,
0.0,
0.0,
43.0,
157.0,
238.0,
252.0,
255.0,
121.0,
134.0,
231.0,
255.0,
153.0,
0.0,
0.0,
11.0,
0.0,
0.0,
0.0,
0.0,
0.0,
0.0,
0.0,
0.0,
10.0,
1.0,
0.0,
4.0,
3.0,
6.0,
18.0,
0.0,
0.0,
117.0,
223.0,
250.0,
255.0,
246.0,
255.0,
175.0,
5.0,
0.0,
4.0,
12.0,
4.0,
0.0,
0.0,
0.0,
0.0,
0.0,
5.0,
0.0,
3.0,
5.0,
0.0,
2.0,
0.0,
0.0,
4.0,
0.0,
15.0,
0.0,
39.0,
227.0,
250.0,
253.0,
250.0,
64.0,
15.0,
0.0,
0.0,
0.0,
0.0,
9.0,
0.0,
0.0,
0.0,
0.0,
0.0,
0.0,
0.0,
0.0,
0.0,
0.0,
0.0,
0.0,
15.0,
0.0,
4.0,
0.0,
88.0,
245.0,
252.0,
251.0,
254.0,
212.0,
0.0,
7.0,
0.0,
0.0,
10.0,
0.0,
0.0,
0.0,
0.0,
0.0,
0.0,
0.0,
0.0,
0.0,
0.0,
0.0,
0.0,
0.0,
0.0,
0.0,
12.0,
73.0,
253.0,
255.0,
141.0,
77.0,
250.0,
230.0,
26.0,
0.0,
17.0,
0.0,
0.0,
1.0,
0.0,
0.0,
0.0,
0.0,
0.0,
0.0,
0.0,
0.0,
0.0,
0.0,
0.0,
0.0,
11.0,
16.0,
58.0,
216.0,
255.0,
150.0,
8.0,
6.0,
119.0,
255.0,
128.0,
0.0,
0.0,
0.0,
3.0,
0.0,
0.0,
0.0,
0.0,
0.0,
0.0,
0.0,
0.0,
0.0,
0.0,
0.0,
0.0,
0.0,
0.0,
0.0,
182.0,
255.0,
170.0,
0.0,
0.0,
3.0,
29.0,
246.0,
116.0,
0.0,
12.0,
3.0,
0.0,
0.0,
0.0,
0.0,
0.0,
0.0,
0.0,
0.0,
0.0,
0.0,
0.0,
0.0,
0.0,
0.0,
0.0,
114.0,
252.0,
223.0,
29.0,
11.0,
4.0,
0.0,
15.0,
255.0,
113.0,
0.0,
0.0,
0.0,
16.0,
0.0,
0.0,
0.0,
0.0,
0.0,
0.0,
0.0,
0.0,
0.0,
0.0,
0.0,
0.0,
0.0,
16.0,
219.0,
255.0,
61.0,
0.0,
0.0,
0.0,
17.0,
216.0,
235.0,
14.0,
8.0,
12.0,
1.0,
0.0,
0.0,
0.0,
0.0,
0.0,
0.0,
0.0,
0.0,
0.0,
0.0,
0.0,
0.0,
0.0,
0.0,
95.0,
255.0,
175.0,
8.0,
0.0,
57.0,
91.0,
210.0,
255.0,
179.0,
13.0,
8.0,
0.0,
0.0,
4.0,
0.0,
0.0,
0.0,
0.0,
0.0,
0.0,
0.0,
0.0,
0.0,
0.0,
0.0,
0.0,
0.0,
146.0,
251.0,
219.0,
182.0,
231.0,
242.0,
253.0,
252.0,
211.0,
64.0,
0.0,
7.0,
0.0,
0.0,
5.0,
4.0,
0.0,
0.0,
0.0,
0.0,
0.0,
0.0,
0.0,
0.0,
0.0,
0.0,
0.0,
0.0,
171.0,
247.0,
255.0,
248.0,
251.0,
255.0,
230.0,
136.0,
0.0,
0.0,
0.0,
0.0,
0.0,
0.0,
0.0,
0.0,
0.0,
0.0,
0.0,
0.0,
0.0,
0.0,
0.0,
0.0,
0.0,
0.0,
0.0,
0.0,
0.0,
10.0,
0.0,
0.0,
1.0,
3.0,
6.0,
0.0,
0.0,
0.0,
0.0,
0.0,
0.0,
0.0,
0.0,
0.0,
0.0,
0.0,
0.0,
0.0,
0.0,
0.0,
0.0,
0.0,
0.0,
0.0,
0.0,
0.0,
12.0,
2.0,
0.0,
0.0,
2.0,
0.0,
6.0,
12.0,
0.0,
0.0,
0.0,
0.0,
0.0,
0.0,
0.0,
0.0,
0.0,
0.0,
0.0,
0.0,
0.0,
0.0,
0.0,
0.0,
0.0,
0.0,
0.0,
0.0,
0.0,
0.0,
0.0,
3.0,
2.0,
0.0,
0.0,
0.0,
0.0,
0.0,
0.0,
0.0,
0.0,
0.0,
0.0,
0.0,
0.0,
0.0,
0.0,
0.0,
