12.0,
1.0,
0.0,
0.0,
1.0,
0.0,
0.0,
0.0,
8.0,
0.0,
0.0,
4.0,
0.0,
6.0,
0.0,
6.0,
3.0,
1.0,
0.0,
0.0,
4.0,
0.0,
0.0,
4.0,
0.0,
0.0,
0.0,
0.0,
0.0,
0.0,
0.0,
3.0,
6.0,
4.0,
2.0,
2.0,
0.0,
0.0,
13.0,
0.0,
0.0,
0.0,
0.0,
0.0,
0.0,
0.0,
0.0,
0.0,
0.0,
3.0,
0.0,
0.0,
0.0,
0.0,
0.0,
0.0,
0.0,
0.0,
2.0,
0.0,
0.0,
0.0,
0.0,
0.0,
5.0,
0.0,
0.0,
5.0,
0.0,
6.0,
15.0,
0.0,
0.0,
0.0,
0.0,
5.0,
0.0,
0.0,
6.0,
9.0,
0.0,
0.0,
0.0,
0.0,
0.0,
2.0,
0.0,
0.0,
0.0,
0.0,
0.0,
0.0,
6.0,
0.0,
0.0,
12.0,
0.0,
0.0,
4.0,
0.0,
6.0,
4.0,
6.0,
1.0,
0.0,
1.0,
4.0,
0.0,
0.0,
0.0,
0.0,
0.0,
0.0,
0.0,
0.0,
0.0,
1.0,
7.0,
6.0,
1.0,
0.0,
35.0,
137.0,
158.0,
223.0,
154.0,
128.0,
16.0,
0.0,
0.0,
1.0,
3.0,
0.0,
1.0,
6.0,
6.0,
0.0,
0.0,
0.0,
0.0,
0.0,
0.0,
0.0,
4.0,
4.0,
0.0,
0.0,
0.0,
59.0,
199.0,
249.0,
255.0,
241.0,
255.0,
242.0,
195.0,
79.0,
150.0,
147.0,
58.0,
0.0,
0.0,
0.0,
0.0,
0.0,
0.0,
0.0,
0.0,
2.0,
0.0,
1.0,
6.0,
0.0,
0.0,
0.0,
12.0,
203.0,
255.0,
249.0,
60.0,
41.0,
25.0,
206.0,
255.0,
249.0,
250.0,
255.0,
255.0,
189.0,
32.0,
0.0,
33.0,
0.0,
0.0,
0.0,
0.0,
1.0,
0.0,
0.0,
6.0,
0.0,
0.0,
20.0,
57.0,
254.0,
244.0,
115.0,
4.0,
1.0,
16.0,
92.0,
123.0,
9.0,
78.0,
143.0,
212.0,
245.0,
150.0,
21.0,
0.0,
0.0,
0.0,
0.0,
0.0,
0.0,
0.0,
1.0,
0.0,
10.0,
0.0,
0.0,
114.0,
255.0,
196.0,
2.0,
3.0,
1.0,
4.0,
3.0,
0.0,
0.0,
2.0,
10.0,
25.0,
255.0,
228.0,
0.0,
6.0,
2.0,
2.0,
0.0,
3.0,
0.0,
0.0,
2.0,
0.0,
6.0,
2.0,
12.0,
119.0,
251.0,
161.0,
12.0,
0.0,
0.0,
0.0,
2.0,
11.0,
0.0,
2.0,
42.0,
140.0,
255.0,
242.0,
17.0,
0.0,
0.0,
0.0,
0.0,
0.0,
3.0,
0.0,
6.0,
0.0,
0.0,
0.0,
5.0,
77.0,
255.0,
255.0,
29.0,
11.0,
0.0,
14.0,
0.0,
0.0,
6.0,
0.0,
129.0,
255.0,
245.0,
246.0,
30.0,
5.0,
0.0,
3.0,
0.0,
0.0,
2.0,
0.0,
7.0,
2.0,
0.0,
0.0,
0.0,
18.0,
179.0,
238.0,
229.0,
68.0,
0.0,
31.0,
97.0,
124.0,
191.0,
215.0,
255.0,
252.0,
255.0,
255.0,
218.0,
11.0,
0.0,
2.0,
4.0,
0.0,
0.0,
0.0,
2.0,
5.0,
5.0,
5.0,
0.0,
0.0,
86.0,
255.0,
255.0,
237.0,
242.0,
253.0,
255.0,
255.0,
255.0,
255.0,
233.0,
225.0,
127.0,
219.0,
232.0,
196.0,
9.0,
0.0,
3.0,
0.0,
4.0,
0.0,
0.0,
0.0,
3.0,
4.0,
0.0,
0.0,
0.0,
58.0,
234.0,
236.0,
255.0,
242.0,
249.0,
251.0,
250.0,
223.0,
99.0,
11.0,
14.0,
38.0,
248.0,
247.0,
50.0,
0.0,
2.0,
3.0,
3.0,
5.0,
0.0,
0.0,
1.0,
0.0,
0.0,
4.0,
60.0,
176.0,
255.0,
255.0,
188.0,
116.0,
53.0,
57.0,
53.0,
19.0,
19.0,
0.0,
0.0,
0.0,
135.0,
255.0,
107.0,
7.0,
0.0,
5.0,
0.0,
5.0,
0.0,
0.0,
8.0,
0.0,
1.0,
20.0,
211.0,
251.0,
255.0,
141.0,
0.0,
4.0,
0.0,
0.0,
1.0,
0.0,
0.0,
0.0,
0.0,
19.0,
142.0,
248.0,
144.0,
10.0,
0.0,
0.0,
2.0,
0.0,
0.0,
2.0,
0.0,
4.0,
0.0,
225.0,
255.0,
240.0,
129.0,
6.0,
0.0,
0.0,
5.0,
0.0,
4.0,
3.0,
0.0,
4.0,
2.0,
19.0,
219.0,
204.0,
1.0,
1.0,
1.0,
0.0,
0.0,
0.0,
2.0,
8.0,
0.0,
13.0,
141.0,
245.0,
241.0,
122.0,
16.0,
0.0,
14.0,
6.0,
0.0,
5.0,
0.0,
20.0,
2.0,
0.0,
37.0,
208.0,
252.0,
138.0,
1.0,
1.0,
1.0,
0.0,
3.0,
3.0,
0.0,
0.0,
0.0,
45.0,
241.0,
252.0,
156.0,
4.0,
2.0,
20.0,
0.0,
0.0,
8.0,
2.0,
14.0,
0.0,
11.0,
8.0,
225.0,
237.0,
211.0,
7.0,
1.0,
1.0,
0.0,
0.0,
0.0,
8.0,
0.0,
0.0,
10.0,
108.0,
255.0,
255.0,
78.0,
0.0,
0.0,
0.0,
5.0,
17.0,
0.0,
2.0,
0.0,
0.0,
92.0,
189.0,
243.0,
210.0,
37.0,
2.0,
0.0,
0.0,
0.0,
0.0,
0.0,
5.0,
3.0,
4.0,
13.0,
88.0,
253.0,
247.0,
85.0,
0.0,
3.0,
6.0,
0.0,
6.0,
0.0,
0.0,
20.0,
171.0,
255.0,
255.0,
189.0,
40.0,
3.0,
0.0,
0.0,
0.0,
0.0,
0.0,
4.0,
0.0,
0.0,
3.0,
1.0,
23.0,
255.0,
255.0,
187.0,
140.0,
65.0,
23.0,
29.0,
37.0,
63.0,
193.0,
249.0,
250.0,
188.0,
87.0,
3.0,
0.0,
0.0,
22.0,
0.0,
0.0,
0.0,
0.0,
2.0,
0.0,
0.0,
0.0,
8.0,
13.0,
193.0,
236.0,
254.0,
255.0,
238.0,
254.0,
255.0,
255.0,
235.0,
252.0,
192.0,
117.0,
5.0,
9.0,
1.0,
2.0,
7.0,
0.0,
0.0,
0.0,
0.0,
0.0,
0.0,
2.0,
2.0,
0.0,
3.0,
0.0,
0.0,
92.0,
162.0,
255.0,
255.0,
250.0,
255.0,
245.0,
145.0,
63.0,
3.0,
0.0,
17.0,
0.0,
0.0,
0.0,
14.0,
0.0,
0.0,
0.0,
0.0,
0.0,
0.0,
0.0,
0.0,
0.0,
0.0,
0.0,
0.0,
0.0,
0.0,
0.0,
0.0,
0.0,
0.0,
0.0,
0.0,
0.0,
0.0,
0.0,
0.0,
0.0,
0.0,
0.0,
0.0,
0.0,
0.0,
0.0,
0.0,
0.0,
0.0,
0.0,
0.0,
0.0,
0.0,
0.0,
0.0,
0.0,
0.0,
0.0,
0.0,
0.0,
0.0,
0.0,
0.0,
0.0,
0.0,
0.0,
0.0,
0.0,
0.0,
0.0,
0.0,
0.0,
0.0,
0.0,
0.0,
0.0,
0.0,
0.0,
0.0,
0.0,
0.0,
0.0,
0.0,
0.0,
0.0,
0.0,
0.0,
0.0,
0.0,
0.0,
0.0,
0.0,
0.0,
0.0,
0.0,
0.0,
0.0,
0.0,
0.0,
0.0,
0.0,
0.0,
0.0,
0.0,
0.0,
0.0,
0.0,
0.0,
0.0,
0.0,
0.0,
0.0,
0.0,
0.0,
0.0,
0.0,
0.0,
0.0,
0.0,
0.0,
0.0,
0.0,
0.0,
0.0,
0.0,
0.0,
0.0,
0.0,
0.0,
0.0,
0.0,
0.0,
