2.0,
0.0,
0.0,
5.0,
6.0,
0.0,
0.0,
2.0,
0.0,
3.0,
0.0,
0.0,
8.0,
6.0,
0.0,
0.0,
0.0,
0.0,
1.0,
0.0,
2.0,
0.0,
10.0,
1.0,
0.0,
0.0,
0.0,
0.0,
1.0,
6.0,
3.0,
0.0,
0.0,
2.0,
3.0,
0.0,
0.0,
1.0,
5.0,
0.0,
0.0,
0.0,
0.0,
13.0,
13.0,
1.0,
5.0,
0.0,
10.0,
0.0,
4.0,
0.0,
0.0,
0.0,
0.0,
0.0,
0.0,
0.0,
0.0,
3.0,
5.0,
3.0,
1.0,
2.0,
15.0,
6.0,
0.0,
0.0,
6.0,
8.0,
0.0,
0.0,
0.0,
0.0,
0.0,
0.0,
0.0,
0.0,
4.0,
0.0,
0.0,
0.0,
0.0,
0.0,
0.0,
0.0,
0.0,
0.0,
0.0,
0.0,
0.0,
0.0,
0.0,
0.0,
0.0,
1.0,
8.0,
3.0,
0.0,
1.0,
0.0,
0.0,
18.0,
10.0,
3.0,
4.0,
0.0,
0.0,
0.0,
0.0,
0.0,
0.0,
0.0,
7.0,
8.0,
0.0,
0.0,
8.0,
14.0,
4.0,
4.0,
5.0,
0.0,
0.0,
0.0,
0.0,
0.0,
6.0,
10.0,
0.0,
0.0,
0.0,
3.0,
4.0,
0.0,
10.0,
0.0,
0.0,
0.0,
0.0,
0.0,
0.0,
0.0,
12.0,
4.0,
0.0,
0.0,
6.0,
0.0,
16.0,
61.0,
135.0,
215.0,
255.0,
254.0,
246.0,
237.0,
183.0,
48.0,
0.0,
0.0,
8.0,
0.0,
0.0,
0.0,
0.0,
0.0,
0.0,
12.0,
0.0,
0.0,
8.0,
3.0,
0.0,
19.0,
69.0,
208.0,
232.0,
249.0,
250.0,
232.0,
183.0,
129.0,
102.0,
220.0,
252.0,
84.0,
0.0,
33.0,
106.0,
82.0,
0.0,
0.0,
0.0,
0.0,
0.0,
0.0,
12.0,
4.0,
0.0,
13.0,
114.0,
213.0,
255.0,
255.0,
199.0,
104.0,
30.0,
3.0,
0.0,
0.0,
1.0,
4.0,
195.0,
108.0,
29.0,
127.0,
255.0,
193.0,
2.0,
0.0,
0.0,
0.0,
0.0,
2.0,
0.0,
3.0,
15.0,
67.0,
240.0,
255.0,
164.0,
53.0,
7.0,
0.0,
8.0,
0.0,
5.0,
0.0,
2.0,
0.0,
216.0,
64.0,
138.0,
249.0,
206.0,
45.0,
7.0,
0.0,
0.0,
0.0,
0.0,
1.0,
0.0,
0.0,
0.0,
238.0,
249.0,
138.0,
8.0,
0.0,
10.0,
4.0,
0.0,
0.0,
10.0,
0.0,
10.0,
0.0,
45.0,
219.0,
235.0,
223.0,
37.0,
0.0,
0.0,
0.0,
0.0,
0.0,
0.0,
0.0,
13.0,
0.0,
0.0,
203.0,
255.0,
185.0,
97.0,
0.0,
1.0,
7.0,
0.0,
0.0,
19.0,
0.0,
0.0,
70.0,
217.0,
237.0,
190.0,
5.0,
0.0,
11.0,
6.0,
0.0,
0.0,
0.0,
0.0,
0.0,
9.0,
0.0,
17.0,
36.0,
177.0,
215.0,
240.0,
255.0,
217.0,
144.0,
84.0,
52.0,
17.0,
0.0,
46.0,
255.0,
237.0,
134.0,
2.0,
8.0,
0.0,
0.0,
0.0,
0.0,
0.0,
0.0,
0.0,
7.0,
3.0,
0.0,
3.0,
0.0,
0.0,
4.0,
79.0,
205.0,
255.0,
255.0,
237.0,
255.0,
244.0,
204.0,
241.0,
253.0,
210.0,
95.0,
0.0,
0.0,
18.0,
11.0,
11.0,
0.0,
0.0,
0.0,
0.0,
0.0,
0.0,
0.0,
17.0,
14.0,
8.0,
0.0,
17.0,
11.0,
0.0,
53.0,
112.0,
185.0,
238.0,
255.0,
250.0,
250.0,
255.0,
247.0,
216.0,
129.0,
31.0,
0.0,
0.0,
0.0,
0.0,
0.0,
0.0,
12.0,
0.0,
2.0,
9.0,
0.0,
15.0,
5.0,
0.0,
0.0,
0.0,
17.0,
0.0,
96.0,
244.0,
228.0,
71.0,
112.0,
138.0,
231.0,
249.0,
255.0,
242.0,
79.0,
3.0,
0.0,
0.0,
0.0,
0.0,
2.0,
0.0,
12.0,
0.0,
0.0,
0.0,
2.0,
3.0,
0.0,
11.0,
0.0,
27.0,
212.0,
192.0,
46.0,
1.0,
2.0,
0.0,
2.0,
34.0,
161.0,
234.0,
255.0,
63.0,
0.0,
0.0,
0.0,
0.0,
0.0,
0.0,
0.0,
0.0,
0.0,
0.0,
0.0,
0.0,
2.0,
0.0,
0.0,
191.0,
236.0,
54.0,
0.0,
0.0,
0.0,
3.0,
0.0,
6.0,
0.0,
77.0,
252.0,
238.0,
0.0,
0.0,
0.0,
0.0,
0.0,
0.0,
0.0,
0.0,
0.0,
0.0,
0.0,
0.0,
1.0,
3.0,
132.0,
239.0,
84.0,
0.0,
0.0,
0.0,
7.0,
0.0,
0.0,
0.0,
0.0,
77.0,
255.0,
229.0,
0.0,
0.0,
0.0,
0.0,
0.0,
0.0,
0.0,
0.0,
0.0,
0.0,
0.0,
0.0,
0.0,
91.0,
247.0,
130.0,
0.0,
0.0,
21.0,
3.0,
0.0,
18.0,
0.0,
8.0,
47.0,
224.0,
229.0,
72.0,
0.0,
0.0,
0.0,
0.0,
0.0,
0.0,
0.0,
0.0,
0.0,
0.0,
0.0,
0.0,
3.0,
213.0,
255.0,
35.0,
0.0,
7.0,
0.0,
0.0,
2.0,
0.0,
0.0,
67.0,
208.0,
255.0,
203.0,
41.0,
0.0,
0.0,
0.0,
0.0,
0.0,
0.0,
0.0,
0.0,
0.0,
0.0,
0.0,
0.0,
62.0,
247.0,
126.0,
1.0,
0.0,
15.0,
0.0,
16.0,
0.0,
46.0,
180.0,
219.0,
236.0,
255.0,
15.0,
0.0,
0.0,
0.0,
0.0,
0.0,
0.0,
0.0,
0.0,
0.0,
0.0,
0.0,
0.0,
0.0,
58.0,
246.0,
100.0,
5.0,
4.0,
0.0,
9.0,
28.0,
223.0,
255.0,
248.0,
217.0,
190.0,
59.0,
2.0,
6.0,
0.0,
0.0,
0.0,
0.0,
0.0,
0.0,
0.0,
0.0,
0.0,
0.0,
0.0,
0.0,
43.0,
255.0,
210.0,
84.0,
110.0,
109.0,
209.0,
255.0,
238.0,
224.0,
126.0,
48.0,
0.0,
5.0,
11.0,
0.0,
0.0,
0.0,
0.0,
0.0,
0.0,
0.0,
0.0,
0.0,
0.0,
0.0,
0.0,
0.0,
26.0,
196.0,
255.0,
251.0,
255.0,
254.0,
234.0,
203.0,
116.0,
0.0,
20.0,
0.0,
0.0,
1.0,
0.0,
4.0,
0.0,
0.0,
0.0,
0.0,
0.0,
0.0,
0.0,
0.0,
0.0,
0.0,
0.0,
0.0,
0.0,
41.0,
127.0,
162.0,
155.0,
114.0,
38.0,
7.0,
0.0,
0.0,
0.0,
0.0,
0.0,
0.0,
0.0,
0.0,
0.0,
0.0,
0.0,
0.0,
0.0,
0.0,
0.0,
0.0,
0.0,
0.0,
0.0,
0.0,
0.0,
0.0,
8.0,
0.0,
0.0,
0.0,
0.0,
4.0,
0.0,
0.0,
0.0,
0.0,
0.0,
0.0,
0.0,
0.0,
0.0,
0.0,
0.0,
0.0,
0.0,
0.0,
0.0,
0.0,
0.0,
0.0,
0.0,
0.0,
5.0,
0.0,
8.0,
1.0,
0.0,
5.0,
0.0,
8.0,
0.0,
0.0,
0.0,
0.0,
0.0,
0.0,
0.0,
0.0,
0.0,
0.0,
0.0,
0.0,
0.0,
0.0,
0.0,
0.0,
0.0,
0.0,
0.0,
0.0,
0.0,
0.0,
0.0,
0.0,
1.0,
1.0,
0.0,
0.0,
0.0,
0.0,
0.0,
0.0,
0.0,
0.0,
0.0,
0.0,
0.0,
0.0,
0.0,
0.0,
