0.0,
0.0,
0.0,
0.0,
0.0,
0.0,
0.0,
0.0,
0.0,
16.0,
0.0,
3.0,
2.0,
0.0,
0.0,
0.0,
7.0,
0.0,
1.0,
4.0,
0.0,
0.0,
0.0,
4.0,
0.0,
0.0,
0.0,
0.0,
0.0,
0.0,
0.0,
0.0,
0.0,
0.0,
0.0,
0.0,
0.0,
9.0,
0.0,
0.0,
2.0,
4.0,
0.0,
6.0,
0.0,
0.0,
0.0,
4.0,
0.0,
6.0,
0.0,
0.0,
0.0,
0.0,
0.0,
0.0,
0.0,
0.0,
0.0,
0.0,
0.0,
0.0,
0.0,
0.0,
7.0,
0.0,
0.0,
10.0,
13.0,
0.0,
0.0,
0.0,
0.0,
16.0,
16.0,
0.0,
0.0,
0.0,
1.0,
3.0,
0.0,
0.0,
0.0,
0.0,
0.0,
0.0,
0.0,
0.0,
0.0,
0.0,
0.0,
0.0,
0.0,
0.0,
3.0,
0.0,
0.0,
0.0,
22.0,
4.0,
0.0,
0.0,
0.0,
0.0,
23.0,
0.0,
4.0,
0.0,
0.0,
0.0,
0.0,
0.0,
0.0,
0.0,
0.0,
0.0,
0.0,
0.0,
0.0,
0.0,
0.0,
29.0,
0.0,
0.0,
8.0,
0.0,
5.0,
0.0,
11.0,
6.0,
0.0,
0.0,
6.0,
0.0,
3.0,
4.0,
0.0,
0.0,
0.0,
0.0,
0.0,
0.0,
0.0,
0.0,
0.0,
0.0,
0.0,
0.0,
0.0,
7.0,
0.0,
102.0,
212.0,
198.0,
178.0,
242.0,
251.0,
247.0,
141.0,
76.0,
0.0,
8.0,
18.0,
0.0,
0.0,
0.0,
0.0,
0.0,
0.0,
0.0,
0.0,
0.0,
0.0,
0.0,
0.0,
0.0,
1.0,
0.0,
85.0,
245.0,
218.0,
142.0,
48.0,
77.0,
79.0,
185.0,
244.0,
236.0,
74.0,
0.0,
0.0,
0.0,
0.0,
0.0,
0.0,
0.0,
0.0,
0.0,
0.0,
0.0,
0.0,
0.0,
0.0,
0.0,
0.0,
2.0,
205.0,
252.0,
10.0,
9.0,
0.0,
0.0,
12.0,
0.0,
71.0,
192.0,
168.0,
3.0,
7.0,
3.0,
0.0,
0.0,
0.0,
0.0,
0.0,
0.0,
0.0,
0.0,
0.0,
0.0,
0.0,
0.0,
7.0,
105.0,
247.0,
64.0,
7.0,
1.0,
0.0,
0.0,
6.0,
4.0,
0.0,
100.0,
231.0,
0.0,
0.0,
6.0,
0.0,
0.0,
0.0,
0.0,
0.0,
0.0,
0.0,
0.0,
0.0,
0.0,
0.0,
0.0,
0.0,
247.0,
191.0,
4.0,
0.0,
0.0,
15.0,
6.0,
2.0,
0.0,
11.0,
98.0,
173.0,
0.0,
8.0,
0.0,
0.0,
0.0,
0.0,
0.0,
0.0,
0.0,
0.0,
0.0,
0.0,
0.0,
0.0,
0.0,
48.0,
255.0,
46.0,
0.0,
8.0,
0.0,
2.0,
0.0,
0.0,
5.0,
1.0,
157.0,
118.0,
11.0,
0.0,
10.0,
0.0,
0.0,
0.0,
0.0,
0.0,
0.0,
0.0,
0.0,
0.0,
0.0,
0.0,
0.0,
128.0,
249.0,
11.0,
18.0,
0.0,
3.0,
16.0,
0.0,
6.0,
4.0,
67.0,
188.0,
23.0,
0.0,
6.0,
0.0,
0.0,
0.0,
0.0,
0.0,
0.0,
0.0,
0.0,
0.0,
0.0,
0.0,
0.0,
0.0,
135.0,
242.0,
14.0,
10.0,
0.0,
8.0,
0.0,
0.0,
13.0,
87.0,
254.0,
118.0,
5.0,
13.0,
0.0,
10.0,
0.0,
0.0,
0.0,
0.0,
0.0,
0.0,
0.0,
0.0,
0.0,
0.0,
0.0,
0.0,
56.0,
254.0,
79.0,
0.0,
0.0,
0.0,
15.0,
113.0,
215.0,
255.0,
193.0,
36.0,
0.0,
0.0,
25.0,
0.0,
0.0,
0.0,
0.0,
0.0,
0.0,
0.0,
0.0,
0.0,
0.0,
0.0,
0.0,
0.0,
1.0,
218.0,
229.0,
92.0,
56.0,
82.0,
184.0,
240.0,
255.0,
160.0,
231.0,
217.0,
64.0,
14.0,
0.0,
0.0,
0.0,
0.0,
0.0,
0.0,
0.0,
0.0,
0.0,
0.0,
0.0,
0.0,
0.0,
0.0,
12.0,
17.0,
227.0,
250.0,
246.0,
255.0,
255.0,
138.0,
56.0,
8.0,
22.0,
208.0,
226.0,
34.0,
12.0,
4.0,
0.0,
0.0,
0.0,
0.0,
0.0,
0.0,
0.0,
0.0,
0.0,
0.0,
0.0,
0.0,
2.0,
3.0,
17.0,
143.0,
255.0,
212.0,
62.0,
2.0,
0.0,
12.0,
0.0,
23.0,
200.0,
117.0,
0.0,
4.0,
0.0,
0.0,
0.0,
0.0,
0.0,
0.0,
0.0,
0.0,
0.0,
0.0,
0.0,
0.0,
0.0,
0.0,
0.0,
237.0,
235.0,
40.0,
4.0,
0.0,
7.0,
0.0,
0.0,
6.0,
109.0,
144.0,
7.0,
0.0,
0.0,
0.0,
0.0,
0.0,
0.0,
0.0,
0.0,
0.0,
0.0,
0.0,
0.0,
0.0,
0.0,
11.0,
109.0,
249.0,
82.0,
0.0,
2.0,
2.0,
0.0,
14.0,
0.0,
11.0,
111.0,
124.0,
7.0,
0.0,
0.0,
0.0,
0.0,
0.0,
0.0,
0.0,
0.0,
0.0,
0.0,
0.0,
0.0,
0.0,
3.0,
0.0,
235.0,
244.0,
9.0,
2.0,
0.0,
3.0,
2.0,
0.0,
23.0,
0.0,
213.0,
63.0,
0.0,
8.0,
0.0,
0.0,
0.0,
0.0,
0.0,
0.0,
0.0,
0.0,
0.0,
0.0,
0.0,
0.0,
0.0,
65.0,
248.0,
148.0,
0.0,
0.0,
0.0,
0.0,
3.0,
0.0,
0.0,
109.0,
184.0,
8.0,
7.0,
0.0,
0.0,
0.0,
0.0,
0.0,
0.0,
0.0,
0.0,
0.0,
0.0,
0.0,
0.0,
0.0,
0.0,
180.0,
251.0,
7.0,
0.0,
5.0,
0.0,
1.0,
0.0,
16.0,
51.0,
223.0,
50.0,
0.0,
16.0,
0.0,
0.0,
0.0,
0.0,
0.0,
0.0,
0.0,
0.0,
0.0,
0.0,
0.0,
0.0,
0.0,
3.0,
203.0,
255.0,
2.0,
21.0,
5.0,
0.0,
2.0,
15.0,
37.0,
193.0,
111.0,
0.0,
8.0,
0.0,
5.0,
0.0,
0.0,
0.0,
0.0,
0.0,
0.0,
0.0,
0.0,
0.0,
0.0,
0.0,
0.0,
6.0,
216.0,
254.0,
17.0,
0.0,
0.0,
27.0,
0.0,
35.0,
197.0,
117.0,
0.0,
0.0,
0.0,
0.0,
5.0,
0.0,
0.0,
0.0,
0.0,
0.0,
0.0,
0.0,
0.0,
0.0,
0.0,
0.0,
0.0,
1.0,
213.0,
242.0,
7.0,
12.0,
5.0,
0.0,
112.0,
213.0,
103.0,
6.0,
0.0,
5.0,
1.0,
0.0,
2.0,
0.0,
0.0,
0.0,
0.0,
0.0,
0.0,
0.0,
0.0,
0.0,
0.0,
0.0,
0.0,
2.0,
0.0,
14.0,
0.0,
0.0,
6.0,
0.0,
2.0,
9.0,
0.0,
0.0,
5.0,
8.0,
0.0,
0.0,
0.0,
0.0,
0.0,
0.0,
0.0,
0.0,
0.0,
0.0,
0.0,
0.0,
0.0,
0.0,
0.0,
16.0,
0.0,
7.0,
17.0,
4.0,
0.0,
0.0,
6.0,
0.0,
0.0,
2.0,
0.0,
0.0,
0.0,
3.0,
3.0,
0.0,
0.0,
0.0,
0.0,
0.0,
0.0,
0.0,
0.0,
0.0,
0.0,
0.0,
0.0,
0.0,
17.0,
0.0,
0.0,
0.0,
0.0,
0.0,
6.0,
5.0,
5.0,
1.0,
0.0,
4.0,
12.0,
4.0,
0.0,
0.0,
0.0,
0.0,
0.0,
