0.0,
0.0,
0.0,
0.0,
0.0,
0.0,
0.0,
0.0,
0.0,
0.0,
5.0,
8.0,
1.0,
0.0,
0.0,
4.0,
0.0,
16.0,
0.0,
0.0,
0.0,
0.0,
8.0,
0.0,
0.0,
0.0,
3.0,
6.0,
0.0,
0.0,
0.0,
0.0,
0.0,
0.0,
0.0,
0.0,
6.0,
0.0,
0.0,
0.0,
0.0,
3.0,
5.0,
7.0,
1.0,
0.0,
2.0,
2.0,
14.0,
0.0,
0.0,
6.0,
6.0,
7.0,
0.0,
0.0,
0.0,
0.0,
0.0,
0.0,
0.0,
0.0,
0.0,
0.0,
0.0,
0.0,
0.0,
0.0,
3.0,
5.0,
1.0,
0.0,
9.0,
0.0,
7.0,
0.0,
0.0,
11.0,
0.0,
0.0,
0.0,
2.0,
2.0,
0.0,
0.0,
0.0,
0.0,
0.0,
0.0,
0.0,
0.0,
0.0,
0.0,
1.0,
7.0,
3.0,
0.0,
1.0,
0.0,
0.0,
0.0,
0.0,
1.0,
7.0,
0.0,
9.0,
0.0,
10.0,
0.0,
0.0,
0.0,
4.0,
0.0,
0.0,
0.0,
0.0,
0.0,
0.0,
0.0,
0.0,
2.0,
3.0,
1.0,
0.0,
0.0,
1.0,
6.0,
7.0,
0.0,
3.0,
0.0,
16.0,
11.0,
3.0,
2.0,
0.0,
14.0,
4.0,
0.0,
0.0,
0.0,
0.0,
0.0,
0.0,
0.0,
0.0,
0.0,
0.0,
8.0,
0.0,
0.0,
0.0,
3.0,
0.0,
0.0,
0.0,
7.0,
10.0,
0.0,
0.0,
70.0,
66.0,
70.0,
0.0,
0.0,
0.0,
7.0,
0.0,
0.0,
0.0,
0.0,
0.0,
0.0,
0.0,
0.0,
0.0,
3.0,
0.0,
0.0,
7.0,
5.0,
0.0,
5.0,
21.0,
19.0,
141.0,
230.0,
206.0,
181.0,
124.0,
150.0,
197.0,
18.0,
0.0,
6.0,
12.0,
0.0,
0.0,
0.0,
0.0,
0.0,
0.0,
0.0,
0.0,
3.0,
0.0,
1.0,
1.0,
0.0,
0.0,
50.0,
109.0,
239.0,
170.0,
71.0,
44.0,
0.0,
0.0,
20.0,
198.0,
133.0,
15.0,
0.0,
6.0,
0.0,
0.0,
0.0,
0.0,
0.0,
0.0,
0.0,
0.0,
0.0,
13.0,
0.0,
0.0,
8.0,
53.0,
238.0,
207.0,
39.0,
14.0,
0.0,
0.0,
26.0,
0.0,
29.0,
249.0,
137.0,
16.0,
0.0,
7.0,
0.0,
0.0,
0.0,
0.0,
0.0,
0.0,
0.0,
0.0,
14.0,
0.0,
14.0,
6.0,
82.0,
243.0,
128.0,
0.0,
11.0,
0.0,
4.0,
13.0,
12.0,
149.0,
255.0,
127.0,
19.0,
0.0,
5.0,
15.0,
0.0,
0.0,
0.0,
0.0,
0.0,
0.0,
0.0,
0.0,
0.0,
0.0,
0.0,
10.0,
221.0,
177.0,
0.0,
1.0,
0.0,
0.0,
32.0,
132.0,
226.0,
198.0,
76.0,
2.0,
0.0,
0.0,
6.0,
2.0,
0.0,
0.0,
0.0,
0.0,
0.0,
0.0,
0.0,
0.0,
0.0,
18.0,
0.0,
12.0,
227.0,
41.0,
17.0,
2.0,
12.0,
52.0,
223.0,
226.0,
65.0,
10.0,
9.0,
0.0,
13.0,
1.0,
0.0,
0.0,
0.0,
0.0,
0.0,
0.0,
0.0,
0.0,
0.0,
0.0,
8.0,
0.0,
0.0,
64.0,
241.0,
4.0,
7.0,
71.0,
178.0,
227.0,
115.0,
14.0,
2.0,
0.0,
0.0,
14.0,
0.0,
0.0,
0.0,
3.0,
0.0,
0.0,
0.0,
0.0,
0.0,
0.0,
0.0,
0.0,
9.0,
0.0,
0.0,
55.0,
255.0,
83.0,
110.0,
210.0,
207.0,
78.0,
0.0,
4.0,
5.0,
0.0,
4.0,
0.0,
0.0,
1.0,
0.0,
0.0,
0.0,
0.0,
0.0,
0.0,
0.0,
0.0,
0.0,
0.0,
0.0,
7.0,
9.0,
33.0,
210.0,
244.0,
234.0,
116.0,
5.0,
0.0,
21.0,
1.0,
0.0,
14.0,
0.0,
3.0,
9.0,
6.0,
0.0,
0.0,
0.0,
0.0,
0.0,
0.0,
0.0,
0.0,
0.0,
0.0,
2.0,
0.0,
0.0,
145.0,
242.0,
255.0,
24.0,
3.0,
0.0,
12.0,
0.0,
0.0,
7.0,
0.0,
2.0,
2.0,
0.0,
0.0,
3.0,
11.0,
3.0,
0.0,
4.0,
6.0,
0.0,
3.0,
5.0,
0.0,
0.0,
27.0,
148.0,
241.0,
196.0,
248.0,
28.0,
10.0,
0.0,
0.0,
0.0,
0.0,
0.0,
0.0,
0.0,
0.0,
0.0,
0.0,
0.0,
0.0,
12.0,
0.0,
0.0,
0.0,
1.0,
0.0,
0.0,
0.0,
81.0,
205.0,
145.0,
36.0,
0.0,
255.0,
73.0,
0.0,
0.0,
0.0,
0.0,
0.0,
0.0,
0.0,
0.0,
0.0,
0.0,
0.0,
0.0,
0.0,
0.0,
0.0,
3.0,
19.0,
0.0,
3.0,
14.0,
105.0,
247.0,
34.0,
0.0,
0.0,
8.0,
247.0,
165.0,
8.0,
0.0,
0.0,
0.0,
0.0,
0.0,
0.0,
0.0,
0.0,
0.0,
0.0,
0.0,
0.0,
1.0,
7.0,
0.0,
0.0,
17.0,
0.0,
197.0,
231.0,
52.0,
13.0,
12.0,
9.0,
35.0,
255.0,
144.0,
0.0,
0.0,
0.0,
0.0,
0.0,
0.0,
0.0,
0.0,
0.0,
0.0,
0.0,
0.0,
0.0,
0.0,
0.0,
0.0,
0.0,
7.0,
210.0,
191.0,
53.0,
0.0,
9.0,
0.0,
0.0,
153.0,
222.0,
45.0,
0.0,
0.0,
0.0,
0.0,
0.0,
0.0,
0.0,
0.0,
0.0,
0.0,
0.0,
0.0,
0.0,
11.0,
0.0,
4.0,
8.0,
0.0,
150.0,
124.0,
0.0,
1.0,
1.0,
17.0,
60.0,
255.0,
167.0,
0.0,
6.0,
0.0,
0.0,
0.0,
0.0,
0.0,
0.0,
0.0,
0.0,
0.0,
0.0,
0.0,
0.0,
0.0,
5.0,
4.0,
0.0,
0.0,
195.0,
137.0,
49.0,
25.0,
52.0,
179.0,
239.0,
100.0,
33.0,
0.0,
6.0,
0.0,
0.0,
0.0,
0.0,
0.0,
0.0,
0.0,
0.0,
0.0,
0.0,
0.0,
0.0,
1.0,
7.0,
0.0,
13.0,
10.0,
0.0,
134.0,
209.0,
219.0,
167.0,
132.0,
67.0,
0.0,
0.0,
0.0,
0.0,
0.0,
0.0,
0.0,
0.0,
0.0,
0.0,
0.0,
0.0,
0.0,
0.0,
0.0,
0.0,
0.0,
0.0,
0.0,
0.0,
0.0,
0.0,
0.0,
0.0,
0.0,
0.0,
0.0,
0.0,
0.0,
0.0,
0.0,
0.0,
0.0,
0.0,
0.0,
0.0,
0.0,
0.0,
0.0,
0.0,
0.0,
0.0,
0.0,
0.0,
0.0,
0.0,
0.0,
0.0,
0.0,
0.0,
0.0,
0.0,
0.0,
0.0,
0.0,
0.0,
0.0,
0.0,
0.0,
0.0,
0.0,
0.0,
0.0,
0.0,
0.0,
0.0,
0.0,
0.0,
0.0,
0.0,
0.0,
0.0,
0.0,
0.0,
0.0,
0.0,
0.0,
0.0,
0.0,
0.0,
0.0,
0.0,
0.0,
0.0,
0.0,
0.0,
0.0,
0.0,
0.0,
0.0,
0.0,
0.0,
0.0,
0.0,
0.0,
0.0,
0.0,
0.0,
0.0,
0.0,
0.0,
0.0,
0.0,
0.0,
0.0,
0.0,
0.0,
0.0,
0.0,
0.0,
0.0,
0.0,
0.0,
0.0,
0.0,
0.0,
0.0,
0.0,
0.0,
0.0,
0.0,
0.0,
0.0,
0.0,
0.0,
0.0,
0.0,
0.0,
