0.0,
0.0,
0.0,
0.0,
0.0,
0.0,
0.0,
0.0,
1.0,
4.0,
0.0,
1.0,
1.0,
1.0,
2.0,
0.0,
0.0,
8.0,
3.0,
0.0,
3.0,
1.0,
4.0,
0.0,
0.0,
0.0,
0.0,
0.0,
0.0,
0.0,
0.0,
0.0,
0.0,
0.0,
0.0,
0.0,
0.0,
0.0,
0.0,
15.0,
6.0,
0.0,
15.0,
0.0,
0.0,
0.0,
10.0,
0.0,
0.0,
5.0,
0.0,
6.0,
0.0,
0.0,
0.0,
0.0,
0.0,
0.0,
0.0,
0.0,
0.0,
0.0,
0.0,
0.0,
16.0,
0.0,
22.0,
0.0,
0.0,
7.0,
0.0,
10.0,
0.0,
6.0,
0.0,
11.0,
4.0,
0.0,
11.0,
0.0,
0.0,
0.0,
0.0,
0.0,
0.0,
0.0,
0.0,
0.0,
0.0,
0.0,
0.0,
0.0,
0.0,
4.0,
0.0,
0.0,
2.0,
18.0,
3.0,
0.0,
20.0,
0.0,
4.0,
11.0,
0.0,
13.0,
0.0,
0.0,
0.0,
0.0,
0.0,
0.0,
0.0,
0.0,
0.0,
0.0,
0.0,
0.0,
0.0,
0.0,
0.0,
5.0,
0.0,
0.0,
10.0,
0.0,
0.0,
35.0,
132.0,
246.0,
223.0,
172.0,
86.0,
21.0,
2.0,
5.0,
0.0,
0.0,
0.0,
0.0,
0.0,
0.0,
0.0,
0.0,
0.0,
0.0,
0.0,
0.0,
15.0,
0.0,
18.0,
3.0,
0.0,
0.0,
38.0,
196.0,
255.0,
255.0,
209.0,
237.0,
255.0,
208.0,
9.0,
0.0,
0.0,
0.0,
0.0,
0.0,
0.0,
0.0,
0.0,
0.0,
0.0,
0.0,
0.0,
0.0,
0.0,
2.0,
0.0,
13.0,
1.0,
53.0,
211.0,
255.0,
232.0,
222.0,
84.0,
41.0,
121.0,
255.0,
191.0,
14.0,
0.0,
0.0,
0.0,
0.0,
0.0,
0.0,
0.0,
0.0,
0.0,
0.0,
0.0,
0.0,
6.0,
0.0,
7.0,
0.0,
14.0,
183.0,
255.0,
135.0,
15.0,
0.0,
3.0,
0.0,
0.0,
231.0,
242.0,
17.0,
0.0,
0.0,
0.0,
0.0,
0.0,
0.0,
0.0,
0.0,
0.0,
0.0,
0.0,
0.0,
0.0,
5.0,
0.0,
0.0,
112.0,
253.0,
144.0,
3.0,
0.0,
0.0,
0.0,
9.0,
0.0,
231.0,
242.0,
24.0,
0.0,
0.0,
0.0,
0.0,
0.0,
0.0,
0.0,
0.0,
0.0,
0.0,
0.0,
0.0,
12.0,
0.0,
8.0,
0.0,
129.0,
255.0,
78.0,
0.0,
4.0,
0.0,
3.0,
0.0,
6.0,
220.0,
229.0,
1.0,
0.0,
0.0,
0.0,
0.0,
0.0,
0.0,
0.0,
0.0,
0.0,
0.0,
0.0,
0.0,
13.0,
0.0,
10.0,
7.0,
143.0,
251.0,
12.0,
0.0,
0.0,
10.0,
0.0,
6.0,
134.0,
235.0,
154.0,
0.0,
0.0,
0.0,
0.0,
0.0,
0.0,
0.0,
0.0,
0.0,
0.0,
0.0,
0.0,
0.0,
0.0,
0.0,
0.0,
1.0,
152.0,
240.0,
21.0,
3.0,
0.0,
2.0,
0.0,
179.0,
255.0,
200.0,
14.0,
6.0,
0.0,
0.0,
0.0,
0.0,
0.0,
0.0,
0.0,
0.0,
0.0,
0.0,
0.0,
0.0,
0.0,
13.0,
0.0,
9.0,
163.0,
255.0,
52.0,
6.0,
10.0,
74.0,
225.0,
232.0,
200.0,
23.0,
1.0,
2.0,
0.0,
0.0,
0.0,
0.0,
0.0,
0.0,
0.0,
0.0,
0.0,
0.0,
0.0,
0.0,
0.0,
0.0,
11.0,
0.0,
114.0,
247.0,
142.0,
136.0,
176.0,
252.0,
235.0,
124.0,
1.0,
0.0,
3.0,
2.0,
0.0,
0.0,
0.0,
0.0,
0.0,
0.0,
0.0,
0.0,
0.0,
0.0,
0.0,
0.0,
3.0,
0.0,
0.0,
0.0,
111.0,
237.0,
255.0,
254.0,
251.0,
179.0,
39.0,
0.0,
0.0,
20.0,
0.0,
0.0,
0.0,
0.0,
0.0,
0.0,
0.0,
0.0,
0.0,
0.0,
0.0,
0.0,
0.0,
0.0,
0.0,
5.0,
33.0,
136.0,
241.0,
253.0,
252.0,
131.0,
6.0,
0.0,
0.0,
5.0,
0.0,
0.0,
0.0,
3.0,
0.0,
0.0,
0.0,
0.0,
4.0,
2.0,
2.0,
7.0,
0.0,
0.0,
2.0,
0.0,
0.0,
14.0,
160.0,
249.0,
246.0,
122.0,
252.0,
114.0,
0.0,
13.0,
0.0,
0.0,
0.0,
0.0,
2.0,
0.0,
0.0,
0.0,
0.0,
0.0,
0.0,
0.0,
0.0,
0.0,
2.0,
0.0,
1.0,
2.0,
9.0,
141.0,
255.0,
188.0,
35.0,
3.0,
173.0,
202.0,
6.0,
0.0,
0.0,
7.0,
8.0,
0.0,
0.0,
1.0,
0.0,
0.0,
0.0,
0.0,
4.0,
12.0,
0.0,
0.0,
8.0,
0.0,
0.0,
11.0,
114.0,
250.0,
219.0,
31.0,
0.0,
4.0,
155.0,
255.0,
77.0,
4.0,
0.0,
5.0,
3.0,
0.0,
0.0,
9.0,
0.0,
0.0,
0.0,
0.0,
0.0,
2.0,
0.0,
0.0,
11.0,
0.0,
9.0,
92.0,
234.0,
216.0,
30.0,
12.0,
0.0,
8.0,
107.0,
243.0,
121.0,
13.0,
0.0,
0.0,
0.0,
5.0,
0.0,
6.0,
0.0,
0.0,
0.0,
0.0,
0.0,
0.0,
0.0,
0.0,
4.0,
0.0,
45.0,
199.0,
251.0,
79.0,
0.0,
0.0,
2.0,
37.0,
230.0,
255.0,
65.0,
0.0,
0.0,
1.0,
0.0,
10.0,
0.0,
0.0,
0.0,
0.0,
0.0,
0.0,
10.0,
2.0,
5.0,
0.0,
3.0,
0.0,
81.0,
255.0,
144.0,
6.0,
20.0,
123.0,
168.0,
255.0,
227.0,
100.0,
5.0,
0.0,
10.0,
5.0,
0.0,
2.0,
0.0,
5.0,
0.0,
0.0,
0.0,
0.0,
0.0,
0.0,
0.0,
0.0,
6.0,
15.0,
85.0,
255.0,
250.0,
220.0,
255.0,
255.0,
215.0,
115.0,
15.0,
0.0,
0.0,
1.0,
6.0,
0.0,
0.0,
0.0,
1.0,
7.0,
0.0,
0.0,
0.0,
0.0,
7.0,
0.0,
11.0,
0.0,
0.0,
0.0,
23.0,
150.0,
211.0,
255.0,
203.0,
129.0,
37.0,
12.0,
0.0,
9.0,
0.0,
3.0,
0.0,
0.0,
9.0,
6.0,
1.0,
0.0,
0.0,
0.0,
0.0,
0.0,
0.0,
0.0,
0.0,
0.0,
0.0,
0.0,
0.0,
0.0,
0.0,
0.0,
0.0,
0.0,
0.0,
0.0,
0.0,
0.0,
0.0,
0.0,
0.0,
0.0,
0.0,
0.0,
0.0,
0.0,
0.0,
0.0,
0.0,
0.0,
0.0,
0.0,
0.0,
0.0,
0.0,
0.0,
0.0,
0.0,
0.0,
0.0,
0.0,
0.0,
0.0,
0.0,
0.0,
0.0,
0.0,
0.0,
0.0,
0.0,
0.0,
0.0,
0.0,
0.0,
0.0,
0.0,
0.0,
0.0,
0.0,
0.0,
0.0,
0.0,
0.0,
0.0,
0.0,
0.0,
0.0,
0.0,
0.0,
0.0,
0.0,
0.0,
0.0,
0.0,
0.0,
0.0,
0.0,
0.0,
0.0,
0.0,
0.0,
0.0,
0.0,
0.0,
0.0,
0.0,
0.0,
0.0,
0.0,
0.0,
0.0,
0.0,
0.0,
0.0,
0.0,
0.0,
0.0,
0.0,
0.0,
0.0,
0.0,
0.0,
0.0,
0.0,
0.0,
0.0,
0.0,
0.0,
0.0,
0.0,
0.0,
0.0,
0.0,
0.0,
