0.0,
0.0,
0.0,
0.0,
0.0,
0.0,
0.0,
0.0,
7.0,
0.0,
0.0,
6.0,
9.0,
3.0,
0.0,
0.0,
0.0,
2.0,
0.0,
4.0,
0.0,
12.0,
0.0,
0.0,
0.0,
0.0,
0.0,
0.0,
0.0,
0.0,
0.0,
0.0,
0.0,
0.0,
0.0,
0.0,
3.0,
0.0,
2.0,
4.0,
0.0,
0.0,
9.0,
5.0,
2.0,
0.0,
5.0,
0.0,
0.0,
0.0,
13.0,
5.0,
0.0,
0.0,
0.0,
0.0,
0.0,
0.0,
0.0,
0.0,
0.0,
0.0,
0.0,
0.0,
0.0,
0.0,
0.0,
11.0,
0.0,
4.0,
0.0,
0.0,
0.0,
0.0,
4.0,
15.0,
3.0,
0.0,
3.0,
0.0,
0.0,
0.0,
0.0,
0.0,
0.0,
0.0,
0.0,
0.0,
0.0,
0.0,
0.0,
0.0,
5.0,
10.0,
0.0,
0.0,
16.0,
0.0,
0.0,
7.0,
12.0,
0.0,
0.0,
3.0,
0.0,
0.0,
0.0,
12.0,
0.0,
0.0,
0.0,
0.0,
0.0,
0.0,
0.0,
0.0,
0.0,
0.0,
0.0,
0.0,
0.0,
0.0,
5.0,
0.0,
9.0,
0.0,
15.0,
0.0,
0.0,
15.0,
16.0,
0.0,
6.0,
3.0,
0.0,
1.0,
0.0,
0.0,
0.0,
0.0,
0.0,
0.0,
0.0,
0.0,
0.0,
0.0,
0.0,
0.0,
23.0,
0.0,
10.0,
0.0,
0.0,
86.0,
255.0,
250.0,
250.0,
250.0,
208.0,
9.0,
0.0,
1.0,
1.0,
1.0,
1.0,
1.0,
0.0,
0.0,
0.0,
0.0,
0.0,
0.0,
0.0,
0.0,
0.0,
0.0,
0.0,
0.0,
13.0,
58.0,
51.0,
128.0,
255.0,
255.0,
255.0,
248.0,
240.0,
64.0,
19.0,
74.0,
28.0,
0.0,
1.0,
1.0,
1.0,
0.0,
0.0,
0.0,
0.0,
0.0,
0.0,
0.0,
0.0,
0.0,
5.0,
66.0,
100.0,
233.0,
255.0,
255.0,
243.0,
254.0,
255.0,
235.0,
255.0,
214.0,
147.0,
255.0,
153.0,
100.0,
1.0,
1.0,
1.0,
0.0,
0.0,
0.0,
0.0,
0.0,
6.0,
0.0,
12.0,
0.0,
70.0,
215.0,
245.0,
255.0,
255.0,
242.0,
255.0,
251.0,
255.0,
239.0,
255.0,
244.0,
255.0,
252.0,
255.0,
152.0,
2.0,
2.0,
0.0,
0.0,
5.0,
0.0,
0.0,
0.0,
0.0,
28.0,
161.0,
173.0,
205.0,
255.0,
252.0,
245.0,
255.0,
250.0,
249.0,
255.0,
236.0,
255.0,
252.0,
249.0,
250.0,
168.0,
77.0,
25.0,
2.0,
1.0,
0.0,
0.0,
0.0,
0.0,
1.0,
4.0,
0.0,
35.0,
250.0,
254.0,
255.0,
255.0,
255.0,
243.0,
254.0,
255.0,
238.0,
245.0,
255.0,
242.0,
255.0,
216.0,
55.0,
28.0,
10.0,
0.0,
2.0,
1.0,
0.0,
0.0,
0.0,
0.0,
0.0,
14.0,
0.0,
28.0,
255.0,
237.0,
249.0,
248.0,
255.0,
253.0,
250.0,
255.0,
252.0,
248.0,
248.0,
233.0,
26.0,
3.0,
6.0,
0.0,
4.0,
7.0,
1.0,
1.0,
0.0,
0.0,
2.0,
1.0,
0.0,
12.0,
0.0,
35.0,
255.0,
255.0,
255.0,
251.0,
248.0,
254.0,
241.0,
237.0,
255.0,
255.0,
77.0,
11.0,
1.0,
5.0,
6.0,
12.0,
0.0,
0.0,
1.0,
0.0,
0.0,
0.0,
1.0,
6.0,
0.0,
6.0,
0.0,
23.0,
188.0,
254.0,
254.0,
248.0,
246.0,
255.0,
255.0,
244.0,
251.0,
245.0,
124.0,
82.0,
74.0,
1.0,
0.0,
5.0,
6.0,
9.0,
0.0,
0.0,
0.0,
0.0,
0.0,
6.0,
0.0,
4.0,
0.0,
0.0,
61.0,
173.0,
250.0,
255.0,
255.0,
239.0,
243.0,
255.0,
255.0,
248.0,
255.0,
239.0,
239.0,
85.0,
6.0,
9.0,
0.0,
0.0,
0.0,
0.0,
0.0,
0.0,
0.0,
6.0,
0.0,
3.0,
9.0,
0.0,
0.0,
113.0,
251.0,
255.0,
241.0,
133.0,
135.0,
237.0,
251.0,
255.0,
250.0,
253.0,
246.0,
227.0,
101.0,
0.0,
11.0,
2.0,
0.0,
0.0,
0.0,
0.0,
0.0,
0.0,
9.0,
0.0,
2.0,
4.0,
52.0,
203.0,
250.0,
249.0,
252.0,
30.0,
2.0,
132.0,
254.0,
250.0,
246.0,
255.0,
239.0,
255.0,
225.0,
90.0,
11.0,
0.0,
0.0,
0.0,
0.0,
0.0,
8.0,
0.0,
2.0,
0.0,
0.0,
0.0,
12.0,
130.0,
255.0,
255.0,
232.0,
30.0,
6.0,
11.0,
46.0,
45.0,
178.0,
255.0,
247.0,
255.0,
241.0,
147.0,
0.0,
4.0,
0.0,
0.0,
0.0,
0.0,
5.0,
0.0,
1.0,
0.0,
4.0,
0.0,
2.0,
94.0,
244.0,
255.0,
242.0,
12.0,
11.0,
0.0,
5.0,
0.0,
7.0,
190.0,
255.0,
252.0,
255.0,
119.0,
9.0,
2.0,
0.0,
0.0,
0.0,
0.0,
0.0,
0.0,
5.0,
3.0,
5.0,
0.0,
16.0,
95.0,
251.0,
243.0,
255.0,
20.0,
0.0,
0.0,
17.0,
0.0,
21.0,
42.0,
231.0,
255.0,
252.0,
122.0,
11.0,
0.0,
0.0,
0.0,
0.0,
0.0,
0.0,
0.0,
3.0,
1.0,
0.0,
0.0,
7.0,
59.0,
213.0,
247.0,
254.0,
102.0,
10.0,
0.0,
0.0,
0.0,
47.0,
232.0,
255.0,
238.0,
247.0,
135.0,
0.0,
4.0,
0.0,
0.0,
0.0,
0.0,
4.0,
0.0,
0.0,
0.0,
4.0,
0.0,
0.0,
10.0,
121.0,
255.0,
246.0,
222.0,
135.0,
127.0,
116.0,
129.0,
230.0,
240.0,
255.0,
255.0,
255.0,
144.0,
0.0,
0.0,
0.0,
0.0,
0.0,
0.0,
0.0,
0.0,
0.0,
0.0,
5.0,
0.0,
0.0,
0.0,
57.0,
205.0,
251.0,
255.0,
244.0,
254.0,
249.0,
250.0,
239.0,
255.0,
255.0,
240.0,
185.0,
45.0,
12.0,
0.0,
0.0,
0.0,
0.0,
0.0,
0.0,
3.0,
3.0,
3.0,
0.0,
0.0,
0.0,
3.0,
9.0,
31.0,
213.0,
238.0,
255.0,
247.0,
249.0,
255.0,
255.0,
251.0,
242.0,
220.0,
47.0,
0.0,
7.0,
0.0,
0.0,
0.0,
0.0,
0.0,
0.0,
0.0,
0.0,
0.0,
0.0,
0.0,
0.0,
0.0,
0.0,
0.0,
33.0,
226.0,
255.0,
255.0,
231.0,
255.0,
255.0,
254.0,
228.0,
40.0,
0.0,
0.0,
15.0,
0.0,
0.0,
0.0,
0.0,
0.0,
0.0,
0.0,
0.0,
0.0,
0.0,
0.0,
0.0,
0.0,
12.0,
18.0,
0.0,
8.0,
0.0,
8.0,
3.0,
0.0,
0.0,
0.0,
17.0,
0.0,
0.0,
7.0,
9.0,
3.0,
0.0,
0.0,
0.0,
0.0,
0.0,
0.0,
0.0,
0.0,
0.0,
0.0,
0.0,
0.0,
0.0,
0.0,
0.0,
0.0,
5.0,
0.0,
11.0,
0.0,
16.0,
0.0,
0.0,
5.0,
0.0,
7.0,
0.0,
4.0,
0.0,
0.0,
0.0,
0.0,
0.0,
0.0,
0.0,
0.0,
0.0,
0.0,
0.0,
0.0,
12.0,
0.0,
6.0,
0.0,
15.0,
0.0,
0.0,
2.0,
0.0,
0.0,
0.0,
6.0,
0.0,
8.0,
0.0,
7.0,
0.0,
0.0,
0.0,
0.0,
