6.0,
4.0,
0.0,
0.0,
0.0,
3.0,
5.0,
0.0,
0.0,
0.0,
10.0,
0.0,
0.0,
0.0,
4.0,
0.0,
11.0,
0.0,
0.0,
0.0,
0.0,
0.0,
14.0,
0.0,
0.0,
0.0,
0.0,
0.0,
0.0,
1.0,
11.0,
10.0,
5.0,
2.0,
0.0,
0.0,
0.0,
2.0,
10.0,
7.0,
10.0,
0.0,
2.0,
3.0,
0.0,
0.0,
12.0,
0.0,
15.0,
12.0,
0.0,
0.0,
0.0,
0.0,
0.0,
0.0,
5.0,
2.0,
0.0,
0.0,
0.0,
7.0,
8.0,
3.0,
3.0,
0.0,
0.0,
0.0,
7.0,
0.0,
11.0,
0.0,
4.0,
8.0,
2.0,
0.0,
2.0,
3.0,
0.0,
16.0,
0.0,
0.0,
0.0,
0.0,
4.0,
1.0,
0.0,
0.0,
0.0,
0.0,
0.0,
0.0,
0.0,
4.0,
13.0,
3.0,
0.0,
0.0,
5.0,
0.0,
5.0,
0.0,
0.0,
22.0,
0.0,
0.0,
10.0,
0.0,
0.0,
0.0,
0.0,
0.0,
0.0,
2.0,
6.0,
5.0,
0.0,
0.0,
7.0,
15.0,
14.0,
0.0,
4.0,
0.0,
0.0,
3.0,
0.0,
0.0,
0.0,
1.0,
13.0,
2.0,
4.0,
0.0,
1.0,
10.0,
0.0,
0.0,
0.0,
0.0,
7.0,
0.0,
0.0,
0.0,
1.0,
0.0,
0.0,
0.0,
9.0,
0.0,
0.0,
8.0,
7.0,
9.0,
0.0,
14.0,
0.0,
12.0,
89.0,
116.0,
233.0,
99.0,
0.0,
53.0,
0.0,
0.0,
0.0,
0.0,
0.0,
0.0,
0.0,
2.0,
2.0,
0.0,
2.0,
9.0,
0.0,
18.0,
0.0,
13.0,
0.0,
0.0,
37.0,
49.0,
155.0,
254.0,
251.0,
255.0,
255.0,
69.0,
15.0,
212.0,
0.0,
0.0,
0.0,
0.0,
0.0,
6.0,
9.0,
0.0,
0.0,
40.0,
150.0,
245.0,
220.0,
195.0,
20.0,
0.0,
27.0,
116.0,
224.0,
191.0,
131.0,
255.0,
63.0,
103.0,
52.0,
8.0,
68.0,
250.0,
0.0,
0.0,
0.0,
0.0,
2.0,
1.0,
0.0,
0.0,
8.0,
43.0,
93.0,
130.0,
72.0,
160.0,
29.0,
0.0,
145.0,
142.0,
151.0,
0.0,
36.0,
26.0,
16.0,
0.0,
3.0,
23.0,
231.0,
248.0,
0.0,
0.0,
0.0,
0.0,
2.0,
4.0,
4.0,
0.0,
0.0,
0.0,
0.0,
3.0,
2.0,
13.0,
39.0,
68.0,
174.0,
4.0,
0.0,
7.0,
6.0,
13.0,
0.0,
14.0,
33.0,
206.0,
255.0,
147.0,
0.0,
0.0,
0.0,
0.0,
0.0,
0.0,
0.0,
1.0,
4.0,
3.0,
0.0,
0.0,
0.0,
8.0,
141.0,
187.0,
21.0,
3.0,
0.0,
11.0,
0.0,
2.0,
8.0,
28.0,
212.0,
234.0,
165.0,
13.0,
0.0,
0.0,
0.0,
0.0,
2.0,
0.0,
0.0,
0.0,
0.0,
5.0,
7.0,
6.0,
0.0,
32.0,
241.0,
204.0,
23.0,
9.0,
0.0,
0.0,
9.0,
0.0,
64.0,
241.0,
240.0,
142.0,
0.0,
6.0,
0.0,
0.0,
0.0,
0.0,
0.0,
1.0,
2.0,
2.0,
1.0,
0.0,
0.0,
0.0,
8.0,
4.0,
196.0,
154.0,
6.0,
0.0,
12.0,
1.0,
2.0,
85.0,
248.0,
239.0,
201.0,
59.0,
0.0,
3.0,
0.0,
0.0,
0.0,
0.0,
0.0,
0.0,
3.0,
3.0,
2.0,
2.0,
5.0,
9.0,
0.0,
0.0,
85.0,
181.0,
0.0,
10.0,
9.0,
0.0,
46.0,
132.0,
152.0,
0.0,
0.0,
5.0,
0.0,
0.0,
0.0,
0.0,
0.0,
0.0,
4.0,
2.0,
0.0,
0.0,
0.0,
0.0,
0.0,
0.0,
15.0,
1.0,
0.0,
120.0,
119.0,
94.0,
74.0,
124.0,
121.0,
17.0,
9.0,
8.0,
0.0,
4.0,
4.0,
0.0,
0.0,
0.0,
0.0,
0.0,
0.0,
0.0,
0.0,
3.0,
5.0,
4.0,
1.0,
0.0,
0.0,
0.0,
13.0,
139.0,
246.0,
255.0,
255.0,
227.0,
155.0,
43.0,
0.0,
1.0,
10.0,
0.0,
0.0,
12.0,
0.0,
0.0,
0.0,
0.0,
10.0,
0.0,
0.0,
2.0,
0.0,
0.0,
8.0,
3.0,
0.0,
5.0,
145.0,
242.0,
255.0,
255.0,
255.0,
31.0,
0.0,
0.0,
0.0,
0.0,
0.0,
0.0,
0.0,
0.0,
0.0,
0.0,
0.0,
0.0,
5.0,
0.0,
1.0,
0.0,
0.0,
0.0,
0.0,
0.0,
47.0,
171.0,
250.0,
255.0,
189.0,
211.0,
178.0,
1.0,
0.0,
0.0,
0.0,
0.0,
0.0,
0.0,
0.0,
0.0,
0.0,
0.0,
0.0,
0.0,
0.0,
1.0,
2.0,
0.0,
4.0,
1.0,
0.0,
32.0,
193.0,
245.0,
198.0,
52.0,
0.0,
74.0,
214.0,
0.0,
0.0,
0.0,
0.0,
0.0,
0.0,
0.0,
0.0,
0.0,
0.0,
0.0,
0.0,
0.0,
0.0,
4.0,
0.0,
0.0,
4.0,
0.0,
8.0,
121.0,
255.0,
178.0,
10.0,
0.0,
1.0,
28.0,
194.0,
42.0,
0.0,
0.0,
0.0,
0.0,
0.0,
0.0,
0.0,
0.0,
0.0,
0.0,
0.0,
0.0,
1.0,
6.0,
0.0,
0.0,
0.0,
0.0,
28.0,
215.0,
221.0,
24.0,
2.0,
0.0,
0.0,
6.0,
247.0,
84.0,
0.0,
0.0,
0.0,
0.0,
0.0,
0.0,
0.0,
0.0,
0.0,
0.0,
0.0,
0.0,
1.0,
1.0,
0.0,
5.0,
0.0,
2.0,
48.0,
255.0,
128.0,
12.0,
0.0,
1.0,
14.0,
157.0,
156.0,
0.0,
0.0,
0.0,
0.0,
0.0,
0.0,
0.0,
0.0,
0.0,
0.0,
0.0,
0.0,
0.0,
0.0,
0.0,
0.0,
9.0,
0.0,
9.0,
37.0,
244.0,
164.0,
11.0,
17.0,
60.0,
182.0,
255.0,
164.0,
4.0,
0.0,
0.0,
0.0,
0.0,
0.0,
0.0,
0.0,
0.0,
0.0,
0.0,
0.0,
0.0,
0.0,
2.0,
0.0,
6.0,
0.0,
0.0,
0.0,
176.0,
240.0,
255.0,
255.0,
243.0,
255.0,
162.0,
45.0,
4.0,
0.0,
0.0,
0.0,
0.0,
0.0,
0.0,
0.0,
0.0,
0.0,
0.0,
0.0,
0.0,
0.0,
0.0,
3.0,
2.0,
0.0,
0.0,
14.0,
35.0,
209.0,
252.0,
233.0,
232.0,
133.0,
0.0,
2.0,
0.0,
0.0,
0.0,
0.0,
0.0,
0.0,
0.0,
0.0,
0.0,
0.0,
0.0,
0.0,
0.0,
2.0,
0.0,
0.0,
0.0,
0.0,
0.0,
2.0,
13.0,
0.0,
4.0,
0.0,
11.0,
8.0,
0.0,
8.0,
0.0,
0.0,
0.0,
0.0,
0.0,
0.0,
0.0,
0.0,
0.0,
0.0,
0.0,
0.0,
0.0,
5.0,
0.0,
0.0,
0.0,
0.0,
0.0,
0.0,
0.0,
7.0,
14.0,
0.0,
0.0,
0.0,
0.0,
4.0,
0.0,
0.0,
0.0,
0.0,
0.0,
0.0,
0.0,
0.0,
0.0,
0.0,
0.0,
0.0,
0.0,
3.0,
0.0,
0.0,
0.0,
3.0,
3.0,
0.0,
0.0,
0.0,
0.0,
10.0,
1.0,
0.0,
3.0,
4.0,
5.0,
0.0,
0.0,
0.0,
0.0,
0.0,
0.0,
0.0,
0.0,
0.0,
0.0,
0.0,
0.0,
