0.0,
4.0,
0.0,
5.0,
10.0,
0.0,
0.0,
4.0,
0.0,
0.0,
11.0,
10.0,
0.0,
0.0,
5.0,
0.0,
0.0,
0.0,
9.0,
3.0,
0.0,
0.0,
0.0,
5.0,
0.0,
0.0,
0.0,
0.0,
0.0,
6.0,
0.0,
0.0,
1.0,
0.0,
11.0,
0.0,
3.0,
0.0,
0.0,
0.0,
0.0,
10.0,
5.0,
0.0,
5.0,
0.0,
0.0,
7.0,
2.0,
10.0,
8.0,
0.0,
0.0,
0.0,
0.0,
0.0,
0.0,
1.0,
2.0,
7.0,
0.0,
0.0,
5.0,
0.0,
2.0,
0.0,
0.0,
9.0,
9.0,
0.0,
0.0,
12.0,
7.0,
0.0,
3.0,
2.0,
0.0,
0.0,
9.0,
0.0,
0.0,
0.0,
0.0,
0.0,
0.0,
0.0,
3.0,
13.0,
0.0,
0.0,
0.0,
3.0,
0.0,
15.0,
0.0,
0.0,
0.0,
3.0,
0.0,
0.0,
0.0,
5.0,
0.0,
0.0,
0.0,
0.0,
5.0,
0.0,
0.0,
0.0,
0.0,
0.0,
8.0,
0.0,
0.0,
0.0,
0.0,
0.0,
2.0,
5.0,
0.0,
4.0,
0.0,
14.0,
33.0,
55.0,
154.0,
255.0,
255.0,
232.0,
97.0,
1.0,
1.0,
0.0,
0.0,
10.0,
0.0,
0.0,
0.0,
0.0,
0.0,
3.0,
3.0,
0.0,
1.0,
9.0,
0.0,
0.0,
6.0,
17.0,
55.0,
178.0,
255.0,
242.0,
243.0,
245.0,
250.0,
245.0,
108.0,
10.0,
10.0,
0.0,
0.0,
0.0,
0.0,
0.0,
0.0,
0.0,
0.0,
1.0,
7.0,
0.0,
8.0,
2.0,
9.0,
83.0,
158.0,
230.0,
248.0,
250.0,
239.0,
219.0,
176.0,
71.0,
97.0,
112.0,
32.0,
0.0,
0.0,
0.0,
22.0,
6.0,
0.0,
0.0,
0.0,
0.0,
6.0,
0.0,
0.0,
1.0,
3.0,
0.0,
60.0,
243.0,
248.0,
253.0,
201.0,
140.0,
50.0,
0.0,
18.0,
0.0,
0.0,
14.0,
0.0,
0.0,
19.0,
49.0,
65.0,
0.0,
0.0,
0.0,
0.0,
0.0,
0.0,
14.0,
8.0,
0.0,
0.0,
18.0,
126.0,
255.0,
255.0,
151.0,
7.0,
0.0,
0.0,
8.0,
0.0,
17.0,
0.0,
3.0,
0.0,
11.0,
177.0,
250.0,
241.0,
47.0,
0.0,
0.0,
0.0,
0.0,
8.0,
0.0,
0.0,
10.0,
2.0,
0.0,
69.0,
226.0,
251.0,
252.0,
147.0,
3.0,
21.0,
0.0,
18.0,
0.0,
0.0,
22.0,
0.0,
235.0,
245.0,
216.0,
100.0,
0.0,
0.0,
0.0,
0.0,
0.0,
2.0,
0.0,
0.0,
3.0,
7.0,
0.0,
13.0,
80.0,
233.0,
236.0,
254.0,
188.0,
45.0,
3.0,
0.0,
6.0,
0.0,
43.0,
203.0,
248.0,
255.0,
178.0,
0.0,
12.0,
0.0,
0.0,
0.0,
0.0,
0.0,
10.0,
4.0,
0.0,
3.0,
9.0,
0.0,
0.0,
89.0,
255.0,
253.0,
235.0,
214.0,
93.0,
12.0,
0.0,
55.0,
147.0,
255.0,
255.0,
97.0,
0.0,
17.0,
0.0,
0.0,
0.0,
0.0,
0.0,
0.0,
1.0,
1.0,
2.0,
0.0,
0.0,
0.0,
11.0,
7.0,
86.0,
215.0,
255.0,
242.0,
240.0,
168.0,
94.0,
228.0,
255.0,
255.0,
199.0,
0.0,
3.0,
1.0,
7.0,
0.0,
0.0,
0.0,
0.0,
3.0,
0.0,
0.0,
5.0,
4.0,
0.0,
0.0,
9.0,
0.0,
5.0,
25.0,
171.0,
250.0,
254.0,
255.0,
255.0,
254.0,
252.0,
102.0,
14.0,
11.0,
5.0,
0.0,
0.0,
0.0,
0.0,
0.0,
0.0,
0.0,
0.0,
0.0,
0.0,
1.0,
7.0,
1.0,
0.0,
17.0,
0.0,
0.0,
52.0,
255.0,
255.0,
237.0,
253.0,
255.0,
178.0,
14.0,
8.0,
0.0,
0.0,
2.0,
6.0,
0.0,
0.0,
0.0,
0.0,
0.0,
0.0,
8.0,
6.0,
0.0,
0.0,
7.0,
11.0,
0.0,
12.0,
64.0,
215.0,
250.0,
255.0,
250.0,
255.0,
252.0,
255.0,
172.0,
28.0,
0.0,
4.0,
12.0,
0.0,
0.0,
0.0,
0.0,
0.0,
0.0,
0.0,
4.0,
0.0,
6.0,
0.0,
11.0,
0.0,
7.0,
104.0,
253.0,
255.0,
241.0,
241.0,
72.0,
141.0,
255.0,
235.0,
255.0,
224.0,
28.0,
0.0,
14.0,
0.0,
0.0,
0.0,
0.0,
0.0,
7.0,
0.0,
5.0,
1.0,
2.0,
0.0,
0.0,
0.0,
169.0,
255.0,
249.0,
237.0,
75.0,
26.0,
0.0,
6.0,
172.0,
255.0,
241.0,
255.0,
148.0,
0.0,
5.0,
0.0,
0.0,
0.0,
0.0,
0.0,
13.0,
0.0,
0.0,
0.0,
0.0,
7.0,
7.0,
49.0,
216.0,
251.0,
253.0,
54.0,
0.0,
5.0,
0.0,
5.0,
18.0,
136.0,
251.0,
229.0,
251.0,
44.0,
0.0,
0.0,
0.0,
0.0,
0.0,
0.0,
0.0,
0.0,
1.0,
2.0,
0.0,
0.0,
0.0,
116.0,
254.0,
202.0,
0.0,
0.0,
9.0,
0.0,
21.0,
0.0,
0.0,
63.0,
255.0,
255.0,
244.0,
114.0,
0.0,
8.0,
0.0,
0.0,
0.0,
0.0,
0.0,
14.0,
1.0,
0.0,
5.0,
3.0,
33.0,
236.0,
255.0,
122.0,
0.0,
10.0,
0.0,
2.0,
0.0,
6.0,
0.0,
65.0,
255.0,
255.0,
252.0,
53.0,
9.0,
4.0,
0.0,
0.0,
0.0,
0.0,
0.0,
17.0,
0.0,
0.0,
7.0,
3.0,
51.0,
243.0,
241.0,
255.0,
216.0,
114.0,
68.0,
73.0,
78.0,
59.0,
86.0,
204.0,
253.0,
205.0,
118.0,
16.0,
0.0,
9.0,
0.0,
0.0,
0.0,
0.0,
0.0,
0.0,
5.0,
2.0,
13.0,
0.0,
0.0,
62.0,
178.0,
255.0,
211.0,
242.0,
255.0,
255.0,
241.0,
255.0,
255.0,
255.0,
233.0,
55.0,
15.0,
0.0,
0.0,
6.0,
0.0,
0.0,
0.0,
0.0,
8.0,
0.0,
0.0,
0.0,
4.0,
0.0,
12.0,
0.0,
8.0,
12.0,
50.0,
129.0,
196.0,
133.0,
194.0,
248.0,
176.0,
98.0,
41.0,
0.0,
2.0,
0.0,
10.0,
0.0,
0.0,
0.0,
0.0,
0.0,
0.0,
0.0,
0.0,
0.0,
0.0,
0.0,
0.0,
0.0,
0.0,
0.0,
0.0,
0.0,
0.0,
0.0,
0.0,
0.0,
0.0,
0.0,
0.0,
0.0,
0.0,
0.0,
0.0,
0.0,
0.0,
0.0,
0.0,
0.0,
0.0,
0.0,
0.0,
0.0,
0.0,
0.0,
0.0,
0.0,
0.0,
0.0,
0.0,
0.0,
0.0,
0.0,
0.0,
0.0,
0.0,
0.0,
0.0,
0.0,
0.0,
0.0,
0.0,
0.0,
0.0,
0.0,
0.0,
0.0,
0.0,
0.0,
0.0,
0.0,
0.0,
0.0,
0.0,
0.0,
0.0,
0.0,
0.0,
0.0,
0.0,
0.0,
0.0,
0.0,
0.0,
0.0,
0.0,
0.0,
0.0,
0.0,
0.0,
0.0,
0.0,
0.0,
0.0,
0.0,
0.0,
0.0,
0.0,
0.0,
0.0,
0.0,
0.0,
0.0,
0.0,
0.0,
0.0,
0.0,
0.0,
0.0,
0.0,
0.0,
0.0,
0.0,
0.0,
0.0,
0.0,
0.0,
0.0,
0.0,
0.0,
0.0,
0.0,
0.0,
