0.0,
0.0,
0.0,
0.0,
0.0,
0.0,
0.0,
0.0,
1.0,
0.0,
0.0,
4.0,
1.0,
0.0,
8.0,
0.0,
1.0,
0.0,
0.0,
2.0,
1.0,
0.0,
0.0,
0.0,
1.0,
0.0,
0.0,
0.0,
0.0,
0.0,
0.0,
0.0,
0.0,
0.0,
0.0,
0.0,
0.0,
0.0,
11.0,
11.0,
0.0,
0.0,
9.0,
0.0,
0.0,
0.0,
2.0,
4.0,
1.0,
0.0,
0.0,
3.0,
0.0,
4.0,
3.0,
5.0,
0.0,
0.0,
0.0,
0.0,
0.0,
0.0,
0.0,
0.0,
10.0,
0.0,
0.0,
0.0,
3.0,
8.0,
2.0,
0.0,
0.0,
1.0,
3.0,
0.0,
0.0,
0.0,
0.0,
2.0,
0.0,
0.0,
0.0,
0.0,
0.0,
0.0,
0.0,
0.0,
0.0,
0.0,
0.0,
0.0,
8.0,
0.0,
2.0,
0.0,
8.0,
0.0,
0.0,
16.0,
2.0,
1.0,
0.0,
0.0,
0.0,
4.0,
3.0,
0.0,
2.0,
5.0,
8.0,
2.0,
0.0,
0.0,
0.0,
0.0,
0.0,
0.0,
0.0,
0.0,
0.0,
0.0,
9.0,
0.0,
9.0,
0.0,
0.0,
0.0,
2.0,
0.0,
0.0,
0.0,
6.0,
6.0,
0.0,
0.0,
3.0,
0.0,
0.0,
7.0,
0.0,
0.0,
0.0,
0.0,
0.0,
0.0,
0.0,
0.0,
13.0,
0.0,
9.0,
4.0,
2.0,
95.0,
245.0,
211.0,
4.0,
0.0,
0.0,
3.0,
0.0,
0.0,
0.0,
6.0,
98.0,
31.0,
0.0,
0.0,
0.0,
0.0,
0.0,
0.0,
0.0,
0.0,
0.0,
0.0,
0.0,
17.0,
0.0,
39.0,
215.0,
246.0,
237.0,
161.0,
4.0,
0.0,
0.0,
3.0,
0.0,
0.0,
39.0,
97.0,
249.0,
111.0,
16.0,
4.0,
0.0,
0.0,
0.0,
0.0,
0.0,
0.0,
0.0,
0.0,
0.0,
0.0,
100.0,
233.0,
255.0,
222.0,
255.0,
119.0,
0.0,
0.0,
1.0,
4.0,
0.0,
18.0,
113.0,
216.0,
255.0,
93.0,
0.0,
0.0,
0.0,
0.0,
0.0,
0.0,
0.0,
0.0,
0.0,
0.0,
6.0,
133.0,
250.0,
255.0,
133.0,
112.0,
241.0,
23.0,
8.0,
0.0,
0.0,
3.0,
48.0,
173.0,
255.0,
230.0,
109.0,
15.0,
0.0,
10.0,
0.0,
0.0,
0.0,
0.0,
0.0,
0.0,
0.0,
0.0,
29.0,
244.0,
224.0,
120.0,
0.0,
57.0,
145.0,
0.0,
0.0,
4.0,
12.0,
102.0,
234.0,
255.0,
174.0,
49.0,
20.0,
0.0,
0.0,
15.0,
0.0,
0.0,
0.0,
0.0,
0.0,
0.0,
0.0,
0.0,
126.0,
246.0,
241.0,
0.0,
0.0,
0.0,
9.0,
0.0,
6.0,
23.0,
181.0,
255.0,
221.0,
118.0,
0.0,
16.0,
0.0,
0.0,
4.0,
4.0,
0.0,
0.0,
0.0,
0.0,
0.0,
0.0,
0.0,
0.0,
63.0,
245.0,
218.0,
35.0,
2.0,
4.0,
0.0,
17.0,
85.0,
214.0,
255.0,
162.0,
26.0,
0.0,
15.0,
0.0,
5.0,
11.0,
3.0,
0.0,
0.0,
0.0,
0.0,
0.0,
0.0,
0.0,
0.0,
0.0,
1.0,
156.0,
255.0,
149.0,
0.0,
13.0,
0.0,
135.0,
255.0,
224.0,
117.0,
7.0,
0.0,
8.0,
0.0,
9.0,
0.0,
2.0,
0.0,
0.0,
0.0,
0.0,
0.0,
0.0,
0.0,
0.0,
0.0,
0.0,
9.0,
65.0,
236.0,
255.0,
158.0,
0.0,
128.0,
250.0,
242.0,
142.0,
0.0,
0.0,
17.0,
0.0,
13.0,
1.0,
0.0,
0.0,
0.0,
1.0,
0.0,
0.0,
0.0,
0.0,
0.0,
0.0,
0.0,
0.0,
0.0,
0.0,
138.0,
253.0,
248.0,
182.0,
240.0,
238.0,
114.0,
7.0,
0.0,
18.0,
0.0,
0.0,
0.0,
0.0,
4.0,
5.0,
3.0,
0.0,
0.0,
0.0,
0.0,
0.0,
0.0,
0.0,
0.0,
0.0,
3.0,
0.0,
12.0,
188.0,
255.0,
253.0,
250.0,
100.0,
1.0,
0.0,
10.0,
0.0,
0.0,
7.0,
4.0,
3.0,
0.0,
0.0,
0.0,
0.0,
0.0,
0.0,
0.0,
0.0,
0.0,
0.0,
0.0,
0.0,
3.0,
0.0,
16.0,
138.0,
241.0,
255.0,
255.0,
143.0,
1.0,
9.0,
0.0,
0.0,
2.0,
0.0,
3.0,
0.0,
0.0,
0.0,
0.0,
0.0,
0.0,
0.0,
0.0,
0.0,
0.0,
0.0,
0.0,
0.0,
0.0,
6.0,
55.0,
255.0,
255.0,
105.0,
187.0,
255.0,
122.0,
0.0,
0.0,
4.0,
0.0,
7.0,
0.0,
0.0,
0.0,
0.0,
0.0,
0.0,
0.0,
0.0,
0.0,
0.0,
0.0,
0.0,
0.0,
0.0,
16.0,
0.0,
223.0,
214.0,
43.0,
0.0,
76.0,
242.0,
216.0,
29.0,
0.0,
7.0,
0.0,
8.0,
1.0,
0.0,
0.0,
0.0,
0.0,
0.0,
0.0,
0.0,
0.0,
0.0,
0.0,
0.0,
0.0,
0.0,
0.0,
115.0,
255.0,
116.0,
9.0,
4.0,
12.0,
152.0,
238.0,
91.0,
0.0,
3.0,
10.0,
0.0,
7.0,
0.0,
0.0,
0.0,
0.0,
0.0,
0.0,
0.0,
0.0,
0.0,
0.0,
0.0,
0.0,
0.0,
8.0,
225.0,
234.0,
45.0,
1.0,
0.0,
11.0,
136.0,
255.0,
108.0,
0.0,
4.0,
8.0,
0.0,
6.0,
0.0,
0.0,
0.0,
0.0,
0.0,
0.0,
0.0,
0.0,
0.0,
0.0,
0.0,
0.0,
0.0,
0.0,
205.0,
232.0,
15.0,
10.0,
16.0,
0.0,
145.0,
255.0,
63.0,
7.0,
9.0,
0.0,
1.0,
0.0,
2.0,
0.0,
0.0,
0.0,
0.0,
0.0,
0.0,
0.0,
0.0,
0.0,
0.0,
0.0,
0.0,
1.0,
101.0,
255.0,
182.0,
42.0,
32.0,
141.0,
253.0,
163.0,
19.0,
2.0,
7.0,
0.0,
4.0,
0.0,
1.0,
0.0,
0.0,
0.0,
0.0,
0.0,
0.0,
0.0,
0.0,
0.0,
0.0,
0.0,
0.0,
2.0,
29.0,
211.0,
255.0,
229.0,
250.0,
233.0,
150.0,
16.0,
9.0,
0.0,
0.0,
10.0,
0.0,
0.0,
0.0,
0.0,
0.0,
0.0,
0.0,
0.0,
0.0,
0.0,
0.0,
0.0,
0.0,
0.0,
0.0,
3.0,
0.0,
30.0,
124.0,
192.0,
166.0,
74.0,
0.0,
0.0,
0.0,
0.0,
0.0,
0.0,
0.0,
0.0,
0.0,
0.0,
0.0,
0.0,
0.0,
0.0,
0.0,
0.0,
0.0,
0.0,
0.0,
0.0,
0.0,
1.0,
0.0,
0.0,
0.0,
4.0,
0.0,
0.0,
0.0,
0.0,
0.0,
0.0,
0.0,
0.0,
0.0,
0.0,
0.0,
0.0,
0.0,
0.0,
0.0,
0.0,
0.0,
0.0,
0.0,
0.0,
0.0,
0.0,
0.0,
7.0,
10.0,
13.0,
11.0,
1.0,
0.0,
0.0,
4.0,
0.0,
0.0,
0.0,
0.0,
0.0,
0.0,
0.0,
0.0,
0.0,
0.0,
0.0,
0.0,
0.0,
0.0,
0.0,
0.0,
0.0,
0.0,
0.0,
0.0,
0.0,
0.0,
0.0,
0.0,
3.0,
5.0,
0.0,
0.0,
0.0,
0.0,
0.0,
0.0,
0.0,
0.0,
0.0,
0.0,
0.0,
0.0,
0.0,
0.0,
