0.0,
0.0,
0.0,
0.0,
0.0,
0.0,
0.0,
0.0,
0.0,
8.0,
1.0,
0.0,
1.0,
10.0,
3.0,
0.0,
0.0,
7.0,
0.0,
5.0,
0.0,
4.0,
6.0,
6.0,
0.0,
0.0,
0.0,
0.0,
0.0,
0.0,
0.0,
0.0,
0.0,
0.0,
0.0,
0.0,
1.0,
0.0,
0.0,
1.0,
0.0,
0.0,
0.0,
1.0,
0.0,
0.0,
8.0,
7.0,
0.0,
0.0,
0.0,
0.0,
0.0,
0.0,
0.0,
0.0,
0.0,
0.0,
0.0,
0.0,
0.0,
0.0,
0.0,
0.0,
0.0,
0.0,
2.0,
7.0,
0.0,
0.0,
5.0,
8.0,
1.0,
0.0,
6.0,
0.0,
0.0,
12.0,
8.0,
13.0,
0.0,
0.0,
0.0,
0.0,
0.0,
0.0,
0.0,
0.0,
0.0,
0.0,
0.0,
0.0,
0.0,
0.0,
5.0,
0.0,
0.0,
0.0,
5.0,
0.0,
8.0,
0.0,
1.0,
0.0,
0.0,
0.0,
0.0,
0.0,
0.0,
0.0,
0.0,
0.0,
0.0,
0.0,
0.0,
0.0,
0.0,
0.0,
0.0,
0.0,
5.0,
1.0,
0.0,
0.0,
0.0,
1.0,
6.0,
2.0,
3.0,
6.0,
0.0,
0.0,
9.0,
0.0,
6.0,
0.0,
0.0,
0.0,
0.0,
0.0,
0.0,
0.0,
0.0,
0.0,
0.0,
0.0,
0.0,
0.0,
0.0,
0.0,
1.0,
6.0,
12.0,
6.0,
9.0,
31.0,
81.0,
184.0,
226.0,
235.0,
156.0,
53.0,
0.0,
0.0,
0.0,
0.0,
0.0,
0.0,
0.0,
0.0,
0.0,
0.0,
0.0,
0.0,
0.0,
0.0,
0.0,
29.0,
17.0,
0.0,
32.0,
106.0,
191.0,
255.0,
244.0,
255.0,
248.0,
254.0,
238.0,
185.0,
13.0,
2.0,
0.0,
0.0,
0.0,
0.0,
0.0,
0.0,
0.0,
0.0,
0.0,
0.0,
0.0,
0.0,
30.0,
184.0,
249.0,
222.0,
237.0,
255.0,
254.0,
253.0,
255.0,
252.0,
243.0,
254.0,
255.0,
247.0,
3.0,
0.0,
0.0,
0.0,
0.0,
0.0,
0.0,
0.0,
0.0,
0.0,
0.0,
0.0,
0.0,
0.0,
32.0,
248.0,
255.0,
255.0,
250.0,
216.0,
183.0,
109.0,
43.0,
9.0,
12.0,
255.0,
255.0,
234.0,
0.0,
6.0,
0.0,
0.0,
0.0,
0.0,
0.0,
0.0,
0.0,
0.0,
0.0,
0.0,
0.0,
0.0,
16.0,
197.0,
255.0,
234.0,
249.0,
56.0,
7.0,
0.0,
17.0,
8.0,
199.0,
228.0,
254.0,
172.0,
9.0,
0.0,
0.0,
0.0,
0.0,
0.0,
0.0,
0.0,
0.0,
0.0,
0.0,
0.0,
0.0,
0.0,
10.0,
110.0,
241.0,
255.0,
251.0,
244.0,
0.0,
4.0,
0.0,
77.0,
248.0,
255.0,
247.0,
85.0,
22.0,
0.0,
0.0,
0.0,
0.0,
0.0,
0.0,
0.0,
0.0,
0.0,
0.0,
0.0,
0.0,
0.0,
0.0,
12.0,
28.0,
174.0,
255.0,
237.0,
131.0,
2.0,
44.0,
218.0,
247.0,
246.0,
216.0,
3.0,
0.0,
2.0,
0.0,
0.0,
0.0,
0.0,
0.0,
0.0,
0.0,
0.0,
0.0,
0.0,
0.0,
0.0,
5.0,
0.0,
20.0,
9.0,
189.0,
255.0,
245.0,
105.0,
201.0,
255.0,
255.0,
204.0,
1.0,
12.0,
3.0,
0.0,
0.0,
0.0,
0.0,
0.0,
0.0,
0.0,
0.0,
0.0,
0.0,
0.0,
0.0,
0.0,
15.0,
0.0,
0.0,
0.0,
165.0,
249.0,
242.0,
255.0,
255.0,
253.0,
186.0,
21.0,
0.0,
0.0,
0.0,
6.0,
0.0,
0.0,
0.0,
0.0,
0.0,
0.0,
0.0,
0.0,
0.0,
0.0,
0.0,
0.0,
0.0,
8.0,
4.0,
2.0,
174.0,
244.0,
253.0,
253.0,
251.0,
190.0,
28.0,
0.0,
4.0,
5.0,
0.0,
0.0,
0.0,
0.0,
0.0,
0.0,
0.0,
0.0,
0.0,
0.0,
0.0,
0.0,
0.0,
0.0,
3.0,
0.0,
10.0,
55.0,
188.0,
255.0,
255.0,
249.0,
255.0,
167.0,
0.0,
9.0,
0.0,
3.0,
1.0,
0.0,
0.0,
0.0,
0.0,
0.0,
5.0,
3.0,
7.0,
0.0,
6.0,
0.0,
3.0,
0.0,
0.0,
0.0,
122.0,
253.0,
255.0,
244.0,
255.0,
255.0,
255.0,
93.0,
4.0,
2.0,
4.0,
0.0,
0.0,
0.0,
0.0,
0.0,
0.0,
0.0,
0.0,
0.0,
6.0,
0.0,
10.0,
2.0,
11.0,
0.0,
0.0,
33.0,
222.0,
255.0,
226.0,
254.0,
255.0,
242.0,
255.0,
93.0,
3.0,
0.0,
0.0,
2.0,
4.0,
4.0,
0.0,
0.0,
0.0,
0.0,
0.0,
2.0,
6.0,
0.0,
6.0,
3.0,
0.0,
0.0,
22.0,
186.0,
253.0,
255.0,
255.0,
148.0,
136.0,
255.0,
250.0,
82.0,
1.0,
1.0,
0.0,
7.0,
8.0,
0.0,
0.0,
0.0,
0.0,
0.0,
2.0,
4.0,
5.0,
0.0,
2.0,
0.0,
0.0,
13.0,
107.0,
255.0,
246.0,
234.0,
104.0,
0.0,
68.0,
255.0,
255.0,
82.0,
1.0,
5.0,
0.0,
2.0,
4.0,
0.0,
0.0,
0.0,
0.0,
0.0,
4.0,
0.0,
0.0,
1.0,
5.0,
0.0,
5.0,
74.0,
245.0,
242.0,
255.0,
56.0,
8.0,
18.0,
217.0,
254.0,
242.0,
74.0,
0.0,
0.0,
0.0,
0.0,
0.0,
4.0,
0.0,
0.0,
0.0,
0.0,
4.0,
0.0,
0.0,
3.0,
0.0,
0.0,
8.0,
112.0,
255.0,
251.0,
191.0,
74.0,
92.0,
197.0,
255.0,
246.0,
132.0,
24.0,
0.0,
0.0,
4.0,
0.0,
0.0,
5.0,
0.0,
0.0,
0.0,
0.0,
2.0,
0.0,
0.0,
1.0,
0.0,
0.0,
1.0,
114.0,
255.0,
255.0,
244.0,
255.0,
251.0,
254.0,
255.0,
183.0,
18.0,
0.0,
0.0,
2.0,
8.0,
7.0,
0.0,
1.0,
0.0,
0.0,
0.0,
0.0,
0.0,
2.0,
6.0,
1.0,
0.0,
4.0,
5.0,
115.0,
254.0,
249.0,
255.0,
246.0,
255.0,
255.0,
108.0,
18.0,
0.0,
5.0,
16.0,
0.0,
0.0,
2.0,
0.0,
6.0,
0.0,
0.0,
0.0,
0.0,
1.0,
0.0,
0.0,
0.0,
0.0,
2.0,
6.0,
9.0,
218.0,
255.0,
239.0,
187.0,
154.0,
81.0,
6.0,
0.0,
0.0,
0.0,
0.0,
0.0,
0.0,
0.0,
0.0,
0.0,
0.0,
0.0,
0.0,
0.0,
1.0,
0.0,
0.0,
0.0,
0.0,
1.0,
5.0,
7.0,
0.0,
12.0,
4.0,
0.0,
10.0,
8.0,
0.0,
12.0,
0.0,
0.0,
0.0,
0.0,
0.0,
0.0,
0.0,
0.0,
0.0,
0.0,
0.0,
0.0,
0.0,
0.0,
0.0,
0.0,
0.0,
1.0,
2.0,
3.0,
6.0,
14.0,
2.0,
0.0,
0.0,
0.0,
0.0,
0.0,
0.0,
0.0,
0.0,
0.0,
0.0,
0.0,
0.0,
0.0,
0.0,
0.0,
0.0,
0.0,
0.0,
0.0,
1.0,
1.0,
1.0,
0.0,
0.0,
0.0,
0.0,
0.0,
0.0,
0.0,
3.0,
10.0,
9.0,
0.0,
0.0,
0.0,
0.0,
0.0,
0.0,
0.0,
0.0,
0.0,
0.0,
0.0,
0.0,
0.0,
