0.0,
0.0,
2.0,
2.0,
1.0,
0.0,
0.0,
2.0,
0.0,
9.0,
2.0,
1.0,
2.0,
0.0,
0.0,
6.0,
3.0,
0.0,
2.0,
1.0,
0.0,
6.0,
4.0,
0.0,
0.0,
0.0,
0.0,
0.0,
2.0,
2.0,
2.0,
1.0,
0.0,
0.0,
0.0,
1.0,
0.0,
0.0,
0.0,
0.0,
7.0,
4.0,
0.0,
0.0,
0.0,
11.0,
1.0,
0.0,
17.0,
8.0,
0.0,
8.0,
4.0,
5.0,
3.0,
0.0,
4.0,
2.0,
0.0,
0.0,
0.0,
1.0,
2.0,
2.0,
10.0,
4.0,
0.0,
0.0,
0.0,
3.0,
3.0,
4.0,
14.0,
6.0,
0.0,
0.0,
0.0,
0.0,
3.0,
2.0,
0.0,
0.0,
0.0,
1.0,
0.0,
0.0,
0.0,
0.0,
2.0,
3.0,
3.0,
1.0,
0.0,
0.0,
11.0,
9.0,
0.0,
0.0,
0.0,
0.0,
0.0,
0.0,
5.0,
19.0,
0.0,
0.0,
13.0,
0.0,
0.0,
2.0,
0.0,
0.0,
0.0,
0.0,
0.0,
1.0,
2.0,
1.0,
0.0,
0.0,
2.0,
0.0,
4.0,
0.0,
0.0,
5.0,
8.0,
16.0,
13.0,
15.0,
0.0,
0.0,
14.0,
2.0,
0.0,
0.0,
5.0,
11.0,
3.0,
0.0,
0.0,
2.0,
4.0,
3.0,
0.0,
0.0,
0.0,
0.0,
14.0,
0.0,
8.0,
0.0,
0.0,
5.0,
0.0,
0.0,
0.0,
0.0,
0.0,
12.0,
0.0,
0.0,
8.0,
0.0,
0.0,
0.0,
4.0,
4.0,
0.0,
4.0,
5.0,
2.0,
0.0,
0.0,
3.0,
9.0,
0.0,
4.0,
102.0,
149.0,
158.0,
180.0,
162.0,
155.0,
113.0,
59.0,
62.0,
145.0,
172.0,
179.0,
173.0,
71.0,
20.0,
0.0,
0.0,
15.0,
0.0,
1.0,
4.0,
0.0,
0.0,
0.0,
12.0,
24.0,
100.0,
129.0,
236.0,
255.0,
244.0,
254.0,
247.0,
255.0,
255.0,
255.0,
239.0,
255.0,
255.0,
241.0,
255.0,
248.0,
109.0,
15.0,
0.0,
10.0,
0.0,
0.0,
7.0,
5.0,
0.0,
5.0,
0.0,
193.0,
251.0,
255.0,
252.0,
255.0,
254.0,
244.0,
228.0,
151.0,
255.0,
251.0,
255.0,
245.0,
255.0,
250.0,
254.0,
255.0,
200.0,
0.0,
0.0,
0.0,
6.0,
0.0,
2.0,
2.0,
0.0,
5.0,
6.0,
202.0,
248.0,
253.0,
248.0,
157.0,
116.0,
89.0,
46.0,
0.0,
83.0,
215.0,
255.0,
255.0,
245.0,
255.0,
254.0,
251.0,
147.0,
8.0,
11.0,
7.0,
6.0,
0.0,
0.0,
3.0,
0.0,
3.0,
8.0,
174.0,
255.0,
255.0,
93.0,
7.0,
0.0,
0.0,
0.0,
27.0,
0.0,
23.0,
122.0,
251.0,
247.0,
255.0,
249.0,
148.0,
34.0,
0.0,
2.0,
2.0,
0.0,
0.0,
4.0,
5.0,
0.0,
3.0,
0.0,
100.0,
255.0,
243.0,
249.0,
83.0,
2.0,
15.0,
2.0,
0.0,
76.0,
181.0,
252.0,
255.0,
255.0,
239.0,
173.0,
11.0,
0.0,
0.0,
1.0,
2.0,
0.0,
4.0,
6.0,
0.0,
0.0,
4.0,
0.0,
28.0,
152.0,
235.0,
255.0,
252.0,
72.0,
6.0,
8.0,
70.0,
216.0,
245.0,
255.0,
255.0,
224.0,
100.0,
36.0,
0.0,
1.0,
13.0,
0.0,
5.0,
0.0,
6.0,
2.0,
0.0,
0.0,
4.0,
0.0,
0.0,
11.0,
147.0,
253.0,
247.0,
255.0,
230.0,
171.0,
251.0,
255.0,
255.0,
247.0,
175.0,
29.0,
0.0,
0.0,
0.0,
1.0,
4.0,
0.0,
1.0,
1.0,
1.0,
0.0,
0.0,
1.0,
0.0,
6.0,
0.0,
0.0,
7.0,
41.0,
220.0,
250.0,
255.0,
247.0,
255.0,
249.0,
175.0,
78.0,
5.0,
0.0,
25.0,
0.0,
2.0,
7.0,
5.0,
0.0,
3.0,
1.0,
0.0,
0.0,
11.0,
9.0,
0.0,
6.0,
0.0,
6.0,
0.0,
45.0,
201.0,
250.0,
255.0,
254.0,
254.0,
215.0,
8.0,
0.0,
6.0,
0.0,
0.0,
0.0,
0.0,
0.0,
0.0,
3.0,
8.0,
15.0,
0.0,
3.0,
4.0,
0.0,
3.0,
2.0,
0.0,
0.0,
33.0,
255.0,
242.0,
255.0,
253.0,
249.0,
255.0,
245.0,
56.0,
0.0,
5.0,
0.0,
2.0,
0.0,
2.0,
0.0,
0.0,
0.0,
0.0,
0.0,
0.0,
4.0,
4.0,
2.0,
6.0,
0.0,
0.0,
64.0,
243.0,
255.0,
251.0,
217.0,
115.0,
152.0,
255.0,
255.0,
167.0,
0.0,
15.0,
0.0,
10.0,
12.0,
0.0,
0.0,
0.0,
0.0,
0.0,
5.0,
9.0,
9.0,
0.0,
0.0,
0.0,
0.0,
16.0,
183.0,
246.0,
245.0,
186.0,
26.0,
0.0,
6.0,
223.0,
251.0,
236.0,
68.0,
0.0,
0.0,
0.0,
0.0,
0.0,
0.0,
0.0,
0.0,
0.0,
0.0,
4.0,
0.0,
0.0,
0.0,
0.0,
12.0,
78.0,
245.0,
255.0,
180.0,
0.0,
14.0,
7.0,
3.0,
27.0,
227.0,
255.0,
163.0,
0.0,
9.0,
1.0,
0.0,
9.0,
0.0,
0.0,
0.0,
0.0,
0.0,
0.0,
0.0,
0.0,
10.0,
0.0,
5.0,
97.0,
255.0,
232.0,
68.0,
0.0,
1.0,
0.0,
0.0,
11.0,
196.0,
255.0,
151.0,
11.0,
0.0,
2.0,
9.0,
0.0,
0.0,
0.0,
0.0,
0.0,
8.0,
6.0,
2.0,
0.0,
7.0,
0.0,
2.0,
96.0,
246.0,
255.0,
13.0,
23.0,
0.0,
4.0,
15.0,
0.0,
218.0,
242.0,
170.0,
2.0,
0.0,
0.0,
1.0,
0.0,
0.0,
0.0,
0.0,
0.0,
0.0,
0.0,
0.0,
0.0,
4.0,
1.0,
16.0,
87.0,
255.0,
242.0,
127.0,
7.0,
4.0,
0.0,
6.0,
152.0,
255.0,
237.0,
170.0,
0.0,
6.0,
0.0,
0.0,
15.0,
0.0,
0.0,
0.0,
0.0,
0.0,
3.0,
6.0,
0.0,
4.0,
0.0,
0.0,
17.0,
196.0,
254.0,
254.0,
241.0,
121.0,
222.0,
222.0,
250.0,
242.0,
246.0,
50.0,
0.0,
0.0,
4.0,
0.0,
0.0,
0.0,
0.0,
0.0,
0.0,
0.0,
0.0,
0.0,
0.0,
0.0,
0.0,
0.0,
0.0,
28.0,
164.0,
255.0,
255.0,
242.0,
255.0,
255.0,
239.0,
194.0,
55.0,
0.0,
9.0,
0.0,
0.0,
6.0,
0.0,
0.0,
0.0,
0.0,
0.0,
0.0,
0.0,
0.0,
0.0,
0.0,
0.0,
0.0,
0.0,
0.0,
19.0,
143.0,
175.0,
255.0,
149.0,
111.0,
38.0,
14.0,
0.0,
0.0,
7.0,
0.0,
0.0,
13.0,
2.0,
0.0,
0.0,
0.0,
0.0,
0.0,
0.0,
0.0,
0.0,
0.0,
0.0,
0.0,
0.0,
2.0,
0.0,
7.0,
0.0,
16.0,
0.0,
2.0,
3.0,
0.0,
0.0,
13.0,
10.0,
0.0,
3.0,
6.0,
0.0,
0.0,
0.0,
0.0,
0.0,
0.0,
0.0,
0.0,
0.0,
0.0,
0.0,
0.0,
0.0,
0.0,
16.0,
1.0,
5.0,
0.0,
15.0,
0.0,
0.0,
13.0,
3.0,
0.0,
0.0,
3.0,
0.0,
0.0,
0.0,
0.0,
0.0,
0.0,
0.0,
