0.0,
0.0,
0.0,
0.0,
0.0,
0.0,
0.0,
0.0,
0.0,
6.0,
2.0,
3.0,
0.0,
0.0,
0.0,
0.0,
0.0,
0.0,
0.0,
1.0,
0.0,
7.0,
0.0,
7.0,
0.0,
0.0,
0.0,
0.0,
0.0,
0.0,
0.0,
0.0,
0.0,
0.0,
0.0,
0.0,
2.0,
0.0,
0.0,
3.0,
9.0,
0.0,
0.0,
4.0,
2.0,
16.0,
14.0,
4.0,
0.0,
0.0,
0.0,
0.0,
0.0,
0.0,
0.0,
0.0,
0.0,
0.0,
0.0,
0.0,
0.0,
0.0,
0.0,
0.0,
0.0,
13.0,
15.0,
0.0,
0.0,
0.0,
0.0,
2.0,
0.0,
0.0,
0.0,
0.0,
1.0,
5.0,
9.0,
0.0,
0.0,
0.0,
0.0,
0.0,
0.0,
0.0,
0.0,
0.0,
0.0,
0.0,
0.0,
0.0,
0.0,
0.0,
0.0,
11.0,
17.0,
8.0,
0.0,
6.0,
15.0,
1.0,
3.0,
6.0,
0.0,
0.0,
3.0,
0.0,
0.0,
0.0,
0.0,
0.0,
0.0,
0.0,
0.0,
0.0,
0.0,
0.0,
0.0,
0.0,
7.0,
1.0,
7.0,
0.0,
0.0,
0.0,
0.0,
8.0,
0.0,
0.0,
6.0,
0.0,
0.0,
0.0,
0.0,
2.0,
0.0,
0.0,
0.0,
0.0,
0.0,
0.0,
0.0,
0.0,
0.0,
0.0,
0.0,
0.0,
5.0,
0.0,
10.0,
0.0,
0.0,
15.0,
0.0,
9.0,
107.0,
172.0,
226.0,
174.0,
88.0,
59.0,
0.0,
6.0,
0.0,
0.0,
0.0,
0.0,
0.0,
0.0,
0.0,
0.0,
0.0,
0.0,
0.0,
0.0,
6.0,
0.0,
12.0,
6.0,
0.0,
14.0,
107.0,
255.0,
250.0,
242.0,
255.0,
255.0,
253.0,
234.0,
26.0,
0.0,
0.0,
0.0,
0.0,
0.0,
0.0,
0.0,
0.0,
0.0,
0.0,
0.0,
0.0,
0.0,
6.0,
0.0,
4.0,
0.0,
78.0,
228.0,
255.0,
252.0,
240.0,
200.0,
218.0,
255.0,
255.0,
231.0,
0.0,
4.0,
0.0,
0.0,
0.0,
0.0,
0.0,
0.0,
0.0,
0.0,
0.0,
0.0,
0.0,
0.0,
0.0,
0.0,
0.0,
62.0,
246.0,
255.0,
224.0,
88.0,
1.0,
161.0,
235.0,
245.0,
213.0,
175.0,
0.0,
4.0,
0.0,
0.0,
0.0,
0.0,
0.0,
0.0,
0.0,
0.0,
0.0,
0.0,
0.0,
0.0,
4.0,
5.0,
3.0,
137.0,
248.0,
241.0,
85.0,
0.0,
140.0,
227.0,
255.0,
89.0,
0.0,
10.0,
0.0,
0.0,
0.0,
0.0,
0.0,
0.0,
0.0,
0.0,
0.0,
0.0,
0.0,
0.0,
0.0,
0.0,
5.0,
0.0,
0.0,
204.0,
255.0,
76.0,
0.0,
117.0,
254.0,
241.0,
55.0,
1.0,
1.0,
12.0,
0.0,
0.0,
0.0,
0.0,
0.0,
0.0,
0.0,
0.0,
0.0,
0.0,
0.0,
0.0,
0.0,
0.0,
0.0,
12.0,
20.0,
255.0,
249.0,
21.0,
106.0,
245.0,
240.0,
83.0,
14.0,
0.0,
10.0,
0.0,
0.0,
20.0,
0.0,
0.0,
0.0,
0.0,
0.0,
0.0,
0.0,
0.0,
0.0,
0.0,
0.0,
0.0,
7.0,
0.0,
0.0,
239.0,
240.0,
167.0,
255.0,
247.0,
100.0,
1.0,
14.0,
0.0,
0.0,
6.0,
1.0,
0.0,
0.0,
0.0,
0.0,
0.0,
0.0,
0.0,
0.0,
0.0,
0.0,
0.0,
0.0,
0.0,
5.0,
5.0,
9.0,
140.0,
255.0,
255.0,
230.0,
157.0,
0.0,
0.0,
0.0,
12.0,
16.0,
4.0,
0.0,
10.0,
0.0,
0.0,
0.0,
0.0,
0.0,
0.0,
0.0,
0.0,
0.0,
0.0,
0.0,
0.0,
0.0,
15.0,
1.0,
12.0,
213.0,
255.0,
255.0,
255.0,
151.0,
0.0,
9.0,
0.0,
0.0,
0.0,
0.0,
5.0,
0.0,
0.0,
0.0,
0.0,
0.0,
0.0,
0.0,
0.0,
0.0,
0.0,
0.0,
0.0,
9.0,
0.0,
0.0,
168.0,
255.0,
225.0,
208.0,
242.0,
250.0,
179.0,
26.0,
1.0,
0.0,
0.0,
18.0,
0.0,
0.0,
0.0,
0.0,
0.0,
0.0,
2.0,
2.0,
0.0,
6.0,
4.0,
0.0,
2.0,
0.0,
8.0,
99.0,
255.0,
239.0,
38.0,
29.0,
125.0,
238.0,
252.0,
164.0,
0.0,
13.0,
0.0,
0.0,
12.0,
0.0,
0.0,
0.0,
0.0,
2.0,
6.0,
0.0,
0.0,
0.0,
0.0,
0.0,
0.0,
0.0,
43.0,
229.0,
250.0,
102.0,
5.0,
0.0,
9.0,
48.0,
248.0,
255.0,
25.0,
0.0,
10.0,
9.0,
0.0,
0.0,
0.0,
0.0,
0.0,
1.0,
4.0,
0.0,
0.0,
1.0,
1.0,
0.0,
5.0,
4.0,
193.0,
255.0,
170.0,
0.0,
0.0,
20.0,
0.0,
0.0,
206.0,
247.0,
53.0,
3.0,
4.0,
1.0,
4.0,
0.0,
0.0,
0.0,
0.0,
0.0,
0.0,
0.0,
0.0,
8.0,
3.0,
0.0,
2.0,
96.0,
250.0,
229.0,
0.0,
3.0,
14.0,
0.0,
0.0,
72.0,
245.0,
255.0,
64.0,
0.0,
0.0,
0.0,
1.0,
0.0,
0.0,
0.0,
0.0,
0.0,
1.0,
0.0,
0.0,
4.0,
0.0,
0.0,
3.0,
251.0,
252.0,
100.0,
0.0,
8.0,
0.0,
10.0,
150.0,
239.0,
255.0,
178.0,
14.0,
0.0,
6.0,
0.0,
0.0,
0.0,
0.0,
0.0,
0.0,
1.0,
2.0,
0.0,
0.0,
2.0,
1.0,
10.0,
32.0,
239.0,
166.0,
0.0,
16.0,
22.0,
114.0,
237.0,
255.0,
255.0,
129.0,
17.0,
0.0,
6.0,
5.0,
0.0,
11.0,
0.0,
0.0,
0.0,
0.0,
0.0,
1.0,
0.0,
0.0,
3.0,
3.0,
19.0,
48.0,
255.0,
62.0,
77.0,
133.0,
251.0,
251.0,
255.0,
219.0,
58.0,
6.0,
0.0,
5.0,
2.0,
5.0,
0.0,
0.0,
0.0,
0.0,
0.0,
0.0,
0.0,
3.0,
3.0,
2.0,
0.0,
0.0,
1.0,
29.0,
244.0,
255.0,
244.0,
255.0,
250.0,
238.0,
110.0,
22.0,
5.0,
0.0,
6.0,
9.0,
0.0,
5.0,
13.0,
0.0,
0.0,
0.0,
0.0,
0.0,
0.0,
0.0,
1.0,
4.0,
0.0,
0.0,
12.0,
37.0,
228.0,
251.0,
248.0,
185.0,
86.0,
13.0,
0.0,
8.0,
0.0,
0.0,
0.0,
0.0,
0.0,
0.0,
0.0,
0.0,
0.0,
0.0,
0.0,
0.0,
3.0,
0.0,
0.0,
2.0,
0.0,
0.0,
1.0,
15.0,
0.0,
0.0,
3.0,
5.0,
4.0,
1.0,
0.0,
0.0,
0.0,
0.0,
0.0,
0.0,
0.0,
0.0,
0.0,
0.0,
0.0,
0.0,
0.0,
0.0,
6.0,
0.0,
0.0,
1.0,
2.0,
0.0,
0.0,
0.0,
12.0,
6.0,
1.0,
1.0,
3.0,
2.0,
0.0,
0.0,
0.0,
0.0,
0.0,
0.0,
0.0,
0.0,
0.0,
0.0,
0.0,
0.0,
0.0,
0.0,
5.0,
0.0,
0.0,
2.0,
5.0,
1.0,
0.0,
0.0,
0.0,
0.0,
0.0,
0.0,
0.0,
0.0,
4.0,
11.0,
0.0,
0.0,
0.0,
0.0,
0.0,
0.0,
0.0,
0.0,
0.0,
0.0,
0.0,
0.0,
