0.0,
0.0,
0.0,
0.0,
0.0,
0.0,
0.0,
0.0,
6.0,
9.0,
0.0,
0.0,
7.0,
3.0,
0.0,
0.0,
0.0,
0.0,
3.0,
9.0,
4.0,
0.0,
0.0,
14.0,
0.0,
0.0,
0.0,
0.0,
0.0,
0.0,
0.0,
0.0,
0.0,
0.0,
0.0,
0.0,
0.0,
0.0,
5.0,
0.0,
0.0,
0.0,
12.0,
8.0,
2.0,
12.0,
0.0,
0.0,
0.0,
24.0,
7.0,
0.0,
0.0,
0.0,
0.0,
0.0,
0.0,
0.0,
0.0,
0.0,
0.0,
0.0,
0.0,
0.0,
10.0,
0.0,
0.0,
14.0,
5.0,
1.0,
0.0,
0.0,
7.0,
0.0,
1.0,
23.0,
0.0,
0.0,
0.0,
4.0,
0.0,
0.0,
0.0,
0.0,
0.0,
0.0,
0.0,
0.0,
0.0,
0.0,
0.0,
0.0,
2.0,
0.0,
0.0,
1.0,
0.0,
0.0,
2.0,
12.0,
0.0,
12.0,
0.0,
0.0,
6.0,
15.0,
4.0,
1.0,
0.0,
0.0,
0.0,
0.0,
0.0,
0.0,
0.0,
0.0,
0.0,
0.0,
0.0,
0.0,
0.0,
9.0,
0.0,
0.0,
5.0,
8.0,
0.0,
0.0,
6.0,
0.0,
78.0,
198.0,
238.0,
246.0,
219.0,
95.0,
0.0,
0.0,
0.0,
0.0,
0.0,
0.0,
0.0,
0.0,
0.0,
0.0,
0.0,
0.0,
7.0,
1.0,
0.0,
5.0,
14.0,
0.0,
5.0,
43.0,
192.0,
240.0,
237.0,
244.0,
255.0,
130.0,
35.0,
20.0,
0.0,
0.0,
0.0,
0.0,
0.0,
0.0,
0.0,
0.0,
0.0,
0.0,
0.0,
0.0,
4.0,
0.0,
5.0,
9.0,
0.0,
10.0,
129.0,
228.0,
255.0,
255.0,
166.0,
40.0,
67.0,
18.0,
48.0,
27.0,
0.0,
0.0,
0.0,
0.0,
0.0,
0.0,
0.0,
0.0,
0.0,
0.0,
0.0,
0.0,
6.0,
0.0,
13.0,
4.0,
0.0,
124.0,
252.0,
248.0,
193.0,
54.0,
3.0,
11.0,
150.0,
199.0,
253.0,
96.0,
0.0,
0.0,
0.0,
0.0,
0.0,
0.0,
0.0,
0.0,
0.0,
0.0,
0.0,
0.0,
8.0,
5.0,
0.0,
18.0,
112.0,
206.0,
255.0,
186.0,
57.0,
16.0,
0.0,
0.0,
103.0,
255.0,
244.0,
232.0,
0.0,
0.0,
0.0,
0.0,
0.0,
0.0,
0.0,
0.0,
0.0,
0.0,
0.0,
0.0,
0.0,
0.0,
21.0,
0.0,
206.0,
255.0,
255.0,
78.0,
18.0,
0.0,
0.0,
9.0,
181.0,
255.0,
245.0,
221.0,
0.0,
0.0,
0.0,
0.0,
0.0,
0.0,
0.0,
0.0,
0.0,
0.0,
0.0,
0.0,
13.0,
2.0,
0.0,
199.0,
248.0,
213.0,
24.0,
3.0,
0.0,
0.0,
10.0,
227.0,
255.0,
240.0,
225.0,
52.0,
0.0,
0.0,
0.0,
0.0,
0.0,
0.0,
0.0,
0.0,
0.0,
0.0,
0.0,
0.0,
0.0,
1.0,
74.0,
228.0,
255.0,
157.0,
9.0,
0.0,
0.0,
81.0,
220.0,
246.0,
255.0,
212.0,
67.0,
7.0,
0.0,
0.0,
0.0,
0.0,
0.0,
0.0,
0.0,
0.0,
0.0,
0.0,
0.0,
0.0,
9.0,
0.0,
67.0,
254.0,
236.0,
134.0,
0.0,
0.0,
73.0,
241.0,
242.0,
247.0,
255.0,
89.0,
13.0,
19.0,
0.0,
0.0,
0.0,
0.0,
0.0,
0.0,
0.0,
0.0,
0.0,
0.0,
0.0,
0.0,
0.0,
0.0,
60.0,
234.0,
255.0,
237.0,
158.0,
132.0,
234.0,
255.0,
255.0,
244.0,
114.0,
38.0,
0.0,
3.0,
0.0,
0.0,
0.0,
0.0,
0.0,
0.0,
0.0,
0.0,
0.0,
0.0,
0.0,
0.0,
9.0,
0.0,
8.0,
164.0,
236.0,
255.0,
249.0,
255.0,
255.0,
236.0,
252.0,
72.0,
0.0,
0.0,
0.0,
8.0,
0.0,
0.0,
0.0,
0.0,
0.0,
0.0,
0.0,
0.0,
0.0,
0.0,
0.0,
0.0,
0.0,
0.0,
3.0,
129.0,
255.0,
250.0,
251.0,
251.0,
249.0,
155.0,
19.0,
5.0,
0.0,
0.0,
6.0,
0.0,
0.0,
0.0,
0.0,
0.0,
0.0,
2.0,
0.0,
0.0,
0.0,
9.0,
0.0,
10.0,
9.0,
0.0,
119.0,
249.0,
255.0,
252.0,
255.0,
164.0,
46.0,
21.0,
0.0,
0.0,
0.0,
3.0,
3.0,
3.0,
0.0,
0.0,
0.0,
0.0,
0.0,
0.0,
0.0,
2.0,
5.0,
0.0,
17.0,
0.0,
23.0,
104.0,
255.0,
235.0,
229.0,
255.0,
248.0,
128.0,
12.0,
2.0,
0.0,
0.0,
1.0,
0.0,
0.0,
0.0,
0.0,
0.0,
0.0,
0.0,
4.0,
0.0,
0.0,
0.0,
1.0,
0.0,
1.0,
34.0,
212.0,
249.0,
255.0,
255.0,
255.0,
255.0,
243.0,
0.0,
0.0,
0.0,
1.0,
5.0,
3.0,
0.0,
0.0,
0.0,
0.0,
0.0,
0.0,
0.0,
0.0,
3.0,
0.0,
5.0,
1.0,
14.0,
1.0,
193.0,
249.0,
255.0,
192.0,
190.0,
233.0,
255.0,
250.0,
7.0,
0.0,
2.0,
4.0,
3.0,
0.0,
0.0,
0.0,
4.0,
0.0,
0.0,
0.0,
0.0,
0.0,
8.0,
3.0,
2.0,
0.0,
8.0,
47.0,
255.0,
255.0,
199.0,
15.0,
87.0,
255.0,
250.0,
255.0,
0.0,
1.0,
1.0,
0.0,
0.0,
0.0,
0.0,
0.0,
0.0,
0.0,
0.0,
0.0,
0.0,
2.0,
3.0,
6.0,
0.0,
0.0,
0.0,
144.0,
239.0,
217.0,
29.0,
61.0,
114.0,
247.0,
252.0,
211.0,
17.0,
0.0,
0.0,
0.0,
0.0,
1.0,
4.0,
1.0,
0.0,
0.0,
0.0,
0.0,
0.0,
0.0,
0.0,
4.0,
4.0,
9.0,
27.0,
218.0,
252.0,
255.0,
166.0,
249.0,
255.0,
255.0,
240.0,
174.0,
0.0,
0.0,
1.0,
2.0,
1.0,
3.0,
6.0,
4.0,
0.0,
0.0,
0.0,
0.0,
0.0,
3.0,
0.0,
2.0,
0.0,
1.0,
34.0,
171.0,
246.0,
248.0,
244.0,
255.0,
255.0,
229.0,
166.0,
10.0,
0.0,
1.0,
5.0,
3.0,
0.0,
0.0,
0.0,
2.0,
1.0,
0.0,
0.0,
0.0,
0.0,
0.0,
0.0,
0.0,
0.0,
0.0,
0.0,
0.0,
0.0,
0.0,
0.0,
0.0,
0.0,
0.0,
0.0,
0.0,
0.0,
0.0,
0.0,
0.0,
0.0,
0.0,
0.0,
0.0,
0.0,
0.0,
0.0,
0.0,
0.0,
0.0,
0.0,
0.0,
0.0,
0.0,
0.0,
0.0,
0.0,
0.0,
0.0,
0.0,
0.0,
0.0,
0.0,
0.0,
0.0,
0.0,
0.0,
0.0,
0.0,
0.0,
0.0,
0.0,
0.0,
0.0,
0.0,
0.0,
0.0,
0.0,
0.0,
0.0,
0.0,
0.0,
0.0,
0.0,
0.0,
0.0,
0.0,
0.0,
0.0,
0.0,
0.0,
0.0,
0.0,
0.0,
0.0,
0.0,
0.0,
0.0,
0.0,
0.0,
0.0,
0.0,
0.0,
0.0,
0.0,
0.0,
0.0,
0.0,
0.0,
0.0,
0.0,
0.0,
0.0,
0.0,
0.0,
0.0,
0.0,
0.0,
0.0,
0.0,
0.0,
0.0,
0.0,
0.0,
0.0,
0.0,
0.0,
0.0,
0.0,
0.0,
0.0,
0.0,
0.0,
