0.0,
0.0,
0.0,
0.0,
0.0,
0.0,
0.0,
0.0,
1.0,
0.0,
0.0,
0.0,
0.0,
14.0,
6.0,
1.0,
13.0,
0.0,
0.0,
5.0,
7.0,
0.0,
0.0,
4.0,
0.0,
0.0,
0.0,
0.0,
0.0,
0.0,
0.0,
0.0,
0.0,
0.0,
0.0,
0.0,
0.0,
20.0,
0.0,
21.0,
10.0,
0.0,
0.0,
0.0,
0.0,
0.0,
5.0,
0.0,
0.0,
8.0,
8.0,
0.0,
0.0,
0.0,
0.0,
0.0,
0.0,
0.0,
0.0,
0.0,
0.0,
0.0,
0.0,
0.0,
0.0,
0.0,
0.0,
0.0,
0.0,
22.0,
0.0,
10.0,
8.0,
4.0,
1.0,
1.0,
0.0,
0.0,
0.0,
5.0,
0.0,
0.0,
0.0,
0.0,
0.0,
0.0,
0.0,
0.0,
0.0,
0.0,
0.0,
0.0,
0.0,
13.0,
6.0,
1.0,
3.0,
0.0,
4.0,
0.0,
0.0,
2.0,
0.0,
0.0,
0.0,
15.0,
9.0,
0.0,
0.0,
0.0,
0.0,
0.0,
0.0,
0.0,
0.0,
0.0,
0.0,
0.0,
0.0,
0.0,
4.0,
0.0,
0.0,
9.0,
1.0,
0.0,
14.0,
0.0,
16.0,
5.0,
3.0,
7.0,
2.0,
0.0,
0.0,
14.0,
0.0,
0.0,
0.0,
0.0,
0.0,
0.0,
0.0,
0.0,
0.0,
0.0,
0.0,
0.0,
0.0,
41.0,
118.0,
139.0,
157.0,
251.0,
249.0,
250.0,
212.0,
118.0,
24.0,
0.0,
5.0,
7.0,
0.0,
0.0,
0.0,
0.0,
0.0,
0.0,
0.0,
0.0,
0.0,
0.0,
0.0,
0.0,
0.0,
0.0,
34.0,
207.0,
245.0,
255.0,
234.0,
250.0,
255.0,
254.0,
255.0,
255.0,
211.0,
91.0,
3.0,
0.0,
4.0,
2.0,
0.0,
0.0,
0.0,
0.0,
0.0,
0.0,
0.0,
0.0,
0.0,
0.0,
0.0,
0.0,
196.0,
255.0,
242.0,
255.0,
234.0,
227.0,
151.0,
224.0,
238.0,
239.0,
255.0,
251.0,
152.0,
22.0,
0.0,
11.0,
0.0,
0.0,
0.0,
0.0,
0.0,
2.0,
3.0,
0.0,
0.0,
0.0,
8.0,
15.0,
255.0,
250.0,
244.0,
174.0,
14.0,
0.0,
10.0,
0.0,
92.0,
241.0,
255.0,
246.0,
245.0,
133.0,
0.0,
0.0,
0.0,
0.0,
0.0,
0.0,
0.0,
2.0,
3.0,
1.0,
0.0,
0.0,
5.0,
11.0,
215.0,
254.0,
237.0,
29.0,
0.0,
23.0,
0.0,
0.0,
119.0,
255.0,
245.0,
156.0,
161.0,
91.0,
4.0,
6.0,
0.0,
0.0,
0.0,
0.0,
0.0,
1.0,
3.0,
1.0,
0.0,
0.0,
2.0,
6.0,
119.0,
241.0,
252.0,
200.0,
36.0,
0.0,
9.0,
111.0,
255.0,
234.0,
237.0,
5.0,
2.0,
0.0,
3.0,
0.0,
0.0,
0.0,
0.0,
0.0,
0.0,
0.0,
2.0,
2.0,
0.0,
0.0,
0.0,
1.0,
5.0,
189.0,
255.0,
232.0,
201.0,
87.0,
0.0,
186.0,
238.0,
255.0,
81.0,
0.0,
3.0,
0.0,
0.0,
11.0,
0.0,
0.0,
0.0,
0.0,
0.0,
0.0,
2.0,
2.0,
0.0,
0.0,
0.0,
0.0,
0.0,
19.0,
173.0,
252.0,
255.0,
255.0,
236.0,
255.0,
255.0,
185.0,
0.0,
4.0,
0.0,
0.0,
0.0,
5.0,
0.0,
0.0,
0.0,
0.0,
0.0,
0.0,
1.0,
1.0,
1.0,
0.0,
0.0,
0.0,
11.0,
0.0,
21.0,
186.0,
235.0,
250.0,
255.0,
253.0,
243.0,
33.0,
2.0,
5.0,
2.0,
11.0,
11.0,
0.0,
0.0,
0.0,
0.0,
0.0,
1.0,
0.0,
0.0,
0.0,
1.0,
1.0,
1.0,
1.0,
1.0,
0.0,
12.0,
47.0,
252.0,
255.0,
229.0,
248.0,
255.0,
202.0,
17.0,
0.0,
0.0,
0.0,
0.0,
8.0,
0.0,
0.0,
0.0,
0.0,
2.0,
0.0,
0.0,
0.0,
1.0,
2.0,
3.0,
2.0,
0.0,
9.0,
0.0,
90.0,
246.0,
242.0,
255.0,
255.0,
241.0,
255.0,
94.0,
0.0,
9.0,
5.0,
1.0,
0.0,
0.0,
0.0,
0.0,
0.0,
0.0,
0.0,
0.0,
0.0,
0.0,
0.0,
0.0,
0.0,
0.0,
0.0,
7.0,
110.0,
255.0,
241.0,
255.0,
216.0,
253.0,
252.0,
234.0,
39.0,
0.0,
10.0,
0.0,
4.0,
0.0,
0.0,
0.0,
0.0,
0.0,
0.0,
0.0,
0.0,
0.0,
0.0,
0.0,
0.0,
0.0,
3.0,
35.0,
220.0,
250.0,
250.0,
102.0,
78.0,
210.0,
255.0,
246.0,
55.0,
0.0,
0.0,
0.0,
0.0,
0.0,
0.0,
0.0,
0.0,
0.0,
0.0,
0.0,
0.0,
0.0,
0.0,
0.0,
0.0,
18.0,
0.0,
173.0,
255.0,
241.0,
241.0,
56.0,
0.0,
119.0,
244.0,
255.0,
80.0,
4.0,
0.0,
6.0,
7.0,
0.0,
0.0,
0.0,
0.0,
0.0,
0.0,
0.0,
0.0,
0.0,
0.0,
0.0,
0.0,
0.0,
61.0,
255.0,
240.0,
250.0,
56.0,
4.0,
121.0,
224.0,
255.0,
194.0,
21.0,
0.0,
4.0,
18.0,
0.0,
0.0,
0.0,
0.0,
0.0,
0.0,
0.0,
0.0,
0.0,
0.0,
0.0,
0.0,
0.0,
0.0,
215.0,
255.0,
255.0,
214.0,
24.0,
114.0,
255.0,
255.0,
239.0,
130.0,
23.0,
6.0,
0.0,
0.0,
0.0,
0.0,
0.0,
0.0,
0.0,
0.0,
0.0,
0.0,
0.0,
0.0,
0.0,
0.0,
0.0,
10.0,
208.0,
240.0,
248.0,
172.0,
190.0,
255.0,
255.0,
251.0,
123.0,
0.0,
0.0,
12.0,
6.0,
2.0,
13.0,
0.0,
0.0,
0.0,
0.0,
0.0,
0.0,
0.0,
0.0,
0.0,
0.0,
0.0,
0.0,
3.0,
193.0,
255.0,
249.0,
251.0,
255.0,
243.0,
232.0,
101.0,
30.0,
0.0,
2.0,
7.0,
0.0,
0.0,
0.0,
0.0,
0.0,
0.0,
0.0,
0.0,
0.0,
0.0,
0.0,
0.0,
0.0,
0.0,
0.0,
0.0,
213.0,
254.0,
249.0,
251.0,
240.0,
208.0,
32.0,
7.0,
0.0,
9.0,
2.0,
0.0,
13.0,
8.0,
0.0,
0.0,
0.0,
0.0,
0.0,
0.0,
0.0,
0.0,
0.0,
0.0,
0.0,
0.0,
0.0,
1.0,
97.0,
199.0,
215.0,
143.0,
53.0,
5.0,
0.0,
0.0,
0.0,
0.0,
0.0,
0.0,
0.0,
0.0,
0.0,
0.0,
0.0,
0.0,
0.0,
0.0,
0.0,
0.0,
0.0,
0.0,
0.0,
0.0,
0.0,
0.0,
0.0,
4.0,
2.0,
0.0,
0.0,
0.0,
3.0,
0.0,
0.0,
0.0,
0.0,
0.0,
0.0,
0.0,
0.0,
0.0,
0.0,
0.0,
0.0,
0.0,
0.0,
0.0,
0.0,
0.0,
0.0,
0.0,
0.0,
9.0,
2.0,
0.0,
0.0,
2.0,
5.0,
3.0,
0.0,
0.0,
0.0,
0.0,
0.0,
0.0,
0.0,
0.0,
0.0,
0.0,
0.0,
0.0,
0.0,
0.0,
0.0,
0.0,
0.0,
0.0,
0.0,
0.0,
0.0,
0.0,
0.0,
5.0,
8.0,
4.0,
0.0,
0.0,
0.0,
0.0,
0.0,
0.0,
0.0,
0.0,
0.0,
0.0,
0.0,
0.0,
0.0,
0.0,
0.0,
