0.0,
0.0,
3.0,
7.0,
0.0,
0.0,
0.0,
3.0,
0.0,
0.0,
4.0,
2.0,
0.0,
2.0,
0.0,
0.0,
7.0,
0.0,
0.0,
0.0,
1.0,
7.0,
0.0,
2.0,
0.0,
0.0,
0.0,
0.0,
9.0,
1.0,
0.0,
0.0,
0.0,
2.0,
3.0,
4.0,
4.0,
0.0,
0.0,
0.0,
0.0,
0.0,
1.0,
8.0,
3.0,
0.0,
8.0,
11.0,
0.0,
0.0,
5.0,
0.0,
0.0,
0.0,
0.0,
0.0,
1.0,
1.0,
0.0,
0.0,
3.0,
5.0,
0.0,
0.0,
0.0,
0.0,
2.0,
6.0,
6.0,
3.0,
0.0,
0.0,
0.0,
17.0,
0.0,
0.0,
1.0,
0.0,
0.0,
14.0,
0.0,
0.0,
0.0,
0.0,
0.0,
0.0,
6.0,
4.0,
1.0,
2.0,
3.0,
0.0,
2.0,
2.0,
0.0,
0.0,
0.0,
0.0,
8.0,
5.0,
0.0,
2.0,
0.0,
9.0,
14.0,
8.0,
8.0,
0.0,
0.0,
0.0,
0.0,
0.0,
0.0,
1.0,
0.0,
0.0,
0.0,
1.0,
7.0,
9.0,
0.0,
6.0,
0.0,
3.0,
2.0,
0.0,
0.0,
0.0,
4.0,
14.0,
0.0,
0.0,
4.0,
0.0,
0.0,
3.0,
0.0,
0.0,
0.0,
0.0,
8.0,
0.0,
0.0,
0.0,
2.0,
0.0,
0.0,
0.0,
0.0,
6.0,
0.0,
4.0,
4.0,
0.0,
13.0,
4.0,
0.0,
0.0,
7.0,
9.0,
0.0,
0.0,
0.0,
17.0,
0.0,
0.0,
0.0,
0.0,
4.0,
0.0,
0.0,
7.0,
5.0,
0.0,
4.0,
20.0,
16.0,
82.0,
139.0,
221.0,
255.0,
251.0,
255.0,
238.0,
240.0,
117.0,
139.0,
108.0,
0.0,
0.0,
7.0,
0.0,
0.0,
0.0,
0.0,
0.0,
1.0,
0.0,
0.0,
2.0,
0.0,
2.0,
54.0,
114.0,
233.0,
255.0,
243.0,
255.0,
254.0,
237.0,
255.0,
255.0,
246.0,
252.0,
255.0,
238.0,
255.0,
168.0,
0.0,
19.0,
0.0,
0.0,
0.0,
0.0,
0.0,
0.0,
3.0,
10.0,
0.0,
0.0,
180.0,
236.0,
254.0,
255.0,
252.0,
255.0,
240.0,
255.0,
255.0,
245.0,
249.0,
255.0,
237.0,
255.0,
255.0,
234.0,
0.0,
2.0,
0.0,
0.0,
0.0,
0.0,
0.0,
8.0,
0.0,
0.0,
0.0,
1.0,
173.0,
255.0,
255.0,
237.0,
213.0,
31.0,
37.0,
7.0,
15.0,
37.0,
21.0,
11.0,
28.0,
20.0,
141.0,
188.0,
7.0,
0.0,
0.0,
0.0,
0.0,
0.0,
0.0,
11.0,
0.0,
0.0,
6.0,
0.0,
87.0,
210.0,
252.0,
252.0,
255.0,
105.0,
0.0,
14.0,
0.0,
0.0,
0.0,
33.0,
110.0,
232.0,
221.0,
56.0,
12.0,
2.0,
0.0,
0.0,
0.0,
0.0,
0.0,
6.0,
0.0,
4.0,
6.0,
0.0,
0.0,
60.0,
236.0,
253.0,
236.0,
236.0,
180.0,
31.0,
0.0,
14.0,
75.0,
159.0,
255.0,
247.0,
255.0,
226.0,
0.0,
0.0,
0.0,
0.0,
0.0,
0.0,
9.0,
2.0,
0.0,
6.0,
0.0,
8.0,
0.0,
0.0,
26.0,
88.0,
255.0,
255.0,
244.0,
199.0,
111.0,
215.0,
239.0,
255.0,
248.0,
250.0,
236.0,
178.0,
1.0,
19.0,
0.0,
0.0,
0.0,
0.0,
0.0,
0.0,
2.0,
11.0,
0.0,
10.0,
6.0,
0.0,
0.0,
0.0,
38.0,
167.0,
251.0,
255.0,
255.0,
251.0,
255.0,
240.0,
242.0,
192.0,
51.0,
0.0,
7.0,
0.0,
0.0,
0.0,
0.0,
0.0,
0.0,
0.0,
0.0,
11.0,
0.0,
0.0,
4.0,
0.0,
9.0,
13.0,
0.0,
16.0,
228.0,
235.0,
255.0,
252.0,
211.0,
119.0,
67.0,
16.0,
0.0,
0.0,
0.0,
11.0,
0.0,
0.0,
0.0,
0.0,
5.0,
7.0,
0.0,
3.0,
8.0,
0.0,
0.0,
1.0,
0.0,
0.0,
13.0,
154.0,
248.0,
255.0,
237.0,
255.0,
247.0,
63.0,
0.0,
0.0,
6.0,
11.0,
0.0,
4.0,
0.0,
0.0,
0.0,
0.0,
0.0,
0.0,
0.0,
0.0,
0.0,
0.0,
0.0,
0.0,
0.0,
0.0,
0.0,
207.0,
255.0,
255.0,
244.0,
251.0,
255.0,
193.0,
32.0,
0.0,
0.0,
3.0,
0.0,
6.0,
0.0,
0.0,
0.0,
0.0,
0.0,
0.0,
0.0,
0.0,
0.0,
0.0,
0.0,
0.0,
3.0,
0.0,
22.0,
234.0,
240.0,
245.0,
125.0,
174.0,
255.0,
226.0,
121.0,
0.0,
1.0,
5.0,
0.0,
0.0,
0.0,
0.0,
0.0,
0.0,
0.0,
0.0,
0.0,
0.0,
0.0,
0.0,
0.0,
0.0,
0.0,
12.0,
160.0,
240.0,
251.0,
110.0,
21.0,
50.0,
255.0,
255.0,
212.0,
4.0,
0.0,
0.0,
5.0,
0.0,
0.0,
0.0,
0.0,
0.0,
0.0,
0.0,
0.0,
0.0,
0.0,
0.0,
0.0,
0.0,
0.0,
66.0,
248.0,
253.0,
184.0,
0.0,
0.0,
22.0,
164.0,
247.0,
242.0,
74.0,
6.0,
0.0,
0.0,
0.0,
0.0,
0.0,
0.0,
0.0,
0.0,
0.0,
0.0,
0.0,
0.0,
0.0,
0.0,
0.0,
0.0,
34.0,
229.0,
250.0,
184.0,
0.0,
12.0,
0.0,
68.0,
243.0,
255.0,
169.0,
0.0,
0.0,
1.0,
5.0,
0.0,
0.0,
0.0,
0.0,
0.0,
0.0,
0.0,
0.0,
0.0,
0.0,
0.0,
0.0,
11.0,
0.0,
200.0,
249.0,
178.0,
25.0,
1.0,
5.0,
1.0,
217.0,
255.0,
226.0,
0.0,
1.0,
2.0,
4.0,
0.0,
0.0,
0.0,
0.0,
0.0,
0.0,
0.0,
0.0,
0.0,
0.0,
0.0,
0.0,
2.0,
0.0,
68.0,
255.0,
255.0,
214.0,
60.0,
18.0,
29.0,
177.0,
241.0,
237.0,
0.0,
12.0,
0.0,
0.0,
0.0,
0.0,
0.0,
0.0,
0.0,
0.0,
0.0,
0.0,
0.0,
0.0,
0.0,
0.0,
0.0,
4.0,
15.0,
185.0,
255.0,
247.0,
252.0,
251.0,
248.0,
250.0,
255.0,
218.0,
0.0,
1.0,
0.0,
12.0,
0.0,
0.0,
0.0,
0.0,
0.0,
0.0,
0.0,
0.0,
0.0,
0.0,
0.0,
0.0,
7.0,
0.0,
0.0,
47.0,
153.0,
242.0,
255.0,
250.0,
252.0,
255.0,
202.0,
66.0,
0.0,
0.0,
11.0,
0.0,
0.0,
0.0,
0.0,
0.0,
0.0,
0.0,
0.0,
0.0,
0.0,
0.0,
0.0,
0.0,
0.0,
14.0,
17.0,
0.0,
0.0,
60.0,
180.0,
255.0,
251.0,
163.0,
61.0,
6.0,
0.0,
0.0,
0.0,
2.0,
0.0,
0.0,
0.0,
0.0,
0.0,
0.0,
0.0,
0.0,
0.0,
0.0,
0.0,
0.0,
0.0,
3.0,
3.0,
2.0,
7.0,
12.0,
3.0,
0.0,
0.0,
0.0,
0.0,
0.0,
6.0,
1.0,
0.0,
0.0,
0.0,
0.0,
0.0,
0.0,
0.0,
0.0,
0.0,
0.0,
0.0,
0.0,
0.0,
0.0,
0.0,
0.0,
0.0,
0.0,
0.0,
0.0,
3.0,
6.0,
4.0,
16.0,
10.0,
0.0,
0.0,
8.0,
10.0,
0.0,
0.0,
0.0,
0.0,
0.0,
