0.0,
0.0,
0.0,
0.0,
0.0,
0.0,
0.0,
0.0,
2.0,
2.0,
0.0,
0.0,
5.0,
0.0,
0.0,
0.0,
4.0,
3.0,
0.0,
2.0,
0.0,
8.0,
1.0,
9.0,
0.0,
0.0,
0.0,
0.0,
0.0,
0.0,
0.0,
0.0,
0.0,
0.0,
0.0,
0.0,
0.0,
0.0,
7.0,
1.0,
0.0,
1.0,
2.0,
0.0,
11.0,
0.0,
0.0,
4.0,
2.0,
1.0,
0.0,
0.0,
0.0,
0.0,
0.0,
0.0,
0.0,
0.0,
0.0,
0.0,
0.0,
0.0,
0.0,
0.0,
0.0,
7.0,
5.0,
16.0,
0.0,
0.0,
22.0,
0.0,
0.0,
5.0,
0.0,
0.0,
14.0,
0.0,
0.0,
14.0,
0.0,
0.0,
0.0,
0.0,
0.0,
0.0,
0.0,
0.0,
0.0,
0.0,
0.0,
0.0,
13.0,
1.0,
0.0,
0.0,
0.0,
4.0,
1.0,
0.0,
0.0,
0.0,
14.0,
12.0,
0.0,
0.0,
19.0,
0.0,
0.0,
0.0,
0.0,
0.0,
0.0,
0.0,
0.0,
0.0,
0.0,
0.0,
0.0,
0.0,
11.0,
0.0,
16.0,
1.0,
9.0,
20.0,
21.0,
178.0,
223.0,
245.0,
153.0,
72.0,
0.0,
0.0,
0.0,
0.0,
0.0,
0.0,
0.0,
0.0,
0.0,
0.0,
0.0,
0.0,
0.0,
0.0,
0.0,
0.0,
0.0,
12.0,
0.0,
2.0,
120.0,
231.0,
253.0,
254.0,
240.0,
255.0,
252.0,
223.0,
32.0,
2.0,
17.0,
0.0,
0.0,
0.0,
0.0,
0.0,
0.0,
0.0,
0.0,
0.0,
0.0,
0.0,
0.0,
0.0,
8.0,
2.0,
29.0,
170.0,
255.0,
249.0,
243.0,
215.0,
118.0,
165.0,
212.0,
254.0,
87.0,
0.0,
0.0,
10.0,
0.0,
0.0,
0.0,
0.0,
0.0,
0.0,
0.0,
0.0,
0.0,
0.0,
0.0,
0.0,
0.0,
8.0,
198.0,
255.0,
238.0,
194.0,
51.0,
1.0,
0.0,
0.0,
111.0,
255.0,
132.0,
3.0,
7.0,
0.0,
0.0,
0.0,
0.0,
0.0,
0.0,
0.0,
0.0,
0.0,
0.0,
0.0,
0.0,
0.0,
5.0,
87.0,
254.0,
255.0,
114.0,
11.0,
3.0,
0.0,
0.0,
0.0,
83.0,
255.0,
42.0,
0.0,
4.0,
0.0,
0.0,
0.0,
0.0,
0.0,
0.0,
0.0,
0.0,
0.0,
0.0,
0.0,
0.0,
0.0,
0.0,
204.0,
243.0,
198.0,
20.0,
0.0,
5.0,
1.0,
5.0,
5.0,
147.0,
244.0,
55.0,
0.0,
0.0,
12.0,
0.0,
0.0,
0.0,
0.0,
0.0,
0.0,
0.0,
0.0,
0.0,
0.0,
0.0,
0.0,
0.0,
152.0,
252.0,
231.0,
4.0,
0.0,
6.0,
0.0,
0.0,
3.0,
45.0,
255.0,
186.0,
0.0,
23.0,
0.0,
0.0,
0.0,
0.0,
0.0,
0.0,
0.0,
0.0,
0.0,
0.0,
0.0,
0.0,
0.0,
12.0,
94.0,
245.0,
255.0,
12.0,
14.0,
0.0,
53.0,
134.0,
162.0,
251.0,
243.0,
140.0,
37.0,
0.0,
11.0,
0.0,
0.0,
0.0,
0.0,
0.0,
0.0,
0.0,
0.0,
0.0,
0.0,
0.0,
0.0,
0.0,
10.0,
253.0,
253.0,
141.0,
51.0,
223.0,
214.0,
244.0,
255.0,
191.0,
87.0,
5.0,
0.0,
4.0,
0.0,
0.0,
0.0,
0.0,
0.0,
0.0,
0.0,
0.0,
0.0,
0.0,
0.0,
0.0,
0.0,
7.0,
15.0,
161.0,
243.0,
247.0,
255.0,
235.0,
255.0,
195.0,
76.0,
0.0,
0.0,
5.0,
18.0,
0.0,
11.0,
0.0,
0.0,
0.0,
0.0,
0.0,
0.0,
0.0,
0.0,
0.0,
0.0,
0.0,
0.0,
0.0,
0.0,
17.0,
224.0,
255.0,
248.0,
255.0,
125.0,
34.0,
0.0,
10.0,
7.0,
0.0,
0.0,
0.0,
3.0,
0.0,
0.0,
0.0,
0.0,
0.0,
0.0,
0.0,
0.0,
0.0,
0.0,
0.0,
0.0,
3.0,
2.0,
150.0,
251.0,
250.0,
253.0,
156.0,
7.0,
0.0,
0.0,
0.0,
0.0,
0.0,
0.0,
28.0,
0.0,
0.0,
0.0,
0.0,
0.0,
0.0,
0.0,
0.0,
13.0,
0.0,
1.0,
3.0,
0.0,
0.0,
64.0,
255.0,
255.0,
242.0,
249.0,
255.0,
61.0,
0.0,
0.0,
3.0,
0.0,
0.0,
0.0,
9.0,
1.0,
0.0,
0.0,
0.0,
0.0,
1.0,
5.0,
0.0,
0.0,
0.0,
1.0,
0.0,
6.0,
72.0,
228.0,
240.0,
243.0,
150.0,
220.0,
240.0,
165.0,
14.0,
9.0,
0.0,
12.0,
27.0,
133.0,
12.0,
14.0,
0.0,
0.0,
0.0,
0.0,
0.0,
3.0,
0.0,
0.0,
0.0,
10.0,
0.0,
43.0,
254.0,
255.0,
240.0,
38.0,
23.0,
220.0,
248.0,
183.0,
0.0,
0.0,
20.0,
80.0,
244.0,
196.0,
10.0,
0.0,
0.0,
0.0,
0.0,
0.0,
0.0,
0.0,
4.0,
0.0,
2.0,
8.0,
0.0,
94.0,
255.0,
228.0,
94.0,
1.0,
0.0,
183.0,
255.0,
171.0,
7.0,
25.0,
2.0,
230.0,
245.0,
169.0,
2.0,
13.0,
0.0,
0.0,
0.0,
0.0,
0.0,
1.0,
4.0,
1.0,
0.0,
0.0,
0.0,
133.0,
231.0,
251.0,
27.0,
0.0,
47.0,
229.0,
243.0,
84.0,
0.0,
0.0,
54.0,
255.0,
233.0,
78.0,
20.0,
0.0,
0.0,
0.0,
0.0,
0.0,
2.0,
5.0,
0.0,
0.0,
0.0,
0.0,
13.0,
145.0,
255.0,
233.0,
43.0,
100.0,
229.0,
249.0,
255.0,
53.0,
4.0,
0.0,
43.0,
247.0,
255.0,
134.0,
3.0,
0.0,
0.0,
0.0,
0.0,
0.0,
0.0,
10.0,
0.0,
1.0,
4.0,
2.0,
13.0,
93.0,
222.0,
251.0,
255.0,
254.0,
245.0,
255.0,
128.0,
0.0,
0.0,
8.0,
28.0,
184.0,
255.0,
172.0,
0.0,
5.0,
0.0,
0.0,
0.0,
0.0,
0.0,
16.0,
0.0,
1.0,
4.0,
0.0,
0.0,
11.0,
34.0,
209.0,
249.0,
255.0,
222.0,
150.0,
17.0,
6.0,
7.0,
1.0,
0.0,
12.0,
33.0,
34.0,
10.0,
0.0,
0.0,
0.0,
0.0,
0.0,
0.0,
0.0,
0.0,
0.0,
0.0,
0.0,
0.0,
0.0,
0.0,
0.0,
0.0,
0.0,
0.0,
0.0,
0.0,
0.0,
0.0,
0.0,
0.0,
0.0,
0.0,
0.0,
0.0,
0.0,
0.0,
0.0,
0.0,
0.0,
0.0,
0.0,
0.0,
0.0,
0.0,
0.0,
0.0,
0.0,
0.0,
0.0,
0.0,
0.0,
0.0,
0.0,
0.0,
0.0,
0.0,
0.0,
0.0,
0.0,
0.0,
0.0,
0.0,
0.0,
0.0,
0.0,
0.0,
0.0,
0.0,
0.0,
0.0,
0.0,
0.0,
0.0,
0.0,
0.0,
0.0,
0.0,
0.0,
0.0,
0.0,
0.0,
0.0,
0.0,
0.0,
0.0,
0.0,
0.0,
0.0,
0.0,
0.0,
0.0,
0.0,
0.0,
0.0,
0.0,
0.0,
0.0,
0.0,
0.0,
0.0,
0.0,
0.0,
0.0,
0.0,
0.0,
0.0,
0.0,
0.0,
0.0,
0.0,
0.0,
0.0,
0.0,
0.0,
0.0,
0.0,
0.0,
0.0,
0.0,
0.0,
0.0,
0.0,
0.0,
