2.0,
0.0,
0.0,
9.0,
2.0,
0.0,
12.0,
0.0,
2.0,
10.0,
1.0,
0.0,
0.0,
0.0,
5.0,
0.0,
6.0,
0.0,
8.0,
0.0,
0.0,
3.0,
6.0,
0.0,
0.0,
0.0,
0.0,
0.0,
0.0,
16.0,
2.0,
0.0,
0.0,
0.0,
0.0,
0.0,
0.0,
17.0,
0.0,
2.0,
1.0,
21.0,
0.0,
0.0,
1.0,
10.0,
0.0,
7.0,
3.0,
0.0,
16.0,
0.0,
0.0,
0.0,
0.0,
0.0,
0.0,
10.0,
0.0,
0.0,
13.0,
10.0,
5.0,
1.0,
8.0,
0.0,
0.0,
14.0,
0.0,
0.0,
0.0,
11.0,
2.0,
0.0,
11.0,
6.0,
0.0,
6.0,
0.0,
13.0,
0.0,
0.0,
0.0,
0.0,
2.0,
0.0,
0.0,
0.0,
3.0,
0.0,
0.0,
0.0,
2.0,
0.0,
10.0,
7.0,
0.0,
13.0,
11.0,
0.0,
1.0,
15.0,
0.0,
0.0,
0.0,
9.0,
13.0,
0.0,
0.0,
0.0,
0.0,
0.0,
6.0,
0.0,
9.0,
6.0,
0.0,
0.0,
10.0,
10.0,
0.0,
19.0,
0.0,
0.0,
0.0,
3.0,
0.0,
18.0,
0.0,
3.0,
0.0,
7.0,
0.0,
0.0,
1.0,
0.0,
0.0,
0.0,
0.0,
0.0,
0.0,
0.0,
9.0,
4.0,
0.0,
15.0,
8.0,
0.0,
2.0,
0.0,
4.0,
131.0,
140.0,
250.0,
255.0,
245.0,
255.0,
255.0,
255.0,
114.0,
4.0,
0.0,
5.0,
13.0,
0.0,
0.0,
0.0,
0.0,
0.0,
0.0,
0.0,
0.0,
6.0,
0.0,
0.0,
18.0,
66.0,
255.0,
252.0,
250.0,
255.0,
255.0,
241.0,
255.0,
255.0,
234.0,
255.0,
255.0,
179.0,
3.0,
8.0,
0.0,
0.0,
0.0,
0.0,
0.0,
0.0,
5.0,
0.0,
0.0,
17.0,
0.0,
16.0,
185.0,
251.0,
255.0,
252.0,
254.0,
251.0,
117.0,
136.0,
132.0,
133.0,
134.0,
243.0,
243.0,
255.0,
249.0,
180.0,
15.0,
0.0,
0.0,
0.0,
0.0,
0.0,
8.0,
0.0,
0.0,
10.0,
0.0,
203.0,
255.0,
255.0,
188.0,
130.0,
0.0,
0.0,
10.0,
0.0,
7.0,
3.0,
0.0,
10.0,
235.0,
255.0,
255.0,
243.0,
61.0,
0.0,
0.0,
0.0,
0.0,
6.0,
0.0,
5.0,
13.0,
0.0,
137.0,
250.0,
243.0,
117.0,
0.0,
0.0,
0.0,
0.0,
9.0,
5.0,
0.0,
10.0,
0.0,
0.0,
255.0,
250.0,
236.0,
255.0,
75.0,
0.0,
0.0,
0.0,
0.0,
0.0,
1.0,
4.0,
5.0,
10.0,
0.0,
255.0,
254.0,
147.0,
0.0,
1.0,
23.0,
0.0,
3.0,
0.0,
0.0,
0.0,
202.0,
255.0,
250.0,
255.0,
255.0,
194.0,
0.0,
0.0,
0.0,
0.0,
0.0,
0.0,
19.0,
0.0,
0.0,
0.0,
0.0,
183.0,
255.0,
248.0,
250.0,
0.0,
0.0,
0.0,
9.0,
0.0,
74.0,
255.0,
237.0,
251.0,
255.0,
255.0,
121.0,
17.0,
0.0,
0.0,
0.0,
0.0,
0.0,
3.0,
0.0,
0.0,
28.0,
0.0,
0.0,
0.0,
196.0,
255.0,
252.0,
255.0,
51.0,
12.0,
0.0,
80.0,
248.0,
250.0,
255.0,
181.0,
123.0,
10.0,
1.0,
1.0,
2.0,
0.0,
0.0,
0.0,
0.0,
0.0,
9.0,
0.0,
0.0,
6.0,
7.0,
5.0,
0.0,
184.0,
255.0,
231.0,
255.0,
255.0,
183.0,
255.0,
244.0,
250.0,
127.0,
3.0,
7.0,
0.0,
0.0,
0.0,
4.0,
0.0,
0.0,
0.0,
0.0,
0.0,
0.0,
11.0,
11.0,
0.0,
1.0,
0.0,
7.0,
8.0,
0.0,
202.0,
247.0,
255.0,
255.0,
240.0,
255.0,
255.0,
47.0,
11.0,
0.0,
1.0,
13.0,
21.0,
0.0,
0.0,
0.0,
0.0,
0.0,
5.0,
1.0,
3.0,
0.0,
5.0,
0.0,
0.0,
1.0,
0.0,
0.0,
0.0,
64.0,
255.0,
254.0,
254.0,
255.0,
240.0,
255.0,
179.0,
62.0,
12.0,
0.0,
0.0,
0.0,
0.0,
0.0,
0.0,
0.0,
2.0,
0.0,
0.0,
7.0,
0.0,
0.0,
3.0,
7.0,
0.0,
2.0,
0.0,
129.0,
255.0,
255.0,
246.0,
255.0,
250.0,
255.0,
253.0,
252.0,
255.0,
184.0,
127.0,
0.0,
0.0,
10.0,
0.0,
0.0,
0.0,
0.0,
0.0,
2.0,
7.0,
11.0,
5.0,
0.0,
12.0,
0.0,
67.0,
253.0,
254.0,
245.0,
72.0,
0.0,
128.0,
187.0,
255.0,
252.0,
255.0,
255.0,
246.0,
207.0,
4.0,
0.0,
0.0,
7.0,
0.0,
11.0,
0.0,
0.0,
15.0,
0.0,
0.0,
15.0,
0.0,
15.0,
255.0,
255.0,
249.0,
68.0,
3.0,
0.0,
7.0,
6.0,
0.0,
112.0,
199.0,
255.0,
251.0,
252.0,
114.0,
19.0,
0.0,
4.0,
0.0,
5.0,
3.0,
0.0,
0.0,
0.0,
0.0,
11.0,
9.0,
200.0,
255.0,
252.0,
140.0,
0.0,
5.0,
0.0,
1.0,
0.0,
19.0,
12.0,
194.0,
251.0,
248.0,
255.0,
79.0,
0.0,
0.0,
6.0,
0.0,
0.0,
12.0,
3.0,
0.0,
16.0,
13.0,
0.0,
68.0,
239.0,
255.0,
133.0,
0.0,
0.0,
11.0,
0.0,
4.0,
0.0,
73.0,
242.0,
237.0,
255.0,
255.0,
64.0,
0.0,
0.0,
3.0,
11.0,
0.0,
0.0,
0.0,
0.0,
13.0,
0.0,
0.0,
87.0,
200.0,
248.0,
255.0,
47.0,
12.0,
6.0,
0.0,
10.0,
128.0,
249.0,
255.0,
255.0,
255.0,
124.0,
0.0,
0.0,
11.0,
14.0,
12.0,
0.0,
1.0,
7.0,
0.0,
0.0,
19.0,
0.0,
14.0,
233.0,
247.0,
253.0,
53.0,
78.0,
114.0,
194.0,
203.0,
255.0,
254.0,
255.0,
181.0,
135.0,
0.0,
0.0,
8.0,
4.0,
0.0,
0.0,
0.0,
0.0,
4.0,
0.0,
15.0,
9.0,
0.0,
16.0,
116.0,
255.0,
255.0,
245.0,
255.0,
251.0,
255.0,
251.0,
255.0,
253.0,
129.0,
46.0,
15.0,
0.0,
0.0,
0.0,
0.0,
1.0,
5.0,
0.0,
10.0,
9.0,
0.0,
0.0,
3.0,
9.0,
0.0,
0.0,
82.0,
183.0,
255.0,
180.0,
135.0,
142.0,
106.0,
20.0,
0.0,
5.0,
0.0,
0.0,
0.0,
0.0,
0.0,
0.0,
0.0,
0.0,
0.0,
0.0,
0.0,
0.0,
10.0,
0.0,
0.0,
1.0,
0.0,
0.0,
0.0,
10.0,
10.0,
0.0,
0.0,
0.0,
5.0,
0.0,
0.0,
6.0,
0.0,
0.0,
0.0,
0.0,
0.0,
0.0,
0.0,
0.0,
0.0,
0.0,
0.0,
0.0,
0.0,
0.0,
1.0,
3.0,
7.0,
8.0,
0.0,
0.0,
0.0,
7.0,
7.0,
0.0,
0.0,
2.0,
4.0,
0.0,
0.0,
0.0,
0.0,
0.0,
0.0,
0.0,
0.0,
0.0,
0.0,
0.0,
0.0,
0.0,
0.0,
6.0,
7.0,
0.0,
0.0,
0.0,
7.0,
8.0,
0.0,
0.0,
3.0,
2.0,
0.0,
0.0,
3.0,
5.0,
0.0,
0.0,
0.0,
0.0,
0.0,
0.0,
0.0,
0.0,
0.0,
0.0,
0.0,
0.0,
