0.0,
4.0,
3.0,
0.0,
1.0,
1.0,
0.0,
0.0,
0.0,
0.0,
5.0,
0.0,
0.0,
10.0,
4.0,
0.0,
4.0,
0.0,
8.0,
4.0,
0.0,
7.0,
5.0,
0.0,
0.0,
0.0,
0.0,
0.0,
7.0,
0.0,
0.0,
0.0,
0.0,
1.0,
3.0,
6.0,
7.0,
2.0,
4.0,
2.0,
0.0,
0.0,
0.0,
4.0,
0.0,
0.0,
0.0,
0.0,
2.0,
1.0,
3.0,
8.0,
0.0,
0.0,
0.0,
0.0,
4.0,
0.0,
0.0,
9.0,
2.0,
0.0,
0.0,
0.0,
0.0,
0.0,
2.0,
0.0,
0.0,
6.0,
9.0,
5.0,
13.0,
16.0,
0.0,
0.0,
7.0,
1.0,
0.0,
3.0,
0.0,
0.0,
0.0,
0.0,
0.0,
0.0,
9.0,
13.0,
0.0,
0.0,
0.0,
0.0,
1.0,
7.0,
0.0,
0.0,
0.0,
0.0,
0.0,
0.0,
0.0,
0.0,
17.0,
3.0,
2.0,
0.0,
0.0,
5.0,
0.0,
0.0,
0.0,
0.0,
2.0,
2.0,
2.0,
0.0,
0.0,
1.0,
8.0,
5.0,
0.0,
3.0,
0.0,
36.0,
78.0,
130.0,
219.0,
255.0,
120.0,
0.0,
10.0,
0.0,
0.0,
11.0,
0.0,
5.0,
0.0,
0.0,
0.0,
0.0,
2.0,
4.0,
0.0,
0.0,
5.0,
3.0,
0.0,
0.0,
10.0,
118.0,
198.0,
248.0,
255.0,
255.0,
255.0,
230.0,
232.0,
28.0,
0.0,
0.0,
1.0,
6.0,
0.0,
0.0,
0.0,
0.0,
0.0,
0.0,
0.0,
5.0,
0.0,
0.0,
14.0,
0.0,
0.0,
30.0,
169.0,
250.0,
255.0,
255.0,
242.0,
240.0,
249.0,
200.0,
77.0,
0.0,
11.0,
8.0,
8.0,
0.0,
11.0,
3.0,
0.0,
0.0,
0.0,
0.0,
0.0,
9.0,
0.0,
0.0,
6.0,
0.0,
19.0,
126.0,
245.0,
255.0,
242.0,
255.0,
215.0,
111.0,
52.0,
0.0,
0.0,
3.0,
0.0,
0.0,
19.0,
19.0,
68.0,
14.0,
0.0,
0.0,
0.0,
0.0,
3.0,
0.0,
6.0,
2.0,
3.0,
0.0,
24.0,
251.0,
253.0,
255.0,
116.0,
51.0,
29.0,
0.0,
10.0,
0.0,
0.0,
15.0,
1.0,
0.0,
21.0,
127.0,
255.0,
36.0,
0.0,
0.0,
0.0,
0.0,
1.0,
1.0,
0.0,
0.0,
0.0,
6.0,
28.0,
195.0,
255.0,
243.0,
181.0,
51.0,
0.0,
0.0,
8.0,
0.0,
8.0,
0.0,
14.0,
0.0,
188.0,
253.0,
255.0,
33.0,
0.0,
0.0,
0.0,
0.0,
0.0,
5.0,
0.0,
0.0,
1.0,
4.0,
5.0,
75.0,
243.0,
255.0,
252.0,
255.0,
186.0,
42.0,
0.0,
9.0,
2.0,
67.0,
175.0,
242.0,
255.0,
246.0,
207.0,
13.0,
0.0,
0.0,
0.0,
0.0,
0.0,
6.0,
0.0,
5.0,
4.0,
0.0,
0.0,
0.0,
35.0,
213.0,
248.0,
250.0,
237.0,
255.0,
195.0,
33.0,
124.0,
233.0,
255.0,
255.0,
245.0,
191.0,
0.0,
5.0,
0.0,
0.0,
0.0,
0.0,
8.0,
2.0,
0.0,
0.0,
2.0,
0.0,
8.0,
0.0,
0.0,
23.0,
154.0,
233.0,
255.0,
250.0,
250.0,
255.0,
255.0,
252.0,
253.0,
248.0,
110.0,
0.0,
1.0,
5.0,
0.0,
0.0,
0.0,
0.0,
5.0,
0.0,
0.0,
1.0,
6.0,
0.0,
9.0,
1.0,
4.0,
0.0,
13.0,
25.0,
231.0,
255.0,
251.0,
236.0,
255.0,
255.0,
253.0,
68.0,
5.0,
16.0,
21.0,
0.0,
0.0,
0.0,
0.0,
0.0,
0.0,
0.0,
7.0,
0.0,
7.0,
0.0,
0.0,
0.0,
0.0,
10.0,
0.0,
39.0,
245.0,
237.0,
255.0,
255.0,
252.0,
255.0,
172.0,
0.0,
5.0,
0.0,
0.0,
23.0,
0.0,
0.0,
0.0,
0.0,
7.0,
0.0,
11.0,
0.0,
0.0,
0.0,
3.0,
7.0,
2.0,
0.0,
133.0,
238.0,
248.0,
255.0,
249.0,
248.0,
255.0,
243.0,
253.0,
1.0,
0.0,
24.0,
0.0,
0.0,
0.0,
0.0,
0.0,
0.0,
1.0,
0.0,
1.0,
4.0,
1.0,
3.0,
4.0,
0.0,
13.0,
123.0,
253.0,
249.0,
252.0,
174.0,
61.0,
29.0,
217.0,
251.0,
242.0,
0.0,
10.0,
6.0,
0.0,
0.0,
0.0,
0.0,
0.0,
0.0,
2.0,
0.0,
0.0,
0.0,
0.0,
0.0,
0.0,
7.0,
33.0,
231.0,
255.0,
254.0,
171.0,
14.0,
15.0,
0.0,
82.0,
255.0,
243.0,
125.0,
0.0,
0.0,
0.0,
4.0,
0.0,
0.0,
0.0,
0.0,
0.0,
5.0,
0.0,
0.0,
3.0,
0.0,
0.0,
30.0,
233.0,
253.0,
245.0,
154.0,
16.0,
0.0,
0.0,
29.0,
75.0,
241.0,
248.0,
107.0,
0.0,
0.0,
11.0,
1.0,
0.0,
0.0,
0.0,
0.0,
0.0,
7.0,
0.0,
0.0,
8.0,
0.0,
6.0,
53.0,
240.0,
255.0,
107.0,
8.0,
0.0,
17.0,
0.0,
0.0,
72.0,
255.0,
251.0,
99.0,
0.0,
0.0,
9.0,
0.0,
0.0,
0.0,
0.0,
0.0,
0.0,
7.0,
0.0,
0.0,
8.0,
0.0,
6.0,
53.0,
255.0,
251.0,
27.0,
4.0,
0.0,
0.0,
29.0,
5.0,
200.0,
254.0,
240.0,
0.0,
0.0,
23.0,
0.0,
6.0,
0.0,
0.0,
0.0,
0.0,
0.0,
5.0,
0.0,
0.0,
3.0,
0.0,
0.0,
30.0,
224.0,
243.0,
120.0,
77.0,
90.0,
95.0,
96.0,
226.0,
249.0,
246.0,
218.0,
0.0,
7.0,
0.0,
0.0,
6.0,
0.0,
0.0,
0.0,
0.0,
2.0,
0.0,
0.0,
0.0,
0.0,
0.0,
0.0,
7.0,
153.0,
243.0,
255.0,
255.0,
242.0,
255.0,
255.0,
254.0,
249.0,
213.0,
16.0,
3.0,
0.0,
0.0,
25.0,
0.0,
0.0,
0.0,
0.0,
0.0,
1.0,
0.0,
1.0,
4.0,
1.0,
3.0,
4.0,
0.0,
7.0,
21.0,
67.0,
189.0,
250.0,
255.0,
245.0,
251.0,
157.0,
20.0,
5.0,
0.0,
4.0,
12.0,
0.0,
7.0,
0.0,
0.0,
0.0,
0.0,
0.0,
0.0,
0.0,
0.0,
0.0,
0.0,
0.0,
0.0,
0.0,
0.0,
0.0,
0.0,
0.0,
0.0,
0.0,
0.0,
0.0,
0.0,
0.0,
0.0,
0.0,
0.0,
0.0,
0.0,
0.0,
0.0,
0.0,
0.0,
0.0,
0.0,
0.0,
0.0,
0.0,
0.0,
0.0,
0.0,
0.0,
0.0,
0.0,
0.0,
0.0,
0.0,
0.0,
0.0,
0.0,
0.0,
0.0,
0.0,
0.0,
0.0,
0.0,
0.0,
0.0,
0.0,
0.0,
0.0,
0.0,
0.0,
0.0,
0.0,
0.0,
0.0,
0.0,
0.0,
0.0,
0.0,
0.0,
0.0,
0.0,
0.0,
0.0,
0.0,
0.0,
0.0,
0.0,
0.0,
0.0,
0.0,
0.0,
0.0,
0.0,
0.0,
0.0,
0.0,
0.0,
0.0,
0.0,
0.0,
0.0,
0.0,
0.0,
0.0,
0.0,
0.0,
0.0,
0.0,
0.0,
0.0,
0.0,
0.0,
0.0,
0.0,
0.0,
0.0,
0.0,
0.0,
0.0,
0.0,
0.0,
0.0,
0.0,
0.0,
