0.0,
0.0,
0.0,
0.0,
0.0,
0.0,
0.0,
0.0,
0.0,
5.0,
0.0,
0.0,
0.0,
4.0,
2.0,
4.0,
8.0,
0.0,
0.0,
2.0,
0.0,
4.0,
8.0,
0.0,
0.0,
0.0,
0.0,
0.0,
0.0,
0.0,
0.0,
0.0,
0.0,
0.0,
0.0,
0.0,
5.0,
3.0,
0.0,
13.0,
10.0,
4.0,
0.0,
0.0,
0.0,
3.0,
0.0,
0.0,
3.0,
0.0,
0.0,
13.0,
0.0,
0.0,
0.0,
0.0,
0.0,
0.0,
0.0,
0.0,
0.0,
0.0,
0.0,
0.0,
0.0,
4.0,
0.0,
0.0,
0.0,
0.0,
0.0,
14.0,
8.0,
7.0,
0.0,
0.0,
8.0,
0.0,
0.0,
0.0,
0.0,
0.0,
0.0,
0.0,
0.0,
0.0,
0.0,
0.0,
0.0,
0.0,
0.0,
0.0,
7.0,
0.0,
0.0,
0.0,
9.0,
11.0,
7.0,
0.0,
0.0,
0.0,
1.0,
4.0,
0.0,
2.0,
11.0,
0.0,
0.0,
0.0,
0.0,
0.0,
0.0,
0.0,
0.0,
0.0,
0.0,
0.0,
0.0,
0.0,
5.0,
0.0,
8.0,
0.0,
13.0,
0.0,
5.0,
0.0,
0.0,
11.0,
14.0,
0.0,
0.0,
0.0,
1.0,
0.0,
0.0,
0.0,
0.0,
0.0,
0.0,
0.0,
0.0,
0.0,
0.0,
0.0,
0.0,
0.0,
0.0,
0.0,
14.0,
0.0,
49.0,
141.0,
249.0,
255.0,
255.0,
233.0,
112.0,
7.0,
0.0,
5.0,
1.0,
4.0,
0.0,
0.0,
0.0,
0.0,
0.0,
0.0,
0.0,
0.0,
0.0,
0.0,
0.0,
0.0,
8.0,
0.0,
0.0,
9.0,
88.0,
225.0,
255.0,
238.0,
242.0,
255.0,
255.0,
191.0,
55.0,
0.0,
0.0,
0.0,
0.0,
0.0,
0.0,
0.0,
0.0,
0.0,
0.0,
0.0,
0.0,
0.0,
0.0,
0.0,
0.0,
27.0,
104.0,
230.0,
240.0,
255.0,
204.0,
164.0,
109.0,
24.0,
125.0,
243.0,
219.0,
234.0,
208.0,
46.0,
0.0,
0.0,
0.0,
0.0,
0.0,
4.0,
0.0,
0.0,
6.0,
0.0,
0.0,
0.0,
105.0,
214.0,
251.0,
253.0,
202.0,
98.0,
35.0,
0.0,
0.0,
5.0,
17.0,
211.0,
255.0,
245.0,
204.0,
14.0,
0.0,
0.0,
0.0,
0.0,
6.0,
0.0,
16.0,
2.0,
6.0,
0.0,
108.0,
209.0,
223.0,
255.0,
255.0,
120.0,
23.0,
4.0,
0.0,
5.0,
4.0,
17.0,
109.0,
242.0,
234.0,
167.0,
4.0,
15.0,
0.0,
0.0,
0.0,
0.0,
0.0,
3.0,
10.0,
0.0,
0.0,
124.0,
237.0,
239.0,
255.0,
190.0,
62.0,
15.0,
8.0,
0.0,
13.0,
0.0,
9.0,
86.0,
244.0,
255.0,
183.0,
13.0,
4.0,
0.0,
0.0,
0.0,
0.0,
0.0,
1.0,
5.0,
0.0,
2.0,
106.0,
233.0,
255.0,
255.0,
108.0,
16.0,
0.0,
4.0,
7.0,
0.0,
0.0,
11.0,
0.0,
88.0,
254.0,
234.0,
59.0,
0.0,
1.0,
0.0,
0.0,
0.0,
0.0,
0.0,
1.0,
2.0,
1.0,
6.0,
255.0,
255.0,
236.0,
249.0,
70.0,
23.0,
6.0,
0.0,
0.0,
8.0,
1.0,
7.0,
11.0,
221.0,
254.0,
124.0,
0.0,
0.0,
0.0,
2.0,
0.0,
0.0,
0.0,
0.0,
2.0,
0.0,
7.0,
0.0,
162.0,
240.0,
255.0,
255.0,
253.0,
238.0,
146.0,
148.0,
166.0,
136.0,
98.0,
0.0,
158.0,
255.0,
207.0,
6.0,
4.0,
10.0,
0.0,
2.0,
0.0,
0.0,
0.0,
0.0,
11.0,
0.0,
0.0,
2.0,
1.0,
108.0,
183.0,
251.0,
248.0,
255.0,
247.0,
242.0,
255.0,
255.0,
251.0,
255.0,
255.0,
246.0,
39.0,
9.0,
18.0,
0.0,
8.0,
0.0,
0.0,
0.0,
0.0,
0.0,
0.0,
10.0,
17.0,
0.0,
4.0,
15.0,
0.0,
9.0,
36.0,
131.0,
134.0,
213.0,
255.0,
236.0,
255.0,
244.0,
247.0,
255.0,
219.0,
28.0,
2.0,
0.0,
6.0,
5.0,
0.0,
0.0,
0.0,
0.0,
0.0,
0.0,
0.0,
0.0,
0.0,
0.0,
0.0,
0.0,
0.0,
0.0,
0.0,
0.0,
20.0,
69.0,
241.0,
255.0,
255.0,
255.0,
255.0,
212.0,
92.0,
0.0,
10.0,
0.0,
0.0,
0.0,
0.0,
0.0,
0.0,
0.0,
0.0,
0.0,
0.0,
0.0,
0.0,
0.0,
3.0,
6.0,
6.0,
3.0,
8.0,
172.0,
255.0,
255.0,
119.0,
53.0,
243.0,
249.0,
226.0,
26.0,
0.0,
0.0,
0.0,
0.0,
0.0,
0.0,
0.0,
0.0,
0.0,
0.0,
0.0,
0.0,
0.0,
0.0,
0.0,
0.0,
0.0,
0.0,
1.0,
248.0,
253.0,
216.0,
21.0,
0.0,
70.0,
227.0,
255.0,
210.0,
0.0,
3.0,
0.0,
0.0,
0.0,
0.0,
0.0,
0.0,
0.0,
0.0,
0.0,
0.0,
0.0,
0.0,
8.0,
0.0,
0.0,
11.0,
58.0,
255.0,
253.0,
142.0,
0.0,
21.0,
0.0,
149.0,
232.0,
228.0,
0.0,
1.0,
0.0,
0.0,
0.0,
0.0,
0.0,
0.0,
0.0,
0.0,
0.0,
0.0,
0.0,
0.0,
6.0,
0.0,
0.0,
7.0,
134.0,
244.0,
255.0,
43.0,
0.0,
0.0,
9.0,
172.0,
245.0,
205.0,
19.0,
2.0,
0.0,
0.0,
0.0,
0.0,
0.0,
0.0,
0.0,
0.0,
0.0,
0.0,
0.0,
0.0,
0.0,
2.0,
0.0,
0.0,
162.0,
239.0,
255.0,
17.0,
12.0,
12.0,
78.0,
217.0,
255.0,
226.0,
0.0,
0.0,
0.0,
0.0,
0.0,
0.0,
0.0,
0.0,
0.0,
0.0,
0.0,
0.0,
0.0,
0.0,
0.0,
8.0,
6.0,
1.0,
133.0,
253.0,
255.0,
135.0,
153.0,
186.0,
254.0,
251.0,
243.0,
138.0,
3.0,
9.0,
0.0,
0.0,
0.0,
0.0,
0.0,
0.0,
0.0,
0.0,
0.0,
0.0,
0.0,
0.0,
0.0,
0.0,
0.0,
4.0,
71.0,
243.0,
249.0,
255.0,
255.0,
252.0,
255.0,
245.0,
122.0,
3.0,
0.0,
0.0,
0.0,
0.0,
0.0,
0.0,
0.0,
0.0,
0.0,
0.0,
0.0,
0.0,
0.0,
0.0,
0.0,
5.0,
2.0,
0.0,
2.0,
66.0,
170.0,
252.0,
255.0,
203.0,
119.0,
41.0,
0.0,
0.0,
2.0,
5.0,
0.0,
0.0,
0.0,
0.0,
0.0,
0.0,
0.0,
0.0,
0.0,
0.0,
0.0,
0.0,
0.0,
0.0,
4.0,
4.0,
1.0,
2.0,
9.0,
15.0,
0.0,
0.0,
0.0,
0.0,
0.0,
5.0,
1.0,
0.0,
0.0,
0.0,
0.0,
0.0,
0.0,
0.0,
0.0,
0.0,
0.0,
0.0,
0.0,
0.0,
8.0,
0.0,
0.0,
0.0,
0.0,
1.0,
0.0,
0.0,
7.0,
8.0,
6.0,
3.0,
4.0,
6.0,
4.0,
0.0,
0.0,
0.0,
0.0,
0.0,
0.0,
0.0,
0.0,
0.0,
0.0,
0.0,
0.0,
0.0,
0.0,
0.0,
0.0,
0.0,
3.0,
6.0,
9.0,
11.0,
0.0,
0.0,
0.0,
0.0,
0.0,
0.0,
0.0,
0.0,
0.0,
0.0,
0.0,
0.0,
