0.0,
5.0,
0.0,
0.0,
1.0,
0.0,
0.0,
0.0,
6.0,
0.0,
6.0,
4.0,
0.0,
0.0,
7.0,
0.0,
7.0,
0.0,
0.0,
9.0,
9.0,
0.0,
0.0,
11.0,
0.0,
0.0,
0.0,
0.0,
0.0,
2.0,
0.0,
0.0,
1.0,
3.0,
8.0,
5.0,
6.0,
0.0,
0.0,
5.0,
5.0,
0.0,
0.0,
0.0,
0.0,
2.0,
0.0,
0.0,
0.0,
0.0,
1.0,
0.0,
0.0,
0.0,
0.0,
0.0,
1.0,
0.0,
5.0,
0.0,
0.0,
0.0,
0.0,
0.0,
0.0,
10.0,
11.0,
0.0,
0.0,
7.0,
10.0,
0.0,
5.0,
11.0,
8.0,
0.0,
0.0,
3.0,
2.0,
0.0,
0.0,
0.0,
0.0,
0.0,
0.0,
0.0,
7.0,
5.0,
0.0,
10.0,
10.0,
4.0,
0.0,
0.0,
0.0,
4.0,
5.0,
0.0,
0.0,
0.0,
3.0,
0.0,
0.0,
1.0,
4.0,
0.0,
0.0,
12.0,
0.0,
0.0,
0.0,
0.0,
6.0,
0.0,
6.0,
1.0,
0.0,
2.0,
0.0,
0.0,
9.0,
0.0,
0.0,
0.0,
2.0,
1.0,
2.0,
1.0,
0.0,
7.0,
26.0,
5.0,
0.0,
9.0,
0.0,
0.0,
0.0,
0.0,
0.0,
0.0,
9.0,
0.0,
4.0,
0.0,
0.0,
0.0,
0.0,
17.0,
14.0,
44.0,
149.0,
250.0,
255.0,
241.0,
247.0,
255.0,
255.0,
108.0,
3.0,
0.0,
3.0,
6.0,
0.0,
18.0,
0.0,
0.0,
0.0,
0.0,
0.0,
0.0,
4.0,
0.0,
13.0,
13.0,
12.0,
96.0,
204.0,
217.0,
225.0,
171.0,
118.0,
177.0,
255.0,
255.0,
250.0,
254.0,
206.0,
53.0,
0.0,
10.0,
2.0,
0.0,
0.0,
0.0,
0.0,
0.0,
0.0,
0.0,
7.0,
0.0,
2.0,
0.0,
0.0,
107.0,
100.0,
0.0,
46.0,
206.0,
168.0,
35.0,
31.0,
101.0,
220.0,
251.0,
243.0,
100.0,
0.0,
0.0,
0.0,
5.0,
0.0,
0.0,
0.0,
0.0,
0.0,
0.0,
0.0,
0.0,
0.0,
0.0,
0.0,
0.0,
0.0,
8.0,
0.0,
77.0,
229.0,
211.0,
25.0,
2.0,
187.0,
254.0,
127.0,
92.0,
16.0,
1.0,
3.0,
3.0,
0.0,
0.0,
0.0,
0.0,
0.0,
0.0,
0.0,
0.0,
0.0,
0.0,
0.0,
0.0,
2.0,
3.0,
0.0,
2.0,
124.0,
249.0,
68.0,
107.0,
232.0,
248.0,
186.0,
15.0,
0.0,
0.0,
0.0,
0.0,
0.0,
0.0,
0.0,
0.0,
0.0,
0.0,
0.0,
0.0,
0.0,
0.0,
0.0,
0.0,
0.0,
4.0,
0.0,
8.0,
60.0,
255.0,
143.0,
134.0,
219.0,
212.0,
99.0,
6.0,
9.0,
0.0,
10.0,
0.0,
0.0,
0.0,
0.0,
0.0,
0.0,
0.0,
0.0,
0.0,
0.0,
0.0,
0.0,
0.0,
5.0,
0.0,
7.0,
0.0,
23.0,
137.0,
80.0,
255.0,
224.0,
192.0,
0.0,
3.0,
3.0,
0.0,
6.0,
2.0,
0.0,
0.0,
0.0,
0.0,
0.0,
0.0,
0.0,
0.0,
0.0,
0.0,
0.0,
0.0,
0.0,
26.0,
14.0,
0.0,
21.0,
60.0,
191.0,
251.0,
228.0,
174.0,
1.0,
0.0,
2.0,
4.0,
0.0,
0.0,
0.0,
0.0,
0.0,
0.0,
0.0,
0.0,
0.0,
0.0,
0.0,
0.0,
0.0,
0.0,
21.0,
0.0,
0.0,
80.0,
241.0,
188.0,
183.0,
214.0,
249.0,
200.0,
0.0,
6.0,
3.0,
12.0,
2.0,
0.0,
0.0,
0.0,
0.0,
0.0,
0.0,
0.0,
0.0,
0.0,
0.0,
0.0,
0.0,
0.0,
0.0,
21.0,
135.0,
195.0,
116.0,
0.0,
33.0,
29.0,
234.0,
224.0,
27.0,
8.0,
0.0,
0.0,
4.0,
1.0,
0.0,
0.0,
0.0,
0.0,
0.0,
0.0,
0.0,
0.0,
0.0,
0.0,
0.0,
0.0,
0.0,
46.0,
230.0,
234.0,
59.0,
3.0,
0.0,
10.0,
84.0,
149.0,
172.0,
5.0,
6.0,
1.0,
6.0,
0.0,
0.0,
0.0,
0.0,
0.0,
3.0,
2.0,
0.0,
0.0,
11.0,
5.0,
0.0,
0.0,
6.0,
227.0,
254.0,
159.0,
0.0,
3.0,
0.0,
0.0,
0.0,
6.0,
114.0,
114.0,
0.0,
4.0,
0.0,
0.0,
0.0,
0.0,
0.0,
0.0,
0.0,
1.0,
1.0,
3.0,
0.0,
0.0,
12.0,
52.0,
137.0,
244.0,
254.0,
80.0,
1.0,
0.0,
10.0,
12.0,
13.0,
9.0,
233.0,
243.0,
99.0,
0.0,
0.0,
10.0,
0.0,
0.0,
0.0,
0.0,
0.0,
0.0,
1.0,
4.0,
0.0,
0.0,
19.0,
77.0,
237.0,
248.0,
154.0,
26.0,
0.0,
0.0,
0.0,
0.0,
0.0,
0.0,
108.0,
235.0,
197.0,
24.0,
3.0,
0.0,
0.0,
0.0,
0.0,
0.0,
5.0,
1.0,
0.0,
1.0,
2.0,
0.0,
7.0,
39.0,
255.0,
251.0,
56.0,
0.0,
0.0,
19.0,
16.0,
0.0,
12.0,
9.0,
0.0,
167.0,
255.0,
147.0,
0.0,
0.0,
0.0,
0.0,
0.0,
0.0,
1.0,
3.0,
0.0,
0.0,
5.0,
4.0,
0.0,
0.0,
233.0,
255.0,
117.0,
22.0,
6.0,
0.0,
0.0,
0.0,
0.0,
8.0,
0.0,
82.0,
238.0,
252.0,
0.0,
6.0,
0.0,
0.0,
0.0,
0.0,
0.0,
5.0,
1.0,
0.0,
0.0,
3.0,
0.0,
0.0,
83.0,
244.0,
255.0,
119.0,
2.0,
23.0,
0.0,
13.0,
4.0,
7.0,
10.0,
3.0,
155.0,
243.0,
57.0,
0.0,
0.0,
0.0,
0.0,
0.0,
0.0,
3.0,
0.0,
0.0,
1.0,
0.0,
0.0,
7.0,
8.0,
29.0,
96.0,
204.0,
236.0,
230.0,
53.0,
38.0,
19.0,
0.0,
3.0,
24.0,
158.0,
218.0,
120.0,
3.0,
0.0,
0.0,
0.0,
0.0,
7.0,
1.0,
0.0,
2.0,
9.0,
0.0,
0.0,
3.0,
0.0,
0.0,
0.0,
0.0,
115.0,
212.0,
248.0,
252.0,
182.0,
114.0,
197.0,
222.0,
255.0,
225.0,
55.0,
0.0,
0.0,
0.0,
0.0,
0.0,
0.0,
0.0,
0.0,
0.0,
0.0,
0.0,
0.0,
0.0,
0.0,
4.0,
6.0,
0.0,
0.0,
38.0,
106.0,
161.0,
255.0,
250.0,
197.0,
154.0,
128.0,
50.0,
0.0,
2.0,
0.0,
0.0,
0.0,
0.0,
0.0,
0.0,
0.0,
0.0,
0.0,
0.0,
0.0,
0.0,
0.0,
1.0,
1.0,
0.0,
0.0,
0.0,
2.0,
8.0,
0.0,
2.0,
0.0,
0.0,
19.0,
2.0,
0.0,
15.0,
0.0,
0.0,
0.0,
0.0,
0.0,
0.0,
0.0,
0.0,
0.0,
0.0,
0.0,
0.0,
0.0,
0.0,
0.0,
2.0,
8.0,
8.0,
0.0,
0.0,
7.0,
10.0,
2.0,
0.0,
5.0,
0.0,
0.0,
3.0,
0.0,
0.0,
0.0,
0.0,
0.0,
0.0,
0.0,
0.0,
0.0,
0.0,
0.0,
0.0,
6.0,
4.0,
0.0,
0.0,
0.0,
0.0,
7.0,
12.0,
0.0,
0.0,
0.0,
0.0,
0.0,
3.0,
8.0,
5.0,
0.0,
0.0,
0.0,
0.0,
