0.0,
0.0,
0.0,
0.0,
0.0,
0.0,
0.0,
0.0,
2.0,
1.0,
0.0,
0.0,
7.0,
4.0,
0.0,
0.0,
0.0,
0.0,
0.0,
0.0,
0.0,
3.0,
1.0,
0.0,
0.0,
0.0,
0.0,
0.0,
0.0,
0.0,
0.0,
0.0,
0.0,
0.0,
0.0,
0.0,
0.0,
7.0,
10.0,
0.0,
0.0,
1.0,
5.0,
0.0,
19.0,
1.0,
0.0,
0.0,
6.0,
3.0,
0.0,
17.0,
0.0,
0.0,
0.0,
0.0,
0.0,
0.0,
0.0,
0.0,
0.0,
0.0,
0.0,
0.0,
5.0,
0.0,
0.0,
0.0,
0.0,
0.0,
0.0,
0.0,
0.0,
0.0,
17.0,
14.0,
0.0,
0.0,
3.0,
0.0,
0.0,
0.0,
0.0,
0.0,
0.0,
0.0,
0.0,
0.0,
0.0,
0.0,
0.0,
0.0,
7.0,
3.0,
13.0,
15.0,
0.0,
0.0,
2.0,
1.0,
10.0,
8.0,
0.0,
4.0,
9.0,
0.0,
14.0,
0.0,
0.0,
0.0,
0.0,
0.0,
0.0,
0.0,
0.0,
0.0,
0.0,
0.0,
0.0,
0.0,
0.0,
0.0,
0.0,
0.0,
0.0,
8.0,
13.0,
0.0,
0.0,
18.0,
4.0,
0.0,
0.0,
1.0,
3.0,
4.0,
0.0,
0.0,
0.0,
0.0,
0.0,
0.0,
0.0,
0.0,
0.0,
0.0,
0.0,
0.0,
9.0,
8.0,
5.0,
9.0,
9.0,
0.0,
0.0,
6.0,
15.0,
0.0,
28.0,
12.0,
0.0,
11.0,
0.0,
0.0,
0.0,
0.0,
0.0,
0.0,
0.0,
0.0,
0.0,
0.0,
0.0,
0.0,
0.0,
0.0,
0.0,
0.0,
20.0,
115.0,
238.0,
255.0,
252.0,
255.0,
203.0,
21.0,
0.0,
13.0,
4.0,
1.0,
0.0,
5.0,
0.0,
0.0,
0.0,
0.0,
0.0,
0.0,
0.0,
0.0,
0.0,
0.0,
0.0,
0.0,
26.0,
180.0,
255.0,
246.0,
250.0,
252.0,
243.0,
255.0,
255.0,
246.0,
68.0,
0.0,
39.0,
2.0,
0.0,
5.0,
0.0,
0.0,
0.0,
0.0,
5.0,
0.0,
0.0,
0.0,
1.0,
0.0,
0.0,
0.0,
156.0,
247.0,
255.0,
245.0,
255.0,
169.0,
154.0,
197.0,
255.0,
243.0,
187.0,
105.0,
216.0,
132.0,
1.0,
0.0,
0.0,
0.0,
0.0,
0.0,
1.0,
0.0,
1.0,
2.0,
0.0,
0.0,
3.0,
12.0,
209.0,
255.0,
216.0,
106.0,
30.0,
0.0,
16.0,
14.0,
33.0,
255.0,
250.0,
247.0,
255.0,
160.0,
0.0,
2.0,
0.0,
0.0,
0.0,
0.0,
0.0,
0.0,
3.0,
3.0,
0.0,
0.0,
11.0,
27.0,
255.0,
226.0,
92.0,
12.0,
0.0,
0.0,
2.0,
0.0,
0.0,
79.0,
255.0,
254.0,
228.0,
13.0,
0.0,
1.0,
0.0,
0.0,
0.0,
0.0,
0.0,
0.0,
2.0,
2.0,
0.0,
0.0,
10.0,
24.0,
228.0,
255.0,
124.0,
10.0,
0.0,
11.0,
1.0,
10.0,
33.0,
209.0,
255.0,
255.0,
255.0,
2.0,
0.0,
0.0,
0.0,
0.0,
0.0,
0.0,
0.0,
0.0,
0.0,
1.0,
0.0,
0.0,
2.0,
8.0,
101.0,
247.0,
252.0,
203.0,
99.0,
0.0,
10.0,
126.0,
229.0,
255.0,
236.0,
208.0,
120.0,
8.0,
3.0,
0.0,
0.0,
0.0,
0.0,
0.0,
3.0,
0.0,
0.0,
0.0,
2.0,
0.0,
0.0,
0.0,
0.0,
162.0,
255.0,
255.0,
244.0,
221.0,
237.0,
245.0,
239.0,
247.0,
255.0,
65.0,
0.0,
3.0,
0.0,
18.0,
0.0,
0.0,
0.0,
0.0,
3.0,
0.0,
0.0,
0.0,
3.0,
0.0,
0.0,
0.0,
1.0,
7.0,
24.0,
135.0,
254.0,
255.0,
255.0,
246.0,
255.0,
233.0,
33.0,
0.0,
12.0,
5.0,
0.0,
2.0,
0.0,
0.0,
0.0,
0.0,
2.0,
0.0,
0.0,
1.0,
3.0,
1.0,
1.0,
3.0,
0.0,
1.0,
0.0,
97.0,
255.0,
248.0,
235.0,
255.0,
243.0,
238.0,
0.0,
3.0,
0.0,
0.0,
9.0,
0.0,
0.0,
0.0,
0.0,
0.0,
0.0,
0.0,
0.0,
0.0,
0.0,
0.0,
0.0,
0.0,
4.0,
0.0,
27.0,
193.0,
255.0,
245.0,
198.0,
111.0,
197.0,
250.0,
71.0,
0.0,
0.0,
4.0,
0.0,
2.0,
0.0,
0.0,
0.0,
0.0,
0.0,
0.0,
0.0,
0.0,
0.0,
0.0,
0.0,
0.0,
0.0,
9.0,
58.0,
245.0,
255.0,
122.0,
29.0,
0.0,
132.0,
252.0,
71.0,
9.0,
0.0,
0.0,
3.0,
0.0,
0.0,
0.0,
0.0,
0.0,
0.0,
0.0,
0.0,
0.0,
0.0,
0.0,
0.0,
0.0,
0.0,
3.0,
156.0,
245.0,
249.0,
0.0,
2.0,
0.0,
100.0,
246.0,
102.0,
3.0,
0.0,
0.0,
4.0,
0.0,
0.0,
0.0,
0.0,
0.0,
0.0,
0.0,
0.0,
0.0,
0.0,
0.0,
0.0,
0.0,
3.0,
8.0,
170.0,
255.0,
142.0,
0.0,
5.0,
8.0,
151.0,
243.0,
130.0,
0.0,
6.0,
1.0,
0.0,
0.0,
0.0,
0.0,
0.0,
0.0,
0.0,
0.0,
0.0,
0.0,
0.0,
0.0,
0.0,
0.0,
11.0,
0.0,
167.0,
255.0,
130.0,
9.0,
0.0,
17.0,
229.0,
247.0,
91.0,
0.0,
3.0,
0.0,
0.0,
0.0,
0.0,
0.0,
0.0,
0.0,
0.0,
0.0,
0.0,
0.0,
0.0,
0.0,
0.0,
0.0,
0.0,
1.0,
165.0,
255.0,
130.0,
0.0,
2.0,
149.0,
255.0,
213.0,
12.0,
17.0,
0.0,
0.0,
10.0,
0.0,
0.0,
0.0,
0.0,
0.0,
0.0,
0.0,
0.0,
0.0,
0.0,
0.0,
0.0,
0.0,
1.0,
2.0,
173.0,
226.0,
185.0,
17.0,
116.0,
239.0,
247.0,
110.0,
0.0,
12.0,
0.0,
0.0,
6.0,
0.0,
0.0,
0.0,
0.0,
0.0,
0.0,
0.0,
0.0,
0.0,
0.0,
0.0,
0.0,
0.0,
0.0,
4.0,
92.0,
255.0,
237.0,
218.0,
255.0,
254.0,
226.0,
5.0,
10.0,
0.0,
7.0,
5.0,
0.0,
3.0,
0.0,
0.0,
0.0,
0.0,
0.0,
0.0,
0.0,
0.0,
0.0,
0.0,
0.0,
0.0,
0.0,
12.0,
48.0,
206.0,
255.0,
230.0,
244.0,
231.0,
29.0,
12.0,
0.0,
0.0,
3.0,
2.0,
0.0,
0.0,
0.0,
0.0,
0.0,
0.0,
0.0,
0.0,
0.0,
0.0,
0.0,
0.0,
0.0,
0.0,
1.0,
0.0,
0.0,
105.0,
241.0,
255.0,
189.0,
41.0,
11.0,
1.0,
0.0,
0.0,
3.0,
2.0,
0.0,
0.0,
0.0,
0.0,
0.0,
0.0,
0.0,
0.0,
0.0,
0.0,
0.0,
0.0,
0.0,
0.0,
0.0,
14.0,
6.0,
2.0,
0.0,
0.0,
4.0,
0.0,
0.0,
0.0,
0.0,
0.0,
3.0,
1.0,
0.0,
0.0,
0.0,
0.0,
0.0,
0.0,
0.0,
0.0,
0.0,
0.0,
0.0,
0.0,
0.0,
0.0,
0.0,
0.0,
0.0,
7.0,
13.0,
2.0,
0.0,
3.0,
0.0,
0.0,
2.0,
4.0,
2.0,
0.0,
0.0,
0.0,
0.0,
0.0,
0.0,
0.0,
