3.0,
0.0,
0.0,
0.0,
0.0,
1.0,
0.0,
0.0,
2.0,
0.0,
0.0,
0.0,
0.0,
5.0,
6.0,
0.0,
0.0,
4.0,
0.0,
0.0,
9.0,
0.0,
0.0,
10.0,
0.0,
0.0,
0.0,
0.0,
1.0,
0.0,
0.0,
0.0,
1.0,
2.0,
1.0,
0.0,
3.0,
12.0,
0.0,
2.0,
5.0,
0.0,
0.0,
6.0,
4.0,
0.0,
0.0,
0.0,
0.0,
6.0,
11.0,
0.0,
0.0,
0.0,
0.0,
0.0,
0.0,
0.0,
0.0,
0.0,
2.0,
3.0,
2.0,
0.0,
0.0,
11.0,
0.0,
0.0,
11.0,
3.0,
5.0,
3.0,
0.0,
0.0,
13.0,
16.0,
3.0,
0.0,
0.0,
1.0,
0.0,
0.0,
0.0,
0.0,
0.0,
0.0,
0.0,
0.0,
1.0,
1.0,
0.0,
0.0,
12.0,
7.0,
3.0,
0.0,
0.0,
5.0,
0.0,
0.0,
4.0,
10.0,
0.0,
0.0,
6.0,
5.0,
0.0,
10.0,
0.0,
0.0,
0.0,
0.0,
0.0,
0.0,
0.0,
0.0,
0.0,
0.0,
0.0,
0.0,
6.0,
0.0,
14.0,
10.0,
0.0,
3.0,
0.0,
9.0,
0.0,
0.0,
3.0,
0.0,
0.0,
7.0,
10.0,
0.0,
0.0,
0.0,
0.0,
0.0,
0.0,
0.0,
0.0,
0.0,
0.0,
0.0,
0.0,
0.0,
3.0,
0.0,
85.0,
134.0,
183.0,
246.0,
197.0,
125.0,
68.0,
0.0,
0.0,
26.0,
0.0,
0.0,
12.0,
0.0,
0.0,
0.0,
0.0,
0.0,
0.0,
1.0,
1.0,
0.0,
0.0,
0.0,
4.0,
8.0,
0.0,
120.0,
227.0,
255.0,
246.0,
248.0,
255.0,
255.0,
240.0,
98.0,
0.0,
0.0,
0.0,
2.0,
7.0,
3.0,
0.0,
0.0,
0.0,
0.0,
0.0,
0.0,
1.0,
0.0,
0.0,
2.0,
9.0,
15.0,
175.0,
251.0,
239.0,
237.0,
179.0,
81.0,
134.0,
225.0,
255.0,
245.0,
115.0,
1.0,
6.0,
2.0,
0.0,
9.0,
0.0,
0.0,
0.0,
0.0,
0.0,
0.0,
9.0,
0.0,
4.0,
0.0,
0.0,
93.0,
255.0,
247.0,
255.0,
214.0,
24.0,
0.0,
5.0,
50.0,
227.0,
255.0,
218.0,
45.0,
6.0,
0.0,
3.0,
3.0,
0.0,
0.0,
0.0,
0.0,
2.0,
1.0,
3.0,
0.0,
3.0,
18.0,
14.0,
82.0,
246.0,
255.0,
224.0,
100.0,
2.0,
3.0,
6.0,
1.0,
73.0,
255.0,
255.0,
119.0,
0.0,
0.0,
0.0,
0.0,
0.0,
0.0,
0.0,
0.0,
0.0,
0.0,
6.0,
0.0,
6.0,
0.0,
0.0,
25.0,
235.0,
255.0,
199.0,
0.0,
3.0,
0.0,
8.0,
0.0,
5.0,
98.0,
241.0,
247.0,
101.0,
12.0,
2.0,
0.0,
0.0,
0.0,
0.0,
0.0,
8.0,
0.0,
0.0,
0.0,
3.0,
0.0,
4.0,
87.0,
249.0,
255.0,
139.0,
0.0,
0.0,
11.0,
0.0,
8.0,
5.0,
111.0,
248.0,
255.0,
70.0,
0.0,
14.0,
6.0,
0.0,
0.0,
0.0,
0.0,
2.0,
0.0,
0.0,
5.0,
6.0,
0.0,
22.0,
95.0,
255.0,
230.0,
133.0,
0.0,
0.0,
11.0,
2.0,
3.0,
5.0,
229.0,
255.0,
202.0,
34.0,
0.0,
0.0,
0.0,
0.0,
0.0,
0.0,
0.0,
0.0,
3.0,
6.0,
3.0,
2.0,
0.0,
0.0,
7.0,
242.0,
255.0,
219.0,
67.0,
8.0,
0.0,
0.0,
0.0,
173.0,
248.0,
255.0,
65.0,
1.0,
2.0,
0.0,
19.0,
0.0,
0.0,
0.0,
0.0,
5.0,
9.0,
0.0,
0.0,
0.0,
2.0,
9.0,
5.0,
161.0,
255.0,
255.0,
227.0,
47.0,
24.0,
0.0,
86.0,
251.0,
240.0,
247.0,
18.0,
0.0,
5.0,
0.0,
0.0,
0.0,
0.0,
0.0,
0.0,
0.0,
0.0,
0.0,
6.0,
4.0,
0.0,
0.0,
0.0,
21.0,
111.0,
253.0,
255.0,
203.0,
70.0,
111.0,
253.0,
244.0,
255.0,
63.0,
11.0,
0.0,
0.0,
8.0,
3.0,
0.0,
0.0,
0.0,
0.0,
0.0,
0.0,
0.0,
0.0,
0.0,
0.0,
0.0,
0.0,
1.0,
0.0,
82.0,
231.0,
255.0,
255.0,
245.0,
255.0,
229.0,
123.0,
0.0,
10.0,
0.0,
0.0,
14.0,
0.0,
0.0,
0.0,
0.0,
0.0,
0.0,
0.0,
0.0,
0.0,
0.0,
0.0,
0.0,
0.0,
0.0,
11.0,
0.0,
54.0,
207.0,
239.0,
255.0,
202.0,
0.0,
12.0,
0.0,
6.0,
0.0,
6.0,
0.0,
14.0,
0.0,
0.0,
0.0,
0.0,
0.0,
0.0,
0.0,
0.0,
0.0,
0.0,
0.0,
0.0,
0.0,
0.0,
19.0,
126.0,
255.0,
255.0,
238.0,
252.0,
57.0,
0.0,
12.0,
0.0,
8.0,
0.0,
10.0,
0.0,
0.0,
0.0,
0.0,
0.0,
0.0,
0.0,
0.0,
0.0,
0.0,
0.0,
0.0,
0.0,
7.0,
0.0,
48.0,
245.0,
223.0,
203.0,
247.0,
255.0,
241.0,
146.0,
0.0,
19.0,
0.0,
0.0,
5.0,
0.0,
0.0,
0.0,
0.0,
0.0,
0.0,
0.0,
0.0,
0.0,
0.0,
0.0,
0.0,
0.0,
4.0,
17.0,
221.0,
255.0,
187.0,
15.0,
0.0,
197.0,
235.0,
215.0,
23.0,
0.0,
4.0,
19.0,
0.0,
0.0,
0.0,
0.0,
0.0,
0.0,
0.0,
0.0,
0.0,
0.0,
0.0,
0.0,
0.0,
0.0,
0.0,
69.0,
238.0,
255.0,
43.0,
1.0,
0.0,
20.0,
192.0,
233.0,
205.0,
39.0,
1.0,
0.0,
6.0,
7.0,
0.0,
0.0,
0.0,
0.0,
0.0,
0.0,
0.0,
0.0,
0.0,
0.0,
0.0,
0.0,
5.0,
14.0,
255.0,
242.0,
150.0,
35.0,
13.0,
1.0,
3.0,
128.0,
255.0,
232.0,
31.0,
0.0,
3.0,
0.0,
0.0,
0.0,
0.0,
0.0,
0.0,
0.0,
0.0,
0.0,
0.0,
0.0,
0.0,
0.0,
0.0,
13.0,
124.0,
255.0,
249.0,
239.0,
193.0,
225.0,
222.0,
227.0,
242.0,
255.0,
90.0,
0.0,
16.0,
0.0,
0.0,
0.0,
0.0,
0.0,
0.0,
0.0,
0.0,
0.0,
0.0,
0.0,
0.0,
0.0,
1.0,
0.0,
0.0,
26.0,
123.0,
229.0,
255.0,
250.0,
248.0,
255.0,
241.0,
149.0,
49.0,
0.0,
0.0,
3.0,
0.0,
0.0,
0.0,
0.0,
0.0,
0.0,
0.0,
0.0,
0.0,
0.0,
0.0,
0.0,
3.0,
11.0,
11.0,
0.0,
0.0,
2.0,
2.0,
0.0,
0.0,
0.0,
0.0,
0.0,
0.0,
4.0,
7.0,
0.0,
0.0,
0.0,
0.0,
0.0,
0.0,
0.0,
0.0,
0.0,
0.0,
0.0,
0.0,
0.0,
0.0,
0.0,
0.0,
6.0,
3.0,
0.0,
0.0,
9.0,
7.0,
5.0,
2.0,
2.0,
7.0,
8.0,
0.0,
0.0,
0.0,
0.0,
0.0,
0.0,
0.0,
0.0,
0.0,
0.0,
0.0,
0.0,
0.0,
0.0,
16.0,
0.0,
0.0,
0.0,
1.0,
0.0,
0.0,
0.0,
0.0,
0.0,
1.0,
2.0,
0.0,
0.0,
0.0,
8.0,
0.0,
0.0,
0.0,
0.0,
