0.0,
0.0,
0.0,
0.0,
0.0,
0.0,
0.0,
0.0,
0.0,
0.0,
0.0,
0.0,
0.0,
1.0,
3.0,
0.0,
0.0,
0.0,
16.0,
0.0,
0.0,
0.0,
1.0,
3.0,
0.0,
0.0,
0.0,
0.0,
0.0,
0.0,
0.0,
0.0,
0.0,
0.0,
0.0,
0.0,
7.0,
0.0,
0.0,
16.0,
11.0,
0.0,
0.0,
9.0,
0.0,
0.0,
0.0,
0.0,
12.0,
8.0,
5.0,
0.0,
0.0,
0.0,
0.0,
0.0,
0.0,
0.0,
0.0,
0.0,
0.0,
0.0,
0.0,
0.0,
0.0,
8.0,
4.0,
0.0,
0.0,
6.0,
8.0,
0.0,
14.0,
6.0,
6.0,
0.0,
6.0,
0.0,
2.0,
0.0,
0.0,
0.0,
0.0,
0.0,
0.0,
0.0,
0.0,
0.0,
0.0,
0.0,
0.0,
0.0,
1.0,
0.0,
1.0,
8.0,
9.0,
2.0,
0.0,
4.0,
0.0,
0.0,
0.0,
6.0,
0.0,
0.0,
0.0,
8.0,
0.0,
0.0,
0.0,
0.0,
0.0,
0.0,
0.0,
0.0,
0.0,
0.0,
0.0,
0.0,
4.0,
0.0,
0.0,
0.0,
0.0,
0.0,
0.0,
0.0,
17.0,
5.0,
0.0,
5.0,
10.0,
0.0,
2.0,
0.0,
0.0,
0.0,
0.0,
0.0,
0.0,
0.0,
0.0,
0.0,
0.0,
0.0,
0.0,
0.0,
0.0,
0.0,
0.0,
12.0,
96.0,
206.0,
255.0,
255.0,
225.0,
134.0,
8.0,
0.0,
3.0,
4.0,
7.0,
0.0,
0.0,
0.0,
0.0,
0.0,
0.0,
0.0,
0.0,
0.0,
0.0,
0.0,
0.0,
0.0,
0.0,
43.0,
127.0,
215.0,
255.0,
255.0,
250.0,
246.0,
255.0,
180.0,
19.0,
0.0,
0.0,
0.0,
5.0,
0.0,
0.0,
0.0,
0.0,
0.0,
0.0,
0.0,
0.0,
0.0,
0.0,
0.0,
0.0,
0.0,
91.0,
198.0,
255.0,
247.0,
144.0,
63.0,
37.0,
38.0,
119.0,
67.0,
0.0,
6.0,
6.0,
0.0,
1.0,
0.0,
0.0,
0.0,
0.0,
0.0,
0.0,
3.0,
0.0,
11.0,
0.0,
6.0,
0.0,
62.0,
227.0,
253.0,
250.0,
93.0,
0.0,
0.0,
6.0,
0.0,
0.0,
0.0,
0.0,
0.0,
10.0,
1.0,
0.0,
9.0,
0.0,
0.0,
0.0,
0.0,
0.0,
15.0,
0.0,
0.0,
0.0,
0.0,
17.0,
238.0,
255.0,
199.0,
56.0,
0.0,
4.0,
14.0,
0.0,
5.0,
93.0,
70.0,
21.0,
0.0,
0.0,
0.0,
14.0,
0.0,
0.0,
0.0,
0.0,
0.0,
0.0,
8.0,
0.0,
0.0,
10.0,
0.0,
0.0,
230.0,
253.0,
193.0,
50.0,
9.0,
9.0,
0.0,
57.0,
171.0,
245.0,
255.0,
99.0,
0.0,
9.0,
5.0,
13.0,
12.0,
0.0,
0.0,
0.0,
0.0,
6.0,
0.0,
0.0,
2.0,
1.0,
7.0,
0.0,
66.0,
219.0,
255.0,
226.0,
110.0,
3.0,
98.0,
236.0,
253.0,
239.0,
125.0,
2.0,
0.0,
5.0,
0.0,
0.0,
0.0,
0.0,
0.0,
0.0,
0.0,
0.0,
0.0,
0.0,
9.0,
0.0,
2.0,
13.0,
0.0,
148.0,
231.0,
246.0,
255.0,
99.0,
238.0,
248.0,
200.0,
55.0,
0.0,
0.0,
12.0,
1.0,
2.0,
12.0,
0.0,
0.0,
0.0,
0.0,
0.0,
0.0,
16.0,
0.0,
3.0,
0.0,
0.0,
11.0,
4.0,
0.0,
75.0,
212.0,
255.0,
255.0,
252.0,
177.0,
21.0,
0.0,
5.0,
17.0,
0.0,
0.0,
0.0,
0.0,
4.0,
0.0,
0.0,
0.0,
0.0,
0.0,
9.0,
0.0,
0.0,
8.0,
0.0,
0.0,
0.0,
3.0,
1.0,
42.0,
242.0,
255.0,
255.0,
237.0,
255.0,
165.0,
60.0,
0.0,
4.0,
3.0,
0.0,
5.0,
0.0,
0.0,
0.0,
0.0,
0.0,
4.0,
0.0,
4.0,
0.0,
0.0,
3.0,
0.0,
3.0,
0.0,
5.0,
129.0,
251.0,
243.0,
85.0,
194.0,
249.0,
253.0,
232.0,
64.0,
0.0,
10.0,
1.0,
0.0,
0.0,
0.0,
0.0,
0.0,
0.0,
0.0,
0.0,
0.0,
0.0,
0.0,
0.0,
0.0,
0.0,
0.0,
7.0,
150.0,
245.0,
138.0,
2.0,
5.0,
83.0,
255.0,
248.0,
236.0,
63.0,
0.0,
0.0,
10.0,
2.0,
0.0,
0.0,
0.0,
0.0,
0.0,
0.0,
0.0,
0.0,
0.0,
0.0,
0.0,
0.0,
2.0,
0.0,
164.0,
255.0,
21.0,
3.0,
6.0,
7.0,
119.0,
237.0,
255.0,
169.0,
13.0,
8.0,
0.0,
0.0,
0.0,
0.0,
0.0,
0.0,
0.0,
0.0,
0.0,
0.0,
0.0,
0.0,
0.0,
0.0,
0.0,
4.0,
209.0,
254.0,
2.0,
0.0,
9.0,
0.0,
0.0,
187.0,
242.0,
233.0,
52.0,
0.0,
0.0,
15.0,
0.0,
0.0,
0.0,
0.0,
0.0,
0.0,
0.0,
0.0,
0.0,
0.0,
0.0,
0.0,
4.0,
1.0,
183.0,
255.0,
46.0,
0.0,
7.0,
7.0,
0.0,
0.0,
246.0,
255.0,
82.0,
8.0,
0.0,
0.0,
0.0,
0.0,
0.0,
0.0,
0.0,
0.0,
0.0,
0.0,
0.0,
0.0,
0.0,
0.0,
0.0,
14.0,
133.0,
237.0,
16.0,
0.0,
5.0,
1.0,
1.0,
2.0,
193.0,
249.0,
164.0,
0.0,
8.0,
0.0,
0.0,
0.0,
0.0,
0.0,
0.0,
0.0,
0.0,
0.0,
0.0,
0.0,
0.0,
0.0,
2.0,
0.0,
70.0,
252.0,
220.0,
58.0,
0.0,
0.0,
0.0,
46.0,
240.0,
255.0,
132.0,
0.0,
2.0,
1.0,
0.0,
0.0,
0.0,
0.0,
0.0,
0.0,
0.0,
0.0,
0.0,
0.0,
0.0,
0.0,
0.0,
1.0,
0.0,
8.0,
223.0,
199.0,
119.0,
37.0,
40.0,
188.0,
255.0,
244.0,
96.0,
0.0,
0.0,
0.0,
0.0,
0.0,
0.0,
0.0,
0.0,
0.0,
0.0,
0.0,
0.0,
0.0,
0.0,
0.0,
3.0,
0.0,
1.0,
12.0,
195.0,
255.0,
255.0,
252.0,
252.0,
251.0,
255.0,
155.0,
0.0,
14.0,
5.0,
0.0,
0.0,
0.0,
0.0,
0.0,
0.0,
0.0,
0.0,
0.0,
0.0,
0.0,
0.0,
0.0,
0.0,
24.0,
0.0,
0.0,
40.0,
200.0,
254.0,
254.0,
255.0,
235.0,
115.0,
10.0,
2.0,
1.0,
0.0,
6.0,
0.0,
0.0,
0.0,
0.0,
0.0,
0.0,
0.0,
0.0,
0.0,
0.0,
0.0,
0.0,
0.0,
11.0,
0.0,
0.0,
0.0,
19.0,
1.0,
0.0,
0.0,
9.0,
0.0,
0.0,
7.0,
14.0,
0.0,
2.0,
0.0,
0.0,
0.0,
0.0,
0.0,
0.0,
0.0,
0.0,
0.0,
0.0,
0.0,
0.0,
2.0,
0.0,
0.0,
4.0,
4.0,
1.0,
4.0,
17.0,
7.0,
17.0,
10.0,
2.0,
6.0,
2.0,
0.0,
0.0,
0.0,
0.0,
0.0,
0.0,
0.0,
0.0,
0.0,
0.0,
0.0,
0.0,
0.0,
0.0,
6.0,
2.0,
8.0,
0.0,
0.0,
0.0,
0.0,
0.0,
0.0,
0.0,
0.0,
0.0,
0.0,
0.0,
4.0,
8.0,
0.0,
0.0,
0.0,
0.0,
