0.0,
0.0,
0.0,
0.0,
0.0,
0.0,
0.0,
0.0,
0.0,
0.0,
0.0,
9.0,
0.0,
12.0,
5.0,
0.0,
6.0,
0.0,
0.0,
3.0,
7.0,
0.0,
1.0,
6.0,
0.0,
0.0,
0.0,
0.0,
0.0,
0.0,
0.0,
0.0,
0.0,
0.0,
0.0,
0.0,
2.0,
7.0,
7.0,
0.0,
0.0,
0.0,
2.0,
10.0,
0.0,
9.0,
12.0,
0.0,
0.0,
0.0,
2.0,
0.0,
0.0,
0.0,
0.0,
0.0,
0.0,
0.0,
0.0,
0.0,
0.0,
0.0,
0.0,
0.0,
0.0,
7.0,
2.0,
0.0,
11.0,
6.0,
0.0,
0.0,
2.0,
0.0,
0.0,
0.0,
0.0,
11.0,
12.0,
0.0,
0.0,
0.0,
0.0,
0.0,
0.0,
0.0,
0.0,
0.0,
0.0,
0.0,
0.0,
0.0,
9.0,
2.0,
0.0,
5.0,
0.0,
0.0,
0.0,
8.0,
3.0,
0.0,
8.0,
9.0,
0.0,
4.0,
1.0,
0.0,
0.0,
0.0,
0.0,
0.0,
0.0,
0.0,
0.0,
0.0,
0.0,
0.0,
0.0,
0.0,
0.0,
0.0,
13.0,
5.0,
0.0,
5.0,
17.0,
0.0,
7.0,
0.0,
1.0,
0.0,
0.0,
0.0,
3.0,
6.0,
0.0,
0.0,
0.0,
0.0,
0.0,
0.0,
0.0,
0.0,
0.0,
0.0,
0.0,
0.0,
21.0,
0.0,
6.0,
0.0,
9.0,
7.0,
142.0,
234.0,
208.0,
55.0,
0.0,
0.0,
7.0,
10.0,
0.0,
0.0,
0.0,
0.0,
0.0,
0.0,
0.0,
0.0,
0.0,
0.0,
0.0,
0.0,
0.0,
0.0,
0.0,
3.0,
0.0,
7.0,
140.0,
234.0,
247.0,
211.0,
252.0,
75.0,
2.0,
1.0,
3.0,
6.0,
0.0,
4.0,
0.0,
0.0,
0.0,
0.0,
0.0,
0.0,
0.0,
0.0,
0.0,
0.0,
0.0,
0.0,
0.0,
7.0,
7.0,
182.0,
255.0,
202.0,
47.0,
71.0,
255.0,
219.0,
216.0,
120.0,
11.0,
0.0,
0.0,
4.0,
0.0,
0.0,
0.0,
0.0,
0.0,
0.0,
0.0,
0.0,
0.0,
0.0,
0.0,
0.0,
0.0,
8.0,
126.0,
255.0,
222.0,
23.0,
207.0,
212.0,
225.0,
155.0,
252.0,
255.0,
220.0,
35.0,
0.0,
3.0,
0.0,
0.0,
0.0,
0.0,
0.0,
0.0,
0.0,
0.0,
0.0,
0.0,
0.0,
0.0,
0.0,
67.0,
255.0,
252.0,
84.0,
226.0,
223.0,
74.0,
5.0,
0.0,
20.0,
162.0,
255.0,
102.0,
0.0,
0.0,
0.0,
0.0,
0.0,
0.0,
0.0,
0.0,
0.0,
0.0,
0.0,
0.0,
0.0,
0.0,
3.0,
204.0,
255.0,
160.0,
193.0,
216.0,
22.0,
0.0,
0.0,
8.0,
27.0,
208.0,
248.0,
68.0,
6.0,
13.0,
0.0,
0.0,
0.0,
0.0,
0.0,
0.0,
0.0,
0.0,
0.0,
0.0,
0.0,
0.0,
7.0,
253.0,
255.0,
32.0,
171.0,
23.0,
0.0,
9.0,
16.0,
62.0,
162.0,
255.0,
210.0,
5.0,
0.0,
0.0,
0.0,
0.0,
0.0,
0.0,
0.0,
0.0,
0.0,
0.0,
0.0,
0.0,
0.0,
0.0,
7.0,
227.0,
255.0,
163.0,
11.0,
4.0,
91.0,
196.0,
238.0,
253.0,
245.0,
242.0,
232.0,
98.0,
1.0,
2.0,
0.0,
0.0,
0.0,
0.0,
0.0,
0.0,
0.0,
0.0,
0.0,
0.0,
0.0,
0.0,
1.0,
129.0,
242.0,
241.0,
255.0,
253.0,
255.0,
232.0,
255.0,
221.0,
127.0,
120.0,
250.0,
254.0,
29.0,
0.0,
0.0,
0.0,
0.0,
0.0,
0.0,
0.0,
0.0,
0.0,
0.0,
0.0,
0.0,
0.0,
6.0,
0.0,
39.0,
132.0,
215.0,
237.0,
255.0,
254.0,
162.0,
71.0,
0.0,
0.0,
188.0,
255.0,
29.0,
0.0,
0.0,
0.0,
0.0,
0.0,
0.0,
0.0,
0.0,
0.0,
0.0,
0.0,
0.0,
0.0,
1.0,
2.0,
6.0,
0.0,
48.0,
255.0,
177.0,
67.0,
21.0,
0.0,
9.0,
18.0,
242.0,
244.0,
19.0,
0.0,
0.0,
0.0,
0.0,
0.0,
1.0,
1.0,
0.0,
0.0,
0.0,
0.0,
0.0,
0.0,
0.0,
0.0,
0.0,
121.0,
246.0,
252.0,
39.0,
6.0,
0.0,
6.0,
0.0,
23.0,
255.0,
147.0,
3.0,
0.0,
0.0,
0.0,
0.0,
0.0,
1.0,
0.0,
0.0,
0.0,
0.0,
0.0,
0.0,
1.0,
5.0,
10.0,
61.0,
226.0,
247.0,
138.0,
0.0,
9.0,
8.0,
0.0,
28.0,
187.0,
222.0,
0.0,
0.0,
5.0,
0.0,
0.0,
0.0,
0.0,
1.0,
0.0,
0.0,
0.0,
0.0,
0.0,
1.0,
1.0,
0.0,
7.0,
216.0,
249.0,
165.0,
7.0,
20.0,
0.0,
0.0,
3.0,
114.0,
248.0,
78.0,
3.0,
0.0,
0.0,
0.0,
0.0,
0.0,
0.0,
0.0,
0.0,
0.0,
0.0,
0.0,
0.0,
1.0,
2.0,
5.0,
146.0,
255.0,
227.0,
0.0,
0.0,
0.0,
0.0,
15.0,
28.0,
249.0,
190.0,
9.0,
0.0,
15.0,
0.0,
0.0,
0.0,
0.0,
0.0,
0.0,
0.0,
0.0,
0.0,
0.0,
0.0,
1.0,
2.0,
58.0,
253.0,
227.0,
30.0,
8.0,
0.0,
13.0,
0.0,
108.0,
221.0,
195.0,
0.0,
0.0,
10.0,
2.0,
0.0,
0.0,
0.0,
0.0,
0.0,
0.0,
0.0,
0.0,
0.0,
0.0,
1.0,
2.0,
3.0,
163.0,
255.0,
76.0,
10.0,
17.0,
0.0,
119.0,
236.0,
208.0,
120.0,
0.0,
0.0,
0.0,
2.0,
0.0,
10.0,
0.0,
0.0,
0.0,
0.0,
0.0,
0.0,
0.0,
0.0,
0.0,
1.0,
2.0,
3.0,
207.0,
255.0,
24.0,
0.0,
16.0,
170.0,
248.0,
175.0,
58.0,
0.0,
5.0,
4.0,
20.0,
0.0,
0.0,
0.0,
0.0,
0.0,
0.0,
0.0,
0.0,
0.0,
0.0,
0.0,
0.0,
1.0,
2.0,
3.0,
184.0,
243.0,
216.0,
204.0,
251.0,
249.0,
172.0,
6.0,
0.0,
1.0,
6.0,
0.0,
0.0,
1.0,
5.0,
4.0,
0.0,
0.0,
0.0,
0.0,
0.0,
0.0,
0.0,
0.0,
0.0,
0.0,
0.0,
0.0,
38.0,
146.0,
251.0,
255.0,
184.0,
88.0,
24.0,
0.0,
0.0,
0.0,
0.0,
0.0,
0.0,
0.0,
0.0,
0.0,
0.0,
0.0,
0.0,
0.0,
0.0,
0.0,
0.0,
0.0,
0.0,
0.0,
0.0,
0.0,
0.0,
0.0,
8.0,
3.0,
0.0,
0.0,
0.0,
0.0,
0.0,
0.0,
0.0,
0.0,
0.0,
0.0,
0.0,
0.0,
0.0,
0.0,
0.0,
0.0,
0.0,
0.0,
0.0,
0.0,
0.0,
0.0,
0.0,
0.0,
7.0,
3.0,
0.0,
0.0,
0.0,
8.0,
8.0,
0.0,
0.0,
0.0,
0.0,
0.0,
0.0,
0.0,
0.0,
0.0,
0.0,
0.0,
0.0,
0.0,
0.0,
0.0,
0.0,
0.0,
0.0,
0.0,
0.0,
0.0,
0.0,
2.0,
5.0,
1.0,
0.0,
0.0,
0.0,
0.0,
0.0,
0.0,
0.0,
0.0,
0.0,
0.0,
0.0,
0.0,
0.0,
0.0,
0.0,
0.0,
