0.0,
0.0,
0.0,
0.0,
0.0,
0.0,
0.0,
0.0,
6.0,
0.0,
0.0,
13.0,
0.0,
8.0,
8.0,
0.0,
4.0,
0.0,
4.0,
0.0,
7.0,
0.0,
3.0,
0.0,
0.0,
0.0,
0.0,
0.0,
0.0,
0.0,
0.0,
0.0,
0.0,
0.0,
0.0,
0.0,
5.0,
1.0,
5.0,
7.0,
0.0,
0.0,
0.0,
7.0,
0.0,
7.0,
2.0,
0.0,
4.0,
4.0,
0.0,
0.0,
0.0,
0.0,
0.0,
0.0,
0.0,
0.0,
0.0,
0.0,
0.0,
0.0,
0.0,
0.0,
1.0,
0.0,
0.0,
5.0,
6.0,
0.0,
0.0,
0.0,
4.0,
0.0,
2.0,
8.0,
0.0,
0.0,
10.0,
0.0,
0.0,
0.0,
0.0,
0.0,
0.0,
0.0,
0.0,
0.0,
0.0,
0.0,
0.0,
0.0,
0.0,
17.0,
0.0,
0.0,
5.0,
2.0,
1.0,
6.0,
13.0,
4.0,
0.0,
0.0,
21.0,
0.0,
0.0,
11.0,
0.0,
0.0,
0.0,
0.0,
0.0,
0.0,
0.0,
0.0,
0.0,
0.0,
0.0,
0.0,
9.0,
48.0,
149.0,
218.0,
206.0,
249.0,
255.0,
155.0,
129.0,
49.0,
23.0,
0.0,
0.0,
0.0,
16.0,
0.0,
0.0,
0.0,
0.0,
0.0,
0.0,
0.0,
0.0,
0.0,
0.0,
0.0,
0.0,
0.0,
8.0,
194.0,
246.0,
251.0,
252.0,
255.0,
245.0,
249.0,
255.0,
227.0,
127.0,
6.0,
0.0,
0.0,
3.0,
0.0,
0.0,
0.0,
0.0,
0.0,
0.0,
0.0,
0.0,
0.0,
0.0,
0.0,
0.0,
0.0,
118.0,
255.0,
255.0,
250.0,
228.0,
225.0,
169.0,
140.0,
221.0,
255.0,
235.0,
132.0,
4.0,
1.0,
8.0,
0.0,
0.0,
0.0,
0.0,
0.0,
0.0,
0.0,
0.0,
0.0,
0.0,
0.0,
0.0,
0.0,
123.0,
251.0,
252.0,
204.0,
24.0,
0.0,
2.0,
0.0,
7.0,
186.0,
255.0,
242.0,
67.0,
18.0,
0.0,
8.0,
0.0,
0.0,
0.0,
0.0,
0.0,
0.0,
0.0,
0.0,
0.0,
0.0,
0.0,
0.0,
126.0,
244.0,
251.0,
113.0,
0.0,
0.0,
12.0,
0.0,
5.0,
36.0,
232.0,
255.0,
238.0,
1.0,
6.0,
0.0,
0.0,
0.0,
0.0,
0.0,
0.0,
0.0,
0.0,
0.0,
0.0,
0.0,
0.0,
0.0,
11.0,
240.0,
248.0,
232.0,
61.0,
7.0,
0.0,
1.0,
0.0,
0.0,
128.0,
255.0,
234.0,
255.0,
180.0,
19.0,
0.0,
0.0,
0.0,
0.0,
0.0,
0.0,
0.0,
0.0,
0.0,
0.0,
0.0,
0.0,
17.0,
23.0,
251.0,
253.0,
213.0,
107.0,
0.0,
1.0,
4.0,
28.0,
217.0,
255.0,
255.0,
244.0,
243.0,
137.0,
0.0,
0.0,
0.0,
0.0,
0.0,
0.0,
0.0,
0.0,
0.0,
0.0,
0.0,
0.0,
0.0,
0.0,
72.0,
191.0,
245.0,
240.0,
226.0,
72.0,
36.0,
208.0,
252.0,
252.0,
240.0,
255.0,
119.0,
11.0,
0.0,
0.0,
0.0,
0.0,
0.0,
0.0,
0.0,
0.0,
0.0,
0.0,
0.0,
0.0,
14.0,
9.0,
0.0,
24.0,
59.0,
205.0,
246.0,
255.0,
255.0,
255.0,
236.0,
251.0,
255.0,
128.0,
24.0,
2.0,
0.0,
0.0,
0.0,
0.0,
0.0,
0.0,
0.0,
0.0,
0.0,
0.0,
0.0,
0.0,
0.0,
0.0,
3.0,
0.0,
0.0,
34.0,
178.0,
255.0,
240.0,
246.0,
255.0,
255.0,
106.0,
4.0,
0.0,
0.0,
0.0,
0.0,
0.0,
0.0,
0.0,
0.0,
0.0,
0.0,
0.0,
0.0,
0.0,
0.0,
0.0,
12.0,
6.0,
0.0,
12.0,
105.0,
241.0,
255.0,
255.0,
254.0,
248.0,
132.0,
0.0,
8.0,
10.0,
6.0,
0.0,
0.0,
0.0,
0.0,
0.0,
0.0,
0.0,
0.0,
0.0,
0.0,
0.0,
0.0,
5.0,
0.0,
1.0,
16.0,
185.0,
255.0,
248.0,
249.0,
254.0,
249.0,
241.0,
13.0,
5.0,
6.0,
0.0,
11.0,
0.0,
0.0,
0.0,
0.0,
0.0,
0.0,
0.0,
0.0,
0.0,
0.0,
0.0,
0.0,
0.0,
15.0,
6.0,
153.0,
255.0,
243.0,
255.0,
244.0,
255.0,
250.0,
239.0,
4.0,
0.0,
0.0,
0.0,
7.0,
0.0,
0.0,
0.0,
0.0,
0.0,
0.0,
0.0,
0.0,
0.0,
0.0,
0.0,
0.0,
10.0,
19.0,
211.0,
236.0,
243.0,
255.0,
234.0,
152.0,
85.0,
236.0,
255.0,
156.0,
10.0,
0.0,
2.0,
0.0,
0.0,
0.0,
0.0,
0.0,
0.0,
0.0,
0.0,
0.0,
0.0,
0.0,
0.0,
0.0,
4.0,
142.0,
255.0,
255.0,
255.0,
215.0,
71.0,
0.0,
23.0,
227.0,
246.0,
184.0,
0.0,
12.0,
23.0,
0.0,
0.0,
0.0,
0.0,
0.0,
0.0,
0.0,
0.0,
0.0,
0.0,
0.0,
0.0,
0.0,
144.0,
255.0,
240.0,
244.0,
243.0,
66.0,
22.0,
0.0,
86.0,
213.0,
255.0,
172.0,
9.0,
0.0,
0.0,
7.0,
0.0,
0.0,
0.0,
0.0,
0.0,
0.0,
0.0,
0.0,
0.0,
0.0,
0.0,
0.0,
225.0,
255.0,
236.0,
255.0,
80.0,
4.0,
36.0,
92.0,
249.0,
255.0,
243.0,
46.0,
0.0,
14.0,
0.0,
7.0,
0.0,
0.0,
0.0,
0.0,
0.0,
0.0,
0.0,
0.0,
0.0,
0.0,
0.0,
0.0,
226.0,
249.0,
255.0,
255.0,
236.0,
225.0,
253.0,
255.0,
250.0,
253.0,
167.0,
10.0,
0.0,
9.0,
1.0,
0.0,
0.0,
0.0,
0.0,
0.0,
0.0,
0.0,
0.0,
0.0,
0.0,
0.0,
0.0,
0.0,
103.0,
246.0,
255.0,
247.0,
255.0,
255.0,
241.0,
247.0,
208.0,
109.0,
0.0,
0.0,
8.0,
0.0,
0.0,
14.0,
0.0,
0.0,
0.0,
0.0,
0.0,
0.0,
0.0,
0.0,
0.0,
0.0,
0.0,
0.0,
10.0,
67.0,
236.0,
244.0,
255.0,
255.0,
219.0,
103.0,
24.0,
0.0,
6.0,
0.0,
0.0,
5.0,
1.0,
0.0,
0.0,
0.0,
0.0,
0.0,
0.0,
0.0,
0.0,
0.0,
0.0,
0.0,
0.0,
0.0,
0.0,
0.0,
0.0,
0.0,
0.0,
0.0,
0.0,
0.0,
0.0,
0.0,
0.0,
0.0,
0.0,
0.0,
0.0,
0.0,
0.0,
0.0,
0.0,
0.0,
0.0,
0.0,
0.0,
0.0,
0.0,
0.0,
0.0,
0.0,
0.0,
0.0,
0.0,
0.0,
0.0,
0.0,
0.0,
0.0,
0.0,
0.0,
0.0,
0.0,
0.0,
0.0,
0.0,
0.0,
0.0,
0.0,
0.0,
0.0,
0.0,
0.0,
0.0,
0.0,
0.0,
0.0,
0.0,
0.0,
0.0,
0.0,
0.0,
0.0,
0.0,
0.0,
0.0,
0.0,
0.0,
0.0,
0.0,
0.0,
0.0,
0.0,
0.0,
0.0,
0.0,
0.0,
0.0,
0.0,
0.0,
0.0,
0.0,
0.0,
0.0,
0.0,
0.0,
0.0,
0.0,
0.0,
0.0,
0.0,
0.0,
0.0,
0.0,
0.0,
0.0,
0.0,
0.0,
0.0,
0.0,
0.0,
0.0,
0.0,
0.0,
0.0,
0.0,
0.0,
