0.0,
0.0,
0.0,
0.0,
0.0,
0.0,
0.0,
0.0,
4.0,
0.0,
0.0,
5.0,
6.0,
0.0,
0.0,
2.0,
0.0,
1.0,
6.0,
2.0,
3.0,
0.0,
0.0,
11.0,
0.0,
0.0,
0.0,
0.0,
0.0,
0.0,
0.0,
0.0,
0.0,
0.0,
0.0,
0.0,
0.0,
10.0,
0.0,
0.0,
0.0,
0.0,
0.0,
0.0,
19.0,
0.0,
5.0,
0.0,
2.0,
3.0,
15.0,
0.0,
0.0,
0.0,
0.0,
0.0,
0.0,
0.0,
0.0,
0.0,
0.0,
0.0,
0.0,
0.0,
9.0,
0.0,
0.0,
14.0,
5.0,
0.0,
0.0,
0.0,
0.0,
0.0,
0.0,
10.0,
0.0,
6.0,
0.0,
0.0,
0.0,
0.0,
0.0,
0.0,
0.0,
0.0,
0.0,
0.0,
0.0,
0.0,
0.0,
0.0,
2.0,
0.0,
0.0,
7.0,
0.0,
0.0,
9.0,
1.0,
11.0,
0.0,
4.0,
0.0,
0.0,
9.0,
0.0,
15.0,
0.0,
0.0,
0.0,
0.0,
0.0,
0.0,
0.0,
0.0,
0.0,
0.0,
0.0,
0.0,
1.0,
21.0,
0.0,
0.0,
52.0,
73.0,
40.0,
30.0,
0.0,
18.0,
4.0,
53.0,
247.0,
189.0,
0.0,
0.0,
0.0,
0.0,
0.0,
0.0,
0.0,
0.0,
0.0,
0.0,
0.0,
0.0,
0.0,
0.0,
0.0,
11.0,
118.0,
217.0,
229.0,
245.0,
255.0,
231.0,
98.0,
0.0,
0.0,
190.0,
253.0,
184.0,
7.0,
8.0,
0.0,
0.0,
0.0,
0.0,
0.0,
0.0,
0.0,
0.0,
0.0,
0.0,
0.0,
0.0,
16.0,
178.0,
255.0,
255.0,
235.0,
143.0,
126.0,
241.0,
231.0,
35.0,
48.0,
254.0,
255.0,
165.0,
0.0,
0.0,
0.0,
0.0,
0.0,
0.0,
0.0,
0.0,
0.0,
0.0,
0.0,
0.0,
0.0,
0.0,
159.0,
255.0,
255.0,
129.0,
24.0,
0.0,
3.0,
25.0,
63.0,
31.0,
205.0,
251.0,
255.0,
79.0,
0.0,
2.0,
0.0,
0.0,
0.0,
0.0,
0.0,
0.0,
1.0,
0.0,
0.0,
0.0,
0.0,
2.0,
185.0,
249.0,
143.0,
0.0,
0.0,
0.0,
1.0,
0.0,
12.0,
133.0,
253.0,
251.0,
175.0,
2.0,
11.0,
0.0,
0.0,
0.0,
0.0,
0.0,
0.0,
0.0,
0.0,
0.0,
0.0,
0.0,
4.0,
8.0,
190.0,
255.0,
88.0,
4.0,
5.0,
7.0,
0.0,
1.0,
51.0,
255.0,
253.0,
172.0,
0.0,
0.0,
3.0,
9.0,
0.0,
0.0,
0.0,
0.0,
1.0,
0.0,
0.0,
0.0,
0.0,
1.0,
7.0,
11.0,
230.0,
255.0,
72.0,
0.0,
0.0,
0.0,
0.0,
52.0,
213.0,
255.0,
220.0,
41.0,
4.0,
6.0,
0.0,
5.0,
0.0,
0.0,
0.0,
0.0,
0.0,
0.0,
0.0,
0.0,
0.0,
0.0,
4.0,
7.0,
184.0,
255.0,
201.0,
34.0,
26.0,
1.0,
0.0,
185.0,
252.0,
232.0,
67.0,
0.0,
10.0,
0.0,
16.0,
0.0,
0.0,
0.0,
0.0,
0.0,
0.0,
0.0,
1.0,
1.0,
0.0,
0.0,
0.0,
0.0,
80.0,
188.0,
253.0,
221.0,
68.0,
0.0,
201.0,
250.0,
255.0,
147.0,
0.0,
1.0,
0.0,
0.0,
9.0,
1.0,
0.0,
0.0,
0.0,
0.0,
0.0,
0.0,
2.0,
2.0,
0.0,
0.0,
0.0,
0.0,
0.0,
78.0,
224.0,
255.0,
255.0,
245.0,
245.0,
255.0,
179.0,
0.0,
8.0,
0.0,
20.0,
0.0,
0.0,
3.0,
0.0,
0.0,
0.0,
0.0,
0.0,
0.0,
1.0,
1.0,
0.0,
0.0,
0.0,
0.0,
1.0,
0.0,
29.0,
84.0,
246.0,
255.0,
253.0,
241.0,
64.0,
13.0,
1.0,
6.0,
0.0,
0.0,
22.0,
0.0,
0.0,
0.0,
0.0,
0.0,
0.0,
0.0,
0.0,
0.0,
0.0,
0.0,
1.0,
4.0,
8.0,
0.0,
10.0,
35.0,
255.0,
238.0,
255.0,
255.0,
237.0,
94.0,
0.0,
14.0,
0.0,
0.0,
0.0,
0.0,
0.0,
0.0,
0.0,
0.0,
0.0,
0.0,
0.0,
0.0,
0.0,
0.0,
0.0,
0.0,
13.0,
0.0,
19.0,
221.0,
250.0,
255.0,
86.0,
188.0,
253.0,
242.0,
67.0,
2.0,
0.0,
5.0,
0.0,
1.0,
0.0,
0.0,
0.0,
0.0,
0.0,
0.0,
0.0,
0.0,
0.0,
0.0,
0.0,
0.0,
0.0,
15.0,
158.0,
244.0,
255.0,
103.0,
1.0,
7.0,
240.0,
249.0,
206.0,
0.0,
13.0,
9.0,
0.0,
0.0,
0.0,
0.0,
0.0,
0.0,
0.0,
0.0,
0.0,
0.0,
0.0,
0.0,
0.0,
0.0,
0.0,
178.0,
237.0,
253.0,
184.0,
13.0,
0.0,
0.0,
145.0,
255.0,
225.0,
12.0,
0.0,
0.0,
11.0,
0.0,
0.0,
0.0,
0.0,
0.0,
0.0,
0.0,
0.0,
0.0,
0.0,
0.0,
0.0,
0.0,
94.0,
255.0,
255.0,
226.0,
17.0,
0.0,
10.0,
4.0,
142.0,
239.0,
226.0,
0.0,
4.0,
0.0,
0.0,
10.0,
0.0,
0.0,
0.0,
0.0,
0.0,
0.0,
0.0,
0.0,
0.0,
0.0,
0.0,
0.0,
169.0,
249.0,
236.0,
76.0,
0.0,
1.0,
19.0,
97.0,
236.0,
249.0,
138.0,
0.0,
10.0,
3.0,
0.0,
5.0,
0.0,
0.0,
0.0,
0.0,
0.0,
0.0,
0.0,
0.0,
0.0,
0.0,
0.0,
0.0,
223.0,
235.0,
216.0,
120.0,
112.0,
117.0,
236.0,
254.0,
245.0,
212.0,
2.0,
13.0,
0.0,
11.0,
0.0,
0.0,
0.0,
0.0,
0.0,
0.0,
0.0,
0.0,
0.0,
0.0,
0.0,
0.0,
0.0,
0.0,
142.0,
255.0,
239.0,
249.0,
255.0,
242.0,
255.0,
224.0,
136.0,
41.0,
5.0,
0.0,
4.0,
12.0,
0.0,
3.0,
0.0,
0.0,
0.0,
0.0,
0.0,
0.0,
0.0,
0.0,
0.0,
0.0,
0.0,
0.0,
26.0,
187.0,
255.0,
255.0,
245.0,
251.0,
119.0,
40.0,
4.0,
0.0,
3.0,
16.0,
0.0,
0.0,
3.0,
1.0,
0.0,
0.0,
0.0,
0.0,
0.0,
0.0,
0.0,
0.0,
0.0,
0.0,
0.0,
0.0,
0.0,
0.0,
0.0,
0.0,
0.0,
0.0,
0.0,
0.0,
0.0,
0.0,
0.0,
0.0,
0.0,
0.0,
0.0,
0.0,
0.0,
0.0,
0.0,
0.0,
0.0,
0.0,
0.0,
0.0,
0.0,
0.0,
0.0,
0.0,
0.0,
0.0,
0.0,
0.0,
0.0,
0.0,
0.0,
0.0,
0.0,
0.0,
0.0,
0.0,
0.0,
0.0,
0.0,
0.0,
0.0,
0.0,
0.0,
0.0,
0.0,
0.0,
0.0,
0.0,
0.0,
0.0,
0.0,
0.0,
0.0,
0.0,
0.0,
0.0,
0.0,
0.0,
0.0,
0.0,
0.0,
0.0,
0.0,
0.0,
0.0,
0.0,
0.0,
0.0,
0.0,
0.0,
0.0,
0.0,
0.0,
0.0,
0.0,
0.0,
0.0,
0.0,
0.0,
0.0,
0.0,
0.0,
0.0,
0.0,
0.0,
0.0,
0.0,
0.0,
0.0,
0.0,
0.0,
0.0,
0.0,
0.0,
0.0,
0.0,
0.0,
0.0,
0.0,
0.0,
