0.0,
5.0,
5.0,
0.0,
0.0,
0.0,
2.0,
4.0,
8.0,
0.0,
0.0,
0.0,
4.0,
3.0,
1.0,
0.0,
0.0,
4.0,
3.0,
0.0,
2.0,
2.0,
0.0,
0.0,
0.0,
0.0,
0.0,
0.0,
2.0,
0.0,
0.0,
7.0,
14.0,
9.0,
0.0,
0.0,
0.0,
0.0,
15.0,
0.0,
0.0,
0.0,
0.0,
13.0,
15.0,
1.0,
0.0,
0.0,
4.0,
3.0,
0.0,
1.0,
0.0,
0.0,
0.0,
0.0,
5.0,
1.0,
0.0,
0.0,
0.0,
0.0,
1.0,
2.0,
1.0,
0.0,
7.0,
0.0,
4.0,
18.0,
0.0,
0.0,
0.0,
0.0,
4.0,
8.0,
0.0,
0.0,
2.0,
5.0,
0.0,
0.0,
0.0,
0.0,
0.0,
3.0,
3.0,
0.0,
0.0,
4.0,
6.0,
1.0,
0.0,
4.0,
0.0,
0.0,
0.0,
0.0,
5.0,
8.0,
17.0,
13.0,
7.0,
0.0,
0.0,
4.0,
11.0,
0.0,
0.0,
0.0,
0.0,
0.0,
1.0,
0.0,
0.0,
7.0,
3.0,
0.0,
0.0,
5.0,
0.0,
9.0,
0.0,
11.0,
12.0,
0.0,
6.0,
0.0,
0.0,
0.0,
1.0,
0.0,
0.0,
0.0,
1.0,
0.0,
0.0,
0.0,
0.0,
0.0,
7.0,
0.0,
0.0,
8.0,
0.0,
0.0,
70.0,
171.0,
255.0,
229.0,
149.0,
143.0,
142.0,
122.0,
139.0,
116.0,
18.0,
11.0,
0.0,
0.0,
6.0,
0.0,
0.0,
5.0,
0.0,
0.0,
0.0,
0.0,
0.0,
0.0,
0.0,
7.0,
0.0,
23.0,
143.0,
255.0,
245.0,
252.0,
255.0,
245.0,
244.0,
255.0,
255.0,
255.0,
217.0,
162.0,
49.0,
0.0,
2.0,
14.0,
0.0,
0.0,
0.0,
0.0,
0.0,
0.0,
3.0,
6.0,
8.0,
0.0,
0.0,
3.0,
55.0,
107.0,
218.0,
180.0,
162.0,
92.0,
100.0,
173.0,
175.0,
193.0,
247.0,
255.0,
157.0,
20.0,
0.0,
0.0,
0.0,
5.0,
0.0,
0.0,
0.0,
0.0,
0.0,
3.0,
14.0,
0.0,
0.0,
10.0,
0.0,
35.0,
208.0,
99.0,
10.0,
0.0,
0.0,
9.0,
0.0,
17.0,
97.0,
255.0,
248.0,
1.0,
0.0,
18.0,
0.0,
7.0,
0.0,
0.0,
0.0,
0.0,
2.0,
0.0,
7.0,
1.0,
5.0,
0.0,
5.0,
90.0,
255.0,
124.0,
0.0,
22.0,
0.0,
0.0,
21.0,
0.0,
114.0,
255.0,
242.0,
0.0,
0.0,
0.0,
25.0,
0.0,
0.0,
0.0,
0.0,
0.0,
9.0,
0.0,
2.0,
3.0,
3.0,
0.0,
0.0,
81.0,
255.0,
162.0,
8.0,
3.0,
0.0,
0.0,
6.0,
57.0,
255.0,
255.0,
127.0,
15.0,
10.0,
0.0,
7.0,
0.0,
0.0,
0.0,
0.0,
0.0,
5.0,
0.0,
1.0,
0.0,
0.0,
2.0,
0.0,
15.0,
129.0,
255.0,
182.0,
22.0,
0.0,
1.0,
81.0,
225.0,
249.0,
239.0,
71.0,
0.0,
0.0,
0.0,
4.0,
8.0,
0.0,
0.0,
0.0,
0.0,
0.0,
0.0,
2.0,
0.0,
2.0,
14.0,
0.0,
0.0,
7.0,
124.0,
236.0,
216.0,
52.0,
0.0,
226.0,
243.0,
255.0,
107.0,
3.0,
0.0,
25.0,
0.0,
2.0,
0.0,
0.0,
0.0,
0.0,
0.0,
0.0,
0.0,
2.0,
2.0,
0.0,
0.0,
0.0,
1.0,
0.0,
21.0,
110.0,
196.0,
224.0,
165.0,
250.0,
255.0,
238.0,
60.0,
3.0,
5.0,
0.0,
0.0,
13.0,
0.0,
0.0,
0.0,
0.0,
0.0,
2.0,
0.0,
0.0,
5.0,
0.0,
0.0,
0.0,
3.0,
8.0,
0.0,
0.0,
1.0,
120.0,
239.0,
255.0,
246.0,
255.0,
90.0,
0.0,
8.0,
0.0,
6.0,
0.0,
7.0,
0.0,
0.0,
0.0,
0.0,
0.0,
0.0,
0.0,
1.0,
0.0,
0.0,
10.0,
0.0,
0.0,
3.0,
0.0,
10.0,
0.0,
117.0,
249.0,
255.0,
248.0,
253.0,
155.0,
0.0,
6.0,
0.0,
0.0,
2.0,
0.0,
0.0,
0.0,
0.0,
0.0,
0.0,
0.0,
0.0,
0.0,
0.0,
0.0,
0.0,
0.0,
2.0,
7.0,
0.0,
0.0,
116.0,
252.0,
255.0,
255.0,
233.0,
249.0,
156.0,
0.0,
5.0,
4.0,
0.0,
0.0,
0.0,
0.0,
0.0,
0.0,
0.0,
0.0,
0.0,
0.0,
0.0,
0.0,
0.0,
6.0,
1.0,
0.0,
14.0,
29.0,
210.0,
245.0,
241.0,
229.0,
255.0,
246.0,
251.0,
68.0,
0.0,
0.0,
25.0,
0.0,
0.0,
0.0,
0.0,
0.0,
0.0,
0.0,
0.0,
0.0,
0.0,
0.0,
0.0,
0.0,
0.0,
11.0,
0.0,
191.0,
240.0,
112.0,
63.0,
136.0,
197.0,
235.0,
255.0,
134.0,
1.0,
0.0,
0.0,
0.0,
0.0,
0.0,
0.0,
0.0,
0.0,
0.0,
0.0,
0.0,
0.0,
0.0,
0.0,
17.0,
3.0,
0.0,
20.0,
233.0,
200.0,
0.0,
0.0,
14.0,
40.0,
198.0,
244.0,
241.0,
65.0,
3.0,
11.0,
0.0,
0.0,
0.0,
0.0,
0.0,
0.0,
0.0,
0.0,
0.0,
0.0,
0.0,
0.0,
0.0,
0.0,
6.0,
145.0,
247.0,
153.0,
0.0,
3.0,
0.0,
2.0,
11.0,
79.0,
241.0,
204.0,
0.0,
0.0,
0.0,
0.0,
0.0,
0.0,
0.0,
0.0,
0.0,
0.0,
0.0,
0.0,
0.0,
0.0,
9.0,
0.0,
8.0,
182.0,
251.0,
133.0,
0.0,
8.0,
0.0,
0.0,
1.0,
47.0,
247.0,
178.0,
21.0,
5.0,
0.0,
0.0,
0.0,
0.0,
0.0,
0.0,
0.0,
0.0,
0.0,
0.0,
0.0,
0.0,
0.0,
25.0,
0.0,
188.0,
255.0,
215.0,
5.0,
0.0,
4.0,
1.0,
2.0,
229.0,
249.0,
188.0,
0.0,
4.0,
0.0,
0.0,
0.0,
0.0,
0.0,
0.0,
0.0,
0.0,
0.0,
0.0,
0.0,
0.0,
6.0,
0.0,
0.0,
99.0,
243.0,
252.0,
157.0,
88.0,
90.0,
142.0,
203.0,
246.0,
255.0,
173.0,
5.0,
4.0,
0.0,
0.0,
0.0,
0.0,
0.0,
0.0,
0.0,
0.0,
0.0,
0.0,
0.0,
0.0,
0.0,
0.0,
0.0,
17.0,
216.0,
245.0,
253.0,
255.0,
255.0,
252.0,
255.0,
245.0,
148.0,
25.0,
0.0,
8.0,
0.0,
0.0,
0.0,
0.0,
0.0,
0.0,
0.0,
0.0,
0.0,
0.0,
0.0,
0.0,
3.0,
6.0,
0.0,
0.0,
13.0,
0.0,
0.0,
0.0,
0.0,
0.0,
0.0,
3.0,
7.0,
5.0,
3.0,
3.0,
0.0,
0.0,
0.0,
0.0,
0.0,
0.0,
0.0,
0.0,
0.0,
0.0,
0.0,
0.0,
0.0,
0.0,
2.0,
17.0,
0.0,
2.0,
5.0,
7.0,
4.0,
9.0,
1.0,
0.0,
0.0,
5.0,
2.0,
0.0,
0.0,
0.0,
0.0,
0.0,
0.0,
0.0,
0.0,
0.0,
0.0,
0.0,
0.0,
0.0,
6.0,
0.0,
0.0,
17.0,
0.0,
6.0,
0.0,
0.0,
0.0,
0.0,
7.0,
8.0,
0.0,
0.0,
0.0,
7.0,
0.0,
0.0,
0.0,
0.0,
