0.0,
0.0,
0.0,
0.0,
0.0,
0.0,
0.0,
0.0,
15.0,
0.0,
2.0,
14.0,
0.0,
5.0,
1.0,
5.0,
0.0,
0.0,
9.0,
0.0,
0.0,
15.0,
0.0,
4.0,
0.0,
0.0,
0.0,
0.0,
0.0,
0.0,
0.0,
0.0,
0.0,
0.0,
0.0,
0.0,
0.0,
9.0,
0.0,
0.0,
10.0,
0.0,
23.0,
0.0,
1.0,
9.0,
0.0,
1.0,
0.0,
0.0,
2.0,
6.0,
0.0,
0.0,
0.0,
0.0,
0.0,
0.0,
0.0,
0.0,
0.0,
0.0,
0.0,
0.0,
0.0,
4.0,
0.0,
0.0,
3.0,
7.0,
0.0,
0.0,
8.0,
0.0,
4.0,
0.0,
0.0,
11.0,
0.0,
0.0,
0.0,
0.0,
0.0,
0.0,
0.0,
0.0,
0.0,
0.0,
0.0,
0.0,
0.0,
0.0,
11.0,
0.0,
6.0,
0.0,
0.0,
0.0,
0.0,
27.0,
0.0,
0.0,
2.0,
0.0,
0.0,
8.0,
0.0,
2.0,
0.0,
0.0,
0.0,
0.0,
0.0,
0.0,
0.0,
0.0,
0.0,
0.0,
0.0,
0.0,
2.0,
0.0,
4.0,
0.0,
4.0,
0.0,
109.0,
124.0,
255.0,
255.0,
111.0,
137.0,
61.0,
4.0,
0.0,
0.0,
0.0,
0.0,
0.0,
0.0,
0.0,
0.0,
0.0,
0.0,
0.0,
0.0,
0.0,
0.0,
0.0,
9.0,
0.0,
3.0,
0.0,
129.0,
240.0,
255.0,
240.0,
242.0,
255.0,
232.0,
243.0,
34.0,
10.0,
9.0,
0.0,
0.0,
0.0,
0.0,
0.0,
0.0,
0.0,
0.0,
0.0,
0.0,
0.0,
0.0,
3.0,
3.0,
0.0,
17.0,
64.0,
255.0,
255.0,
246.0,
255.0,
246.0,
233.0,
255.0,
255.0,
236.0,
0.0,
0.0,
0.0,
0.0,
0.0,
0.0,
0.0,
0.0,
0.0,
0.0,
0.0,
0.0,
0.0,
0.0,
0.0,
0.0,
0.0,
32.0,
217.0,
255.0,
218.0,
66.0,
18.0,
104.0,
162.0,
211.0,
235.0,
245.0,
1.0,
0.0,
0.0,
0.0,
0.0,
0.0,
0.0,
0.0,
1.0,
1.0,
3.0,
5.0,
3.0,
0.0,
2.0,
0.0,
0.0,
206.0,
250.0,
211.0,
190.0,
0.0,
7.0,
0.0,
2.0,
52.0,
231.0,
250.0,
0.0,
0.0,
0.0,
0.0,
0.0,
0.0,
0.0,
2.0,
2.0,
0.0,
0.0,
0.0,
0.0,
0.0,
0.0,
9.0,
0.0,
214.0,
252.0,
198.0,
53.0,
13.0,
0.0,
16.0,
0.0,
147.0,
255.0,
242.0,
6.0,
0.0,
0.0,
0.0,
0.0,
0.0,
1.0,
2.0,
3.0,
0.0,
0.0,
0.0,
0.0,
2.0,
0.0,
13.0,
3.0,
168.0,
254.0,
237.0,
72.0,
0.0,
0.0,
18.0,
92.0,
229.0,
255.0,
245.0,
0.0,
1.0,
0.0,
0.0,
0.0,
0.0,
3.0,
0.0,
0.0,
2.0,
2.0,
0.0,
1.0,
4.0,
0.0,
5.0,
2.0,
71.0,
255.0,
255.0,
203.0,
36.0,
115.0,
200.0,
255.0,
255.0,
195.0,
91.0,
4.0,
11.0,
0.0,
0.0,
0.0,
0.0,
5.0,
0.0,
0.0,
2.0,
5.0,
1.0,
0.0,
0.0,
9.0,
0.0,
0.0,
26.0,
225.0,
233.0,
255.0,
213.0,
255.0,
255.0,
250.0,
169.0,
93.0,
9.0,
0.0,
0.0,
0.0,
0.0,
0.0,
0.0,
6.0,
0.0,
0.0,
1.0,
2.0,
0.0,
0.0,
0.0,
0.0,
0.0,
53.0,
163.0,
231.0,
255.0,
255.0,
255.0,
235.0,
101.0,
54.0,
0.0,
0.0,
14.0,
0.0,
14.0,
0.0,
0.0,
0.0,
0.0,
3.0,
0.0,
0.0,
2.0,
0.0,
0.0,
1.0,
15.0,
39.0,
85.0,
194.0,
255.0,
249.0,
248.0,
249.0,
211.0,
70.0,
9.0,
0.0,
18.0,
10.0,
0.0,
0.0,
0.0,
0.0,
0.0,
0.0,
0.0,
0.0,
0.0,
1.0,
4.0,
0.0,
0.0,
12.0,
37.0,
189.0,
255.0,
255.0,
191.0,
175.0,
116.0,
249.0,
255.0,
106.0,
0.0,
17.0,
0.0,
0.0,
8.0,
0.0,
9.0,
0.0,
0.0,
0.0,
0.0,
0.0,
0.0,
8.0,
4.0,
0.0,
9.0,
84.0,
249.0,
255.0,
227.0,
108.0,
11.0,
6.0,
14.0,
223.0,
253.0,
237.0,
60.0,
0.0,
14.0,
1.0,
0.0,
1.0,
1.0,
0.0,
0.0,
0.0,
0.0,
0.0,
13.0,
0.0,
0.0,
5.0,
0.0,
178.0,
255.0,
169.0,
62.0,
0.0,
7.0,
0.0,
0.0,
204.0,
235.0,
255.0,
80.0,
0.0,
3.0,
0.0,
0.0,
4.0,
0.0,
0.0,
0.0,
0.0,
0.0,
0.0,
0.0,
10.0,
0.0,
12.0,
87.0,
250.0,
251.0,
1.0,
22.0,
0.0,
0.0,
0.0,
0.0,
180.0,
255.0,
255.0,
85.0,
1.0,
0.0,
0.0,
1.0,
5.0,
0.0,
0.0,
0.0,
0.0,
0.0,
0.0,
13.0,
0.0,
1.0,
0.0,
105.0,
243.0,
158.0,
21.0,
0.0,
0.0,
13.0,
6.0,
2.0,
188.0,
247.0,
240.0,
79.0,
1.0,
3.0,
0.0,
0.0,
2.0,
2.0,
0.0,
0.0,
0.0,
0.0,
4.0,
0.0,
14.0,
6.0,
0.0,
130.0,
251.0,
247.0,
42.0,
0.0,
7.0,
0.0,
0.0,
1.0,
185.0,
253.0,
255.0,
88.0,
1.0,
2.0,
2.0,
0.0,
0.0,
5.0,
0.0,
0.0,
0.0,
0.0,
6.0,
10.0,
0.0,
4.0,
0.0,
0.0,
230.0,
255.0,
250.0,
222.0,
151.0,
76.0,
149.0,
153.0,
222.0,
254.0,
252.0,
92.0,
1.0,
0.0,
1.0,
1.0,
0.0,
1.0,
0.0,
0.0,
0.0,
0.0,
2.0,
0.0,
6.0,
0.0,
4.0,
0.0,
132.0,
224.0,
255.0,
247.0,
255.0,
254.0,
249.0,
232.0,
252.0,
255.0,
146.0,
47.0,
1.0,
0.0,
0.0,
3.0,
0.0,
0.0,
0.0,
0.0,
0.0,
0.0,
0.0,
4.0,
6.0,
0.0,
0.0,
0.0,
0.0,
53.0,
123.0,
242.0,
252.0,
241.0,
255.0,
255.0,
151.0,
94.0,
13.0,
0.0,
0.0,
8.0,
0.0,
2.0,
0.0,
0.0,
0.0,
0.0,
0.0,
0.0,
0.0,
0.0,
0.0,
0.0,
0.0,
0.0,
0.0,
0.0,
0.0,
0.0,
0.0,
0.0,
0.0,
0.0,
0.0,
0.0,
0.0,
0.0,
0.0,
0.0,
0.0,
0.0,
0.0,
0.0,
0.0,
0.0,
0.0,
0.0,
0.0,
0.0,
0.0,
0.0,
0.0,
0.0,
0.0,
0.0,
0.0,
0.0,
0.0,
0.0,
0.0,
0.0,
0.0,
0.0,
0.0,
0.0,
0.0,
0.0,
0.0,
0.0,
0.0,
0.0,
0.0,
0.0,
0.0,
0.0,
0.0,
0.0,
0.0,
0.0,
0.0,
0.0,
0.0,
0.0,
0.0,
0.0,
0.0,
0.0,
0.0,
0.0,
0.0,
0.0,
0.0,
0.0,
0.0,
0.0,
0.0,
0.0,
0.0,
0.0,
0.0,
0.0,
0.0,
0.0,
0.0,
0.0,
0.0,
0.0,
0.0,
0.0,
0.0,
0.0,
0.0,
0.0,
0.0,
0.0,
0.0,
0.0,
0.0,
0.0,
0.0,
0.0,
0.0,
0.0,
0.0,
0.0,
0.0,
0.0,
0.0,
0.0,
0.0,
0.0,
