0.0,
0.0,
0.0,
0.0,
0.0,
0.0,
0.0,
0.0,
3.0,
8.0,
0.0,
6.0,
0.0,
6.0,
0.0,
2.0,
3.0,
0.0,
0.0,
0.0,
8.0,
1.0,
0.0,
8.0,
0.0,
0.0,
0.0,
0.0,
0.0,
0.0,
0.0,
0.0,
0.0,
0.0,
0.0,
0.0,
0.0,
0.0,
0.0,
9.0,
0.0,
0.0,
3.0,
0.0,
10.0,
0.0,
0.0,
0.0,
0.0,
6.0,
3.0,
0.0,
0.0,
0.0,
0.0,
0.0,
0.0,
0.0,
0.0,
0.0,
0.0,
0.0,
0.0,
0.0,
0.0,
1.0,
0.0,
4.0,
0.0,
10.0,
4.0,
5.0,
0.0,
0.0,
3.0,
8.0,
0.0,
0.0,
10.0,
0.0,
0.0,
0.0,
0.0,
0.0,
0.0,
0.0,
0.0,
0.0,
0.0,
0.0,
0.0,
0.0,
3.0,
17.0,
0.0,
0.0,
12.0,
6.0,
0.0,
4.0,
2.0,
2.0,
0.0,
8.0,
1.0,
0.0,
2.0,
5.0,
0.0,
0.0,
0.0,
0.0,
0.0,
0.0,
0.0,
0.0,
0.0,
0.0,
0.0,
0.0,
0.0,
0.0,
5.0,
7.0,
9.0,
0.0,
0.0,
2.0,
9.0,
12.0,
0.0,
0.0,
6.0,
2.0,
0.0,
4.0,
0.0,
0.0,
0.0,
0.0,
0.0,
0.0,
0.0,
0.0,
0.0,
0.0,
0.0,
0.0,
14.0,
0.0,
52.0,
120.0,
149.0,
158.0,
133.0,
40.0,
0.0,
0.0,
5.0,
0.0,
1.0,
9.0,
0.0,
0.0,
0.0,
0.0,
0.0,
0.0,
0.0,
0.0,
0.0,
0.0,
0.0,
0.0,
0.0,
0.0,
0.0,
89.0,
230.0,
255.0,
255.0,
248.0,
255.0,
215.0,
54.0,
0.0,
11.0,
9.0,
0.0,
7.0,
0.0,
3.0,
0.0,
0.0,
0.0,
0.0,
0.0,
0.0,
0.0,
0.0,
0.0,
0.0,
0.0,
0.0,
8.0,
171.0,
255.0,
241.0,
255.0,
252.0,
250.0,
255.0,
217.0,
14.0,
0.0,
5.0,
0.0,
11.0,
0.0,
5.0,
0.0,
0.0,
0.0,
0.0,
4.0,
0.0,
1.0,
5.0,
0.0,
0.0,
16.0,
1.0,
160.0,
253.0,
255.0,
201.0,
220.0,
248.0,
247.0,
255.0,
138.0,
0.0,
2.0,
0.0,
0.0,
6.0,
2.0,
1.0,
0.0,
0.0,
0.0,
0.0,
0.0,
5.0,
0.0,
0.0,
0.0,
11.0,
16.0,
155.0,
255.0,
254.0,
158.0,
7.0,
13.0,
240.0,
255.0,
240.0,
117.0,
0.0,
9.0,
14.0,
6.0,
3.0,
0.0,
0.0,
0.0,
0.0,
0.0,
0.0,
0.0,
12.0,
0.0,
1.0,
0.0,
0.0,
57.0,
255.0,
255.0,
236.0,
59.0,
0.0,
4.0,
200.0,
242.0,
255.0,
100.0,
3.0,
0.0,
0.0,
6.0,
2.0,
0.0,
13.0,
0.0,
0.0,
0.0,
0.0,
0.0,
5.0,
0.0,
9.0,
0.0,
0.0,
156.0,
255.0,
246.0,
183.0,
4.0,
0.0,
0.0,
211.0,
249.0,
255.0,
112.0,
9.0,
2.0,
0.0,
8.0,
10.0,
1.0,
0.0,
0.0,
0.0,
0.0,
0.0,
0.0,
0.0,
0.0,
5.0,
0.0,
98.0,
245.0,
246.0,
239.0,
40.0,
16.0,
14.0,
0.0,
216.0,
241.0,
255.0,
116.0,
0.0,
0.0,
15.0,
0.0,
0.0,
11.0,
0.0,
0.0,
0.0,
0.0,
0.0,
0.0,
8.0,
0.0,
0.0,
0.0,
219.0,
255.0,
255.0,
112.0,
0.0,
4.0,
0.0,
2.0,
199.0,
255.0,
255.0,
166.0,
96.0,
88.0,
96.0,
97.0,
30.0,
0.0,
7.0,
0.0,
0.0,
0.0,
0.0,
0.0,
12.0,
0.0,
0.0,
0.0,
251.0,
246.0,
255.0,
123.0,
76.0,
63.0,
139.0,
215.0,
236.0,
255.0,
246.0,
251.0,
255.0,
255.0,
242.0,
255.0,
178.0,
49.0,
0.0,
0.0,
0.0,
0.0,
0.0,
1.0,
2.0,
0.0,
10.0,
6.0,
219.0,
255.0,
250.0,
255.0,
246.0,
255.0,
254.0,
249.0,
251.0,
255.0,
250.0,
255.0,
239.0,
255.0,
248.0,
253.0,
255.0,
182.0,
2.0,
0.0,
0.0,
0.0,
0.0,
0.0,
22.0,
0.0,
10.0,
0.0,
202.0,
255.0,
245.0,
251.0,
255.0,
253.0,
255.0,
246.0,
250.0,
255.0,
216.0,
96.0,
85.0,
90.0,
127.0,
253.0,
255.0,
239.0,
0.0,
0.0,
0.0,
0.0,
0.0,
2.0,
0.0,
1.0,
4.0,
0.0,
21.0,
86.0,
109.0,
114.0,
99.0,
113.0,
99.0,
164.0,
253.0,
249.0,
97.0,
0.0,
0.0,
14.0,
10.0,
192.0,
244.0,
247.0,
0.0,
0.0,
0.0,
0.0,
0.0,
8.0,
0.0,
18.0,
0.0,
4.0,
0.0,
8.0,
7.0,
0.0,
0.0,
2.0,
11.0,
84.0,
255.0,
255.0,
74.0,
13.0,
0.0,
0.0,
69.0,
255.0,
245.0,
234.0,
0.0,
0.0,
0.0,
0.0,
0.0,
0.0,
1.0,
0.0,
0.0,
5.0,
13.0,
7.0,
0.0,
3.0,
3.0,
0.0,
4.0,
95.0,
234.0,
208.0,
15.0,
0.0,
9.0,
0.0,
146.0,
245.0,
255.0,
155.0,
9.0,
0.0,
0.0,
0.0,
0.0,
0.0,
0.0,
0.0,
1.0,
1.0,
0.0,
0.0,
6.0,
6.0,
0.0,
7.0,
3.0,
218.0,
245.0,
223.0,
0.0,
13.0,
6.0,
126.0,
246.0,
255.0,
160.0,
12.0,
9.0,
0.0,
0.0,
0.0,
0.0,
5.0,
0.0,
7.0,
0.0,
12.0,
0.0,
0.0,
8.0,
6.0,
0.0,
0.0,
0.0,
195.0,
239.0,
203.0,
4.0,
0.0,
116.0,
255.0,
255.0,
227.0,
55.0,
20.0,
0.0,
0.0,
0.0,
0.0,
0.0,
0.0,
0.0,
5.0,
0.0,
5.0,
0.0,
9.0,
0.0,
0.0,
7.0,
0.0,
1.0,
89.0,
255.0,
244.0,
175.0,
177.0,
255.0,
251.0,
241.0,
90.0,
0.0,
0.0,
6.0,
0.0,
0.0,
0.0,
0.0,
3.0,
0.0,
5.0,
6.0,
0.0,
0.0,
0.0,
1.0,
5.0,
0.0,
12.0,
0.0,
3.0,
211.0,
242.0,
255.0,
255.0,
238.0,
241.0,
77.0,
2.0,
10.0,
0.0,
1.0,
0.0,
0.0,
0.0,
0.0,
0.0,
0.0,
0.0,
0.0,
0.0,
0.0,
0.0,
0.0,
0.0,
2.0,
0.0,
0.0,
11.0,
72.0,
165.0,
236.0,
182.0,
102.0,
18.0,
0.0,
0.0,
8.0,
5.0,
0.0,
0.0,
0.0,
0.0,
0.0,
0.0,
0.0,
0.0,
0.0,
0.0,
0.0,
0.0,
0.0,
0.0,
0.0,
3.0,
3.0,
1.0,
2.0,
7.0,
12.0,
2.0,
0.0,
2.0,
10.0,
8.0,
0.0,
0.0,
2.0,
0.0,
0.0,
0.0,
0.0,
0.0,
0.0,
0.0,
0.0,
0.0,
0.0,
0.0,
0.0,
11.0,
3.0,
0.0,
0.0,
0.0,
0.0,
0.0,
0.0,
0.0,
0.0,
1.0,
4.0,
0.0,
0.0,
0.0,
8.0,
0.0,
0.0,
0.0,
0.0,
0.0,
0.0,
0.0,
0.0,
0.0,
0.0,
0.0,
0.0,
0.0,
1.0,
4.0,
5.0,
6.0,
6.0,
8.0,
9.0,
11.0,
0.0,
0.0,
0.0,
7.0,
5.0,
0.0,
0.0,
0.0,
0.0,
0.0,
0.0,
