0.0,
0.0,
0.0,
0.0,
0.0,
0.0,
0.0,
0.0,
0.0,
0.0,
2.0,
0.0,
0.0,
0.0,
3.0,
5.0,
2.0,
4.0,
4.0,
0.0,
0.0,
0.0,
0.0,
10.0,
0.0,
0.0,
0.0,
0.0,
0.0,
0.0,
0.0,
0.0,
0.0,
0.0,
0.0,
0.0,
15.0,
3.0,
0.0,
3.0,
2.0,
5.0,
1.0,
0.0,
0.0,
0.0,
0.0,
3.0,
14.0,
14.0,
1.0,
0.0,
0.0,
0.0,
0.0,
0.0,
0.0,
0.0,
0.0,
0.0,
0.0,
0.0,
0.0,
0.0,
0.0,
0.0,
0.0,
1.0,
0.0,
0.0,
9.0,
5.0,
9.0,
3.0,
0.0,
0.0,
0.0,
0.0,
1.0,
4.0,
0.0,
0.0,
0.0,
0.0,
0.0,
0.0,
0.0,
0.0,
0.0,
0.0,
0.0,
0.0,
3.0,
0.0,
10.0,
18.0,
2.0,
1.0,
5.0,
0.0,
0.0,
2.0,
10.0,
7.0,
0.0,
0.0,
0.0,
2.0,
0.0,
0.0,
0.0,
0.0,
0.0,
0.0,
0.0,
0.0,
0.0,
0.0,
0.0,
0.0,
2.0,
0.0,
2.0,
0.0,
0.0,
0.0,
7.0,
1.0,
1.0,
0.0,
0.0,
0.0,
0.0,
2.0,
1.0,
0.0,
0.0,
0.0,
0.0,
0.0,
0.0,
0.0,
0.0,
0.0,
0.0,
0.0,
0.0,
0.0,
0.0,
0.0,
7.0,
42.0,
109.0,
152.0,
131.0,
87.0,
26.0,
26.0,
16.0,
2.0,
0.0,
2.0,
5.0,
3.0,
0.0,
0.0,
0.0,
0.0,
0.0,
0.0,
0.0,
0.0,
0.0,
0.0,
0.0,
0.0,
0.0,
114.0,
211.0,
240.0,
255.0,
255.0,
249.0,
253.0,
253.0,
219.0,
150.0,
69.0,
12.0,
0.0,
0.0,
0.0,
0.0,
0.0,
0.0,
0.0,
0.0,
0.0,
0.0,
0.0,
0.0,
0.0,
0.0,
0.0,
128.0,
229.0,
255.0,
247.0,
251.0,
254.0,
245.0,
255.0,
249.0,
255.0,
255.0,
249.0,
221.0,
164.0,
78.0,
8.0,
0.0,
0.0,
0.0,
0.0,
0.0,
0.0,
0.0,
0.0,
0.0,
0.0,
0.0,
0.0,
227.0,
255.0,
253.0,
231.0,
161.0,
154.0,
135.0,
122.0,
197.0,
229.0,
250.0,
239.0,
255.0,
250.0,
247.0,
158.0,
14.0,
0.0,
7.0,
0.0,
0.0,
0.0,
0.0,
0.0,
0.0,
0.0,
0.0,
0.0,
166.0,
255.0,
234.0,
121.0,
10.0,
0.0,
0.0,
8.0,
10.0,
0.0,
41.0,
150.0,
255.0,
243.0,
255.0,
251.0,
243.0,
0.0,
0.0,
6.0,
0.0,
0.0,
0.0,
0.0,
0.0,
0.0,
0.0,
0.0,
128.0,
255.0,
255.0,
241.0,
109.0,
0.0,
15.0,
0.0,
7.0,
30.0,
151.0,
244.0,
242.0,
237.0,
124.0,
187.0,
237.0,
0.0,
5.0,
6.0,
0.0,
0.0,
0.0,
0.0,
0.0,
0.0,
0.0,
0.0,
31.0,
201.0,
246.0,
255.0,
255.0,
203.0,
0.0,
7.0,
86.0,
220.0,
254.0,
242.0,
249.0,
93.0,
4.0,
2.0,
36.0,
0.0,
8.0,
0.0,
0.0,
0.0,
0.0,
0.0,
0.0,
0.0,
0.0,
0.0,
2.0,
13.0,
134.0,
239.0,
226.0,
255.0,
217.0,
163.0,
255.0,
249.0,
243.0,
255.0,
97.0,
0.0,
1.0,
0.0,
0.0,
11.0,
0.0,
0.0,
0.0,
0.0,
0.0,
0.0,
0.0,
0.0,
0.0,
0.0,
0.0,
32.0,
0.0,
187.0,
255.0,
255.0,
251.0,
254.0,
248.0,
255.0,
243.0,
36.0,
0.0,
0.0,
0.0,
0.0,
8.0,
0.0,
1.0,
2.0,
0.0,
0.0,
0.0,
0.0,
0.0,
0.0,
0.0,
0.0,
0.0,
0.0,
0.0,
0.0,
255.0,
245.0,
245.0,
255.0,
241.0,
211.0,
32.0,
5.0,
5.0,
4.0,
4.0,
5.0,
1.0,
0.0,
11.0,
2.0,
0.0,
0.0,
0.0,
0.0,
0.0,
0.0,
0.0,
0.0,
9.0,
16.0,
118.0,
255.0,
233.0,
255.0,
255.0,
246.0,
255.0,
216.0,
12.0,
0.0,
5.0,
0.0,
1.0,
0.0,
0.0,
10.0,
0.0,
0.0,
0.0,
4.0,
8.0,
0.0,
0.0,
0.0,
0.0,
30.0,
113.0,
239.0,
254.0,
246.0,
255.0,
239.0,
192.0,
232.0,
245.0,
251.0,
203.0,
4.0,
6.0,
0.0,
0.0,
0.0,
0.0,
0.0,
0.0,
0.0,
3.0,
0.0,
0.0,
10.0,
0.0,
0.0,
85.0,
190.0,
255.0,
243.0,
235.0,
255.0,
208.0,
110.0,
17.0,
28.0,
234.0,
248.0,
243.0,
0.0,
0.0,
17.0,
0.0,
10.0,
0.0,
0.0,
0.0,
0.0,
0.0,
2.0,
0.0,
2.0,
6.0,
106.0,
222.0,
255.0,
246.0,
255.0,
197.0,
66.0,
0.0,
12.0,
0.0,
11.0,
170.0,
253.0,
238.0,
101.0,
0.0,
0.0,
15.0,
0.0,
0.0,
0.0,
0.0,
0.0,
0.0,
13.0,
0.0,
0.0,
6.0,
231.0,
255.0,
230.0,
213.0,
61.0,
0.0,
0.0,
0.0,
8.0,
0.0,
4.0,
194.0,
252.0,
248.0,
21.0,
22.0,
6.0,
0.0,
4.0,
0.0,
0.0,
0.0,
0.0,
0.0,
2.0,
0.0,
2.0,
1.0,
255.0,
253.0,
179.0,
24.0,
14.0,
5.0,
0.0,
9.0,
0.0,
18.0,
156.0,
249.0,
252.0,
218.0,
1.0,
0.0,
1.0,
15.0,
0.0,
0.0,
0.0,
0.0,
0.0,
6.0,
0.0,
0.0,
6.0,
1.0,
251.0,
255.0,
200.0,
6.0,
0.0,
0.0,
7.0,
1.0,
15.0,
136.0,
251.0,
249.0,
252.0,
84.0,
12.0,
4.0,
0.0,
0.0,
15.0,
0.0,
0.0,
0.0,
0.0,
5.0,
0.0,
0.0,
1.0,
0.0,
179.0,
255.0,
239.0,
215.0,
161.0,
69.0,
39.0,
106.0,
177.0,
255.0,
255.0,
225.0,
69.0,
14.0,
0.0,
9.0,
12.0,
0.0,
5.0,
0.0,
0.0,
0.0,
0.0,
0.0,
0.0,
0.0,
10.0,
0.0,
63.0,
225.0,
255.0,
248.0,
246.0,
247.0,
254.0,
252.0,
252.0,
255.0,
108.0,
19.0,
0.0,
6.0,
4.0,
1.0,
0.0,
17.0,
0.0,
0.0,
0.0,
0.0,
0.0,
0.0,
0.0,
1.0,
0.0,
0.0,
7.0,
18.0,
28.0,
37.0,
32.0,
30.0,
34.0,
38.0,
34.0,
22.0,
10.0,
0.0,
0.0,
0.0,
0.0,
0.0,
0.0,
0.0,
0.0,
0.0,
0.0,
0.0,
0.0,
0.0,
1.0,
2.0,
1.0,
0.0,
0.0,
5.0,
11.0,
2.0,
0.0,
0.0,
0.0,
5.0,
5.0,
0.0,
0.0,
0.0,
0.0,
0.0,
0.0,
0.0,
0.0,
0.0,
0.0,
0.0,
0.0,
0.0,
0.0,
0.0,
1.0,
4.0,
3.0,
0.0,
0.0,
0.0,
0.0,
1.0,
0.0,
0.0,
0.0,
1.0,
4.0,
5.0,
4.0,
0.0,
0.0,
0.0,
0.0,
0.0,
0.0,
0.0,
0.0,
0.0,
0.0,
0.0,
0.0,
0.0,
0.0,
3.0,
4.0,
2.0,
0.0,
0.0,
0.0,
3.0,
3.0,
2.0,
0.0,
0.0,
0.0,
2.0,
4.0,
0.0,
0.0,
0.0,
0.0,
0.0,
0.0,
0.0,
0.0,
0.0,
0.0,
0.0,
0.0,
