0.0,
0.0,
0.0,
0.0,
0.0,
0.0,
0.0,
0.0,
8.0,
0.0,
0.0,
5.0,
12.0,
0.0,
17.0,
0.0,
0.0,
0.0,
1.0,
0.0,
0.0,
7.0,
6.0,
0.0,
0.0,
0.0,
0.0,
0.0,
0.0,
0.0,
0.0,
0.0,
0.0,
0.0,
0.0,
0.0,
2.0,
5.0,
8.0,
0.0,
0.0,
0.0,
0.0,
0.0,
3.0,
5.0,
5.0,
0.0,
0.0,
0.0,
0.0,
6.0,
0.0,
0.0,
0.0,
0.0,
0.0,
0.0,
0.0,
0.0,
0.0,
0.0,
0.0,
0.0,
2.0,
0.0,
8.0,
2.0,
0.0,
11.0,
0.0,
11.0,
0.0,
0.0,
2.0,
3.0,
3.0,
0.0,
0.0,
6.0,
0.0,
0.0,
0.0,
0.0,
0.0,
0.0,
0.0,
0.0,
0.0,
0.0,
0.0,
0.0,
4.0,
0.0,
13.0,
0.0,
6.0,
4.0,
0.0,
0.0,
0.0,
3.0,
0.0,
0.0,
8.0,
5.0,
0.0,
0.0,
0.0,
0.0,
0.0,
0.0,
0.0,
0.0,
0.0,
0.0,
0.0,
0.0,
0.0,
0.0,
0.0,
15.0,
1.0,
0.0,
0.0,
0.0,
17.0,
4.0,
6.0,
11.0,
2.0,
0.0,
0.0,
3.0,
3.0,
0.0,
0.0,
0.0,
0.0,
0.0,
0.0,
0.0,
0.0,
0.0,
0.0,
0.0,
0.0,
0.0,
10.0,
0.0,
0.0,
150.0,
211.0,
233.0,
137.0,
30.0,
0.0,
0.0,
3.0,
3.0,
0.0,
0.0,
6.0,
0.0,
0.0,
0.0,
0.0,
0.0,
0.0,
0.0,
0.0,
0.0,
0.0,
0.0,
0.0,
0.0,
0.0,
0.0,
90.0,
232.0,
255.0,
255.0,
234.0,
194.0,
23.0,
0.0,
0.0,
15.0,
0.0,
0.0,
7.0,
0.0,
0.0,
0.0,
0.0,
0.0,
0.0,
0.0,
0.0,
0.0,
0.0,
0.0,
0.0,
0.0,
0.0,
62.0,
247.0,
255.0,
255.0,
245.0,
255.0,
216.0,
114.0,
17.0,
0.0,
11.0,
0.0,
0.0,
10.0,
0.0,
0.0,
0.0,
0.0,
0.0,
0.0,
0.0,
0.0,
0.0,
0.0,
0.0,
0.0,
0.0,
0.0,
181.0,
254.0,
246.0,
255.0,
198.0,
254.0,
253.0,
250.0,
136.0,
39.0,
0.0,
19.0,
6.0,
0.0,
5.0,
0.0,
0.0,
0.0,
0.0,
0.0,
0.0,
0.0,
0.0,
0.0,
0.0,
0.0,
0.0,
5.0,
114.0,
255.0,
255.0,
216.0,
26.0,
230.0,
255.0,
251.0,
255.0,
225.0,
76.0,
0.0,
0.0,
6.0,
5.0,
0.0,
0.0,
0.0,
0.0,
0.0,
0.0,
0.0,
0.0,
0.0,
0.0,
0.0,
0.0,
3.0,
1.0,
230.0,
252.0,
251.0,
139.0,
114.0,
255.0,
255.0,
239.0,
255.0,
223.0,
0.0,
2.0,
8.0,
0.0,
0.0,
0.0,
0.0,
0.0,
0.0,
0.0,
0.0,
0.0,
0.0,
0.0,
0.0,
0.0,
0.0,
1.0,
162.0,
253.0,
255.0,
255.0,
85.0,
1.0,
63.0,
241.0,
255.0,
236.0,
105.0,
0.0,
6.0,
4.0,
0.0,
0.0,
0.0,
0.0,
0.0,
0.0,
0.0,
0.0,
0.0,
0.0,
0.0,
0.0,
0.0,
0.0,
14.0,
120.0,
234.0,
255.0,
224.0,
107.0,
212.0,
255.0,
250.0,
216.0,
0.0,
7.0,
0.0,
0.0,
0.0,
0.0,
0.0,
0.0,
0.0,
0.0,
0.0,
0.0,
0.0,
0.0,
0.0,
0.0,
6.0,
0.0,
0.0,
44.0,
188.0,
255.0,
241.0,
255.0,
250.0,
245.0,
234.0,
104.0,
0.0,
0.0,
0.0,
18.0,
0.0,
0.0,
0.0,
0.0,
0.0,
0.0,
0.0,
0.0,
0.0,
0.0,
0.0,
0.0,
8.0,
1.0,
0.0,
0.0,
14.0,
225.0,
255.0,
234.0,
250.0,
245.0,
50.0,
0.0,
0.0,
3.0,
17.0,
0.0,
0.0,
0.0,
0.0,
0.0,
0.0,
0.0,
0.0,
0.0,
0.0,
0.0,
0.0,
0.0,
5.0,
0.0,
10.0,
0.0,
20.0,
234.0,
251.0,
255.0,
255.0,
36.0,
4.0,
0.0,
9.0,
5.0,
0.0,
7.0,
0.0,
0.0,
0.0,
0.0,
0.0,
0.0,
0.0,
0.0,
0.0,
0.0,
0.0,
0.0,
0.0,
15.0,
0.0,
1.0,
130.0,
255.0,
240.0,
254.0,
255.0,
159.0,
2.0,
2.0,
0.0,
9.0,
3.0,
3.0,
0.0,
0.0,
0.0,
0.0,
0.0,
0.0,
0.0,
0.0,
0.0,
0.0,
0.0,
0.0,
13.0,
0.0,
10.0,
52.0,
237.0,
255.0,
255.0,
255.0,
245.0,
255.0,
17.0,
9.0,
14.0,
0.0,
7.0,
0.0,
0.0,
0.0,
0.0,
0.0,
0.0,
0.0,
0.0,
0.0,
0.0,
0.0,
0.0,
0.0,
0.0,
0.0,
5.0,
193.0,
253.0,
242.0,
118.0,
82.0,
255.0,
247.0,
99.0,
0.0,
0.0,
9.0,
3.0,
6.0,
0.0,
0.0,
0.0,
0.0,
0.0,
0.0,
0.0,
0.0,
0.0,
0.0,
0.0,
0.0,
4.0,
0.0,
59.0,
255.0,
240.0,
87.0,
8.0,
24.0,
231.0,
251.0,
156.0,
2.0,
0.0,
0.0,
12.0,
0.0,
0.0,
0.0,
0.0,
0.0,
0.0,
0.0,
0.0,
0.0,
0.0,
0.0,
0.0,
0.0,
2.0,
0.0,
113.0,
235.0,
216.0,
2.0,
0.0,
8.0,
139.0,
246.0,
230.0,
0.0,
20.0,
3.0,
0.0,
0.0,
0.0,
0.0,
0.0,
0.0,
0.0,
0.0,
0.0,
0.0,
0.0,
0.0,
0.0,
0.0,
0.0,
10.0,
110.0,
255.0,
189.0,
20.0,
0.0,
17.0,
133.0,
255.0,
250.0,
1.0,
6.0,
0.0,
17.0,
0.0,
0.0,
0.0,
0.0,
0.0,
0.0,
0.0,
0.0,
0.0,
0.0,
0.0,
0.0,
0.0,
9.0,
0.0,
97.0,
255.0,
229.0,
72.0,
92.0,
192.0,
248.0,
244.0,
223.0,
0.0,
0.0,
14.0,
0.0,
0.0,
0.0,
0.0,
0.0,
0.0,
0.0,
0.0,
0.0,
0.0,
0.0,
0.0,
0.0,
0.0,
0.0,
3.0,
69.0,
206.0,
254.0,
255.0,
252.0,
248.0,
255.0,
254.0,
75.0,
0.0,
18.0,
0.0,
0.0,
4.0,
0.0,
0.0,
0.0,
0.0,
0.0,
0.0,
0.0,
0.0,
0.0,
0.0,
0.0,
0.0,
6.0,
0.0,
3.0,
16.0,
146.0,
240.0,
179.0,
187.0,
119.0,
49.0,
0.0,
0.0,
4.0,
0.0,
0.0,
5.0,
0.0,
0.0,
0.0,
0.0,
0.0,
0.0,
0.0,
0.0,
0.0,
0.0,
0.0,
0.0,
0.0,
2.0,
10.0,
0.0,
3.0,
25.0,
0.0,
2.0,
20.0,
4.0,
0.0,
3.0,
8.0,
3.0,
0.0,
2.0,
0.0,
0.0,
0.0,
0.0,
0.0,
0.0,
0.0,
0.0,
0.0,
0.0,
0.0,
0.0,
0.0,
1.0,
11.0,
0.0,
0.0,
3.0,
0.0,
12.0,
0.0,
0.0,
3.0,
0.0,
0.0,
3.0,
5.0,
2.0,
0.0,
0.0,
0.0,
0.0,
0.0,
0.0,
0.0,
0.0,
0.0,
0.0,
0.0,
0.0,
3.0,
0.0,
0.0,
1.0,
0.0,
0.0,
0.0,
0.0,
5.0,
9.0,
4.0,
0.0,
0.0,
4.0,
4.0,
0.0,
0.0,
0.0,
0.0,
0.0,
