5.0,
0.0,
0.0,
2.0,
0.0,
0.0,
3.0,
1.0,
2.0,
5.0,
0.0,
0.0,
0.0,
4.0,
5.0,
0.0,
0.0,
5.0,
1.0,
3.0,
0.0,
0.0,
16.0,
0.0,
0.0,
0.0,
0.0,
0.0,
2.0,
0.0,
4.0,
4.0,
0.0,
0.0,
1.0,
0.0,
0.0,
0.0,
4.0,
0.0,
1.0,
4.0,
0.0,
0.0,
0.0,
0.0,
0.0,
0.0,
9.0,
1.0,
0.0,
0.0,
0.0,
0.0,
0.0,
0.0,
0.0,
2.0,
3.0,
0.0,
0.0,
2.0,
2.0,
0.0,
0.0,
0.0,
12.0,
5.0,
0.0,
0.0,
0.0,
21.0,
3.0,
7.0,
1.0,
0.0,
6.0,
3.0,
0.0,
7.0,
0.0,
0.0,
0.0,
0.0,
0.0,
2.0,
0.0,
0.0,
0.0,
9.0,
4.0,
0.0,
11.0,
4.0,
0.0,
0.0,
0.0,
3.0,
1.0,
0.0,
0.0,
1.0,
12.0,
0.0,
0.0,
4.0,
0.0,
7.0,
0.0,
0.0,
0.0,
0.0,
1.0,
6.0,
0.0,
0.0,
8.0,
5.0,
0.0,
0.0,
0.0,
19.0,
0.0,
0.0,
0.0,
0.0,
21.0,
0.0,
12.0,
0.0,
0.0,
3.0,
0.0,
1.0,
4.0,
0.0,
0.0,
0.0,
0.0,
0.0,
1.0,
3.0,
0.0,
0.0,
5.0,
0.0,
0.0,
30.0,
35.0,
125.0,
183.0,
248.0,
255.0,
246.0,
255.0,
233.0,
131.0,
58.0,
0.0,
3.0,
3.0,
0.0,
7.0,
0.0,
0.0,
0.0,
0.0,
0.0,
0.0,
0.0,
0.0,
1.0,
0.0,
0.0,
42.0,
145.0,
255.0,
249.0,
248.0,
251.0,
254.0,
254.0,
252.0,
255.0,
241.0,
182.0,
37.0,
0.0,
6.0,
0.0,
8.0,
5.0,
0.0,
0.0,
0.0,
0.0,
1.0,
3.0,
0.0,
6.0,
3.0,
6.0,
111.0,
255.0,
250.0,
213.0,
223.0,
163.0,
102.0,
89.0,
97.0,
182.0,
251.0,
255.0,
80.0,
0.0,
8.0,
0.0,
1.0,
0.0,
0.0,
0.0,
0.0,
0.0,
0.0,
0.0,
4.0,
2.0,
1.0,
23.0,
255.0,
255.0,
208.0,
32.0,
0.0,
2.0,
5.0,
0.0,
25.0,
226.0,
250.0,
201.0,
26.0,
0.0,
18.0,
0.0,
1.0,
1.0,
0.0,
0.0,
0.0,
0.0,
5.0,
0.0,
2.0,
0.0,
0.0,
2.0,
175.0,
252.0,
238.0,
65.0,
29.0,
0.0,
5.0,
14.0,
175.0,
233.0,
225.0,
75.0,
7.0,
0.0,
0.0,
9.0,
0.0,
1.0,
0.0,
0.0,
0.0,
0.0,
0.0,
0.0,
10.0,
0.0,
3.0,
0.0,
52.0,
148.0,
255.0,
250.0,
161.0,
45.0,
0.0,
90.0,
235.0,
255.0,
108.0,
0.0,
4.0,
9.0,
0.0,
9.0,
0.0,
2.0,
0.0,
0.0,
0.0,
0.0,
0.0,
0.0,
11.0,
0.0,
2.0,
1.0,
0.0,
20.0,
128.0,
194.0,
252.0,
233.0,
103.0,
223.0,
255.0,
210.0,
0.0,
0.0,
3.0,
5.0,
0.0,
0.0,
0.0,
0.0,
0.0,
0.0,
0.0,
0.0,
2.0,
4.0,
0.0,
0.0,
0.0,
7.0,
3.0,
0.0,
0.0,
15.0,
143.0,
229.0,
247.0,
255.0,
236.0,
106.0,
0.0,
17.0,
0.0,
0.0,
5.0,
0.0,
3.0,
0.0,
0.0,
0.0,
0.0,
0.0,
2.0,
0.0,
0.0,
10.0,
0.0,
0.0,
15.0,
0.0,
3.0,
0.0,
0.0,
105.0,
255.0,
253.0,
237.0,
148.0,
27.0,
0.0,
0.0,
5.0,
0.0,
1.0,
0.0,
0.0,
0.0,
0.0,
0.0,
0.0,
0.0,
0.0,
0.0,
10.0,
7.0,
0.0,
0.0,
0.0,
4.0,
0.0,
0.0,
162.0,
243.0,
255.0,
255.0,
251.0,
128.0,
0.0,
9.0,
14.0,
0.0,
4.0,
0.0,
6.0,
0.0,
0.0,
0.0,
0.0,
8.0,
4.0,
5.0,
0.0,
7.0,
0.0,
0.0,
4.0,
0.0,
5.0,
57.0,
219.0,
255.0,
171.0,
76.0,
241.0,
255.0,
90.0,
7.0,
0.0,
0.0,
13.0,
0.0,
0.0,
0.0,
0.0,
0.0,
0.0,
0.0,
0.0,
0.0,
0.0,
0.0,
0.0,
0.0,
0.0,
0.0,
9.0,
20.0,
232.0,
255.0,
81.0,
0.0,
15.0,
127.0,
221.0,
187.0,
44.0,
2.0,
8.0,
0.0,
0.0,
0.0,
0.0,
0.0,
0.0,
0.0,
0.0,
0.0,
0.0,
0.0,
0.0,
0.0,
0.0,
0.0,
10.0,
2.0,
224.0,
241.0,
119.0,
13.0,
5.0,
3.0,
59.0,
226.0,
247.0,
148.0,
0.0,
14.0,
3.0,
0.0,
0.0,
0.0,
0.0,
0.0,
0.0,
0.0,
0.0,
0.0,
0.0,
0.0,
0.0,
0.0,
0.0,
0.0,
211.0,
249.0,
132.0,
16.0,
0.0,
0.0,
2.0,
86.0,
240.0,
216.0,
61.0,
0.0,
0.0,
0.0,
0.0,
0.0,
0.0,
0.0,
0.0,
0.0,
0.0,
0.0,
0.0,
0.0,
0.0,
4.0,
0.0,
10.0,
222.0,
255.0,
131.0,
0.0,
2.0,
0.0,
0.0,
15.0,
88.0,
255.0,
208.0,
28.0,
13.0,
0.0,
0.0,
0.0,
0.0,
0.0,
0.0,
0.0,
0.0,
0.0,
0.0,
0.0,
0.0,
0.0,
11.0,
0.0,
185.0,
243.0,
149.0,
0.0,
3.0,
16.0,
0.0,
1.0,
0.0,
156.0,
255.0,
30.0,
0.0,
0.0,
0.0,
0.0,
0.0,
0.0,
0.0,
0.0,
0.0,
0.0,
0.0,
0.0,
0.0,
1.0,
0.0,
0.0,
83.0,
255.0,
210.0,
70.0,
0.0,
0.0,
0.0,
12.0,
59.0,
141.0,
254.0,
24.0,
7.0,
0.0,
0.0,
0.0,
0.0,
0.0,
0.0,
0.0,
0.0,
0.0,
0.0,
0.0,
0.0,
13.0,
0.0,
14.0,
16.0,
230.0,
255.0,
210.0,
93.0,
63.0,
110.0,
204.0,
234.0,
254.0,
133.0,
0.0,
0.0,
0.0,
0.0,
0.0,
0.0,
0.0,
0.0,
0.0,
0.0,
0.0,
0.0,
0.0,
0.0,
0.0,
2.0,
0.0,
0.0,
79.0,
233.0,
255.0,
246.0,
245.0,
252.0,
239.0,
255.0,
172.0,
8.0,
0.0,
8.0,
0.0,
0.0,
0.0,
0.0,
0.0,
0.0,
0.0,
0.0,
0.0,
0.0,
0.0,
0.0,
0.0,
4.0,
9.0,
1.0,
2.0,
52.0,
152.0,
238.0,
255.0,
216.0,
136.0,
51.0,
0.0,
0.0,
0.0,
3.0,
0.0,
0.0,
0.0,
0.0,
0.0,
0.0,
0.0,
0.0,
0.0,
0.0,
0.0,
0.0,
1.0,
0.0,
0.0,
1.0,
5.0,
4.0,
5.0,
9.0,
0.0,
0.0,
0.0,
0.0,
0.0,
5.0,
7.0,
0.0,
0.0,
0.0,
0.0,
0.0,
0.0,
0.0,
0.0,
0.0,
0.0,
0.0,
0.0,
0.0,
7.0,
0.0,
0.0,
0.0,
0.0,
0.0,
0.0,
0.0,
10.0,
13.0,
9.0,
0.0,
0.0,
0.0,
0.0,
0.0,
0.0,
0.0,
0.0,
0.0,
0.0,
0.0,
0.0,
0.0,
0.0,
0.0,
0.0,
0.0,
0.0,
0.0,
7.0,
7.0,
0.0,
0.0,
4.0,
13.0,
0.0,
0.0,
0.0,
0.0,
0.0,
3.0,
4.0,
1.0,
0.0,
0.0,
0.0,
0.0,
