0.0,
0.0,
0.0,
0.0,
0.0,
0.0,
0.0,
0.0,
3.0,
0.0,
0.0,
5.0,
3.0,
0.0,
13.0,
0.0,
0.0,
12.0,
0.0,
2.0,
0.0,
4.0,
0.0,
1.0,
0.0,
0.0,
0.0,
0.0,
0.0,
0.0,
0.0,
0.0,
0.0,
0.0,
0.0,
0.0,
1.0,
0.0,
2.0,
22.0,
0.0,
8.0,
0.0,
0.0,
0.0,
0.0,
0.0,
5.0,
16.0,
4.0,
0.0,
5.0,
0.0,
0.0,
0.0,
0.0,
0.0,
0.0,
0.0,
0.0,
0.0,
0.0,
0.0,
0.0,
0.0,
0.0,
12.0,
0.0,
0.0,
14.0,
3.0,
0.0,
4.0,
0.0,
1.0,
0.0,
5.0,
0.0,
0.0,
0.0,
0.0,
0.0,
0.0,
0.0,
0.0,
0.0,
0.0,
0.0,
0.0,
0.0,
0.0,
0.0,
1.0,
0.0,
4.0,
22.0,
0.0,
0.0,
0.0,
19.0,
0.0,
8.0,
9.0,
0.0,
1.0,
3.0,
6.0,
0.0,
0.0,
0.0,
0.0,
0.0,
0.0,
0.0,
0.0,
0.0,
0.0,
0.0,
0.0,
0.0,
2.0,
0.0,
3.0,
0.0,
7.0,
0.0,
16.0,
0.0,
0.0,
2.0,
0.0,
1.0,
0.0,
2.0,
0.0,
6.0,
0.0,
0.0,
0.0,
0.0,
0.0,
0.0,
0.0,
0.0,
0.0,
0.0,
0.0,
0.0,
0.0,
6.0,
5.0,
0.0,
22.0,
92.0,
231.0,
255.0,
255.0,
207.0,
126.0,
94.0,
37.0,
0.0,
0.0,
10.0,
0.0,
0.0,
0.0,
0.0,
0.0,
0.0,
0.0,
0.0,
0.0,
0.0,
0.0,
0.0,
14.0,
0.0,
16.0,
202.0,
196.0,
255.0,
236.0,
253.0,
255.0,
253.0,
245.0,
250.0,
214.0,
122.0,
25.0,
0.0,
0.0,
0.0,
0.0,
0.0,
0.0,
0.0,
0.0,
0.0,
0.0,
0.0,
0.0,
0.0,
0.0,
30.0,
209.0,
246.0,
255.0,
236.0,
255.0,
241.0,
245.0,
250.0,
255.0,
243.0,
254.0,
202.0,
130.0,
62.0,
0.0,
0.0,
0.0,
0.0,
0.0,
0.0,
0.0,
0.0,
0.0,
0.0,
0.0,
0.0,
2.0,
59.0,
255.0,
253.0,
250.0,
240.0,
255.0,
237.0,
253.0,
250.0,
253.0,
253.0,
247.0,
255.0,
254.0,
230.0,
217.0,
234.0,
0.0,
2.0,
0.0,
0.0,
0.0,
0.0,
0.0,
0.0,
0.0,
0.0,
85.0,
171.0,
248.0,
255.0,
255.0,
159.0,
94.0,
215.0,
255.0,
242.0,
252.0,
248.0,
255.0,
240.0,
254.0,
249.0,
253.0,
229.0,
9.0,
2.0,
0.0,
0.0,
0.0,
0.0,
0.0,
0.0,
0.0,
0.0,
75.0,
237.0,
255.0,
250.0,
119.0,
22.0,
0.0,
0.0,
98.0,
14.0,
0.0,
45.0,
218.0,
252.0,
255.0,
255.0,
248.0,
171.0,
0.0,
0.0,
0.0,
0.0,
0.0,
0.0,
0.0,
0.0,
0.0,
0.0,
25.0,
224.0,
255.0,
235.0,
81.0,
4.0,
0.0,
21.0,
9.0,
18.0,
121.0,
192.0,
236.0,
237.0,
255.0,
218.0,
220.0,
125.0,
7.0,
0.0,
0.0,
0.0,
0.0,
0.0,
0.0,
0.0,
0.0,
0.0,
124.0,
251.0,
255.0,
150.0,
11.0,
0.0,
3.0,
71.0,
188.0,
235.0,
248.0,
240.0,
252.0,
214.0,
129.0,
66.0,
0.0,
0.0,
0.0,
2.0,
0.0,
0.0,
0.0,
0.0,
0.0,
0.0,
0.0,
0.0,
10.0,
225.0,
249.0,
247.0,
184.0,
13.0,
87.0,
255.0,
236.0,
255.0,
255.0,
255.0,
236.0,
119.0,
0.0,
0.0,
8.0,
1.0,
16.0,
0.0,
0.0,
0.0,
0.0,
0.0,
0.0,
0.0,
0.0,
0.0,
89.0,
240.0,
236.0,
255.0,
238.0,
153.0,
253.0,
228.0,
255.0,
225.0,
243.0,
213.0,
97.0,
0.0,
0.0,
2.0,
2.0,
0.0,
0.0,
0.0,
0.0,
0.0,
0.0,
0.0,
0.0,
0.0,
0.0,
0.0,
80.0,
182.0,
254.0,
244.0,
255.0,
249.0,
245.0,
255.0,
255.0,
250.0,
139.0,
0.0,
10.0,
1.0,
0.0,
0.0,
0.0,
0.0,
0.0,
0.0,
9.0,
0.0,
0.0,
5.0,
0.0,
16.0,
0.0,
7.0,
19.0,
187.0,
255.0,
242.0,
241.0,
255.0,
228.0,
225.0,
149.0,
83.0,
21.0,
2.0,
4.0,
0.0,
0.0,
1.0,
0.0,
0.0,
0.0,
0.0,
2.0,
16.0,
0.0,
15.0,
0.0,
0.0,
22.0,
83.0,
186.0,
242.0,
243.0,
255.0,
254.0,
240.0,
121.0,
0.0,
10.0,
0.0,
0.0,
0.0,
1.0,
0.0,
0.0,
9.0,
0.0,
0.0,
0.0,
0.0,
0.0,
0.0,
0.0,
0.0,
12.0,
2.0,
0.0,
191.0,
255.0,
255.0,
247.0,
252.0,
247.0,
254.0,
38.0,
0.0,
0.0,
0.0,
5.0,
7.0,
1.0,
0.0,
0.0,
2.0,
0.0,
0.0,
0.0,
0.0,
5.0,
0.0,
2.0,
7.0,
0.0,
18.0,
159.0,
238.0,
245.0,
253.0,
252.0,
255.0,
244.0,
251.0,
10.0,
9.0,
8.0,
8.0,
3.0,
0.0,
0.0,
0.0,
0.0,
0.0,
0.0,
0.0,
0.0,
0.0,
3.0,
0.0,
8.0,
10.0,
0.0,
2.0,
203.0,
230.0,
255.0,
251.0,
195.0,
255.0,
253.0,
255.0,
110.0,
0.0,
0.0,
0.0,
0.0,
0.0,
2.0,
7.0,
2.0,
0.0,
0.0,
0.0,
0.0,
0.0,
0.0,
0.0,
0.0,
0.0,
21.0,
0.0,
113.0,
255.0,
255.0,
253.0,
199.0,
241.0,
252.0,
255.0,
152.0,
8.0,
1.0,
7.0,
9.0,
4.0,
0.0,
0.0,
0.0,
0.0,
0.0,
0.0,
0.0,
0.0,
1.0,
20.0,
0.0,
0.0,
0.0,
1.0,
163.0,
253.0,
242.0,
255.0,
255.0,
244.0,
252.0,
240.0,
117.0,
0.0,
0.0,
0.0,
0.0,
0.0,
0.0,
0.0,
1.0,
9.0,
0.0,
0.0,
0.0,
0.0,
0.0,
0.0,
2.0,
2.0,
0.0,
4.0,
14.0,
155.0,
254.0,
242.0,
255.0,
255.0,
255.0,
252.0,
229.0,
58.0,
8.0,
0.0,
0.0,
5.0,
10.0,
5.0,
0.0,
0.0,
0.0,
0.0,
0.0,
0.0,
0.0,
0.0,
3.0,
0.0,
0.0,
0.0,
11.0,
23.0,
165.0,
148.0,
238.0,
246.0,
255.0,
249.0,
74.0,
3.0,
0.0,
0.0,
0.0,
0.0,
0.0,
0.0,
0.0,
0.0,
0.0,
0.0,
0.0,
0.0,
0.0,
3.0,
4.0,
1.0,
0.0,
0.0,
2.0,
8.0,
0.0,
0.0,
17.0,
0.0,
0.0,
19.0,
0.0,
3.0,
0.0,
0.0,
0.0,
0.0,
0.0,
0.0,
0.0,
0.0,
0.0,
0.0,
0.0,
0.0,
0.0,
1.0,
3.0,
2.0,
0.0,
0.0,
0.0,
0.0,
0.0,
10.0,
3.0,
0.0,
0.0,
0.0,
7.0,
4.0,
0.0,
0.0,
0.0,
0.0,
0.0,
0.0,
0.0,
0.0,
0.0,
0.0,
0.0,
0.0,
0.0,
0.0,
0.0,
0.0,
1.0,
0.0,
0.0,
0.0,
0.0,
8.0,
0.0,
4.0,
9.0,
1.0,
7.0,
0.0,
0.0,
0.0,
0.0,
0.0,
0.0,
0.0,
0.0,
0.0,
0.0,
0.0,
0.0,
0.0,
