0.0,
0.0,
0.0,
0.0,
0.0,
0.0,
0.0,
0.0,
0.0,
16.0,
0.0,
10.0,
0.0,
0.0,
3.0,
0.0,
0.0,
0.0,
5.0,
7.0,
1.0,
0.0,
0.0,
2.0,
0.0,
0.0,
0.0,
0.0,
0.0,
0.0,
0.0,
0.0,
0.0,
0.0,
0.0,
0.0,
2.0,
7.0,
0.0,
2.0,
3.0,
13.0,
10.0,
0.0,
16.0,
3.0,
0.0,
0.0,
0.0,
5.0,
2.0,
0.0,
0.0,
0.0,
0.0,
0.0,
0.0,
0.0,
0.0,
0.0,
0.0,
0.0,
0.0,
0.0,
0.0,
8.0,
0.0,
10.0,
0.0,
0.0,
0.0,
0.0,
0.0,
0.0,
3.0,
4.0,
0.0,
0.0,
0.0,
5.0,
0.0,
0.0,
0.0,
0.0,
0.0,
0.0,
0.0,
0.0,
0.0,
0.0,
0.0,
0.0,
0.0,
0.0,
0.0,
2.0,
3.0,
1.0,
1.0,
3.0,
8.0,
8.0,
3.0,
0.0,
0.0,
0.0,
1.0,
0.0,
0.0,
0.0,
0.0,
0.0,
0.0,
0.0,
0.0,
0.0,
0.0,
0.0,
0.0,
0.0,
7.0,
2.0,
5.0,
0.0,
1.0,
0.0,
3.0,
11.0,
0.0,
0.0,
4.0,
4.0,
3.0,
5.0,
5.0,
3.0,
0.0,
0.0,
0.0,
0.0,
0.0,
0.0,
0.0,
0.0,
0.0,
0.0,
0.0,
0.0,
0.0,
0.0,
4.0,
0.0,
6.0,
6.0,
0.0,
0.0,
10.0,
7.0,
0.0,
0.0,
0.0,
0.0,
0.0,
0.0,
0.0,
0.0,
0.0,
0.0,
0.0,
0.0,
0.0,
0.0,
0.0,
0.0,
0.0,
0.0,
4.0,
24.0,
97.0,
145.0,
226.0,
255.0,
252.0,
226.0,
191.0,
140.0,
64.0,
6.0,
0.0,
3.0,
8.0,
0.0,
0.0,
0.0,
0.0,
0.0,
0.0,
0.0,
0.0,
0.0,
0.0,
0.0,
0.0,
0.0,
0.0,
103.0,
247.0,
255.0,
255.0,
248.0,
246.0,
255.0,
247.0,
255.0,
239.0,
146.0,
45.0,
10.0,
43.0,
88.0,
0.0,
0.0,
0.0,
0.0,
0.0,
0.0,
0.0,
0.0,
0.0,
0.0,
0.0,
0.0,
114.0,
255.0,
255.0,
220.0,
94.0,
97.0,
72.0,
77.0,
101.0,
185.0,
194.0,
254.0,
230.0,
176.0,
248.0,
172.0,
0.0,
0.0,
0.0,
0.0,
0.0,
0.0,
0.0,
0.0,
0.0,
0.0,
0.0,
0.0,
165.0,
253.0,
208.0,
28.0,
0.0,
0.0,
1.0,
2.0,
0.0,
6.0,
5.0,
244.0,
237.0,
252.0,
253.0,
165.0,
0.0,
0.0,
0.0,
0.0,
0.0,
0.0,
0.0,
0.0,
0.0,
0.0,
0.0,
0.0,
147.0,
255.0,
191.0,
0.0,
0.0,
18.0,
1.0,
0.0,
6.0,
2.0,
141.0,
249.0,
255.0,
255.0,
210.0,
2.0,
0.0,
0.0,
0.0,
0.0,
0.0,
0.0,
0.0,
0.0,
0.0,
0.0,
0.0,
0.0,
69.0,
240.0,
251.0,
46.0,
5.0,
0.0,
0.0,
7.0,
61.0,
188.0,
250.0,
255.0,
186.0,
234.0,
39.0,
15.0,
0.0,
0.0,
0.0,
0.0,
0.0,
0.0,
0.0,
0.0,
0.0,
0.0,
0.0,
0.0,
80.0,
243.0,
255.0,
195.0,
14.0,
4.0,
1.0,
87.0,
236.0,
255.0,
243.0,
121.0,
33.0,
62.0,
0.0,
0.0,
0.0,
0.0,
0.0,
0.0,
0.0,
0.0,
0.0,
0.0,
0.0,
0.0,
0.0,
0.0,
3.0,
110.0,
247.0,
255.0,
126.0,
26.0,
127.0,
242.0,
255.0,
232.0,
64.0,
0.0,
0.0,
14.0,
1.0,
1.0,
0.0,
0.0,
0.0,
0.0,
0.0,
0.0,
0.0,
0.0,
0.0,
0.0,
0.0,
0.0,
0.0,
0.0,
57.0,
251.0,
250.0,
242.0,
255.0,
248.0,
185.0,
78.0,
0.0,
30.0,
2.0,
0.0,
1.0,
0.0,
0.0,
0.0,
0.0,
0.0,
0.0,
0.0,
0.0,
0.0,
0.0,
0.0,
0.0,
0.0,
6.0,
0.0,
0.0,
194.0,
237.0,
255.0,
255.0,
180.0,
3.0,
0.0,
10.0,
0.0,
0.0,
11.0,
0.0,
11.0,
0.0,
0.0,
0.0,
0.0,
0.0,
0.0,
0.0,
0.0,
0.0,
0.0,
0.0,
0.0,
0.0,
13.0,
0.0,
112.0,
255.0,
241.0,
254.0,
53.0,
0.0,
1.0,
0.0,
7.0,
0.0,
0.0,
18.0,
0.0,
0.0,
0.0,
0.0,
0.0,
0.0,
0.0,
0.0,
0.0,
0.0,
0.0,
0.0,
0.0,
7.0,
0.0,
5.0,
254.0,
240.0,
183.0,
209.0,
81.0,
6.0,
0.0,
0.0,
0.0,
5.0,
4.0,
6.0,
0.0,
0.0,
0.0,
0.0,
0.0,
0.0,
0.0,
0.0,
0.0,
0.0,
0.0,
0.0,
0.0,
0.0,
0.0,
135.0,
255.0,
208.0,
10.0,
164.0,
255.0,
59.0,
2.0,
7.0,
0.0,
7.0,
0.0,
0.0,
1.0,
0.0,
0.0,
0.0,
0.0,
0.0,
0.0,
0.0,
0.0,
0.0,
0.0,
0.0,
0.0,
5.0,
32.0,
224.0,
237.0,
58.0,
3.0,
133.0,
249.0,
124.0,
0.0,
9.0,
0.0,
3.0,
0.0,
0.0,
9.0,
0.0,
0.0,
0.0,
0.0,
0.0,
0.0,
0.0,
0.0,
0.0,
0.0,
0.0,
0.0,
7.0,
22.0,
249.0,
255.0,
19.0,
9.0,
21.0,
255.0,
182.0,
0.0,
0.0,
4.0,
7.0,
0.0,
0.0,
0.0,
0.0,
0.0,
0.0,
0.0,
0.0,
0.0,
0.0,
0.0,
0.0,
0.0,
0.0,
0.0,
0.0,
51.0,
255.0,
173.0,
1.0,
21.0,
33.0,
252.0,
222.0,
6.0,
0.0,
1.0,
0.0,
5.0,
7.0,
0.0,
0.0,
0.0,
0.0,
0.0,
0.0,
0.0,
0.0,
0.0,
0.0,
0.0,
0.0,
0.0,
10.0,
34.0,
253.0,
223.0,
0.0,
9.0,
121.0,
255.0,
163.0,
17.0,
0.0,
0.0,
0.0,
5.0,
3.0,
0.0,
0.0,
0.0,
0.0,
0.0,
0.0,
0.0,
0.0,
0.0,
0.0,
0.0,
0.0,
0.0,
5.0,
27.0,
196.0,
255.0,
193.0,
172.0,
252.0,
253.0,
39.0,
0.0,
0.0,
4.0,
0.0,
4.0,
0.0,
3.0,
0.0,
0.0,
0.0,
0.0,
0.0,
0.0,
0.0,
0.0,
0.0,
0.0,
0.0,
0.0,
0.0,
0.0,
132.0,
248.0,
242.0,
255.0,
255.0,
158.0,
0.0,
0.0,
0.0,
0.0,
0.0,
0.0,
0.0,
0.0,
0.0,
0.0,
0.0,
0.0,
0.0,
0.0,
0.0,
0.0,
0.0,
0.0,
0.0,
0.0,
10.0,
0.0,
6.0,
119.0,
245.0,
255.0,
155.0,
33.0,
0.0,
0.0,
0.0,
0.0,
0.0,
0.0,
0.0,
0.0,
0.0,
0.0,
0.0,
0.0,
0.0,
0.0,
0.0,
0.0,
0.0,
0.0,
0.0,
0.0,
0.0,
20.0,
3.0,
0.0,
7.0,
0.0,
0.0,
7.0,
0.0,
0.0,
0.0,
0.0,
0.0,
0.0,
0.0,
0.0,
0.0,
0.0,
0.0,
0.0,
0.0,
0.0,
0.0,
0.0,
0.0,
0.0,
0.0,
0.0,
0.0,
0.0,
0.0,
3.0,
7.0,
10.0,
7.0,
0.0,
0.0,
0.0,
0.0,
0.0,
0.0,
0.0,
0.0,
0.0,
0.0,
0.0,
0.0,
0.0,
