0.0,
0.0,
0.0,
0.0,
0.0,
0.0,
0.0,
0.0,
9.0,
0.0,
9.0,
4.0,
3.0,
0.0,
0.0,
0.0,
0.0,
0.0,
4.0,
4.0,
0.0,
2.0,
8.0,
0.0,
0.0,
0.0,
0.0,
0.0,
0.0,
0.0,
0.0,
0.0,
0.0,
0.0,
0.0,
0.0,
0.0,
7.0,
0.0,
0.0,
10.0,
16.0,
0.0,
9.0,
0.0,
0.0,
0.0,
4.0,
0.0,
5.0,
7.0,
1.0,
0.0,
0.0,
0.0,
0.0,
0.0,
0.0,
0.0,
0.0,
0.0,
0.0,
0.0,
0.0,
0.0,
14.0,
2.0,
12.0,
0.0,
3.0,
0.0,
0.0,
0.0,
6.0,
0.0,
4.0,
0.0,
3.0,
0.0,
0.0,
0.0,
0.0,
0.0,
0.0,
0.0,
0.0,
0.0,
0.0,
0.0,
0.0,
0.0,
0.0,
5.0,
0.0,
0.0,
11.0,
0.0,
0.0,
9.0,
5.0,
0.0,
4.0,
0.0,
8.0,
0.0,
6.0,
0.0,
1.0,
0.0,
0.0,
0.0,
0.0,
0.0,
0.0,
0.0,
0.0,
0.0,
0.0,
0.0,
0.0,
0.0,
18.0,
9.0,
0.0,
4.0,
0.0,
10.0,
0.0,
4.0,
0.0,
0.0,
10.0,
0.0,
7.0,
0.0,
1.0,
0.0,
0.0,
0.0,
0.0,
0.0,
0.0,
0.0,
0.0,
0.0,
0.0,
0.0,
0.0,
19.0,
0.0,
0.0,
11.0,
42.0,
150.0,
238.0,
106.0,
33.0,
0.0,
0.0,
3.0,
0.0,
0.0,
0.0,
0.0,
0.0,
0.0,
0.0,
0.0,
0.0,
0.0,
0.0,
0.0,
0.0,
0.0,
0.0,
0.0,
0.0,
151.0,
182.0,
178.0,
224.0,
241.0,
255.0,
251.0,
69.0,
2.0,
3.0,
0.0,
0.0,
0.0,
25.0,
3.0,
0.0,
0.0,
0.0,
0.0,
0.0,
0.0,
0.0,
0.0,
0.0,
0.0,
0.0,
0.0,
167.0,
252.0,
247.0,
255.0,
248.0,
251.0,
255.0,
251.0,
87.0,
0.0,
7.0,
0.0,
7.0,
12.0,
73.0,
48.0,
0.0,
0.0,
0.0,
0.0,
7.0,
0.0,
12.0,
0.0,
0.0,
0.0,
24.0,
151.0,
250.0,
249.0,
255.0,
254.0,
255.0,
242.0,
255.0,
250.0,
91.0,
0.0,
11.0,
6.0,
161.0,
205.0,
226.0,
233.0,
200.0,
74.0,
0.0,
2.0,
0.0,
0.0,
0.0,
0.0,
0.0,
6.0,
91.0,
244.0,
254.0,
250.0,
255.0,
232.0,
125.0,
133.0,
205.0,
255.0,
77.0,
17.0,
73.0,
186.0,
255.0,
255.0,
255.0,
250.0,
233.0,
99.0,
4.0,
0.0,
1.0,
17.0,
0.0,
1.0,
7.0,
0.0,
99.0,
255.0,
255.0,
253.0,
148.0,
35.0,
0.0,
0.0,
29.0,
193.0,
58.0,
83.0,
255.0,
234.0,
246.0,
246.0,
204.0,
201.0,
72.0,
15.0,
0.0,
8.0,
0.0,
4.0,
0.0,
1.0,
8.0,
0.0,
78.0,
244.0,
249.0,
252.0,
129.0,
0.0,
0.0,
0.0,
20.0,
3.0,
101.0,
196.0,
228.0,
255.0,
246.0,
194.0,
15.0,
11.0,
0.0,
0.0,
4.0,
11.0,
1.0,
0.0,
0.0,
0.0,
0.0,
0.0,
38.0,
183.0,
255.0,
239.0,
250.0,
88.0,
6.0,
4.0,
15.0,
121.0,
239.0,
243.0,
252.0,
226.0,
52.0,
13.0,
0.0,
3.0,
11.0,
6.0,
4.0,
1.0,
12.0,
0.0,
14.0,
0.0,
0.0,
0.0,
0.0,
74.0,
242.0,
255.0,
239.0,
230.0,
67.0,
7.0,
173.0,
255.0,
254.0,
255.0,
236.0,
39.0,
8.0,
0.0,
0.0,
4.0,
0.0,
0.0,
0.0,
0.0,
0.0,
0.0,
4.0,
4.0,
5.0,
5.0,
0.0,
11.0,
110.0,
255.0,
249.0,
255.0,
249.0,
240.0,
247.0,
239.0,
243.0,
248.0,
63.0,
18.0,
0.0,
0.0,
11.0,
0.0,
5.0,
11.0,
4.0,
0.0,
10.0,
7.0,
0.0,
0.0,
0.0,
0.0,
9.0,
0.0,
36.0,
98.0,
255.0,
248.0,
246.0,
255.0,
241.0,
255.0,
255.0,
185.0,
16.0,
6.0,
0.0,
4.0,
0.0,
0.0,
0.0,
5.0,
3.0,
0.0,
0.0,
0.0,
0.0,
0.0,
0.0,
0.0,
0.0,
0.0,
0.0,
6.0,
76.0,
165.0,
251.0,
250.0,
255.0,
250.0,
255.0,
196.0,
26.0,
6.0,
0.0,
0.0,
2.0,
4.0,
0.0,
0.0,
0.0,
0.0,
0.0,
0.0,
0.0,
0.0,
0.0,
0.0,
0.0,
0.0,
3.0,
4.0,
0.0,
52.0,
255.0,
242.0,
255.0,
252.0,
254.0,
244.0,
80.0,
0.0,
18.0,
0.0,
0.0,
0.0,
0.0,
0.0,
0.0,
0.0,
0.0,
0.0,
0.0,
0.0,
0.0,
0.0,
0.0,
0.0,
0.0,
7.0,
52.0,
137.0,
247.0,
255.0,
235.0,
254.0,
251.0,
255.0,
207.0,
8.0,
5.0,
0.0,
0.0,
17.0,
0.0,
0.0,
0.0,
0.0,
0.0,
0.0,
0.0,
0.0,
0.0,
0.0,
0.0,
0.0,
1.0,
0.0,
131.0,
255.0,
255.0,
255.0,
119.0,
129.0,
255.0,
233.0,
245.0,
20.0,
0.0,
13.0,
0.0,
0.0,
0.0,
0.0,
0.0,
0.0,
0.0,
0.0,
0.0,
0.0,
0.0,
0.0,
0.0,
0.0,
5.0,
0.0,
132.0,
242.0,
255.0,
240.0,
110.0,
153.0,
254.0,
249.0,
243.0,
71.0,
0.0,
8.0,
2.0,
14.0,
0.0,
0.0,
0.0,
0.0,
0.0,
0.0,
0.0,
0.0,
0.0,
0.0,
0.0,
0.0,
0.0,
9.0,
111.0,
255.0,
249.0,
243.0,
228.0,
255.0,
255.0,
244.0,
84.0,
10.0,
2.0,
2.0,
0.0,
0.0,
0.0,
0.0,
0.0,
0.0,
0.0,
0.0,
0.0,
0.0,
0.0,
0.0,
0.0,
0.0,
0.0,
4.0,
58.0,
229.0,
255.0,
255.0,
255.0,
232.0,
244.0,
201.0,
21.0,
0.0,
0.0,
0.0,
0.0,
13.0,
0.0,
0.0,
0.0,
0.0,
0.0,
0.0,
0.0,
0.0,
0.0,
0.0,
0.0,
0.0,
8.0,
0.0,
1.0,
43.0,
222.0,
237.0,
255.0,
255.0,
207.0,
104.0,
2.0,
11.0,
0.0,
20.0,
0.0,
0.0,
0.0,
0.0,
0.0,
0.0,
0.0,
0.0,
0.0,
0.0,
0.0,
0.0,
0.0,
0.0,
0.0,
13.0,
0.0,
0.0,
79.0,
224.0,
255.0,
199.0,
19.0,
10.0,
0.0,
0.0,
0.0,
1.0,
2.0,
0.0,
0.0,
0.0,
0.0,
0.0,
0.0,
0.0,
0.0,
0.0,
0.0,
0.0,
0.0,
0.0,
8.0,
5.0,
0.0,
0.0,
0.0,
0.0,
0.0,
0.0,
9.0,
4.0,
0.0,
0.0,
0.0,
2.0,
1.0,
0.0,
0.0,
0.0,
0.0,
0.0,
0.0,
0.0,
0.0,
0.0,
0.0,
0.0,
0.0,
0.0,
0.0,
0.0,
3.0,
8.0,
5.0,
0.0,
2.0,
8.0,
0.0,
0.0,
0.0,
0.0,
2.0,
3.0,
0.0,
0.0,
0.0,
0.0,
0.0,
0.0,
0.0,
0.0,
0.0,
0.0,
0.0,
0.0,
0.0,
0.0,
5.0,
11.0,
3.0,
0.0,
0.0,
5.0,
2.0,
0.0,
0.0,
0.0,
0.0,
0.0,
2.0,
2.0,
0.0,
0.0,
0.0,
0.0,
0.0,
0.0,
