0.0,
0.0,
0.0,
0.0,
0.0,
0.0,
0.0,
0.0,
0.0,
4.0,
16.0,
0.0,
0.0,
19.0,
0.0,
0.0,
6.0,
0.0,
9.0,
0.0,
0.0,
3.0,
10.0,
0.0,
0.0,
0.0,
0.0,
0.0,
0.0,
0.0,
0.0,
0.0,
0.0,
0.0,
0.0,
0.0,
13.0,
0.0,
0.0,
19.0,
0.0,
0.0,
7.0,
7.0,
0.0,
0.0,
0.0,
10.0,
4.0,
11.0,
14.0,
0.0,
0.0,
0.0,
0.0,
0.0,
0.0,
0.0,
0.0,
0.0,
0.0,
0.0,
0.0,
0.0,
0.0,
12.0,
0.0,
0.0,
6.0,
12.0,
6.0,
0.0,
2.0,
14.0,
0.0,
9.0,
0.0,
0.0,
0.0,
0.0,
0.0,
0.0,
0.0,
0.0,
0.0,
0.0,
0.0,
0.0,
0.0,
0.0,
0.0,
0.0,
0.0,
8.0,
10.0,
0.0,
14.0,
0.0,
0.0,
15.0,
0.0,
10.0,
0.0,
9.0,
0.0,
3.0,
0.0,
15.0,
0.0,
0.0,
0.0,
0.0,
0.0,
0.0,
0.0,
0.0,
0.0,
0.0,
0.0,
0.0,
6.0,
0.0,
1.0,
1.0,
2.0,
0.0,
18.0,
0.0,
4.0,
0.0,
0.0,
0.0,
0.0,
26.0,
0.0,
0.0,
0.0,
0.0,
0.0,
0.0,
0.0,
0.0,
0.0,
0.0,
0.0,
0.0,
0.0,
0.0,
0.0,
12.0,
0.0,
6.0,
63.0,
120.0,
255.0,
247.0,
254.0,
245.0,
255.0,
255.0,
255.0,
244.0,
137.0,
0.0,
0.0,
0.0,
0.0,
0.0,
0.0,
0.0,
0.0,
0.0,
0.0,
0.0,
0.0,
0.0,
18.0,
0.0,
11.0,
120.0,
255.0,
255.0,
255.0,
244.0,
255.0,
247.0,
251.0,
245.0,
252.0,
255.0,
230.0,
13.0,
0.0,
0.0,
0.0,
0.0,
0.0,
0.0,
0.0,
0.0,
0.0,
0.0,
0.0,
0.0,
0.0,
0.0,
203.0,
255.0,
255.0,
252.0,
250.0,
255.0,
250.0,
255.0,
255.0,
255.0,
253.0,
255.0,
255.0,
0.0,
0.0,
0.0,
0.0,
0.0,
7.0,
0.0,
10.0,
0.0,
0.0,
10.0,
0.0,
5.0,
8.0,
118.0,
255.0,
252.0,
195.0,
133.0,
112.0,
138.0,
132.0,
7.0,
0.0,
10.0,
188.0,
240.0,
255.0,
0.0,
0.0,
0.0,
0.0,
0.0,
0.0,
3.0,
4.0,
8.0,
0.0,
0.0,
34.0,
0.0,
0.0,
255.0,
239.0,
74.0,
0.0,
14.0,
15.0,
0.0,
1.0,
0.0,
17.0,
0.0,
253.0,
250.0,
186.0,
0.0,
0.0,
0.0,
0.0,
0.0,
10.0,
0.0,
0.0,
0.0,
12.0,
2.0,
0.0,
4.0,
132.0,
192.0,
147.0,
3.0,
5.0,
0.0,
7.0,
4.0,
0.0,
7.0,
67.0,
170.0,
255.0,
255.0,
3.0,
3.0,
0.0,
0.0,
0.0,
0.0,
2.0,
0.0,
9.0,
0.0,
7.0,
0.0,
20.0,
191.0,
243.0,
198.0,
58.0,
13.0,
0.0,
12.0,
10.0,
0.0,
8.0,
63.0,
255.0,
238.0,
255.0,
51.0,
0.0,
19.0,
0.0,
0.0,
0.0,
0.0,
0.0,
5.0,
2.0,
12.0,
0.0,
0.0,
124.0,
255.0,
255.0,
255.0,
245.0,
62.0,
0.0,
5.0,
0.0,
14.0,
57.0,
255.0,
254.0,
255.0,
56.0,
9.0,
0.0,
0.0,
0.0,
0.0,
0.0,
0.0,
6.0,
0.0,
0.0,
1.0,
12.0,
6.0,
64.0,
184.0,
245.0,
255.0,
252.0,
255.0,
1.0,
0.0,
5.0,
181.0,
254.0,
255.0,
123.0,
0.0,
12.0,
0.0,
0.0,
17.0,
0.0,
0.0,
0.0,
0.0,
7.0,
0.0,
7.0,
0.0,
4.0,
0.0,
0.0,
136.0,
254.0,
251.0,
255.0,
253.0,
191.0,
0.0,
248.0,
255.0,
244.0,
0.0,
26.0,
1.0,
0.0,
3.0,
4.0,
0.0,
0.0,
0.0,
0.0,
0.0,
0.0,
6.0,
1.0,
0.0,
0.0,
0.0,
4.0,
0.0,
198.0,
249.0,
251.0,
255.0,
255.0,
255.0,
255.0,
250.0,
136.0,
0.0,
0.0,
0.0,
12.0,
2.0,
0.0,
9.0,
0.0,
0.0,
0.0,
0.0,
0.0,
0.0,
0.0,
0.0,
0.0,
0.0,
0.0,
0.0,
9.0,
177.0,
255.0,
255.0,
243.0,
255.0,
253.0,
61.0,
1.0,
17.0,
0.0,
2.0,
0.0,
0.0,
3.0,
4.0,
0.0,
0.0,
0.0,
0.0,
0.0,
0.0,
0.0,
0.0,
0.0,
0.0,
0.0,
0.0,
0.0,
59.0,
206.0,
250.0,
251.0,
255.0,
253.0,
137.0,
0.0,
0.0,
0.0,
8.0,
2.0,
1.0,
4.0,
0.0,
0.0,
0.0,
0.0,
0.0,
0.0,
0.0,
0.0,
0.0,
0.0,
0.0,
0.0,
0.0,
0.0,
14.0,
135.0,
253.0,
255.0,
253.0,
250.0,
240.0,
86.0,
0.0,
0.0,
3.0,
0.0,
5.0,
2.0,
0.0,
0.0,
0.0,
0.0,
0.0,
0.0,
0.0,
0.0,
0.0,
0.0,
0.0,
0.0,
0.0,
5.0,
0.0,
168.0,
254.0,
255.0,
250.0,
252.0,
255.0,
232.0,
16.0,
0.0,
0.0,
0.0,
4.0,
0.0,
7.0,
0.0,
0.0,
0.0,
0.0,
0.0,
0.0,
0.0,
0.0,
0.0,
0.0,
0.0,
0.0,
2.0,
0.0,
255.0,
247.0,
255.0,
252.0,
255.0,
249.0,
255.0,
5.0,
0.0,
5.0,
0.0,
8.0,
0.0,
2.0,
0.0,
0.0,
0.0,
0.0,
0.0,
0.0,
0.0,
0.0,
0.0,
0.0,
0.0,
0.0,
0.0,
127.0,
255.0,
251.0,
255.0,
249.0,
251.0,
251.0,
253.0,
0.0,
2.0,
4.0,
0.0,
5.0,
4.0,
0.0,
0.0,
0.0,
0.0,
0.0,
0.0,
0.0,
0.0,
0.0,
0.0,
0.0,
0.0,
0.0,
0.0,
154.0,
233.0,
255.0,
255.0,
249.0,
250.0,
255.0,
254.0,
2.0,
4.0,
3.0,
0.0,
0.0,
7.0,
0.0,
0.0,
0.0,
0.0,
0.0,
0.0,
0.0,
0.0,
0.0,
0.0,
0.0,
0.0,
0.0,
6.0,
0.0,
255.0,
247.0,
252.0,
255.0,
255.0,
249.0,
255.0,
0.0,
0.0,
10.0,
6.0,
0.0,
3.0,
0.0,
0.0,
0.0,
0.0,
0.0,
0.0,
0.0,
0.0,
0.0,
0.0,
0.0,
0.0,
0.0,
1.0,
3.0,
72.0,
234.0,
255.0,
251.0,
248.0,
123.0,
0.0,
0.0,
0.0,
0.0,
0.0,
0.0,
0.0,
0.0,
0.0,
0.0,
0.0,
0.0,
0.0,
0.0,
0.0,
0.0,
0.0,
0.0,
0.0,
0.0,
0.0,
0.0,
0.0,
18.0,
3.0,
0.0,
26.0,
4.0,
0.0,
0.0,
0.0,
0.0,
0.0,
0.0,
0.0,
0.0,
0.0,
0.0,
0.0,
0.0,
0.0,
0.0,
0.0,
0.0,
0.0,
0.0,
0.0,
0.0,
1.0,
17.0,
0.0,
0.0,
0.0,
0.0,
0.0,
4.0,
0.0,
0.0,
0.0,
0.0,
0.0,
0.0,
0.0,
0.0,
0.0,
0.0,
0.0,
0.0,
0.0,
0.0,
0.0,
0.0,
0.0,
0.0,
0.0,
0.0,
0.0,
3.0,
0.0,
0.0,
16.0,
17.0,
0.0,
1.0,
0.0,
0.0,
0.0,
0.0,
0.0,
0.0,
0.0,
0.0,
0.0,
0.0,
0.0,
0.0,
