0.0,
0.0,
0.0,
0.0,
0.0,
0.0,
0.0,
0.0,
0.0,
0.0,
0.0,
1.0,
2.0,
3.0,
1.0,
0.0,
0.0,
0.0,
0.0,
0.0,
10.0,
0.0,
7.0,
0.0,
0.0,
0.0,
0.0,
0.0,
0.0,
0.0,
0.0,
0.0,
0.0,
0.0,
0.0,
0.0,
5.0,
9.0,
10.0,
2.0,
0.0,
0.0,
0.0,
7.0,
8.0,
2.0,
0.0,
8.0,
0.0,
0.0,
0.0,
8.0,
0.0,
0.0,
0.0,
0.0,
0.0,
0.0,
0.0,
0.0,
0.0,
0.0,
0.0,
0.0,
0.0,
0.0,
0.0,
1.0,
9.0,
10.0,
2.0,
0.0,
0.0,
9.0,
0.0,
0.0,
0.0,
23.0,
0.0,
0.0,
0.0,
0.0,
0.0,
0.0,
0.0,
0.0,
0.0,
0.0,
0.0,
0.0,
0.0,
0.0,
5.0,
7.0,
6.0,
0.0,
0.0,
0.0,
2.0,
11.0,
0.0,
0.0,
9.0,
16.0,
0.0,
2.0,
0.0,
9.0,
0.0,
0.0,
0.0,
0.0,
0.0,
0.0,
0.0,
0.0,
0.0,
0.0,
0.0,
0.0,
0.0,
0.0,
0.0,
0.0,
1.0,
1.0,
0.0,
0.0,
9.0,
19.0,
178.0,
240.0,
107.0,
0.0,
0.0,
0.0,
0.0,
0.0,
0.0,
0.0,
0.0,
0.0,
0.0,
0.0,
0.0,
0.0,
0.0,
0.0,
7.0,
5.0,
2.0,
2.0,
4.0,
6.0,
6.0,
6.0,
2.0,
61.0,
200.0,
255.0,
165.0,
2.0,
0.0,
17.0,
0.0,
0.0,
0.0,
0.0,
0.0,
0.0,
0.0,
0.0,
0.0,
0.0,
0.0,
0.0,
0.0,
4.0,
8.0,
0.0,
0.0,
0.0,
54.0,
103.0,
0.0,
3.0,
57.0,
188.0,
171.0,
15.0,
0.0,
0.0,
0.0,
0.0,
0.0,
0.0,
0.0,
0.0,
0.0,
0.0,
0.0,
0.0,
0.0,
0.0,
3.0,
5.0,
27.0,
81.0,
153.0,
215.0,
247.0,
255.0,
217.0,
18.0,
11.0,
239.0,
168.0,
1.0,
4.0,
1.0,
0.0,
0.0,
0.0,
0.0,
0.0,
0.0,
0.0,
0.0,
0.0,
0.0,
0.0,
0.0,
1.0,
45.0,
212.0,
252.0,
243.0,
131.0,
70.0,
79.0,
125.0,
160.0,
99.0,
243.0,
101.0,
3.0,
0.0,
2.0,
0.0,
0.0,
0.0,
0.0,
0.0,
0.0,
0.0,
0.0,
0.0,
0.0,
0.0,
0.0,
0.0,
227.0,
255.0,
67.0,
0.0,
3.0,
0.0,
0.0,
0.0,
30.0,
193.0,
255.0,
78.0,
0.0,
8.0,
0.0,
0.0,
0.0,
0.0,
0.0,
0.0,
0.0,
0.0,
0.0,
0.0,
0.0,
0.0,
0.0,
0.0,
234.0,
244.0,
36.0,
10.0,
0.0,
7.0,
0.0,
3.0,
115.0,
255.0,
126.0,
0.0,
0.0,
8.0,
1.0,
0.0,
0.0,
0.0,
0.0,
0.0,
0.0,
0.0,
0.0,
0.0,
0.0,
0.0,
0.0,
0.0,
218.0,
255.0,
134.0,
0.0,
2.0,
0.0,
1.0,
74.0,
248.0,
237.0,
67.0,
0.0,
10.0,
0.0,
0.0,
0.0,
0.0,
0.0,
0.0,
0.0,
0.0,
0.0,
0.0,
0.0,
0.0,
0.0,
0.0,
0.0,
41.0,
213.0,
255.0,
212.0,
40.0,
15.0,
120.0,
251.0,
212.0,
81.0,
11.0,
0.0,
1.0,
4.0,
9.0,
0.0,
0.0,
0.0,
0.0,
0.0,
0.0,
0.0,
0.0,
0.0,
0.0,
0.0,
0.0,
0.0,
0.0,
42.0,
157.0,
249.0,
255.0,
191.0,
255.0,
215.0,
61.0,
0.0,
0.0,
10.0,
9.0,
0.0,
0.0,
0.0,
0.0,
0.0,
0.0,
0.0,
0.0,
0.0,
0.0,
0.0,
0.0,
0.0,
0.0,
6.0,
3.0,
0.0,
0.0,
182.0,
255.0,
240.0,
218.0,
42.0,
0.0,
0.0,
0.0,
1.0,
0.0,
0.0,
22.0,
0.0,
0.0,
0.0,
0.0,
0.0,
0.0,
0.0,
0.0,
0.0,
0.0,
0.0,
0.0,
0.0,
7.0,
0.0,
34.0,
195.0,
251.0,
255.0,
233.0,
27.0,
4.0,
0.0,
14.0,
0.0,
5.0,
8.0,
0.0,
0.0,
0.0,
0.0,
0.0,
0.0,
0.0,
0.0,
0.0,
0.0,
0.0,
0.0,
0.0,
5.0,
0.0,
4.0,
110.0,
217.0,
134.0,
108.0,
255.0,
155.0,
0.0,
1.0,
8.0,
0.0,
0.0,
0.0,
2.0,
0.0,
0.0,
0.0,
0.0,
0.0,
0.0,
0.0,
0.0,
0.0,
0.0,
0.0,
0.0,
0.0,
0.0,
92.0,
234.0,
205.0,
3.0,
16.0,
238.0,
189.0,
4.0,
0.0,
4.0,
0.0,
2.0,
3.0,
0.0,
0.0,
0.0,
0.0,
0.0,
0.0,
0.0,
0.0,
0.0,
0.0,
0.0,
0.0,
0.0,
10.0,
12.0,
191.0,
248.0,
38.0,
0.0,
0.0,
228.0,
254.0,
41.0,
0.0,
5.0,
0.0,
1.0,
5.0,
0.0,
0.0,
0.0,
0.0,
0.0,
0.0,
0.0,
0.0,
0.0,
0.0,
0.0,
0.0,
0.0,
0.0,
148.0,
248.0,
110.0,
20.0,
0.0,
1.0,
206.0,
255.0,
57.0,
2.0,
3.0,
0.0,
0.0,
6.0,
0.0,
0.0,
0.0,
0.0,
0.0,
0.0,
0.0,
0.0,
0.0,
0.0,
0.0,
0.0,
0.0,
20.0,
247.0,
255.0,
61.0,
0.0,
20.0,
22.0,
253.0,
191.0,
27.0,
0.0,
0.0,
0.0,
0.0,
7.0,
0.0,
0.0,
0.0,
0.0,
0.0,
0.0,
0.0,
0.0,
0.0,
0.0,
0.0,
0.0,
0.0,
4.0,
242.0,
225.0,
35.0,
0.0,
29.0,
236.0,
240.0,
90.0,
0.0,
0.0,
3.0,
9.0,
0.0,
2.0,
0.0,
0.0,
0.0,
0.0,
0.0,
0.0,
0.0,
0.0,
0.0,
0.0,
0.0,
0.0,
0.0,
0.0,
196.0,
249.0,
154.0,
157.0,
224.0,
244.0,
181.0,
23.0,
0.0,
5.0,
1.0,
11.0,
0.0,
0.0,
0.0,
0.0,
0.0,
0.0,
0.0,
0.0,
0.0,
0.0,
0.0,
0.0,
0.0,
0.0,
0.0,
8.0,
47.0,
227.0,
255.0,
247.0,
194.0,
91.0,
0.0,
0.0,
0.0,
5.0,
0.0,
3.0,
0.0,
2.0,
7.0,
0.0,
0.0,
0.0,
0.0,
0.0,
0.0,
0.0,
0.0,
0.0,
0.0,
0.0,
0.0,
0.0,
0.0,
0.0,
0.0,
0.0,
0.0,
0.0,
0.0,
0.0,
0.0,
0.0,
0.0,
0.0,
0.0,
0.0,
0.0,
0.0,
0.0,
0.0,
0.0,
0.0,
0.0,
0.0,
0.0,
0.0,
0.0,
0.0,
0.0,
0.0,
0.0,
0.0,
0.0,
0.0,
0.0,
0.0,
0.0,
0.0,
0.0,
0.0,
0.0,
0.0,
0.0,
0.0,
0.0,
0.0,
0.0,
0.0,
0.0,
0.0,
0.0,
0.0,
0.0,
0.0,
0.0,
0.0,
0.0,
0.0,
0.0,
0.0,
0.0,
0.0,
0.0,
0.0,
0.0,
0.0,
0.0,
0.0,
0.0,
0.0,
0.0,
0.0,
0.0,
0.0,
0.0,
0.0,
0.0,
0.0,
0.0,
0.0,
0.0,
0.0,
0.0,
0.0,
0.0,
0.0,
0.0,
0.0,
0.0,
0.0,
0.0,
0.0,
0.0,
0.0,
0.0,
0.0,
0.0,
0.0,
0.0,
0.0,
0.0,
0.0,
0.0,
0.0,
0.0,
