5.0,
1.0,
0.0,
0.0,
0.0,
0.0,
1.0,
1.0,
0.0,
0.0,
6.0,
3.0,
0.0,
0.0,
6.0,
0.0,
0.0,
8.0,
0.0,
3.0,
7.0,
0.0,
2.0,
0.0,
0.0,
0.0,
0.0,
0.0,
0.0,
1.0,
11.0,
2.0,
0.0,
0.0,
0.0,
0.0,
16.0,
0.0,
0.0,
6.0,
9.0,
5.0,
1.0,
0.0,
3.0,
0.0,
2.0,
2.0,
0.0,
0.0,
0.0,
1.0,
0.0,
0.0,
0.0,
0.0,
1.0,
2.0,
0.0,
0.0,
0.0,
3.0,
10.0,
11.0,
0.0,
11.0,
0.0,
0.0,
4.0,
1.0,
0.0,
12.0,
8.0,
0.0,
11.0,
0.0,
0.0,
10.0,
0.0,
3.0,
0.0,
0.0,
0.0,
0.0,
4.0,
0.0,
0.0,
6.0,
7.0,
0.0,
0.0,
0.0,
9.0,
0.0,
7.0,
15.0,
0.0,
0.0,
7.0,
0.0,
0.0,
0.0,
13.0,
0.0,
0.0,
0.0,
0.0,
0.0,
0.0,
0.0,
0.0,
0.0,
0.0,
0.0,
2.0,
6.0,
5.0,
3.0,
4.0,
7.0,
0.0,
16.0,
7.0,
0.0,
5.0,
14.0,
4.0,
7.0,
0.0,
3.0,
5.0,
0.0,
8.0,
0.0,
17.0,
0.0,
0.0,
0.0,
0.0,
0.0,
3.0,
6.0,
0.0,
0.0,
0.0,
10.0,
3.0,
0.0,
0.0,
14.0,
0.0,
0.0,
14.0,
0.0,
21.0,
153.0,
197.0,
251.0,
255.0,
199.0,
108.0,
0.0,
0.0,
16.0,
0.0,
0.0,
0.0,
0.0,
0.0,
0.0,
1.0,
2.0,
0.0,
0.0,
0.0,
7.0,
0.0,
1.0,
7.0,
0.0,
11.0,
149.0,
255.0,
248.0,
255.0,
241.0,
248.0,
249.0,
243.0,
91.0,
2.0,
0.0,
0.0,
0.0,
0.0,
0.0,
0.0,
0.0,
0.0,
10.0,
0.0,
2.0,
110.0,
238.0,
242.0,
132.0,
0.0,
29.0,
202.0,
255.0,
211.0,
200.0,
34.0,
11.0,
86.0,
175.0,
255.0,
125.0,
0.0,
2.0,
0.0,
0.0,
0.0,
0.0,
0.0,
16.0,
0.0,
12.0,
1.0,
0.0,
255.0,
250.0,
205.0,
126.0,
8.0,
176.0,
255.0,
175.0,
19.0,
0.0,
0.0,
0.0,
1.0,
143.0,
247.0,
209.0,
6.0,
4.0,
0.0,
0.0,
0.0,
0.0,
0.0,
0.0,
0.0,
7.0,
0.0,
19.0,
239.0,
252.0,
192.0,
0.0,
65.0,
255.0,
232.0,
59.0,
0.0,
10.0,
18.0,
3.0,
0.0,
110.0,
255.0,
239.0,
3.0,
0.0,
0.0,
0.0,
0.0,
0.0,
0.0,
3.0,
5.0,
0.0,
4.0,
5.0,
123.0,
255.0,
254.0,
214.0,
255.0,
242.0,
80.0,
3.0,
0.0,
2.0,
0.0,
1.0,
0.0,
211.0,
255.0,
129.0,
3.0,
0.0,
0.0,
0.0,
0.0,
0.0,
0.0,
6.0,
4.0,
0.0,
7.0,
0.0,
13.0,
175.0,
237.0,
246.0,
245.0,
253.0,
98.0,
8.0,
13.0,
0.0,
22.0,
0.0,
127.0,
251.0,
221.0,
34.0,
0.0,
13.0,
0.0,
0.0,
0.0,
0.0,
2.0,
0.0,
5.0,
10.0,
0.0,
5.0,
5.0,
10.0,
173.0,
255.0,
255.0,
251.0,
248.0,
83.0,
17.0,
11.0,
0.0,
71.0,
237.0,
237.0,
92.0,
16.0,
0.0,
4.0,
0.0,
0.0,
0.0,
0.0,
4.0,
0.0,
0.0,
9.0,
1.0,
4.0,
8.0,
0.0,
0.0,
94.0,
215.0,
255.0,
255.0,
255.0,
177.0,
83.0,
13.0,
224.0,
248.0,
147.0,
5.0,
0.0,
0.0,
2.0,
0.0,
0.0,
0.0,
0.0,
0.0,
10.0,
0.0,
0.0,
9.0,
0.0,
0.0,
17.0,
8.0,
0.0,
11.0,
135.0,
179.0,
255.0,
249.0,
255.0,
250.0,
255.0,
195.0,
0.0,
12.0,
0.0,
0.0,
5.0,
0.0,
0.0,
0.0,
0.0,
0.0,
0.0,
10.0,
0.0,
0.0,
0.0,
19.0,
0.0,
0.0,
9.0,
0.0,
9.0,
1.0,
104.0,
240.0,
244.0,
255.0,
237.0,
37.0,
9.0,
0.0,
2.0,
0.0,
0.0,
0.0,
0.0,
0.0,
0.0,
0.0,
0.0,
0.0,
0.0,
0.0,
0.0,
0.0,
0.0,
6.0,
0.0,
11.0,
0.0,
1.0,
0.0,
116.0,
242.0,
255.0,
255.0,
108.0,
0.0,
0.0,
5.0,
5.0,
0.0,
0.0,
0.0,
0.0,
0.0,
0.0,
0.0,
0.0,
0.0,
0.0,
0.0,
0.0,
0.0,
0.0,
0.0,
4.0,
10.0,
0.0,
79.0,
238.0,
255.0,
246.0,
245.0,
235.0,
95.0,
0.0,
0.0,
0.0,
14.0,
0.0,
0.0,
0.0,
0.0,
0.0,
0.0,
0.0,
0.0,
0.0,
0.0,
0.0,
0.0,
1.0,
8.0,
0.0,
11.0,
123.0,
226.0,
255.0,
135.0,
59.0,
255.0,
255.0,
122.0,
0.0,
0.0,
0.0,
0.0,
0.0,
0.0,
0.0,
0.0,
0.0,
0.0,
0.0,
0.0,
0.0,
0.0,
0.0,
0.0,
0.0,
6.0,
0.0,
0.0,
204.0,
255.0,
224.0,
47.0,
3.0,
117.0,
255.0,
232.0,
25.0,
22.0,
0.0,
6.0,
0.0,
0.0,
0.0,
0.0,
0.0,
0.0,
0.0,
0.0,
0.0,
0.0,
0.0,
0.0,
5.0,
0.0,
12.0,
17.0,
216.0,
245.0,
150.0,
0.0,
0.0,
48.0,
255.0,
255.0,
76.0,
0.0,
0.0,
1.0,
0.0,
0.0,
0.0,
0.0,
0.0,
0.0,
0.0,
0.0,
0.0,
0.0,
0.0,
0.0,
11.0,
0.0,
0.0,
56.0,
255.0,
255.0,
83.0,
3.0,
51.0,
209.0,
238.0,
203.0,
0.0,
13.0,
5.0,
0.0,
0.0,
0.0,
0.0,
0.0,
0.0,
0.0,
0.0,
0.0,
0.0,
0.0,
0.0,
0.0,
0.0,
9.0,
0.0,
68.0,
254.0,
255.0,
143.0,
170.0,
255.0,
237.0,
255.0,
90.0,
0.0,
0.0,
25.0,
0.0,
0.0,
0.0,
0.0,
0.0,
0.0,
0.0,
0.0,
0.0,
0.0,
0.0,
0.0,
0.0,
5.0,
0.0,
10.0,
91.0,
247.0,
253.0,
249.0,
255.0,
247.0,
249.0,
93.0,
3.0,
0.0,
4.0,
0.0,
2.0,
0.0,
0.0,
0.0,
0.0,
0.0,
0.0,
0.0,
0.0,
0.0,
0.0,
0.0,
0.0,
2.0,
5.0,
0.0,
16.0,
138.0,
255.0,
247.0,
152.0,
102.0,
45.0,
0.0,
0.0,
2.0,
1.0,
0.0,
1.0,
0.0,
0.0,
0.0,
0.0,
0.0,
0.0,
0.0,
0.0,
0.0,
0.0,
0.0,
0.0,
0.0,
12.0,
14.0,
0.0,
0.0,
0.0,
0.0,
0.0,
16.0,
2.0,
0.0,
5.0,
7.0,
0.0,
0.0,
0.0,
0.0,
0.0,
0.0,
0.0,
0.0,
0.0,
0.0,
0.0,
0.0,
0.0,
0.0,
0.0,
0.0,
0.0,
0.0,
4.0,
7.0,
1.0,
3.0,
13.0,
0.0,
0.0,
0.0,
3.0,
0.0,
0.0,
0.0,
4.0,
0.0,
0.0,
0.0,
0.0,
0.0,
0.0,
0.0,
0.0,
0.0,
0.0,
0.0,
0.0,
9.0,
5.0,
1.0,
0.0,
0.0,
0.0,
0.0,
0.0,
5.0,
4.0,
0.0,
0.0,
0.0,
0.0,
2.0,
0.0,
0.0,
0.0,
0.0,
0.0,
