0.0,
0.0,
0.0,
0.0,
0.0,
0.0,
0.0,
0.0,
0.0,
12.0,
0.0,
0.0,
8.0,
2.0,
5.0,
0.0,
0.0,
14.0,
0.0,
0.0,
6.0,
0.0,
3.0,
0.0,
0.0,
0.0,
0.0,
0.0,
0.0,
0.0,
0.0,
0.0,
0.0,
0.0,
0.0,
0.0,
3.0,
0.0,
0.0,
13.0,
10.0,
0.0,
0.0,
9.0,
14.0,
0.0,
13.0,
6.0,
0.0,
0.0,
0.0,
9.0,
0.0,
0.0,
0.0,
0.0,
0.0,
0.0,
0.0,
0.0,
0.0,
0.0,
0.0,
0.0,
0.0,
0.0,
1.0,
0.0,
0.0,
22.0,
13.0,
0.0,
8.0,
0.0,
0.0,
11.0,
3.0,
0.0,
8.0,
0.0,
0.0,
0.0,
0.0,
0.0,
0.0,
0.0,
0.0,
0.0,
0.0,
0.0,
0.0,
0.0,
20.0,
0.0,
2.0,
11.0,
0.0,
4.0,
0.0,
0.0,
0.0,
15.0,
0.0,
0.0,
0.0,
0.0,
16.0,
0.0,
0.0,
0.0,
0.0,
0.0,
0.0,
0.0,
0.0,
0.0,
0.0,
0.0,
0.0,
0.0,
0.0,
0.0,
0.0,
0.0,
8.0,
124.0,
204.0,
237.0,
224.0,
101.0,
45.0,
10.0,
0.0,
4.0,
0.0,
6.0,
0.0,
0.0,
0.0,
0.0,
0.0,
0.0,
0.0,
0.0,
0.0,
0.0,
0.0,
0.0,
2.0,
0.0,
24.0,
169.0,
235.0,
255.0,
255.0,
255.0,
240.0,
241.0,
250.0,
148.0,
1.0,
0.0,
17.0,
0.0,
0.0,
0.0,
0.0,
0.0,
0.0,
0.0,
0.0,
0.0,
0.0,
0.0,
0.0,
0.0,
0.0,
88.0,
131.0,
243.0,
251.0,
217.0,
156.0,
96.0,
88.0,
109.0,
151.0,
243.0,
191.0,
33.0,
0.0,
0.0,
0.0,
0.0,
0.0,
0.0,
0.0,
0.0,
0.0,
0.0,
0.0,
0.0,
0.0,
0.0,
5.0,
193.0,
253.0,
255.0,
133.0,
18.0,
0.0,
2.0,
0.0,
0.0,
4.0,
100.0,
247.0,
178.0,
3.0,
3.0,
0.0,
0.0,
0.0,
0.0,
0.0,
0.0,
0.0,
0.0,
0.0,
0.0,
0.0,
0.0,
3.0,
214.0,
255.0,
200.0,
13.0,
7.0,
0.0,
6.0,
0.0,
0.0,
4.0,
10.0,
49.0,
211.0,
27.0,
0.0,
2.0,
0.0,
0.0,
0.0,
0.0,
0.0,
0.0,
0.0,
0.0,
0.0,
0.0,
0.0,
0.0,
222.0,
247.0,
69.0,
11.0,
0.0,
0.0,
0.0,
7.0,
0.0,
0.0,
2.0,
0.0,
79.0,
94.0,
101.0,
13.0,
8.0,
1.0,
0.0,
0.0,
0.0,
0.0,
0.0,
0.0,
0.0,
0.0,
0.0,
1.0,
166.0,
255.0,
71.0,
0.0,
8.0,
15.0,
5.0,
3.0,
0.0,
10.0,
27.0,
180.0,
237.0,
253.0,
177.0,
16.0,
10.0,
3.0,
0.0,
0.0,
0.0,
0.0,
0.0,
0.0,
0.0,
0.0,
0.0,
18.0,
75.0,
255.0,
73.0,
0.0,
2.0,
0.0,
1.0,
0.0,
0.0,
0.0,
221.0,
246.0,
160.0,
104.0,
0.0,
6.0,
2.0,
0.0,
0.0,
0.0,
0.0,
0.0,
0.0,
0.0,
0.0,
0.0,
0.0,
0.0,
0.0,
207.0,
220.0,
0.0,
13.0,
5.0,
0.0,
1.0,
122.0,
203.0,
255.0,
255.0,
100.0,
0.0,
1.0,
0.0,
0.0,
0.0,
0.0,
0.0,
0.0,
0.0,
0.0,
0.0,
0.0,
0.0,
0.0,
16.0,
0.0,
104.0,
248.0,
71.0,
2.0,
6.0,
5.0,
98.0,
241.0,
241.0,
233.0,
109.0,
0.0,
0.0,
11.0,
0.0,
0.0,
1.0,
3.0,
0.0,
0.0,
0.0,
0.0,
0.0,
0.0,
0.0,
0.0,
0.0,
0.0,
21.0,
88.0,
237.0,
79.0,
0.0,
0.0,
168.0,
255.0,
236.0,
52.0,
7.0,
0.0,
3.0,
1.0,
1.0,
2.0,
3.0,
3.0,
0.0,
0.0,
0.0,
0.0,
0.0,
0.0,
0.0,
0.0,
1.0,
9.0,
0.0,
10.0,
101.0,
232.0,
203.0,
205.0,
244.0,
203.0,
61.0,
17.0,
0.0,
0.0,
13.0,
0.0,
0.0,
0.0,
0.0,
0.0,
0.0,
1.0,
5.0,
0.0,
0.0,
1.0,
9.0,
0.0,
0.0,
0.0,
2.0,
0.0,
46.0,
198.0,
247.0,
255.0,
240.0,
59.0,
4.0,
0.0,
0.0,
0.0,
4.0,
0.0,
0.0,
0.0,
0.0,
0.0,
0.0,
0.0,
2.0,
2.0,
0.0,
3.0,
1.0,
0.0,
15.0,
0.0,
0.0,
0.0,
192.0,
241.0,
253.0,
253.0,
142.0,
2.0,
2.0,
6.0,
0.0,
0.0,
5.0,
0.0,
0.0,
0.0,
0.0,
0.0,
0.0,
2.0,
7.0,
1.0,
0.0,
0.0,
2.0,
7.0,
0.0,
0.0,
26.0,
189.0,
241.0,
255.0,
238.0,
242.0,
159.0,
0.0,
0.0,
3.0,
0.0,
5.0,
1.0,
0.0,
0.0,
0.0,
0.0,
0.0,
2.0,
4.0,
2.0,
0.0,
0.0,
0.0,
0.0,
4.0,
11.0,
64.0,
204.0,
247.0,
255.0,
169.0,
255.0,
247.0,
197.0,
8.0,
0.0,
2.0,
0.0,
5.0,
0.0,
0.0,
0.0,
0.0,
0.0,
0.0,
7.0,
2.0,
0.0,
0.0,
14.0,
6.0,
0.0,
0.0,
52.0,
241.0,
255.0,
243.0,
255.0,
239.0,
239.0,
255.0,
100.0,
0.0,
9.0,
6.0,
0.0,
0.0,
0.0,
6.0,
0.0,
0.0,
0.0,
0.0,
0.0,
5.0,
0.0,
0.0,
1.0,
0.0,
7.0,
45.0,
240.0,
251.0,
247.0,
255.0,
245.0,
255.0,
255.0,
162.0,
7.0,
0.0,
14.0,
0.0,
0.0,
3.0,
7.0,
0.0,
0.0,
0.0,
0.0,
0.0,
0.0,
8.0,
4.0,
0.0,
0.0,
0.0,
15.0,
78.0,
243.0,
255.0,
243.0,
255.0,
253.0,
172.0,
67.0,
4.0,
1.0,
3.0,
5.0,
0.0,
4.0,
3.0,
8.0,
0.0,
0.0,
0.0,
0.0,
0.0,
0.0,
4.0,
0.0,
0.0,
14.0,
0.0,
0.0,
27.0,
208.0,
255.0,
209.0,
155.0,
31.0,
5.0,
0.0,
9.0,
1.0,
5.0,
0.0,
0.0,
21.0,
0.0,
0.0,
3.0,
0.0,
0.0,
0.0,
0.0,
0.0,
0.0,
0.0,
0.0,
0.0,
0.0,
0.0,
0.0,
0.0,
0.0,
0.0,
0.0,
0.0,
0.0,
0.0,
0.0,
0.0,
0.0,
0.0,
0.0,
0.0,
0.0,
0.0,
0.0,
0.0,
0.0,
0.0,
0.0,
0.0,
0.0,
0.0,
0.0,
0.0,
0.0,
0.0,
0.0,
0.0,
0.0,
0.0,
0.0,
0.0,
0.0,
0.0,
0.0,
0.0,
0.0,
0.0,
0.0,
0.0,
0.0,
0.0,
0.0,
0.0,
0.0,
0.0,
0.0,
0.0,
0.0,
0.0,
0.0,
0.0,
0.0,
0.0,
0.0,
0.0,
0.0,
0.0,
0.0,
0.0,
0.0,
0.0,
0.0,
0.0,
0.0,
0.0,
0.0,
0.0,
0.0,
0.0,
0.0,
0.0,
0.0,
0.0,
0.0,
0.0,
0.0,
0.0,
0.0,
0.0,
0.0,
0.0,
0.0,
0.0,
0.0,
0.0,
0.0,
0.0,
0.0,
0.0,
0.0,
0.0,
0.0,
0.0,
0.0,
0.0,
0.0,
0.0,
0.0,
0.0,
0.0,
0.0,
0.0,
