0.0,
0.0,
0.0,
0.0,
0.0,
0.0,
0.0,
0.0,
5.0,
0.0,
9.0,
0.0,
2.0,
0.0,
3.0,
0.0,
14.0,
0.0,
0.0,
0.0,
0.0,
1.0,
0.0,
0.0,
0.0,
0.0,
0.0,
0.0,
0.0,
0.0,
0.0,
0.0,
0.0,
0.0,
0.0,
0.0,
0.0,
2.0,
9.0,
3.0,
8.0,
0.0,
7.0,
4.0,
0.0,
0.0,
9.0,
0.0,
15.0,
0.0,
4.0,
0.0,
0.0,
0.0,
0.0,
0.0,
0.0,
0.0,
0.0,
0.0,
0.0,
0.0,
0.0,
0.0,
0.0,
0.0,
0.0,
0.0,
11.0,
0.0,
6.0,
0.0,
7.0,
10.0,
9.0,
0.0,
0.0,
0.0,
0.0,
3.0,
0.0,
0.0,
0.0,
0.0,
0.0,
0.0,
0.0,
0.0,
0.0,
0.0,
0.0,
0.0,
6.0,
4.0,
1.0,
0.0,
1.0,
1.0,
3.0,
0.0,
0.0,
6.0,
0.0,
8.0,
7.0,
2.0,
0.0,
0.0,
0.0,
0.0,
0.0,
0.0,
0.0,
0.0,
0.0,
0.0,
0.0,
0.0,
0.0,
0.0,
0.0,
0.0,
1.0,
0.0,
0.0,
14.0,
0.0,
0.0,
12.0,
7.0,
0.0,
0.0,
9.0,
0.0,
9.0,
0.0,
0.0,
0.0,
0.0,
0.0,
0.0,
0.0,
0.0,
0.0,
0.0,
0.0,
0.0,
0.0,
0.0,
6.0,
12.0,
6.0,
1.0,
65.0,
152.0,
248.0,
150.0,
150.0,
165.0,
168.0,
196.0,
137.0,
100.0,
0.0,
0.0,
0.0,
0.0,
0.0,
0.0,
0.0,
0.0,
0.0,
0.0,
0.0,
0.0,
0.0,
8.0,
0.0,
0.0,
127.0,
225.0,
255.0,
255.0,
253.0,
250.0,
245.0,
218.0,
232.0,
254.0,
255.0,
251.0,
119.0,
0.0,
0.0,
0.0,
0.0,
0.0,
0.0,
0.0,
0.0,
0.0,
0.0,
0.0,
0.0,
0.0,
6.0,
5.0,
199.0,
255.0,
177.0,
131.0,
62.0,
45.0,
51.0,
0.0,
43.0,
65.0,
238.0,
245.0,
136.0,
0.0,
0.0,
0.0,
0.0,
0.0,
0.0,
0.0,
0.0,
0.0,
0.0,
0.0,
0.0,
5.0,
0.0,
8.0,
119.0,
250.0,
188.0,
0.0,
6.0,
9.0,
0.0,
0.0,
11.0,
131.0,
245.0,
215.0,
15.0,
0.0,
0.0,
0.0,
0.0,
0.0,
0.0,
0.0,
0.0,
0.0,
0.0,
0.0,
0.0,
0.0,
27.0,
0.0,
0.0,
146.0,
246.0,
132.0,
0.0,
0.0,
6.0,
6.0,
76.0,
248.0,
255.0,
129.0,
0.0,
0.0,
0.0,
0.0,
0.0,
0.0,
0.0,
0.0,
0.0,
0.0,
0.0,
0.0,
0.0,
8.0,
0.0,
13.0,
9.0,
0.0,
185.0,
242.0,
54.0,
0.0,
0.0,
105.0,
221.0,
252.0,
208.0,
14.0,
9.0,
0.0,
0.0,
0.0,
0.0,
0.0,
0.0,
0.0,
0.0,
0.0,
0.0,
0.0,
0.0,
1.0,
0.0,
1.0,
2.0,
0.0,
19.0,
249.0,
213.0,
10.0,
117.0,
250.0,
241.0,
229.0,
32.0,
0.0,
0.0,
0.0,
0.0,
0.0,
0.0,
0.0,
0.0,
0.0,
0.0,
0.0,
0.0,
0.0,
0.0,
7.0,
0.0,
1.0,
10.0,
0.0,
2.0,
109.0,
247.0,
211.0,
238.0,
255.0,
123.0,
0.0,
1.0,
8.0,
10.0,
0.0,
0.0,
0.0,
0.0,
0.0,
0.0,
0.0,
0.0,
0.0,
0.0,
0.0,
0.0,
0.0,
9.0,
12.0,
0.0,
0.0,
11.0,
14.0,
238.0,
244.0,
244.0,
107.0,
3.0,
24.0,
0.0,
4.0,
0.0,
0.0,
0.0,
0.0,
0.0,
0.0,
0.0,
0.0,
0.0,
0.0,
0.0,
0.0,
0.0,
5.0,
0.0,
0.0,
0.0,
9.0,
11.0,
216.0,
247.0,
253.0,
94.0,
0.0,
0.0,
0.0,
13.0,
0.0,
8.0,
0.0,
0.0,
0.0,
0.0,
0.0,
0.0,
0.0,
0.0,
0.0,
0.0,
0.0,
0.0,
0.0,
0.0,
2.0,
15.0,
34.0,
227.0,
255.0,
246.0,
251.0,
35.0,
2.0,
0.0,
6.0,
0.0,
11.0,
0.0,
0.0,
0.0,
0.0,
0.0,
0.0,
0.0,
0.0,
0.0,
3.0,
0.0,
12.0,
0.0,
0.0,
0.0,
0.0,
57.0,
241.0,
242.0,
180.0,
95.0,
255.0,
0.0,
0.0,
10.0,
0.0,
0.0,
4.0,
0.0,
0.0,
0.0,
0.0,
0.0,
0.0,
2.0,
0.0,
0.0,
7.0,
0.0,
7.0,
0.0,
5.0,
11.0,
148.0,
244.0,
248.0,
172.0,
24.0,
75.0,
237.0,
0.0,
0.0,
3.0,
0.0,
0.0,
3.0,
0.0,
0.0,
0.0,
0.0,
0.0,
0.0,
2.0,
0.0,
0.0,
6.0,
8.0,
0.0,
0.0,
21.0,
161.0,
250.0,
250.0,
149.0,
0.0,
7.0,
200.0,
182.0,
1.0,
0.0,
0.0,
2.0,
2.0,
0.0,
1.0,
0.0,
0.0,
0.0,
0.0,
0.0,
0.0,
0.0,
3.0,
0.0,
0.0,
0.0,
36.0,
166.0,
255.0,
235.0,
106.0,
0.0,
23.0,
38.0,
246.0,
110.0,
1.0,
1.0,
0.0,
3.0,
1.0,
0.0,
3.0,
0.0,
0.0,
0.0,
0.0,
3.0,
0.0,
0.0,
6.0,
0.0,
0.0,
20.0,
138.0,
255.0,
206.0,
50.0,
0.0,
0.0,
32.0,
245.0,
237.0,
44.0,
0.0,
3.0,
0.0,
4.0,
0.0,
0.0,
4.0,
0.0,
0.0,
0.0,
0.0,
6.0,
0.0,
0.0,
5.0,
0.0,
6.0,
95.0,
243.0,
254.0,
131.0,
0.0,
0.0,
98.0,
244.0,
210.0,
41.0,
3.0,
0.0,
2.0,
1.0,
3.0,
0.0,
0.0,
3.0,
0.0,
0.0,
0.0,
0.0,
4.0,
0.0,
0.0,
3.0,
0.0,
9.0,
139.0,
255.0,
183.0,
63.0,
134.0,
160.0,
245.0,
196.0,
17.0,
0.0,
0.0,
3.0,
0.0,
2.0,
1.0,
0.0,
1.0,
0.0,
0.0,
0.0,
0.0,
0.0,
0.0,
1.0,
5.0,
3.0,
0.0,
2.0,
142.0,
240.0,
246.0,
255.0,
255.0,
212.0,
99.0,
24.0,
0.0,
3.0,
0.0,
7.0,
0.0,
2.0,
1.0,
0.0,
5.0,
0.0,
0.0,
0.0,
0.0,
0.0,
0.0,
0.0,
3.0,
7.0,
0.0,
0.0,
70.0,
156.0,
189.0,
140.0,
71.0,
17.0,
0.0,
0.0,
0.0,
4.0,
0.0,
0.0,
0.0,
0.0,
0.0,
0.0,
0.0,
0.0,
0.0,
0.0,
0.0,
0.0,
9.0,
0.0,
0.0,
0.0,
0.0,
0.0,
0.0,
0.0,
10.0,
3.0,
0.0,
0.0,
0.0,
4.0,
5.0,
4.0,
0.0,
0.0,
0.0,
0.0,
0.0,
0.0,
0.0,
0.0,
0.0,
0.0,
0.0,
0.0,
0.0,
0.0,
0.0,
0.0,
5.0,
10.0,
2.0,
0.0,
0.0,
0.0,
0.0,
3.0,
3.0,
0.0,
0.0,
0.0,
0.0,
0.0,
0.0,
0.0,
0.0,
0.0,
0.0,
0.0,
0.0,
0.0,
0.0,
0.0,
0.0,
7.0,
9.0,
0.0,
0.0,
0.0,
6.0,
10.0,
9.0,
9.0,
6.0,
1.0,
0.0,
0.0,
0.0,
1.0,
0.0,
0.0,
0.0,
0.0,
0.0,
0.0,
0.0,
0.0,
0.0,
0.0,
0.0,
0.0,
