0.0,
0.0,
0.0,
0.0,
0.0,
0.0,
0.0,
0.0,
0.0,
5.0,
0.0,
4.0,
2.0,
7.0,
0.0,
0.0,
1.0,
0.0,
13.0,
0.0,
0.0,
11.0,
5.0,
0.0,
3.0,
3.0,
0.0,
0.0,
0.0,
0.0,
0.0,
0.0,
0.0,
0.0,
0.0,
0.0,
0.0,
0.0,
0.0,
1.0,
0.0,
0.0,
0.0,
9.0,
5.0,
0.0,
0.0,
6.0,
6.0,
0.0,
0.0,
0.0,
0.0,
0.0,
0.0,
0.0,
0.0,
0.0,
0.0,
0.0,
0.0,
0.0,
0.0,
0.0,
6.0,
12.0,
7.0,
0.0,
0.0,
10.0,
6.0,
0.0,
2.0,
4.0,
0.0,
0.0,
0.0,
0.0,
8.0,
4.0,
9.0,
4.0,
6.0,
11.0,
0.0,
0.0,
0.0,
0.0,
0.0,
0.0,
0.0,
0.0,
0.0,
0.0,
1.0,
0.0,
0.0,
3.0,
7.0,
0.0,
0.0,
12.0,
6.0,
1.0,
0.0,
0.0,
0.0,
0.0,
0.0,
0.0,
0.0,
0.0,
0.0,
0.0,
0.0,
0.0,
0.0,
0.0,
0.0,
0.0,
7.0,
0.0,
1.0,
17.0,
0.0,
0.0,
0.0,
11.0,
2.0,
0.0,
0.0,
0.0,
7.0,
0.0,
0.0,
19.0,
2.0,
5.0,
3.0,
0.0,
0.0,
0.0,
0.0,
0.0,
0.0,
0.0,
0.0,
0.0,
0.0,
0.0,
0.0,
12.0,
0.0,
21.0,
9.0,
0.0,
0.0,
6.0,
10.0,
0.0,
7.0,
11.0,
0.0,
0.0,
0.0,
0.0,
5.0,
6.0,
0.0,
0.0,
0.0,
0.0,
0.0,
0.0,
0.0,
0.0,
4.0,
14.0,
0.0,
31.0,
55.0,
197.0,
255.0,
255.0,
255.0,
251.0,
196.0,
45.0,
0.0,
8.0,
10.0,
58.0,
54.0,
13.0,
0.0,
0.0,
0.0,
0.0,
0.0,
0.0,
0.0,
0.0,
0.0,
0.0,
5.0,
65.0,
146.0,
255.0,
235.0,
255.0,
245.0,
251.0,
240.0,
255.0,
255.0,
138.0,
72.0,
98.0,
132.0,
249.0,
245.0,
123.0,
14.0,
0.0,
1.0,
0.0,
9.0,
1.0,
0.0,
0.0,
7.0,
0.0,
93.0,
223.0,
255.0,
240.0,
255.0,
231.0,
255.0,
245.0,
251.0,
250.0,
255.0,
210.0,
200.0,
250.0,
255.0,
244.0,
247.0,
254.0,
2.0,
0.0,
3.0,
0.0,
11.0,
0.0,
10.0,
0.0,
6.0,
79.0,
230.0,
255.0,
249.0,
243.0,
242.0,
255.0,
255.0,
232.0,
248.0,
241.0,
241.0,
255.0,
255.0,
254.0,
239.0,
255.0,
240.0,
98.0,
0.0,
4.0,
7.0,
0.0,
0.0,
2.0,
2.0,
19.0,
233.0,
255.0,
246.0,
255.0,
249.0,
255.0,
255.0,
190.0,
159.0,
108.0,
255.0,
255.0,
255.0,
226.0,
255.0,
247.0,
235.0,
203.0,
105.0,
0.0,
3.0,
6.0,
6.0,
10.0,
0.0,
12.0,
0.0,
0.0,
255.0,
236.0,
255.0,
247.0,
236.0,
138.0,
146.0,
44.0,
0.0,
106.0,
234.0,
251.0,
255.0,
248.0,
255.0,
255.0,
126.0,
0.0,
0.0,
0.0,
14.0,
0.0,
0.0,
0.0,
4.0,
6.0,
19.0,
7.0,
240.0,
253.0,
242.0,
243.0,
82.0,
1.0,
11.0,
0.0,
0.0,
102.0,
255.0,
246.0,
239.0,
253.0,
138.0,
115.0,
1.0,
0.0,
1.0,
17.0,
0.0,
0.0,
4.0,
5.0,
0.0,
0.0,
0.0,
0.0,
250.0,
248.0,
247.0,
255.0,
156.0,
0.0,
1.0,
6.0,
1.0,
111.0,
242.0,
254.0,
255.0,
167.0,
30.0,
0.0,
0.0,
18.0,
15.0,
0.0,
0.0,
2.0,
0.0,
5.0,
0.0,
11.0,
0.0,
3.0,
255.0,
244.0,
255.0,
233.0,
255.0,
174.0,
47.0,
52.0,
255.0,
240.0,
253.0,
254.0,
148.0,
17.0,
0.0,
0.0,
19.0,
0.0,
0.0,
0.0,
12.0,
1.0,
6.0,
0.0,
1.0,
0.0,
6.0,
0.0,
164.0,
255.0,
246.0,
255.0,
241.0,
255.0,
253.0,
239.0,
255.0,
251.0,
255.0,
239.0,
3.0,
0.0,
0.0,
8.0,
0.0,
7.0,
2.0,
9.0,
0.0,
0.0,
0.0,
10.0,
0.0,
0.0,
4.0,
0.0,
33.0,
150.0,
255.0,
252.0,
253.0,
246.0,
246.0,
255.0,
252.0,
242.0,
244.0,
130.0,
0.0,
13.0,
4.0,
2.0,
0.0,
5.0,
0.0,
0.0,
0.0,
0.0,
0.0,
5.0,
0.0,
0.0,
14.0,
0.0,
0.0,
43.0,
161.0,
255.0,
240.0,
236.0,
255.0,
223.0,
244.0,
255.0,
255.0,
59.0,
4.0,
0.0,
0.0,
5.0,
0.0,
0.0,
0.0,
0.0,
0.0,
0.0,
0.0,
3.0,
0.0,
0.0,
7.0,
5.0,
0.0,
0.0,
6.0,
0.0,
212.0,
234.0,
241.0,
255.0,
250.0,
250.0,
232.0,
245.0,
35.0,
7.0,
9.0,
0.0,
4.0,
0.0,
0.0,
0.0,
0.0,
0.0,
2.0,
1.0,
0.0,
0.0,
0.0,
4.0,
7.0,
1.0,
0.0,
2.0,
0.0,
95.0,
249.0,
243.0,
255.0,
244.0,
255.0,
255.0,
208.0,
0.0,
0.0,
15.0,
0.0,
3.0,
0.0,
0.0,
0.0,
0.0,
0.0,
0.0,
5.0,
11.0,
0.0,
0.0,
1.0,
0.0,
15.0,
0.0,
49.0,
171.0,
246.0,
248.0,
255.0,
251.0,
237.0,
255.0,
200.0,
0.0,
20.0,
0.0,
0.0,
2.0,
0.0,
0.0,
0.0,
0.0,
6.0,
0.0,
0.0,
6.0,
3.0,
0.0,
0.0,
0.0,
0.0,
0.0,
0.0,
141.0,
251.0,
252.0,
255.0,
238.0,
250.0,
249.0,
198.0,
22.0,
0.0,
2.0,
6.0,
0.0,
0.0,
0.0,
0.0,
0.0,
8.0,
0.0,
0.0,
0.0,
0.0,
2.0,
4.0,
6.0,
0.0,
23.0,
0.0,
108.0,
255.0,
246.0,
255.0,
255.0,
253.0,
254.0,
163.0,
0.0,
22.0,
0.0,
0.0,
9.0,
0.0,
0.0,
0.0,
0.0,
0.0,
4.0,
3.0,
0.0,
1.0,
0.0,
0.0,
0.0,
4.0,
0.0,
1.0,
52.0,
217.0,
251.0,
250.0,
244.0,
248.0,
164.0,
3.0,
11.0,
0.0,
0.0,
18.0,
0.0,
0.0,
0.0,
0.0,
0.0,
0.0,
0.0,
0.0,
0.0,
0.0,
0.0,
0.0,
0.0,
0.0,
14.0,
0.0,
9.0,
145.0,
246.0,
254.0,
248.0,
148.0,
33.0,
0.0,
5.0,
0.0,
0.0,
10.0,
0.0,
0.0,
0.0,
0.0,
0.0,
0.0,
0.0,
0.0,
0.0,
0.0,
0.0,
0.0,
0.0,
0.0,
14.0,
0.0,
0.0,
37.0,
63.0,
51.0,
52.0,
41.0,
0.0,
0.0,
15.0,
0.0,
0.0,
5.0,
0.0,
0.0,
0.0,
0.0,
0.0,
0.0,
0.0,
0.0,
0.0,
0.0,
0.0,
0.0,
0.0,
0.0,
1.0,
0.0,
0.0,
4.0,
0.0,
0.0,
0.0,
0.0,
0.0,
6.0,
8.0,
0.0,
0.0,
3.0,
1.0,
0.0,
0.0,
0.0,
0.0,
0.0,
0.0,
0.0,
0.0,
0.0,
0.0,
0.0,
0.0,
4.0,
0.0,
0.0,
8.0,
5.0,
0.0,
3.0,
8.0,
1.0,
7.0,
4.0,
0.0,
0.0,
0.0,
0.0,
2.0,
0.0,
0.0,
0.0,
0.0,
