0.0,
0.0,
0.0,
0.0,
0.0,
0.0,
0.0,
0.0,
0.0,
8.0,
0.0,
0.0,
0.0,
11.0,
0.0,
0.0,
0.0,
0.0,
0.0,
0.0,
0.0,
0.0,
0.0,
0.0,
0.0,
2.0,
4.0,
0.0,
0.0,
0.0,
0.0,
0.0,
0.0,
0.0,
0.0,
0.0,
0.0,
6.0,
0.0,
3.0,
0.0,
4.0,
0.0,
5.0,
0.0,
0.0,
0.0,
0.0,
0.0,
0.0,
0.0,
0.0,
16.0,
0.0,
0.0,
9.0,
0.0,
0.0,
0.0,
0.0,
0.0,
0.0,
0.0,
0.0,
0.0,
0.0,
2.0,
14.0,
0.0,
0.0,
0.0,
0.0,
0.0,
0.0,
0.0,
0.0,
0.0,
0.0,
0.0,
0.0,
0.0,
0.0,
0.0,
2.0,
0.0,
0.0,
0.0,
0.0,
0.0,
0.0,
0.0,
0.0,
13.0,
0.0,
0.0,
5.0,
0.0,
0.0,
6.0,
8.0,
0.0,
0.0,
0.0,
0.0,
0.0,
0.0,
0.0,
0.0,
7.0,
6.0,
4.0,
0.0,
0.0,
0.0,
0.0,
0.0,
0.0,
0.0,
0.0,
0.0,
0.0,
0.0,
0.0,
0.0,
0.0,
0.0,
0.0,
0.0,
0.0,
0.0,
0.0,
0.0,
0.0,
0.0,
0.0,
0.0,
2.0,
0.0,
0.0,
0.0,
0.0,
0.0,
0.0,
0.0,
0.0,
0.0,
0.0,
0.0,
1.0,
11.0,
12.0,
0.0,
8.0,
0.0,
1.0,
6.0,
0.0,
0.0,
0.0,
0.0,
0.0,
0.0,
0.0,
0.0,
0.0,
70.0,
50.0,
6.0,
0.0,
0.0,
0.0,
0.0,
0.0,
0.0,
0.0,
0.0,
0.0,
46.0,
67.0,
37.0,
39.0,
3.0,
0.0,
0.0,
0.0,
0.0,
0.0,
0.0,
0.0,
0.0,
0.0,
0.0,
25.0,
215.0,
166.0,
18.0,
0.0,
0.0,
0.0,
0.0,
0.0,
0.0,
0.0,
0.0,
4.0,
142.0,
252.0,
255.0,
250.0,
139.0,
40.0,
2.0,
0.0,
0.0,
0.0,
0.0,
0.0,
0.0,
0.0,
0.0,
59.0,
253.0,
162.0,
0.0,
0.0,
0.0,
0.0,
0.0,
0.0,
0.0,
0.0,
0.0,
21.0,
247.0,
255.0,
248.0,
255.0,
254.0,
243.0,
117.0,
42.0,
14.0,
0.0,
0.0,
2.0,
0.0,
15.0,
60.0,
193.0,
255.0,
69.0,
0.0,
0.0,
0.0,
0.0,
0.0,
0.0,
0.0,
0.0,
0.0,
22.0,
253.0,
255.0,
169.0,
129.0,
199.0,
254.0,
255.0,
227.0,
43.0,
0.0,
4.0,
17.0,
0.0,
36.0,
249.0,
240.0,
123.0,
3.0,
0.0,
0.0,
0.0,
0.0,
0.0,
0.0,
0.0,
0.0,
0.0,
0.0,
126.0,
255.0,
227.0,
21.0,
16.0,
106.0,
205.0,
252.0,
114.0,
0.0,
9.0,
13.0,
107.0,
255.0,
243.0,
140.0,
2.0,
0.0,
0.0,
0.0,
0.0,
0.0,
0.0,
0.0,
0.0,
0.0,
0.0,
10.0,
53.0,
234.0,
255.0,
192.0,
7.0,
0.0,
110.0,
251.0,
70.0,
18.0,
116.0,
240.0,
255.0,
196.0,
92.0,
5.0,
0.0,
21.0,
0.0,
0.0,
0.0,
0.0,
0.0,
0.0,
0.0,
0.0,
0.0,
0.0,
18.0,
60.0,
242.0,
255.0,
198.0,
5.0,
0.0,
69.0,
59.0,
203.0,
251.0,
250.0,
197.0,
30.0,
8.0,
0.0,
3.0,
5.0,
0.0,
0.0,
0.0,
0.0,
0.0,
0.0,
0.0,
0.0,
0.0,
2.0,
0.0,
16.0,
117.0,
245.0,
255.0,
160.0,
49.0,
206.0,
240.0,
249.0,
238.0,
116.0,
6.0,
12.0,
0.0,
12.0,
6.0,
0.0,
6.0,
0.0,
0.0,
0.0,
0.0,
0.0,
0.0,
0.0,
0.0,
0.0,
14.0,
0.0,
18.0,
165.0,
255.0,
234.0,
255.0,
239.0,
222.0,
115.0,
25.0,
3.0,
0.0,
4.0,
15.0,
0.0,
0.0,
5.0,
8.0,
0.0,
0.0,
0.0,
0.0,
0.0,
0.0,
0.0,
0.0,
5.0,
0.0,
7.0,
33.0,
106.0,
252.0,
252.0,
255.0,
134.0,
6.0,
0.0,
1.0,
0.0,
10.0,
0.0,
0.0,
7.0,
0.0,
2.0,
0.0,
3.0,
3.0,
0.0,
2.0,
6.0,
0.0,
0.0,
0.0,
8.0,
20.0,
209.0,
243.0,
255.0,
254.0,
249.0,
249.0,
191.0,
10.0,
0.0,
0.0,
0.0,
3.0,
3.0,
0.0,
0.0,
0.0,
0.0,
0.0,
3.0,
0.0,
0.0,
0.0,
6.0,
1.0,
0.0,
15.0,
29.0,
160.0,
233.0,
255.0,
134.0,
68.0,
222.0,
247.0,
200.0,
11.0,
0.0,
10.0,
4.0,
0.0,
0.0,
4.0,
0.0,
0.0,
0.0,
0.0,
0.0,
6.0,
5.0,
0.0,
2.0,
14.0,
0.0,
5.0,
205.0,
255.0,
195.0,
2.0,
3.0,
6.0,
78.0,
248.0,
200.0,
12.0,
0.0,
3.0,
0.0,
0.0,
1.0,
8.0,
0.0,
0.0,
0.0,
0.0,
3.0,
0.0,
11.0,
0.0,
2.0,
3.0,
0.0,
74.0,
249.0,
108.0,
21.0,
6.0,
0.0,
11.0,
0.0,
195.0,
253.0,
58.0,
16.0,
5.0,
0.0,
6.0,
6.0,
0.0,
0.0,
0.0,
0.0,
0.0,
9.0,
0.0,
6.0,
9.0,
5.0,
0.0,
15.0,
172.0,
247.0,
0.0,
0.0,
6.0,
11.0,
5.0,
0.0,
140.0,
255.0,
56.0,
2.0,
0.0,
0.0,
5.0,
5.0,
1.0,
0.0,
0.0,
0.0,
0.0,
3.0,
0.0,
4.0,
0.0,
1.0,
0.0,
12.0,
100.0,
241.0,
188.0,
23.0,
0.0,
0.0,
9.0,
1.0,
140.0,
244.0,
22.0,
0.0,
0.0,
1.0,
0.0,
0.0,
8.0,
0.0,
0.0,
0.0,
0.0,
0.0,
8.0,
2.0,
0.0,
0.0,
10.0,
0.0,
0.0,
218.0,
241.0,
242.0,
159.0,
157.0,
139.0,
128.0,
246.0,
204.0,
21.0,
4.0,
15.0,
4.0,
0.0,
0.0,
0.0,
0.0,
0.0,
0.0,
0.0,
1.0,
0.0,
0.0,
9.0,
8.0,
0.0,
0.0,
9.0,
95.0,
243.0,
255.0,
255.0,
255.0,
247.0,
255.0,
249.0,
108.0,
0.0,
1.0,
0.0,
0.0,
8.0,
13.0,
0.0,
0.0,
0.0,
0.0,
0.0,
0.0,
0.0,
0.0,
0.0,
0.0,
0.0,
0.0,
0.0,
24.0,
74.0,
109.0,
107.0,
104.0,
115.0,
107.0,
84.0,
0.0,
0.0,
0.0,
0.0,
0.0,
0.0,
0.0,
0.0,
0.0,
0.0,
0.0,
0.0,
0.0,
0.0,
0.0,
0.0,
0.0,
0.0,
0.0,
0.0,
0.0,
1.0,
5.0,
0.0,
0.0,
0.0,
4.0,
0.0,
0.0,
0.0,
0.0,
0.0,
0.0,
0.0,
0.0,
0.0,
0.0,
0.0,
0.0,
0.0,
0.0,
0.0,
0.0,
0.0,
0.0,
0.0,
0.0,
0.0,
10.0,
0.0,
0.0,
2.0,
4.0,
0.0,
0.0,
4.0,
0.0,
0.0,
0.0,
0.0,
0.0,
0.0,
0.0,
0.0,
0.0,
0.0,
0.0,
0.0,
0.0,
0.0,
0.0,
0.0,
0.0,
0.0,
0.0,
0.0,
0.0,
0.0,
0.0,
5.0,
9.0,
0.0,
0.0,
0.0,
0.0,
0.0,
0.0,
0.0,
0.0,
0.0,
0.0,
0.0,
0.0,
0.0,
0.0,
0.0,
