0.0,
0.0,
0.0,
0.0,
0.0,
0.0,
0.0,
0.0,
0.0,
0.0,
0.0,
2.0,
6.0,
5.0,
0.0,
0.0,
0.0,
10.0,
0.0,
9.0,
0.0,
0.0,
0.0,
7.0,
0.0,
0.0,
0.0,
0.0,
0.0,
0.0,
0.0,
0.0,
0.0,
0.0,
0.0,
0.0,
6.0,
0.0,
0.0,
0.0,
0.0,
0.0,
0.0,
21.0,
1.0,
0.0,
0.0,
0.0,
12.0,
0.0,
8.0,
0.0,
0.0,
0.0,
0.0,
0.0,
0.0,
0.0,
0.0,
0.0,
0.0,
0.0,
0.0,
0.0,
0.0,
5.0,
9.0,
1.0,
1.0,
8.0,
2.0,
0.0,
3.0,
0.0,
19.0,
1.0,
0.0,
0.0,
6.0,
0.0,
0.0,
0.0,
0.0,
0.0,
0.0,
0.0,
0.0,
0.0,
0.0,
0.0,
0.0,
0.0,
7.0,
0.0,
0.0,
0.0,
4.0,
0.0,
0.0,
9.0,
3.0,
0.0,
2.0,
4.0,
0.0,
7.0,
5.0,
0.0,
0.0,
0.0,
0.0,
0.0,
0.0,
0.0,
0.0,
0.0,
0.0,
0.0,
0.0,
0.0,
0.0,
8.0,
11.0,
1.0,
9.0,
55.0,
119.0,
163.0,
161.0,
161.0,
163.0,
132.0,
28.0,
0.0,
0.0,
0.0,
0.0,
0.0,
0.0,
0.0,
0.0,
0.0,
0.0,
0.0,
0.0,
0.0,
0.0,
0.0,
11.0,
0.0,
0.0,
50.0,
164.0,
253.0,
255.0,
240.0,
255.0,
243.0,
255.0,
241.0,
149.0,
14.0,
2.0,
12.0,
0.0,
0.0,
0.0,
0.0,
0.0,
0.0,
0.0,
0.0,
0.0,
0.0,
0.0,
0.0,
0.0,
9.0,
92.0,
205.0,
255.0,
255.0,
249.0,
255.0,
248.0,
176.0,
168.0,
255.0,
255.0,
77.0,
7.0,
0.0,
0.0,
0.0,
0.0,
0.0,
0.0,
0.0,
0.0,
0.0,
0.0,
0.0,
0.0,
0.0,
18.0,
147.0,
247.0,
253.0,
248.0,
255.0,
233.0,
171.0,
43.0,
0.0,
11.0,
237.0,
254.0,
69.0,
0.0,
12.0,
0.0,
0.0,
0.0,
0.0,
0.0,
3.0,
10.0,
0.0,
0.0,
7.0,
0.0,
6.0,
84.0,
255.0,
244.0,
254.0,
248.0,
130.0,
96.0,
91.0,
0.0,
6.0,
0.0,
232.0,
253.0,
141.0,
0.0,
0.0,
4.0,
0.0,
0.0,
5.0,
9.0,
0.0,
0.0,
0.0,
0.0,
0.0,
4.0,
50.0,
248.0,
244.0,
255.0,
201.0,
50.0,
1.0,
23.0,
0.0,
0.0,
0.0,
111.0,
249.0,
254.0,
83.0,
0.0,
10.0,
3.0,
7.0,
8.0,
0.0,
0.0,
0.0,
7.0,
5.0,
0.0,
1.0,
100.0,
255.0,
255.0,
254.0,
142.0,
13.0,
0.0,
9.0,
0.0,
0.0,
53.0,
225.0,
255.0,
248.0,
134.0,
7.0,
2.0,
2.0,
0.0,
7.0,
0.0,
0.0,
6.0,
0.0,
0.0,
3.0,
0.0,
2.0,
99.0,
255.0,
241.0,
255.0,
79.0,
0.0,
6.0,
0.0,
33.0,
33.0,
150.0,
239.0,
255.0,
222.0,
12.0,
0.0,
0.0,
0.0,
0.0,
2.0,
0.0,
0.0,
4.0,
0.0,
0.0,
0.0,
1.0,
3.0,
87.0,
245.0,
255.0,
237.0,
110.0,
143.0,
190.0,
189.0,
255.0,
241.0,
252.0,
255.0,
255.0,
225.0,
178.0,
137.0,
73.0,
0.0,
2.0,
6.0,
0.0,
0.0,
0.0,
6.0,
9.0,
0.0,
0.0,
1.0,
85.0,
246.0,
246.0,
255.0,
240.0,
238.0,
255.0,
241.0,
250.0,
255.0,
252.0,
248.0,
243.0,
255.0,
253.0,
255.0,
255.0,
40.0,
0.0,
0.0,
11.0,
0.0,
6.0,
3.0,
0.0,
0.0,
7.0,
0.0,
21.0,
139.0,
249.0,
248.0,
255.0,
255.0,
255.0,
255.0,
243.0,
251.0,
255.0,
209.0,
242.0,
255.0,
235.0,
241.0,
241.0,
224.0,
53.0,
0.0,
7.0,
5.0,
0.0,
2.0,
1.0,
0.0,
7.0,
0.0,
50.0,
197.0,
255.0,
255.0,
244.0,
213.0,
161.0,
70.0,
70.0,
205.0,
70.0,
15.0,
73.0,
181.0,
100.0,
45.0,
187.0,
255.0,
176.0,
9.0,
0.0,
5.0,
4.0,
0.0,
0.0,
0.0,
7.0,
43.0,
229.0,
255.0,
253.0,
167.0,
50.0,
18.0,
0.0,
0.0,
2.0,
8.0,
0.0,
10.0,
11.0,
138.0,
0.0,
72.0,
243.0,
255.0,
158.0,
6.0,
0.0,
6.0,
0.0,
10.0,
6.0,
0.0,
7.0,
83.0,
255.0,
238.0,
229.0,
23.0,
0.0,
0.0,
0.0,
19.0,
0.0,
6.0,
2.0,
0.0,
0.0,
18.0,
11.0,
99.0,
248.0,
251.0,
114.0,
10.0,
0.0,
6.0,
0.0,
1.0,
0.0,
0.0,
0.0,
148.0,
255.0,
235.0,
0.0,
22.0,
23.0,
0.0,
4.0,
0.0,
0.0,
2.0,
3.0,
0.0,
14.0,
4.0,
114.0,
217.0,
255.0,
232.0,
38.0,
0.0,
4.0,
0.0,
0.0,
13.0,
4.0,
0.0,
1.0,
255.0,
232.0,
89.0,
3.0,
0.0,
0.0,
11.0,
0.0,
0.0,
9.0,
0.0,
19.0,
39.0,
154.0,
216.0,
249.0,
255.0,
212.0,
79.0,
0.0,
0.0,
3.0,
0.0,
6.0,
0.0,
0.0,
7.0,
3.0,
179.0,
255.0,
244.0,
82.0,
1.0,
20.0,
11.0,
9.0,
10.0,
24.0,
97.0,
183.0,
255.0,
246.0,
248.0,
255.0,
197.0,
46.0,
11.0,
0.0,
6.0,
6.0,
0.0,
0.0,
10.0,
0.0,
0.0,
3.0,
63.0,
250.0,
245.0,
255.0,
247.0,
238.0,
177.0,
255.0,
247.0,
245.0,
255.0,
250.0,
255.0,
255.0,
206.0,
125.0,
12.0,
0.0,
2.0,
4.0,
4.0,
0.0,
0.0,
7.0,
9.0,
2.0,
15.0,
11.0,
0.0,
177.0,
251.0,
255.0,
255.0,
255.0,
255.0,
255.0,
241.0,
255.0,
210.0,
187.0,
118.0,
51.0,
9.0,
18.0,
0.0,
5.0,
0.0,
0.0,
0.0,
0.0,
0.0,
3.0,
0.0,
0.0,
0.0,
0.0,
7.0,
29.0,
40.0,
63.0,
135.0,
157.0,
167.0,
133.0,
147.0,
18.0,
5.0,
3.0,
3.0,
0.0,
0.0,
4.0,
5.0,
0.0,
3.0,
0.0,
4.0,
4.0,
6.0,
0.0,
0.0,
0.0,
0.0,
0.0,
0.0,
0.0,
0.0,
0.0,
0.0,
0.0,
0.0,
0.0,
0.0,
0.0,
0.0,
0.0,
0.0,
0.0,
0.0,
0.0,
0.0,
0.0,
0.0,
0.0,
0.0,
0.0,
0.0,
0.0,
0.0,
0.0,
0.0,
0.0,
0.0,
0.0,
0.0,
0.0,
0.0,
0.0,
0.0,
0.0,
0.0,
0.0,
0.0,
0.0,
0.0,
0.0,
0.0,
0.0,
0.0,
0.0,
0.0,
0.0,
0.0,
0.0,
0.0,
0.0,
0.0,
0.0,
0.0,
0.0,
0.0,
0.0,
0.0,
0.0,
0.0,
0.0,
0.0,
0.0,
0.0,
0.0,
0.0,
0.0,
0.0,
0.0,
0.0,
0.0,
0.0,
0.0,
0.0,
0.0,
0.0,
0.0,
0.0,
0.0,
0.0,
0.0,
0.0,
0.0,
0.0,
0.0,
0.0,
0.0,
0.0,
0.0,
0.0,
0.0,
0.0,
0.0,
0.0,
0.0,
0.0,
0.0,
0.0,
0.0,
0.0,
0.0,
0.0,
0.0,
0.0,
0.0,
0.0,
