0.0,
0.0,
0.0,
0.0,
0.0,
0.0,
0.0,
0.0,
1.0,
8.0,
0.0,
0.0,
6.0,
4.0,
6.0,
0.0,
0.0,
10.0,
0.0,
3.0,
0.0,
0.0,
7.0,
0.0,
0.0,
0.0,
0.0,
0.0,
0.0,
0.0,
0.0,
0.0,
0.0,
0.0,
0.0,
0.0,
0.0,
0.0,
5.0,
5.0,
0.0,
0.0,
0.0,
13.0,
0.0,
21.0,
0.0,
0.0,
4.0,
0.0,
0.0,
3.0,
0.0,
1.0,
1.0,
0.0,
0.0,
0.0,
0.0,
0.0,
0.0,
0.0,
0.0,
0.0,
2.0,
0.0,
0.0,
0.0,
7.0,
13.0,
0.0,
0.0,
0.0,
0.0,
0.0,
1.0,
17.0,
0.0,
11.0,
0.0,
1.0,
1.0,
1.0,
1.0,
0.0,
0.0,
0.0,
0.0,
0.0,
0.0,
0.0,
0.0,
2.0,
0.0,
4.0,
4.0,
0.0,
0.0,
0.0,
5.0,
0.0,
2.0,
2.0,
5.0,
0.0,
0.0,
0.0,
0.0,
0.0,
0.0,
0.0,
0.0,
0.0,
0.0,
0.0,
0.0,
0.0,
0.0,
0.0,
0.0,
2.0,
0.0,
1.0,
0.0,
0.0,
32.0,
116.0,
201.0,
255.0,
182.0,
54.0,
12.0,
0.0,
17.0,
0.0,
13.0,
0.0,
0.0,
0.0,
0.0,
0.0,
0.0,
0.0,
0.0,
0.0,
0.0,
0.0,
0.0,
4.0,
7.0,
0.0,
22.0,
118.0,
219.0,
255.0,
238.0,
255.0,
232.0,
252.0,
238.0,
37.0,
3.0,
0.0,
0.0,
1.0,
0.0,
0.0,
0.0,
0.0,
0.0,
0.0,
0.0,
0.0,
0.0,
0.0,
0.0,
0.0,
0.0,
11.0,
142.0,
254.0,
243.0,
167.0,
41.0,
78.0,
66.0,
167.0,
200.0,
19.0,
0.0,
11.0,
0.0,
9.0,
4.0,
0.0,
0.0,
0.0,
0.0,
0.0,
0.0,
0.0,
0.0,
0.0,
0.0,
8.0,
0.0,
40.0,
237.0,
246.0,
58.0,
2.0,
9.0,
6.0,
0.0,
0.0,
3.0,
0.0,
4.0,
0.0,
47.0,
16.0,
9.0,
1.0,
0.0,
0.0,
0.0,
0.0,
0.0,
0.0,
0.0,
0.0,
0.0,
0.0,
2.0,
68.0,
244.0,
161.0,
5.0,
0.0,
0.0,
1.0,
0.0,
5.0,
16.0,
85.0,
182.0,
180.0,
218.0,
99.0,
21.0,
0.0,
1.0,
0.0,
0.0,
0.0,
0.0,
0.0,
0.0,
0.0,
0.0,
7.0,
0.0,
53.0,
255.0,
226.0,
30.0,
2.0,
5.0,
0.0,
38.0,
139.0,
208.0,
255.0,
199.0,
139.0,
34.0,
15.0,
0.0,
0.0,
11.0,
0.0,
0.0,
0.0,
0.0,
0.0,
0.0,
0.0,
0.0,
0.0,
13.0,
8.0,
151.0,
255.0,
90.0,
0.0,
78.0,
214.0,
238.0,
247.0,
238.0,
85.0,
14.0,
0.0,
1.0,
0.0,
0.0,
7.0,
6.0,
0.0,
0.0,
0.0,
0.0,
0.0,
0.0,
0.0,
0.0,
1.0,
0.0,
6.0,
72.0,
246.0,
217.0,
162.0,
255.0,
238.0,
203.0,
140.0,
13.0,
3.0,
16.0,
0.0,
7.0,
10.0,
5.0,
5.0,
0.0,
0.0,
0.0,
0.0,
0.0,
0.0,
0.0,
0.0,
0.0,
6.0,
3.0,
23.0,
72.0,
245.0,
255.0,
244.0,
246.0,
201.0,
0.0,
0.0,
11.0,
0.0,
0.0,
3.0,
0.0,
0.0,
0.0,
0.0,
2.0,
0.0,
0.0,
0.0,
0.0,
0.0,
0.0,
0.0,
0.0,
0.0,
2.0,
0.0,
70.0,
249.0,
255.0,
249.0,
150.0,
0.0,
11.0,
0.0,
25.0,
0.0,
0.0,
0.0,
4.0,
0.0,
0.0,
0.0,
5.0,
0.0,
0.0,
0.0,
0.0,
0.0,
0.0,
0.0,
0.0,
2.0,
3.0,
106.0,
234.0,
255.0,
248.0,
253.0,
75.0,
9.0,
0.0,
0.0,
0.0,
16.0,
0.0,
12.0,
0.0,
5.0,
6.0,
1.0,
0.0,
0.0,
0.0,
0.0,
0.0,
0.0,
0.0,
0.0,
0.0,
0.0,
52.0,
216.0,
240.0,
187.0,
209.0,
255.0,
247.0,
0.0,
0.0,
22.0,
3.0,
0.0,
15.0,
0.0,
0.0,
1.0,
5.0,
0.0,
0.0,
9.0,
0.0,
0.0,
3.0,
0.0,
0.0,
3.0,
9.0,
52.0,
255.0,
251.0,
165.0,
2.0,
10.0,
255.0,
247.0,
80.0,
6.0,
0.0,
3.0,
14.0,
0.0,
2.0,
2.0,
0.0,
0.0,
0.0,
0.0,
0.0,
2.0,
4.0,
1.0,
2.0,
2.0,
0.0,
0.0,
164.0,
240.0,
146.0,
15.0,
0.0,
23.0,
136.0,
254.0,
250.0,
47.0,
0.0,
0.0,
0.0,
11.0,
4.0,
0.0,
0.0,
0.0,
0.0,
0.0,
0.0,
8.0,
3.0,
0.0,
0.0,
2.0,
11.0,
36.0,
222.0,
251.0,
66.0,
2.0,
7.0,
0.0,
78.0,
252.0,
254.0,
84.0,
3.0,
11.0,
0.0,
0.0,
0.0,
0.0,
0.0,
0.0,
0.0,
0.0,
0.0,
6.0,
0.0,
0.0,
4.0,
0.0,
18.0,
91.0,
251.0,
225.0,
43.0,
0.0,
0.0,
17.0,
5.0,
210.0,
253.0,
163.0,
0.0,
0.0,
8.0,
0.0,
4.0,
0.0,
0.0,
0.0,
0.0,
0.0,
0.0,
3.0,
0.0,
7.0,
12.0,
0.0,
0.0,
53.0,
216.0,
255.0,
126.0,
26.0,
13.0,
0.0,
0.0,
164.0,
255.0,
169.0,
1.0,
0.0,
5.0,
0.0,
5.0,
1.0,
0.0,
0.0,
0.0,
0.0,
0.0,
6.0,
0.0,
0.0,
6.0,
2.0,
0.0,
0.0,
50.0,
235.0,
255.0,
218.0,
179.0,
92.0,
169.0,
250.0,
255.0,
97.0,
14.0,
9.0,
0.0,
0.0,
0.0,
2.0,
0.0,
0.0,
0.0,
0.0,
5.0,
3.0,
0.0,
0.0,
0.0,
8.0,
5.0,
0.0,
28.0,
114.0,
252.0,
255.0,
255.0,
254.0,
244.0,
255.0,
249.0,
57.0,
0.0,
0.0,
0.0,
11.0,
7.0,
0.0,
0.0,
0.0,
0.0,
0.0,
2.0,
0.0,
0.0,
10.0,
3.0,
0.0,
0.0,
3.0,
0.0,
21.0,
12.0,
89.0,
177.0,
255.0,
241.0,
255.0,
67.0,
9.0,
0.0,
5.0,
11.0,
0.0,
4.0,
0.0,
0.0,
0.0,
0.0,
0.0,
0.0,
0.0,
0.0,
0.0,
0.0,
0.0,
0.0,
0.0,
0.0,
0.0,
0.0,
0.0,
0.0,
0.0,
0.0,
0.0,
0.0,
0.0,
0.0,
0.0,
0.0,
0.0,
0.0,
0.0,
0.0,
0.0,
0.0,
0.0,
0.0,
0.0,
0.0,
0.0,
0.0,
0.0,
0.0,
0.0,
0.0,
0.0,
0.0,
0.0,
0.0,
0.0,
0.0,
0.0,
0.0,
0.0,
0.0,
0.0,
0.0,
0.0,
0.0,
0.0,
0.0,
0.0,
0.0,
0.0,
0.0,
0.0,
0.0,
0.0,
0.0,
0.0,
0.0,
0.0,
0.0,
0.0,
0.0,
0.0,
0.0,
0.0,
0.0,
0.0,
0.0,
0.0,
0.0,
0.0,
0.0,
0.0,
0.0,
0.0,
0.0,
0.0,
0.0,
0.0,
0.0,
0.0,
0.0,
0.0,
0.0,
0.0,
0.0,
0.0,
0.0,
0.0,
0.0,
0.0,
0.0,
0.0,
0.0,
0.0,
0.0,
0.0,
0.0,
0.0,
0.0,
0.0,
0.0,
0.0,
0.0,
0.0,
0.0,
0.0,
