0.0,
0.0,
0.0,
0.0,
0.0,
0.0,
0.0,
0.0,
2.0,
0.0,
0.0,
0.0,
0.0,
0.0,
0.0,
9.0,
0.0,
5.0,
11.0,
0.0,
5.0,
0.0,
2.0,
2.0,
0.0,
0.0,
0.0,
0.0,
0.0,
0.0,
0.0,
0.0,
0.0,
0.0,
0.0,
0.0,
0.0,
0.0,
2.0,
5.0,
9.0,
3.0,
0.0,
4.0,
23.0,
0.0,
0.0,
9.0,
0.0,
0.0,
20.0,
0.0,
0.0,
0.0,
0.0,
0.0,
0.0,
0.0,
0.0,
0.0,
0.0,
0.0,
0.0,
0.0,
9.0,
2.0,
0.0,
0.0,
0.0,
0.0,
0.0,
8.0,
0.0,
10.0,
0.0,
0.0,
0.0,
0.0,
8.0,
1.0,
0.0,
0.0,
0.0,
0.0,
0.0,
0.0,
0.0,
0.0,
0.0,
0.0,
0.0,
0.0,
0.0,
0.0,
0.0,
10.0,
9.0,
5.0,
7.0,
0.0,
0.0,
25.0,
0.0,
0.0,
12.0,
4.0,
0.0,
0.0,
0.0,
0.0,
0.0,
0.0,
0.0,
0.0,
0.0,
0.0,
0.0,
0.0,
0.0,
0.0,
5.0,
1.0,
0.0,
0.0,
0.0,
0.0,
7.0,
0.0,
1.0,
0.0,
0.0,
8.0,
2.0,
0.0,
2.0,
0.0,
0.0,
0.0,
0.0,
0.0,
0.0,
0.0,
0.0,
0.0,
0.0,
0.0,
0.0,
0.0,
1.0,
0.0,
14.0,
90.0,
134.0,
168.0,
237.0,
255.0,
255.0,
194.0,
122.0,
4.0,
0.0,
1.0,
0.0,
5.0,
0.0,
0.0,
0.0,
0.0,
0.0,
0.0,
0.0,
0.0,
0.0,
0.0,
0.0,
0.0,
0.0,
3.0,
82.0,
237.0,
255.0,
237.0,
250.0,
248.0,
254.0,
244.0,
247.0,
146.0,
189.0,
140.0,
15.0,
0.0,
0.0,
0.0,
0.0,
0.0,
0.0,
0.0,
0.0,
0.0,
0.0,
0.0,
0.0,
0.0,
4.0,
0.0,
90.0,
255.0,
249.0,
100.0,
32.0,
0.0,
0.0,
33.0,
238.0,
253.0,
242.0,
102.0,
0.0,
7.0,
0.0,
0.0,
0.0,
0.0,
0.0,
0.0,
0.0,
0.0,
0.0,
0.0,
0.0,
0.0,
0.0,
15.0,
8.0,
207.0,
253.0,
41.0,
9.0,
0.0,
0.0,
93.0,
255.0,
250.0,
79.0,
2.0,
6.0,
0.0,
0.0,
0.0,
0.0,
0.0,
0.0,
0.0,
0.0,
0.0,
0.0,
0.0,
0.0,
0.0,
4.0,
7.0,
0.0,
65.0,
255.0,
249.0,
9.0,
5.0,
89.0,
251.0,
246.0,
109.0,
31.0,
0.0,
0.0,
3.0,
0.0,
0.0,
0.0,
0.0,
0.0,
0.0,
0.0,
0.0,
0.0,
0.0,
0.0,
0.0,
0.0,
0.0,
12.0,
25.0,
224.0,
251.0,
188.0,
77.0,
241.0,
250.0,
127.0,
15.0,
0.0,
0.0,
5.0,
0.0,
0.0,
0.0,
0.0,
0.0,
0.0,
0.0,
0.0,
0.0,
0.0,
0.0,
0.0,
0.0,
16.0,
7.0,
0.0,
10.0,
77.0,
247.0,
255.0,
255.0,
255.0,
105.0,
6.0,
7.0,
0.0,
0.0,
14.0,
0.0,
0.0,
0.0,
0.0,
0.0,
0.0,
0.0,
0.0,
0.0,
0.0,
0.0,
0.0,
0.0,
0.0,
1.0,
0.0,
7.0,
12.0,
212.0,
244.0,
245.0,
150.0,
17.0,
0.0,
4.0,
0.0,
2.0,
0.0,
7.0,
0.0,
0.0,
0.0,
0.0,
0.0,
0.0,
0.0,
0.0,
0.0,
0.0,
0.0,
0.0,
8.0,
0.0,
12.0,
0.0,
19.0,
255.0,
240.0,
255.0,
87.0,
0.0,
0.0,
0.0,
0.0,
11.0,
0.0,
6.0,
0.0,
0.0,
0.0,
0.0,
0.0,
0.0,
0.0,
0.0,
0.0,
0.0,
0.0,
0.0,
0.0,
22.0,
0.0,
47.0,
255.0,
239.0,
212.0,
251.0,
170.0,
21.0,
0.0,
2.0,
0.0,
8.0,
0.0,
1.0,
0.0,
0.0,
0.0,
0.0,
0.0,
0.0,
0.0,
0.0,
0.0,
0.0,
0.0,
0.0,
6.0,
0.0,
18.0,
216.0,
243.0,
86.0,
10.0,
189.0,
255.0,
109.0,
7.0,
0.0,
1.0,
1.0,
0.0,
6.0,
0.0,
0.0,
0.0,
0.0,
1.0,
0.0,
0.0,
2.0,
9.0,
0.0,
0.0,
5.0,
5.0,
10.0,
212.0,
255.0,
163.0,
11.0,
1.0,
111.0,
243.0,
217.0,
0.0,
11.0,
0.0,
2.0,
7.0,
0.0,
0.0,
0.0,
0.0,
0.0,
1.0,
3.0,
0.0,
0.0,
3.0,
3.0,
0.0,
3.0,
0.0,
185.0,
244.0,
222.0,
18.0,
0.0,
14.0,
2.0,
210.0,
224.0,
29.0,
3.0,
0.0,
0.0,
0.0,
9.0,
0.0,
0.0,
0.0,
0.0,
0.0,
6.0,
1.0,
0.0,
1.0,
4.0,
0.0,
0.0,
14.0,
240.0,
248.0,
87.0,
1.0,
10.0,
2.0,
0.0,
193.0,
254.0,
72.0,
0.0,
10.0,
13.0,
0.0,
0.0,
0.0,
0.0,
0.0,
0.0,
0.0,
4.0,
4.0,
0.0,
2.0,
0.0,
0.0,
5.0,
143.0,
255.0,
93.0,
2.0,
0.0,
0.0,
3.0,
4.0,
101.0,
255.0,
126.0,
6.0,
0.0,
0.0,
0.0,
3.0,
0.0,
0.0,
0.0,
0.0,
0.0,
0.0,
0.0,
5.0,
2.0,
0.0,
1.0,
34.0,
255.0,
191.0,
10.0,
0.0,
0.0,
0.0,
7.0,
1.0,
113.0,
243.0,
71.0,
1.0,
1.0,
8.0,
4.0,
0.0,
0.0,
0.0,
0.0,
0.0,
6.0,
0.0,
0.0,
1.0,
0.0,
0.0,
11.0,
57.0,
234.0,
102.0,
0.0,
0.0,
13.0,
4.0,
0.0,
61.0,
222.0,
226.0,
35.0,
2.0,
0.0,
0.0,
1.0,
13.0,
0.0,
0.0,
0.0,
0.0,
4.0,
0.0,
0.0,
0.0,
0.0,
0.0,
7.0,
41.0,
255.0,
222.0,
1.0,
6.0,
0.0,
33.0,
118.0,
232.0,
250.0,
130.0,
0.0,
0.0,
4.0,
18.0,
3.0,
0.0,
0.0,
0.0,
0.0,
0.0,
0.0,
1.0,
0.0,
0.0,
3.0,
0.0,
0.0,
7.0,
180.0,
246.0,
255.0,
217.0,
254.0,
245.0,
255.0,
220.0,
81.0,
0.0,
2.0,
2.0,
0.0,
4.0,
0.0,
0.0,
0.0,
0.0,
0.0,
0.0,
0.0,
0.0,
0.0,
0.0,
0.0,
0.0,
0.0,
0.0,
28.0,
127.0,
205.0,
251.0,
245.0,
230.0,
122.0,
20.0,
0.0,
0.0,
0.0,
0.0,
0.0,
0.0,
0.0,
0.0,
0.0,
0.0,
0.0,
0.0,
0.0,
0.0,
0.0,
0.0,
0.0,
0.0,
0.0,
0.0,
4.0,
7.0,
0.0,
4.0,
0.0,
13.0,
2.0,
0.0,
0.0,
0.0,
0.0,
0.0,
0.0,
0.0,
0.0,
0.0,
0.0,
0.0,
0.0,
0.0,
0.0,
0.0,
0.0,
0.0,
0.0,
0.0,
0.0,
0.0,
3.0,
0.0,
0.0,
8.0,
2.0,
0.0,
0.0,
2.0,
0.0,
0.0,
0.0,
0.0,
0.0,
0.0,
0.0,
0.0,
0.0,
0.0,
0.0,
0.0,
0.0,
0.0,
0.0,
0.0,
0.0,
0.0,
0.0,
0.0,
4.0,
5.0,
0.0,
0.0,
0.0,
0.0,
3.0,
6.0,
0.0,
0.0,
0.0,
0.0,
0.0,
0.0,
0.0,
0.0,
0.0,
0.0,
0.0,
0.0,
