0.0,
0.0,
0.0,
0.0,
0.0,
0.0,
0.0,
0.0,
1.0,
6.0,
2.0,
0.0,
2.0,
0.0,
0.0,
6.0,
0.0,
0.0,
4.0,
7.0,
0.0,
0.0,
2.0,
0.0,
0.0,
0.0,
0.0,
1.0,
0.0,
0.0,
0.0,
0.0,
0.0,
0.0,
0.0,
0.0,
0.0,
0.0,
0.0,
0.0,
4.0,
2.0,
0.0,
0.0,
7.0,
12.0,
0.0,
0.0,
2.0,
2.0,
0.0,
10.0,
1.0,
1.0,
1.0,
0.0,
0.0,
0.0,
0.0,
0.0,
0.0,
0.0,
0.0,
0.0,
1.0,
13.0,
4.0,
0.0,
0.0,
5.0,
3.0,
0.0,
0.0,
2.0,
9.0,
0.0,
0.0,
15.0,
11.0,
0.0,
4.0,
2.0,
0.0,
0.0,
0.0,
0.0,
0.0,
0.0,
0.0,
0.0,
0.0,
0.0,
0.0,
0.0,
1.0,
10.0,
8.0,
0.0,
0.0,
12.0,
13.0,
0.0,
0.0,
14.0,
0.0,
0.0,
0.0,
9.0,
1.0,
0.0,
0.0,
0.0,
0.0,
0.0,
0.0,
0.0,
0.0,
0.0,
0.0,
0.0,
0.0,
2.0,
0.0,
0.0,
2.0,
5.0,
0.0,
0.0,
0.0,
18.0,
0.0,
0.0,
16.0,
9.0,
0.0,
3.0,
0.0,
0.0,
0.0,
0.0,
0.0,
0.0,
0.0,
0.0,
0.0,
0.0,
0.0,
0.0,
6.0,
0.0,
1.0,
11.0,
0.0,
0.0,
81.0,
195.0,
252.0,
245.0,
255.0,
190.0,
36.0,
0.0,
14.0,
0.0,
0.0,
0.0,
0.0,
0.0,
0.0,
0.0,
0.0,
0.0,
0.0,
0.0,
0.0,
0.0,
0.0,
10.0,
0.0,
0.0,
84.0,
218.0,
255.0,
255.0,
255.0,
255.0,
247.0,
255.0,
248.0,
96.0,
0.0,
10.0,
9.0,
4.0,
0.0,
0.0,
0.0,
0.0,
0.0,
0.0,
0.0,
0.0,
0.0,
0.0,
8.0,
0.0,
17.0,
139.0,
246.0,
255.0,
246.0,
253.0,
163.0,
164.0,
209.0,
252.0,
248.0,
234.0,
230.0,
218.0,
19.0,
10.0,
0.0,
0.0,
0.0,
0.0,
0.0,
0.0,
0.0,
0.0,
0.0,
0.0,
0.0,
8.0,
145.0,
251.0,
247.0,
219.0,
71.0,
0.0,
0.0,
0.0,
0.0,
174.0,
243.0,
254.0,
255.0,
255.0,
83.0,
13.0,
0.0,
5.0,
0.0,
0.0,
0.0,
0.0,
0.0,
0.0,
0.0,
0.0,
0.0,
30.0,
253.0,
255.0,
168.0,
45.0,
0.0,
4.0,
0.0,
7.0,
62.0,
229.0,
255.0,
244.0,
255.0,
247.0,
52.0,
3.0,
0.0,
6.0,
0.0,
0.0,
0.0,
0.0,
0.0,
0.0,
0.0,
0.0,
7.0,
170.0,
252.0,
255.0,
34.0,
0.0,
22.0,
0.0,
3.0,
120.0,
251.0,
242.0,
253.0,
255.0,
141.0,
23.0,
14.0,
0.0,
0.0,
5.0,
0.0,
0.0,
0.0,
0.0,
0.0,
0.0,
0.0,
0.0,
28.0,
242.0,
255.0,
212.0,
4.0,
6.0,
0.0,
0.0,
212.0,
240.0,
253.0,
255.0,
195.0,
35.0,
2.0,
6.0,
0.0,
0.0,
0.0,
3.0,
0.0,
0.0,
0.0,
0.0,
0.0,
0.0,
0.0,
0.0,
0.0,
255.0,
255.0,
255.0,
51.0,
0.0,
0.0,
185.0,
249.0,
252.0,
255.0,
190.0,
30.0,
0.0,
3.0,
0.0,
0.0,
0.0,
3.0,
0.0,
0.0,
0.0,
0.0,
0.0,
0.0,
0.0,
0.0,
0.0,
17.0,
163.0,
240.0,
250.0,
227.0,
115.0,
210.0,
248.0,
255.0,
255.0,
92.0,
9.0,
0.0,
0.0,
8.0,
1.0,
2.0,
5.0,
2.0,
0.0,
0.0,
0.0,
0.0,
0.0,
0.0,
0.0,
0.0,
0.0,
0.0,
39.0,
225.0,
255.0,
240.0,
254.0,
255.0,
244.0,
255.0,
69.0,
3.0,
4.0,
0.0,
1.0,
9.0,
0.0,
2.0,
5.0,
0.0,
0.0,
0.0,
0.0,
0.0,
0.0,
0.0,
0.0,
0.0,
0.0,
7.0,
0.0,
53.0,
216.0,
255.0,
255.0,
236.0,
255.0,
49.0,
8.0,
13.0,
0.0,
11.0,
0.0,
0.0,
5.0,
0.0,
3.0,
0.0,
0.0,
0.0,
5.0,
0.0,
0.0,
1.0,
6.0,
12.0,
0.0,
0.0,
10.0,
20.0,
241.0,
236.0,
255.0,
254.0,
255.0,
0.0,
3.0,
0.0,
0.0,
5.0,
2.0,
0.0,
3.0,
0.0,
0.0,
0.0,
0.0,
4.0,
0.0,
1.0,
7.0,
0.0,
0.0,
0.0,
5.0,
13.0,
0.0,
204.0,
247.0,
255.0,
255.0,
245.0,
255.0,
84.0,
0.0,
0.0,
4.0,
0.0,
0.0,
2.0,
0.0,
0.0,
0.0,
0.0,
0.0,
3.0,
0.0,
1.0,
13.0,
0.0,
0.0,
0.0,
5.0,
0.0,
189.0,
245.0,
255.0,
160.0,
191.0,
255.0,
255.0,
175.0,
0.0,
0.0,
8.0,
0.0,
0.0,
10.0,
0.0,
0.0,
0.0,
0.0,
0.0,
0.0,
0.0,
0.0,
4.0,
0.0,
14.0,
0.0,
0.0,
37.0,
253.0,
255.0,
255.0,
26.0,
17.0,
255.0,
251.0,
195.0,
0.0,
3.0,
1.0,
0.0,
0.0,
7.0,
0.0,
0.0,
0.0,
0.0,
0.0,
5.0,
2.0,
0.0,
1.0,
0.0,
8.0,
0.0,
23.0,
196.0,
246.0,
255.0,
107.0,
2.0,
97.0,
243.0,
255.0,
139.0,
0.0,
8.0,
0.0,
4.0,
0.0,
0.0,
2.0,
0.0,
0.0,
0.0,
0.0,
4.0,
0.0,
0.0,
10.0,
0.0,
0.0,
4.0,
121.0,
241.0,
255.0,
152.0,
0.0,
67.0,
249.0,
242.0,
224.0,
60.0,
0.0,
9.0,
0.0,
8.0,
2.0,
0.0,
5.0,
0.0,
0.0,
0.0,
0.0,
0.0,
3.0,
0.0,
10.0,
0.0,
0.0,
12.0,
181.0,
253.0,
255.0,
191.0,
175.0,
222.0,
244.0,
255.0,
132.0,
9.0,
0.0,
5.0,
0.0,
6.0,
4.0,
0.0,
3.0,
0.0,
0.0,
0.0,
0.0,
0.0,
14.0,
0.0,
0.0,
0.0,
0.0,
0.0,
166.0,
255.0,
251.0,
248.0,
255.0,
254.0,
255.0,
168.0,
6.0,
0.0,
0.0,
1.0,
3.0,
2.0,
3.0,
0.0,
0.0,
0.0,
0.0,
0.0,
0.0,
0.0,
7.0,
0.0,
1.0,
6.0,
0.0,
15.0,
133.0,
251.0,
244.0,
255.0,
250.0,
255.0,
187.0,
16.0,
0.0,
0.0,
0.0,
0.0,
0.0,
0.0,
0.0,
0.0,
0.0,
0.0,
0.0,
0.0,
0.0,
0.0,
9.0,
0.0,
0.0,
12.0,
6.0,
0.0,
18.0,
12.0,
0.0,
2.0,
0.0,
11.0,
19.0,
0.0,
17.0,
0.0,
0.0,
0.0,
0.0,
0.0,
0.0,
0.0,
0.0,
0.0,
0.0,
0.0,
0.0,
0.0,
10.0,
1.0,
0.0,
0.0,
7.0,
0.0,
0.0,
1.0,
0.0,
5.0,
0.0,
0.0,
0.0,
0.0,
8.0,
0.0,
0.0,
0.0,
0.0,
0.0,
0.0,
0.0,
0.0,
0.0,
0.0,
0.0,
0.0,
0.0,
1.0,
5.0,
3.0,
0.0,
0.0,
4.0,
14.0,
0.0,
0.0,
0.0,
11.0,
10.0,
3.0,
4.0,
0.0,
0.0,
0.0,
0.0,
0.0,
0.0,
0.0,
0.0,
0.0,
0.0,
0.0,
0.0,
0.0,
