0.0,
3.0,
0.0,
24.0,
0.0,
0.0,
5.0,
0.0,
7.0,
4.0,
0.0,
23.0,
0.0,
0.0,
8.0,
0.0,
0.0,
6.0,
2.0,
0.0,
8.0,
12.0,
0.0,
8.0,
0.0,
0.0,
0.0,
0.0,
0.0,
5.0,
3.0,
0.0,
0.0,
15.0,
3.0,
0.0,
0.0,
0.0,
18.0,
0.0,
7.0,
18.0,
3.0,
0.0,
0.0,
0.0,
16.0,
7.0,
0.0,
0.0,
8.0,
0.0,
0.0,
0.0,
0.0,
0.0,
0.0,
0.0,
9.0,
0.0,
3.0,
0.0,
3.0,
4.0,
7.0,
0.0,
0.0,
0.0,
0.0,
9.0,
0.0,
12.0,
17.0,
0.0,
0.0,
0.0,
18.0,
0.0,
0.0,
0.0,
0.0,
0.0,
0.0,
0.0,
0.0,
0.0,
1.0,
13.0,
2.0,
0.0,
10.0,
0.0,
0.0,
10.0,
1.0,
9.0,
0.0,
0.0,
7.0,
0.0,
0.0,
9.0,
19.0,
0.0,
3.0,
0.0,
0.0,
12.0,
0.0,
0.0,
0.0,
0.0,
2.0,
0.0,
0.0,
0.0,
0.0,
7.0,
0.0,
15.0,
6.0,
39.0,
142.0,
116.0,
120.0,
44.0,
161.0,
232.0,
234.0,
128.0,
138.0,
148.0,
122.0,
39.0,
0.0,
6.0,
0.0,
0.0,
0.0,
0.0,
3.0,
0.0,
5.0,
0.0,
0.0,
7.0,
0.0,
144.0,
179.0,
255.0,
241.0,
24.0,
125.0,
225.0,
241.0,
246.0,
254.0,
255.0,
203.0,
174.0,
255.0,
229.0,
57.0,
1.0,
0.0,
0.0,
0.0,
0.0,
0.0,
0.0,
5.0,
6.0,
0.0,
13.0,
91.0,
246.0,
252.0,
238.0,
255.0,
135.0,
92.0,
220.0,
186.0,
62.0,
176.0,
150.0,
170.0,
255.0,
253.0,
255.0,
175.0,
0.0,
0.0,
0.0,
0.0,
0.0,
0.0,
10.0,
0.0,
1.0,
0.0,
59.0,
255.0,
241.0,
248.0,
242.0,
137.0,
13.0,
30.0,
17.0,
0.0,
8.0,
0.0,
7.0,
4.0,
182.0,
243.0,
248.0,
170.0,
2.0,
0.0,
0.0,
0.0,
0.0,
0.0,
0.0,
8.0,
15.0,
0.0,
78.0,
255.0,
252.0,
173.0,
81.0,
5.0,
2.0,
3.0,
9.0,
0.0,
7.0,
0.0,
21.0,
0.0,
101.0,
255.0,
251.0,
255.0,
19.0,
0.0,
0.0,
0.0,
0.0,
21.0,
0.0,
0.0,
1.0,
23.0,
221.0,
255.0,
243.0,
126.0,
0.0,
0.0,
9.0,
0.0,
0.0,
21.0,
0.0,
3.0,
0.0,
14.0,
153.0,
238.0,
249.0,
249.0,
27.0,
0.0,
0.0,
0.0,
0.0,
0.0,
1.0,
6.0,
2.0,
14.0,
255.0,
232.0,
255.0,
157.0,
217.0,
193.0,
76.0,
7.0,
3.0,
0.0,
1.0,
6.0,
61.0,
196.0,
240.0,
255.0,
255.0,
248.0,
28.0,
0.0,
0.0,
0.0,
0.0,
0.0,
6.0,
3.0,
2.0,
26.0,
255.0,
244.0,
255.0,
255.0,
243.0,
254.0,
216.0,
8.0,
2.0,
6.0,
0.0,
0.0,
190.0,
239.0,
255.0,
255.0,
237.0,
200.0,
0.0,
0.0,
0.0,
0.0,
0.0,
8.0,
0.0,
0.0,
0.0,
22.0,
172.0,
255.0,
255.0,
251.0,
255.0,
255.0,
255.0,
111.0,
55.0,
44.0,
136.0,
218.0,
250.0,
255.0,
255.0,
243.0,
239.0,
16.0,
0.0,
0.0,
0.0,
0.0,
0.0,
0.0,
0.0,
5.0,
3.0,
0.0,
67.0,
250.0,
255.0,
254.0,
242.0,
246.0,
244.0,
246.0,
255.0,
252.0,
245.0,
255.0,
242.0,
229.0,
253.0,
252.0,
109.0,
2.0,
4.0,
0.0,
0.0,
0.0,
0.0,
7.0,
5.0,
5.0,
0.0,
0.0,
105.0,
249.0,
246.0,
255.0,
241.0,
255.0,
253.0,
255.0,
255.0,
255.0,
251.0,
250.0,
249.0,
255.0,
251.0,
255.0,
80.0,
3.0,
0.0,
0.0,
0.0,
0.0,
0.0,
0.0,
0.0,
1.0,
0.0,
2.0,
168.0,
250.0,
255.0,
243.0,
255.0,
251.0,
250.0,
251.0,
255.0,
231.0,
255.0,
245.0,
255.0,
244.0,
246.0,
255.0,
176.0,
2.0,
0.0,
0.0,
0.0,
0.0,
0.0,
0.0,
6.0,
6.0,
0.0,
32.0,
251.0,
246.0,
192.0,
0.0,
29.0,
109.0,
112.0,
221.0,
234.0,
214.0,
126.0,
0.0,
72.0,
246.0,
255.0,
255.0,
195.0,
8.0,
0.0,
0.0,
0.0,
0.0,
0.0,
1.0,
8.0,
0.0,
0.0,
17.0,
203.0,
250.0,
176.0,
14.0,
0.0,
2.0,
7.0,
4.0,
0.0,
15.0,
0.0,
3.0,
48.0,
255.0,
247.0,
248.0,
197.0,
0.0,
10.0,
0.0,
0.0,
0.0,
0.0,
0.0,
7.0,
0.0,
5.0,
4.0,
143.0,
255.0,
226.0,
120.0,
17.0,
0.0,
15.0,
0.0,
12.0,
0.0,
0.0,
8.0,
53.0,
255.0,
255.0,
244.0,
194.0,
6.0,
9.0,
0.0,
0.0,
0.0,
0.0,
0.0,
7.0,
0.0,
2.0,
0.0,
80.0,
243.0,
255.0,
255.0,
236.0,
138.0,
102.0,
9.0,
0.0,
5.0,
2.0,
0.0,
151.0,
247.0,
245.0,
255.0,
152.0,
0.0,
0.0,
0.0,
0.0,
0.0,
0.0,
0.0,
5.0,
4.0,
0.0,
0.0,
21.0,
123.0,
214.0,
244.0,
251.0,
255.0,
243.0,
252.0,
255.0,
168.0,
139.0,
168.0,
249.0,
255.0,
247.0,
106.0,
0.0,
2.0,
0.0,
0.0,
0.0,
0.0,
0.0,
0.0,
0.0,
3.0,
0.0,
7.0,
0.0,
10.0,
86.0,
163.0,
243.0,
245.0,
252.0,
255.0,
245.0,
254.0,
255.0,
253.0,
242.0,
243.0,
253.0,
106.0,
23.0,
7.0,
0.0,
0.0,
0.0,
0.0,
0.0,
0.0,
0.0,
0.0,
0.0,
6.0,
5.0,
0.0,
10.0,
4.0,
84.0,
182.0,
233.0,
255.0,
255.0,
230.0,
255.0,
255.0,
240.0,
255.0,
255.0,
22.0,
0.0,
0.0,
6.0,
0.0,
0.0,
0.0,
0.0,
2.0,
8.0,
0.0,
2.0,
0.0,
8.0,
3.0,
0.0,
0.0,
0.0,
0.0,
70.0,
138.0,
223.0,
253.0,
254.0,
187.0,
218.0,
153.0,
144.0,
5.0,
7.0,
0.0,
2.0,
0.0,
0.0,
0.0,
0.0,
0.0,
0.0,
0.0,
0.0,
0.0,
0.0,
0.0,
0.0,
0.0,
0.0,
0.0,
0.0,
0.0,
0.0,
0.0,
0.0,
0.0,
0.0,
0.0,
0.0,
0.0,
0.0,
0.0,
0.0,
0.0,
0.0,
0.0,
0.0,
0.0,
0.0,
0.0,
0.0,
0.0,
0.0,
0.0,
0.0,
0.0,
0.0,
0.0,
0.0,
0.0,
0.0,
0.0,
0.0,
0.0,
0.0,
0.0,
0.0,
0.0,
0.0,
0.0,
0.0,
0.0,
0.0,
0.0,
0.0,
0.0,
0.0,
0.0,
0.0,
0.0,
0.0,
0.0,
0.0,
0.0,
0.0,
0.0,
0.0,
0.0,
0.0,
0.0,
0.0,
0.0,
0.0,
0.0,
0.0,
0.0,
0.0,
0.0,
0.0,
0.0,
0.0,
0.0,
0.0,
0.0,
0.0,
0.0,
0.0,
0.0,
0.0,
0.0,
0.0,
0.0,
0.0,
0.0,
0.0,
0.0,
0.0,
0.0,
0.0,
0.0,
0.0,
0.0,
0.0,
0.0,
0.0,
0.0,
0.0,
0.0,
0.0,
0.0,
0.0,
