0.0,
0.0,
0.0,
0.0,
1.0,
0.0,
0.0,
0.0,
0.0,
10.0,
0.0,
3.0,
3.0,
0.0,
13.0,
0.0,
0.0,
0.0,
0.0,
0.0,
0.0,
0.0,
0.0,
0.0,
0.0,
0.0,
0.0,
0.0,
0.0,
0.0,
0.0,
0.0,
0.0,
1.0,
1.0,
1.0,
0.0,
17.0,
7.0,
0.0,
2.0,
3.0,
6.0,
6.0,
0.0,
0.0,
0.0,
0.0,
0.0,
0.0,
0.0,
0.0,
0.0,
0.0,
0.0,
0.0,
0.0,
0.0,
0.0,
0.0,
0.0,
0.0,
2.0,
4.0,
0.0,
1.0,
2.0,
0.0,
4.0,
7.0,
0.0,
1.0,
0.0,
0.0,
0.0,
0.0,
0.0,
0.0,
0.0,
0.0,
0.0,
0.0,
0.0,
0.0,
0.0,
0.0,
0.0,
0.0,
0.0,
0.0,
0.0,
1.0,
16.0,
2.0,
0.0,
2.0,
4.0,
2.0,
1.0,
6.0,
0.0,
0.0,
0.0,
0.0,
0.0,
0.0,
0.0,
0.0,
0.0,
0.0,
0.0,
0.0,
0.0,
0.0,
2.0,
2.0,
0.0,
0.0,
0.0,
0.0,
0.0,
0.0,
2.0,
11.0,
0.0,
0.0,
28.0,
0.0,
0.0,
0.0,
0.0,
0.0,
0.0,
0.0,
0.0,
0.0,
0.0,
0.0,
0.0,
0.0,
0.0,
0.0,
3.0,
2.0,
0.0,
0.0,
0.0,
0.0,
3.0,
10.0,
1.0,
68.0,
160.0,
238.0,
223.0,
59.0,
0.0,
0.0,
0.0,
0.0,
0.0,
0.0,
0.0,
0.0,
0.0,
0.0,
0.0,
0.0,
0.0,
1.0,
2.0,
0.0,
0.0,
0.0,
4.0,
9.0,
7.0,
130.0,
213.0,
248.0,
255.0,
236.0,
139.0,
0.0,
0.0,
0.0,
0.0,
0.0,
0.0,
0.0,
0.0,
0.0,
0.0,
0.0,
0.0,
0.0,
0.0,
2.0,
1.0,
0.0,
0.0,
0.0,
10.0,
19.0,
175.0,
255.0,
254.0,
148.0,
74.0,
25.0,
0.0,
4.0,
0.0,
0.0,
0.0,
0.0,
0.0,
0.0,
0.0,
0.0,
0.0,
0.0,
0.0,
0.0,
0.0,
2.0,
1.0,
5.0,
0.0,
0.0,
85.0,
231.0,
241.0,
255.0,
159.0,
47.0,
45.0,
4.0,
0.0,
4.0,
1.0,
0.0,
26.0,
169.0,
117.0,
9.0,
13.0,
0.0,
0.0,
0.0,
0.0,
0.0,
4.0,
7.0,
0.0,
0.0,
0.0,
13.0,
116.0,
255.0,
255.0,
254.0,
247.0,
237.0,
247.0,
198.0,
185.0,
68.0,
4.0,
71.0,
241.0,
238.0,
78.0,
0.0,
0.0,
5.0,
0.0,
0.0,
0.0,
0.0,
0.0,
2.0,
4.0,
7.0,
4.0,
0.0,
26.0,
99.0,
87.0,
76.0,
128.0,
203.0,
221.0,
255.0,
255.0,
243.0,
213.0,
239.0,
215.0,
80.0,
0.0,
5.0,
23.0,
0.0,
0.0,
0.0,
0.0,
0.0,
3.0,
1.0,
0.0,
0.0,
3.0,
0.0,
0.0,
5.0,
0.0,
0.0,
14.0,
0.0,
16.0,
20.0,
178.0,
255.0,
255.0,
255.0,
125.0,
7.0,
0.0,
0.0,
14.0,
0.0,
0.0,
0.0,
0.0,
0.0,
8.0,
3.0,
0.0,
0.0,
4.0,
6.0,
3.0,
6.0,
0.0,
26.0,
0.0,
10.0,
0.0,
86.0,
255.0,
254.0,
242.0,
241.0,
238.0,
75.0,
0.0,
6.0,
0.0,
2.0,
0.0,
0.0,
0.0,
0.0,
0.0,
0.0,
9.0,
9.0,
2.0,
0.0,
0.0,
0.0,
4.0,
0.0,
0.0,
0.0,
161.0,
253.0,
235.0,
95.0,
5.0,
77.0,
255.0,
198.0,
30.0,
0.0,
0.0,
6.0,
0.0,
0.0,
0.0,
0.0,
1.0,
0.0,
2.0,
0.0,
0.0,
0.0,
9.0,
11.0,
6.0,
0.0,
15.0,
89.0,
228.0,
237.0,
66.0,
0.0,
5.0,
0.0,
76.0,
255.0,
169.0,
0.0,
0.0,
0.0,
0.0,
0.0,
0.0,
0.0,
9.0,
0.0,
0.0,
2.0,
3.0,
5.0,
1.0,
0.0,
0.0,
3.0,
73.0,
244.0,
227.0,
7.0,
0.0,
4.0,
0.0,
10.0,
19.0,
242.0,
227.0,
21.0,
0.0,
4.0,
0.0,
0.0,
0.0,
0.0,
0.0,
0.0,
0.0,
0.0,
0.0,
0.0,
0.0,
0.0,
0.0,
29.0,
240.0,
245.0,
18.0,
0.0,
3.0,
0.0,
3.0,
0.0,
8.0,
157.0,
247.0,
38.0,
11.0,
0.0,
0.0,
0.0,
0.0,
0.0,
0.0,
0.0,
0.0,
0.0,
0.0,
0.0,
0.0,
0.0,
0.0,
131.0,
244.0,
114.0,
2.0,
1.0,
0.0,
8.0,
4.0,
19.0,
0.0,
133.0,
255.0,
28.0,
0.0,
11.0,
0.0,
0.0,
0.0,
0.0,
0.0,
0.0,
0.0,
0.0,
0.0,
0.0,
0.0,
0.0,
42.0,
231.0,
255.0,
28.0,
7.0,
0.0,
0.0,
10.0,
0.0,
0.0,
11.0,
242.0,
193.0,
14.0,
0.0,
0.0,
0.0,
0.0,
0.0,
0.0,
0.0,
0.0,
0.0,
0.0,
0.0,
0.0,
0.0,
0.0,
136.0,
255.0,
249.0,
15.0,
15.0,
2.0,
0.0,
0.0,
24.0,
0.0,
58.0,
255.0,
194.0,
0.0,
0.0,
0.0,
0.0,
0.0,
0.0,
0.0,
0.0,
0.0,
0.0,
0.0,
0.0,
0.0,
0.0,
0.0,
134.0,
241.0,
208.0,
0.0,
0.0,
8.0,
9.0,
0.0,
0.0,
0.0,
149.0,
247.0,
146.0,
0.0,
0.0,
12.0,
0.0,
0.0,
0.0,
0.0,
0.0,
0.0,
0.0,
0.0,
0.0,
0.0,
0.0,
0.0,
61.0,
221.0,
246.0,
38.0,
0.0,
0.0,
0.0,
5.0,
6.0,
127.0,
248.0,
181.0,
18.0,
0.0,
4.0,
0.0,
0.0,
0.0,
0.0,
0.0,
0.0,
0.0,
0.0,
0.0,
0.0,
0.0,
0.0,
0.0,
0.0,
120.0,
240.0,
97.0,
17.0,
0.0,
9.0,
46.0,
197.0,
251.0,
196.0,
2.0,
7.0,
4.0,
0.0,
0.0,
0.0,
0.0,
0.0,
0.0,
0.0,
0.0,
0.0,
0.0,
0.0,
0.0,
0.0,
0.0,
2.0,
20.0,
210.0,
195.0,
163.0,
152.0,
206.0,
255.0,
255.0,
143.0,
22.0,
7.0,
0.0,
0.0,
0.0,
7.0,
0.0,
0.0,
0.0,
0.0,
0.0,
0.0,
0.0,
0.0,
0.0,
0.0,
0.0,
0.0,
0.0,
0.0,
35.0,
133.0,
234.0,
255.0,
241.0,
197.0,
40.0,
15.0,
0.0,
0.0,
3.0,
1.0,
0.0,
0.0,
0.0,
0.0,
0.0,
0.0,
0.0,
0.0,
0.0,
0.0,
0.0,
0.0,
0.0,
0.0,
6.0,
1.0,
1.0,
6.0,
7.0,
0.0,
0.0,
0.0,
17.0,
3.0,
0.0,
0.0,
2.0,
0.0,
0.0,
4.0,
0.0,
0.0,
0.0,
0.0,
0.0,
0.0,
0.0,
0.0,
0.0,
0.0,
0.0,
0.0,
0.0,
0.0,
0.0,
0.0,
0.0,
0.0,
4.0,
18.0,
0.0,
0.0,
0.0,
3.0,
2.0,
0.0,
0.0,
5.0,
0.0,
0.0,
0.0,
0.0,
0.0,
0.0,
0.0,
0.0,
0.0,
0.0,
0.0,
0.0,
5.0,
2.0,
1.0,
4.0,
7.0,
2.0,
0.0,
0.0,
0.0,
0.0,
3.0,
7.0,
4.0,
0.0,
0.0,
2.0,
0.0,
0.0,
0.0,
0.0,
