0.0,
0.0,
0.0,
0.0,
0.0,
0.0,
0.0,
0.0,
5.0,
1.0,
0.0,
1.0,
8.0,
9.0,
4.0,
0.0,
0.0,
7.0,
0.0,
0.0,
6.0,
7.0,
0.0,
2.0,
0.0,
0.0,
0.0,
0.0,
0.0,
0.0,
0.0,
0.0,
0.0,
0.0,
0.0,
0.0,
0.0,
1.0,
2.0,
0.0,
0.0,
0.0,
0.0,
10.0,
3.0,
6.0,
0.0,
0.0,
0.0,
0.0,
0.0,
4.0,
0.0,
0.0,
0.0,
0.0,
0.0,
0.0,
0.0,
0.0,
0.0,
0.0,
0.0,
0.0,
0.0,
12.0,
5.0,
2.0,
12.0,
4.0,
0.0,
0.0,
0.0,
0.0,
2.0,
11.0,
9.0,
0.0,
0.0,
0.0,
0.0,
0.0,
0.0,
0.0,
0.0,
0.0,
0.0,
0.0,
0.0,
0.0,
0.0,
0.0,
2.0,
6.0,
0.0,
0.0,
5.0,
6.0,
0.0,
6.0,
6.0,
0.0,
0.0,
0.0,
0.0,
0.0,
0.0,
13.0,
0.0,
0.0,
0.0,
0.0,
0.0,
0.0,
0.0,
0.0,
0.0,
0.0,
0.0,
0.0,
0.0,
8.0,
7.0,
2.0,
3.0,
0.0,
0.0,
6.0,
5.0,
7.0,
5.0,
3.0,
3.0,
0.0,
0.0,
0.0,
0.0,
0.0,
0.0,
0.0,
0.0,
0.0,
0.0,
0.0,
0.0,
0.0,
0.0,
0.0,
13.0,
2.0,
0.0,
0.0,
0.0,
5.0,
16.0,
18.0,
28.0,
45.0,
22.0,
0.0,
1.0,
9.0,
1.0,
1.0,
0.0,
0.0,
0.0,
0.0,
0.0,
0.0,
0.0,
0.0,
0.0,
0.0,
0.0,
0.0,
0.0,
0.0,
5.0,
62.0,
117.0,
182.0,
222.0,
216.0,
255.0,
254.0,
143.0,
19.0,
0.0,
4.0,
0.0,
0.0,
0.0,
0.0,
0.0,
0.0,
0.0,
0.0,
0.0,
0.0,
0.0,
0.0,
0.0,
0.0,
16.0,
49.0,
151.0,
238.0,
251.0,
239.0,
201.0,
135.0,
240.0,
250.0,
133.0,
0.0,
0.0,
12.0,
0.0,
0.0,
0.0,
0.0,
0.0,
0.0,
3.0,
0.0,
0.0,
13.0,
0.0,
0.0,
21.0,
67.0,
205.0,
245.0,
255.0,
225.0,
118.0,
10.0,
3.0,
0.0,
222.0,
106.0,
2.0,
0.0,
27.0,
67.0,
58.0,
69.0,
0.0,
0.0,
0.0,
0.0,
0.0,
10.0,
5.0,
0.0,
13.0,
0.0,
141.0,
227.0,
255.0,
233.0,
109.0,
11.0,
0.0,
16.0,
0.0,
6.0,
33.0,
5.0,
35.0,
111.0,
202.0,
161.0,
143.0,
97.0,
0.0,
0.0,
0.0,
0.0,
0.0,
2.0,
1.0,
3.0,
21.0,
189.0,
254.0,
236.0,
107.0,
14.0,
9.0,
0.0,
14.0,
0.0,
0.0,
46.0,
148.0,
250.0,
242.0,
208.0,
60.0,
0.0,
0.0,
16.0,
0.0,
0.0,
0.0,
0.0,
0.0,
0.0,
0.0,
0.0,
166.0,
235.0,
208.0,
13.0,
15.0,
0.0,
0.0,
2.0,
0.0,
122.0,
207.0,
255.0,
251.0,
203.0,
85.0,
0.0,
0.0,
10.0,
31.0,
0.0,
0.0,
0.0,
0.0,
0.0,
16.0,
0.0,
2.0,
0.0,
240.0,
255.0,
46.0,
0.0,
0.0,
4.0,
4.0,
25.0,
182.0,
255.0,
248.0,
135.0,
24.0,
8.0,
8.0,
0.0,
1.0,
0.0,
0.0,
0.0,
0.0,
0.0,
0.0,
0.0,
0.0,
9.0,
4.0,
7.0,
228.0,
245.0,
83.0,
0.0,
18.0,
0.0,
19.0,
206.0,
244.0,
168.0,
69.0,
16.0,
3.0,
0.0,
0.0,
11.0,
0.0,
17.0,
0.0,
19.0,
0.0,
0.0,
0.0,
0.0,
3.0,
9.0,
0.0,
0.0,
56.0,
255.0,
241.0,
219.0,
162.0,
126.0,
213.0,
255.0,
151.0,
0.0,
0.0,
4.0,
2.0,
0.0,
8.0,
0.0,
11.0,
0.0,
8.0,
0.0,
0.0,
0.0,
0.0,
0.0,
1.0,
0.0,
10.0,
0.0,
7.0,
31.0,
186.0,
248.0,
252.0,
245.0,
255.0,
255.0,
252.0,
255.0,
194.0,
147.0,
153.0,
121.0,
38.0,
40.0,
20.0,
0.0,
10.0,
2.0,
0.0,
0.0,
0.0,
0.0,
0.0,
0.0,
2.0,
3.0,
0.0,
0.0,
12.0,
29.0,
142.0,
255.0,
195.0,
167.0,
167.0,
203.0,
254.0,
253.0,
242.0,
255.0,
255.0,
232.0,
217.0,
188.0,
28.0,
0.0,
0.0,
0.0,
0.0,
0.0,
0.0,
0.0,
2.0,
3.0,
0.0,
0.0,
1.0,
11.0,
126.0,
223.0,
64.0,
0.0,
17.0,
7.0,
31.0,
25.0,
122.0,
81.0,
171.0,
234.0,
243.0,
241.0,
237.0,
144.0,
0.0,
0.0,
0.0,
0.0,
0.0,
0.0,
1.0,
3.0,
0.0,
0.0,
0.0,
0.0,
187.0,
255.0,
67.0,
0.0,
4.0,
15.0,
0.0,
4.0,
1.0,
1.0,
0.0,
20.0,
11.0,
102.0,
226.0,
203.0,
0.0,
0.0,
0.0,
0.0,
0.0,
0.0,
0.0,
2.0,
4.0,
2.0,
0.0,
0.0,
97.0,
251.0,
200.0,
6.0,
0.0,
0.0,
20.0,
12.0,
0.0,
0.0,
0.0,
0.0,
18.0,
0.0,
166.0,
255.0,
0.0,
0.0,
0.0,
0.0,
1.0,
0.0,
0.0,
0.0,
2.0,
5.0,
4.0,
2.0,
8.0,
182.0,
225.0,
214.0,
70.0,
0.0,
11.0,
0.0,
0.0,
15.0,
0.0,
4.0,
13.0,
197.0,
253.0,
184.0,
0.0,
0.0,
0.0,
0.0,
2.0,
3.0,
0.0,
0.0,
0.0,
1.0,
1.0,
0.0,
0.0,
15.0,
221.0,
246.0,
240.0,
200.0,
132.0,
77.0,
48.0,
0.0,
39.0,
111.0,
193.0,
255.0,
193.0,
54.0,
0.0,
0.0,
0.0,
0.0,
0.0,
4.0,
3.0,
0.0,
0.0,
0.0,
0.0,
0.0,
11.0,
0.0,
0.0,
177.0,
227.0,
239.0,
255.0,
253.0,
249.0,
235.0,
232.0,
255.0,
213.0,
121.0,
8.0,
12.0,
0.0,
0.0,
0.0,
0.0,
0.0,
3.0,
6.0,
1.0,
0.0,
2.0,
2.0,
0.0,
0.0,
8.0,
2.0,
4.0,
0.0,
80.0,
92.0,
199.0,
181.0,
222.0,
192.0,
83.0,
54.0,
3.0,
0.0,
1.0,
0.0,
0.0,
0.0,
0.0,
0.0,
0.0,
0.0,
0.0,
0.0,
0.0,
0.0,
0.0,
0.0,
0.0,
0.0,
0.0,
0.0,
0.0,
0.0,
0.0,
4.0,
4.0,
3.0,
2.0,
0.0,
0.0,
0.0,
0.0,
0.0,
0.0,
0.0,
0.0,
0.0,
0.0,
0.0,
0.0,
0.0,
0.0,
0.0,
0.0,
0.0,
0.0,
0.0,
0.0,
0.0,
0.0,
0.0,
0.0,
3.0,
2.0,
2.0,
1.0,
1.0,
0.0,
0.0,
0.0,
0.0,
0.0,
0.0,
0.0,
0.0,
0.0,
0.0,
0.0,
0.0,
0.0,
0.0,
0.0,
0.0,
0.0,
0.0,
0.0,
0.0,
0.0,
0.0,
0.0,
1.0,
1.0,
1.0,
1.0,
1.0,
0.0,
0.0,
0.0,
0.0,
0.0,
0.0,
0.0,
0.0,
0.0,
0.0,
0.0,
0.0,
0.0,
0.0,
0.0,
0.0,
0.0,
0.0,
0.0,
0.0,
0.0,
0.0,
0.0,
0.0,
0.0,
0.0,
0.0,
0.0,
1.0,
1.0,
2.0,
0.0,
0.0,
0.0,
0.0,
