0.0,
0.0,
0.0,
0.0,
0.0,
0.0,
0.0,
0.0,
0.0,
0.0,
8.0,
0.0,
0.0,
15.0,
0.0,
0.0,
0.0,
22.0,
0.0,
10.0,
0.0,
0.0,
13.0,
0.0,
0.0,
0.0,
0.0,
0.0,
0.0,
0.0,
0.0,
0.0,
0.0,
0.0,
0.0,
0.0,
4.0,
0.0,
0.0,
6.0,
4.0,
0.0,
1.0,
17.0,
25.0,
0.0,
0.0,
5.0,
0.0,
0.0,
0.0,
13.0,
0.0,
0.0,
0.0,
0.0,
0.0,
0.0,
0.0,
0.0,
0.0,
0.0,
0.0,
0.0,
0.0,
7.0,
0.0,
1.0,
0.0,
0.0,
12.0,
0.0,
0.0,
11.0,
1.0,
6.0,
0.0,
7.0,
7.0,
0.0,
0.0,
0.0,
0.0,
0.0,
0.0,
0.0,
0.0,
0.0,
0.0,
0.0,
0.0,
0.0,
7.0,
0.0,
0.0,
10.0,
7.0,
0.0,
10.0,
5.0,
8.0,
1.0,
0.0,
0.0,
0.0,
0.0,
0.0,
6.0,
0.0,
0.0,
0.0,
0.0,
0.0,
0.0,
0.0,
0.0,
0.0,
0.0,
0.0,
0.0,
0.0,
0.0,
16.0,
0.0,
0.0,
6.0,
0.0,
0.0,
4.0,
0.0,
15.0,
0.0,
0.0,
21.0,
0.0,
0.0,
0.0,
0.0,
0.0,
0.0,
0.0,
0.0,
0.0,
0.0,
0.0,
0.0,
0.0,
0.0,
8.0,
0.0,
0.0,
0.0,
45.0,
126.0,
153.0,
188.0,
250.0,
255.0,
191.0,
99.0,
25.0,
0.0,
10.0,
0.0,
0.0,
0.0,
0.0,
0.0,
0.0,
0.0,
0.0,
0.0,
0.0,
0.0,
0.0,
0.0,
0.0,
9.0,
75.0,
189.0,
255.0,
252.0,
226.0,
255.0,
246.0,
255.0,
252.0,
253.0,
163.0,
0.0,
0.0,
0.0,
0.0,
0.0,
0.0,
0.0,
0.0,
0.0,
0.0,
0.0,
0.0,
0.0,
0.0,
0.0,
37.0,
183.0,
247.0,
255.0,
243.0,
156.0,
72.0,
23.0,
30.0,
35.0,
215.0,
250.0,
236.0,
143.0,
0.0,
4.0,
0.0,
0.0,
0.0,
0.0,
0.0,
1.0,
1.0,
1.0,
0.0,
0.0,
2.0,
4.0,
255.0,
252.0,
252.0,
230.0,
83.0,
6.0,
14.0,
42.0,
90.0,
164.0,
236.0,
243.0,
255.0,
255.0,
0.0,
0.0,
0.0,
0.0,
0.0,
0.0,
0.0,
1.0,
1.0,
1.0,
0.0,
0.0,
2.0,
4.0,
254.0,
252.0,
248.0,
255.0,
210.0,
176.0,
237.0,
255.0,
255.0,
234.0,
251.0,
250.0,
222.0,
74.0,
0.0,
9.0,
0.0,
0.0,
0.0,
0.0,
0.0,
1.0,
1.0,
1.0,
0.0,
0.0,
2.0,
4.0,
254.0,
236.0,
255.0,
32.0,
8.0,
150.0,
199.0,
253.0,
246.0,
255.0,
255.0,
255.0,
100.0,
0.0,
5.0,
0.0,
0.0,
0.0,
0.0,
0.0,
0.0,
1.0,
1.0,
1.0,
0.0,
0.0,
2.0,
4.0,
255.0,
255.0,
199.0,
0.0,
0.0,
94.0,
219.0,
249.0,
254.0,
162.0,
102.0,
144.0,
0.0,
1.0,
0.0,
15.0,
0.0,
0.0,
0.0,
0.0,
0.0,
1.0,
1.0,
1.0,
0.0,
0.0,
2.0,
4.0,
255.0,
228.0,
253.0,
44.0,
111.0,
255.0,
251.0,
255.0,
118.0,
9.0,
11.0,
61.0,
18.0,
8.0,
0.0,
0.0,
0.0,
0.0,
0.0,
0.0,
0.0,
1.0,
1.0,
1.0,
0.0,
0.0,
2.0,
4.0,
247.0,
255.0,
242.0,
187.0,
241.0,
255.0,
244.0,
161.0,
0.0,
0.0,
8.0,
1.0,
0.0,
0.0,
18.0,
5.0,
0.0,
0.0,
0.0,
0.0,
0.0,
1.0,
1.0,
1.0,
0.0,
0.0,
2.0,
4.0,
74.0,
255.0,
247.0,
255.0,
255.0,
245.0,
225.0,
16.0,
6.0,
10.0,
0.0,
1.0,
3.0,
0.0,
0.0,
0.0,
0.0,
0.0,
0.0,
0.0,
0.0,
1.0,
1.0,
1.0,
0.0,
0.0,
2.0,
4.0,
22.0,
151.0,
255.0,
255.0,
242.0,
255.0,
119.0,
0.0,
0.0,
0.0,
18.0,
0.0,
0.0,
0.0,
2.0,
7.0,
0.0,
0.0,
0.0,
0.0,
0.0,
0.0,
0.0,
0.0,
0.0,
0.0,
0.0,
0.0,
0.0,
22.0,
120.0,
245.0,
255.0,
255.0,
207.0,
91.0,
10.0,
1.0,
0.0,
2.0,
0.0,
0.0,
0.0,
2.0,
0.0,
0.0,
0.0,
0.0,
0.0,
0.0,
0.0,
0.0,
0.0,
0.0,
0.0,
0.0,
1.0,
0.0,
126.0,
255.0,
244.0,
249.0,
255.0,
254.0,
212.0,
12.0,
29.0,
0.0,
5.0,
9.0,
0.0,
0.0,
0.0,
0.0,
0.0,
0.0,
0.0,
0.0,
0.0,
0.0,
0.0,
0.0,
0.0,
0.0,
8.0,
0.0,
108.0,
255.0,
252.0,
236.0,
222.0,
255.0,
243.0,
255.0,
111.0,
44.0,
0.0,
0.0,
6.0,
3.0,
0.0,
0.0,
0.0,
0.0,
0.0,
0.0,
0.0,
0.0,
0.0,
0.0,
0.0,
0.0,
0.0,
0.0,
147.0,
251.0,
255.0,
250.0,
3.0,
36.0,
168.0,
255.0,
245.0,
235.0,
63.0,
5.0,
0.0,
13.0,
0.0,
0.0,
0.0,
0.0,
0.0,
0.0,
0.0,
0.0,
0.0,
0.0,
0.0,
0.0,
0.0,
22.0,
93.0,
255.0,
254.0,
245.0,
62.0,
15.0,
19.0,
160.0,
255.0,
255.0,
173.0,
12.0,
3.0,
0.0,
0.0,
0.0,
0.0,
0.0,
0.0,
0.0,
0.0,
0.0,
0.0,
0.0,
0.0,
0.0,
0.0,
0.0,
67.0,
255.0,
255.0,
245.0,
101.0,
0.0,
5.0,
49.0,
241.0,
255.0,
194.0,
0.0,
0.0,
8.0,
0.0,
0.0,
0.0,
0.0,
0.0,
0.0,
0.0,
0.0,
0.0,
0.0,
0.0,
0.0,
0.0,
11.0,
0.0,
163.0,
248.0,
246.0,
224.0,
114.0,
43.0,
225.0,
255.0,
255.0,
155.0,
7.0,
7.0,
0.0,
0.0,
0.0,
0.0,
0.0,
0.0,
0.0,
0.0,
0.0,
0.0,
0.0,
0.0,
0.0,
0.0,
7.0,
0.0,
31.0,
208.0,
255.0,
250.0,
250.0,
243.0,
251.0,
255.0,
200.0,
24.0,
4.0,
0.0,
0.0,
0.0,
0.0,
0.0,
0.0,
0.0,
0.0,
0.0,
0.0,
0.0,
0.0,
0.0,
0.0,
3.0,
0.0,
0.0,
0.0,
22.0,
143.0,
250.0,
252.0,
255.0,
209.0,
118.0,
28.0,
0.0,
0.0,
5.0,
0.0,
0.0,
0.0,
0.0,
0.0,
0.0,
0.0,
0.0,
0.0,
0.0,
0.0,
0.0,
0.0,
6.0,
0.0,
9.0,
2.0,
0.0,
0.0,
13.0,
0.0,
0.0,
1.0,
0.0,
0.0,
0.0,
5.0,
3.0,
0.0,
0.0,
0.0,
0.0,
0.0,
0.0,
0.0,
0.0,
0.0,
0.0,
0.0,
0.0,
0.0,
1.0,
0.0,
0.0,
6.0,
1.0,
3.0,
12.0,
9.0,
1.0,
6.0,
6.0,
2.0,
0.0,
2.0,
4.0,
4.0,
0.0,
0.0,
0.0,
0.0,
0.0,
0.0,
0.0,
0.0,
0.0,
0.0,
0.0,
0.0,
2.0,
0.0,
0.0,
2.0,
3.0,
0.0,
0.0,
0.0,
0.0,
0.0,
0.0,
1.0,
0.0,
0.0,
0.0,
0.0,
0.0,
0.0,
0.0,
0.0,
