0.0,
0.0,
0.0,
0.0,
0.0,
0.0,
0.0,
0.0,
2.0,
8.0,
1.0,
0.0,
6.0,
8.0,
0.0,
0.0,
0.0,
9.0,
3.0,
0.0,
3.0,
3.0,
0.0,
4.0,
0.0,
0.0,
0.0,
0.0,
0.0,
0.0,
0.0,
0.0,
0.0,
0.0,
0.0,
0.0,
0.0,
0.0,
0.0,
0.0,
0.0,
0.0,
0.0,
14.0,
1.0,
0.0,
6.0,
1.0,
6.0,
3.0,
8.0,
0.0,
0.0,
0.0,
0.0,
0.0,
0.0,
0.0,
0.0,
0.0,
0.0,
0.0,
0.0,
0.0,
0.0,
6.0,
9.0,
1.0,
4.0,
14.0,
9.0,
0.0,
1.0,
0.0,
3.0,
1.0,
0.0,
0.0,
5.0,
0.0,
0.0,
0.0,
0.0,
0.0,
0.0,
0.0,
0.0,
0.0,
0.0,
0.0,
0.0,
0.0,
19.0,
0.0,
0.0,
0.0,
0.0,
0.0,
0.0,
0.0,
15.0,
0.0,
2.0,
0.0,
6.0,
0.0,
6.0,
5.0,
0.0,
0.0,
0.0,
0.0,
0.0,
0.0,
0.0,
0.0,
0.0,
0.0,
0.0,
0.0,
0.0,
0.0,
16.0,
16.0,
1.0,
3.0,
6.0,
0.0,
0.0,
2.0,
0.0,
0.0,
3.0,
0.0,
0.0,
8.0,
0.0,
0.0,
0.0,
0.0,
0.0,
0.0,
0.0,
0.0,
0.0,
0.0,
0.0,
0.0,
7.0,
0.0,
0.0,
8.0,
37.0,
123.0,
222.0,
255.0,
255.0,
183.0,
36.0,
0.0,
0.0,
26.0,
0.0,
0.0,
0.0,
0.0,
0.0,
0.0,
0.0,
0.0,
0.0,
0.0,
0.0,
0.0,
0.0,
0.0,
0.0,
15.0,
124.0,
240.0,
255.0,
242.0,
247.0,
255.0,
248.0,
247.0,
190.0,
141.0,
0.0,
3.0,
0.0,
12.0,
0.0,
0.0,
0.0,
0.0,
0.0,
0.0,
0.0,
0.0,
0.0,
0.0,
0.0,
0.0,
0.0,
119.0,
244.0,
255.0,
240.0,
255.0,
255.0,
206.0,
225.0,
255.0,
255.0,
235.0,
10.0,
0.0,
0.0,
0.0,
0.0,
0.0,
0.0,
0.0,
0.0,
0.0,
0.0,
0.0,
0.0,
0.0,
0.0,
0.0,
0.0,
228.0,
255.0,
251.0,
255.0,
170.0,
54.0,
42.0,
235.0,
247.0,
255.0,
228.0,
20.0,
0.0,
0.0,
8.0,
0.0,
0.0,
0.0,
0.0,
0.0,
0.0,
0.0,
0.0,
0.0,
0.0,
0.0,
0.0,
0.0,
251.0,
230.0,
217.0,
60.0,
17.0,
0.0,
178.0,
243.0,
248.0,
209.0,
99.0,
0.0,
10.0,
8.0,
0.0,
0.0,
0.0,
0.0,
0.0,
0.0,
0.0,
0.0,
0.0,
0.0,
0.0,
0.0,
0.0,
8.0,
207.0,
255.0,
237.0,
0.0,
0.0,
129.0,
255.0,
255.0,
198.0,
89.0,
0.0,
0.0,
1.0,
0.0,
5.0,
0.0,
0.0,
0.0,
0.0,
0.0,
0.0,
0.0,
0.0,
0.0,
0.0,
0.0,
0.0,
3.0,
186.0,
242.0,
244.0,
151.0,
78.0,
255.0,
245.0,
187.0,
19.0,
0.0,
5.0,
6.0,
0.0,
15.0,
0.0,
0.0,
0.0,
0.0,
0.0,
0.0,
0.0,
0.0,
0.0,
0.0,
0.0,
0.0,
0.0,
0.0,
25.0,
210.0,
255.0,
252.0,
255.0,
241.0,
211.0,
47.0,
1.0,
0.0,
0.0,
9.0,
1.0,
0.0,
4.0,
0.0,
0.0,
0.0,
0.0,
0.0,
0.0,
0.0,
0.0,
0.0,
0.0,
0.0,
0.0,
13.0,
12.0,
113.0,
242.0,
255.0,
252.0,
249.0,
113.0,
0.0,
0.0,
20.0,
7.0,
0.0,
0.0,
5.0,
2.0,
0.0,
0.0,
0.0,
0.0,
0.0,
0.0,
0.0,
0.0,
0.0,
0.0,
0.0,
0.0,
0.0,
5.0,
2.0,
105.0,
252.0,
250.0,
255.0,
217.0,
11.0,
0.0,
0.0,
0.0,
14.0,
3.0,
0.0,
2.0,
0.0,
0.0,
0.0,
0.0,
0.0,
0.0,
0.0,
0.0,
0.0,
0.0,
0.0,
0.0,
6.0,
0.0,
0.0,
168.0,
255.0,
242.0,
251.0,
255.0,
224.0,
46.0,
1.0,
1.0,
0.0,
0.0,
24.0,
0.0,
0.0,
0.0,
0.0,
0.0,
0.0,
0.0,
0.0,
0.0,
0.0,
0.0,
0.0,
0.0,
7.0,
0.0,
12.0,
206.0,
247.0,
239.0,
174.0,
254.0,
254.0,
156.0,
0.0,
0.0,
18.0,
0.0,
0.0,
4.0,
0.0,
0.0,
0.0,
0.0,
0.0,
0.0,
0.0,
0.0,
0.0,
0.0,
0.0,
0.0,
0.0,
0.0,
0.0,
165.0,
250.0,
156.0,
40.0,
133.0,
237.0,
255.0,
151.0,
0.0,
0.0,
7.0,
13.0,
0.0,
0.0,
0.0,
0.0,
0.0,
0.0,
0.0,
0.0,
0.0,
0.0,
0.0,
0.0,
0.0,
11.0,
8.0,
18.0,
236.0,
255.0,
168.0,
0.0,
9.0,
130.0,
218.0,
232.0,
142.0,
7.0,
0.0,
0.0,
8.0,
0.0,
0.0,
0.0,
0.0,
0.0,
0.0,
0.0,
0.0,
0.0,
0.0,
0.0,
0.0,
0.0,
0.0,
31.0,
239.0,
243.0,
165.0,
0.0,
8.0,
0.0,
129.0,
246.0,
255.0,
12.0,
6.0,
2.0,
0.0,
0.0,
0.0,
0.0,
0.0,
0.0,
0.0,
0.0,
0.0,
0.0,
0.0,
0.0,
0.0,
0.0,
0.0,
3.0,
115.0,
255.0,
196.0,
46.0,
0.0,
11.0,
2.0,
140.0,
250.0,
117.0,
0.0,
18.0,
0.0,
0.0,
0.0,
0.0,
0.0,
0.0,
0.0,
0.0,
0.0,
0.0,
0.0,
0.0,
0.0,
9.0,
7.0,
0.0,
25.0,
188.0,
255.0,
193.0,
52.0,
0.0,
12.0,
98.0,
255.0,
128.0,
2.0,
0.0,
12.0,
0.0,
0.0,
0.0,
0.0,
0.0,
0.0,
0.0,
0.0,
0.0,
0.0,
0.0,
0.0,
0.0,
4.0,
2.0,
0.0,
11.0,
173.0,
255.0,
235.0,
159.0,
63.0,
146.0,
229.0,
214.0,
6.0,
0.0,
0.0,
0.0,
0.0,
0.0,
0.0,
0.0,
0.0,
0.0,
0.0,
0.0,
0.0,
0.0,
0.0,
11.0,
0.0,
0.0,
7.0,
0.0,
14.0,
135.0,
255.0,
255.0,
237.0,
255.0,
255.0,
55.0,
7.0,
0.0,
3.0,
0.0,
0.0,
0.0,
0.0,
0.0,
0.0,
0.0,
0.0,
0.0,
0.0,
0.0,
0.0,
2.0,
0.0,
0.0,
4.0,
0.0,
0.0,
30.0,
72.0,
139.0,
226.0,
219.0,
180.0,
7.0,
2.0,
0.0,
15.0,
0.0,
0.0,
0.0,
0.0,
0.0,
0.0,
0.0,
0.0,
0.0,
0.0,
0.0,
0.0,
3.0,
0.0,
2.0,
7.0,
0.0,
0.0,
0.0,
18.0,
0.0,
2.0,
0.0,
12.0,
0.0,
21.0,
1.0,
0.0,
0.0,
0.0,
0.0,
0.0,
0.0,
0.0,
0.0,
0.0,
0.0,
0.0,
0.0,
0.0,
0.0,
0.0,
2.0,
7.0,
4.0,
0.0,
0.0,
0.0,
6.0,
0.0,
0.0,
6.0,
2.0,
0.0,
1.0,
1.0,
0.0,
0.0,
0.0,
0.0,
0.0,
0.0,
0.0,
0.0,
0.0,
0.0,
0.0,
0.0,
0.0,
0.0,
0.0,
0.0,
2.0,
7.0,
7.0,
4.0,
1.0,
0.0,
0.0,
1.0,
2.0,
0.0,
3.0,
5.0,
0.0,
0.0,
0.0,
0.0,
