0.0,
0.0,
0.0,
0.0,
0.0,
0.0,
0.0,
0.0,
6.0,
2.0,
6.0,
1.0,
0.0,
2.0,
10.0,
0.0,
0.0,
7.0,
0.0,
0.0,
6.0,
1.0,
0.0,
0.0,
0.0,
0.0,
0.0,
0.0,
0.0,
0.0,
0.0,
0.0,
0.0,
0.0,
0.0,
0.0,
0.0,
0.0,
0.0,
8.0,
4.0,
0.0,
4.0,
7.0,
1.0,
2.0,
0.0,
0.0,
0.0,
0.0,
1.0,
5.0,
0.0,
0.0,
0.0,
0.0,
0.0,
0.0,
0.0,
0.0,
0.0,
0.0,
0.0,
0.0,
0.0,
3.0,
1.0,
1.0,
8.0,
6.0,
0.0,
0.0,
0.0,
1.0,
7.0,
7.0,
3.0,
0.0,
0.0,
1.0,
0.0,
0.0,
0.0,
0.0,
0.0,
0.0,
0.0,
0.0,
0.0,
0.0,
0.0,
0.0,
3.0,
3.0,
0.0,
0.0,
7.0,
3.0,
0.0,
10.0,
2.0,
0.0,
0.0,
0.0,
0.0,
4.0,
0.0,
0.0,
0.0,
0.0,
0.0,
0.0,
0.0,
0.0,
0.0,
0.0,
0.0,
0.0,
0.0,
0.0,
0.0,
12.0,
15.0,
1.0,
0.0,
0.0,
0.0,
0.0,
13.0,
0.0,
5.0,
19.0,
8.0,
0.0,
0.0,
1.0,
0.0,
0.0,
0.0,
0.0,
0.0,
0.0,
0.0,
0.0,
0.0,
0.0,
0.0,
0.0,
16.0,
0.0,
0.0,
11.0,
6.0,
0.0,
35.0,
135.0,
202.0,
255.0,
245.0,
76.0,
0.0,
10.0,
25.0,
0.0,
0.0,
0.0,
0.0,
0.0,
0.0,
0.0,
0.0,
0.0,
0.0,
0.0,
0.0,
0.0,
0.0,
13.0,
16.0,
0.0,
35.0,
138.0,
228.0,
255.0,
246.0,
255.0,
255.0,
167.0,
28.0,
0.0,
0.0,
8.0,
0.0,
0.0,
0.0,
0.0,
0.0,
0.0,
0.0,
0.0,
0.0,
0.0,
0.0,
0.0,
5.0,
0.0,
66.0,
189.0,
250.0,
254.0,
254.0,
255.0,
255.0,
240.0,
210.0,
73.0,
0.0,
11.0,
23.0,
15.0,
0.0,
0.0,
0.0,
0.0,
0.0,
0.0,
0.0,
0.0,
0.0,
0.0,
0.0,
0.0,
8.0,
31.0,
253.0,
240.0,
255.0,
255.0,
242.0,
210.0,
132.0,
72.0,
5.0,
0.0,
18.0,
136.0,
220.0,
122.0,
0.0,
0.0,
0.0,
0.0,
0.0,
0.0,
0.0,
0.0,
0.0,
0.0,
0.0,
0.0,
0.0,
67.0,
236.0,
255.0,
247.0,
149.0,
84.0,
0.0,
0.0,
0.0,
8.0,
99.0,
204.0,
255.0,
253.0,
152.0,
0.0,
0.0,
0.0,
0.0,
0.0,
0.0,
0.0,
0.0,
0.0,
0.0,
0.0,
0.0,
0.0,
31.0,
214.0,
230.0,
253.0,
62.0,
0.0,
16.0,
0.0,
90.0,
194.0,
237.0,
255.0,
255.0,
236.0,
111.0,
0.0,
0.0,
0.0,
0.0,
0.0,
0.0,
0.0,
0.0,
0.0,
0.0,
0.0,
0.0,
3.0,
0.0,
101.0,
248.0,
255.0,
152.0,
0.0,
83.0,
148.0,
223.0,
254.0,
246.0,
255.0,
170.0,
72.0,
6.0,
0.0,
0.0,
0.0,
0.0,
0.0,
0.0,
0.0,
0.0,
0.0,
0.0,
0.0,
0.0,
3.0,
0.0,
40.0,
240.0,
246.0,
228.0,
230.0,
247.0,
249.0,
255.0,
255.0,
182.0,
106.0,
7.0,
7.0,
0.0,
0.0,
0.0,
0.0,
0.0,
0.0,
0.0,
0.0,
0.0,
0.0,
0.0,
0.0,
0.0,
17.0,
0.0,
1.0,
98.0,
255.0,
246.0,
244.0,
255.0,
250.0,
224.0,
124.0,
6.0,
9.0,
0.0,
0.0,
9.0,
0.0,
0.0,
0.0,
0.0,
0.0,
0.0,
0.0,
0.0,
0.0,
0.0,
0.0,
0.0,
0.0,
5.0,
128.0,
248.0,
244.0,
255.0,
255.0,
237.0,
128.0,
29.0,
0.0,
0.0,
3.0,
0.0,
3.0,
0.0,
0.0,
0.0,
0.0,
0.0,
0.0,
0.0,
0.0,
0.0,
0.0,
0.0,
0.0,
0.0,
44.0,
219.0,
249.0,
255.0,
254.0,
241.0,
255.0,
248.0,
5.0,
0.0,
1.0,
8.0,
0.0,
1.0,
3.0,
0.0,
0.0,
0.0,
0.0,
0.0,
1.0,
0.0,
4.0,
5.0,
0.0,
5.0,
2.0,
51.0,
255.0,
245.0,
247.0,
255.0,
173.0,
179.0,
249.0,
255.0,
123.0,
0.0,
7.0,
4.0,
0.0,
8.0,
0.0,
5.0,
0.0,
0.0,
0.0,
0.0,
0.0,
9.0,
0.0,
0.0,
5.0,
0.0,
8.0,
153.0,
255.0,
255.0,
245.0,
109.0,
26.0,
27.0,
246.0,
251.0,
123.0,
0.0,
0.0,
0.0,
5.0,
4.0,
0.0,
0.0,
0.0,
0.0,
0.0,
0.0,
0.0,
9.0,
0.0,
3.0,
14.0,
0.0,
0.0,
174.0,
249.0,
234.0,
101.0,
2.0,
0.0,
13.0,
187.0,
245.0,
238.0,
83.0,
8.0,
0.0,
0.0,
0.0,
7.0,
9.0,
0.0,
0.0,
0.0,
0.0,
3.0,
0.0,
0.0,
0.0,
0.0,
4.0,
63.0,
230.0,
254.0,
166.0,
0.0,
2.0,
0.0,
0.0,
106.0,
255.0,
255.0,
61.0,
0.0,
0.0,
2.0,
0.0,
7.0,
0.0,
0.0,
0.0,
0.0,
0.0,
3.0,
0.0,
0.0,
0.0,
0.0,
10.0,
87.0,
255.0,
248.0,
73.0,
0.0,
7.0,
1.0,
0.0,
133.0,
250.0,
232.0,
4.0,
0.0,
11.0,
1.0,
9.0,
0.0,
0.0,
0.0,
0.0,
0.0,
0.0,
0.0,
8.0,
0.0,
2.0,
10.0,
0.0,
44.0,
255.0,
255.0,
124.0,
60.0,
0.0,
21.0,
86.0,
211.0,
255.0,
231.0,
4.0,
3.0,
6.0,
0.0,
4.0,
1.0,
4.0,
0.0,
0.0,
0.0,
0.0,
0.0,
7.0,
0.0,
0.0,
3.0,
0.0,
33.0,
207.0,
246.0,
255.0,
246.0,
205.0,
213.0,
237.0,
252.0,
254.0,
129.0,
0.0,
0.0,
4.0,
0.0,
5.0,
0.0,
4.0,
0.0,
0.0,
0.0,
0.0,
2.0,
0.0,
2.0,
9.0,
0.0,
0.0,
0.0,
55.0,
249.0,
253.0,
250.0,
255.0,
255.0,
236.0,
255.0,
246.0,
62.0,
1.0,
0.0,
0.0,
8.0,
0.0,
0.0,
0.0,
0.0,
0.0,
0.0,
0.0,
0.0,
0.0,
0.0,
0.0,
0.0,
0.0,
0.0,
0.0,
17.0,
90.0,
180.0,
241.0,
255.0,
212.0,
112.0,
23.0,
0.0,
0.0,
0.0,
0.0,
0.0,
0.0,
0.0,
0.0,
0.0,
0.0,
0.0,
0.0,
0.0,
0.0,
0.0,
0.0,
0.0,
0.0,
0.0,
0.0,
0.0,
2.0,
1.0,
0.0,
1.0,
12.0,
8.0,
0.0,
0.0,
0.0,
0.0,
0.0,
0.0,
0.0,
0.0,
0.0,
0.0,
0.0,
0.0,
0.0,
0.0,
0.0,
0.0,
0.0,
0.0,
0.0,
0.0,
0.0,
0.0,
2.0,
6.0,
3.0,
0.0,
0.0,
0.0,
0.0,
0.0,
0.0,
0.0,
0.0,
0.0,
0.0,
0.0,
0.0,
0.0,
0.0,
0.0,
0.0,
0.0,
0.0,
0.0,
0.0,
0.0,
0.0,
0.0,
0.0,
5.0,
3.0,
1.0,
0.0,
0.0,
0.0,
0.0,
8.0,
0.0,
0.0,
0.0,
0.0,
0.0,
0.0,
0.0,
0.0,
0.0,
0.0,
0.0,
0.0,
