0.0,
0.0,
0.0,
0.0,
0.0,
0.0,
0.0,
0.0,
9.0,
0.0,
4.0,
13.0,
0.0,
4.0,
0.0,
9.0,
7.0,
2.0,
0.0,
4.0,
10.0,
4.0,
3.0,
0.0,
0.0,
0.0,
0.0,
0.0,
0.0,
0.0,
0.0,
0.0,
0.0,
0.0,
0.0,
0.0,
0.0,
0.0,
0.0,
4.0,
2.0,
21.0,
0.0,
0.0,
0.0,
0.0,
0.0,
0.0,
0.0,
0.0,
5.0,
9.0,
0.0,
0.0,
0.0,
0.0,
0.0,
0.0,
0.0,
0.0,
0.0,
0.0,
0.0,
0.0,
1.0,
7.0,
0.0,
2.0,
0.0,
0.0,
0.0,
23.0,
1.0,
4.0,
8.0,
7.0,
7.0,
6.0,
0.0,
0.0,
0.0,
0.0,
0.0,
0.0,
0.0,
0.0,
0.0,
0.0,
0.0,
0.0,
0.0,
0.0,
1.0,
9.0,
0.0,
5.0,
10.0,
0.0,
0.0,
0.0,
0.0,
0.0,
0.0,
0.0,
0.0,
4.0,
1.0,
9.0,
0.0,
0.0,
0.0,
0.0,
0.0,
0.0,
0.0,
0.0,
0.0,
0.0,
0.0,
0.0,
0.0,
7.0,
6.0,
0.0,
4.0,
8.0,
10.0,
0.0,
7.0,
0.0,
13.0,
9.0,
2.0,
0.0,
0.0,
3.0,
0.0,
0.0,
0.0,
0.0,
0.0,
0.0,
0.0,
0.0,
0.0,
0.0,
0.0,
0.0,
17.0,
0.0,
0.0,
0.0,
2.0,
0.0,
0.0,
0.0,
2.0,
0.0,
2.0,
0.0,
0.0,
11.0,
0.0,
0.0,
0.0,
0.0,
0.0,
0.0,
0.0,
0.0,
0.0,
0.0,
0.0,
0.0,
0.0,
0.0,
9.0,
0.0,
111.0,
187.0,
239.0,
255.0,
255.0,
255.0,
166.0,
156.0,
130.0,
31.0,
0.0,
10.0,
0.0,
1.0,
0.0,
0.0,
0.0,
0.0,
0.0,
0.0,
0.0,
0.0,
0.0,
0.0,
0.0,
0.0,
0.0,
81.0,
255.0,
203.0,
117.0,
115.0,
110.0,
102.0,
159.0,
220.0,
240.0,
105.0,
0.0,
4.0,
0.0,
5.0,
0.0,
0.0,
0.0,
0.0,
0.0,
0.0,
0.0,
0.0,
0.0,
0.0,
0.0,
0.0,
0.0,
22.0,
58.0,
9.0,
4.0,
0.0,
0.0,
7.0,
15.0,
0.0,
122.0,
230.0,
37.0,
16.0,
0.0,
5.0,
0.0,
0.0,
0.0,
0.0,
0.0,
0.0,
0.0,
0.0,
0.0,
0.0,
0.0,
0.0,
15.0,
0.0,
229.0,
98.0,
0.0,
10.0,
11.0,
0.0,
0.0,
10.0,
78.0,
255.0,
106.0,
0.0,
11.0,
0.0,
0.0,
0.0,
0.0,
0.0,
0.0,
0.0,
0.0,
0.0,
0.0,
0.0,
0.0,
0.0,
0.0,
0.0,
178.0,
214.0,
17.0,
0.0,
12.0,
0.0,
17.0,
46.0,
222.0,
244.0,
42.0,
11.0,
3.0,
0.0,
0.0,
0.0,
0.0,
0.0,
0.0,
0.0,
0.0,
0.0,
0.0,
0.0,
0.0,
0.0,
0.0,
8.0,
17.0,
212.0,
127.0,
0.0,
7.0,
6.0,
141.0,
242.0,
246.0,
110.0,
11.0,
1.0,
0.0,
5.0,
0.0,
0.0,
0.0,
0.0,
0.0,
0.0,
0.0,
0.0,
0.0,
0.0,
0.0,
0.0,
0.0,
25.0,
0.0,
39.0,
254.0,
102.0,
55.0,
187.0,
255.0,
248.0,
93.0,
3.0,
12.0,
0.0,
8.0,
0.0,
0.0,
0.0,
0.0,
0.0,
0.0,
0.0,
0.0,
0.0,
0.0,
0.0,
0.0,
0.0,
5.0,
0.0,
12.0,
0.0,
105.0,
236.0,
227.0,
255.0,
188.0,
43.0,
15.0,
0.0,
0.0,
4.0,
8.0,
0.0,
0.0,
0.0,
0.0,
0.0,
0.0,
0.0,
0.0,
0.0,
0.0,
0.0,
0.0,
0.0,
2.0,
14.0,
0.0,
5.0,
39.0,
253.0,
255.0,
146.0,
10.0,
0.0,
0.0,
0.0,
12.0,
0.0,
0.0,
5.0,
0.0,
0.0,
0.0,
0.0,
0.0,
0.0,
0.0,
0.0,
0.0,
0.0,
0.0,
0.0,
0.0,
0.0,
6.0,
16.0,
206.0,
247.0,
255.0,
27.0,
0.0,
3.0,
2.0,
0.0,
0.0,
0.0,
10.0,
0.0,
0.0,
0.0,
0.0,
0.0,
0.0,
0.0,
0.0,
0.0,
0.0,
0.0,
0.0,
0.0,
0.0,
22.0,
0.0,
80.0,
250.0,
211.0,
183.0,
173.0,
0.0,
1.0,
0.0,
3.0,
6.0,
0.0,
0.0,
1.0,
0.0,
0.0,
0.0,
0.0,
0.0,
0.0,
0.0,
0.0,
0.0,
0.0,
0.0,
0.0,
7.0,
0.0,
7.0,
207.0,
252.0,
46.0,
0.0,
255.0,
61.0,
0.0,
8.0,
0.0,
0.0,
0.0,
5.0,
0.0,
0.0,
0.0,
0.0,
0.0,
0.0,
0.0,
0.0,
0.0,
0.0,
0.0,
0.0,
0.0,
7.0,
0.0,
47.0,
255.0,
159.0,
17.0,
0.0,
207.0,
172.0,
3.0,
3.0,
0.0,
0.0,
0.0,
8.0,
0.0,
0.0,
0.0,
0.0,
0.0,
0.0,
0.0,
0.0,
0.0,
0.0,
0.0,
0.0,
0.0,
5.0,
2.0,
88.0,
255.0,
55.0,
0.0,
7.0,
88.0,
253.0,
52.0,
0.0,
0.0,
6.0,
0.0,
3.0,
2.0,
0.0,
0.0,
0.0,
0.0,
0.0,
0.0,
0.0,
0.0,
0.0,
0.0,
0.0,
0.0,
0.0,
23.0,
145.0,
216.0,
4.0,
3.0,
0.0,
0.0,
232.0,
108.0,
0.0,
4.0,
2.0,
0.0,
2.0,
0.0,
0.0,
0.0,
0.0,
0.0,
0.0,
0.0,
0.0,
0.0,
0.0,
0.0,
0.0,
0.0,
15.0,
0.0,
159.0,
206.0,
0.0,
6.0,
0.0,
8.0,
163.0,
130.0,
4.0,
1.0,
0.0,
1.0,
4.0,
0.0,
0.0,
0.0,
0.0,
0.0,
0.0,
0.0,
0.0,
0.0,
0.0,
0.0,
0.0,
0.0,
0.0,
5.0,
159.0,
199.0,
0.0,
0.0,
0.0,
0.0,
161.0,
113.0,
7.0,
0.0,
0.0,
3.0,
1.0,
0.0,
0.0,
0.0,
0.0,
0.0,
0.0,
0.0,
0.0,
0.0,
0.0,
0.0,
0.0,
0.0,
1.0,
0.0,
32.0,
230.0,
167.0,
23.0,
0.0,
20.0,
213.0,
89.0,
0.0,
0.0,
10.0,
2.0,
0.0,
2.0,
0.0,
0.0,
0.0,
0.0,
0.0,
0.0,
0.0,
0.0,
0.0,
0.0,
0.0,
0.0,
8.0,
0.0,
7.0,
54.0,
217.0,
215.0,
170.0,
214.0,
243.0,
46.0,
0.0,
0.0,
2.0,
20.0,
0.0,
0.0,
0.0,
0.0,
0.0,
0.0,
0.0,
0.0,
0.0,
0.0,
0.0,
0.0,
0.0,
0.0,
0.0,
10.0,
0.0,
2.0,
16.0,
128.0,
158.0,
255.0,
106.0,
0.0,
0.0,
0.0,
0.0,
7.0,
0.0,
9.0,
0.0,
0.0,
0.0,
0.0,
0.0,
0.0,
0.0,
0.0,
0.0,
0.0,
0.0,
0.0,
0.0,
0.0,
13.0,
3.0,
0.0,
24.0,
0.0,
0.0,
4.0,
0.0,
6.0,
5.0,
0.0,
0.0,
0.0,
6.0,
0.0,
0.0,
0.0,
0.0,
0.0,
0.0,
0.0,
0.0,
0.0,
0.0,
0.0,
0.0,
13.0,
0.0,
16.0,
0.0,
4.0,
0.0,
17.0,
4.0,
0.0,
8.0,
7.0,
3.0,
1.0,
0.0,
0.0,
0.0,
0.0,
0.0,
0.0,
0.0,
