0.0,
0.0,
0.0,
0.0,
0.0,
0.0,
0.0,
0.0,
0.0,
9.0,
0.0,
0.0,
13.0,
0.0,
7.0,
4.0,
0.0,
0.0,
3.0,
0.0,
15.0,
0.0,
0.0,
6.0,
0.0,
0.0,
0.0,
0.0,
0.0,
0.0,
0.0,
0.0,
0.0,
0.0,
0.0,
0.0,
1.0,
0.0,
0.0,
12.0,
8.0,
9.0,
3.0,
0.0,
8.0,
0.0,
0.0,
0.0,
0.0,
0.0,
15.0,
0.0,
0.0,
0.0,
0.0,
0.0,
0.0,
0.0,
0.0,
0.0,
0.0,
0.0,
0.0,
0.0,
0.0,
12.0,
13.0,
0.0,
9.0,
0.0,
0.0,
12.0,
0.0,
11.0,
0.0,
4.0,
13.0,
9.0,
0.0,
7.0,
0.0,
0.0,
0.0,
0.0,
0.0,
0.0,
0.0,
0.0,
0.0,
0.0,
0.0,
0.0,
3.0,
0.0,
13.0,
0.0,
0.0,
6.0,
7.0,
0.0,
0.0,
1.0,
0.0,
0.0,
0.0,
0.0,
4.0,
3.0,
0.0,
0.0,
0.0,
0.0,
0.0,
0.0,
0.0,
0.0,
0.0,
0.0,
0.0,
0.0,
6.0,
11.0,
0.0,
0.0,
0.0,
5.0,
53.0,
205.0,
255.0,
253.0,
167.0,
21.0,
17.0,
0.0,
0.0,
0.0,
0.0,
0.0,
0.0,
0.0,
0.0,
0.0,
0.0,
0.0,
0.0,
0.0,
0.0,
0.0,
0.0,
0.0,
16.0,
0.0,
78.0,
194.0,
255.0,
243.0,
240.0,
255.0,
238.0,
253.0,
8.0,
7.0,
0.0,
20.0,
0.0,
0.0,
0.0,
0.0,
0.0,
0.0,
0.0,
0.0,
0.0,
0.0,
0.0,
0.0,
19.0,
0.0,
0.0,
83.0,
234.0,
238.0,
246.0,
253.0,
255.0,
249.0,
255.0,
244.0,
193.0,
32.0,
0.0,
0.0,
0.0,
0.0,
0.0,
0.0,
0.0,
0.0,
0.0,
0.0,
0.0,
0.0,
0.0,
0.0,
0.0,
8.0,
2.0,
213.0,
251.0,
255.0,
126.0,
56.0,
20.0,
157.0,
251.0,
250.0,
255.0,
103.0,
0.0,
2.0,
0.0,
0.0,
0.0,
0.0,
0.0,
0.0,
0.0,
0.0,
0.0,
0.0,
0.0,
0.0,
0.0,
0.0,
29.0,
230.0,
244.0,
145.0,
0.0,
9.0,
0.0,
57.0,
253.0,
255.0,
255.0,
217.0,
0.0,
9.0,
0.0,
0.0,
0.0,
0.0,
0.0,
0.0,
0.0,
0.0,
0.0,
0.0,
0.0,
0.0,
2.0,
2.0,
57.0,
255.0,
254.0,
95.0,
0.0,
0.0,
0.0,
0.0,
42.0,
200.0,
239.0,
226.0,
8.0,
0.0,
0.0,
0.0,
0.0,
0.0,
0.0,
0.0,
0.0,
0.0,
0.0,
0.0,
0.0,
0.0,
4.0,
0.0,
0.0,
203.0,
253.0,
108.0,
10.0,
0.0,
9.0,
18.0,
40.0,
255.0,
255.0,
189.0,
14.0,
0.0,
0.0,
0.0,
0.0,
0.0,
0.0,
0.0,
0.0,
0.0,
0.0,
0.0,
0.0,
0.0,
0.0,
31.0,
0.0,
191.0,
241.0,
216.0,
40.0,
0.0,
6.0,
37.0,
234.0,
255.0,
250.0,
79.0,
0.0,
0.0,
0.0,
0.0,
0.0,
0.0,
0.0,
0.0,
0.0,
0.0,
0.0,
0.0,
0.0,
0.0,
13.0,
0.0,
0.0,
19.0,
190.0,
244.0,
164.0,
25.0,
108.0,
249.0,
254.0,
255.0,
134.0,
13.0,
17.0,
1.0,
0.0,
0.0,
0.0,
0.0,
0.0,
0.0,
0.0,
0.0,
0.0,
0.0,
0.0,
0.0,
0.0,
1.0,
1.0,
0.0,
0.0,
194.0,
255.0,
228.0,
250.0,
255.0,
240.0,
85.0,
24.0,
0.0,
0.0,
0.0,
0.0,
0.0,
0.0,
0.0,
0.0,
0.0,
0.0,
0.0,
0.0,
0.0,
0.0,
0.0,
0.0,
0.0,
3.0,
13.0,
31.0,
179.0,
252.0,
251.0,
255.0,
234.0,
106.0,
6.0,
0.0,
7.0,
2.0,
8.0,
0.0,
0.0,
0.0,
0.0,
0.0,
0.0,
0.0,
0.0,
0.0,
0.0,
0.0,
0.0,
0.0,
13.0,
3.0,
81.0,
209.0,
255.0,
255.0,
255.0,
250.0,
205.0,
11.0,
0.0,
9.0,
0.0,
1.0,
0.0,
0.0,
0.0,
0.0,
0.0,
0.0,
2.0,
8.0,
0.0,
0.0,
7.0,
0.0,
6.0,
0.0,
77.0,
208.0,
253.0,
255.0,
243.0,
170.0,
117.0,
246.0,
247.0,
36.0,
7.0,
2.0,
0.0,
2.0,
3.0,
0.0,
0.0,
0.0,
0.0,
2.0,
0.0,
0.0,
7.0,
0.0,
11.0,
0.0,
19.0,
176.0,
245.0,
254.0,
255.0,
190.0,
45.0,
0.0,
7.0,
172.0,
255.0,
151.0,
0.0,
6.0,
2.0,
6.0,
0.0,
0.0,
0.0,
0.0,
0.0,
6.0,
0.0,
4.0,
5.0,
0.0,
25.0,
106.0,
225.0,
237.0,
255.0,
201.0,
90.0,
5.0,
0.0,
10.0,
0.0,
84.0,
251.0,
234.0,
0.0,
7.0,
0.0,
2.0,
8.0,
0.0,
0.0,
0.0,
0.0,
0.0,
21.0,
0.0,
0.0,
35.0,
202.0,
238.0,
255.0,
246.0,
89.0,
15.0,
8.0,
4.0,
0.0,
8.0,
63.0,
201.0,
255.0,
229.0,
6.0,
16.0,
0.0,
0.0,
2.0,
0.0,
0.0,
0.0,
0.0,
0.0,
0.0,
7.0,
2.0,
147.0,
255.0,
252.0,
165.0,
24.0,
3.0,
0.0,
0.0,
16.0,
49.0,
107.0,
239.0,
255.0,
207.0,
76.0,
0.0,
0.0,
7.0,
1.0,
2.0,
0.0,
0.0,
0.0,
0.0,
13.0,
0.0,
3.0,
7.0,
208.0,
255.0,
193.0,
29.0,
0.0,
60.0,
97.0,
154.0,
215.0,
246.0,
255.0,
255.0,
218.0,
131.0,
12.0,
3.0,
0.0,
7.0,
4.0,
0.0,
0.0,
0.0,
0.0,
0.0,
0.0,
30.0,
1.0,
0.0,
57.0,
242.0,
255.0,
255.0,
221.0,
249.0,
253.0,
255.0,
250.0,
252.0,
235.0,
142.0,
38.0,
7.0,
0.0,
1.0,
0.0,
0.0,
6.0,
0.0,
0.0,
0.0,
0.0,
0.0,
7.0,
0.0,
6.0,
0.0,
19.0,
28.0,
115.0,
207.0,
255.0,
207.0,
169.0,
152.0,
160.0,
108.0,
8.0,
0.0,
1.0,
0.0,
11.0,
0.0,
12.0,
0.0,
0.0,
1.0,
0.0,
0.0,
0.0,
0.0,
0.0,
0.0,
0.0,
0.0,
0.0,
0.0,
0.0,
0.0,
0.0,
0.0,
0.0,
0.0,
0.0,
0.0,
0.0,
0.0,
0.0,
0.0,
0.0,
0.0,
0.0,
0.0,
0.0,
0.0,
0.0,
0.0,
0.0,
0.0,
0.0,
0.0,
0.0,
0.0,
0.0,
0.0,
0.0,
0.0,
0.0,
0.0,
0.0,
0.0,
0.0,
0.0,
0.0,
0.0,
0.0,
0.0,
0.0,
0.0,
0.0,
0.0,
0.0,
0.0,
0.0,
0.0,
0.0,
0.0,
0.0,
0.0,
0.0,
0.0,
0.0,
0.0,
0.0,
0.0,
0.0,
0.0,
0.0,
0.0,
0.0,
0.0,
0.0,
0.0,
0.0,
0.0,
0.0,
0.0,
0.0,
0.0,
0.0,
0.0,
0.0,
0.0,
0.0,
0.0,
0.0,
0.0,
0.0,
0.0,
0.0,
0.0,
0.0,
0.0,
0.0,
0.0,
0.0,
0.0,
0.0,
0.0,
0.0,
0.0,
0.0,
0.0,
0.0,
0.0,
0.0,
0.0,
0.0,
0.0,
0.0,
0.0,
0.0,
0.0,
