3.0,
1.0,
0.0,
0.0,
0.0,
0.0,
0.0,
0.0,
7.0,
0.0,
1.0,
3.0,
0.0,
3.0,
12.0,
0.0,
7.0,
0.0,
0.0,
0.0,
9.0,
5.0,
0.0,
0.0,
0.0,
0.0,
0.0,
0.0,
0.0,
0.0,
0.0,
0.0,
0.0,
1.0,
1.0,
0.0,
0.0,
26.0,
0.0,
0.0,
10.0,
0.0,
0.0,
10.0,
0.0,
0.0,
12.0,
0.0,
0.0,
0.0,
0.0,
10.0,
0.0,
0.0,
0.0,
0.0,
0.0,
0.0,
0.0,
0.0,
0.0,
0.0,
0.0,
0.0,
21.0,
0.0,
0.0,
0.0,
0.0,
28.0,
0.0,
5.0,
21.0,
0.0,
0.0,
19.0,
0.0,
0.0,
21.0,
0.0,
0.0,
0.0,
0.0,
0.0,
0.0,
0.0,
0.0,
0.0,
0.0,
0.0,
0.0,
0.0,
0.0,
14.0,
0.0,
10.0,
6.0,
0.0,
0.0,
0.0,
0.0,
21.0,
2.0,
0.0,
0.0,
2.0,
0.0,
1.0,
0.0,
0.0,
0.0,
0.0,
0.0,
0.0,
2.0,
1.0,
0.0,
0.0,
0.0,
0.0,
0.0,
0.0,
119.0,
207.0,
255.0,
255.0,
203.0,
123.0,
40.0,
0.0,
0.0,
7.0,
0.0,
12.0,
0.0,
8.0,
0.0,
0.0,
0.0,
0.0,
0.0,
2.0,
3.0,
1.0,
0.0,
0.0,
0.0,
3.0,
25.0,
235.0,
251.0,
242.0,
213.0,
113.0,
163.0,
248.0,
200.0,
103.0,
0.0,
23.0,
0.0,
0.0,
14.0,
0.0,
0.0,
0.0,
0.0,
0.0,
0.0,
1.0,
2.0,
0.0,
0.0,
0.0,
4.0,
10.0,
179.0,
250.0,
118.0,
61.0,
22.0,
0.0,
0.0,
37.0,
115.0,
218.0,
28.0,
0.0,
3.0,
0.0,
6.0,
2.0,
0.0,
0.0,
0.0,
0.0,
0.0,
0.0,
1.0,
0.0,
0.0,
0.0,
8.0,
15.0,
242.0,
255.0,
21.0,
1.0,
0.0,
4.0,
9.0,
0.0,
0.0,
7.0,
0.0,
6.0,
0.0,
18.0,
0.0,
2.0,
0.0,
0.0,
0.0,
0.0,
0.0,
0.0,
0.0,
0.0,
0.0,
0.0,
0.0,
0.0,
210.0,
244.0,
51.0,
0.0,
4.0,
8.0,
0.0,
0.0,
0.0,
3.0,
0.0,
1.0,
10.0,
0.0,
0.0,
6.0,
0.0,
0.0,
0.0,
0.0,
0.0,
0.0,
0.0,
0.0,
0.0,
0.0,
0.0,
0.0,
83.0,
255.0,
222.0,
38.0,
0.0,
8.0,
0.0,
14.0,
0.0,
13.0,
2.0,
6.0,
0.0,
20.0,
11.0,
0.0,
0.0,
0.0,
0.0,
0.0,
0.0,
0.0,
0.0,
0.0,
0.0,
0.0,
0.0,
0.0,
1.0,
209.0,
254.0,
152.0,
0.0,
0.0,
0.0,
0.0,
0.0,
0.0,
6.0,
176.0,
233.0,
130.0,
0.0,
2.0,
0.0,
0.0,
0.0,
0.0,
0.0,
0.0,
0.0,
0.0,
0.0,
0.0,
0.0,
0.0,
5.0,
10.0,
236.0,
255.0,
126.0,
12.0,
0.0,
1.0,
10.0,
99.0,
185.0,
171.0,
57.0,
7.0,
0.0,
13.0,
0.0,
0.0,
0.0,
0.0,
0.0,
0.0,
0.0,
0.0,
0.0,
0.0,
0.0,
0.0,
0.0,
20.0,
47.0,
216.0,
244.0,
121.0,
15.0,
39.0,
173.0,
215.0,
176.0,
30.0,
0.0,
0.0,
0.0,
0.0,
0.0,
0.0,
0.0,
0.0,
0.0,
0.0,
0.0,
0.0,
0.0,
0.0,
0.0,
0.0,
0.0,
0.0,
0.0,
26.0,
206.0,
255.0,
204.0,
227.0,
224.0,
47.0,
7.0,
0.0,
2.0,
0.0,
9.0,
11.0,
0.0,
0.0,
0.0,
0.0,
0.0,
0.0,
0.0,
0.0,
0.0,
0.0,
0.0,
0.0,
11.0,
0.0,
0.0,
7.0,
7.0,
206.0,
255.0,
247.0,
106.0,
1.0,
0.0,
0.0,
5.0,
6.0,
0.0,
0.0,
0.0,
0.0,
0.0,
0.0,
0.0,
0.0,
0.0,
0.0,
0.0,
0.0,
0.0,
0.0,
0.0,
3.0,
3.0,
0.0,
107.0,
255.0,
199.0,
255.0,
196.0,
26.0,
1.0,
15.0,
0.0,
3.0,
5.0,
0.0,
0.0,
0.0,
0.0,
0.0,
0.0,
0.0,
0.0,
0.0,
0.0,
0.0,
0.0,
0.0,
0.0,
15.0,
0.0,
115.0,
255.0,
116.0,
10.0,
119.0,
255.0,
217.0,
31.0,
7.0,
5.0,
5.0,
0.0,
4.0,
0.0,
0.0,
0.0,
0.0,
0.0,
0.0,
0.0,
0.0,
0.0,
0.0,
0.0,
0.0,
1.0,
0.0,
50.0,
229.0,
177.0,
23.0,
0.0,
6.0,
88.0,
255.0,
245.0,
79.0,
0.0,
4.0,
12.0,
0.0,
0.0,
0.0,
0.0,
0.0,
0.0,
0.0,
0.0,
0.0,
0.0,
0.0,
0.0,
0.0,
3.0,
13.0,
208.0,
244.0,
33.0,
10.0,
0.0,
0.0,
5.0,
150.0,
240.0,
253.0,
28.0,
5.0,
0.0,
0.0,
0.0,
0.0,
0.0,
0.0,
0.0,
0.0,
0.0,
0.0,
0.0,
0.0,
0.0,
0.0,
0.0,
1.0,
216.0,
238.0,
7.0,
0.0,
6.0,
11.0,
0.0,
10.0,
135.0,
255.0,
150.0,
0.0,
24.0,
6.0,
0.0,
0.0,
0.0,
0.0,
0.0,
0.0,
0.0,
0.0,
0.0,
0.0,
0.0,
0.0,
5.0,
0.0,
254.0,
229.0,
13.0,
4.0,
0.0,
0.0,
8.0,
1.0,
4.0,
227.0,
228.0,
5.0,
0.0,
0.0,
0.0,
0.0,
0.0,
0.0,
0.0,
0.0,
0.0,
0.0,
0.0,
0.0,
0.0,
0.0,
6.0,
0.0,
82.0,
232.0,
174.0,
13.0,
11.0,
0.0,
0.0,
6.0,
28.0,
235.0,
231.0,
0.0,
7.0,
15.0,
0.0,
0.0,
0.0,
0.0,
0.0,
0.0,
0.0,
0.0,
0.0,
0.0,
0.0,
0.0,
0.0,
0.0,
3.0,
131.0,
242.0,
236.0,
158.0,
108.0,
107.0,
185.0,
204.0,
240.0,
56.0,
0.0,
0.0,
3.0,
0.0,
0.0,
0.0,
0.0,
0.0,
0.0,
0.0,
0.0,
0.0,
0.0,
0.0,
0.0,
4.0,
2.0,
0.0,
12.0,
48.0,
202.0,
255.0,
252.0,
255.0,
247.0,
243.0,
51.0,
1.0,
0.0,
4.0,
3.0,
0.0,
0.0,
0.0,
0.0,
0.0,
0.0,
0.0,
0.0,
0.0,
0.0,
0.0,
0.0,
0.0,
0.0,
0.0,
0.0,
0.0,
0.0,
0.0,
0.0,
0.0,
0.0,
0.0,
0.0,
0.0,
0.0,
0.0,
0.0,
0.0,
0.0,
0.0,
0.0,
0.0,
0.0,
0.0,
0.0,
0.0,
0.0,
0.0,
0.0,
0.0,
0.0,
0.0,
0.0,
0.0,
0.0,
0.0,
0.0,
0.0,
0.0,
0.0,
0.0,
0.0,
0.0,
0.0,
0.0,
0.0,
0.0,
0.0,
0.0,
0.0,
0.0,
0.0,
0.0,
0.0,
0.0,
0.0,
0.0,
0.0,
0.0,
0.0,
0.0,
0.0,
0.0,
0.0,
0.0,
0.0,
0.0,
0.0,
0.0,
0.0,
0.0,
0.0,
0.0,
0.0,
0.0,
0.0,
0.0,
0.0,
0.0,
0.0,
0.0,
0.0,
0.0,
0.0,
0.0,
0.0,
0.0,
0.0,
0.0,
0.0,
0.0,
0.0,
0.0,
0.0,
0.0,
0.0,
0.0,
0.0,
0.0,
0.0,
0.0,
0.0,
0.0,
0.0,
0.0,
