0.0,
0.0,
0.0,
0.0,
0.0,
0.0,
0.0,
0.0,
0.0,
0.0,
0.0,
0.0,
0.0,
2.0,
13.0,
0.0,
6.0,
4.0,
0.0,
0.0,
0.0,
1.0,
7.0,
0.0,
0.0,
0.0,
0.0,
0.0,
0.0,
0.0,
0.0,
0.0,
0.0,
0.0,
0.0,
0.0,
8.0,
6.0,
1.0,
7.0,
5.0,
0.0,
0.0,
14.0,
0.0,
0.0,
0.0,
3.0,
0.0,
0.0,
0.0,
9.0,
0.0,
0.0,
0.0,
0.0,
0.0,
0.0,
0.0,
0.0,
0.0,
0.0,
0.0,
0.0,
0.0,
0.0,
0.0,
0.0,
7.0,
7.0,
0.0,
0.0,
11.0,
4.0,
0.0,
11.0,
9.0,
6.0,
0.0,
7.0,
0.0,
0.0,
0.0,
0.0,
0.0,
0.0,
0.0,
0.0,
0.0,
0.0,
0.0,
0.0,
9.0,
12.0,
4.0,
0.0,
0.0,
11.0,
0.0,
0.0,
0.0,
1.0,
5.0,
5.0,
0.0,
11.0,
0.0,
0.0,
0.0,
0.0,
0.0,
0.0,
0.0,
0.0,
0.0,
0.0,
0.0,
0.0,
0.0,
0.0,
0.0,
0.0,
0.0,
3.0,
0.0,
84.0,
139.0,
181.0,
255.0,
255.0,
220.0,
110.0,
0.0,
6.0,
9.0,
3.0,
0.0,
0.0,
0.0,
0.0,
0.0,
0.0,
0.0,
0.0,
0.0,
0.0,
0.0,
0.0,
9.0,
9.0,
1.0,
0.0,
37.0,
199.0,
251.0,
255.0,
252.0,
228.0,
255.0,
249.0,
185.0,
84.0,
0.0,
0.0,
0.0,
0.0,
0.0,
0.0,
0.0,
0.0,
0.0,
0.0,
0.0,
0.0,
0.0,
0.0,
0.0,
1.0,
0.0,
26.0,
140.0,
255.0,
216.0,
168.0,
68.0,
33.0,
79.0,
158.0,
249.0,
136.0,
0.0,
16.0,
0.0,
0.0,
0.0,
0.0,
0.0,
0.0,
0.0,
0.0,
0.0,
0.0,
0.0,
0.0,
3.0,
0.0,
3.0,
119.0,
245.0,
243.0,
50.0,
10.0,
0.0,
3.0,
0.0,
6.0,
174.0,
125.0,
0.0,
0.0,
0.0,
0.0,
0.0,
0.0,
0.0,
0.0,
0.0,
0.0,
0.0,
0.0,
0.0,
0.0,
5.0,
4.0,
54.0,
250.0,
255.0,
120.0,
0.0,
0.0,
7.0,
5.0,
0.0,
36.0,
26.0,
58.0,
0.0,
0.0,
0.0,
0.0,
0.0,
0.0,
0.0,
0.0,
0.0,
0.0,
0.0,
0.0,
0.0,
0.0,
0.0,
18.0,
61.0,
246.0,
245.0,
35.0,
0.0,
15.0,
0.0,
14.0,
153.0,
245.0,
255.0,
0.0,
19.0,
13.0,
0.0,
0.0,
0.0,
0.0,
0.0,
0.0,
0.0,
0.0,
0.0,
0.0,
0.0,
0.0,
0.0,
0.0,
61.0,
255.0,
255.0,
0.0,
5.0,
0.0,
3.0,
66.0,
255.0,
255.0,
113.0,
4.0,
0.0,
0.0,
0.0,
0.0,
0.0,
0.0,
0.0,
0.0,
0.0,
0.0,
0.0,
0.0,
0.0,
0.0,
10.0,
0.0,
8.0,
204.0,
244.0,
96.0,
11.0,
0.0,
157.0,
228.0,
255.0,
157.0,
28.0,
0.0,
5.0,
4.0,
0.0,
0.0,
0.0,
0.0,
0.0,
0.0,
0.0,
0.0,
0.0,
0.0,
0.0,
0.0,
0.0,
0.0,
10.0,
36.0,
238.0,
239.0,
194.0,
219.0,
241.0,
255.0,
173.0,
0.0,
0.0,
13.0,
0.0,
0.0,
0.0,
0.0,
0.0,
0.0,
0.0,
0.0,
0.0,
0.0,
0.0,
0.0,
0.0,
0.0,
3.0,
13.0,
0.0,
0.0,
40.0,
255.0,
226.0,
255.0,
255.0,
124.0,
0.0,
3.0,
0.0,
0.0,
0.0,
10.0,
0.0,
0.0,
0.0,
0.0,
0.0,
0.0,
0.0,
0.0,
0.0,
0.0,
0.0,
0.0,
7.0,
0.0,
3.0,
6.0,
62.0,
253.0,
255.0,
247.0,
218.0,
0.0,
20.0,
0.0,
0.0,
25.0,
4.0,
0.0,
0.0,
0.0,
0.0,
0.0,
0.0,
0.0,
0.0,
0.0,
0.0,
0.0,
0.0,
0.0,
0.0,
4.0,
0.0,
0.0,
229.0,
255.0,
251.0,
248.0,
235.0,
61.0,
0.0,
0.0,
15.0,
0.0,
0.0,
7.0,
0.0,
0.0,
0.0,
0.0,
0.0,
4.0,
0.0,
0.0,
0.0,
0.0,
0.0,
4.0,
0.0,
8.0,
28.0,
144.0,
248.0,
247.0,
114.0,
135.0,
245.0,
124.0,
4.0,
0.0,
1.0,
0.0,
6.0,
0.0,
0.0,
0.0,
0.0,
0.0,
0.0,
2.0,
0.0,
0.0,
7.0,
9.0,
3.0,
4.0,
13.0,
30.0,
214.0,
252.0,
255.0,
91.0,
10.0,
0.0,
213.0,
194.0,
14.0,
3.0,
14.0,
0.0,
4.0,
0.0,
0.0,
0.0,
0.0,
0.0,
1.0,
4.0,
0.0,
0.0,
4.0,
5.0,
0.0,
0.0,
133.0,
223.0,
255.0,
238.0,
91.0,
0.0,
0.0,
0.0,
151.0,
254.0,
95.0,
0.0,
2.0,
0.0,
0.0,
14.0,
0.0,
0.0,
0.0,
0.0,
5.0,
4.0,
0.0,
0.0,
0.0,
0.0,
0.0,
7.0,
215.0,
255.0,
246.0,
61.0,
17.0,
23.0,
0.0,
7.0,
110.0,
247.0,
180.0,
0.0,
12.0,
1.0,
0.0,
5.0,
0.0,
0.0,
0.0,
0.0,
2.0,
0.0,
0.0,
7.0,
5.0,
0.0,
8.0,
53.0,
238.0,
255.0,
209.0,
2.0,
19.0,
7.0,
116.0,
221.0,
240.0,
255.0,
178.0,
0.0,
14.0,
9.0,
0.0,
0.0,
0.0,
0.0,
0.0,
0.0,
0.0,
0.0,
0.0,
9.0,
5.0,
0.0,
12.0,
64.0,
255.0,
239.0,
252.0,
189.0,
202.0,
255.0,
233.0,
255.0,
255.0,
228.0,
74.0,
7.0,
0.0,
0.0,
7.0,
5.0,
0.0,
0.0,
0.0,
0.0,
0.0,
1.0,
0.0,
2.0,
0.0,
0.0,
0.0,
28.0,
225.0,
255.0,
255.0,
251.0,
249.0,
255.0,
255.0,
174.0,
68.0,
57.0,
0.0,
13.0,
0.0,
0.0,
0.0,
1.0,
0.0,
0.0,
0.0,
0.0,
0.0,
4.0,
0.0,
0.0,
0.0,
2.0,
0.0,
0.0,
27.0,
140.0,
211.0,
255.0,
246.0,
186.0,
129.0,
0.0,
6.0,
0.0,
8.0,
0.0,
0.0,
9.0,
0.0,
0.0,
0.0,
0.0,
0.0,
0.0,
0.0,
0.0,
0.0,
0.0,
0.0,
0.0,
0.0,
0.0,
0.0,
0.0,
0.0,
0.0,
0.0,
0.0,
0.0,
0.0,
0.0,
0.0,
0.0,
0.0,
0.0,
0.0,
0.0,
0.0,
0.0,
0.0,
0.0,
0.0,
0.0,
0.0,
0.0,
0.0,
0.0,
0.0,
0.0,
0.0,
0.0,
0.0,
0.0,
0.0,
0.0,
0.0,
0.0,
0.0,
0.0,
0.0,
0.0,
0.0,
0.0,
0.0,
0.0,
0.0,
0.0,
0.0,
0.0,
0.0,
0.0,
0.0,
0.0,
0.0,
0.0,
0.0,
0.0,
0.0,
0.0,
0.0,
0.0,
0.0,
0.0,
0.0,
0.0,
0.0,
0.0,
0.0,
0.0,
0.0,
0.0,
0.0,
0.0,
0.0,
0.0,
0.0,
0.0,
0.0,
0.0,
0.0,
0.0,
0.0,
0.0,
0.0,
0.0,
0.0,
0.0,
0.0,
0.0,
0.0,
0.0,
0.0,
0.0,
0.0,
0.0,
0.0,
0.0,
0.0,
0.0,
0.0,
0.0,
0.0,
0.0,
0.0,
0.0,
0.0,
