0.0,
0.0,
0.0,
0.0,
0.0,
0.0,
0.0,
0.0,
0.0,
5.0,
0.0,
0.0,
3.0,
0.0,
0.0,
2.0,
2.0,
2.0,
0.0,
7.0,
0.0,
9.0,
0.0,
0.0,
0.0,
0.0,
0.0,
0.0,
0.0,
0.0,
0.0,
0.0,
0.0,
0.0,
0.0,
0.0,
3.0,
0.0,
0.0,
4.0,
3.0,
2.0,
3.0,
1.0,
0.0,
5.0,
10.0,
1.0,
0.0,
0.0,
3.0,
0.0,
0.0,
0.0,
0.0,
0.0,
0.0,
0.0,
0.0,
0.0,
0.0,
0.0,
0.0,
0.0,
5.0,
0.0,
4.0,
2.0,
0.0,
0.0,
2.0,
0.0,
0.0,
0.0,
5.0,
0.0,
14.0,
3.0,
7.0,
0.0,
0.0,
0.0,
0.0,
0.0,
0.0,
0.0,
0.0,
0.0,
0.0,
0.0,
0.0,
0.0,
0.0,
0.0,
3.0,
1.0,
2.0,
11.0,
9.0,
0.0,
3.0,
3.0,
1.0,
0.0,
0.0,
0.0,
0.0,
2.0,
0.0,
0.0,
0.0,
0.0,
0.0,
0.0,
0.0,
0.0,
0.0,
0.0,
0.0,
0.0,
1.0,
3.0,
0.0,
0.0,
12.0,
0.0,
0.0,
6.0,
9.0,
0.0,
0.0,
8.0,
13.0,
12.0,
0.0,
2.0,
0.0,
0.0,
0.0,
0.0,
0.0,
0.0,
0.0,
0.0,
0.0,
0.0,
0.0,
0.0,
3.0,
4.0,
1.0,
0.0,
0.0,
0.0,
42.0,
133.0,
245.0,
255.0,
255.0,
245.0,
150.0,
82.0,
16.0,
0.0,
0.0,
0.0,
0.0,
0.0,
0.0,
0.0,
0.0,
0.0,
0.0,
0.0,
0.0,
0.0,
0.0,
0.0,
10.0,
5.0,
1.0,
81.0,
205.0,
255.0,
255.0,
244.0,
245.0,
255.0,
255.0,
246.0,
157.0,
32.0,
0.0,
0.0,
0.0,
0.0,
0.0,
0.0,
0.0,
0.0,
0.0,
0.0,
0.0,
0.0,
10.0,
0.0,
3.0,
0.0,
19.0,
174.0,
255.0,
230.0,
247.0,
242.0,
255.0,
247.0,
242.0,
255.0,
247.0,
141.0,
0.0,
0.0,
0.0,
0.0,
0.0,
0.0,
0.0,
0.0,
0.0,
0.0,
0.0,
0.0,
14.0,
0.0,
0.0,
10.0,
167.0,
255.0,
243.0,
251.0,
230.0,
178.0,
94.0,
172.0,
233.0,
251.0,
255.0,
209.0,
5.0,
3.0,
0.0,
0.0,
0.0,
0.0,
0.0,
0.0,
0.0,
0.0,
0.0,
0.0,
0.0,
3.0,
3.0,
4.0,
215.0,
244.0,
252.0,
255.0,
26.0,
4.0,
0.0,
0.0,
225.0,
255.0,
239.0,
243.0,
4.0,
3.0,
0.0,
0.0,
0.0,
0.0,
0.0,
0.0,
0.0,
0.0,
0.0,
0.0,
15.0,
6.0,
1.0,
0.0,
229.0,
255.0,
246.0,
60.0,
0.0,
3.0,
47.0,
185.0,
254.0,
255.0,
240.0,
124.0,
4.0,
2.0,
0.0,
0.0,
0.0,
0.0,
0.0,
0.0,
0.0,
0.0,
0.0,
0.0,
0.0,
0.0,
11.0,
5.0,
196.0,
255.0,
251.0,
34.0,
0.0,
84.0,
220.0,
255.0,
244.0,
234.0,
142.0,
52.0,
2.0,
2.0,
0.0,
0.0,
0.0,
0.0,
0.0,
0.0,
0.0,
0.0,
0.0,
0.0,
2.0,
11.0,
0.0,
0.0,
130.0,
246.0,
255.0,
235.0,
183.0,
222.0,
255.0,
255.0,
247.0,
172.0,
25.0,
0.0,
1.0,
1.0,
0.0,
0.0,
0.0,
0.0,
0.0,
0.0,
0.0,
0.0,
0.0,
0.0,
0.0,
0.0,
2.0,
13.0,
98.0,
249.0,
239.0,
246.0,
238.0,
255.0,
248.0,
255.0,
120.0,
15.0,
9.0,
1.0,
0.0,
0.0,
0.0,
0.0,
0.0,
0.0,
0.0,
0.0,
0.0,
0.0,
0.0,
0.0,
3.0,
0.0,
5.0,
0.0,
53.0,
226.0,
255.0,
255.0,
255.0,
255.0,
208.0,
50.0,
11.0,
0.0,
2.0,
2.0,
0.0,
0.0,
0.0,
0.0,
0.0,
0.0,
0.0,
0.0,
0.0,
0.0,
0.0,
0.0,
4.0,
0.0,
0.0,
8.0,
156.0,
255.0,
247.0,
253.0,
249.0,
204.0,
14.0,
7.0,
0.0,
3.0,
0.0,
4.0,
0.0,
0.0,
0.0,
1.0,
10.0,
0.0,
0.0,
0.0,
0.0,
7.0,
0.0,
2.0,
1.0,
3.0,
50.0,
171.0,
255.0,
243.0,
255.0,
247.0,
237.0,
34.0,
1.0,
8.0,
2.0,
0.0,
5.0,
0.0,
0.0,
0.0,
0.0,
0.0,
0.0,
0.0,
1.0,
15.0,
15.0,
0.0,
18.0,
5.0,
7.0,
113.0,
238.0,
247.0,
246.0,
255.0,
233.0,
255.0,
164.0,
7.0,
0.0,
0.0,
0.0,
0.0,
6.0,
2.0,
0.0,
0.0,
0.0,
0.0,
0.0,
14.0,
0.0,
0.0,
0.0,
21.0,
0.0,
46.0,
184.0,
255.0,
244.0,
255.0,
252.0,
250.0,
255.0,
255.0,
93.0,
1.0,
0.0,
0.0,
0.0,
1.0,
1.0,
2.0,
0.0,
0.0,
0.0,
0.0,
0.0,
1.0,
1.0,
17.0,
0.0,
0.0,
41.0,
235.0,
255.0,
253.0,
243.0,
255.0,
248.0,
253.0,
246.0,
240.0,
41.0,
6.0,
7.0,
0.0,
0.0,
5.0,
0.0,
0.0,
0.0,
0.0,
0.0,
0.0,
2.0,
3.0,
0.0,
0.0,
1.0,
9.0,
234.0,
239.0,
234.0,
255.0,
255.0,
251.0,
241.0,
254.0,
255.0,
121.0,
2.0,
1.0,
0.0,
0.0,
0.0,
9.0,
0.0,
1.0,
0.0,
0.0,
0.0,
0.0,
0.0,
2.0,
7.0,
8.0,
2.0,
11.0,
250.0,
255.0,
255.0,
255.0,
233.0,
242.0,
255.0,
255.0,
246.0,
0.0,
0.0,
3.0,
0.0,
0.0,
0.0,
8.0,
0.0,
1.0,
0.0,
0.0,
0.0,
0.0,
0.0,
16.0,
6.0,
0.0,
2.0,
109.0,
250.0,
255.0,
250.0,
224.0,
255.0,
255.0,
255.0,
230.0,
110.0,
0.0,
0.0,
9.0,
0.0,
7.0,
0.0,
3.0,
0.0,
1.0,
0.0,
0.0,
0.0,
0.0,
3.0,
0.0,
0.0,
3.0,
0.0,
35.0,
243.0,
252.0,
255.0,
250.0,
249.0,
255.0,
196.0,
103.0,
0.0,
1.0,
0.0,
1.0,
0.0,
11.0,
0.0,
0.0,
0.0,
6.0,
0.0,
0.0,
0.0,
0.0,
1.0,
0.0,
1.0,
13.0,
0.0,
0.0,
106.0,
240.0,
254.0,
255.0,
208.0,
99.0,
16.0,
0.0,
0.0,
0.0,
0.0,
0.0,
0.0,
0.0,
0.0,
0.0,
0.0,
0.0,
0.0,
0.0,
0.0,
0.0,
0.0,
0.0,
1.0,
4.0,
0.0,
0.0,
0.0,
10.0,
0.0,
3.0,
5.0,
0.0,
0.0,
5.0,
12.0,
7.0,
0.0,
0.0,
0.0,
0.0,
0.0,
0.0,
0.0,
0.0,
0.0,
0.0,
0.0,
0.0,
1.0,
3.0,
0.0,
0.0,
0.0,
8.0,
4.0,
0.0,
8.0,
1.0,
0.0,
5.0,
9.0,
4.0,
0.0,
0.0,
0.0,
0.0,
0.0,
0.0,
0.0,
0.0,
0.0,
0.0,
0.0,
0.0,
0.0,
0.0,
0.0,
0.0,
0.0,
7.0,
7.0,
2.0,
3.0,
10.0,
2.0,
0.0,
0.0,
0.0,
0.0,
0.0,
0.0,
10.0,
0.0,
0.0,
0.0,
0.0,
0.0,
0.0,
0.0,
0.0,
0.0,
0.0,
0.0,
0.0,
