0.0,
0.0,
0.0,
0.0,
0.0,
0.0,
0.0,
0.0,
1.0,
0.0,
2.0,
5.0,
0.0,
1.0,
3.0,
0.0,
3.0,
0.0,
0.0,
0.0,
0.0,
0.0,
1.0,
3.0,
0.0,
0.0,
8.0,
0.0,
0.0,
0.0,
0.0,
0.0,
0.0,
0.0,
0.0,
0.0,
0.0,
0.0,
7.0,
0.0,
0.0,
0.0,
11.0,
7.0,
0.0,
0.0,
0.0,
8.0,
7.0,
0.0,
0.0,
0.0,
11.0,
7.0,
2.0,
0.0,
0.0,
0.0,
0.0,
0.0,
0.0,
0.0,
0.0,
0.0,
20.0,
0.0,
0.0,
8.0,
6.0,
0.0,
0.0,
0.0,
0.0,
9.0,
4.0,
0.0,
0.0,
0.0,
4.0,
0.0,
0.0,
0.0,
0.0,
0.0,
0.0,
0.0,
0.0,
0.0,
0.0,
0.0,
0.0,
0.0,
0.0,
0.0,
12.0,
4.0,
0.0,
5.0,
13.0,
0.0,
0.0,
0.0,
2.0,
0.0,
2.0,
6.0,
3.0,
0.0,
11.0,
19.0,
2.0,
0.0,
0.0,
0.0,
0.0,
0.0,
0.0,
0.0,
0.0,
0.0,
8.0,
2.0,
0.0,
0.0,
0.0,
0.0,
3.0,
0.0,
18.0,
0.0,
0.0,
7.0,
8.0,
0.0,
0.0,
7.0,
0.0,
0.0,
2.0,
9.0,
0.0,
0.0,
0.0,
0.0,
0.0,
0.0,
0.0,
0.0,
3.0,
0.0,
2.0,
2.0,
0.0,
6.0,
8.0,
0.0,
0.0,
3.0,
4.0,
0.0,
0.0,
2.0,
6.0,
0.0,
22.0,
0.0,
0.0,
10.0,
0.0,
0.0,
0.0,
0.0,
0.0,
0.0,
0.0,
0.0,
0.0,
0.0,
0.0,
39.0,
115.0,
165.0,
110.0,
8.0,
27.0,
96.0,
151.0,
164.0,
190.0,
239.0,
255.0,
246.0,
191.0,
34.0,
4.0,
0.0,
0.0,
0.0,
0.0,
0.0,
0.0,
0.0,
0.0,
0.0,
0.0,
7.0,
113.0,
242.0,
239.0,
146.0,
117.0,
158.0,
243.0,
248.0,
254.0,
246.0,
221.0,
207.0,
229.0,
255.0,
244.0,
27.0,
0.0,
11.0,
0.0,
0.0,
0.0,
0.0,
0.0,
0.0,
0.0,
0.0,
10.0,
38.0,
253.0,
171.0,
99.0,
242.0,
237.0,
255.0,
255.0,
178.0,
125.0,
40.0,
7.0,
2.0,
164.0,
255.0,
146.0,
10.0,
0.0,
1.0,
0.0,
0.0,
0.0,
0.0,
0.0,
0.0,
0.0,
0.0,
0.0,
153.0,
255.0,
90.0,
95.0,
233.0,
192.0,
148.0,
61.0,
10.0,
0.0,
0.0,
20.0,
145.0,
255.0,
241.0,
66.0,
0.0,
4.0,
7.0,
0.0,
0.0,
0.0,
0.0,
0.0,
0.0,
0.0,
0.0,
6.0,
191.0,
247.0,
13.0,
0.0,
107.0,
48.0,
0.0,
3.0,
2.0,
0.0,
20.0,
179.0,
255.0,
222.0,
42.0,
1.0,
0.0,
12.0,
4.0,
0.0,
0.0,
0.0,
0.0,
0.0,
0.0,
0.0,
0.0,
10.0,
196.0,
254.0,
112.0,
6.0,
0.0,
0.0,
8.0,
0.0,
9.0,
16.0,
182.0,
255.0,
228.0,
68.0,
0.0,
0.0,
0.0,
5.0,
0.0,
0.0,
0.0,
0.0,
0.0,
0.0,
0.0,
0.0,
0.0,
0.0,
239.0,
237.0,
117.0,
4.0,
0.0,
3.0,
0.0,
2.0,
76.0,
200.0,
255.0,
184.0,
42.0,
0.0,
0.0,
7.0,
2.0,
0.0,
0.0,
0.0,
0.0,
0.0,
0.0,
0.0,
0.0,
0.0,
0.0,
24.0,
173.0,
255.0,
150.0,
0.0,
14.0,
0.0,
0.0,
89.0,
244.0,
255.0,
185.0,
24.0,
17.0,
7.0,
4.0,
0.0,
0.0,
0.0,
1.0,
0.0,
0.0,
0.0,
0.0,
0.0,
0.0,
0.0,
0.0,
0.0,
0.0,
211.0,
255.0,
102.0,
3.0,
22.0,
137.0,
255.0,
241.0,
133.0,
19.0,
0.0,
0.0,
0.0,
7.0,
0.0,
0.0,
0.0,
2.0,
0.0,
0.0,
0.0,
0.0,
0.0,
0.0,
0.0,
0.0,
0.0,
9.0,
85.0,
223.0,
232.0,
107.0,
207.0,
249.0,
222.0,
90.0,
0.0,
0.0,
4.0,
4.0,
9.0,
0.0,
4.0,
6.0,
0.0,
0.0,
0.0,
0.0,
9.0,
1.0,
8.0,
0.0,
5.0,
0.0,
0.0,
9.0,
0.0,
134.0,
255.0,
246.0,
255.0,
223.0,
29.0,
12.0,
0.0,
0.0,
3.0,
2.0,
0.0,
0.0,
0.0,
0.0,
0.0,
0.0,
11.0,
0.0,
0.0,
0.0,
5.0,
0.0,
6.0,
0.0,
0.0,
11.0,
0.0,
138.0,
255.0,
252.0,
201.0,
30.0,
11.0,
1.0,
0.0,
0.0,
3.0,
2.0,
0.0,
0.0,
0.0,
0.0,
0.0,
0.0,
2.0,
0.0,
7.0,
0.0,
0.0,
1.0,
12.0,
0.0,
10.0,
0.0,
150.0,
255.0,
242.0,
255.0,
179.0,
9.0,
0.0,
0.0,
0.0,
0.0,
3.0,
1.0,
0.0,
0.0,
0.0,
0.0,
0.0,
0.0,
0.0,
0.0,
11.0,
2.0,
0.0,
1.0,
2.0,
2.0,
0.0,
155.0,
255.0,
236.0,
178.0,
253.0,
222.0,
13.0,
0.0,
0.0,
2.0,
4.0,
2.0,
0.0,
0.0,
0.0,
0.0,
0.0,
0.0,
0.0,
10.0,
0.0,
0.0,
0.0,
1.0,
3.0,
0.0,
1.0,
139.0,
255.0,
237.0,
92.0,
10.0,
200.0,
255.0,
12.0,
2.0,
4.0,
5.0,
2.0,
0.0,
0.0,
0.0,
1.0,
0.0,
0.0,
0.0,
0.0,
3.0,
0.0,
0.0,
1.0,
3.0,
0.0,
0.0,
83.0,
228.0,
243.0,
126.0,
0.0,
59.0,
245.0,
172.0,
15.0,
0.0,
1.0,
1.0,
0.0,
0.0,
0.0,
3.0,
2.0,
0.0,
0.0,
0.0,
0.0,
0.0,
3.0,
6.0,
7.0,
1.0,
0.0,
28.0,
207.0,
255.0,
172.0,
0.0,
10.0,
129.0,
255.0,
169.0,
0.0,
0.0,
0.0,
0.0,
0.0,
0.0,
3.0,
4.0,
0.0,
0.0,
0.0,
0.0,
0.0,
3.0,
7.0,
0.0,
0.0,
1.0,
0.0,
49.0,
255.0,
225.0,
69.0,
46.0,
171.0,
255.0,
226.0,
13.0,
0.0,
0.0,
2.0,
2.0,
0.0,
1.0,
6.0,
3.0,
0.0,
0.0,
0.0,
0.0,
0.0,
5.0,
0.0,
0.0,
7.0,
8.0,
1.0,
99.0,
255.0,
255.0,
226.0,
255.0,
254.0,
223.0,
58.0,
10.0,
0.0,
0.0,
0.0,
0.0,
0.0,
0.0,
0.0,
0.0,
0.0,
0.0,
0.0,
0.0,
0.0,
0.0,
8.0,
6.0,
0.0,
0.0,
0.0,
107.0,
254.0,
255.0,
246.0,
220.0,
106.0,
51.0,
0.0,
0.0,
0.0,
0.0,
0.0,
0.0,
0.0,
0.0,
0.0,
0.0,
0.0,
0.0,
0.0,
0.0,
0.0,
0.0,
2.0,
0.0,
0.0,
13.0,
1.0,
0.0,
0.0,
0.0,
2.0,
17.0,
0.0,
4.0,
0.0,
9.0,
0.0,
0.0,
0.0,
0.0,
0.0,
0.0,
0.0,
0.0,
0.0,
0.0,
0.0,
0.0,
0.0,
4.0,
9.0,
0.0,
0.0,
0.0,
9.0,
4.0,
5.0,
14.0,
0.0,
0.0,
0.0,
5.0,
0.0,
0.0,
11.0,
0.0,
0.0,
0.0,
0.0,
0.0,
0.0,
0.0,
0.0,
0.0,
0.0,
0.0,
0.0,
