0.0,
0.0,
0.0,
0.0,
0.0,
0.0,
0.0,
0.0,
0.0,
4.0,
2.0,
0.0,
0.0,
4.0,
3.0,
0.0,
3.0,
0.0,
2.0,
0.0,
7.0,
0.0,
0.0,
0.0,
0.0,
0.0,
0.0,
0.0,
0.0,
0.0,
0.0,
0.0,
0.0,
0.0,
0.0,
0.0,
0.0,
0.0,
0.0,
7.0,
1.0,
0.0,
0.0,
7.0,
1.0,
0.0,
4.0,
1.0,
0.0,
0.0,
0.0,
15.0,
0.0,
0.0,
0.0,
0.0,
0.0,
0.0,
0.0,
0.0,
0.0,
0.0,
0.0,
0.0,
7.0,
2.0,
0.0,
2.0,
6.0,
5.0,
3.0,
1.0,
0.0,
19.0,
0.0,
1.0,
1.0,
0.0,
12.0,
0.0,
0.0,
0.0,
0.0,
0.0,
0.0,
0.0,
0.0,
0.0,
0.0,
0.0,
0.0,
0.0,
0.0,
0.0,
0.0,
0.0,
0.0,
0.0,
0.0,
2.0,
0.0,
0.0,
0.0,
1.0,
0.0,
3.0,
4.0,
13.0,
0.0,
0.0,
0.0,
0.0,
0.0,
0.0,
0.0,
0.0,
0.0,
0.0,
0.0,
0.0,
0.0,
0.0,
1.0,
6.0,
3.0,
15.0,
67.0,
124.0,
254.0,
247.0,
251.0,
85.0,
0.0,
15.0,
0.0,
1.0,
0.0,
0.0,
0.0,
0.0,
0.0,
0.0,
0.0,
0.0,
0.0,
0.0,
0.0,
0.0,
5.0,
12.0,
0.0,
0.0,
45.0,
157.0,
241.0,
255.0,
239.0,
255.0,
238.0,
88.0,
1.0,
0.0,
13.0,
5.0,
0.0,
0.0,
0.0,
0.0,
0.0,
0.0,
0.0,
0.0,
0.0,
0.0,
0.0,
0.0,
0.0,
0.0,
0.0,
12.0,
132.0,
255.0,
255.0,
208.0,
167.0,
163.0,
186.0,
198.0,
154.0,
0.0,
0.0,
3.0,
0.0,
0.0,
0.0,
0.0,
0.0,
0.0,
0.0,
0.0,
0.0,
0.0,
0.0,
0.0,
4.0,
0.0,
16.0,
125.0,
244.0,
255.0,
162.0,
48.0,
0.0,
24.0,
239.0,
255.0,
248.0,
112.0,
0.0,
0.0,
0.0,
0.0,
0.0,
0.0,
0.0,
0.0,
0.0,
0.0,
0.0,
0.0,
0.0,
0.0,
0.0,
0.0,
13.0,
199.0,
251.0,
241.0,
31.0,
6.0,
3.0,
1.0,
154.0,
255.0,
250.0,
163.0,
0.0,
0.0,
0.0,
0.0,
0.0,
0.0,
0.0,
0.0,
0.0,
0.0,
0.0,
0.0,
0.0,
0.0,
8.0,
4.0,
41.0,
214.0,
255.0,
147.0,
0.0,
2.0,
0.0,
8.0,
82.0,
253.0,
230.0,
135.0,
9.0,
10.0,
0.0,
0.0,
0.0,
0.0,
0.0,
0.0,
0.0,
0.0,
0.0,
0.0,
0.0,
0.0,
0.0,
0.0,
50.0,
253.0,
254.0,
116.0,
3.0,
4.0,
6.0,
8.0,
190.0,
255.0,
255.0,
102.0,
0.0,
0.0,
0.0,
0.0,
0.0,
0.0,
0.0,
0.0,
0.0,
0.0,
0.0,
0.0,
0.0,
0.0,
0.0,
0.0,
172.0,
255.0,
243.0,
6.0,
9.0,
0.0,
0.0,
82.0,
237.0,
245.0,
208.0,
11.0,
12.0,
7.0,
0.0,
0.0,
0.0,
0.0,
0.0,
0.0,
0.0,
0.0,
0.0,
0.0,
0.0,
0.0,
22.0,
0.0,
152.0,
242.0,
253.0,
7.0,
0.0,
27.0,
133.0,
255.0,
255.0,
243.0,
62.0,
10.0,
0.0,
4.0,
0.0,
0.0,
0.0,
0.0,
0.0,
0.0,
0.0,
0.0,
0.0,
0.0,
0.0,
0.0,
0.0,
0.0,
73.0,
255.0,
251.0,
84.0,
19.0,
208.0,
251.0,
253.0,
249.0,
83.0,
19.0,
0.0,
3.0,
0.0,
0.0,
0.0,
0.0,
0.0,
0.0,
0.0,
0.0,
0.0,
0.0,
0.0,
0.0,
0.0,
5.0,
3.0,
19.0,
214.0,
255.0,
195.0,
153.0,
255.0,
255.0,
232.0,
95.0,
37.0,
0.0,
0.0,
14.0,
0.0,
0.0,
0.0,
0.0,
0.0,
0.0,
0.0,
0.0,
0.0,
0.0,
0.0,
0.0,
0.0,
0.0,
16.0,
2.0,
209.0,
231.0,
255.0,
255.0,
247.0,
103.0,
31.0,
5.0,
0.0,
4.0,
16.0,
0.0,
0.0,
0.0,
0.0,
0.0,
0.0,
0.0,
0.0,
0.0,
0.0,
0.0,
0.0,
0.0,
0.0,
1.0,
1.0,
0.0,
204.0,
250.0,
249.0,
255.0,
93.0,
1.0,
11.0,
0.0,
5.0,
0.0,
6.0,
0.0,
0.0,
0.0,
0.0,
0.0,
0.0,
0.0,
0.0,
0.0,
0.0,
0.0,
0.0,
0.0,
0.0,
0.0,
0.0,
53.0,
233.0,
255.0,
255.0,
255.0,
95.0,
0.0,
0.0,
0.0,
6.0,
0.0,
1.0,
0.0,
0.0,
0.0,
0.0,
0.0,
0.0,
0.0,
0.0,
0.0,
0.0,
0.0,
0.0,
0.0,
0.0,
0.0,
26.0,
248.0,
252.0,
236.0,
255.0,
236.0,
225.0,
36.0,
0.0,
4.0,
0.0,
0.0,
2.0,
1.0,
0.0,
0.0,
0.0,
0.0,
0.0,
0.0,
0.0,
0.0,
0.0,
0.0,
0.0,
0.0,
0.0,
4.0,
127.0,
245.0,
214.0,
49.0,
203.0,
255.0,
255.0,
118.0,
2.0,
0.0,
0.0,
2.0,
6.0,
0.0,
0.0,
0.0,
0.0,
0.0,
0.0,
0.0,
0.0,
0.0,
0.0,
0.0,
0.0,
0.0,
0.0,
51.0,
255.0,
253.0,
57.0,
0.0,
97.0,
241.0,
254.0,
149.0,
10.0,
0.0,
0.0,
7.0,
3.0,
0.0,
4.0,
0.0,
0.0,
0.0,
0.0,
0.0,
0.0,
0.0,
0.0,
0.0,
0.0,
0.0,
0.0,
113.0,
247.0,
148.0,
57.0,
115.0,
223.0,
242.0,
255.0,
96.0,
3.0,
0.0,
5.0,
4.0,
0.0,
0.0,
8.0,
0.0,
0.0,
0.0,
0.0,
0.0,
0.0,
0.0,
0.0,
0.0,
0.0,
0.0,
0.0,
202.0,
255.0,
235.0,
255.0,
255.0,
230.0,
255.0,
141.0,
23.0,
0.0,
0.0,
7.0,
0.0,
0.0,
0.0,
2.0,
0.0,
0.0,
0.0,
0.0,
0.0,
0.0,
0.0,
0.0,
0.0,
0.0,
0.0,
0.0,
118.0,
255.0,
255.0,
245.0,
247.0,
246.0,
102.0,
13.0,
0.0,
7.0,
0.0,
2.0,
0.0,
10.0,
5.0,
0.0,
0.0,
0.0,
0.0,
0.0,
0.0,
0.0,
0.0,
0.0,
0.0,
0.0,
0.0,
0.0,
0.0,
0.0,
0.0,
0.0,
0.0,
0.0,
0.0,
0.0,
0.0,
0.0,
0.0,
0.0,
0.0,
0.0,
0.0,
0.0,
0.0,
0.0,
0.0,
0.0,
0.0,
0.0,
0.0,
0.0,
0.0,
0.0,
0.0,
0.0,
0.0,
0.0,
0.0,
0.0,
0.0,
0.0,
0.0,
0.0,
0.0,
0.0,
0.0,
0.0,
0.0,
0.0,
0.0,
0.0,
0.0,
0.0,
0.0,
0.0,
0.0,
0.0,
0.0,
0.0,
0.0,
0.0,
0.0,
0.0,
0.0,
0.0,
0.0,
0.0,
0.0,
0.0,
0.0,
0.0,
0.0,
0.0,
0.0,
0.0,
0.0,
0.0,
0.0,
0.0,
0.0,
0.0,
0.0,
0.0,
0.0,
0.0,
0.0,
0.0,
0.0,
0.0,
0.0,
0.0,
0.0,
0.0,
0.0,
0.0,
0.0,
0.0,
0.0,
0.0,
0.0,
0.0,
0.0,
0.0,
0.0,
0.0,
0.0,
0.0,
0.0,
0.0,
0.0,
0.0,
