0.0,
0.0,
0.0,
0.0,
0.0,
0.0,
0.0,
0.0,
0.0,
6.0,
0.0,
4.0,
0.0,
7.0,
0.0,
6.0,
0.0,
2.0,
2.0,
4.0,
0.0,
3.0,
12.0,
0.0,
0.0,
0.0,
0.0,
0.0,
0.0,
0.0,
0.0,
0.0,
0.0,
0.0,
0.0,
0.0,
0.0,
0.0,
10.0,
0.0,
11.0,
0.0,
0.0,
0.0,
0.0,
0.0,
0.0,
7.0,
13.0,
0.0,
0.0,
12.0,
0.0,
0.0,
0.0,
0.0,
0.0,
0.0,
0.0,
0.0,
0.0,
0.0,
0.0,
0.0,
3.0,
1.0,
2.0,
0.0,
7.0,
0.0,
3.0,
2.0,
3.0,
0.0,
0.0,
0.0,
0.0,
0.0,
0.0,
9.0,
0.0,
0.0,
0.0,
0.0,
0.0,
0.0,
0.0,
0.0,
0.0,
0.0,
0.0,
0.0,
0.0,
10.0,
0.0,
2.0,
0.0,
0.0,
0.0,
7.0,
5.0,
0.0,
10.0,
7.0,
0.0,
0.0,
7.0,
0.0,
0.0,
0.0,
0.0,
0.0,
0.0,
0.0,
0.0,
0.0,
0.0,
0.0,
0.0,
0.0,
0.0,
0.0,
0.0,
11.0,
10.0,
17.0,
0.0,
0.0,
13.0,
0.0,
5.0,
0.0,
0.0,
0.0,
0.0,
0.0,
0.0,
0.0,
0.0,
0.0,
0.0,
0.0,
0.0,
0.0,
0.0,
0.0,
0.0,
0.0,
12.0,
1.0,
0.0,
0.0,
27.0,
72.0,
172.0,
250.0,
249.0,
253.0,
171.0,
6.0,
10.0,
15.0,
0.0,
9.0,
0.0,
0.0,
0.0,
0.0,
0.0,
0.0,
0.0,
0.0,
0.0,
0.0,
0.0,
0.0,
11.0,
0.0,
0.0,
89.0,
228.0,
255.0,
255.0,
233.0,
178.0,
190.0,
161.0,
2.0,
0.0,
0.0,
0.0,
0.0,
0.0,
0.0,
0.0,
0.0,
0.0,
0.0,
0.0,
0.0,
0.0,
0.0,
0.0,
0.0,
0.0,
23.0,
94.0,
227.0,
255.0,
217.0,
84.0,
14.0,
6.0,
0.0,
113.0,
109.0,
52.0,
7.0,
14.0,
0.0,
0.0,
0.0,
0.0,
0.0,
0.0,
0.0,
0.0,
0.0,
0.0,
0.0,
0.0,
0.0,
0.0,
64.0,
231.0,
255.0,
240.0,
88.0,
1.0,
54.0,
35.0,
226.0,
248.0,
250.0,
249.0,
162.0,
0.0,
4.0,
0.0,
0.0,
0.0,
0.0,
0.0,
0.0,
0.0,
0.0,
0.0,
0.0,
0.0,
0.0,
0.0,
50.0,
219.0,
255.0,
251.0,
173.0,
0.0,
0.0,
118.0,
250.0,
255.0,
253.0,
205.0,
106.0,
0.0,
0.0,
0.0,
0.0,
0.0,
0.0,
0.0,
0.0,
0.0,
0.0,
0.0,
0.0,
0.0,
0.0,
0.0,
2.0,
120.0,
224.0,
255.0,
48.0,
0.0,
61.0,
246.0,
251.0,
236.0,
132.0,
2.0,
0.0,
28.0,
0.0,
0.0,
0.0,
0.0,
0.0,
0.0,
0.0,
0.0,
0.0,
0.0,
0.0,
0.0,
0.0,
0.0,
15.0,
133.0,
255.0,
252.0,
36.0,
107.0,
223.0,
255.0,
253.0,
158.0,
22.0,
0.0,
0.0,
0.0,
0.0,
0.0,
0.0,
0.0,
0.0,
0.0,
0.0,
0.0,
0.0,
0.0,
0.0,
0.0,
0.0,
5.0,
0.0,
98.0,
255.0,
241.0,
225.0,
233.0,
255.0,
238.0,
159.0,
38.0,
0.0,
14.0,
2.0,
0.0,
15.0,
0.0,
0.0,
0.0,
0.0,
0.0,
0.0,
0.0,
0.0,
0.0,
0.0,
0.0,
0.0,
0.0,
0.0,
31.0,
190.0,
255.0,
255.0,
248.0,
249.0,
82.0,
0.0,
0.0,
5.0,
0.0,
0.0,
16.0,
0.0,
0.0,
0.0,
0.0,
0.0,
0.0,
0.0,
0.0,
0.0,
0.0,
0.0,
0.0,
0.0,
0.0,
6.0,
0.0,
95.0,
255.0,
254.0,
247.0,
156.0,
1.0,
0.0,
0.0,
0.0,
3.0,
0.0,
2.0,
0.0,
0.0,
0.0,
0.0,
0.0,
0.0,
0.0,
0.0,
0.0,
0.0,
0.0,
0.0,
0.0,
0.0,
0.0,
137.0,
255.0,
244.0,
249.0,
255.0,
232.0,
89.0,
11.0,
0.0,
7.0,
0.0,
0.0,
5.0,
0.0,
0.0,
0.0,
0.0,
0.0,
1.0,
0.0,
0.0,
0.0,
0.0,
0.0,
0.0,
1.0,
0.0,
140.0,
255.0,
228.0,
161.0,
19.0,
218.0,
249.0,
240.0,
58.0,
0.0,
6.0,
0.0,
0.0,
0.0,
0.0,
0.0,
0.0,
0.0,
0.0,
1.0,
0.0,
0.0,
0.0,
0.0,
0.0,
0.0,
1.0,
62.0,
217.0,
245.0,
145.0,
5.0,
7.0,
50.0,
192.0,
255.0,
222.0,
47.0,
0.0,
0.0,
5.0,
0.0,
3.0,
0.0,
0.0,
0.0,
0.0,
1.0,
0.0,
0.0,
0.0,
0.0,
0.0,
0.0,
1.0,
191.0,
255.0,
99.0,
21.0,
0.0,
0.0,
18.0,
59.0,
235.0,
255.0,
171.0,
0.0,
0.0,
4.0,
8.0,
0.0,
0.0,
0.0,
0.0,
0.0,
1.0,
0.0,
0.0,
0.0,
0.0,
0.0,
0.0,
1.0,
254.0,
214.0,
15.0,
4.0,
3.0,
20.0,
0.0,
0.0,
139.0,
238.0,
255.0,
65.0,
1.0,
0.0,
0.0,
0.0,
0.0,
0.0,
0.0,
0.0,
1.0,
0.0,
0.0,
0.0,
0.0,
0.0,
0.0,
1.0,
255.0,
244.0,
32.0,
0.0,
0.0,
0.0,
7.0,
0.0,
16.0,
254.0,
246.0,
125.0,
2.0,
0.0,
0.0,
1.0,
0.0,
0.0,
0.0,
0.0,
1.0,
0.0,
0.0,
0.0,
0.0,
0.0,
0.0,
1.0,
162.0,
255.0,
161.0,
34.0,
7.0,
2.0,
0.0,
6.0,
77.0,
251.0,
255.0,
119.0,
0.0,
5.0,
9.0,
0.0,
0.0,
0.0,
0.0,
0.0,
1.0,
0.0,
0.0,
0.0,
0.0,
0.0,
0.0,
1.0,
27.0,
255.0,
248.0,
255.0,
162.0,
136.0,
139.0,
139.0,
245.0,
248.0,
236.0,
65.0,
0.0,
3.0,
1.0,
0.0,
0.0,
0.0,
0.0,
0.0,
1.0,
0.0,
0.0,
0.0,
0.0,
0.0,
0.0,
1.0,
5.0,
51.0,
215.0,
245.0,
252.0,
255.0,
247.0,
255.0,
253.0,
231.0,
77.0,
0.0,
11.0,
0.0,
0.0,
12.0,
0.0,
0.0,
0.0,
0.0,
0.0,
0.0,
0.0,
0.0,
0.0,
0.0,
0.0,
0.0,
0.0,
0.0,
24.0,
95.0,
186.0,
249.0,
255.0,
255.0,
126.0,
48.0,
0.0,
0.0,
9.0,
0.0,
0.0,
4.0,
0.0,
0.0,
0.0,
0.0,
0.0,
0.0,
0.0,
0.0,
0.0,
0.0,
0.0,
0.0,
6.0,
2.0,
0.0,
0.0,
4.0,
2.0,
0.0,
0.0,
22.0,
3.0,
0.0,
5.0,
9.0,
0.0,
0.0,
3.0,
0.0,
0.0,
0.0,
0.0,
0.0,
0.0,
0.0,
0.0,
0.0,
0.0,
0.0,
0.0,
0.0,
0.0,
5.0,
3.0,
0.0,
0.0,
4.0,
14.0,
0.0,
0.0,
5.0,
2.0,
0.0,
0.0,
1.0,
4.0,
0.0,
0.0,
0.0,
0.0,
0.0,
0.0,
0.0,
0.0,
0.0,
0.0,
0.0,
0.0,
5.0,
4.0,
2.0,
0.0,
0.0,
0.0,
0.0,
1.0,
4.0,
9.0,
6.0,
0.0,
0.0,
0.0,
2.0,
0.0,
0.0,
0.0,
0.0,
0.0,
