0.0,
0.0,
0.0,
0.0,
0.0,
0.0,
0.0,
0.0,
0.0,
7.0,
6.0,
0.0,
3.0,
5.0,
0.0,
6.0,
7.0,
0.0,
11.0,
8.0,
0.0,
0.0,
5.0,
0.0,
0.0,
0.0,
0.0,
0.0,
0.0,
0.0,
0.0,
0.0,
0.0,
0.0,
0.0,
0.0,
15.0,
5.0,
0.0,
1.0,
0.0,
0.0,
8.0,
0.0,
0.0,
0.0,
0.0,
9.0,
4.0,
1.0,
1.0,
2.0,
0.0,
0.0,
0.0,
0.0,
0.0,
0.0,
0.0,
0.0,
0.0,
0.0,
0.0,
0.0,
0.0,
0.0,
1.0,
11.0,
6.0,
7.0,
7.0,
0.0,
1.0,
16.0,
0.0,
8.0,
1.0,
0.0,
0.0,
7.0,
0.0,
0.0,
0.0,
0.0,
0.0,
0.0,
0.0,
0.0,
0.0,
0.0,
0.0,
0.0,
0.0,
7.0,
10.0,
0.0,
0.0,
4.0,
0.0,
2.0,
0.0,
1.0,
5.0,
4.0,
0.0,
0.0,
4.0,
0.0,
0.0,
0.0,
0.0,
0.0,
0.0,
0.0,
0.0,
0.0,
0.0,
0.0,
0.0,
0.0,
9.0,
0.0,
9.0,
6.0,
0.0,
0.0,
0.0,
1.0,
30.0,
0.0,
2.0,
0.0,
0.0,
6.0,
5.0,
0.0,
0.0,
0.0,
0.0,
0.0,
0.0,
0.0,
0.0,
0.0,
0.0,
0.0,
0.0,
0.0,
0.0,
8.0,
25.0,
146.0,
155.0,
141.0,
252.0,
242.0,
182.0,
59.0,
0.0,
0.0,
1.0,
0.0,
0.0,
3.0,
0.0,
0.0,
0.0,
0.0,
0.0,
0.0,
0.0,
0.0,
0.0,
0.0,
0.0,
0.0,
0.0,
38.0,
229.0,
255.0,
255.0,
237.0,
151.0,
230.0,
255.0,
181.0,
4.0,
0.0,
0.0,
0.0,
0.0,
8.0,
0.0,
0.0,
0.0,
0.0,
0.0,
0.0,
0.0,
0.0,
0.0,
0.0,
0.0,
0.0,
9.0,
214.0,
242.0,
224.0,
187.0,
45.0,
14.0,
90.0,
244.0,
234.0,
0.0,
5.0,
0.0,
8.0,
0.0,
0.0,
0.0,
0.0,
0.0,
0.0,
0.0,
0.0,
0.0,
0.0,
0.0,
0.0,
0.0,
0.0,
91.0,
251.0,
209.0,
16.0,
0.0,
0.0,
7.0,
9.0,
215.0,
232.0,
3.0,
0.0,
0.0,
0.0,
0.0,
0.0,
0.0,
0.0,
0.0,
0.0,
0.0,
0.0,
0.0,
0.0,
0.0,
0.0,
0.0,
0.0,
163.0,
248.0,
103.0,
1.0,
27.0,
2.0,
0.0,
10.0,
180.0,
239.0,
0.0,
4.0,
7.0,
7.0,
11.0,
2.0,
0.0,
0.0,
0.0,
0.0,
0.0,
0.0,
0.0,
0.0,
0.0,
0.0,
0.0,
0.0,
176.0,
246.0,
112.0,
0.0,
0.0,
0.0,
8.0,
101.0,
255.0,
240.0,
0.0,
0.0,
0.0,
0.0,
8.0,
0.0,
0.0,
0.0,
0.0,
0.0,
0.0,
0.0,
0.0,
0.0,
0.0,
0.0,
0.0,
0.0,
83.0,
255.0,
143.0,
3.0,
1.0,
4.0,
69.0,
225.0,
248.0,
215.0,
11.0,
15.0,
0.0,
30.0,
0.0,
2.0,
0.0,
0.0,
0.0,
0.0,
0.0,
0.0,
0.0,
0.0,
0.0,
0.0,
0.0,
0.0,
21.0,
201.0,
237.0,
240.0,
237.0,
194.0,
250.0,
243.0,
255.0,
250.0,
207.0,
11.0,
0.0,
0.0,
0.0,
5.0,
0.0,
0.0,
0.0,
0.0,
0.0,
0.0,
0.0,
0.0,
0.0,
0.0,
0.0,
0.0,
0.0,
72.0,
217.0,
240.0,
244.0,
255.0,
254.0,
209.0,
90.0,
138.0,
250.0,
231.0,
23.0,
15.0,
0.0,
4.0,
0.0,
0.0,
0.0,
0.0,
0.0,
0.0,
0.0,
0.0,
0.0,
0.0,
0.0,
0.0,
4.0,
0.0,
21.0,
99.0,
255.0,
244.0,
67.0,
25.0,
0.0,
0.0,
136.0,
255.0,
100.0,
0.0,
1.0,
0.0,
0.0,
0.0,
0.0,
0.0,
0.0,
0.0,
0.0,
0.0,
0.0,
0.0,
0.0,
0.0,
0.0,
3.0,
25.0,
243.0,
219.0,
35.0,
11.0,
0.0,
0.0,
5.0,
37.0,
207.0,
228.0,
0.0,
7.0,
0.0,
0.0,
0.0,
0.0,
0.0,
0.0,
0.0,
0.0,
0.0,
0.0,
0.0,
0.0,
0.0,
0.0,
0.0,
232.0,
217.0,
41.0,
0.0,
1.0,
0.0,
0.0,
0.0,
6.0,
206.0,
244.0,
49.0,
0.0,
2.0,
0.0,
0.0,
0.0,
0.0,
0.0,
0.0,
0.0,
0.0,
0.0,
0.0,
0.0,
0.0,
11.0,
149.0,
244.0,
165.0,
0.0,
10.0,
8.0,
0.0,
10.0,
0.0,
1.0,
212.0,
211.0,
6.0,
2.0,
0.0,
0.0,
0.0,
0.0,
0.0,
0.0,
0.0,
0.0,
0.0,
0.0,
0.0,
0.0,
0.0,
4.0,
192.0,
250.0,
65.0,
2.0,
0.0,
0.0,
7.0,
3.0,
0.0,
0.0,
217.0,
210.0,
0.0,
4.0,
0.0,
0.0,
0.0,
0.0,
0.0,
0.0,
0.0,
0.0,
0.0,
0.0,
0.0,
0.0,
0.0,
0.0,
233.0,
255.0,
117.0,
3.0,
0.0,
0.0,
5.0,
0.0,
7.0,
29.0,
221.0,
214.0,
10.0,
0.0,
0.0,
0.0,
0.0,
0.0,
0.0,
0.0,
0.0,
0.0,
0.0,
0.0,
0.0,
0.0,
0.0,
6.0,
225.0,
240.0,
160.0,
13.0,
0.0,
19.0,
0.0,
0.0,
9.0,
121.0,
246.0,
163.0,
6.0,
0.0,
3.0,
0.0,
0.0,
0.0,
0.0,
0.0,
0.0,
0.0,
0.0,
0.0,
0.0,
0.0,
0.0,
0.0,
95.0,
255.0,
224.0,
83.0,
8.0,
0.0,
6.0,
0.0,
24.0,
219.0,
255.0,
88.0,
0.0,
2.0,
0.0,
0.0,
0.0,
0.0,
0.0,
0.0,
0.0,
0.0,
0.0,
0.0,
0.0,
0.0,
0.0,
18.0,
2.0,
127.0,
255.0,
228.0,
211.0,
38.0,
38.0,
98.0,
123.0,
251.0,
193.0,
26.0,
0.0,
4.0,
0.0,
0.0,
0.0,
0.0,
0.0,
0.0,
0.0,
0.0,
0.0,
0.0,
0.0,
0.0,
0.0,
0.0,
3.0,
14.0,
184.0,
255.0,
245.0,
255.0,
251.0,
245.0,
254.0,
232.0,
79.0,
0.0,
2.0,
0.0,
5.0,
0.0,
0.0,
0.0,
0.0,
0.0,
0.0,
0.0,
0.0,
0.0,
0.0,
0.0,
0.0,
0.0,
1.0,
0.0,
19.0,
85.0,
178.0,
242.0,
255.0,
253.0,
174.0,
73.0,
6.0,
0.0,
0.0,
5.0,
2.0,
0.0,
0.0,
0.0,
0.0,
0.0,
0.0,
0.0,
0.0,
0.0,
0.0,
0.0,
0.0,
4.0,
7.0,
2.0,
0.0,
0.0,
6.0,
5.0,
0.0,
17.0,
10.0,
2.0,
1.0,
5.0,
5.0,
0.0,
0.0,
0.0,
0.0,
0.0,
0.0,
0.0,
0.0,
0.0,
0.0,
0.0,
0.0,
0.0,
0.0,
0.0,
0.0,
2.0,
4.0,
4.0,
5.0,
4.0,
1.0,
0.0,
0.0,
0.0,
0.0,
0.0,
0.0,
0.0,
5.0,
0.0,
0.0,
0.0,
0.0,
0.0,
0.0,
0.0,
0.0,
0.0,
0.0,
0.0,
0.0,
9.0,
5.0,
1.0,
0.0,
0.0,
0.0,
0.0,
0.0,
10.0,
7.0,
3.0,
1.0,
1.0,
2.0,
1.0,
0.0,
0.0,
0.0,
0.0,
0.0,
