0.0,
0.0,
0.0,
0.0,
0.0,
0.0,
0.0,
0.0,
0.0,
2.0,
1.0,
0.0,
2.0,
2.0,
0.0,
2.0,
3.0,
0.0,
0.0,
0.0,
0.0,
2.0,
0.0,
0.0,
0.0,
0.0,
0.0,
0.0,
0.0,
0.0,
0.0,
0.0,
0.0,
0.0,
0.0,
0.0,
6.0,
1.0,
0.0,
1.0,
2.0,
0.0,
0.0,
0.0,
0.0,
0.0,
8.0,
9.0,
3.0,
0.0,
0.0,
0.0,
0.0,
0.0,
0.0,
0.0,
0.0,
0.0,
0.0,
0.0,
0.0,
0.0,
0.0,
0.0,
5.0,
0.0,
0.0,
0.0,
0.0,
0.0,
1.0,
1.0,
9.0,
9.0,
6.0,
0.0,
0.0,
0.0,
1.0,
10.0,
0.0,
0.0,
0.0,
0.0,
0.0,
0.0,
0.0,
0.0,
0.0,
0.0,
0.0,
0.0,
8.0,
0.0,
3.0,
6.0,
0.0,
0.0,
2.0,
0.0,
0.0,
0.0,
0.0,
0.0,
2.0,
3.0,
0.0,
0.0,
0.0,
0.0,
0.0,
0.0,
0.0,
0.0,
0.0,
0.0,
0.0,
0.0,
0.0,
0.0,
0.0,
0.0,
4.0,
0.0,
0.0,
2.0,
5.0,
0.0,
8.0,
6.0,
4.0,
3.0,
3.0,
1.0,
0.0,
0.0,
0.0,
0.0,
0.0,
0.0,
0.0,
0.0,
0.0,
0.0,
0.0,
0.0,
0.0,
0.0,
0.0,
15.0,
10.0,
0.0,
2.0,
1.0,
0.0,
0.0,
0.0,
0.0,
0.0,
0.0,
0.0,
0.0,
0.0,
5.0,
0.0,
0.0,
0.0,
0.0,
0.0,
0.0,
0.0,
0.0,
0.0,
0.0,
0.0,
0.0,
0.0,
1.0,
0.0,
0.0,
14.0,
4.0,
0.0,
16.0,
13.0,
6.0,
0.0,
0.0,
3.0,
4.0,
0.0,
0.0,
0.0,
0.0,
0.0,
0.0,
0.0,
0.0,
0.0,
0.0,
0.0,
0.0,
0.0,
0.0,
1.0,
8.0,
5.0,
55.0,
136.0,
150.0,
157.0,
215.0,
228.0,
156.0,
63.0,
5.0,
0.0,
3.0,
5.0,
0.0,
0.0,
0.0,
0.0,
0.0,
0.0,
11.0,
0.0,
9.0,
8.0,
0.0,
1.0,
7.0,
1.0,
93.0,
216.0,
245.0,
250.0,
255.0,
232.0,
241.0,
234.0,
253.0,
251.0,
170.0,
7.0,
0.0,
2.0,
0.0,
0.0,
0.0,
0.0,
0.0,
6.0,
0.0,
0.0,
9.0,
0.0,
23.0,
0.0,
67.0,
235.0,
233.0,
254.0,
168.0,
72.0,
76.0,
50.0,
0.0,
24.0,
70.0,
249.0,
255.0,
67.0,
8.0,
12.0,
0.0,
0.0,
0.0,
0.0,
0.0,
8.0,
0.0,
3.0,
4.0,
0.0,
0.0,
93.0,
217.0,
255.0,
233.0,
82.0,
10.0,
5.0,
0.0,
14.0,
0.0,
0.0,
107.0,
237.0,
175.0,
10.0,
0.0,
0.0,
0.0,
0.0,
0.0,
0.0,
0.0,
0.0,
3.0,
9.0,
0.0,
6.0,
3.0,
207.0,
250.0,
151.0,
43.0,
7.0,
0.0,
0.0,
11.0,
0.0,
0.0,
0.0,
206.0,
255.0,
142.0,
0.0,
15.0,
7.0,
8.0,
0.0,
0.0,
0.0,
0.0,
0.0,
4.0,
7.0,
0.0,
0.0,
103.0,
237.0,
172.0,
15.0,
0.0,
0.0,
12.0,
0.0,
0.0,
11.0,
3.0,
12.0,
175.0,
255.0,
234.0,
2.0,
0.0,
5.0,
0.0,
0.0,
0.0,
0.0,
0.0,
0.0,
0.0,
0.0,
0.0,
1.0,
70.0,
255.0,
225.0,
47.0,
0.0,
16.0,
0.0,
0.0,
15.0,
0.0,
80.0,
220.0,
244.0,
253.0,
236.0,
3.0,
0.0,
18.0,
0.0,
0.0,
0.0,
0.0,
0.0,
0.0,
0.0,
0.0,
3.0,
14.0,
0.0,
195.0,
255.0,
241.0,
129.0,
72.0,
69.0,
60.0,
111.0,
207.0,
252.0,
250.0,
255.0,
239.0,
137.0,
0.0,
7.0,
1.0,
0.0,
0.0,
0.0,
0.0,
0.0,
6.0,
0.0,
3.0,
0.0,
0.0,
0.0,
32.0,
137.0,
245.0,
255.0,
252.0,
248.0,
255.0,
251.0,
224.0,
193.0,
103.0,
195.0,
255.0,
121.0,
7.0,
10.0,
0.0,
6.0,
0.0,
0.0,
0.0,
0.0,
0.0,
0.0,
0.0,
0.0,
0.0,
4.0,
9.0,
12.0,
95.0,
140.0,
166.0,
139.0,
92.0,
55.0,
29.0,
9.0,
3.0,
194.0,
252.0,
136.0,
0.0,
2.0,
0.0,
4.0,
0.0,
0.0,
0.0,
0.0,
2.0,
0.0,
0.0,
0.0,
0.0,
2.0,
5.0,
7.0,
0.0,
2.0,
7.0,
0.0,
0.0,
2.0,
3.0,
0.0,
0.0,
195.0,
255.0,
138.0,
7.0,
5.0,
0.0,
0.0,
0.0,
0.0,
0.0,
0.0,
2.0,
1.0,
0.0,
0.0,
0.0,
0.0,
0.0,
0.0,
7.0,
2.0,
0.0,
0.0,
0.0,
8.0,
7.0,
1.0,
0.0,
197.0,
253.0,
132.0,
8.0,
2.0,
0.0,
0.0,
0.0,
0.0,
0.0,
0.0,
0.0,
0.0,
0.0,
0.0,
0.0,
0.0,
0.0,
0.0,
0.0,
0.0,
0.0,
3.0,
1.0,
0.0,
0.0,
0.0,
0.0,
199.0,
247.0,
130.0,
0.0,
0.0,
1.0,
2.0,
0.0,
0.0,
0.0,
0.0,
0.0,
0.0,
0.0,
0.0,
0.0,
0.0,
0.0,
0.0,
0.0,
0.0,
0.0,
2.0,
0.0,
0.0,
2.0,
12.0,
0.0,
199.0,
246.0,
152.0,
0.0,
0.0,
3.0,
0.0,
0.0,
0.0,
0.0,
0.0,
0.0,
0.0,
0.0,
0.0,
0.0,
0.0,
0.0,
0.0,
7.0,
0.0,
0.0,
0.0,
0.0,
0.0,
0.0,
0.0,
0.0,
196.0,
251.0,
197.0,
4.0,
0.0,
4.0,
0.0,
0.0,
0.0,
0.0,
0.0,
0.0,
0.0,
0.0,
0.0,
0.0,
0.0,
0.0,
1.0,
0.0,
0.0,
0.0,
2.0,
7.0,
9.0,
3.0,
0.0,
0.0,
194.0,
251.0,
234.0,
2.0,
0.0,
4.0,
0.0,
0.0,
0.0,
0.0,
0.0,
2.0,
1.0,
0.0,
0.0,
0.0,
0.0,
0.0,
0.0,
0.0,
5.0,
6.0,
0.0,
0.0,
0.0,
2.0,
5.0,
6.0,
192.0,
247.0,
249.0,
0.0,
0.0,
5.0,
0.0,
0.0,
0.0,
0.0,
0.0,
0.0,
0.0,
0.0,
0.0,
0.0,
0.0,
0.0,
0.0,
0.0,
0.0,
0.0,
0.0,
0.0,
0.0,
0.0,
0.0,
5.0,
192.0,
248.0,
230.0,
6.0,
0.0,
5.0,
0.0,
0.0,
0.0,
0.0,
0.0,
0.0,
0.0,
0.0,
0.0,
0.0,
0.0,
0.0,
0.0,
0.0,
0.0,
0.0,
0.0,
0.0,
0.0,
0.0,
0.0,
0.0,
190.0,
255.0,
222.0,
0.0,
0.0,
4.0,
0.0,
0.0,
0.0,
0.0,
0.0,
0.0,
0.0,
0.0,
0.0,
0.0,
0.0,
0.0,
0.0,
0.0,
0.0,
0.0,
0.0,
0.0,
0.0,
0.0,
0.0,
5.0,
52.0,
255.0,
84.0,
0.0,
18.0,
0.0,
26.0,
0.0,
0.0,
0.0,
0.0,
0.0,
0.0,
0.0,
0.0,
0.0,
0.0,
0.0,
0.0,
0.0,
0.0,
0.0,
0.0,
0.0,
0.0,
0.0,
0.0,
1.0,
2.0,
0.0,
0.0,
0.0,
0.0,
19.0,
0.0,
0.0,
0.0,
0.0,
0.0,
