0.0,
0.0,
0.0,
0.0,
0.0,
0.0,
0.0,
0.0,
0.0,
0.0,
0.0,
0.0,
5.0,
8.0,
2.0,
0.0,
0.0,
6.0,
1.0,
1.0,
4.0,
0.0,
0.0,
0.0,
0.0,
0.0,
0.0,
0.0,
0.0,
0.0,
0.0,
0.0,
0.0,
0.0,
0.0,
0.0,
7.0,
0.0,
0.0,
3.0,
0.0,
0.0,
0.0,
19.0,
9.0,
0.0,
0.0,
0.0,
0.0,
7.0,
0.0,
0.0,
0.0,
0.0,
0.0,
0.0,
0.0,
0.0,
0.0,
0.0,
0.0,
0.0,
0.0,
0.0,
0.0,
1.0,
4.0,
1.0,
6.0,
12.0,
0.0,
0.0,
0.0,
0.0,
13.0,
7.0,
0.0,
5.0,
0.0,
7.0,
0.0,
0.0,
0.0,
0.0,
0.0,
0.0,
0.0,
0.0,
0.0,
0.0,
0.0,
0.0,
6.0,
0.0,
0.0,
7.0,
1.0,
0.0,
0.0,
17.0,
16.0,
0.0,
0.0,
0.0,
0.0,
0.0,
0.0,
0.0,
0.0,
0.0,
0.0,
0.0,
0.0,
0.0,
0.0,
0.0,
0.0,
0.0,
0.0,
0.0,
8.0,
4.0,
0.0,
0.0,
0.0,
5.0,
3.0,
0.0,
0.0,
0.0,
0.0,
15.0,
6.0,
0.0,
4.0,
0.0,
0.0,
0.0,
0.0,
0.0,
0.0,
0.0,
0.0,
0.0,
0.0,
0.0,
0.0,
0.0,
0.0,
0.0,
0.0,
0.0,
0.0,
3.0,
4.0,
3.0,
9.0,
8.0,
0.0,
0.0,
10.0,
1.0,
3.0,
7.0,
0.0,
0.0,
0.0,
0.0,
0.0,
0.0,
0.0,
0.0,
0.0,
0.0,
0.0,
0.0,
8.0,
0.0,
0.0,
12.0,
0.0,
0.0,
77.0,
183.0,
201.0,
238.0,
255.0,
243.0,
186.0,
93.0,
0.0,
0.0,
0.0,
0.0,
0.0,
0.0,
0.0,
0.0,
0.0,
0.0,
0.0,
0.0,
0.0,
0.0,
0.0,
17.0,
3.0,
0.0,
26.0,
156.0,
249.0,
255.0,
255.0,
185.0,
185.0,
177.0,
252.0,
239.0,
44.0,
0.0,
0.0,
0.0,
0.0,
0.0,
0.0,
0.0,
0.0,
0.0,
0.0,
0.0,
0.0,
0.0,
0.0,
4.0,
0.0,
18.0,
186.0,
255.0,
239.0,
47.0,
22.0,
0.0,
5.0,
0.0,
48.0,
215.0,
42.0,
2.0,
0.0,
0.0,
0.0,
0.0,
0.0,
0.0,
0.0,
0.0,
0.0,
0.0,
0.0,
0.0,
3.0,
0.0,
4.0,
119.0,
255.0,
138.0,
15.0,
7.0,
0.0,
12.0,
0.0,
28.0,
23.0,
218.0,
9.0,
5.0,
0.0,
0.0,
0.0,
0.0,
0.0,
0.0,
0.0,
0.0,
0.0,
0.0,
0.0,
0.0,
0.0,
5.0,
20.0,
249.0,
157.0,
13.0,
1.0,
4.0,
0.0,
8.0,
5.0,
0.0,
69.0,
103.0,
28.0,
0.0,
0.0,
0.0,
0.0,
0.0,
0.0,
0.0,
0.0,
0.0,
0.0,
0.0,
0.0,
0.0,
7.0,
1.0,
20.0,
195.0,
215.0,
34.0,
44.0,
0.0,
4.0,
0.0,
52.0,
205.0,
250.0,
35.0,
0.0,
0.0,
0.0,
0.0,
0.0,
0.0,
0.0,
0.0,
0.0,
0.0,
0.0,
0.0,
0.0,
0.0,
0.0,
0.0,
8.0,
58.0,
228.0,
255.0,
246.0,
218.0,
146.0,
160.0,
233.0,
255.0,
231.0,
17.0,
29.0,
0.0,
0.0,
0.0,
0.0,
0.0,
0.0,
0.0,
0.0,
0.0,
0.0,
0.0,
0.0,
0.0,
0.0,
4.0,
0.0,
0.0,
12.0,
179.0,
208.0,
189.0,
250.0,
255.0,
255.0,
221.0,
79.0,
12.0,
0.0,
3.0,
0.0,
0.0,
0.0,
0.0,
0.0,
0.0,
0.0,
0.0,
0.0,
0.0,
0.0,
0.0,
2.0,
6.0,
0.0,
4.0,
15.0,
0.0,
8.0,
45.0,
235.0,
239.0,
178.0,
24.0,
0.0,
2.0,
12.0,
0.0,
0.0,
0.0,
0.0,
0.0,
0.0,
0.0,
0.0,
0.0,
0.0,
0.0,
0.0,
0.0,
0.0,
0.0,
0.0,
6.0,
0.0,
9.0,
22.0,
156.0,
255.0,
229.0,
25.0,
0.0,
6.0,
4.0,
0.0,
3.0,
0.0,
0.0,
0.0,
0.0,
0.0,
0.0,
0.0,
0.0,
0.0,
0.0,
0.0,
0.0,
0.0,
0.0,
0.0,
0.0,
5.0,
0.0,
152.0,
244.0,
249.0,
62.0,
0.0,
2.0,
2.0,
10.0,
0.0,
0.0,
0.0,
0.0,
0.0,
0.0,
0.0,
0.0,
0.0,
0.0,
0.0,
0.0,
0.0,
0.0,
2.0,
1.0,
6.0,
19.0,
5.0,
83.0,
230.0,
255.0,
114.0,
8.0,
0.0,
0.0,
0.0,
5.0,
0.0,
7.0,
0.0,
0.0,
0.0,
0.0,
0.0,
0.0,
0.0,
0.0,
0.0,
0.0,
0.0,
0.0,
2.0,
0.0,
6.0,
0.0,
27.0,
241.0,
255.0,
194.0,
12.0,
0.0,
5.0,
0.0,
0.0,
5.0,
0.0,
3.0,
0.0,
0.0,
0.0,
0.0,
0.0,
0.0,
0.0,
0.0,
0.0,
0.0,
0.0,
0.0,
0.0,
6.0,
1.0,
14.0,
214.0,
255.0,
226.0,
25.0,
0.0,
0.0,
12.0,
0.0,
1.0,
11.0,
0.0,
0.0,
0.0,
0.0,
0.0,
0.0,
0.0,
0.0,
0.0,
0.0,
0.0,
0.0,
0.0,
0.0,
13.0,
0.0,
15.0,
179.0,
252.0,
201.0,
39.0,
0.0,
0.0,
4.0,
3.0,
0.0,
3.0,
8.0,
0.0,
2.0,
0.0,
0.0,
0.0,
0.0,
0.0,
0.0,
0.0,
0.0,
0.0,
0.0,
0.0,
0.0,
0.0,
8.0,
122.0,
254.0,
234.0,
0.0,
9.0,
0.0,
0.0,
1.0,
0.0,
0.0,
2.0,
0.0,
0.0,
7.0,
0.0,
0.0,
0.0,
0.0,
0.0,
0.0,
0.0,
0.0,
0.0,
0.0,
0.0,
0.0,
0.0,
103.0,
254.0,
238.0,
127.0,
0.0,
0.0,
9.0,
0.0,
3.0,
2.0,
4.0,
0.0,
0.0,
0.0,
0.0,
0.0,
0.0,
0.0,
0.0,
0.0,
0.0,
0.0,
0.0,
0.0,
0.0,
0.0,
0.0,
81.0,
236.0,
253.0,
123.0,
10.0,
0.0,
0.0,
7.0,
4.0,
0.0,
0.0,
0.0,
0.0,
3.0,
10.0,
0.0,
0.0,
0.0,
0.0,
0.0,
2.0,
0.0,
10.0,
3.0,
0.0,
42.0,
146.0,
204.0,
255.0,
241.0,
151.0,
29.0,
0.0,
4.0,
16.0,
0.0,
0.0,
0.0,
0.0,
0.0,
0.0,
0.0,
0.0,
0.0,
0.0,
0.0,
0.0,
0.0,
9.0,
0.0,
0.0,
0.0,
3.0,
77.0,
184.0,
242.0,
229.0,
97.0,
0.0,
0.0,
10.0,
0.0,
0.0,
0.0,
0.0,
0.0,
0.0,
0.0,
0.0,
0.0,
0.0,
0.0,
0.0,
0.0,
0.0,
0.0,
0.0,
0.0,
10.0,
16.0,
0.0,
0.0,
10.0,
2.0,
1.0,
4.0,
5.0,
2.0,
0.0,
0.0,
2.0,
9.0,
0.0,
0.0,
0.0,
0.0,
0.0,
0.0,
0.0,
0.0,
0.0,
0.0,
0.0,
0.0,
11.0,
0.0,
0.0,
0.0,
0.0,
0.0,
9.0,
4.0,
0.0,
0.0,
0.0,
0.0,
9.0,
11.0,
0.0,
0.0,
0.0,
0.0,
0.0,
0.0,
0.0,
0.0,
0.0,
0.0,
0.0,
0.0,
0.0,
0.0,
