0.0,
0.0,
0.0,
0.0,
0.0,
0.0,
0.0,
0.0,
0.0,
0.0,
0.0,
0.0,
4.0,
0.0,
0.0,
4.0,
12.0,
0.0,
0.0,
0.0,
13.0,
0.0,
0.0,
11.0,
0.0,
0.0,
0.0,
0.0,
0.0,
0.0,
0.0,
0.0,
0.0,
0.0,
0.0,
0.0,
0.0,
7.0,
0.0,
0.0,
1.0,
10.0,
3.0,
0.0,
0.0,
7.0,
19.0,
0.0,
0.0,
12.0,
12.0,
0.0,
0.0,
0.0,
0.0,
0.0,
0.0,
0.0,
0.0,
0.0,
0.0,
0.0,
0.0,
0.0,
0.0,
0.0,
0.0,
11.0,
12.0,
0.0,
0.0,
10.0,
3.0,
5.0,
0.0,
7.0,
0.0,
0.0,
0.0,
1.0,
0.0,
0.0,
0.0,
0.0,
0.0,
0.0,
0.0,
0.0,
0.0,
0.0,
0.0,
0.0,
6.0,
10.0,
0.0,
0.0,
0.0,
10.0,
2.0,
0.0,
0.0,
6.0,
0.0,
0.0,
0.0,
10.0,
13.0,
0.0,
0.0,
0.0,
0.0,
0.0,
0.0,
0.0,
0.0,
0.0,
0.0,
0.0,
0.0,
0.0,
0.0,
0.0,
6.0,
9.0,
6.0,
0.0,
0.0,
10.0,
3.0,
2.0,
0.0,
0.0,
0.0,
0.0,
1.0,
9.0,
0.0,
0.0,
0.0,
0.0,
0.0,
0.0,
0.0,
0.0,
0.0,
0.0,
0.0,
0.0,
0.0,
2.0,
0.0,
0.0,
0.0,
0.0,
15.0,
45.0,
188.0,
80.0,
16.0,
0.0,
20.0,
9.0,
0.0,
0.0,
0.0,
0.0,
0.0,
0.0,
0.0,
0.0,
0.0,
0.0,
0.0,
0.0,
0.0,
0.0,
3.0,
7.0,
0.0,
11.0,
117.0,
232.0,
255.0,
232.0,
255.0,
237.0,
212.0,
33.0,
0.0,
0.0,
13.0,
11.0,
0.0,
0.0,
0.0,
0.0,
0.0,
0.0,
0.0,
0.0,
0.0,
0.0,
0.0,
0.0,
7.0,
0.0,
35.0,
168.0,
255.0,
255.0,
238.0,
255.0,
255.0,
247.0,
255.0,
60.0,
5.0,
1.0,
2.0,
0.0,
0.0,
0.0,
0.0,
0.0,
0.0,
15.0,
0.0,
4.0,
2.0,
0.0,
0.0,
1.0,
0.0,
17.0,
177.0,
250.0,
249.0,
219.0,
104.0,
42.0,
42.0,
168.0,
255.0,
111.0,
0.0,
9.0,
0.0,
1.0,
0.0,
0.0,
0.0,
0.0,
0.0,
3.0,
0.0,
6.0,
0.0,
4.0,
0.0,
0.0,
96.0,
211.0,
254.0,
191.0,
60.0,
4.0,
13.0,
0.0,
0.0,
91.0,
245.0,
198.0,
2.0,
8.0,
0.0,
7.0,
0.0,
0.0,
0.0,
0.0,
4.0,
0.0,
2.0,
6.0,
0.0,
7.0,
0.0,
24.0,
200.0,
253.0,
218.0,
89.0,
0.0,
16.0,
0.0,
1.0,
4.0,
62.0,
255.0,
246.0,
74.0,
0.0,
4.0,
0.0,
0.0,
0.0,
0.0,
0.0,
5.0,
0.0,
4.0,
0.0,
0.0,
7.0,
0.0,
89.0,
255.0,
226.0,
21.0,
0.0,
0.0,
6.0,
3.0,
0.0,
15.0,
84.0,
255.0,
250.0,
210.0,
5.0,
17.0,
0.0,
0.0,
0.0,
0.0,
0.0,
1.0,
0.0,
3.0,
0.0,
4.0,
4.0,
0.0,
155.0,
251.0,
204.0,
0.0,
5.0,
22.0,
0.0,
0.0,
14.0,
127.0,
181.0,
252.0,
250.0,
222.0,
0.0,
6.0,
0.0,
0.0,
0.0,
0.0,
0.0,
0.0,
3.0,
2.0,
0.0,
7.0,
1.0,
0.0,
165.0,
255.0,
180.0,
12.0,
0.0,
0.0,
9.0,
15.0,
66.0,
250.0,
255.0,
242.0,
255.0,
123.0,
0.0,
0.0,
6.0,
0.0,
0.0,
0.0,
0.0,
0.0,
0.0,
3.0,
0.0,
0.0,
2.0,
0.0,
112.0,
248.0,
203.0,
13.0,
13.0,
73.0,
126.0,
248.0,
253.0,
244.0,
255.0,
251.0,
212.0,
54.0,
14.0,
0.0,
1.0,
0.0,
0.0,
0.0,
0.0,
0.0,
0.0,
4.0,
5.0,
0.0,
4.0,
2.0,
54.0,
226.0,
255.0,
245.0,
247.0,
254.0,
253.0,
255.0,
245.0,
252.0,
249.0,
255.0,
68.0,
0.0,
0.0,
0.0,
4.0,
0.0,
0.0,
0.0,
0.0,
0.0,
0.0,
0.0,
0.0,
0.0,
0.0,
0.0,
0.0,
122.0,
223.0,
255.0,
255.0,
247.0,
253.0,
139.0,
100.0,
235.0,
240.0,
255.0,
67.0,
3.0,
0.0,
6.0,
3.0,
0.0,
0.0,
0.0,
0.0,
0.0,
0.0,
0.0,
0.0,
0.0,
0.0,
0.0,
0.0,
0.0,
13.0,
21.0,
33.0,
21.0,
37.0,
13.0,
127.0,
239.0,
255.0,
171.0,
11.0,
4.0,
2.0,
0.0,
1.0,
0.0,
0.0,
0.0,
0.0,
0.0,
0.0,
0.0,
0.0,
0.0,
0.0,
0.0,
0.0,
13.0,
2.0,
0.0,
10.0,
3.0,
0.0,
84.0,
255.0,
255.0,
243.0,
63.0,
0.0,
3.0,
9.0,
0.0,
0.0,
0.0,
0.0,
0.0,
0.0,
0.0,
0.0,
0.0,
0.0,
0.0,
0.0,
0.0,
0.0,
0.0,
3.0,
0.0,
0.0,
0.0,
5.0,
159.0,
251.0,
241.0,
139.0,
0.0,
9.0,
0.0,
0.0,
11.0,
0.0,
0.0,
0.0,
0.0,
0.0,
0.0,
0.0,
0.0,
0.0,
0.0,
0.0,
0.0,
0.0,
0.0,
14.0,
9.0,
3.0,
1.0,
131.0,
251.0,
254.0,
147.0,
32.0,
0.0,
16.0,
0.0,
0.0,
8.0,
0.0,
0.0,
0.0,
0.0,
0.0,
0.0,
0.0,
0.0,
0.0,
0.0,
0.0,
0.0,
0.0,
5.0,
0.0,
0.0,
0.0,
34.0,
243.0,
255.0,
227.0,
35.0,
0.0,
0.0,
0.0,
0.0,
5.0,
0.0,
1.0,
0.0,
0.0,
0.0,
0.0,
0.0,
0.0,
0.0,
0.0,
0.0,
0.0,
0.0,
0.0,
4.0,
0.0,
0.0,
12.0,
153.0,
255.0,
247.0,
152.0,
0.0,
4.0,
4.0,
0.0,
2.0,
14.0,
0.0,
5.0,
0.0,
0.0,
0.0,
0.0,
0.0,
0.0,
0.0,
0.0,
0.0,
0.0,
0.0,
0.0,
0.0,
14.0,
0.0,
12.0,
255.0,
239.0,
246.0,
77.0,
1.0,
10.0,
0.0,
4.0,
0.0,
5.0,
0.0,
0.0,
0.0,
0.0,
0.0,
0.0,
0.0,
0.0,
0.0,
0.0,
0.0,
0.0,
0.0,
0.0,
0.0,
15.0,
0.0,
0.0,
103.0,
235.0,
201.0,
67.0,
0.0,
0.0,
0.0,
0.0,
0.0,
0.0,
0.0,
0.0,
0.0,
0.0,
0.0,
0.0,
0.0,
0.0,
0.0,
0.0,
0.0,
0.0,
0.0,
0.0,
0.0,
0.0,
0.0,
0.0,
0.0,
0.0,
0.0,
0.0,
0.0,
0.0,
0.0,
0.0,
0.0,
0.0,
0.0,
0.0,
0.0,
0.0,
0.0,
0.0,
0.0,
0.0,
0.0,
0.0,
0.0,
0.0,
0.0,
0.0,
16.0,
4.0,
2.0,
9.0,
7.0,
0.0,
0.0,
6.0,
0.0,
0.0,
0.0,
0.0,
0.0,
0.0,
0.0,
0.0,
0.0,
0.0,
0.0,
0.0,
0.0,
0.0,
0.0,
0.0,
0.0,
0.0,
0.0,
0.0,
0.0,
0.0,
0.0,
0.0,
0.0,
5.0,
6.0,
0.0,
0.0,
0.0,
0.0,
0.0,
0.0,
0.0,
0.0,
0.0,
0.0,
0.0,
0.0,
0.0,
