0.0,
0.0,
0.0,
0.0,
0.0,
0.0,
0.0,
0.0,
5.0,
0.0,
4.0,
0.0,
13.0,
0.0,
0.0,
0.0,
6.0,
0.0,
1.0,
1.0,
6.0,
0.0,
1.0,
0.0,
0.0,
0.0,
0.0,
0.0,
0.0,
0.0,
0.0,
0.0,
0.0,
0.0,
0.0,
0.0,
0.0,
3.0,
5.0,
4.0,
0.0,
0.0,
0.0,
13.0,
0.0,
0.0,
3.0,
0.0,
0.0,
3.0,
12.0,
1.0,
0.0,
0.0,
0.0,
0.0,
0.0,
0.0,
0.0,
0.0,
0.0,
0.0,
0.0,
0.0,
5.0,
0.0,
0.0,
6.0,
2.0,
9.0,
5.0,
0.0,
5.0,
0.0,
0.0,
7.0,
2.0,
0.0,
0.0,
4.0,
0.0,
0.0,
0.0,
0.0,
0.0,
0.0,
0.0,
0.0,
0.0,
0.0,
0.0,
0.0,
0.0,
0.0,
5.0,
0.0,
0.0,
0.0,
5.0,
0.0,
0.0,
12.0,
5.0,
0.0,
0.0,
9.0,
1.0,
0.0,
0.0,
0.0,
0.0,
0.0,
0.0,
0.0,
0.0,
0.0,
0.0,
0.0,
0.0,
0.0,
10.0,
6.0,
0.0,
0.0,
0.0,
10.0,
9.0,
6.0,
0.0,
2.0,
0.0,
0.0,
6.0,
4.0,
1.0,
11.0,
0.0,
0.0,
0.0,
0.0,
0.0,
0.0,
0.0,
0.0,
0.0,
0.0,
0.0,
0.0,
0.0,
17.0,
0.0,
20.0,
0.0,
14.0,
0.0,
0.0,
0.0,
2.0,
6.0,
0.0,
10.0,
0.0,
0.0,
0.0,
0.0,
0.0,
0.0,
0.0,
0.0,
0.0,
0.0,
0.0,
0.0,
0.0,
0.0,
0.0,
0.0,
16.0,
0.0,
0.0,
30.0,
114.0,
188.0,
255.0,
252.0,
255.0,
191.0,
34.0,
9.0,
0.0,
14.0,
2.0,
0.0,
0.0,
0.0,
0.0,
0.0,
0.0,
0.0,
0.0,
0.0,
0.0,
0.0,
0.0,
7.0,
0.0,
8.0,
31.0,
214.0,
250.0,
255.0,
234.0,
236.0,
231.0,
255.0,
231.0,
209.0,
41.0,
0.0,
0.0,
0.0,
0.0,
0.0,
0.0,
0.0,
0.0,
0.0,
0.0,
0.0,
0.0,
0.0,
0.0,
0.0,
10.0,
58.0,
255.0,
255.0,
243.0,
227.0,
45.0,
0.0,
58.0,
93.0,
207.0,
228.0,
30.0,
5.0,
1.0,
0.0,
0.0,
0.0,
0.0,
0.0,
0.0,
0.0,
0.0,
0.0,
0.0,
0.0,
0.0,
0.0,
34.0,
166.0,
250.0,
255.0,
157.0,
18.0,
0.0,
3.0,
17.0,
0.0,
74.0,
187.0,
39.0,
0.0,
0.0,
0.0,
0.0,
0.0,
0.0,
0.0,
0.0,
0.0,
0.0,
0.0,
0.0,
0.0,
0.0,
0.0,
170.0,
243.0,
253.0,
95.0,
4.0,
0.0,
9.0,
2.0,
5.0,
193.0,
169.0,
180.0,
13.0,
0.0,
0.0,
0.0,
0.0,
0.0,
0.0,
0.0,
0.0,
0.0,
0.0,
0.0,
0.0,
0.0,
0.0,
20.0,
207.0,
255.0,
190.0,
0.0,
7.0,
0.0,
0.0,
3.0,
174.0,
255.0,
252.0,
135.0,
0.0,
0.0,
10.0,
0.0,
0.0,
0.0,
0.0,
0.0,
0.0,
0.0,
0.0,
0.0,
0.0,
0.0,
0.0,
87.0,
254.0,
200.0,
58.0,
11.0,
0.0,
12.0,
44.0,
146.0,
255.0,
241.0,
178.0,
40.0,
0.0,
1.0,
0.0,
0.0,
0.0,
0.0,
0.0,
0.0,
0.0,
0.0,
0.0,
0.0,
0.0,
0.0,
0.0,
52.0,
255.0,
255.0,
84.0,
3.0,
1.0,
71.0,
242.0,
255.0,
227.0,
235.0,
74.0,
0.0,
7.0,
7.0,
0.0,
0.0,
0.0,
0.0,
0.0,
0.0,
0.0,
0.0,
0.0,
0.0,
0.0,
0.0,
0.0,
43.0,
209.0,
237.0,
255.0,
219.0,
219.0,
255.0,
252.0,
248.0,
213.0,
39.0,
0.0,
0.0,
6.0,
0.0,
9.0,
0.0,
0.0,
0.0,
0.0,
0.0,
0.0,
0.0,
0.0,
0.0,
0.0,
0.0,
0.0,
0.0,
38.0,
231.0,
244.0,
255.0,
255.0,
252.0,
247.0,
255.0,
151.0,
1.0,
0.0,
8.0,
0.0,
4.0,
0.0,
0.0,
0.0,
0.0,
0.0,
0.0,
0.0,
0.0,
0.0,
0.0,
0.0,
0.0,
0.0,
0.0,
1.0,
0.0,
0.0,
3.0,
10.0,
237.0,
255.0,
230.0,
51.0,
0.0,
5.0,
0.0,
0.0,
0.0,
3.0,
0.0,
0.0,
0.0,
0.0,
0.0,
0.0,
0.0,
0.0,
0.0,
0.0,
0.0,
0.0,
2.0,
1.0,
1.0,
0.0,
3.0,
135.0,
238.0,
248.0,
120.0,
7.0,
0.0,
0.0,
0.0,
6.0,
0.0,
4.0,
0.0,
0.0,
0.0,
0.0,
0.0,
0.0,
0.0,
0.0,
0.0,
0.0,
0.0,
0.0,
0.0,
13.0,
0.0,
3.0,
11.0,
220.0,
254.0,
255.0,
30.0,
0.0,
2.0,
0.0,
0.0,
9.0,
0.0,
2.0,
0.0,
0.0,
0.0,
0.0,
0.0,
0.0,
0.0,
0.0,
0.0,
0.0,
0.0,
0.0,
7.0,
0.0,
6.0,
3.0,
189.0,
242.0,
255.0,
126.0,
3.0,
2.0,
13.0,
0.0,
0.0,
7.0,
0.0,
3.0,
0.0,
0.0,
0.0,
0.0,
0.0,
0.0,
0.0,
0.0,
0.0,
0.0,
0.0,
0.0,
6.0,
5.0,
0.0,
70.0,
238.0,
255.0,
192.0,
0.0,
0.0,
0.0,
1.0,
0.0,
2.0,
4.0,
0.0,
7.0,
0.0,
0.0,
0.0,
0.0,
0.0,
0.0,
0.0,
0.0,
0.0,
0.0,
0.0,
0.0,
0.0,
0.0,
36.0,
130.0,
243.0,
248.0,
135.0,
0.0,
0.0,
0.0,
0.0,
0.0,
8.0,
2.0,
0.0,
1.0,
0.0,
0.0,
0.0,
0.0,
0.0,
0.0,
0.0,
0.0,
0.0,
0.0,
0.0,
0.0,
0.0,
4.0,
67.0,
250.0,
255.0,
255.0,
69.0,
3.0,
5.0,
2.0,
0.0,
5.0,
6.0,
0.0,
0.0,
0.0,
0.0,
0.0,
0.0,
0.0,
0.0,
0.0,
0.0,
0.0,
0.0,
0.0,
0.0,
0.0,
9.0,
2.0,
116.0,
255.0,
244.0,
104.0,
1.0,
0.0,
0.0,
0.0,
0.0,
3.0,
0.0,
0.0,
9.0,
4.0,
0.0,
0.0,
0.0,
0.0,
0.0,
0.0,
0.0,
0.0,
0.0,
0.0,
0.0,
0.0,
0.0,
0.0,
187.0,
240.0,
255.0,
144.0,
0.0,
11.0,
0.0,
0.0,
0.0,
0.0,
0.0,
0.0,
0.0,
0.0,
0.0,
0.0,
0.0,
0.0,
0.0,
0.0,
0.0,
0.0,
0.0,
0.0,
0.0,
0.0,
14.0,
102.0,
255.0,
255.0,
236.0,
36.0,
0.0,
0.0,
0.0,
0.0,
0.0,
0.0,
0.0,
0.0,
0.0,
0.0,
0.0,
0.0,
0.0,
0.0,
0.0,
0.0,
0.0,
0.0,
0.0,
0.0,
0.0,
0.0,
0.0,
7.0,
0.0,
0.0,
13.0,
0.0,
20.0,
2.0,
0.0,
0.0,
0.0,
0.0,
0.0,
0.0,
0.0,
0.0,
0.0,
0.0,
0.0,
0.0,
0.0,
0.0,
0.0,
0.0,
0.0,
0.0,
0.0,
0.0,
0.0,
21.0,
0.0,
11.0,
0.0,
9.0,
0.0,
0.0,
0.0,
0.0,
0.0,
0.0,
0.0,
0.0,
0.0,
0.0,
0.0,
0.0,
0.0,
0.0,
