0.0,
0.0,
0.0,
0.0,
0.0,
0.0,
0.0,
0.0,
0.0,
0.0,
0.0,
0.0,
0.0,
0.0,
0.0,
0.0,
0.0,
0.0,
9.0,
0.0,
0.0,
4.0,
0.0,
4.0,
0.0,
0.0,
0.0,
0.0,
0.0,
0.0,
0.0,
0.0,
0.0,
0.0,
0.0,
0.0,
0.0,
0.0,
0.0,
0.0,
0.0,
0.0,
0.0,
0.0,
9.0,
0.0,
0.0,
0.0,
1.0,
14.0,
0.0,
0.0,
0.0,
0.0,
0.0,
0.0,
0.0,
0.0,
0.0,
0.0,
0.0,
0.0,
0.0,
0.0,
0.0,
0.0,
0.0,
0.0,
0.0,
0.0,
0.0,
0.0,
0.0,
0.0,
14.0,
7.0,
0.0,
0.0,
0.0,
2.0,
0.0,
0.0,
0.0,
0.0,
0.0,
0.0,
0.0,
0.0,
0.0,
0.0,
0.0,
0.0,
0.0,
0.0,
0.0,
0.0,
0.0,
0.0,
0.0,
0.0,
3.0,
0.0,
0.0,
0.0,
0.0,
2.0,
6.0,
12.0,
0.0,
0.0,
0.0,
0.0,
0.0,
0.0,
0.0,
0.0,
0.0,
0.0,
0.0,
0.0,
0.0,
0.0,
0.0,
0.0,
0.0,
0.0,
0.0,
0.0,
0.0,
2.0,
4.0,
6.0,
3.0,
0.0,
0.0,
0.0,
0.0,
0.0,
0.0,
0.0,
0.0,
0.0,
0.0,
0.0,
0.0,
0.0,
0.0,
0.0,
0.0,
0.0,
0.0,
0.0,
0.0,
0.0,
0.0,
0.0,
0.0,
2.0,
0.0,
3.0,
6.0,
3.0,
11.0,
6.0,
0.0,
0.0,
0.0,
0.0,
0.0,
0.0,
0.0,
0.0,
0.0,
0.0,
0.0,
0.0,
0.0,
0.0,
0.0,
0.0,
0.0,
0.0,
0.0,
0.0,
2.0,
7.0,
0.0,
0.0,
1.0,
0.0,
1.0,
0.0,
0.0,
0.0,
0.0,
0.0,
0.0,
0.0,
0.0,
0.0,
0.0,
0.0,
0.0,
0.0,
0.0,
0.0,
0.0,
0.0,
0.0,
0.0,
0.0,
0.0,
74.0,
187.0,
255.0,
255.0,
144.0,
24.0,
1.0,
4.0,
0.0,
0.0,
0.0,
0.0,
0.0,
3.0,
6.0,
1.0,
0.0,
2.0,
2.0,
0.0,
3.0,
0.0,
11.0,
4.0,
0.0,
25.0,
105.0,
229.0,
255.0,
255.0,
244.0,
247.0,
255.0,
185.0,
0.0,
11.0,
0.0,
0.0,
0.0,
0.0,
0.0,
4.0,
3.0,
0.0,
0.0,
0.0,
0.0,
0.0,
0.0,
4.0,
0.0,
1.0,
43.0,
162.0,
253.0,
236.0,
145.0,
162.0,
181.0,
255.0,
251.0,
231.0,
11.0,
0.0,
0.0,
0.0,
0.0,
0.0,
2.0,
3.0,
0.0,
0.0,
0.0,
1.0,
1.0,
0.0,
0.0,
14.0,
7.0,
43.0,
225.0,
247.0,
197.0,
74.0,
97.0,
238.0,
255.0,
249.0,
255.0,
204.0,
12.0,
5.0,
0.0,
0.0,
0.0,
0.0,
1.0,
0.0,
0.0,
0.0,
2.0,
5.0,
4.0,
2.0,
1.0,
0.0,
84.0,
227.0,
222.0,
157.0,
114.0,
238.0,
255.0,
195.0,
212.0,
245.0,
246.0,
58.0,
2.0,
8.0,
0.0,
0.0,
0.0,
0.0,
0.0,
0.0,
0.0,
2.0,
4.0,
2.0,
0.0,
0.0,
0.0,
83.0,
255.0,
254.0,
135.0,
180.0,
249.0,
215.0,
79.0,
146.0,
236.0,
255.0,
147.0,
0.0,
16.0,
0.0,
0.0,
0.0,
0.0,
0.0,
0.0,
0.0,
1.0,
3.0,
0.0,
0.0,
0.0,
0.0,
45.0,
246.0,
233.0,
255.0,
236.0,
255.0,
150.0,
129.0,
194.0,
255.0,
254.0,
255.0,
88.0,
0.0,
0.0,
10.0,
0.0,
0.0,
0.0,
0.0,
0.0,
0.0,
2.0,
3.0,
0.0,
0.0,
1.0,
11.0,
173.0,
235.0,
245.0,
255.0,
212.0,
186.0,
208.0,
229.0,
255.0,
243.0,
230.0,
187.0,
13.0,
8.0,
0.0,
0.0,
0.0,
0.0,
0.0,
0.0,
0.0,
0.0,
2.0,
3.0,
0.0,
0.0,
12.0,
29.0,
246.0,
255.0,
255.0,
200.0,
147.0,
231.0,
254.0,
255.0,
246.0,
255.0,
255.0,
46.0,
0.0,
5.0,
0.0,
4.0,
0.0,
0.0,
0.0,
0.0,
0.0,
1.0,
4.0,
0.0,
0.0,
0.0,
12.0,
24.0,
249.0,
246.0,
253.0,
255.0,
250.0,
246.0,
255.0,
202.0,
252.0,
251.0,
186.0,
15.0,
0.0,
12.0,
0.0,
1.0,
0.0,
0.0,
0.0,
0.0,
0.0,
4.0,
5.0,
2.0,
0.0,
0.0,
3.0,
9.0,
123.0,
255.0,
250.0,
225.0,
118.0,
12.0,
14.0,
206.0,
255.0,
192.0,
3.0,
9.0,
0.0,
0.0,
22.0,
0.0,
0.0,
0.0,
0.0,
0.0,
0.0,
2.0,
4.0,
3.0,
0.0,
0.0,
0.0,
0.0,
16.0,
41.0,
69.0,
0.0,
7.0,
3.0,
151.0,
237.0,
205.0,
29.0,
0.0,
0.0,
3.0,
8.0,
0.0,
9.0,
0.0,
0.0,
0.0,
0.0,
0.0,
0.0,
0.0,
1.0,
2.0,
1.0,
0.0,
0.0,
0.0,
0.0,
8.0,
8.0,
0.0,
111.0,
235.0,
252.0,
72.0,
0.0,
3.0,
12.0,
16.0,
0.0,
0.0,
4.0,
0.0,
0.0,
0.0,
0.0,
0.0,
0.0,
0.0,
0.0,
2.0,
3.0,
3.0,
1.0,
0.0,
25.0,
0.0,
0.0,
18.0,
250.0,
255.0,
128.0,
0.0,
21.0,
0.0,
15.0,
0.0,
0.0,
11.0,
0.0,
0.0,
0.0,
0.0,
0.0,
4.0,
2.0,
0.0,
0.0,
0.0,
1.0,
2.0,
2.0,
5.0,
0.0,
6.0,
37.0,
221.0,
252.0,
151.0,
10.0,
0.0,
1.0,
6.0,
0.0,
0.0,
18.0,
0.0,
7.0,
0.0,
0.0,
0.0,
0.0,
2.0,
2.0,
2.0,
1.0,
0.0,
0.0,
0.0,
1.0,
0.0,
11.0,
0.0,
50.0,
255.0,
226.0,
31.0,
0.0,
0.0,
1.0,
16.0,
0.0,
18.0,
0.0,
2.0,
5.0,
0.0,
0.0,
0.0,
0.0,
0.0,
0.0,
2.0,
2.0,
1.0,
0.0,
0.0,
2.0,
9.0,
0.0,
66.0,
227.0,
244.0,
139.0,
1.0,
6.0,
0.0,
3.0,
0.0,
8.0,
0.0,
0.0,
1.0,
4.0,
0.0,
0.0,
0.0,
0.0,
0.0,
0.0,
0.0,
0.0,
0.0,
0.0,
0.0,
0.0,
0.0,
5.0,
214.0,
251.0,
223.0,
32.0,
13.0,
0.0,
0.0,
0.0,
0.0,
0.0,
0.0,
0.0,
0.0,
0.0,
0.0,
0.0,
0.0,
0.0,
0.0,
0.0,
0.0,
0.0,
0.0,
0.0,
0.0,
0.0,
6.0,
0.0,
255.0,
255.0,
111.0,
4.0,
0.0,
0.0,
0.0,
0.0,
0.0,
0.0,
0.0,
0.0,
0.0,
0.0,
0.0,
0.0,
0.0,
0.0,
0.0,
0.0,
0.0,
0.0,
0.0,
0.0,
0.0,
0.0,
1.0,
0.0,
229.0,
205.0,
27.0,
3.0,
0.0,
14.0,
0.0,
0.0,
0.0,
0.0,
0.0,
0.0,
0.0,
0.0,
0.0,
0.0,
0.0,
0.0,
0.0,
0.0,
0.0,
0.0,
0.0,
0.0,
0.0,
0.0,
18.0,
0.0,
6.0,
2.0,
0.0,
3.0,
4.0,
0.0,
0.0,
0.0,
0.0,
0.0,
0.0,
0.0,
0.0,
0.0,
0.0,
0.0,
0.0,
0.0,
