0.0,
0.0,
0.0,
0.0,
0.0,
0.0,
0.0,
0.0,
0.0,
8.0,
0.0,
0.0,
8.0,
0.0,
5.0,
0.0,
3.0,
0.0,
12.0,
0.0,
0.0,
6.0,
1.0,
1.0,
0.0,
0.0,
0.0,
0.0,
0.0,
0.0,
0.0,
0.0,
0.0,
0.0,
0.0,
0.0,
0.0,
12.0,
0.0,
0.0,
5.0,
0.0,
0.0,
0.0,
2.0,
0.0,
9.0,
2.0,
4.0,
0.0,
0.0,
6.0,
0.0,
0.0,
0.0,
0.0,
0.0,
0.0,
0.0,
0.0,
0.0,
0.0,
0.0,
0.0,
0.0,
7.0,
0.0,
1.0,
8.0,
1.0,
6.0,
7.0,
6.0,
0.0,
0.0,
0.0,
0.0,
11.0,
0.0,
0.0,
0.0,
0.0,
0.0,
0.0,
0.0,
0.0,
0.0,
0.0,
0.0,
0.0,
0.0,
0.0,
1.0,
4.0,
0.0,
0.0,
3.0,
0.0,
0.0,
0.0,
0.0,
5.0,
14.0,
10.0,
0.0,
0.0,
1.0,
11.0,
0.0,
0.0,
0.0,
0.0,
0.0,
0.0,
0.0,
0.0,
0.0,
0.0,
0.0,
0.0,
0.0,
0.0,
0.0,
2.0,
10.0,
5.0,
0.0,
3.0,
0.0,
0.0,
0.0,
8.0,
11.0,
0.0,
0.0,
0.0,
0.0,
0.0,
0.0,
0.0,
0.0,
0.0,
0.0,
0.0,
0.0,
0.0,
0.0,
0.0,
1.0,
0.0,
3.0,
0.0,
0.0,
0.0,
0.0,
11.0,
9.0,
13.0,
6.0,
0.0,
0.0,
0.0,
13.0,
0.0,
0.0,
0.0,
0.0,
0.0,
0.0,
0.0,
0.0,
0.0,
0.0,
0.0,
0.0,
0.0,
8.0,
1.0,
4.0,
0.0,
0.0,
3.0,
27.0,
81.0,
213.0,
246.0,
251.0,
157.0,
82.0,
0.0,
10.0,
0.0,
0.0,
0.0,
0.0,
0.0,
0.0,
0.0,
0.0,
0.0,
0.0,
0.0,
0.0,
0.0,
0.0,
0.0,
6.0,
1.0,
26.0,
89.0,
165.0,
255.0,
255.0,
243.0,
255.0,
248.0,
196.0,
17.0,
0.0,
0.0,
0.0,
0.0,
0.0,
0.0,
7.0,
0.0,
10.0,
0.0,
6.0,
0.0,
0.0,
4.0,
4.0,
0.0,
2.0,
28.0,
223.0,
249.0,
252.0,
253.0,
248.0,
191.0,
242.0,
243.0,
220.0,
26.0,
0.0,
11.0,
0.0,
0.0,
0.0,
0.0,
4.0,
0.0,
8.0,
0.0,
3.0,
0.0,
4.0,
1.0,
0.0,
13.0,
15.0,
153.0,
255.0,
255.0,
233.0,
147.0,
69.0,
0.0,
35.0,
241.0,
255.0,
255.0,
26.0,
0.0,
0.0,
0.0,
0.0,
0.0,
0.0,
0.0,
4.0,
0.0,
1.0,
0.0,
10.0,
0.0,
0.0,
35.0,
175.0,
252.0,
255.0,
190.0,
75.0,
0.0,
13.0,
0.0,
0.0,
158.0,
250.0,
193.0,
2.0,
0.0,
0.0,
0.0,
0.0,
0.0,
0.0,
3.0,
0.0,
1.0,
0.0,
0.0,
9.0,
0.0,
8.0,
177.0,
249.0,
253.0,
225.0,
81.0,
3.0,
1.0,
0.0,
16.0,
0.0,
146.0,
253.0,
255.0,
92.0,
18.0,
0.0,
0.0,
0.0,
0.0,
1.0,
4.0,
0.0,
0.0,
1.0,
0.0,
2.0,
19.0,
130.0,
237.0,
247.0,
220.0,
50.0,
0.0,
0.0,
3.0,
13.0,
0.0,
155.0,
249.0,
251.0,
253.0,
115.0,
1.0,
0.0,
0.0,
0.0,
0.0,
2.0,
2.0,
0.0,
0.0,
3.0,
0.0,
0.0,
81.0,
255.0,
255.0,
126.0,
3.0,
0.0,
27.0,
0.0,
46.0,
75.0,
221.0,
234.0,
235.0,
255.0,
243.0,
25.0,
0.0,
0.0,
0.0,
0.0,
0.0,
0.0,
0.0,
1.0,
0.0,
3.0,
0.0,
5.0,
161.0,
242.0,
255.0,
136.0,
45.0,
61.0,
65.0,
181.0,
241.0,
255.0,
238.0,
255.0,
255.0,
233.0,
47.0,
1.0,
2.0,
0.0,
0.0,
0.0,
0.0,
0.0,
0.0,
7.0,
0.0,
3.0,
0.0,
11.0,
219.0,
255.0,
253.0,
249.0,
255.0,
246.0,
255.0,
252.0,
249.0,
255.0,
239.0,
255.0,
143.0,
41.0,
8.0,
0.0,
6.0,
0.0,
0.0,
0.0,
0.0,
0.0,
3.0,
7.0,
1.0,
4.0,
0.0,
32.0,
176.0,
250.0,
253.0,
238.0,
255.0,
251.0,
246.0,
255.0,
250.0,
242.0,
255.0,
175.0,
10.0,
0.0,
16.0,
0.0,
1.0,
0.0,
0.0,
0.0,
0.0,
0.0,
3.0,
0.0,
0.0,
4.0,
0.0,
0.0,
17.0,
139.0,
180.0,
188.0,
172.0,
77.0,
107.0,
247.0,
255.0,
255.0,
214.0,
73.0,
10.0,
0.0,
0.0,
12.0,
0.0,
0.0,
0.0,
0.0,
0.0,
0.0,
1.0,
6.0,
0.0,
6.0,
17.0,
0.0,
0.0,
0.0,
4.0,
0.0,
8.0,
114.0,
217.0,
255.0,
254.0,
146.0,
32.0,
0.0,
0.0,
4.0,
8.0,
3.0,
0.0,
0.0,
0.0,
0.0,
0.0,
5.0,
0.0,
4.0,
1.0,
0.0,
0.0,
1.0,
15.0,
0.0,
6.0,
0.0,
36.0,
203.0,
255.0,
239.0,
253.0,
113.0,
19.0,
8.0,
4.0,
0.0,
11.0,
0.0,
0.0,
0.0,
0.0,
0.0,
0.0,
8.0,
0.0,
0.0,
6.0,
0.0,
0.0,
0.0,
0.0,
14.0,
0.0,
61.0,
170.0,
255.0,
255.0,
233.0,
132.0,
0.0,
4.0,
0.0,
0.0,
0.0,
0.0,
15.0,
0.0,
0.0,
0.0,
0.0,
0.0,
0.0,
0.0,
0.0,
6.0,
6.0,
5.0,
13.0,
0.0,
0.0,
3.0,
199.0,
255.0,
250.0,
228.0,
97.0,
0.0,
0.0,
4.0,
2.0,
10.0,
14.0,
0.0,
0.0,
0.0,
0.0,
0.0,
0.0,
0.0,
0.0,
14.0,
2.0,
0.0,
0.0,
0.0,
1.0,
0.0,
4.0,
103.0,
249.0,
255.0,
251.0,
200.0,
14.0,
0.0,
19.0,
0.0,
7.0,
0.0,
0.0,
7.0,
0.0,
18.0,
0.0,
0.0,
0.0,
0.0,
0.0,
6.0,
0.0,
1.0,
9.0,
0.0,
6.0,
5.0,
23.0,
241.0,
238.0,
255.0,
248.0,
91.0,
0.0,
0.0,
0.0,
0.0,
0.0,
13.0,
0.0,
0.0,
15.0,
0.0,
0.0,
0.0,
0.0,
0.0,
0.0,
0.0,
0.0,
0.0,
0.0,
0.0,
0.0,
0.0,
8.0,
220.0,
240.0,
254.0,
253.0,
81.0,
0.0,
0.0,
0.0,
0.0,
0.0,
0.0,
0.0,
0.0,
0.0,
0.0,
0.0,
0.0,
0.0,
0.0,
0.0,
0.0,
0.0,
0.0,
0.0,
0.0,
0.0,
0.0,
0.0,
27.0,
145.0,
255.0,
143.0,
0.0,
12.0,
6.0,
0.0,
0.0,
0.0,
0.0,
0.0,
0.0,
0.0,
0.0,
0.0,
0.0,
0.0,
0.0,
0.0,
0.0,
0.0,
0.0,
0.0,
0.0,
0.0,
0.0,
0.0,
5.0,
0.0,
0.0,
0.0,
0.0,
3.0,
0.0,
0.0,
0.0,
0.0,
0.0,
0.0,
0.0,
0.0,
0.0,
0.0,
0.0,
0.0,
0.0,
0.0,
0.0,
0.0,
0.0,
0.0,
0.0,
0.0,
0.0,
0.0,
12.0,
6.0,
0.0,
8.0,
19.0,
0.0,
0.0,
0.0,
0.0,
0.0,
0.0,
0.0,
0.0,
0.0,
0.0,
0.0,
0.0,
0.0,
0.0,
