0.0,
0.0,
0.0,
0.0,
0.0,
0.0,
0.0,
0.0,
0.0,
1.0,
4.0,
3.0,
0.0,
0.0,
0.0,
3.0,
8.0,
0.0,
4.0,
0.0,
3.0,
0.0,
5.0,
1.0,
0.0,
0.0,
0.0,
0.0,
0.0,
0.0,
0.0,
0.0,
0.0,
0.0,
0.0,
0.0,
8.0,
1.0,
0.0,
0.0,
0.0,
0.0,
0.0,
0.0,
0.0,
0.0,
0.0,
4.0,
0.0,
15.0,
0.0,
0.0,
0.0,
0.0,
0.0,
0.0,
0.0,
0.0,
0.0,
0.0,
0.0,
0.0,
0.0,
0.0,
0.0,
1.0,
9.0,
11.0,
6.0,
0.0,
0.0,
0.0,
3.0,
12.0,
9.0,
0.0,
0.0,
0.0,
0.0,
10.0,
0.0,
0.0,
0.0,
0.0,
0.0,
0.0,
0.0,
0.0,
0.0,
0.0,
0.0,
0.0,
0.0,
0.0,
0.0,
0.0,
0.0,
0.0,
2.0,
9.0,
0.0,
4.0,
0.0,
10.0,
0.0,
12.0,
0.0,
0.0,
0.0,
0.0,
0.0,
0.0,
0.0,
0.0,
0.0,
0.0,
0.0,
0.0,
0.0,
0.0,
7.0,
2.0,
0.0,
0.0,
4.0,
5.0,
0.0,
0.0,
6.0,
0.0,
3.0,
0.0,
4.0,
0.0,
4.0,
16.0,
0.0,
0.0,
0.0,
0.0,
0.0,
0.0,
0.0,
0.0,
0.0,
0.0,
0.0,
0.0,
0.0,
2.0,
4.0,
2.0,
0.0,
0.0,
0.0,
4.0,
1.0,
0.0,
0.0,
1.0,
0.0,
7.0,
4.0,
0.0,
0.0,
0.0,
0.0,
0.0,
0.0,
0.0,
0.0,
0.0,
0.0,
0.0,
0.0,
0.0,
4.0,
0.0,
0.0,
0.0,
25.0,
64.0,
102.0,
125.0,
157.0,
248.0,
248.0,
255.0,
98.0,
123.0,
31.0,
2.0,
0.0,
0.0,
0.0,
0.0,
0.0,
0.0,
0.0,
0.0,
0.0,
0.0,
0.0,
0.0,
7.0,
0.0,
7.0,
80.0,
182.0,
252.0,
255.0,
245.0,
255.0,
246.0,
255.0,
242.0,
250.0,
255.0,
178.0,
1.0,
0.0,
0.0,
0.0,
0.0,
10.0,
0.0,
7.0,
5.0,
0.0,
2.0,
0.0,
0.0,
0.0,
45.0,
200.0,
244.0,
255.0,
245.0,
255.0,
240.0,
254.0,
255.0,
235.0,
255.0,
242.0,
255.0,
177.0,
0.0,
0.0,
0.0,
0.0,
0.0,
0.0,
0.0,
0.0,
0.0,
3.0,
13.0,
0.0,
0.0,
46.0,
204.0,
243.0,
255.0,
252.0,
255.0,
221.0,
241.0,
198.0,
126.0,
89.0,
151.0,
243.0,
105.0,
1.0,
5.0,
0.0,
0.0,
0.0,
0.0,
5.0,
4.0,
3.0,
0.0,
3.0,
0.0,
0.0,
44.0,
223.0,
253.0,
255.0,
247.0,
212.0,
119.0,
57.0,
0.0,
10.0,
7.0,
0.0,
0.0,
62.0,
84.0,
0.0,
9.0,
0.0,
0.0,
0.0,
0.0,
0.0,
0.0,
0.0,
3.0,
7.0,
0.0,
29.0,
176.0,
255.0,
241.0,
255.0,
228.0,
38.0,
0.0,
9.0,
5.0,
0.0,
0.0,
11.0,
194.0,
244.0,
255.0,
226.0,
25.0,
0.0,
0.0,
0.0,
0.0,
0.0,
0.0,
0.0,
3.0,
6.0,
0.0,
69.0,
255.0,
246.0,
254.0,
252.0,
122.0,
4.0,
6.0,
5.0,
4.0,
4.0,
17.0,
175.0,
255.0,
250.0,
252.0,
233.0,
65.0,
0.0,
0.0,
0.0,
0.0,
4.0,
9.0,
4.0,
0.0,
2.0,
1.0,
84.0,
254.0,
254.0,
254.0,
253.0,
46.0,
0.0,
0.0,
0.0,
3.0,
93.0,
205.0,
255.0,
248.0,
255.0,
253.0,
159.0,
0.0,
0.0,
0.0,
0.0,
0.0,
0.0,
0.0,
0.0,
0.0,
1.0,
8.0,
87.0,
240.0,
247.0,
250.0,
255.0,
229.0,
166.0,
190.0,
157.0,
174.0,
252.0,
250.0,
240.0,
255.0,
250.0,
174.0,
10.0,
13.0,
0.0,
0.0,
0.0,
0.0,
5.0,
0.0,
1.0,
7.0,
0.0,
0.0,
58.0,
218.0,
255.0,
246.0,
250.0,
254.0,
251.0,
251.0,
242.0,
255.0,
248.0,
255.0,
251.0,
253.0,
179.0,
24.0,
6.0,
0.0,
0.0,
0.0,
0.0,
0.0,
0.0,
6.0,
0.0,
0.0,
2.0,
0.0,
22.0,
101.0,
215.0,
255.0,
240.0,
249.0,
255.0,
255.0,
247.0,
255.0,
252.0,
255.0,
249.0,
201.0,
0.0,
0.0,
13.0,
0.0,
0.0,
0.0,
0.0,
0.0,
0.0,
7.0,
0.0,
0.0,
11.0,
0.0,
0.0,
15.0,
15.0,
104.0,
248.0,
255.0,
251.0,
248.0,
255.0,
248.0,
255.0,
232.0,
177.0,
16.0,
0.0,
0.0,
0.0,
0.0,
0.0,
0.0,
0.0,
0.0,
0.0,
12.0,
0.0,
0.0,
5.0,
6.0,
0.0,
0.0,
0.0,
9.0,
45.0,
52.0,
87.0,
243.0,
255.0,
255.0,
255.0,
244.0,
74.0,
0.0,
9.0,
2.0,
2.0,
9.0,
0.0,
0.0,
0.0,
0.0,
0.0,
11.0,
3.0,
0.0,
0.0,
4.0,
4.0,
8.0,
0.0,
0.0,
13.0,
0.0,
176.0,
255.0,
252.0,
239.0,
245.0,
165.0,
0.0,
21.0,
0.0,
0.0,
2.0,
0.0,
0.0,
0.0,
0.0,
0.0,
0.0,
2.0,
4.0,
3.0,
3.0,
0.0,
0.0,
1.0,
0.0,
2.0,
0.0,
79.0,
241.0,
252.0,
243.0,
255.0,
216.0,
27.0,
1.0,
0.0,
0.0,
6.0,
0.0,
0.0,
0.0,
0.0,
0.0,
0.0,
4.0,
0.0,
0.0,
2.0,
5.0,
0.0,
0.0,
0.0,
8.0,
5.0,
3.0,
230.0,
252.0,
255.0,
255.0,
255.0,
104.0,
0.0,
13.0,
0.0,
6.0,
1.0,
8.0,
1.0,
0.0,
0.0,
0.0,
0.0,
9.0,
0.0,
0.0,
0.0,
0.0,
2.0,
6.0,
6.0,
0.0,
0.0,
89.0,
255.0,
255.0,
218.0,
255.0,
150.0,
0.0,
13.0,
0.0,
6.0,
7.0,
0.0,
6.0,
0.0,
0.0,
0.0,
0.0,
0.0,
0.0,
0.0,
10.0,
9.0,
0.0,
0.0,
4.0,
0.0,
0.0,
7.0,
121.0,
243.0,
255.0,
255.0,
255.0,
24.0,
2.0,
0.0,
0.0,
0.0,
10.0,
0.0,
0.0,
1.0,
0.0,
0.0,
0.0,
0.0,
0.0,
0.0,
0.0,
0.0,
0.0,
0.0,
0.0,
0.0,
0.0,
17.0,
111.0,
248.0,
252.0,
255.0,
231.0,
0.0,
0.0,
0.0,
0.0,
0.0,
0.0,
0.0,
0.0,
0.0,
0.0,
0.0,
0.0,
0.0,
0.0,
0.0,
0.0,
0.0,
0.0,
0.0,
0.0,
0.0,
0.0,
0.0,
46.0,
246.0,
255.0,
230.0,
130.0,
0.0,
0.0,
0.0,
0.0,
0.0,
0.0,
0.0,
0.0,
0.0,
0.0,
0.0,
0.0,
0.0,
0.0,
0.0,
0.0,
0.0,
0.0,
0.0,
0.0,
0.0,
6.0,
0.0,
0.0,
12.0,
11.0,
0.0,
0.0,
8.0,
0.0,
0.0,
0.0,
0.0,
0.0,
0.0,
0.0,
0.0,
0.0,
0.0,
0.0,
0.0,
0.0,
0.0,
0.0,
0.0,
0.0,
0.0,
0.0,
0.0,
0.0,
7.0,
15.0,
0.0,
7.0,
0.0,
0.0,
0.0,
0.0,
0.0,
0.0,
0.0,
0.0,
0.0,
0.0,
0.0,
0.0,
0.0,
0.0,
0.0,
