0.0,
0.0,
0.0,
0.0,
0.0,
0.0,
0.0,
0.0,
2.0,
1.0,
0.0,
0.0,
0.0,
0.0,
1.0,
3.0,
0.0,
1.0,
0.0,
4.0,
4.0,
0.0,
0.0,
2.0,
0.0,
0.0,
0.0,
0.0,
0.0,
0.0,
0.0,
0.0,
0.0,
0.0,
0.0,
0.0,
0.0,
0.0,
5.0,
3.0,
4.0,
1.0,
0.0,
0.0,
0.0,
2.0,
2.0,
0.0,
0.0,
0.0,
7.0,
7.0,
0.0,
0.0,
0.0,
0.0,
0.0,
0.0,
0.0,
0.0,
0.0,
0.0,
0.0,
0.0,
9.0,
4.0,
0.0,
1.0,
6.0,
0.0,
0.0,
9.0,
0.0,
0.0,
13.0,
0.0,
5.0,
0.0,
0.0,
0.0,
0.0,
0.0,
0.0,
0.0,
0.0,
0.0,
0.0,
0.0,
0.0,
0.0,
0.0,
0.0,
0.0,
6.0,
0.0,
2.0,
0.0,
0.0,
0.0,
0.0,
6.0,
0.0,
0.0,
0.0,
0.0,
2.0,
7.0,
0.0,
0.0,
0.0,
0.0,
0.0,
0.0,
0.0,
0.0,
0.0,
0.0,
0.0,
0.0,
0.0,
0.0,
0.0,
0.0,
14.0,
0.0,
7.0,
3.0,
6.0,
0.0,
2.0,
1.0,
1.0,
0.0,
11.0,
13.0,
0.0,
0.0,
0.0,
0.0,
0.0,
0.0,
0.0,
0.0,
0.0,
0.0,
0.0,
0.0,
0.0,
12.0,
0.0,
80.0,
238.0,
255.0,
252.0,
241.0,
255.0,
252.0,
255.0,
241.0,
153.0,
32.0,
0.0,
0.0,
0.0,
0.0,
0.0,
0.0,
0.0,
0.0,
0.0,
0.0,
0.0,
0.0,
0.0,
0.0,
0.0,
0.0,
9.0,
133.0,
255.0,
182.0,
90.0,
27.0,
11.0,
71.0,
111.0,
235.0,
252.0,
169.0,
18.0,
0.0,
7.0,
0.0,
0.0,
0.0,
0.0,
0.0,
0.0,
0.0,
0.0,
0.0,
0.0,
0.0,
0.0,
0.0,
122.0,
251.0,
237.0,
34.0,
0.0,
10.0,
0.0,
14.0,
0.0,
149.0,
253.0,
249.0,
32.0,
0.0,
0.0,
0.0,
0.0,
0.0,
0.0,
0.0,
0.0,
0.0,
0.0,
0.0,
0.0,
0.0,
0.0,
6.0,
198.0,
239.0,
129.0,
4.0,
8.0,
1.0,
0.0,
6.0,
0.0,
169.0,
255.0,
241.0,
36.0,
5.0,
0.0,
0.0,
0.0,
0.0,
0.0,
0.0,
0.0,
0.0,
0.0,
0.0,
0.0,
0.0,
0.0,
3.0,
255.0,
255.0,
100.0,
14.0,
0.0,
0.0,
8.0,
0.0,
127.0,
252.0,
238.0,
231.0,
13.0,
10.0,
0.0,
0.0,
0.0,
0.0,
0.0,
0.0,
0.0,
0.0,
0.0,
0.0,
0.0,
0.0,
0.0,
19.0,
254.0,
255.0,
81.0,
3.0,
0.0,
11.0,
39.0,
137.0,
250.0,
252.0,
255.0,
155.0,
0.0,
0.0,
0.0,
0.0,
0.0,
0.0,
0.0,
0.0,
0.0,
0.0,
0.0,
0.0,
0.0,
0.0,
0.0,
6.0,
164.0,
247.0,
165.0,
0.0,
58.0,
49.0,
136.0,
248.0,
254.0,
253.0,
255.0,
169.0,
0.0,
10.0,
0.0,
0.0,
0.0,
0.0,
0.0,
0.0,
0.0,
0.0,
0.0,
0.0,
0.0,
0.0,
0.0,
5.0,
42.0,
251.0,
254.0,
240.0,
230.0,
242.0,
255.0,
255.0,
250.0,
254.0,
229.0,
116.0,
0.0,
0.0,
0.0,
0.0,
0.0,
0.0,
0.0,
0.0,
0.0,
0.0,
0.0,
0.0,
0.0,
0.0,
0.0,
0.0,
18.0,
88.0,
222.0,
247.0,
255.0,
244.0,
255.0,
255.0,
226.0,
255.0,
255.0,
59.0,
16.0,
0.0,
17.0,
0.0,
0.0,
0.0,
0.0,
0.0,
0.0,
0.0,
0.0,
0.0,
0.0,
0.0,
0.0,
0.0,
2.0,
0.0,
17.0,
10.0,
30.0,
55.0,
118.0,
118.0,
86.0,
255.0,
251.0,
74.0,
0.0,
10.0,
0.0,
0.0,
0.0,
0.0,
0.0,
0.0,
0.0,
0.0,
0.0,
0.0,
0.0,
0.0,
0.0,
8.0,
0.0,
15.0,
0.0,
0.0,
15.0,
0.0,
5.0,
5.0,
97.0,
255.0,
255.0,
71.0,
6.0,
0.0,
5.0,
0.0,
0.0,
0.0,
0.0,
1.0,
4.0,
0.0,
0.0,
0.0,
9.0,
0.0,
0.0,
1.0,
4.0,
0.0,
0.0,
3.0,
0.0,
0.0,
0.0,
0.0,
157.0,
255.0,
253.0,
32.0,
12.0,
2.0,
0.0,
0.0,
0.0,
0.0,
0.0,
0.0,
0.0,
6.0,
10.0,
1.0,
0.0,
13.0,
3.0,
3.0,
3.0,
1.0,
7.0,
9.0,
0.0,
0.0,
12.0,
2.0,
245.0,
246.0,
185.0,
0.0,
0.0,
0.0,
9.0,
0.0,
0.0,
0.0,
0.0,
1.0,
0.0,
3.0,
0.0,
1.0,
32.0,
130.0,
73.0,
3.0,
4.0,
0.0,
0.0,
0.0,
0.0,
0.0,
2.0,
0.0,
245.0,
255.0,
138.0,
6.0,
6.0,
0.0,
1.0,
0.0,
0.0,
0.0,
0.0,
0.0,
3.0,
0.0,
0.0,
20.0,
187.0,
247.0,
97.0,
0.0,
2.0,
0.0,
0.0,
7.0,
15.0,
6.0,
0.0,
105.0,
224.0,
255.0,
64.0,
0.0,
7.0,
3.0,
0.0,
0.0,
0.0,
0.0,
0.0,
0.0,
5.0,
0.0,
5.0,
23.0,
255.0,
210.0,
6.0,
4.0,
10.0,
7.0,
3.0,
0.0,
0.0,
0.0,
3.0,
211.0,
249.0,
218.0,
5.0,
0.0,
0.0,
4.0,
0.0,
0.0,
0.0,
0.0,
0.0,
6.0,
0.0,
0.0,
16.0,
18.0,
247.0,
203.0,
79.0,
10.0,
0.0,
0.0,
0.0,
0.0,
0.0,
37.0,
111.0,
233.0,
255.0,
141.0,
4.0,
3.0,
3.0,
1.0,
2.0,
0.0,
0.0,
0.0,
0.0,
4.0,
0.0,
0.0,
7.0,
20.0,
185.0,
255.0,
255.0,
247.0,
222.0,
196.0,
188.0,
181.0,
174.0,
206.0,
255.0,
255.0,
235.0,
57.0,
0.0,
2.0,
0.0,
0.0,
2.0,
0.0,
0.0,
0.0,
0.0,
3.0,
0.0,
11.0,
0.0,
0.0,
56.0,
192.0,
247.0,
252.0,
255.0,
246.0,
244.0,
255.0,
255.0,
252.0,
242.0,
236.0,
93.0,
0.0,
0.0,
16.0,
0.0,
2.0,
5.0,
0.0,
0.0,
0.0,
0.0,
7.0,
0.0,
0.0,
7.0,
0.0,
0.0,
23.0,
73.0,
122.0,
179.0,
201.0,
211.0,
201.0,
175.0,
139.0,
74.0,
1.0,
1.0,
1.0,
0.0,
0.0,
0.0,
0.0,
0.0,
0.0,
0.0,
0.0,
0.0,
0.0,
0.0,
1.0,
5.0,
0.0,
0.0,
0.0,
18.0,
0.0,
9.0,
0.0,
0.0,
0.0,
0.0,
8.0,
0.0,
1.0,
1.0,
1.0,
0.0,
0.0,
0.0,
0.0,
0.0,
0.0,
0.0,
0.0,
0.0,
0.0,
1.0,
5.0,
1.0,
0.0,
2.0,
0.0,
0.0,
0.0,
0.0,
0.0,
8.0,
9.0,
0.0,
3.0,
3.0,
1.0,
1.0,
0.0,
0.0,
0.0,
0.0,
0.0,
0.0,
0.0,
0.0,
0.0,
0.0,
0.0,
2.0,
2.0,
0.0,
0.0,
7.0,
7.0,
0.0,
8.0,
2.0,
0.0,
8.0,
6.0,
0.0,
0.0,
0.0,
0.0,
0.0,
0.0,
0.0,
0.0,
0.0,
0.0,
0.0,
0.0,
0.0,
0.0,
0.0,
