0.0,
0.0,
0.0,
0.0,
0.0,
0.0,
0.0,
0.0,
0.0,
0.0,
0.0,
1.0,
4.0,
5.0,
1.0,
0.0,
0.0,
8.0,
0.0,
2.0,
0.0,
6.0,
0.0,
3.0,
0.0,
0.0,
0.0,
0.0,
0.0,
0.0,
0.0,
0.0,
0.0,
0.0,
0.0,
0.0,
1.0,
0.0,
0.0,
0.0,
0.0,
0.0,
0.0,
0.0,
6.0,
2.0,
0.0,
0.0,
2.0,
2.0,
0.0,
2.0,
0.0,
0.0,
0.0,
0.0,
0.0,
0.0,
0.0,
0.0,
0.0,
0.0,
0.0,
0.0,
0.0,
0.0,
0.0,
3.0,
4.0,
4.0,
4.0,
4.0,
0.0,
5.0,
9.0,
0.0,
0.0,
0.0,
6.0,
9.0,
0.0,
0.0,
0.0,
0.0,
0.0,
0.0,
0.0,
0.0,
0.0,
0.0,
0.0,
0.0,
5.0,
1.0,
0.0,
0.0,
0.0,
0.0,
0.0,
0.0,
0.0,
0.0,
3.0,
8.0,
16.0,
12.0,
8.0,
0.0,
0.0,
0.0,
0.0,
0.0,
0.0,
0.0,
0.0,
0.0,
0.0,
0.0,
0.0,
0.0,
4.0,
0.0,
0.0,
0.0,
1.0,
1.0,
3.0,
8.0,
14.0,
0.0,
0.0,
8.0,
0.0,
0.0,
0.0,
5.0,
0.0,
0.0,
0.0,
0.0,
0.0,
0.0,
0.0,
0.0,
0.0,
0.0,
0.0,
0.0,
0.0,
0.0,
2.0,
7.0,
2.0,
0.0,
0.0,
0.0,
0.0,
5.0,
11.0,
13.0,
0.0,
9.0,
12.0,
0.0,
0.0,
0.0,
0.0,
0.0,
0.0,
0.0,
0.0,
0.0,
0.0,
0.0,
0.0,
0.0,
2.0,
3.0,
5.0,
2.0,
0.0,
0.0,
17.0,
49.0,
121.0,
218.0,
245.0,
175.0,
11.0,
0.0,
0.0,
0.0,
0.0,
0.0,
0.0,
0.0,
0.0,
0.0,
0.0,
0.0,
0.0,
0.0,
0.0,
0.0,
0.0,
0.0,
0.0,
0.0,
11.0,
69.0,
166.0,
249.0,
255.0,
217.0,
133.0,
96.0,
0.0,
12.0,
0.0,
0.0,
0.0,
0.0,
0.0,
0.0,
0.0,
0.0,
0.0,
0.0,
0.0,
0.0,
0.0,
0.0,
0.0,
1.0,
12.0,
0.0,
116.0,
255.0,
254.0,
144.0,
60.0,
39.0,
0.0,
2.0,
0.0,
9.0,
0.0,
1.0,
0.0,
0.0,
0.0,
0.0,
0.0,
0.0,
0.0,
0.0,
0.0,
0.0,
0.0,
0.0,
5.0,
0.0,
3.0,
134.0,
255.0,
219.0,
50.0,
0.0,
5.0,
3.0,
140.0,
219.0,
86.0,
0.0,
29.0,
0.0,
0.0,
0.0,
0.0,
0.0,
0.0,
0.0,
0.0,
0.0,
0.0,
0.0,
0.0,
0.0,
2.0,
0.0,
88.0,
249.0,
230.0,
4.0,
4.0,
18.0,
24.0,
155.0,
248.0,
255.0,
124.0,
0.0,
0.0,
0.0,
0.0,
0.0,
0.0,
0.0,
0.0,
0.0,
0.0,
0.0,
0.0,
0.0,
0.0,
0.0,
0.0,
25.0,
191.0,
255.0,
177.0,
2.0,
0.0,
0.0,
202.0,
255.0,
255.0,
222.0,
46.0,
6.0,
10.0,
0.0,
0.0,
0.0,
0.0,
0.0,
0.0,
0.0,
0.0,
0.0,
0.0,
0.0,
0.0,
0.0,
1.0,
112.0,
255.0,
207.0,
23.0,
0.0,
6.0,
219.0,
233.0,
211.0,
234.0,
188.0,
5.0,
0.0,
1.0,
10.0,
0.0,
0.0,
0.0,
0.0,
0.0,
0.0,
0.0,
0.0,
0.0,
0.0,
0.0,
0.0,
11.0,
113.0,
252.0,
200.0,
8.0,
94.0,
197.0,
238.0,
77.0,
199.0,
253.0,
88.0,
9.0,
0.0,
0.0,
4.0,
0.0,
0.0,
0.0,
0.0,
0.0,
0.0,
0.0,
0.0,
0.0,
0.0,
0.0,
0.0,
2.0,
118.0,
253.0,
216.0,
129.0,
239.0,
255.0,
22.0,
85.0,
233.0,
253.0,
28.0,
0.0,
13.0,
19.0,
0.0,
0.0,
0.0,
0.0,
0.0,
0.0,
0.0,
0.0,
0.0,
0.0,
0.0,
0.0,
0.0,
0.0,
121.0,
247.0,
254.0,
255.0,
255.0,
85.0,
24.0,
215.0,
255.0,
156.0,
0.0,
2.0,
1.0,
0.0,
3.0,
0.0,
0.0,
0.0,
0.0,
0.0,
0.0,
0.0,
0.0,
0.0,
0.0,
0.0,
0.0,
0.0,
17.0,
104.0,
140.0,
138.0,
47.0,
0.0,
177.0,
251.0,
220.0,
45.0,
5.0,
0.0,
5.0,
6.0,
0.0,
0.0,
0.0,
0.0,
0.0,
0.0,
0.0,
0.0,
0.0,
0.0,
0.0,
0.0,
0.0,
2.0,
0.0,
6.0,
4.0,
0.0,
7.0,
23.0,
238.0,
255.0,
124.0,
5.0,
0.0,
3.0,
0.0,
0.0,
1.0,
0.0,
0.0,
0.0,
0.0,
0.0,
0.0,
0.0,
0.0,
0.0,
0.0,
0.0,
0.0,
0.0,
7.0,
6.0,
0.0,
0.0,
7.0,
183.0,
255.0,
222.0,
27.0,
0.0,
0.0,
15.0,
0.0,
0.0,
3.0,
0.0,
0.0,
0.0,
0.0,
0.0,
0.0,
0.0,
0.0,
0.0,
0.0,
0.0,
0.0,
0.0,
6.0,
0.0,
0.0,
3.0,
35.0,
252.0,
255.0,
119.0,
0.0,
4.0,
0.0,
9.0,
0.0,
0.0,
0.0,
0.0,
0.0,
0.0,
0.0,
0.0,
0.0,
0.0,
0.0,
0.0,
0.0,
0.0,
0.0,
7.0,
2.0,
0.0,
7.0,
13.0,
169.0,
233.0,
245.0,
25.0,
0.0,
3.0,
1.0,
0.0,
0.0,
0.0,
0.0,
0.0,
0.0,
0.0,
0.0,
0.0,
0.0,
0.0,
0.0,
0.0,
0.0,
0.0,
0.0,
0.0,
0.0,
3.0,
0.0,
33.0,
253.0,
255.0,
109.0,
0.0,
13.0,
0.0,
4.0,
1.0,
0.0,
0.0,
4.0,
0.0,
0.0,
0.0,
0.0,
0.0,
0.0,
0.0,
0.0,
0.0,
0.0,
0.0,
0.0,
13.0,
2.0,
10.0,
0.0,
115.0,
255.0,
235.0,
20.0,
2.0,
9.0,
0.0,
6.0,
2.0,
0.0,
3.0,
3.0,
0.0,
0.0,
0.0,
0.0,
0.0,
0.0,
0.0,
0.0,
0.0,
0.0,
0.0,
0.0,
0.0,
2.0,
0.0,
25.0,
225.0,
250.0,
45.0,
8.0,
0.0,
0.0,
3.0,
3.0,
0.0,
0.0,
5.0,
0.0,
0.0,
0.0,
0.0,
0.0,
0.0,
0.0,
0.0,
0.0,
0.0,
0.0,
0.0,
0.0,
0.0,
26.0,
0.0,
48.0,
255.0,
203.0,
23.0,
0.0,
0.0,
0.0,
0.0,
0.0,
0.0,
0.0,
0.0,
0.0,
0.0,
0.0,
0.0,
0.0,
0.0,
0.0,
0.0,
0.0,
0.0,
0.0,
0.0,
0.0,
13.0,
0.0,
18.0,
65.0,
245.0,
73.0,
0.0,
2.0,
0.0,
0.0,
0.0,
0.0,
0.0,
0.0,
0.0,
0.0,
0.0,
0.0,
0.0,
0.0,
0.0,
0.0,
0.0,
0.0,
0.0,
0.0,
0.0,
0.0,
3.0,
6.0,
0.0,
0.0,
0.0,
4.0,
0.0,
12.0,
0.0,
0.0,
0.0,
0.0,
0.0,
0.0,
0.0,
0.0,
0.0,
0.0,
0.0,
0.0,
0.0,
0.0,
0.0,
0.0,
0.0,
0.0,
0.0,
0.0,
0.0,
4.0,
11.0,
16.0,
0.0,
7.0,
4.0,
0.0,
0.0,
0.0,
0.0,
0.0,
0.0,
0.0,
0.0,
0.0,
0.0,
0.0,
0.0,
0.0,
