0.0,
0.0,
0.0,
0.0,
0.0,
0.0,
0.0,
0.0,
0.0,
2.0,
3.0,
0.0,
0.0,
4.0,
3.0,
0.0,
0.0,
0.0,
1.0,
7.0,
0.0,
0.0,
10.0,
0.0,
0.0,
0.0,
0.0,
0.0,
0.0,
0.0,
0.0,
0.0,
0.0,
0.0,
0.0,
0.0,
7.0,
7.0,
4.0,
0.0,
0.0,
1.0,
2.0,
2.0,
4.0,
18.0,
0.0,
0.0,
9.0,
8.0,
0.0,
0.0,
0.0,
0.0,
0.0,
0.0,
0.0,
0.0,
0.0,
0.0,
0.0,
0.0,
0.0,
0.0,
0.0,
0.0,
0.0,
0.0,
0.0,
0.0,
0.0,
0.0,
0.0,
0.0,
4.0,
1.0,
0.0,
1.0,
9.0,
8.0,
0.0,
0.0,
0.0,
0.0,
0.0,
0.0,
0.0,
0.0,
0.0,
0.0,
0.0,
0.0,
9.0,
4.0,
4.0,
8.0,
7.0,
1.0,
1.0,
5.0,
4.0,
8.0,
0.0,
0.0,
10.0,
4.0,
0.0,
0.0,
0.0,
0.0,
0.0,
0.0,
0.0,
0.0,
0.0,
0.0,
0.0,
0.0,
0.0,
0.0,
0.0,
0.0,
0.0,
0.0,
0.0,
0.0,
3.0,
9.0,
10.0,
0.0,
0.0,
13.0,
0.0,
0.0,
10.0,
0.0,
0.0,
0.0,
0.0,
0.0,
0.0,
0.0,
0.0,
0.0,
0.0,
0.0,
0.0,
0.0,
0.0,
5.0,
9.0,
8.0,
5.0,
2.0,
0.0,
0.0,
5.0,
0.0,
1.0,
7.0,
1.0,
8.0,
10.0,
0.0,
0.0,
0.0,
0.0,
0.0,
0.0,
0.0,
0.0,
0.0,
0.0,
0.0,
0.0,
0.0,
0.0,
3.0,
1.0,
0.0,
0.0,
8.0,
14.0,
9.0,
7.0,
180.0,
241.0,
226.0,
229.0,
132.0,
11.0,
6.0,
0.0,
0.0,
0.0,
0.0,
0.0,
0.0,
0.0,
0.0,
0.0,
0.0,
0.0,
0.0,
3.0,
6.0,
0.0,
0.0,
37.0,
116.0,
182.0,
211.0,
255.0,
242.0,
255.0,
255.0,
251.0,
255.0,
176.0,
0.0,
0.0,
0.0,
0.0,
0.0,
3.0,
3.0,
0.0,
0.0,
8.0,
0.0,
0.0,
0.0,
0.0,
0.0,
15.0,
146.0,
255.0,
248.0,
253.0,
255.0,
244.0,
237.0,
229.0,
248.0,
241.0,
248.0,
190.0,
1.0,
0.0,
0.0,
0.0,
0.0,
0.0,
0.0,
2.0,
8.0,
0.0,
1.0,
16.0,
1.0,
12.0,
30.0,
211.0,
244.0,
249.0,
251.0,
203.0,
99.0,
68.0,
2.0,
0.0,
65.0,
249.0,
188.0,
50.0,
0.0,
0.0,
0.0,
0.0,
0.0,
0.0,
0.0,
9.0,
10.0,
0.0,
0.0,
5.0,
0.0,
58.0,
188.0,
255.0,
255.0,
178.0,
58.0,
0.0,
17.0,
0.0,
7.0,
21.0,
193.0,
81.0,
21.0,
0.0,
8.0,
0.0,
0.0,
0.0,
0.0,
4.0,
0.0,
2.0,
2.0,
0.0,
1.0,
0.0,
24.0,
229.0,
255.0,
224.0,
44.0,
10.0,
0.0,
6.0,
0.0,
1.0,
0.0,
0.0,
152.0,
12.0,
0.0,
19.0,
0.0,
0.0,
0.0,
0.0,
0.0,
0.0,
6.0,
0.0,
0.0,
6.0,
6.0,
2.0,
144.0,
255.0,
178.0,
0.0,
14.0,
9.0,
0.0,
7.0,
3.0,
8.0,
11.0,
116.0,
245.0,
19.0,
5.0,
1.0,
0.0,
0.0,
0.0,
0.0,
0.0,
0.0,
11.0,
1.0,
0.0,
2.0,
0.0,
14.0,
251.0,
251.0,
21.0,
6.0,
9.0,
0.0,
0.0,
0.0,
0.0,
6.0,
127.0,
254.0,
255.0,
106.0,
4.0,
0.0,
8.0,
0.0,
0.0,
0.0,
0.0,
0.0,
5.0,
4.0,
0.0,
0.0,
0.0,
10.0,
255.0,
251.0,
146.0,
9.0,
0.0,
6.0,
43.0,
39.0,
97.0,
175.0,
255.0,
250.0,
201.0,
8.0,
3.0,
13.0,
0.0,
0.0,
0.0,
0.0,
0.0,
5.0,
0.0,
0.0,
9.0,
0.0,
5.0,
8.0,
238.0,
242.0,
255.0,
219.0,
212.0,
225.0,
242.0,
246.0,
247.0,
255.0,
248.0,
218.0,
21.0,
3.0,
0.0,
0.0,
10.0,
0.0,
0.0,
0.0,
0.0,
1.0,
0.0,
0.0,
10.0,
0.0,
0.0,
25.0,
84.0,
224.0,
255.0,
255.0,
247.0,
251.0,
243.0,
255.0,
255.0,
255.0,
132.0,
27.0,
0.0,
0.0,
4.0,
11.0,
0.0,
0.0,
0.0,
0.0,
0.0,
6.0,
0.0,
0.0,
3.0,
0.0,
0.0,
0.0,
14.0,
25.0,
74.0,
109.0,
112.0,
125.0,
222.0,
255.0,
250.0,
160.0,
46.0,
0.0,
6.0,
6.0,
0.0,
0.0,
1.0,
0.0,
0.0,
0.0,
0.0,
0.0,
2.0,
1.0,
0.0,
4.0,
8.0,
0.0,
0.0,
1.0,
15.0,
0.0,
1.0,
90.0,
249.0,
248.0,
213.0,
40.0,
0.0,
0.0,
1.0,
1.0,
3.0,
6.0,
0.0,
0.0,
0.0,
0.0,
0.0,
0.0,
1.0,
5.0,
0.0,
0.0,
8.0,
9.0,
2.0,
7.0,
0.0,
2.0,
24.0,
255.0,
251.0,
108.0,
13.0,
0.0,
0.0,
2.0,
0.0,
0.0,
6.0,
10.0,
0.0,
0.0,
0.0,
0.0,
0.0,
0.0,
1.0,
2.0,
0.0,
0.0,
0.0,
0.0,
5.0,
0.0,
9.0,
28.0,
174.0,
249.0,
207.0,
0.0,
4.0,
8.0,
0.0,
0.0,
8.0,
1.0,
0.0,
0.0,
3.0,
0.0,
0.0,
0.0,
0.0,
8.0,
0.0,
0.0,
3.0,
6.0,
0.0,
0.0,
0.0,
2.0,
12.0,
146.0,
255.0,
255.0,
143.0,
15.0,
0.0,
0.0,
0.0,
0.0,
0.0,
0.0,
0.0,
0.0,
0.0,
0.0,
0.0,
0.0,
0.0,
3.0,
0.0,
0.0,
3.0,
7.0,
5.0,
1.0,
1.0,
5.0,
119.0,
255.0,
250.0,
123.0,
9.0,
0.0,
12.0,
0.0,
7.0,
6.0,
0.0,
0.0,
10.0,
6.0,
0.0,
0.0,
0.0,
0.0,
0.0,
0.0,
2.0,
5.0,
0.0,
0.0,
0.0,
0.0,
4.0,
119.0,
247.0,
255.0,
137.0,
12.0,
0.0,
4.0,
0.0,
5.0,
1.0,
0.0,
2.0,
7.0,
0.0,
0.0,
5.0,
0.0,
0.0,
0.0,
0.0,
0.0,
0.0,
0.0,
3.0,
4.0,
0.0,
0.0,
21.0,
254.0,
255.0,
161.0,
6.0,
5.0,
0.0,
8.0,
0.0,
0.0,
0.0,
0.0,
0.0,
0.0,
0.0,
0.0,
0.0,
0.0,
0.0,
0.0,
0.0,
0.0,
3.0,
4.0,
0.0,
0.0,
0.0,
29.0,
71.0,
255.0,
239.0,
33.0,
14.0,
0.0,
5.0,
11.0,
0.0,
0.0,
0.0,
0.0,
0.0,
0.0,
0.0,
0.0,
0.0,
0.0,
0.0,
0.0,
0.0,
7.0,
5.0,
0.0,
0.0,
0.0,
0.0,
0.0,
13.0,
0.0,
1.0,
0.0,
1.0,
6.0,
0.0,
0.0,
5.0,
0.0,
0.0,
0.0,
0.0,
0.0,
0.0,
0.0,
0.0,
0.0,
0.0,
0.0,
0.0,
0.0,
0.0,
0.0,
2.0,
14.0,
6.0,
0.0,
0.0,
13.0,
0.0,
26.0,
0.0,
5.0,
0.0,
8.0,
0.0,
0.0,
0.0,
0.0,
0.0,
0.0,
0.0,
0.0,
0.0,
0.0,
0.0,
0.0,
0.0,
