0.0,
0.0,
0.0,
0.0,
0.0,
0.0,
0.0,
0.0,
0.0,
0.0,
1.0,
4.0,
3.0,
0.0,
0.0,
0.0,
0.0,
0.0,
0.0,
0.0,
0.0,
0.0,
0.0,
0.0,
0.0,
0.0,
0.0,
0.0,
0.0,
0.0,
0.0,
0.0,
0.0,
0.0,
0.0,
0.0,
0.0,
0.0,
0.0,
0.0,
0.0,
1.0,
2.0,
0.0,
0.0,
0.0,
0.0,
0.0,
0.0,
0.0,
0.0,
0.0,
0.0,
0.0,
0.0,
0.0,
0.0,
0.0,
0.0,
0.0,
0.0,
0.0,
0.0,
0.0,
13.0,
0.0,
0.0,
0.0,
1.0,
0.0,
2.0,
15.0,
0.0,
0.0,
0.0,
0.0,
0.0,
0.0,
0.0,
0.0,
0.0,
0.0,
0.0,
0.0,
0.0,
0.0,
0.0,
0.0,
0.0,
0.0,
0.0,
0.0,
0.0,
0.0,
0.0,
12.0,
12.0,
0.0,
0.0,
0.0,
0.0,
0.0,
0.0,
0.0,
0.0,
0.0,
0.0,
0.0,
0.0,
0.0,
0.0,
0.0,
0.0,
0.0,
0.0,
0.0,
0.0,
0.0,
0.0,
0.0,
2.0,
8.0,
3.0,
0.0,
0.0,
6.0,
8.0,
0.0,
0.0,
0.0,
0.0,
0.0,
0.0,
0.0,
0.0,
0.0,
0.0,
0.0,
0.0,
0.0,
0.0,
0.0,
0.0,
0.0,
0.0,
0.0,
0.0,
0.0,
0.0,
0.0,
0.0,
3.0,
6.0,
1.0,
0.0,
0.0,
0.0,
0.0,
0.0,
0.0,
0.0,
0.0,
0.0,
0.0,
0.0,
0.0,
0.0,
0.0,
0.0,
0.0,
0.0,
0.0,
0.0,
0.0,
0.0,
0.0,
6.0,
0.0,
0.0,
0.0,
3.0,
2.0,
0.0,
0.0,
0.0,
0.0,
0.0,
0.0,
0.0,
0.0,
0.0,
0.0,
0.0,
0.0,
0.0,
0.0,
0.0,
0.0,
0.0,
0.0,
0.0,
0.0,
0.0,
0.0,
43.0,
160.0,
248.0,
255.0,
255.0,
245.0,
146.0,
18.0,
0.0,
0.0,
0.0,
0.0,
0.0,
0.0,
0.0,
0.0,
0.0,
0.0,
0.0,
0.0,
1.0,
0.0,
0.0,
5.0,
0.0,
6.0,
2.0,
82.0,
254.0,
252.0,
255.0,
230.0,
255.0,
255.0,
245.0,
242.0,
106.0,
5.0,
0.0,
1.0,
0.0,
8.0,
0.0,
8.0,
0.0,
0.0,
0.0,
0.0,
1.0,
0.0,
0.0,
0.0,
20.0,
0.0,
0.0,
196.0,
251.0,
133.0,
0.0,
17.0,
4.0,
13.0,
219.0,
240.0,
255.0,
191.0,
3.0,
5.0,
12.0,
0.0,
0.0,
0.0,
0.0,
0.0,
0.0,
0.0,
1.0,
0.0,
11.0,
0.0,
4.0,
0.0,
76.0,
255.0,
207.0,
0.0,
9.0,
0.0,
0.0,
27.0,
9.0,
95.0,
226.0,
255.0,
177.0,
11.0,
0.0,
0.0,
24.0,
0.0,
0.0,
0.0,
0.0,
0.0,
0.0,
0.0,
18.0,
0.0,
0.0,
18.0,
164.0,
249.0,
70.0,
6.0,
0.0,
0.0,
8.0,
0.0,
0.0,
17.0,
70.0,
241.0,
255.0,
41.0,
13.0,
13.0,
0.0,
0.0,
0.0,
0.0,
0.0,
0.0,
0.0,
7.0,
0.0,
0.0,
11.0,
4.0,
180.0,
253.0,
7.0,
0.0,
7.0,
13.0,
15.0,
0.0,
10.0,
0.0,
4.0,
148.0,
231.0,
255.0,
101.0,
0.0,
2.0,
0.0,
0.0,
0.0,
0.0,
0.0,
2.0,
0.0,
0.0,
9.0,
0.0,
0.0,
196.0,
255.0,
0.0,
2.0,
0.0,
0.0,
5.0,
0.0,
4.0,
30.0,
38.0,
187.0,
246.0,
255.0,
143.0,
0.0,
26.0,
0.0,
0.0,
0.0,
0.0,
0.0,
5.0,
0.0,
8.0,
13.0,
0.0,
0.0,
185.0,
246.0,
6.0,
0.0,
16.0,
0.0,
11.0,
3.0,
13.0,
132.0,
175.0,
106.0,
222.0,
240.0,
145.0,
0.0,
4.0,
3.0,
0.0,
0.0,
0.0,
0.0,
0.0,
4.0,
0.0,
0.0,
7.0,
3.0,
114.0,
253.0,
129.0,
1.0,
2.0,
4.0,
10.0,
5.0,
0.0,
9.0,
2.0,
41.0,
235.0,
253.0,
147.0,
14.0,
0.0,
0.0,
0.0,
0.0,
0.0,
0.0,
0.0,
3.0,
0.0,
0.0,
15.0,
0.0,
24.0,
196.0,
237.0,
67.0,
0.0,
4.0,
0.0,
0.0,
0.0,
0.0,
5.0,
204.0,
244.0,
253.0,
153.0,
7.0,
0.0,
2.0,
0.0,
0.0,
0.0,
0.0,
6.0,
1.0,
0.0,
0.0,
4.0,
0.0,
0.0,
16.0,
177.0,
226.0,
132.0,
20.0,
7.0,
0.0,
27.0,
140.0,
225.0,
147.0,
173.0,
243.0,
146.0,
3.0,
0.0,
0.0,
0.0,
0.0,
0.0,
0.0,
0.0,
0.0,
10.0,
4.0,
0.0,
14.0,
6.0,
0.0,
11.0,
78.0,
190.0,
244.0,
161.0,
125.0,
165.0,
117.0,
84.0,
0.0,
171.0,
255.0,
114.0,
0.0,
9.0,
13.0,
0.0,
0.0,
0.0,
0.0,
4.0,
0.0,
8.0,
5.0,
0.0,
0.0,
10.0,
9.0,
0.0,
1.0,
0.0,
1.0,
12.0,
0.0,
0.0,
17.0,
0.0,
0.0,
203.0,
255.0,
70.0,
0.0,
0.0,
0.0,
0.0,
0.0,
0.0,
0.0,
6.0,
3.0,
0.0,
0.0,
0.0,
0.0,
0.0,
0.0,
0.0,
2.0,
10.0,
0.0,
4.0,
8.0,
0.0,
8.0,
0.0,
14.0,
168.0,
245.0,
46.0,
11.0,
5.0,
9.0,
0.0,
0.0,
0.0,
0.0,
0.0,
10.0,
0.0,
0.0,
11.0,
9.0,
6.0,
3.0,
0.0,
0.0,
15.0,
0.0,
0.0,
5.0,
0.0,
4.0,
0.0,
8.0,
173.0,
255.0,
6.0,
0.0,
0.0,
0.0,
0.0,
0.0,
0.0,
0.0,
0.0,
12.0,
0.0,
0.0,
0.0,
0.0,
3.0,
0.0,
15.0,
0.0,
0.0,
6.0,
3.0,
4.0,
2.0,
0.0,
0.0,
0.0,
174.0,
253.0,
0.0,
0.0,
23.0,
1.0,
0.0,
0.0,
0.0,
0.0,
3.0,
0.0,
0.0,
14.0,
6.0,
0.0,
10.0,
0.0,
0.0,
14.0,
0.0,
0.0,
0.0,
0.0,
4.0,
2.0,
0.0,
7.0,
194.0,
241.0,
6.0,
1.0,
0.0,
0.0,
0.0,
0.0,
0.0,
0.0,
0.0,
0.0,
0.0,
0.0,
0.0,
0.0,
0.0,
0.0,
0.0,
0.0,
0.0,
0.0,
0.0,
0.0,
0.0,
0.0,
1.0,
0.0,
172.0,
255.0,
0.0,
0.0,
22.0,
0.0,
0.0,
0.0,
0.0,
0.0,
0.0,
0.0,
0.0,
0.0,
0.0,
0.0,
0.0,
0.0,
0.0,
0.0,
0.0,
0.0,
0.0,
0.0,
0.0,
0.0,
8.0,
0.0,
194.0,
238.0,
25.0,
28.0,
0.0,
23.0,
0.0,
0.0,
0.0,
0.0,
0.0,
0.0,
0.0,
0.0,
0.0,
0.0,
0.0,
0.0,
0.0,
0.0,
0.0,
0.0,
0.0,
0.0,
0.0,
0.0,
4.0,
0.0,
177.0,
253.0,
196.0,
165.0,
0.0,
0.0,
0.0,
0.0,
0.0,
0.0,
0.0,
0.0,
0.0,
0.0,
0.0,
0.0,
0.0,
0.0,
0.0,
0.0,
0.0,
0.0,
0.0,
0.0,
0.0,
0.0,
10.0,
0.0,
0.0,
5.0,
13.0,
11.0,
0.0,
17.0,
0.0,
0.0,
0.0,
0.0,
