0.0,
0.0,
0.0,
0.0,
0.0,
0.0,
0.0,
0.0,
0.0,
0.0,
0.0,
3.0,
5.0,
4.0,
0.0,
0.0,
3.0,
2.0,
0.0,
0.0,
0.0,
0.0,
0.0,
3.0,
0.0,
0.0,
0.0,
0.0,
0.0,
0.0,
0.0,
0.0,
0.0,
0.0,
0.0,
0.0,
6.0,
4.0,
0.0,
0.0,
0.0,
0.0,
0.0,
3.0,
0.0,
1.0,
5.0,
6.0,
8.0,
9.0,
5.0,
0.0,
0.0,
0.0,
0.0,
0.0,
0.0,
0.0,
0.0,
0.0,
0.0,
0.0,
0.0,
0.0,
0.0,
0.0,
1.0,
2.0,
2.0,
3.0,
6.0,
10.0,
1.0,
1.0,
0.0,
0.0,
0.0,
0.0,
2.0,
0.0,
0.0,
0.0,
0.0,
0.0,
0.0,
0.0,
0.0,
0.0,
0.0,
0.0,
0.0,
0.0,
0.0,
0.0,
0.0,
0.0,
0.0,
0.0,
0.0,
0.0,
0.0,
0.0,
8.0,
13.0,
4.0,
5.0,
8.0,
0.0,
0.0,
0.0,
0.0,
0.0,
0.0,
0.0,
0.0,
0.0,
0.0,
0.0,
0.0,
0.0,
5.0,
1.0,
0.0,
0.0,
2.0,
6.0,
7.0,
7.0,
6.0,
0.0,
0.0,
4.0,
0.0,
0.0,
0.0,
0.0,
0.0,
0.0,
0.0,
0.0,
0.0,
0.0,
0.0,
0.0,
0.0,
0.0,
0.0,
0.0,
0.0,
0.0,
0.0,
3.0,
5.0,
4.0,
0.0,
0.0,
0.0,
0.0,
0.0,
0.0,
8.0,
3.0,
0.0,
14.0,
0.0,
0.0,
0.0,
0.0,
0.0,
0.0,
0.0,
0.0,
0.0,
0.0,
0.0,
0.0,
0.0,
2.0,
3.0,
0.0,
0.0,
0.0,
0.0,
6.0,
0.0,
21.0,
1.0,
0.0,
9.0,
8.0,
0.0,
0.0,
0.0,
0.0,
0.0,
0.0,
0.0,
0.0,
0.0,
0.0,
0.0,
0.0,
0.0,
0.0,
0.0,
1.0,
0.0,
0.0,
13.0,
51.0,
102.0,
140.0,
206.0,
201.0,
102.0,
3.0,
0.0,
4.0,
0.0,
7.0,
0.0,
0.0,
0.0,
0.0,
1.0,
0.0,
3.0,
0.0,
0.0,
0.0,
0.0,
8.0,
12.0,
0.0,
14.0,
137.0,
221.0,
245.0,
252.0,
254.0,
255.0,
247.0,
252.0,
131.0,
24.0,
0.0,
13.0,
4.0,
0.0,
0.0,
0.0,
0.0,
0.0,
5.0,
2.0,
2.0,
0.0,
2.0,
8.0,
0.0,
0.0,
62.0,
193.0,
238.0,
255.0,
189.0,
121.0,
48.0,
58.0,
234.0,
255.0,
237.0,
64.0,
11.0,
0.0,
1.0,
0.0,
0.0,
0.0,
0.0,
0.0,
0.0,
0.0,
2.0,
0.0,
0.0,
21.0,
0.0,
51.0,
240.0,
253.0,
241.0,
164.0,
34.0,
4.0,
6.0,
151.0,
255.0,
240.0,
255.0,
92.0,
7.0,
0.0,
4.0,
0.0,
0.0,
0.0,
0.0,
11.0,
16.0,
3.0,
1.0,
0.0,
0.0,
0.0,
28.0,
233.0,
253.0,
240.0,
76.0,
0.0,
0.0,
153.0,
255.0,
244.0,
255.0,
255.0,
255.0,
4.0,
0.0,
10.0,
0.0,
0.0,
0.0,
0.0,
0.0,
0.0,
0.0,
0.0,
0.0,
14.0,
0.0,
11.0,
150.0,
248.0,
242.0,
76.0,
96.0,
176.0,
234.0,
255.0,
172.0,
175.0,
252.0,
248.0,
21.0,
11.0,
5.0,
0.0,
5.0,
0.0,
0.0,
0.0,
0.0,
13.0,
1.0,
12.0,
0.0,
11.0,
0.0,
0.0,
151.0,
255.0,
227.0,
242.0,
248.0,
247.0,
202.0,
145.0,
23.0,
114.0,
240.0,
243.0,
12.0,
0.0,
14.0,
0.0,
2.0,
0.0,
0.0,
0.0,
0.0,
0.0,
0.0,
4.0,
0.0,
2.0,
1.0,
0.0,
91.0,
186.0,
255.0,
246.0,
255.0,
131.0,
22.0,
0.0,
26.0,
237.0,
255.0,
130.0,
0.0,
13.0,
3.0,
0.0,
7.0,
0.0,
0.0,
0.0,
0.0,
0.0,
0.0,
7.0,
0.0,
0.0,
2.0,
2.0,
6.0,
23.0,
62.0,
47.0,
40.0,
4.0,
6.0,
0.0,
46.0,
238.0,
238.0,
19.0,
11.0,
0.0,
0.0,
0.0,
0.0,
0.0,
0.0,
0.0,
0.0,
0.0,
0.0,
0.0,
0.0,
0.0,
0.0,
0.0,
0.0,
3.0,
1.0,
0.0,
0.0,
1.0,
8.0,
0.0,
122.0,
239.0,
255.0,
38.0,
0.0,
9.0,
0.0,
3.0,
0.0,
0.0,
0.0,
0.0,
0.0,
0.0,
0.0,
0.0,
0.0,
0.0,
0.0,
0.0,
0.0,
0.0,
1.0,
3.0,
5.0,
0.0,
0.0,
9.0,
229.0,
255.0,
218.0,
19.0,
0.0,
5.0,
7.0,
6.0,
0.0,
0.0,
0.0,
0.0,
0.0,
0.0,
0.0,
0.0,
0.0,
0.0,
0.0,
0.0,
0.0,
0.0,
7.0,
6.0,
0.0,
0.0,
10.0,
49.0,
255.0,
252.0,
125.0,
11.0,
0.0,
0.0,
0.0,
0.0,
0.0,
0.0,
0.0,
0.0,
0.0,
0.0,
0.0,
0.0,
0.0,
0.0,
0.0,
0.0,
0.0,
0.0,
6.0,
2.0,
0.0,
3.0,
11.0,
101.0,
237.0,
236.0,
51.0,
9.0,
2.0,
0.0,
0.0,
0.0,
3.0,
0.0,
0.0,
0.0,
0.0,
0.0,
0.0,
0.0,
0.0,
0.0,
0.0,
0.0,
0.0,
12.0,
0.0,
0.0,
9.0,
0.0,
0.0,
166.0,
255.0,
240.0,
27.0,
2.0,
0.0,
0.0,
10.0,
6.0,
5.0,
0.0,
0.0,
0.0,
0.0,
0.0,
0.0,
0.0,
0.0,
0.0,
0.0,
0.0,
0.0,
2.0,
0.0,
3.0,
5.0,
0.0,
31.0,
240.0,
253.0,
156.0,
6.0,
2.0,
0.0,
0.0,
2.0,
0.0,
3.0,
0.0,
0.0,
0.0,
0.0,
0.0,
0.0,
0.0,
0.0,
0.0,
0.0,
0.0,
0.0,
0.0,
0.0,
8.0,
0.0,
4.0,
125.0,
255.0,
219.0,
47.0,
0.0,
2.0,
4.0,
0.0,
0.0,
0.0,
1.0,
0.0,
0.0,
0.0,
0.0,
0.0,
0.0,
0.0,
0.0,
0.0,
0.0,
0.0,
0.0,
8.0,
3.0,
2.0,
0.0,
8.0,
160.0,
245.0,
221.0,
24.0,
12.0,
0.0,
0.0,
6.0,
3.0,
0.0,
0.0,
0.0,
0.0,
0.0,
0.0,
0.0,
0.0,
0.0,
0.0,
0.0,
0.0,
0.0,
0.0,
1.0,
0.0,
9.0,
4.0,
36.0,
253.0,
255.0,
148.0,
0.0,
0.0,
0.0,
0.0,
0.0,
0.0,
0.0,
0.0,
0.0,
0.0,
0.0,
0.0,
0.0,
0.0,
0.0,
0.0,
0.0,
0.0,
0.0,
0.0,
17.0,
0.0,
0.0,
17.0,
85.0,
255.0,
214.0,
59.0,
0.0,
0.0,
0.0,
0.0,
0.0,
0.0,
0.0,
0.0,
0.0,
0.0,
0.0,
0.0,
0.0,
0.0,
0.0,
0.0,
0.0,
0.0,
0.0,
0.0,
0.0,
18.0,
9.0,
0.0,
54.0,
255.0,
196.0,
6.0,
0.0,
0.0,
0.0,
0.0,
0.0,
0.0,
0.0,
0.0,
0.0,
0.0,
0.0,
0.0,
0.0,
0.0,
0.0,
0.0,
0.0,
0.0,
0.0,
0.0,
9.0,
0.0,
3.0,
13.0,
0.0,
0.0,
0.0,
10.0,
0.0,
0.0,
0.0,
0.0,
0.0,
0.0,
0.0,
0.0,
0.0,
0.0,
0.0,
0.0,
