0.0,
0.0,
0.0,
0.0,
0.0,
0.0,
0.0,
0.0,
4.0,
0.0,
0.0,
3.0,
0.0,
0.0,
4.0,
2.0,
8.0,
0.0,
2.0,
9.0,
0.0,
0.0,
4.0,
5.0,
0.0,
0.0,
0.0,
0.0,
0.0,
0.0,
0.0,
0.0,
0.0,
0.0,
0.0,
0.0,
0.0,
2.0,
14.0,
9.0,
0.0,
0.0,
0.0,
0.0,
0.0,
8.0,
0.0,
0.0,
14.0,
14.0,
0.0,
6.0,
0.0,
0.0,
0.0,
0.0,
0.0,
0.0,
0.0,
0.0,
0.0,
0.0,
0.0,
0.0,
5.0,
2.0,
0.0,
0.0,
0.0,
2.0,
10.0,
13.0,
5.0,
11.0,
14.0,
1.0,
0.0,
0.0,
1.0,
0.0,
0.0,
0.0,
0.0,
0.0,
0.0,
0.0,
0.0,
0.0,
0.0,
0.0,
0.0,
0.0,
3.0,
0.0,
0.0,
2.0,
8.0,
0.0,
0.0,
0.0,
7.0,
0.0,
0.0,
13.0,
5.0,
8.0,
10.0,
0.0,
0.0,
0.0,
0.0,
0.0,
0.0,
0.0,
0.0,
0.0,
0.0,
0.0,
0.0,
0.0,
0.0,
4.0,
0.0,
2.0,
9.0,
1.0,
0.0,
11.0,
0.0,
12.0,
0.0,
0.0,
1.0,
0.0,
0.0,
9.0,
0.0,
0.0,
0.0,
0.0,
0.0,
0.0,
0.0,
0.0,
0.0,
0.0,
0.0,
0.0,
3.0,
14.0,
0.0,
0.0,
5.0,
12.0,
0.0,
0.0,
0.0,
8.0,
11.0,
0.0,
0.0,
3.0,
2.0,
1.0,
0.0,
0.0,
0.0,
0.0,
0.0,
0.0,
0.0,
0.0,
0.0,
0.0,
0.0,
0.0,
0.0,
6.0,
0.0,
0.0,
8.0,
0.0,
0.0,
15.0,
117.0,
172.0,
255.0,
242.0,
102.0,
0.0,
0.0,
6.0,
0.0,
0.0,
0.0,
0.0,
0.0,
0.0,
0.0,
0.0,
0.0,
0.0,
0.0,
0.0,
0.0,
1.0,
0.0,
2.0,
0.0,
0.0,
86.0,
231.0,
255.0,
243.0,
248.0,
255.0,
226.0,
87.0,
0.0,
5.0,
0.0,
0.0,
0.0,
0.0,
0.0,
0.0,
0.0,
0.0,
0.0,
0.0,
0.0,
0.0,
0.0,
0.0,
5.0,
0.0,
9.0,
83.0,
239.0,
246.0,
246.0,
115.0,
148.0,
250.0,
249.0,
66.0,
0.0,
4.0,
0.0,
0.0,
0.0,
0.0,
0.0,
0.0,
0.0,
0.0,
0.0,
0.0,
0.0,
0.0,
0.0,
5.0,
0.0,
28.0,
159.0,
237.0,
255.0,
193.0,
24.0,
0.0,
22.0,
110.0,
45.0,
0.0,
0.0,
10.0,
0.0,
0.0,
0.0,
0.0,
0.0,
0.0,
0.0,
0.0,
0.0,
0.0,
0.0,
0.0,
0.0,
17.0,
4.0,
160.0,
239.0,
255.0,
121.0,
0.0,
0.0,
16.0,
0.0,
0.0,
5.0,
5.0,
8.0,
0.0,
0.0,
0.0,
0.0,
0.0,
0.0,
0.0,
0.0,
0.0,
0.0,
0.0,
0.0,
0.0,
2.0,
12.0,
143.0,
255.0,
226.0,
59.0,
11.0,
3.0,
13.0,
0.0,
51.0,
12.0,
3.0,
0.0,
20.0,
10.0,
0.0,
0.0,
0.0,
0.0,
0.0,
0.0,
0.0,
0.0,
0.0,
0.0,
0.0,
0.0,
15.0,
150.0,
255.0,
235.0,
115.0,
13.0,
6.0,
0.0,
104.0,
224.0,
238.0,
44.0,
0.0,
15.0,
0.0,
0.0,
0.0,
0.0,
0.0,
0.0,
0.0,
0.0,
0.0,
0.0,
0.0,
0.0,
0.0,
0.0,
101.0,
255.0,
233.0,
130.0,
0.0,
0.0,
0.0,
103.0,
240.0,
253.0,
247.0,
67.0,
4.0,
2.0,
10.0,
1.0,
0.0,
0.0,
0.0,
0.0,
0.0,
0.0,
0.0,
0.0,
0.0,
0.0,
0.0,
0.0,
188.0,
255.0,
176.0,
2.0,
46.0,
114.0,
177.0,
254.0,
252.0,
255.0,
172.0,
2.0,
7.0,
0.0,
2.0,
9.0,
0.0,
0.0,
0.0,
0.0,
0.0,
0.0,
0.0,
0.0,
0.0,
0.0,
0.0,
0.0,
143.0,
231.0,
247.0,
192.0,
249.0,
255.0,
242.0,
255.0,
255.0,
229.0,
41.0,
0.0,
0.0,
9.0,
2.0,
0.0,
0.0,
0.0,
0.0,
0.0,
0.0,
0.0,
0.0,
0.0,
0.0,
0.0,
0.0,
0.0,
85.0,
224.0,
255.0,
255.0,
249.0,
245.0,
233.0,
255.0,
255.0,
52.0,
0.0,
10.0,
0.0,
1.0,
3.0,
1.0,
0.0,
0.0,
0.0,
0.0,
0.0,
0.0,
0.0,
0.0,
0.0,
0.0,
0.0,
0.0,
1.0,
17.0,
13.0,
0.0,
26.0,
36.0,
255.0,
251.0,
174.0,
20.0,
0.0,
7.0,
0.0,
3.0,
1.0,
1.0,
0.0,
0.0,
0.0,
0.0,
0.0,
0.0,
0.0,
0.0,
0.0,
0.0,
0.0,
0.0,
0.0,
0.0,
0.0,
15.0,
16.0,
142.0,
255.0,
255.0,
73.0,
0.0,
0.0,
5.0,
0.0,
5.0,
0.0,
1.0,
0.0,
0.0,
0.0,
0.0,
0.0,
0.0,
0.0,
0.0,
0.0,
0.0,
0.0,
0.0,
0.0,
0.0,
2.0,
0.0,
30.0,
253.0,
254.0,
212.0,
14.0,
0.0,
2.0,
3.0,
2.0,
6.0,
0.0,
0.0,
0.0,
0.0,
0.0,
0.0,
0.0,
0.0,
0.0,
0.0,
0.0,
0.0,
0.0,
0.0,
8.0,
0.0,
20.0,
8.0,
163.0,
243.0,
255.0,
40.0,
0.0,
1.0,
6.0,
0.0,
1.0,
5.0,
0.0,
1.0,
0.0,
0.0,
0.0,
0.0,
0.0,
0.0,
0.0,
0.0,
0.0,
0.0,
0.0,
0.0,
0.0,
2.0,
0.0,
77.0,
252.0,
255.0,
212.0,
24.0,
0.0,
6.0,
1.0,
0.0,
0.0,
1.0,
0.0,
4.0,
0.0,
0.0,
0.0,
0.0,
0.0,
0.0,
0.0,
0.0,
0.0,
0.0,
0.0,
0.0,
0.0,
21.0,
22.0,
195.0,
255.0,
236.0,
27.0,
0.0,
0.0,
3.0,
0.0,
0.0,
0.0,
0.0,
0.0,
4.0,
0.0,
0.0,
0.0,
0.0,
0.0,
0.0,
0.0,
0.0,
0.0,
0.0,
0.0,
0.0,
1.0,
0.0,
114.0,
255.0,
255.0,
145.0,
0.0,
5.0,
0.0,
0.0,
0.0,
4.0,
3.0,
0.0,
0.0,
3.0,
0.0,
0.0,
0.0,
0.0,
0.0,
0.0,
0.0,
0.0,
0.0,
0.0,
0.0,
0.0,
1.0,
0.0,
234.0,
254.0,
219.0,
15.0,
5.0,
0.0,
0.0,
0.0,
0.0,
0.0,
0.0,
0.0,
0.0,
0.0,
0.0,
0.0,
0.0,
0.0,
0.0,
0.0,
0.0,
0.0,
0.0,
0.0,
0.0,
0.0,
0.0,
24.0,
218.0,
225.0,
148.0,
0.0,
0.0,
9.0,
0.0,
0.0,
0.0,
0.0,
0.0,
0.0,
0.0,
0.0,
0.0,
0.0,
0.0,
0.0,
0.0,
0.0,
0.0,
0.0,
0.0,
0.0,
0.0,
0.0,
19.0,
0.0,
0.0,
3.0,
0.0,
6.0,
0.0,
0.0,
0.0,
0.0,
0.0,
0.0,
0.0,
0.0,
0.0,
0.0,
0.0,
0.0,
0.0,
0.0,
0.0,
0.0,
0.0,
0.0,
0.0,
0.0,
0.0,
0.0,
0.0,
0.0,
7.0,
13.0,
0.0,
9.0,
0.0,
7.0,
0.0,
0.0,
0.0,
0.0,
0.0,
0.0,
0.0,
0.0,
0.0,
0.0,
0.0,
0.0,
