0.0,
0.0,
1.0,
0.0,
4.0,
11.0,
7.0,
0.0,
0.0,
0.0,
0.0,
0.0,
1.0,
0.0,
0.0,
0.0,
0.0,
0.0,
0.0,
5.0,
5.0,
0.0,
0.0,
1.0,
0.0,
0.0,
0.0,
0.0,
5.0,
7.0,
4.0,
0.0,
0.0,
0.0,
0.0,
1.0,
0.0,
1.0,
5.0,
3.0,
0.0,
0.0,
0.0,
4.0,
6.0,
0.0,
0.0,
0.0,
0.0,
0.0,
0.0,
0.0,
0.0,
0.0,
0.0,
0.0,
1.0,
0.0,
0.0,
3.0,
7.0,
5.0,
5.0,
9.0,
4.0,
0.0,
0.0,
0.0,
1.0,
2.0,
0.0,
0.0,
0.0,
0.0,
0.0,
2.0,
6.0,
9.0,
5.0,
0.0,
0.0,
0.0,
0.0,
0.0,
0.0,
0.0,
0.0,
1.0,
0.0,
0.0,
0.0,
0.0,
0.0,
0.0,
0.0,
0.0,
0.0,
2.0,
3.0,
2.0,
0.0,
0.0,
2.0,
0.0,
0.0,
0.0,
0.0,
0.0,
0.0,
0.0,
0.0,
0.0,
0.0,
9.0,
12.0,
0.0,
0.0,
0.0,
4.0,
7.0,
1.0,
8.0,
12.0,
6.0,
0.0,
0.0,
0.0,
7.0,
3.0,
5.0,
5.0,
0.0,
0.0,
0.0,
0.0,
6.0,
0.0,
0.0,
0.0,
0.0,
0.0,
0.0,
0.0,
0.0,
5.0,
9.0,
3.0,
0.0,
5.0,
0.0,
0.0,
0.0,
0.0,
4.0,
3.0,
0.0,
0.0,
0.0,
0.0,
3.0,
8.0,
1.0,
0.0,
6.0,
0.0,
0.0,
0.0,
0.0,
8.0,
0.0,
0.0,
0.0,
0.0,
0.0,
0.0,
3.0,
2.0,
53.0,
139.0,
224.0,
255.0,
255.0,
220.0,
180.0,
83.0,
30.0,
0.0,
0.0,
5.0,
0.0,
0.0,
0.0,
0.0,
0.0,
0.0,
0.0,
0.0,
0.0,
6.0,
15.0,
0.0,
0.0,
55.0,
140.0,
223.0,
243.0,
255.0,
247.0,
222.0,
208.0,
217.0,
234.0,
255.0,
149.0,
37.0,
0.0,
0.0,
0.0,
0.0,
3.0,
0.0,
0.0,
0.0,
0.0,
2.0,
0.0,
0.0,
1.0,
15.0,
33.0,
255.0,
251.0,
254.0,
247.0,
185.0,
88.0,
37.0,
0.0,
0.0,
56.0,
215.0,
253.0,
205.0,
27.0,
2.0,
0.0,
0.0,
2.0,
0.0,
0.0,
0.0,
0.0,
0.0,
6.0,
3.0,
0.0,
0.0,
114.0,
250.0,
251.0,
93.0,
37.0,
0.0,
14.0,
0.0,
0.0,
32.0,
0.0,
84.0,
248.0,
242.0,
205.0,
66.0,
0.0,
20.0,
0.0,
0.0,
0.0,
0.0,
0.0,
0.0,
3.0,
4.0,
0.0,
0.0,
189.0,
251.0,
255.0,
7.0,
0.0,
6.0,
0.0,
1.0,
10.0,
0.0,
14.0,
0.0,
230.0,
255.0,
244.0,
189.0,
26.0,
0.0,
0.0,
0.0,
0.0,
0.0,
0.0,
0.0,
0.0,
0.0,
11.0,
0.0,
176.0,
255.0,
246.0,
0.0,
0.0,
7.0,
19.0,
0.0,
0.0,
8.0,
0.0,
0.0,
181.0,
255.0,
244.0,
181.0,
0.0,
0.0,
7.0,
0.0,
0.0,
0.0,
0.0,
4.0,
0.0,
0.0,
8.0,
1.0,
108.0,
255.0,
240.0,
33.0,
0.0,
0.0,
6.0,
8.0,
0.0,
3.0,
0.0,
64.0,
248.0,
236.0,
255.0,
174.0,
0.0,
18.0,
0.0,
0.0,
0.0,
0.0,
0.0,
0.0,
1.0,
5.0,
0.0,
2.0,
59.0,
255.0,
255.0,
196.0,
42.0,
1.0,
0.0,
0.0,
9.0,
0.0,
4.0,
74.0,
239.0,
254.0,
248.0,
180.0,
11.0,
0.0,
0.0,
0.0,
0.0,
0.0,
0.0,
0.0,
0.0,
5.0,
0.0,
4.0,
27.0,
152.0,
255.0,
251.0,
200.0,
33.0,
0.0,
25.0,
0.0,
0.0,
0.0,
0.0,
116.0,
255.0,
250.0,
86.0,
0.0,
7.0,
2.0,
0.0,
0.0,
0.0,
0.0,
12.0,
0.0,
0.0,
4.0,
1.0,
0.0,
17.0,
227.0,
252.0,
255.0,
231.0,
97.0,
0.0,
0.0,
4.0,
8.0,
2.0,
171.0,
243.0,
255.0,
57.0,
9.0,
0.0,
0.0,
0.0,
0.0,
0.0,
0.0,
0.0,
0.0,
0.0,
0.0,
0.0,
0.0,
0.0,
0.0,
186.0,
234.0,
255.0,
250.0,
200.0,
140.0,
74.0,
22.0,
108.0,
255.0,
255.0,
248.0,
63.0,
7.0,
0.0,
0.0,
0.0,
0.0,
0.0,
0.0,
0.0,
0.0,
0.0,
0.0,
0.0,
0.0,
0.0,
0.0,
11.0,
109.0,
215.0,
255.0,
251.0,
241.0,
245.0,
251.0,
248.0,
251.0,
253.0,
255.0,
78.0,
0.0,
3.0,
0.0,
0.0,
0.0,
0.0,
0.0,
0.0,
0.0,
0.0,
0.0,
0.0,
0.0,
0.0,
0.0,
0.0,
2.0,
31.0,
94.0,
176.0,
238.0,
255.0,
255.0,
255.0,
237.0,
255.0,
255.0,
64.0,
0.0,
15.0,
0.0,
0.0,
0.0,
0.0,
0.0,
0.0,
0.0,
0.0,
0.0,
0.0,
0.0,
0.0,
0.0,
0.0,
0.0,
0.0,
0.0,
1.0,
11.0,
30.0,
47.0,
44.0,
157.0,
227.0,
218.0,
10.0,
1.0,
2.0,
2.0,
0.0,
0.0,
0.0,
0.0,
0.0,
0.0,
0.0,
0.0,
0.0,
0.0,
0.0,
0.0,
4.0,
0.0,
0.0,
1.0,
8.0,
7.0,
5.0,
5.0,
2.0,
214.0,
255.0,
192.0,
12.0,
5.0,
0.0,
4.0,
0.0,
0.0,
0.0,
0.0,
0.0,
0.0,
0.0,
0.0,
0.0,
0.0,
0.0,
0.0,
6.0,
4.0,
1.0,
0.0,
0.0,
0.0,
0.0,
1.0,
0.0,
236.0,
249.0,
104.0,
0.0,
9.0,
7.0,
4.0,
0.0,
0.0,
0.0,
0.0,
0.0,
0.0,
0.0,
0.0,
0.0,
0.0,
0.0,
0.0,
0.0,
0.0,
0.0,
4.0,
8.0,
8.0,
1.0,
0.0,
54.0,
255.0,
251.0,
118.0,
0.0,
0.0,
13.0,
0.0,
0.0,
0.0,
0.0,
0.0,
0.0,
0.0,
0.0,
0.0,
0.0,
0.0,
0.0,
0.0,
1.0,
8.0,
8.0,
0.0,
0.0,
0.0,
1.0,
2.0,
99.0,
246.0,
252.0,
224.0,
20.0,
0.0,
12.0,
2.0,
0.0,
0.0,
0.0,
0.0,
0.0,
0.0,
0.0,
0.0,
0.0,
0.0,
0.0,
0.0,
0.0,
0.0,
0.0,
0.0,
0.0,
0.0,
0.0,
0.0,
56.0,
255.0,
241.0,
246.0,
41.0,
1.0,
14.0,
0.0,
0.0,
0.0,
0.0,
0.0,
0.0,
0.0,
0.0,
0.0,
0.0,
0.0,
0.0,
0.0,
0.0,
0.0,
0.0,
0.0,
0.0,
0.0,
0.0,
0.0,
3.0,
71.0,
255.0,
77.0,
13.0,
0.0,
0.0,
24.0,
0.0,
0.0,
0.0,
0.0,
0.0,
0.0,
0.0,
0.0,
0.0,
0.0,
0.0,
0.0,
0.0,
0.0,
0.0,
0.0,
0.0,
0.0,
0.0,
0.0,
0.0,
0.0,
10.0,
2.0,
7.0,
10.0,
3.0,
0.0,
0.0,
0.0,
0.0,
0.0,
0.0,
0.0,
0.0,
0.0,
0.0,
0.0,
0.0,
0.0,
0.0,
0.0,
0.0,
0.0,
0.0,
0.0,
0.0,
0.0,
0.0,
0.0,
0.0,
12.0,
1.0,
0.0,
9.0,
13.0,
0.0,
0.0,
0.0,
0.0,
