1.0,
3.0,
0.0,
0.0,
0.0,
0.0,
0.0,
0.0,
0.0,
0.0,
6.0,
0.0,
0.0,
4.0,
2.0,
0.0,
3.0,
3.0,
4.0,
0.0,
3.0,
4.0,
0.0,
0.0,
0.0,
0.0,
0.0,
0.0,
0.0,
0.0,
3.0,
2.0,
2.0,
5.0,
4.0,
1.0,
9.0,
0.0,
0.0,
0.0,
6.0,
5.0,
0.0,
0.0,
0.0,
0.0,
0.0,
0.0,
0.0,
4.0,
3.0,
6.0,
0.0,
0.0,
0.0,
0.0,
0.0,
0.0,
4.0,
2.0,
0.0,
0.0,
0.0,
0.0,
0.0,
7.0,
13.0,
4.0,
0.0,
1.0,
2.0,
0.0,
4.0,
1.0,
5.0,
9.0,
2.0,
1.0,
2.0,
0.0,
0.0,
0.0,
0.0,
0.0,
3.0,
2.0,
0.0,
0.0,
0.0,
0.0,
0.0,
0.0,
14.0,
0.0,
0.0,
0.0,
0.0,
0.0,
1.0,
12.0,
0.0,
0.0,
0.0,
6.0,
0.0,
0.0,
6.0,
0.0,
0.0,
0.0,
0.0,
0.0,
3.0,
0.0,
0.0,
0.0,
2.0,
4.0,
4.0,
3.0,
0.0,
14.0,
0.0,
16.0,
0.0,
0.0,
0.0,
0.0,
0.0,
7.0,
0.0,
4.0,
0.0,
0.0,
7.0,
1.0,
0.0,
0.0,
0.0,
0.0,
1.0,
0.0,
0.0,
1.0,
3.0,
0.0,
0.0,
0.0,
0.0,
8.0,
0.0,
12.0,
0.0,
0.0,
9.0,
11.0,
0.0,
11.0,
0.0,
0.0,
11.0,
0.0,
1.0,
0.0,
0.0,
0.0,
0.0,
0.0,
1.0,
0.0,
0.0,
0.0,
0.0,
0.0,
2.0,
13.0,
1.0,
27.0,
68.0,
230.0,
255.0,
255.0,
244.0,
249.0,
61.0,
61.0,
0.0,
0.0,
11.0,
0.0,
1.0,
0.0,
0.0,
0.0,
0.0,
0.0,
0.0,
0.0,
0.0,
0.0,
0.0,
5.0,
32.0,
59.0,
74.0,
205.0,
242.0,
255.0,
228.0,
254.0,
255.0,
247.0,
255.0,
217.0,
64.0,
0.0,
10.0,
0.0,
0.0,
4.0,
0.0,
0.0,
0.0,
0.0,
2.0,
0.0,
10.0,
0.0,
6.0,
34.0,
152.0,
255.0,
255.0,
252.0,
249.0,
255.0,
255.0,
255.0,
255.0,
243.0,
255.0,
247.0,
195.0,
4.0,
0.0,
0.0,
5.0,
0.0,
0.0,
0.0,
0.0,
0.0,
0.0,
15.0,
0.0,
5.0,
1.0,
70.0,
232.0,
253.0,
249.0,
253.0,
247.0,
255.0,
242.0,
240.0,
247.0,
255.0,
254.0,
255.0,
207.0,
1.0,
3.0,
4.0,
0.0,
4.0,
0.0,
0.0,
0.0,
0.0,
0.0,
0.0,
1.0,
0.0,
3.0,
51.0,
255.0,
255.0,
243.0,
255.0,
251.0,
255.0,
255.0,
255.0,
238.0,
255.0,
243.0,
101.0,
59.0,
0.0,
96.0,
140.0,
64.0,
3.0,
0.0,
0.0,
0.0,
0.0,
0.0,
6.0,
11.0,
9.0,
22.0,
221.0,
255.0,
223.0,
255.0,
247.0,
255.0,
195.0,
43.0,
140.0,
255.0,
247.0,
97.0,
0.0,
9.0,
67.0,
210.0,
254.0,
219.0,
180.0,
0.0,
0.0,
0.0,
0.0,
0.0,
0.0,
5.0,
0.0,
49.0,
245.0,
246.0,
255.0,
240.0,
66.0,
8.0,
40.0,
3.0,
5.0,
13.0,
25.0,
0.0,
1.0,
5.0,
88.0,
255.0,
255.0,
247.0,
255.0,
0.0,
0.0,
0.0,
0.0,
19.0,
0.0,
0.0,
7.0,
252.0,
255.0,
254.0,
250.0,
255.0,
54.0,
0.0,
5.0,
0.0,
2.0,
4.0,
0.0,
11.0,
0.0,
0.0,
120.0,
255.0,
243.0,
244.0,
234.0,
0.0,
0.0,
0.0,
0.0,
0.0,
16.0,
1.0,
10.0,
240.0,
255.0,
250.0,
245.0,
245.0,
59.0,
0.0,
0.0,
9.0,
0.0,
0.0,
22.0,
0.0,
21.0,
132.0,
244.0,
255.0,
233.0,
255.0,
203.0,
0.0,
0.0,
0.0,
0.0,
4.0,
0.0,
1.0,
0.0,
255.0,
250.0,
253.0,
255.0,
255.0,
35.0,
12.0,
2.0,
0.0,
4.0,
25.0,
0.0,
2.0,
110.0,
240.0,
255.0,
247.0,
250.0,
181.0,
5.0,
0.0,
0.0,
0.0,
0.0,
0.0,
9.0,
0.0,
6.0,
122.0,
243.0,
255.0,
244.0,
251.0,
163.0,
23.0,
0.0,
5.0,
0.0,
7.0,
0.0,
9.0,
237.0,
251.0,
248.0,
248.0,
255.0,
63.0,
0.0,
0.0,
0.0,
0.0,
0.0,
0.0,
0.0,
9.0,
0.0,
18.0,
130.0,
236.0,
253.0,
255.0,
238.0,
190.0,
181.0,
113.0,
2.0,
0.0,
14.0,
143.0,
236.0,
255.0,
255.0,
249.0,
239.0,
68.0,
0.0,
0.0,
0.0,
0.0,
0.0,
0.0,
1.0,
5.0,
2.0,
0.0,
16.0,
126.0,
252.0,
243.0,
255.0,
247.0,
247.0,
242.0,
217.0,
212.0,
189.0,
247.0,
254.0,
255.0,
243.0,
233.0,
151.0,
0.0,
1.0,
0.0,
0.0,
0.0,
0.0,
10.0,
0.0,
0.0,
0.0,
3.0,
4.0,
90.0,
230.0,
226.0,
254.0,
252.0,
255.0,
250.0,
236.0,
255.0,
255.0,
251.0,
249.0,
250.0,
254.0,
255.0,
107.0,
0.0,
6.0,
0.0,
0.0,
0.0,
0.0,
0.0,
0.0,
11.0,
17.0,
0.0,
0.0,
4.0,
0.0,
1.0,
128.0,
203.0,
197.0,
189.0,
205.0,
209.0,
182.0,
244.0,
250.0,
249.0,
255.0,
222.0,
62.0,
17.0,
0.0,
0.0,
0.0,
0.0,
0.0,
8.0,
3.0,
0.0,
0.0,
0.0,
9.0,
13.0,
0.0,
12.0,
4.0,
0.0,
4.0,
8.0,
0.0,
0.0,
7.0,
136.0,
255.0,
251.0,
235.0,
184.0,
29.0,
0.0,
0.0,
0.0,
0.0,
0.0,
0.0,
2.0,
10.0,
0.0,
0.0,
16.0,
0.0,
0.0,
8.0,
0.0,
4.0,
0.0,
0.0,
0.0,
12.0,
3.0,
0.0,
0.0,
243.0,
255.0,
251.0,
241.0,
108.0,
2.0,
9.0,
0.0,
0.0,
0.0,
0.0,
0.0,
0.0,
8.0,
9.0,
0.0,
0.0,
11.0,
0.0,
0.0,
4.0,
8.0,
0.0,
0.0,
0.0,
0.0,
2.0,
6.0,
234.0,
255.0,
253.0,
251.0,
183.0,
42.0,
0.0,
0.0,
0.0,
0.0,
0.0,
0.0,
0.0,
0.0,
0.0,
0.0,
0.0,
0.0,
0.0,
0.0,
0.0,
0.0,
0.0,
0.0,
0.0,
0.0,
0.0,
0.0,
86.0,
244.0,
255.0,
242.0,
251.0,
77.0,
0.0,
0.0,
0.0,
0.0,
0.0,
0.0,
0.0,
0.0,
0.0,
0.0,
0.0,
0.0,
0.0,
0.0,
0.0,
0.0,
0.0,
0.0,
0.0,
0.0,
0.0,
3.0,
5.0,
80.0,
249.0,
255.0,
245.0,
55.0,
3.0,
0.0,
0.0,
0.0,
0.0,
0.0,
0.0,
0.0,
0.0,
0.0,
0.0,
0.0,
0.0,
0.0,
0.0,
0.0,
0.0,
0.0,
0.0,
0.0,
0.0,
0.0,
5.0,
0.0,
9.0,
0.0,
4.0,
6.0,
8.0,
0.0,
0.0,
0.0,
0.0,
0.0,
0.0,
0.0,
0.0,
0.0,
0.0,
0.0,
0.0,
0.0,
0.0,
0.0,
0.0,
0.0,
0.0,
0.0,
0.0,
10.0,
7.0,
0.0,
0.0,
4.0,
0.0,
3.0,
0.0,
0.0,
0.0,
0.0,
0.0,
