0.0,
0.0,
0.0,
0.0,
0.0,
0.0,
0.0,
0.0,
0.0,
10.0,
0.0,
0.0,
6.0,
0.0,
0.0,
10.0,
0.0,
0.0,
2.0,
1.0,
7.0,
3.0,
0.0,
3.0,
0.0,
0.0,
0.0,
0.0,
0.0,
0.0,
0.0,
0.0,
0.0,
0.0,
0.0,
0.0,
12.0,
0.0,
1.0,
22.0,
0.0,
0.0,
14.0,
0.0,
12.0,
0.0,
3.0,
8.0,
0.0,
0.0,
0.0,
10.0,
0.0,
0.0,
0.0,
0.0,
0.0,
0.0,
0.0,
0.0,
0.0,
0.0,
0.0,
0.0,
6.0,
2.0,
0.0,
0.0,
0.0,
17.0,
14.0,
0.0,
0.0,
7.0,
0.0,
0.0,
2.0,
6.0,
3.0,
0.0,
0.0,
0.0,
0.0,
0.0,
0.0,
0.0,
0.0,
0.0,
0.0,
0.0,
0.0,
0.0,
0.0,
12.0,
6.0,
0.0,
9.0,
0.0,
0.0,
17.0,
0.0,
8.0,
0.0,
3.0,
6.0,
3.0,
5.0,
0.0,
0.0,
0.0,
0.0,
0.0,
0.0,
0.0,
0.0,
0.0,
0.0,
0.0,
0.0,
0.0,
0.0,
6.0,
5.0,
0.0,
0.0,
5.0,
0.0,
0.0,
8.0,
0.0,
0.0,
13.0,
0.0,
0.0,
7.0,
10.0,
0.0,
0.0,
0.0,
0.0,
0.0,
0.0,
0.0,
0.0,
0.0,
0.0,
0.0,
0.0,
0.0,
12.0,
0.0,
0.0,
6.0,
6.0,
0.0,
10.0,
0.0,
21.0,
17.0,
0.0,
11.0,
20.0,
0.0,
0.0,
0.0,
0.0,
0.0,
0.0,
0.0,
0.0,
0.0,
0.0,
0.0,
0.0,
0.0,
0.0,
0.0,
0.0,
0.0,
15.0,
15.0,
0.0,
41.0,
163.0,
254.0,
242.0,
174.0,
28.0,
0.0,
12.0,
0.0,
14.0,
0.0,
0.0,
0.0,
0.0,
0.0,
0.0,
0.0,
0.0,
0.0,
0.0,
0.0,
0.0,
4.0,
0.0,
8.0,
0.0,
0.0,
101.0,
221.0,
221.0,
124.0,
71.0,
186.0,
153.0,
0.0,
0.0,
6.0,
0.0,
0.0,
0.0,
0.0,
0.0,
0.0,
0.0,
0.0,
0.0,
0.0,
0.0,
0.0,
0.0,
4.0,
5.0,
0.0,
0.0,
55.0,
234.0,
210.0,
63.0,
8.0,
0.0,
7.0,
194.0,
56.0,
0.0,
12.0,
0.0,
0.0,
0.0,
0.0,
0.0,
0.0,
0.0,
0.0,
0.0,
0.0,
0.0,
0.0,
0.0,
0.0,
0.0,
22.0,
10.0,
241.0,
236.0,
49.0,
0.0,
0.0,
0.0,
1.0,
37.0,
0.0,
18.0,
0.0,
0.0,
0.0,
0.0,
0.0,
0.0,
0.0,
0.0,
0.0,
0.0,
0.0,
0.0,
0.0,
0.0,
4.0,
2.0,
0.0,
196.0,
247.0,
36.0,
7.0,
0.0,
4.0,
0.0,
69.0,
121.0,
9.0,
11.0,
0.0,
23.0,
0.0,
0.0,
0.0,
0.0,
0.0,
0.0,
0.0,
0.0,
0.0,
0.0,
0.0,
0.0,
10.0,
0.0,
35.0,
216.0,
108.0,
0.0,
0.0,
3.0,
0.0,
26.0,
193.0,
255.0,
0.0,
0.0,
24.0,
0.0,
0.0,
0.0,
0.0,
0.0,
0.0,
0.0,
0.0,
0.0,
0.0,
0.0,
0.0,
0.0,
0.0,
0.0,
196.0,
171.0,
22.0,
3.0,
0.0,
18.0,
43.0,
179.0,
247.0,
150.0,
0.0,
4.0,
1.0,
0.0,
0.0,
0.0,
0.0,
0.0,
0.0,
0.0,
0.0,
0.0,
0.0,
0.0,
0.0,
0.0,
4.0,
64.0,
218.0,
96.0,
0.0,
0.0,
8.0,
1.0,
177.0,
242.0,
255.0,
73.0,
0.0,
0.0,
2.0,
9.0,
0.0,
0.0,
0.0,
0.0,
0.0,
0.0,
0.0,
0.0,
0.0,
0.0,
0.0,
0.0,
0.0,
155.0,
232.0,
20.0,
15.0,
121.0,
149.0,
227.0,
159.0,
255.0,
208.0,
9.0,
3.0,
7.0,
0.0,
0.0,
0.0,
0.0,
0.0,
0.0,
0.0,
0.0,
0.0,
0.0,
0.0,
0.0,
0.0,
0.0,
0.0,
84.0,
255.0,
226.0,
238.0,
232.0,
153.0,
19.0,
109.0,
244.0,
83.0,
0.0,
4.0,
0.0,
0.0,
8.0,
0.0,
0.0,
0.0,
0.0,
0.0,
0.0,
0.0,
0.0,
0.0,
0.0,
0.0,
0.0,
13.0,
0.0,
72.0,
156.0,
116.0,
0.0,
4.0,
17.0,
201.0,
185.0,
0.0,
0.0,
12.0,
0.0,
0.0,
3.0,
0.0,
0.0,
0.0,
0.0,
0.0,
0.0,
0.0,
0.0,
0.0,
0.0,
0.0,
0.0,
0.0,
5.0,
7.0,
9.0,
15.0,
0.0,
0.0,
97.0,
219.0,
72.0,
3.0,
0.0,
0.0,
6.0,
0.0,
0.0,
0.0,
0.0,
0.0,
0.0,
0.0,
0.0,
0.0,
0.0,
0.0,
0.0,
0.0,
0.0,
16.0,
0.0,
8.0,
0.0,
0.0,
8.0,
57.0,
220.0,
165.0,
0.0,
9.0,
0.0,
0.0,
6.0,
1.0,
0.0,
0.0,
0.0,
0.0,
0.0,
0.0,
0.0,
0.0,
0.0,
0.0,
0.0,
0.0,
0.0,
0.0,
4.0,
4.0,
10.0,
6.0,
16.0,
148.0,
236.0,
51.0,
0.0,
6.0,
0.0,
9.0,
0.0,
7.0,
0.0,
0.0,
0.0,
0.0,
0.0,
0.0,
0.0,
0.0,
0.0,
0.0,
0.0,
0.0,
0.0,
0.0,
18.0,
0.0,
11.0,
0.0,
102.0,
255.0,
90.0,
0.0,
13.0,
0.0,
0.0,
9.0,
0.0,
4.0,
0.0,
0.0,
0.0,
0.0,
0.0,
0.0,
0.0,
0.0,
0.0,
0.0,
0.0,
0.0,
0.0,
12.0,
0.0,
0.0,
2.0,
28.0,
239.0,
189.0,
0.0,
8.0,
0.0,
0.0,
8.0,
0.0,
5.0,
0.0,
0.0,
0.0,
0.0,
0.0,
0.0,
0.0,
0.0,
0.0,
0.0,
0.0,
0.0,
0.0,
0.0,
0.0,
10.0,
0.0,
29.0,
184.0,
196.0,
0.0,
2.0,
15.0,
0.0,
0.0,
10.0,
0.0,
4.0,
0.0,
0.0,
0.0,
0.0,
0.0,
0.0,
0.0,
0.0,
0.0,
0.0,
0.0,
0.0,
0.0,
0.0,
0.0,
6.0,
1.0,
158.0,
252.0,
10.0,
2.0,
8.0,
0.0,
10.0,
0.0,
2.0,
7.0,
0.0,
8.0,
2.0,
0.0,
0.0,
0.0,
0.0,
0.0,
0.0,
0.0,
0.0,
0.0,
0.0,
0.0,
0.0,
0.0,
0.0,
115.0,
253.0,
62.0,
6.0,
0.0,
6.0,
0.0,
0.0,
0.0,
0.0,
0.0,
0.0,
0.0,
0.0,
0.0,
0.0,
0.0,
0.0,
0.0,
0.0,
0.0,
0.0,
0.0,
0.0,
0.0,
0.0,
7.0,
47.0,
255.0,
79.0,
0.0,
0.0,
8.0,
0.0,
0.0,
0.0,
0.0,
0.0,
0.0,
0.0,
0.0,
0.0,
0.0,
0.0,
0.0,
0.0,
0.0,
0.0,
0.0,
0.0,
0.0,
0.0,
0.0,
0.0,
0.0,
2.0,
0.0,
4.0,
8.0,
0.0,
4.0,
4.0,
0.0,
0.0,
0.0,
0.0,
0.0,
0.0,
0.0,
0.0,
0.0,
0.0,
0.0,
0.0,
0.0,
0.0,
0.0,
0.0,
0.0,
0.0,
0.0,
0.0,
0.0,
26.0,
3.0,
0.0,
0.0,
9.0,
0.0,
4.0,
0.0,
0.0,
0.0,
0.0,
0.0,
0.0,
0.0,
0.0,
0.0,
0.0,
0.0,
0.0,
