0.0,
0.0,
0.0,
0.0,
0.0,
0.0,
0.0,
0.0,
0.0,
0.0,
0.0,
0.0,
9.0,
13.0,
0.0,
5.0,
0.0,
0.0,
4.0,
5.0,
0.0,
0.0,
4.0,
0.0,
0.0,
0.0,
0.0,
0.0,
0.0,
0.0,
0.0,
0.0,
0.0,
0.0,
0.0,
0.0,
3.0,
0.0,
3.0,
5.0,
0.0,
0.0,
0.0,
0.0,
1.0,
0.0,
0.0,
0.0,
0.0,
3.0,
5.0,
0.0,
0.0,
0.0,
0.0,
0.0,
0.0,
0.0,
0.0,
0.0,
0.0,
0.0,
0.0,
0.0,
0.0,
6.0,
0.0,
14.0,
7.0,
0.0,
16.0,
9.0,
1.0,
0.0,
0.0,
0.0,
0.0,
3.0,
8.0,
0.0,
0.0,
0.0,
0.0,
0.0,
0.0,
0.0,
0.0,
0.0,
0.0,
0.0,
0.0,
0.0,
13.0,
0.0,
5.0,
0.0,
1.0,
9.0,
0.0,
3.0,
4.0,
1.0,
5.0,
1.0,
0.0,
0.0,
6.0,
0.0,
0.0,
0.0,
0.0,
0.0,
0.0,
0.0,
0.0,
0.0,
0.0,
0.0,
0.0,
0.0,
2.0,
4.0,
0.0,
3.0,
7.0,
0.0,
21.0,
0.0,
0.0,
0.0,
7.0,
11.0,
0.0,
0.0,
0.0,
0.0,
0.0,
0.0,
0.0,
0.0,
0.0,
0.0,
0.0,
0.0,
0.0,
0.0,
0.0,
0.0,
0.0,
3.0,
38.0,
188.0,
245.0,
235.0,
217.0,
48.0,
11.0,
0.0,
0.0,
3.0,
3.0,
0.0,
0.0,
0.0,
0.0,
0.0,
0.0,
0.0,
0.0,
0.0,
0.0,
0.0,
0.0,
0.0,
0.0,
0.0,
0.0,
62.0,
214.0,
249.0,
241.0,
255.0,
251.0,
255.0,
110.0,
37.0,
0.0,
0.0,
1.0,
0.0,
1.0,
3.0,
0.0,
0.0,
0.0,
0.0,
0.0,
0.0,
0.0,
0.0,
0.0,
0.0,
0.0,
0.0,
47.0,
241.0,
255.0,
255.0,
226.0,
152.0,
207.0,
255.0,
242.0,
120.0,
18.0,
0.0,
1.0,
0.0,
0.0,
0.0,
0.0,
0.0,
0.0,
0.0,
0.0,
0.0,
0.0,
0.0,
0.0,
0.0,
0.0,
0.0,
62.0,
241.0,
255.0,
161.0,
0.0,
5.0,
10.0,
168.0,
255.0,
236.0,
67.0,
0.0,
11.0,
0.0,
0.0,
3.0,
0.0,
0.0,
0.0,
0.0,
0.0,
0.0,
0.0,
0.0,
0.0,
0.0,
0.0,
0.0,
75.0,
255.0,
255.0,
49.0,
10.0,
0.0,
0.0,
23.0,
231.0,
250.0,
233.0,
33.0,
0.0,
12.0,
5.0,
0.0,
0.0,
0.0,
0.0,
0.0,
0.0,
0.0,
0.0,
0.0,
0.0,
0.0,
0.0,
0.0,
172.0,
255.0,
255.0,
86.0,
5.0,
14.0,
0.0,
11.0,
119.0,
255.0,
255.0,
55.0,
4.0,
0.0,
0.0,
4.0,
0.0,
0.0,
0.0,
0.0,
0.0,
0.0,
0.0,
0.0,
0.0,
0.0,
0.0,
0.0,
167.0,
247.0,
249.0,
153.0,
0.0,
0.0,
0.0,
7.0,
6.0,
248.0,
242.0,
60.0,
0.0,
4.0,
13.0,
0.0,
0.0,
0.0,
0.0,
0.0,
0.0,
0.0,
0.0,
0.0,
0.0,
0.0,
0.0,
0.0,
51.0,
255.0,
255.0,
244.0,
222.0,
164.0,
172.0,
57.0,
184.0,
243.0,
255.0,
206.0,
99.0,
0.0,
0.0,
9.0,
0.0,
0.0,
0.0,
0.0,
0.0,
0.0,
0.0,
0.0,
0.0,
0.0,
0.0,
0.0,
13.0,
117.0,
246.0,
252.0,
255.0,
249.0,
247.0,
254.0,
253.0,
247.0,
255.0,
240.0,
203.0,
12.0,
11.0,
0.0,
0.0,
0.0,
0.0,
0.0,
0.0,
0.0,
0.0,
0.0,
0.0,
0.0,
0.0,
0.0,
0.0,
7.0,
26.0,
224.0,
252.0,
234.0,
255.0,
255.0,
255.0,
250.0,
244.0,
255.0,
251.0,
0.0,
0.0,
0.0,
0.0,
0.0,
0.0,
0.0,
0.0,
0.0,
0.0,
0.0,
0.0,
0.0,
0.0,
0.0,
8.0,
0.0,
0.0,
6.0,
0.0,
22.0,
1.0,
109.0,
105.0,
129.0,
253.0,
245.0,
132.0,
5.0,
0.0,
7.0,
0.0,
0.0,
0.0,
0.0,
0.0,
2.0,
0.0,
1.0,
0.0,
0.0,
4.0,
0.0,
5.0,
2.0,
0.0,
0.0,
0.0,
0.0,
0.0,
5.0,
3.0,
18.0,
246.0,
254.0,
127.0,
0.0,
5.0,
4.0,
0.0,
0.0,
0.0,
0.0,
1.0,
7.0,
0.0,
0.0,
12.0,
0.0,
0.0,
1.0,
0.0,
0.0,
1.0,
2.0,
1.0,
0.0,
0.0,
0.0,
0.0,
33.0,
255.0,
255.0,
143.0,
1.0,
1.0,
0.0,
0.0,
0.0,
0.0,
0.0,
0.0,
0.0,
0.0,
0.0,
2.0,
0.0,
0.0,
11.0,
10.0,
0.0,
0.0,
0.0,
3.0,
8.0,
4.0,
0.0,
6.0,
12.0,
255.0,
230.0,
135.0,
0.0,
0.0,
7.0,
0.0,
0.0,
0.0,
0.0,
3.0,
0.0,
3.0,
4.0,
0.0,
5.0,
6.0,
0.0,
0.0,
2.0,
8.0,
4.0,
0.0,
0.0,
0.0,
2.0,
0.0,
61.0,
251.0,
254.0,
134.0,
18.0,
0.0,
1.0,
0.0,
0.0,
0.0,
0.0,
5.0,
0.0,
0.0,
0.0,
6.0,
1.0,
0.0,
17.0,
63.0,
90.0,
75.0,
13.0,
0.0,
0.0,
11.0,
0.0,
39.0,
209.0,
255.0,
255.0,
43.0,
0.0,
0.0,
11.0,
0.0,
0.0,
0.0,
0.0,
0.0,
14.0,
2.0,
0.0,
15.0,
0.0,
1.0,
160.0,
245.0,
237.0,
255.0,
245.0,
137.0,
12.0,
11.0,
92.0,
219.0,
255.0,
253.0,
114.0,
0.0,
25.0,
0.0,
0.0,
0.0,
0.0,
0.0,
0.0,
0.0,
6.0,
9.0,
0.0,
5.0,
0.0,
15.0,
170.0,
253.0,
255.0,
255.0,
236.0,
235.0,
255.0,
255.0,
247.0,
255.0,
231.0,
234.0,
49.0,
0.0,
5.0,
0.0,
15.0,
0.0,
0.0,
0.0,
0.0,
13.0,
0.0,
3.0,
1.0,
0.0,
8.0,
0.0,
5.0,
70.0,
140.0,
219.0,
255.0,
255.0,
252.0,
252.0,
255.0,
251.0,
180.0,
16.0,
0.0,
0.0,
0.0,
2.0,
0.0,
0.0,
0.0,
0.0,
0.0,
0.0,
0.0,
0.0,
0.0,
0.0,
0.0,
0.0,
0.0,
0.0,
2.0,
15.0,
40.0,
77.0,
121.0,
160.0,
184.0,
84.0,
25.0,
0.0,
0.0,
10.0,
0.0,
0.0,
1.0,
0.0,
0.0,
0.0,
0.0,
0.0,
0.0,
0.0,
0.0,
0.0,
0.0,
0.0,
0.0,
0.0,
0.0,
0.0,
0.0,
0.0,
0.0,
2.0,
5.0,
14.0,
0.0,
0.0,
0.0,
3.0,
0.0,
0.0,
6.0,
0.0,
0.0,
0.0,
0.0,
0.0,
0.0,
0.0,
0.0,
0.0,
0.0,
0.0,
0.0,
8.0,
8.0,
8.0,
7.0,
5.0,
2.0,
0.0,
0.0,
0.0,
0.0,
8.0,
4.0,
0.0,
1.0,
2.0,
0.0,
0.0,
0.0,
0.0,
0.0,
0.0,
0.0,
0.0,
0.0,
0.0,
0.0,
0.0,
0.0,
0.0,
0.0,
0.0,
0.0,
0.0,
0.0,
0.0,
2.0,
2.0,
9.0,
8.0,
0.0,
0.0,
5.0,
1.0,
0.0,
0.0,
0.0,
0.0,
0.0,
