0.0,
0.0,
0.0,
0.0,
0.0,
0.0,
0.0,
0.0,
1.0,
0.0,
0.0,
0.0,
3.0,
2.0,
0.0,
0.0,
0.0,
0.0,
0.0,
4.0,
3.0,
0.0,
0.0,
4.0,
0.0,
0.0,
0.0,
0.0,
0.0,
0.0,
0.0,
0.0,
0.0,
0.0,
0.0,
0.0,
0.0,
4.0,
8.0,
0.0,
0.0,
0.0,
4.0,
2.0,
5.0,
0.0,
0.0,
0.0,
0.0,
0.0,
0.0,
0.0,
0.0,
0.0,
0.0,
0.0,
0.0,
0.0,
0.0,
0.0,
0.0,
0.0,
0.0,
0.0,
14.0,
4.0,
0.0,
3.0,
6.0,
2.0,
0.0,
0.0,
0.0,
0.0,
0.0,
1.0,
6.0,
9.0,
5.0,
0.0,
0.0,
0.0,
0.0,
0.0,
0.0,
0.0,
0.0,
0.0,
0.0,
0.0,
0.0,
0.0,
0.0,
0.0,
1.0,
3.0,
0.0,
0.0,
0.0,
7.0,
0.0,
0.0,
0.0,
0.0,
0.0,
0.0,
0.0,
0.0,
0.0,
0.0,
0.0,
0.0,
0.0,
0.0,
0.0,
0.0,
0.0,
0.0,
0.0,
0.0,
5.0,
13.0,
9.0,
0.0,
0.0,
11.0,
8.0,
0.0,
5.0,
5.0,
3.0,
0.0,
0.0,
0.0,
0.0,
5.0,
0.0,
0.0,
0.0,
0.0,
0.0,
0.0,
0.0,
0.0,
0.0,
0.0,
0.0,
0.0,
0.0,
0.0,
0.0,
14.0,
11.0,
0.0,
0.0,
1.0,
7.0,
0.0,
0.0,
2.0,
9.0,
4.0,
1.0,
5.0,
0.0,
0.0,
0.0,
0.0,
0.0,
0.0,
0.0,
0.0,
0.0,
0.0,
0.0,
0.0,
11.0,
0.0,
38.0,
141.0,
238.0,
255.0,
245.0,
219.0,
97.0,
37.0,
0.0,
0.0,
6.0,
1.0,
0.0,
0.0,
0.0,
0.0,
0.0,
0.0,
0.0,
0.0,
0.0,
0.0,
0.0,
0.0,
0.0,
0.0,
0.0,
130.0,
246.0,
255.0,
248.0,
255.0,
255.0,
244.0,
255.0,
159.0,
38.0,
0.0,
0.0,
0.0,
0.0,
4.0,
0.0,
0.0,
0.0,
0.0,
0.0,
6.0,
0.0,
0.0,
1.0,
0.0,
25.0,
0.0,
156.0,
234.0,
255.0,
189.0,
60.0,
35.0,
48.0,
78.0,
172.0,
255.0,
186.0,
29.0,
2.0,
0.0,
5.0,
0.0,
0.0,
0.0,
0.0,
0.0,
3.0,
2.0,
0.0,
0.0,
8.0,
4.0,
0.0,
124.0,
255.0,
248.0,
176.0,
11.0,
0.0,
0.0,
0.0,
0.0,
33.0,
152.0,
254.0,
167.0,
14.0,
0.0,
3.0,
5.0,
0.0,
0.0,
0.0,
0.0,
10.0,
0.0,
0.0,
0.0,
7.0,
4.0,
32.0,
243.0,
253.0,
175.0,
18.0,
5.0,
0.0,
10.0,
12.0,
4.0,
0.0,
1.0,
130.0,
239.0,
28.0,
0.0,
1.0,
1.0,
0.0,
0.0,
0.0,
0.0,
3.0,
0.0,
4.0,
0.0,
0.0,
5.0,
168.0,
255.0,
255.0,
32.0,
0.0,
0.0,
0.0,
0.0,
0.0,
0.0,
12.0,
2.0,
32.0,
244.0,
31.0,
5.0,
4.0,
0.0,
0.0,
0.0,
0.0,
0.0,
0.0,
2.0,
1.0,
2.0,
0.0,
43.0,
255.0,
247.0,
168.0,
11.0,
0.0,
0.0,
7.0,
0.0,
20.0,
0.0,
52.0,
155.0,
166.0,
212.0,
18.0,
0.0,
5.0,
0.0,
0.0,
0.0,
0.0,
0.0,
0.0,
8.0,
0.0,
4.0,
4.0,
88.0,
254.0,
251.0,
48.0,
0.0,
21.0,
2.0,
0.0,
15.0,
0.0,
56.0,
161.0,
249.0,
255.0,
82.0,
3.0,
1.0,
0.0,
4.0,
0.0,
0.0,
0.0,
0.0,
2.0,
3.0,
0.0,
2.0,
6.0,
79.0,
240.0,
255.0,
15.0,
0.0,
5.0,
0.0,
26.0,
0.0,
135.0,
240.0,
255.0,
249.0,
210.0,
0.0,
1.0,
1.0,
0.0,
1.0,
0.0,
0.0,
0.0,
0.0,
4.0,
0.0,
4.0,
0.0,
1.0,
35.0,
255.0,
253.0,
90.0,
20.0,
0.0,
7.0,
0.0,
3.0,
172.0,
255.0,
250.0,
255.0,
203.0,
12.0,
7.0,
0.0,
5.0,
1.0,
0.0,
0.0,
0.0,
0.0,
0.0,
0.0,
1.0,
2.0,
0.0,
30.0,
143.0,
255.0,
254.0,
153.0,
69.0,
84.0,
160.0,
223.0,
248.0,
253.0,
232.0,
253.0,
255.0,
68.0,
11.0,
9.0,
0.0,
3.0,
0.0,
0.0,
0.0,
0.0,
4.0,
0.0,
1.0,
2.0,
0.0,
0.0,
52.0,
118.0,
252.0,
255.0,
254.0,
245.0,
255.0,
255.0,
177.0,
69.0,
121.0,
248.0,
250.0,
145.0,
0.0,
0.0,
6.0,
0.0,
0.0,
0.0,
0.0,
0.0,
1.0,
0.0,
0.0,
4.0,
0.0,
0.0,
0.0,
9.0,
123.0,
155.0,
204.0,
215.0,
149.0,
50.0,
0.0,
0.0,
102.0,
255.0,
252.0,
197.0,
0.0,
0.0,
14.0,
0.0,
0.0,
0.0,
0.0,
0.0,
0.0,
0.0,
0.0,
2.0,
7.0,
5.0,
0.0,
0.0,
8.0,
0.0,
0.0,
1.0,
12.0,
11.0,
6.0,
3.0,
105.0,
245.0,
255.0,
196.0,
1.0,
10.0,
0.0,
1.0,
0.0,
0.0,
0.0,
0.0,
1.0,
1.0,
0.0,
0.0,
0.0,
3.0,
3.0,
0.0,
0.0,
15.0,
17.0,
0.0,
0.0,
0.0,
4.0,
0.0,
30.0,
239.0,
255.0,
195.0,
0.0,
5.0,
0.0,
7.0,
0.0,
0.0,
0.0,
0.0,
0.0,
2.0,
3.0,
0.0,
0.0,
0.0,
0.0,
1.0,
0.0,
0.0,
0.0,
12.0,
16.0,
1.0,
0.0,
5.0,
1.0,
255.0,
250.0,
207.0,
0.0,
7.0,
0.0,
0.0,
0.0,
0.0,
0.0,
0.0,
0.0,
0.0,
1.0,
2.0,
0.0,
0.0,
0.0,
3.0,
9.0,
6.0,
0.0,
0.0,
0.0,
1.0,
3.0,
1.0,
23.0,
251.0,
247.0,
205.0,
0.0,
8.0,
2.0,
0.0,
0.0,
0.0,
0.0,
0.0,
3.0,
0.0,
0.0,
2.0,
4.0,
1.0,
0.0,
2.0,
0.0,
0.0,
4.0,
4.0,
2.0,
1.0,
0.0,
0.0,
3.0,
153.0,
248.0,
193.0,
8.0,
0.0,
0.0,
11.0,
0.0,
0.0,
0.0,
0.0,
0.0,
0.0,
0.0,
0.0,
0.0,
0.0,
0.0,
0.0,
0.0,
0.0,
0.0,
0.0,
0.0,
0.0,
0.0,
0.0,
10.0,
71.0,
255.0,
183.0,
6.0,
6.0,
0.0,
0.0,
0.0,
0.0,
0.0,
0.0,
0.0,
0.0,
0.0,
0.0,
0.0,
0.0,
0.0,
0.0,
0.0,
0.0,
0.0,
0.0,
0.0,
0.0,
0.0,
0.0,
0.0,
17.0,
217.0,
175.0,
0.0,
0.0,
8.0,
12.0,
0.0,
0.0,
0.0,
0.0,
0.0,
0.0,
0.0,
0.0,
0.0,
0.0,
0.0,
0.0,
0.0,
0.0,
0.0,
0.0,
0.0,
0.0,
0.0,
0.0,
15.0,
0.0,
13.0,
0.0,
0.0,
13.0,
0.0,
0.0,
0.0,
0.0,
0.0,
0.0,
0.0,
0.0,
0.0,
0.0,
0.0,
0.0,
0.0,
0.0,
0.0,
0.0,
0.0,
0.0,
0.0,
0.0,
0.0,
0.0,
3.0,
10.0,
3.0,
0.0,
5.0,
3.0,
0.0,
21.0,
0.0,
0.0,
0.0,
0.0,
