0.0,
0.0,
0.0,
0.0,
0.0,
0.0,
0.0,
0.0,
9.0,
0.0,
0.0,
1.0,
0.0,
16.0,
0.0,
3.0,
0.0,
0.0,
0.0,
0.0,
1.0,
5.0,
1.0,
0.0,
0.0,
0.0,
0.0,
0.0,
0.0,
0.0,
0.0,
0.0,
0.0,
0.0,
0.0,
0.0,
0.0,
0.0,
11.0,
1.0,
0.0,
4.0,
0.0,
0.0,
4.0,
3.0,
3.0,
1.0,
0.0,
0.0,
0.0,
9.0,
0.0,
0.0,
0.0,
0.0,
0.0,
0.0,
0.0,
0.0,
0.0,
0.0,
0.0,
0.0,
0.0,
0.0,
9.0,
0.0,
0.0,
4.0,
1.0,
2.0,
0.0,
0.0,
0.0,
6.0,
2.0,
0.0,
0.0,
5.0,
0.0,
0.0,
0.0,
0.0,
0.0,
0.0,
0.0,
0.0,
0.0,
0.0,
0.0,
0.0,
10.0,
7.0,
0.0,
2.0,
0.0,
9.0,
0.0,
2.0,
0.0,
0.0,
0.0,
1.0,
5.0,
4.0,
0.0,
0.0,
0.0,
0.0,
0.0,
0.0,
0.0,
0.0,
0.0,
0.0,
0.0,
0.0,
0.0,
0.0,
0.0,
0.0,
0.0,
11.0,
0.0,
6.0,
0.0,
6.0,
4.0,
7.0,
2.0,
0.0,
0.0,
3.0,
5.0,
0.0,
0.0,
0.0,
0.0,
0.0,
0.0,
0.0,
0.0,
0.0,
0.0,
0.0,
0.0,
0.0,
0.0,
12.0,
2.0,
24.0,
3.0,
0.0,
0.0,
0.0,
0.0,
0.0,
3.0,
0.0,
0.0,
0.0,
3.0,
0.0,
0.0,
0.0,
0.0,
0.0,
0.0,
0.0,
0.0,
0.0,
0.0,
0.0,
0.0,
0.0,
0.0,
0.0,
0.0,
0.0,
1.0,
0.0,
19.0,
0.0,
20.0,
4.0,
0.0,
2.0,
6.0,
1.0,
0.0,
0.0,
0.0,
0.0,
0.0,
0.0,
0.0,
0.0,
0.0,
0.0,
0.0,
0.0,
0.0,
0.0,
3.0,
1.0,
11.0,
0.0,
103.0,
138.0,
208.0,
167.0,
111.0,
43.0,
0.0,
0.0,
6.0,
0.0,
0.0,
7.0,
0.0,
0.0,
0.0,
0.0,
0.0,
0.0,
0.0,
0.0,
16.0,
0.0,
2.0,
0.0,
0.0,
36.0,
120.0,
228.0,
255.0,
249.0,
255.0,
246.0,
245.0,
221.0,
11.0,
0.0,
0.0,
13.0,
0.0,
6.0,
0.0,
0.0,
0.0,
0.0,
6.0,
0.0,
8.0,
5.0,
0.0,
9.0,
4.0,
7.0,
22.0,
204.0,
255.0,
212.0,
68.0,
88.0,
209.0,
255.0,
255.0,
241.0,
116.0,
13.0,
15.0,
14.0,
0.0,
0.0,
0.0,
0.0,
0.0,
0.0,
2.0,
4.0,
4.0,
0.0,
0.0,
1.0,
0.0,
145.0,
207.0,
255.0,
140.0,
40.0,
0.0,
0.0,
33.0,
143.0,
226.0,
255.0,
173.0,
68.0,
231.0,
149.0,
7.0,
0.0,
0.0,
0.0,
0.0,
0.0,
0.0,
5.0,
0.0,
0.0,
3.0,
0.0,
52.0,
255.0,
255.0,
118.0,
0.0,
0.0,
12.0,
4.0,
0.0,
9.0,
34.0,
232.0,
254.0,
255.0,
255.0,
142.0,
0.0,
6.0,
0.0,
0.0,
0.0,
0.0,
1.0,
0.0,
4.0,
2.0,
0.0,
14.0,
138.0,
242.0,
153.0,
10.0,
11.0,
3.0,
0.0,
4.0,
3.0,
0.0,
0.0,
220.0,
253.0,
244.0,
242.0,
59.0,
13.0,
1.0,
0.0,
0.0,
0.0,
0.0,
3.0,
0.0,
1.0,
0.0,
1.0,
1.0,
136.0,
255.0,
116.0,
0.0,
0.0,
0.0,
8.0,
0.0,
2.0,
23.0,
77.0,
236.0,
255.0,
249.0,
255.0,
7.0,
0.0,
0.0,
0.0,
0.0,
0.0,
0.0,
0.0,
9.0,
0.0,
0.0,
14.0,
0.0,
65.0,
255.0,
236.0,
56.0,
25.0,
43.0,
39.0,
56.0,
147.0,
191.0,
255.0,
255.0,
224.0,
240.0,
62.0,
0.0,
0.0,
3.0,
0.0,
0.0,
0.0,
0.0,
0.0,
0.0,
0.0,
0.0,
0.0,
1.0,
27.0,
193.0,
248.0,
255.0,
208.0,
219.0,
255.0,
249.0,
252.0,
255.0,
247.0,
253.0,
255.0,
151.0,
0.0,
6.0,
0.0,
1.0,
0.0,
0.0,
0.0,
0.0,
0.0,
0.0,
0.0,
0.0,
0.0,
0.0,
0.0,
0.0,
152.0,
194.0,
253.0,
215.0,
183.0,
192.0,
102.0,
122.0,
254.0,
249.0,
241.0,
53.0,
1.0,
7.0,
0.0,
7.0,
0.0,
0.0,
0.0,
0.0,
0.0,
0.0,
0.0,
0.0,
0.0,
0.0,
0.0,
0.0,
0.0,
13.0,
55.0,
34.0,
6.0,
5.0,
0.0,
118.0,
255.0,
252.0,
127.0,
6.0,
0.0,
0.0,
0.0,
0.0,
0.0,
0.0,
0.0,
0.0,
0.0,
0.0,
0.0,
0.0,
0.0,
0.0,
0.0,
0.0,
1.0,
0.0,
1.0,
0.0,
2.0,
3.0,
58.0,
238.0,
244.0,
155.0,
5.0,
0.0,
8.0,
0.0,
12.0,
1.0,
0.0,
0.0,
0.0,
0.0,
0.0,
0.0,
0.0,
0.0,
0.0,
0.0,
0.0,
0.0,
13.0,
10.0,
0.0,
0.0,
11.0,
12.0,
147.0,
255.0,
255.0,
55.0,
0.0,
12.0,
4.0,
0.0,
0.0,
0.0,
0.0,
0.0,
0.0,
0.0,
0.0,
0.0,
0.0,
0.0,
0.0,
0.0,
0.0,
0.0,
0.0,
7.0,
7.0,
0.0,
0.0,
0.0,
206.0,
247.0,
218.0,
12.0,
9.0,
6.0,
0.0,
0.0,
0.0,
4.0,
0.0,
0.0,
0.0,
0.0,
0.0,
0.0,
0.0,
0.0,
0.0,
0.0,
0.0,
0.0,
0.0,
0.0,
1.0,
1.0,
1.0,
50.0,
249.0,
227.0,
65.0,
0.0,
1.0,
0.0,
12.0,
0.0,
9.0,
11.0,
0.0,
0.0,
0.0,
0.0,
0.0,
0.0,
0.0,
0.0,
0.0,
0.0,
0.0,
0.0,
8.0,
3.0,
0.0,
5.0,
36.0,
177.0,
255.0,
183.0,
0.0,
3.0,
3.0,
0.0,
10.0,
0.0,
0.0,
0.0,
0.0,
0.0,
0.0,
0.0,
0.0,
0.0,
0.0,
0.0,
0.0,
0.0,
0.0,
0.0,
0.0,
7.0,
0.0,
5.0,
49.0,
255.0,
242.0,
132.0,
6.0,
0.0,
8.0,
6.0,
0.0,
4.0,
1.0,
0.0,
0.0,
0.0,
0.0,
0.0,
0.0,
0.0,
0.0,
0.0,
0.0,
0.0,
0.0,
0.0,
5.0,
0.0,
0.0,
3.0,
56.0,
255.0,
221.0,
40.0,
0.0,
0.0,
0.0,
0.0,
0.0,
0.0,
0.0,
0.0,
0.0,
0.0,
0.0,
0.0,
0.0,
0.0,
0.0,
0.0,
0.0,
0.0,
0.0,
0.0,
0.0,
9.0,
9.0,
0.0,
74.0,
255.0,
50.0,
0.0,
0.0,
0.0,
0.0,
0.0,
0.0,
0.0,
0.0,
0.0,
0.0,
0.0,
0.0,
0.0,
0.0,
0.0,
0.0,
0.0,
0.0,
0.0,
0.0,
0.0,
9.0,
0.0,
0.0,
32.0,
7.0,
114.0,
140.0,
6.0,
0.0,
0.0,
0.0,
0.0,
0.0,
0.0,
0.0,
0.0,
0.0,
0.0,
0.0,
0.0,
0.0,
0.0,
0.0,
0.0,
0.0,
0.0,
0.0,
0.0,
0.0,
20.0,
9.0,
0.0,
0.0,
0.0,
8.0,
0.0,
0.0,
0.0,
0.0,
0.0,
0.0,
0.0,
0.0,
0.0,
0.0,
0.0,
0.0,
0.0,
