0.0,
0.0,
0.0,
0.0,
0.0,
0.0,
0.0,
0.0,
0.0,
0.0,
0.0,
0.0,
5.0,
8.0,
0.0,
0.0,
0.0,
5.0,
2.0,
0.0,
0.0,
5.0,
2.0,
0.0,
0.0,
0.0,
0.0,
0.0,
0.0,
0.0,
0.0,
0.0,
0.0,
0.0,
0.0,
0.0,
0.0,
1.0,
3.0,
0.0,
0.0,
0.0,
1.0,
12.0,
9.0,
0.0,
0.0,
4.0,
12.0,
0.0,
22.0,
0.0,
0.0,
0.0,
0.0,
0.0,
0.0,
0.0,
0.0,
0.0,
0.0,
0.0,
0.0,
0.0,
11.0,
2.0,
0.0,
0.0,
7.0,
8.0,
4.0,
0.0,
0.0,
15.0,
0.0,
3.0,
0.0,
0.0,
0.0,
0.0,
0.0,
0.0,
0.0,
0.0,
0.0,
0.0,
0.0,
0.0,
0.0,
0.0,
0.0,
0.0,
0.0,
0.0,
0.0,
3.0,
2.0,
0.0,
0.0,
0.0,
0.0,
6.0,
5.0,
0.0,
12.0,
19.0,
0.0,
6.0,
0.0,
0.0,
0.0,
0.0,
0.0,
0.0,
0.0,
0.0,
0.0,
0.0,
0.0,
0.0,
5.0,
0.0,
0.0,
0.0,
0.0,
5.0,
7.0,
6.0,
8.0,
0.0,
7.0,
0.0,
4.0,
0.0,
9.0,
0.0,
0.0,
0.0,
0.0,
0.0,
0.0,
0.0,
0.0,
0.0,
0.0,
0.0,
0.0,
0.0,
0.0,
5.0,
11.0,
2.0,
0.0,
2.0,
2.0,
0.0,
88.0,
144.0,
243.0,
255.0,
135.0,
129.0,
140.0,
5.0,
0.0,
0.0,
0.0,
0.0,
0.0,
0.0,
0.0,
0.0,
0.0,
0.0,
0.0,
0.0,
0.0,
8.0,
0.0,
0.0,
12.0,
105.0,
207.0,
255.0,
255.0,
222.0,
255.0,
239.0,
164.0,
246.0,
194.0,
3.0,
0.0,
0.0,
0.0,
0.0,
0.0,
0.0,
0.0,
0.0,
0.0,
0.0,
0.0,
0.0,
2.0,
0.0,
0.0,
48.0,
156.0,
247.0,
247.0,
196.0,
106.0,
33.0,
210.0,
37.0,
7.0,
0.0,
1.0,
4.0,
0.0,
0.0,
0.0,
0.0,
0.0,
0.0,
7.0,
1.0,
2.0,
3.0,
0.0,
5.0,
0.0,
0.0,
95.0,
233.0,
225.0,
211.0,
34.0,
0.0,
3.0,
171.0,
250.0,
24.0,
13.0,
0.0,
0.0,
11.0,
0.0,
0.0,
0.0,
0.0,
5.0,
1.0,
0.0,
2.0,
0.0,
0.0,
6.0,
0.0,
10.0,
52.0,
217.0,
246.0,
133.0,
0.0,
0.0,
0.0,
156.0,
245.0,
250.0,
47.0,
3.0,
4.0,
0.0,
1.0,
0.0,
0.0,
0.0,
0.0,
5.0,
5.0,
0.0,
5.0,
0.0,
0.0,
14.0,
0.0,
50.0,
246.0,
242.0,
136.0,
0.0,
7.0,
0.0,
13.0,
200.0,
255.0,
249.0,
113.0,
0.0,
0.0,
0.0,
0.0,
0.0,
0.0,
0.0,
0.0,
0.0,
4.0,
0.0,
3.0,
5.0,
0.0,
6.0,
46.0,
224.0,
246.0,
215.0,
29.0,
16.0,
0.0,
0.0,
0.0,
196.0,
255.0,
255.0,
193.0,
17.0,
5.0,
10.0,
10.0,
0.0,
0.0,
0.0,
0.0,
0.0,
0.0,
6.0,
0.0,
8.0,
0.0,
0.0,
126.0,
250.0,
243.0,
104.0,
6.0,
0.0,
0.0,
18.0,
134.0,
226.0,
253.0,
244.0,
171.0,
0.0,
0.0,
0.0,
0.0,
0.0,
0.0,
0.0,
0.0,
0.0,
0.0,
8.0,
0.0,
6.0,
2.0,
3.0,
159.0,
253.0,
255.0,
70.0,
10.0,
21.0,
0.0,
63.0,
228.0,
253.0,
255.0,
252.0,
126.0,
1.0,
1.0,
10.0,
3.0,
0.0,
0.0,
0.0,
0.0,
6.0,
0.0,
4.0,
0.0,
3.0,
1.0,
3.0,
101.0,
254.0,
255.0,
130.0,
13.0,
14.0,
94.0,
252.0,
197.0,
208.0,
250.0,
251.0,
60.0,
0.0,
0.0,
1.0,
1.0,
0.0,
0.0,
0.0,
0.0,
8.0,
0.0,
0.0,
7.0,
2.0,
0.0,
0.0,
20.0,
218.0,
249.0,
253.0,
215.0,
232.0,
233.0,
220.0,
81.0,
204.0,
253.0,
255.0,
25.0,
8.0,
1.0,
1.0,
0.0,
0.0,
0.0,
0.0,
0.0,
0.0,
0.0,
5.0,
5.0,
0.0,
0.0,
0.0,
3.0,
31.0,
126.0,
190.0,
173.0,
184.0,
113.0,
75.0,
0.0,
206.0,
252.0,
189.0,
6.0,
0.0,
0.0,
0.0,
1.0,
0.0,
0.0,
0.0,
0.0,
16.0,
9.0,
1.0,
0.0,
0.0,
0.0,
0.0,
0.0,
6.0,
8.0,
0.0,
0.0,
17.0,
0.0,
0.0,
11.0,
187.0,
255.0,
153.0,
13.0,
0.0,
0.0,
0.0,
6.0,
0.0,
0.0,
0.0,
0.0,
0.0,
0.0,
0.0,
0.0,
2.0,
5.0,
3.0,
1.0,
1.0,
0.0,
0.0,
12.0,
0.0,
0.0,
0.0,
23.0,
217.0,
255.0,
59.0,
0.0,
10.0,
15.0,
0.0,
0.0,
0.0,
0.0,
0.0,
0.0,
0.0,
1.0,
5.0,
6.0,
1.0,
0.0,
0.0,
0.0,
10.0,
1.0,
2.0,
3.0,
3.0,
1.0,
13.0,
108.0,
253.0,
225.0,
29.0,
0.0,
0.0,
0.0,
0.0,
5.0,
0.0,
0.0,
0.0,
0.0,
8.0,
4.0,
2.0,
3.0,
2.0,
0.0,
2.0,
9.0,
0.0,
0.0,
0.0,
0.0,
16.0,
0.0,
52.0,
255.0,
255.0,
156.0,
20.0,
0.0,
0.0,
0.0,
0.0,
0.0,
0.0,
0.0,
0.0,
0.0,
0.0,
0.0,
0.0,
0.0,
6.0,
1.0,
0.0,
0.0,
5.0,
0.0,
16.0,
0.0,
0.0,
33.0,
151.0,
253.0,
197.0,
54.0,
0.0,
0.0,
7.0,
11.0,
4.0,
0.0,
0.0,
0.0,
0.0,
0.0,
5.0,
0.0,
1.0,
4.0,
0.0,
0.0,
0.0,
9.0,
6.0,
0.0,
0.0,
0.0,
23.0,
180.0,
255.0,
176.0,
53.0,
0.0,
7.0,
1.0,
0.0,
0.0,
0.0,
6.0,
0.0,
0.0,
0.0,
0.0,
0.0,
0.0,
2.0,
0.0,
0.0,
9.0,
65.0,
119.0,
129.0,
250.0,
246.0,
244.0,
235.0,
255.0,
144.0,
0.0,
0.0,
0.0,
2.0,
2.0,
1.0,
4.0,
0.0,
0.0,
0.0,
0.0,
0.0,
0.0,
3.0,
0.0,
3.0,
7.0,
0.0,
0.0,
85.0,
188.0,
254.0,
252.0,
255.0,
243.0,
181.0,
87.0,
17.0,
0.0,
0.0,
0.0,
0.0,
0.0,
0.0,
0.0,
0.0,
0.0,
0.0,
0.0,
0.0,
0.0,
2.0,
0.0,
0.0,
10.0,
8.0,
0.0,
0.0,
2.0,
0.0,
0.0,
1.0,
13.0,
9.0,
0.0,
0.0,
9.0,
0.0,
0.0,
0.0,
0.0,
0.0,
0.0,
0.0,
0.0,
0.0,
0.0,
0.0,
0.0,
3.0,
2.0,
0.0,
0.0,
0.0,
4.0,
1.0,
0.0,
10.0,
3.0,
0.0,
0.0,
0.0,
0.0,
0.0,
1.0,
0.0,
0.0,
0.0,
0.0,
0.0,
0.0,
0.0,
0.0,
0.0,
0.0,
0.0,
0.0,
0.0,
4.0,
8.0,
0.0,
0.0,
0.0,
5.0,
4.0,
0.0,
0.0,
1.0,
4.0,
7.0,
10.0,
9.0,
4.0,
0.0,
0.0,
0.0,
0.0,
0.0,
0.0,
0.0,
0.0,
0.0,
0.0,
0.0,
0.0,
