0.0,
0.0,
0.0,
0.0,
0.0,
0.0,
0.0,
0.0,
0.0,
0.0,
0.0,
15.0,
0.0,
1.0,
0.0,
6.0,
0.0,
0.0,
0.0,
0.0,
6.0,
10.0,
4.0,
0.0,
0.0,
0.0,
0.0,
0.0,
0.0,
0.0,
0.0,
0.0,
0.0,
0.0,
0.0,
0.0,
11.0,
4.0,
0.0,
0.0,
0.0,
3.0,
1.0,
1.0,
6.0,
3.0,
2.0,
1.0,
0.0,
0.0,
0.0,
8.0,
0.0,
0.0,
0.0,
0.0,
0.0,
0.0,
0.0,
0.0,
0.0,
0.0,
0.0,
0.0,
0.0,
0.0,
4.0,
1.0,
3.0,
3.0,
2.0,
0.0,
0.0,
0.0,
0.0,
5.0,
2.0,
0.0,
0.0,
5.0,
0.0,
0.0,
0.0,
0.0,
0.0,
0.0,
0.0,
0.0,
0.0,
0.0,
0.0,
0.0,
6.0,
5.0,
0.0,
0.0,
0.0,
0.0,
0.0,
4.0,
0.0,
0.0,
0.0,
1.0,
5.0,
4.0,
0.0,
0.0,
0.0,
0.0,
0.0,
0.0,
0.0,
0.0,
0.0,
0.0,
0.0,
0.0,
0.0,
0.0,
6.0,
0.0,
0.0,
9.0,
2.0,
17.0,
0.0,
7.0,
6.0,
9.0,
4.0,
0.0,
0.0,
4.0,
6.0,
0.0,
0.0,
0.0,
0.0,
0.0,
0.0,
0.0,
0.0,
0.0,
0.0,
0.0,
0.0,
0.0,
0.0,
6.0,
1.0,
13.0,
0.0,
0.0,
0.0,
0.0,
0.0,
0.0,
5.0,
0.0,
0.0,
0.0,
3.0,
2.0,
0.0,
0.0,
0.0,
0.0,
0.0,
0.0,
0.0,
0.0,
0.0,
0.0,
0.0,
0.0,
0.0,
0.0,
11.0,
0.0,
2.0,
3.0,
16.0,
2.0,
11.0,
0.0,
0.0,
3.0,
6.0,
0.0,
0.0,
0.0,
0.0,
0.0,
0.0,
0.0,
0.0,
0.0,
0.0,
0.0,
0.0,
0.0,
0.0,
0.0,
13.0,
37.0,
112.0,
132.0,
248.0,
255.0,
246.0,
156.0,
97.0,
34.0,
0.0,
0.0,
5.0,
0.0,
0.0,
4.0,
0.0,
0.0,
0.0,
0.0,
0.0,
0.0,
10.0,
0.0,
8.0,
3.0,
0.0,
0.0,
155.0,
228.0,
252.0,
240.0,
255.0,
255.0,
238.0,
255.0,
249.0,
170.0,
22.0,
4.0,
0.0,
11.0,
0.0,
7.0,
0.0,
0.0,
0.0,
0.0,
9.0,
0.0,
0.0,
1.0,
5.0,
0.0,
0.0,
63.0,
211.0,
255.0,
235.0,
219.0,
93.0,
77.0,
87.0,
172.0,
255.0,
252.0,
154.0,
8.0,
7.0,
0.0,
8.0,
0.0,
0.0,
0.0,
0.0,
0.0,
0.0,
0.0,
0.0,
11.0,
3.0,
0.0,
90.0,
220.0,
255.0,
246.0,
23.0,
2.0,
0.0,
8.0,
0.0,
25.0,
44.0,
244.0,
255.0,
110.0,
2.0,
0.0,
0.0,
4.0,
0.0,
0.0,
0.0,
0.0,
0.0,
8.0,
0.0,
0.0,
0.0,
0.0,
165.0,
247.0,
238.0,
100.0,
0.0,
0.0,
0.0,
13.0,
6.0,
0.0,
40.0,
238.0,
250.0,
124.0,
0.0,
22.0,
0.0,
0.0,
0.0,
0.0,
0.0,
0.0,
0.0,
0.0,
0.0,
2.0,
15.0,
37.0,
246.0,
255.0,
141.0,
0.0,
21.0,
5.0,
0.0,
0.0,
4.0,
125.0,
219.0,
250.0,
223.0,
40.0,
0.0,
0.0,
16.0,
0.0,
0.0,
0.0,
0.0,
0.0,
9.0,
0.0,
1.0,
0.0,
0.0,
0.0,
189.0,
237.0,
238.0,
81.0,
0.0,
0.0,
5.0,
54.0,
122.0,
206.0,
255.0,
249.0,
224.0,
10.0,
3.0,
0.0,
14.0,
0.0,
0.0,
0.0,
0.0,
0.0,
1.0,
0.0,
6.0,
3.0,
0.0,
0.0,
120.0,
255.0,
243.0,
254.0,
84.0,
88.0,
193.0,
232.0,
255.0,
255.0,
189.0,
255.0,
217.0,
5.0,
0.0,
9.0,
0.0,
0.0,
0.0,
0.0,
0.0,
0.0,
5.0,
0.0,
0.0,
0.0,
2.0,
13.0,
14.0,
190.0,
243.0,
239.0,
255.0,
255.0,
236.0,
241.0,
202.0,
100.0,
37.0,
224.0,
230.0,
0.0,
0.0,
17.0,
0.0,
3.0,
0.0,
0.0,
0.0,
0.0,
0.0,
0.0,
0.0,
0.0,
0.0,
0.0,
0.0,
0.0,
80.0,
94.0,
103.0,
107.0,
96.0,
56.0,
11.0,
0.0,
0.0,
219.0,
217.0,
8.0,
0.0,
13.0,
0.0,
0.0,
0.0,
0.0,
0.0,
0.0,
0.0,
0.0,
0.0,
0.0,
0.0,
0.0,
0.0,
0.0,
0.0,
1.0,
0.0,
2.0,
9.0,
2.0,
0.0,
0.0,
122.0,
255.0,
218.0,
0.0,
0.0,
8.0,
0.0,
6.0,
0.0,
0.0,
0.0,
0.0,
0.0,
0.0,
0.0,
0.0,
0.0,
0.0,
0.0,
0.0,
5.0,
5.0,
0.0,
0.0,
1.0,
0.0,
0.0,
6.0,
105.0,
253.0,
227.0,
12.0,
0.0,
0.0,
0.0,
10.0,
0.0,
0.0,
0.0,
0.0,
0.0,
0.0,
0.0,
0.0,
0.0,
0.0,
0.0,
0.0,
0.0,
0.0,
0.0,
0.0,
5.0,
0.0,
0.0,
1.0,
146.0,
250.0,
215.0,
2.0,
1.0,
6.0,
0.0,
0.0,
0.0,
0.0,
0.0,
0.0,
0.0,
0.0,
0.0,
0.0,
0.0,
0.0,
0.0,
0.0,
3.0,
6.0,
1.0,
0.0,
6.0,
3.0,
5.0,
18.0,
175.0,
255.0,
222.0,
0.0,
0.0,
5.0,
4.0,
0.0,
0.0,
0.0,
0.0,
0.0,
0.0,
0.0,
0.0,
0.0,
0.0,
0.0,
0.0,
0.0,
0.0,
1.0,
0.0,
0.0,
0.0,
0.0,
0.0,
1.0,
166.0,
241.0,
236.0,
9.0,
0.0,
0.0,
3.0,
0.0,
0.0,
0.0,
0.0,
0.0,
0.0,
0.0,
0.0,
0.0,
0.0,
0.0,
0.0,
0.0,
0.0,
0.0,
0.0,
5.0,
11.0,
6.0,
5.0,
17.0,
251.0,
255.0,
220.0,
0.0,
0.0,
10.0,
6.0,
0.0,
0.0,
0.0,
0.0,
0.0,
0.0,
0.0,
0.0,
0.0,
0.0,
0.0,
0.0,
0.0,
4.0,
7.0,
0.0,
0.0,
0.0,
0.0,
0.0,
15.0,
253.0,
248.0,
220.0,
4.0,
0.0,
0.0,
0.0,
3.0,
0.0,
0.0,
0.0,
0.0,
0.0,
0.0,
0.0,
0.0,
0.0,
0.0,
0.0,
0.0,
0.0,
0.0,
2.0,
1.0,
0.0,
0.0,
6.0,
12.0,
242.0,
253.0,
234.0,
0.0,
9.0,
7.0,
1.0,
0.0,
0.0,
0.0,
0.0,
0.0,
0.0,
0.0,
0.0,
0.0,
0.0,
0.0,
0.0,
0.0,
0.0,
1.0,
3.0,
1.0,
0.0,
0.0,
5.0,
10.0,
255.0,
255.0,
223.0,
5.0,
5.0,
0.0,
0.0,
22.0,
0.0,
0.0,
0.0,
0.0,
0.0,
0.0,
0.0,
0.0,
0.0,
0.0,
0.0,
0.0,
0.0,
2.0,
3.0,
1.0,
0.0,
0.0,
3.0,
7.0,
166.0,
242.0,
210.0,
1.0,
0.0,
14.0,
20.0,
0.0,
0.0,
0.0,
0.0,
0.0,
0.0,
0.0,
0.0,
0.0,
0.0,
0.0,
0.0,
0.0,
1.0,
2.0,
3.0,
1.0,
0.0,
0.0,
1.0,
4.0,
2.0,
6.0,
3.0,
0.0,
22.0,
0.0,
0.0,
11.0,
0.0,
0.0,
0.0,
0.0,
