0.0,
0.0,
0.0,
0.0,
0.0,
0.0,
0.0,
0.0,
3.0,
3.0,
2.0,
0.0,
0.0,
0.0,
2.0,
5.0,
0.0,
0.0,
0.0,
0.0,
0.0,
2.0,
0.0,
0.0,
0.0,
0.0,
0.0,
0.0,
0.0,
0.0,
0.0,
0.0,
0.0,
0.0,
0.0,
0.0,
0.0,
0.0,
2.0,
3.0,
3.0,
2.0,
1.0,
1.0,
4.0,
3.0,
3.0,
1.0,
0.0,
0.0,
3.0,
16.0,
0.0,
0.0,
0.0,
0.0,
0.0,
0.0,
0.0,
0.0,
0.0,
0.0,
0.0,
0.0,
0.0,
0.0,
0.0,
1.0,
1.0,
0.0,
0.0,
0.0,
0.0,
0.0,
0.0,
7.0,
8.0,
0.0,
0.0,
0.0,
0.0,
0.0,
0.0,
0.0,
0.0,
0.0,
0.0,
0.0,
0.0,
0.0,
0.0,
0.0,
4.0,
0.0,
0.0,
0.0,
0.0,
1.0,
1.0,
0.0,
2.0,
0.0,
0.0,
0.0,
2.0,
6.0,
8.0,
8.0,
0.0,
0.0,
0.0,
0.0,
0.0,
0.0,
0.0,
0.0,
0.0,
0.0,
0.0,
0.0,
0.0,
0.0,
0.0,
0.0,
3.0,
5.0,
6.0,
6.0,
0.0,
6.0,
10.0,
0.0,
0.0,
0.0,
0.0,
0.0,
0.0,
0.0,
0.0,
0.0,
0.0,
0.0,
0.0,
0.0,
0.0,
0.0,
0.0,
0.0,
0.0,
0.0,
3.0,
3.0,
0.0,
0.0,
0.0,
0.0,
0.0,
0.0,
0.0,
0.0,
3.0,
12.0,
7.0,
0.0,
0.0,
0.0,
0.0,
0.0,
0.0,
0.0,
0.0,
0.0,
0.0,
0.0,
0.0,
0.0,
0.0,
2.0,
4.0,
2.0,
0.0,
0.0,
2.0,
8.0,
12.0,
3.0,
0.0,
6.0,
5.0,
0.0,
0.0,
3.0,
0.0,
0.0,
0.0,
0.0,
0.0,
0.0,
0.0,
0.0,
0.0,
0.0,
0.0,
0.0,
0.0,
1.0,
2.0,
0.0,
2.0,
15.0,
38.0,
57.0,
135.0,
165.0,
209.0,
211.0,
135.0,
34.0,
0.0,
7.0,
0.0,
0.0,
0.0,
0.0,
0.0,
1.0,
8.0,
0.0,
3.0,
5.0,
0.0,
7.0,
4.0,
7.0,
1.0,
20.0,
130.0,
215.0,
254.0,
252.0,
251.0,
253.0,
255.0,
242.0,
255.0,
230.0,
49.0,
0.0,
0.0,
0.0,
0.0,
0.0,
6.0,
0.0,
3.0,
0.0,
4.0,
0.0,
24.0,
0.0,
0.0,
23.0,
179.0,
238.0,
255.0,
238.0,
255.0,
244.0,
243.0,
217.0,
242.0,
255.0,
248.0,
241.0,
231.0,
15.0,
0.0,
0.0,
0.0,
0.0,
2.0,
0.0,
3.0,
5.0,
7.0,
0.0,
4.0,
19.0,
108.0,
192.0,
253.0,
255.0,
252.0,
255.0,
172.0,
96.0,
90.0,
131.0,
183.0,
241.0,
250.0,
247.0,
255.0,
81.0,
0.0,
0.0,
0.0,
0.0,
4.0,
0.0,
0.0,
0.0,
0.0,
11.0,
0.0,
186.0,
243.0,
255.0,
255.0,
239.0,
248.0,
135.0,
54.0,
0.0,
30.0,
250.0,
246.0,
255.0,
246.0,
255.0,
248.0,
31.0,
0.0,
0.0,
0.0,
0.0,
0.0,
1.0,
4.0,
3.0,
0.0,
5.0,
17.0,
249.0,
254.0,
199.0,
90.0,
84.0,
0.0,
0.0,
14.0,
16.0,
165.0,
255.0,
255.0,
252.0,
247.0,
137.0,
0.0,
29.0,
0.0,
0.0,
0.0,
0.0,
0.0,
0.0,
4.0,
5.0,
2.0,
0.0,
97.0,
235.0,
249.0,
112.0,
0.0,
5.0,
52.0,
53.0,
161.0,
225.0,
252.0,
245.0,
255.0,
201.0,
98.0,
2.0,
4.0,
0.0,
0.0,
0.0,
0.0,
0.0,
8.0,
0.0,
0.0,
0.0,
5.0,
0.0,
140.0,
255.0,
234.0,
255.0,
219.0,
226.0,
231.0,
255.0,
238.0,
255.0,
255.0,
253.0,
202.0,
55.0,
0.0,
0.0,
6.0,
0.0,
0.0,
0.0,
0.0,
0.0,
0.0,
4.0,
4.0,
7.0,
14.0,
0.0,
25.0,
179.0,
211.0,
187.0,
221.0,
194.0,
138.0,
163.0,
180.0,
251.0,
247.0,
222.0,
31.0,
0.0,
4.0,
0.0,
3.0,
2.0,
0.0,
0.0,
0.0,
0.0,
0.0,
0.0,
0.0,
0.0,
0.0,
0.0,
0.0,
0.0,
13.0,
0.0,
23.0,
3.0,
1.0,
0.0,
215.0,
255.0,
255.0,
29.0,
0.0,
1.0,
0.0,
0.0,
0.0,
4.0,
0.0,
0.0,
0.0,
0.0,
0.0,
0.0,
0.0,
0.0,
0.0,
0.0,
0.0,
0.0,
0.0,
7.0,
1.0,
0.0,
0.0,
145.0,
247.0,
255.0,
185.0,
18.0,
2.0,
3.0,
0.0,
3.0,
3.0,
5.0,
0.0,
0.0,
0.0,
0.0,
0.0,
0.0,
0.0,
0.0,
0.0,
0.0,
0.0,
0.0,
0.0,
0.0,
4.0,
7.0,
57.0,
212.0,
250.0,
231.0,
76.0,
2.0,
0.0,
0.0,
0.0,
0.0,
7.0,
0.0,
0.0,
0.0,
0.0,
0.0,
0.0,
0.0,
0.0,
0.0,
0.0,
0.0,
0.0,
0.0,
3.0,
7.0,
0.0,
21.0,
170.0,
255.0,
236.0,
71.0,
4.0,
0.0,
0.0,
0.0,
0.0,
0.0,
5.0,
0.0,
0.0,
0.0,
0.0,
0.0,
0.0,
0.0,
0.0,
0.0,
0.0,
0.0,
0.0,
0.0,
6.0,
0.0,
22.0,
129.0,
249.0,
232.0,
123.0,
0.0,
0.0,
6.0,
0.0,
7.0,
5.0,
0.0,
1.0,
3.0,
0.0,
0.0,
0.0,
0.0,
0.0,
0.0,
0.0,
0.0,
0.0,
0.0,
0.0,
0.0,
0.0,
0.0,
162.0,
248.0,
249.0,
67.0,
0.0,
15.0,
0.0,
9.0,
0.0,
6.0,
2.0,
0.0,
0.0,
3.0,
0.0,
0.0,
0.0,
0.0,
0.0,
0.0,
0.0,
0.0,
0.0,
0.0,
0.0,
0.0,
0.0,
91.0,
255.0,
247.0,
168.0,
4.0,
0.0,
0.0,
0.0,
3.0,
0.0,
0.0,
0.0,
5.0,
0.0,
0.0,
0.0,
0.0,
0.0,
0.0,
0.0,
0.0,
0.0,
0.0,
0.0,
0.0,
0.0,
0.0,
0.0,
173.0,
239.0,
255.0,
90.0,
0.0,
11.0,
0.0,
0.0,
1.0,
0.0,
0.0,
0.0,
17.0,
0.0,
2.0,
0.0,
0.0,
0.0,
0.0,
0.0,
0.0,
0.0,
0.0,
0.0,
0.0,
0.0,
0.0,
66.0,
255.0,
252.0,
180.0,
0.0,
0.0,
21.0,
0.0,
0.0,
0.0,
0.0,
0.0,
0.0,
0.0,
0.0,
0.0,
0.0,
0.0,
0.0,
0.0,
0.0,
0.0,
0.0,
0.0,
0.0,
0.0,
0.0,
0.0,
178.0,
241.0,
190.0,
23.0,
13.0,
0.0,
0.0,
7.0,
0.0,
0.0,
0.0,
0.0,
0.0,
0.0,
0.0,
0.0,
0.0,
0.0,
0.0,
0.0,
0.0,
0.0,
0.0,
0.0,
0.0,
0.0,
0.0,
0.0,
158.0,
214.0,
25.0,
6.0,
0.0,
12.0,
0.0,
0.0,
0.0,
0.0,
0.0,
0.0,
0.0,
0.0,
0.0,
0.0,
0.0,
0.0,
0.0,
0.0,
0.0,
0.0,
0.0,
0.0,
0.0,
0.0,
0.0,
0.0,
8.0,
10.0,
0.0,
0.0,
0.0,
14.0,
0.0,
8.0,
0.0,
0.0,
0.0,
0.0,
0.0,
0.0,
0.0,
0.0,
0.0,
0.0,
0.0,
0.0,
