0.0,
0.0,
0.0,
0.0,
0.0,
0.0,
0.0,
0.0,
3.0,
9.0,
1.0,
0.0,
0.0,
1.0,
0.0,
1.0,
0.0,
0.0,
2.0,
5.0,
2.0,
0.0,
0.0,
7.0,
0.0,
0.0,
0.0,
0.0,
0.0,
0.0,
0.0,
0.0,
0.0,
0.0,
0.0,
0.0,
1.0,
0.0,
0.0,
0.0,
9.0,
5.0,
0.0,
0.0,
6.0,
2.0,
0.0,
0.0,
0.0,
0.0,
0.0,
0.0,
0.0,
0.0,
0.0,
0.0,
0.0,
0.0,
0.0,
0.0,
0.0,
0.0,
0.0,
0.0,
0.0,
0.0,
9.0,
10.0,
0.0,
0.0,
6.0,
10.0,
0.0,
1.0,
3.0,
4.0,
6.0,
8.0,
6.0,
1.0,
0.0,
0.0,
0.0,
0.0,
0.0,
0.0,
0.0,
0.0,
0.0,
0.0,
0.0,
0.0,
4.0,
1.0,
0.0,
0.0,
0.0,
6.0,
8.0,
0.0,
0.0,
0.0,
4.0,
2.0,
0.0,
0.0,
0.0,
0.0,
0.0,
0.0,
0.0,
0.0,
0.0,
0.0,
0.0,
0.0,
0.0,
0.0,
0.0,
0.0,
0.0,
1.0,
8.0,
6.0,
2.0,
5.0,
6.0,
0.0,
3.0,
5.0,
6.0,
2.0,
0.0,
0.0,
0.0,
5.0,
0.0,
0.0,
0.0,
0.0,
0.0,
0.0,
0.0,
0.0,
0.0,
0.0,
0.0,
0.0,
2.0,
3.0,
0.0,
0.0,
3.0,
0.0,
0.0,
11.0,
2.0,
0.0,
0.0,
4.0,
9.0,
4.0,
1.0,
6.0,
0.0,
0.0,
0.0,
0.0,
0.0,
0.0,
0.0,
0.0,
0.0,
0.0,
0.0,
0.0,
0.0,
59.0,
130.0,
203.0,
255.0,
255.0,
187.0,
150.0,
87.0,
31.0,
0.0,
0.0,
6.0,
1.0,
0.0,
0.0,
0.0,
0.0,
0.0,
0.0,
0.0,
0.0,
0.0,
0.0,
0.0,
0.0,
0.0,
0.0,
82.0,
213.0,
255.0,
244.0,
252.0,
255.0,
245.0,
255.0,
255.0,
151.0,
34.0,
0.0,
0.0,
0.0,
0.0,
5.0,
0.0,
0.0,
0.0,
0.0,
0.0,
5.0,
0.0,
0.0,
0.0,
0.0,
10.0,
9.0,
200.0,
235.0,
214.0,
134.0,
42.0,
36.0,
45.0,
74.0,
195.0,
244.0,
142.0,
0.0,
4.0,
0.0,
4.0,
2.0,
0.0,
0.0,
0.0,
0.0,
2.0,
0.0,
0.0,
0.0,
6.0,
0.0,
0.0,
12.0,
255.0,
255.0,
115.0,
4.0,
0.0,
12.0,
0.0,
12.0,
2.0,
142.0,
90.0,
40.0,
10.0,
0.0,
0.0,
6.0,
0.0,
0.0,
0.0,
0.0,
2.0,
0.0,
4.0,
0.0,
5.0,
0.0,
0.0,
58.0,
235.0,
251.0,
16.0,
0.0,
12.0,
0.0,
4.0,
0.0,
141.0,
189.0,
37.0,
0.0,
0.0,
13.0,
5.0,
0.0,
0.0,
0.0,
0.0,
0.0,
0.0,
0.0,
15.0,
0.0,
0.0,
0.0,
9.0,
123.0,
255.0,
159.0,
0.0,
0.0,
10.0,
16.0,
0.0,
26.0,
219.0,
255.0,
163.0,
17.0,
9.0,
0.0,
4.0,
6.0,
0.0,
0.0,
0.0,
0.0,
0.0,
0.0,
14.0,
0.0,
0.0,
0.0,
14.0,
129.0,
254.0,
162.0,
15.0,
0.0,
0.0,
0.0,
19.0,
121.0,
255.0,
255.0,
197.0,
0.0,
4.0,
0.0,
8.0,
3.0,
0.0,
0.0,
0.0,
0.0,
5.0,
0.0,
2.0,
0.0,
3.0,
1.0,
2.0,
70.0,
249.0,
255.0,
37.0,
0.0,
32.0,
33.0,
163.0,
253.0,
246.0,
250.0,
216.0,
1.0,
0.0,
5.0,
0.0,
0.0,
0.0,
0.0,
0.0,
0.0,
3.0,
0.0,
0.0,
0.0,
5.0,
0.0,
0.0,
15.0,
194.0,
248.0,
217.0,
183.0,
247.0,
255.0,
248.0,
255.0,
255.0,
250.0,
196.0,
0.0,
0.0,
12.0,
7.0,
5.0,
0.0,
0.0,
0.0,
0.0,
0.0,
4.0,
0.0,
3.0,
1.0,
0.0,
3.0,
0.0,
15.0,
141.0,
255.0,
255.0,
248.0,
243.0,
255.0,
250.0,
255.0,
245.0,
194.0,
0.0,
8.0,
0.0,
4.0,
0.0,
0.0,
0.0,
0.0,
0.0,
0.0,
0.0,
0.0,
0.0,
0.0,
0.0,
0.0,
0.0,
4.0,
0.0,
4.0,
66.0,
118.0,
95.0,
27.0,
0.0,
112.0,
255.0,
191.0,
0.0,
0.0,
3.0,
0.0,
3.0,
0.0,
0.0,
0.0,
0.0,
0.0,
0.0,
0.0,
0.0,
0.0,
0.0,
0.0,
0.0,
7.0,
1.0,
0.0,
0.0,
5.0,
0.0,
0.0,
12.0,
76.0,
253.0,
210.0,
9.0,
0.0,
1.0,
0.0,
1.0,
0.0,
0.0,
0.0,
0.0,
0.0,
0.0,
0.0,
0.0,
0.0,
0.0,
0.0,
0.0,
0.0,
4.0,
5.0,
3.0,
1.0,
0.0,
0.0,
4.0,
28.0,
250.0,
235.0,
32.0,
3.0,
0.0,
0.0,
0.0,
0.0,
0.0,
0.0,
0.0,
0.0,
0.0,
0.0,
0.0,
0.0,
0.0,
0.0,
0.0,
0.0,
2.0,
0.0,
0.0,
6.0,
9.0,
2.0,
0.0,
0.0,
249.0,
253.0,
62.0,
4.0,
0.0,
2.0,
0.0,
0.0,
0.0,
0.0,
0.0,
0.0,
0.0,
0.0,
0.0,
0.0,
0.0,
0.0,
0.0,
0.0,
8.0,
2.0,
0.0,
0.0,
0.0,
0.0,
3.0,
0.0,
247.0,
255.0,
103.0,
4.0,
0.0,
4.0,
0.0,
0.0,
0.0,
0.0,
0.0,
0.0,
0.0,
0.0,
0.0,
0.0,
0.0,
0.0,
0.0,
0.0,
6.0,
8.0,
6.0,
9.0,
5.0,
0.0,
0.0,
0.0,
241.0,
255.0,
155.0,
8.0,
0.0,
2.0,
0.0,
0.0,
0.0,
0.0,
0.0,
0.0,
0.0,
0.0,
0.0,
0.0,
0.0,
0.0,
0.0,
5.0,
0.0,
0.0,
0.0,
0.0,
3.0,
0.0,
5.0,
2.0,
231.0,
255.0,
210.0,
16.0,
0.0,
0.0,
2.0,
0.0,
0.0,
0.0,
0.0,
0.0,
0.0,
0.0,
0.0,
0.0,
0.0,
0.0,
0.0,
3.0,
5.0,
3.0,
5.0,
9.0,
0.0,
0.0,
2.0,
4.0,
223.0,
255.0,
247.0,
23.0,
0.0,
0.0,
4.0,
0.0,
0.0,
0.0,
0.0,
0.0,
0.0,
0.0,
0.0,
0.0,
0.0,
0.0,
0.0,
0.0,
0.0,
0.0,
0.0,
0.0,
0.0,
0.0,
0.0,
3.0,
118.0,
255.0,
235.0,
11.0,
1.0,
0.0,
3.0,
0.0,
0.0,
0.0,
0.0,
0.0,
0.0,
0.0,
0.0,
0.0,
0.0,
0.0,
0.0,
0.0,
0.0,
0.0,
0.0,
0.0,
0.0,
0.0,
0.0,
0.0,
52.0,
156.0,
153.0,
4.0,
5.0,
0.0,
3.0,
0.0,
0.0,
0.0,
0.0,
0.0,
0.0,
0.0,
0.0,
0.0,
0.0,
0.0,
0.0,
0.0,
0.0,
0.0,
0.0,
0.0,
0.0,
0.0,
0.0,
16.0,
0.0,
2.0,
12.0,
0.0,
14.0,
0.0,
0.0,
0.0,
0.0,
0.0,
0.0,
0.0,
0.0,
0.0,
0.0,
0.0,
0.0,
0.0,
0.0,
0.0,
0.0,
0.0,
0.0,
0.0,
0.0,
0.0,
0.0,
0.0,
0.0,
0.0,
2.0,
0.0,
7.0,
0.0,
1.0,
0.0,
0.0,
0.0,
0.0,
