0.0,
0.0,
0.0,
0.0,
0.0,
0.0,
0.0,
0.0,
0.0,
6.0,
0.0,
8.0,
1.0,
0.0,
9.0,
0.0,
0.0,
5.0,
0.0,
0.0,
4.0,
0.0,
0.0,
6.0,
0.0,
0.0,
0.0,
0.0,
0.0,
0.0,
0.0,
0.0,
0.0,
0.0,
0.0,
0.0,
0.0,
0.0,
0.0,
2.0,
8.0,
3.0,
11.0,
0.0,
16.0,
0.0,
0.0,
5.0,
19.0,
7.0,
0.0,
1.0,
0.0,
0.0,
0.0,
0.0,
0.0,
0.0,
0.0,
0.0,
0.0,
0.0,
0.0,
0.0,
0.0,
15.0,
3.0,
0.0,
0.0,
0.0,
0.0,
11.0,
0.0,
0.0,
4.0,
0.0,
0.0,
0.0,
11.0,
4.0,
0.0,
0.0,
0.0,
0.0,
0.0,
0.0,
0.0,
0.0,
0.0,
0.0,
0.0,
0.0,
0.0,
2.0,
0.0,
2.0,
14.0,
8.0,
0.0,
0.0,
13.0,
0.0,
1.0,
17.0,
7.0,
0.0,
0.0,
0.0,
0.0,
0.0,
0.0,
0.0,
0.0,
0.0,
0.0,
0.0,
0.0,
0.0,
0.0,
0.0,
7.0,
5.0,
1.0,
0.0,
0.0,
0.0,
0.0,
4.0,
0.0,
0.0,
0.0,
0.0,
0.0,
0.0,
13.0,
6.0,
0.0,
0.0,
0.0,
0.0,
0.0,
0.0,
0.0,
0.0,
0.0,
0.0,
0.0,
0.0,
3.0,
0.0,
2.0,
1.0,
0.0,
6.0,
3.0,
0.0,
6.0,
0.0,
0.0,
6.0,
6.0,
5.0,
0.0,
0.0,
0.0,
0.0,
0.0,
0.0,
0.0,
0.0,
0.0,
0.0,
0.0,
0.0,
0.0,
0.0,
16.0,
0.0,
7.0,
58.0,
121.0,
213.0,
255.0,
254.0,
253.0,
114.0,
0.0,
0.0,
10.0,
0.0,
0.0,
16.0,
0.0,
0.0,
0.0,
0.0,
0.0,
0.0,
0.0,
0.0,
0.0,
0.0,
0.0,
0.0,
0.0,
31.0,
175.0,
253.0,
247.0,
255.0,
255.0,
247.0,
255.0,
228.0,
119.0,
8.0,
0.0,
7.0,
5.0,
0.0,
0.0,
0.0,
0.0,
0.0,
0.0,
8.0,
0.0,
0.0,
0.0,
0.0,
6.0,
4.0,
40.0,
202.0,
255.0,
255.0,
232.0,
144.0,
145.0,
239.0,
245.0,
255.0,
250.0,
118.0,
0.0,
0.0,
0.0,
6.0,
0.0,
0.0,
0.0,
0.0,
2.0,
0.0,
8.0,
8.0,
3.0,
0.0,
0.0,
107.0,
255.0,
255.0,
219.0,
146.0,
30.0,
0.0,
20.0,
0.0,
220.0,
251.0,
255.0,
217.0,
96.0,
3.0,
0.0,
0.0,
0.0,
0.0,
0.0,
0.0,
8.0,
0.0,
12.0,
0.0,
0.0,
1.0,
18.0,
206.0,
238.0,
236.0,
89.0,
0.0,
4.0,
10.0,
9.0,
0.0,
204.0,
251.0,
255.0,
255.0,
148.0,
0.0,
7.0,
0.0,
0.0,
0.0,
0.0,
0.0,
3.0,
0.0,
6.0,
0.0,
0.0,
17.0,
118.0,
255.0,
255.0,
126.0,
0.0,
0.0,
13.0,
0.0,
0.0,
9.0,
204.0,
255.0,
246.0,
255.0,
138.0,
0.0,
13.0,
0.0,
0.0,
0.0,
0.0,
0.0,
0.0,
2.0,
0.0,
0.0,
7.0,
21.0,
232.0,
255.0,
159.0,
2.0,
0.0,
11.0,
0.0,
8.0,
0.0,
0.0,
217.0,
252.0,
252.0,
253.0,
137.0,
3.0,
5.0,
0.0,
0.0,
0.0,
0.0,
0.0,
0.0,
4.0,
0.0,
7.0,
0.0,
13.0,
255.0,
209.0,
5.0,
0.0,
20.0,
0.0,
0.0,
6.0,
4.0,
89.0,
243.0,
247.0,
250.0,
255.0,
143.0,
6.0,
0.0,
0.0,
0.0,
0.0,
0.0,
0.0,
0.0,
3.0,
0.0,
4.0,
0.0,
59.0,
249.0,
144.0,
14.0,
0.0,
0.0,
2.0,
0.0,
13.0,
103.0,
225.0,
255.0,
255.0,
245.0,
252.0,
139.0,
0.0,
0.0,
4.0,
0.0,
0.0,
0.0,
0.0,
0.0,
5.0,
0.0,
0.0,
0.0,
144.0,
254.0,
122.0,
0.0,
15.0,
0.0,
12.0,
79.0,
168.0,
251.0,
255.0,
243.0,
255.0,
250.0,
255.0,
141.0,
0.0,
8.0,
0.0,
0.0,
0.0,
0.0,
0.0,
8.0,
0.0,
0.0,
10.0,
3.0,
33.0,
255.0,
231.0,
171.0,
82.0,
136.0,
222.0,
245.0,
239.0,
255.0,
246.0,
191.0,
216.0,
251.0,
255.0,
147.0,
0.0,
0.0,
4.0,
0.0,
0.0,
0.0,
0.0,
2.0,
2.0,
0.0,
0.0,
0.0,
25.0,
246.0,
255.0,
255.0,
240.0,
249.0,
246.0,
255.0,
255.0,
226.0,
140.0,
16.0,
98.0,
238.0,
254.0,
136.0,
8.0,
10.0,
0.0,
0.0,
0.0,
0.0,
0.0,
0.0,
6.0,
0.0,
0.0,
2.0,
4.0,
138.0,
209.0,
244.0,
255.0,
255.0,
252.0,
254.0,
186.0,
78.0,
0.0,
0.0,
92.0,
255.0,
244.0,
57.0,
0.0,
8.0,
1.0,
0.0,
0.0,
0.0,
0.0,
0.0,
3.0,
0.0,
8.0,
4.0,
0.0,
23.0,
62.0,
45.0,
40.0,
28.0,
32.0,
44.0,
14.0,
0.0,
5.0,
4.0,
94.0,
255.0,
255.0,
21.0,
0.0,
0.0,
3.0,
0.0,
0.0,
0.0,
0.0,
11.0,
0.0,
0.0,
3.0,
0.0,
0.0,
0.0,
0.0,
0.0,
7.0,
14.0,
13.0,
0.0,
0.0,
0.0,
0.0,
0.0,
80.0,
250.0,
255.0,
67.0,
4.0,
0.0,
4.0,
0.0,
0.0,
0.0,
0.0,
4.0,
0.0,
4.0,
3.0,
0.0,
5.0,
8.0,
0.0,
0.0,
0.0,
0.0,
3.0,
0.0,
3.0,
7.0,
0.0,
11.0,
104.0,
255.0,
248.0,
130.0,
0.0,
6.0,
4.0,
0.0,
0.0,
0.0,
0.0,
0.0,
0.0,
6.0,
2.0,
5.0,
1.0,
4.0,
2.0,
10.0,
0.0,
0.0,
16.0,
5.0,
8.0,
0.0,
1.0,
0.0,
144.0,
252.0,
245.0,
159.0,
0.0,
2.0,
0.0,
0.0,
0.0,
0.0,
0.0,
0.0,
7.0,
0.0,
0.0,
15.0,
0.0,
0.0,
6.0,
0.0,
11.0,
0.0,
0.0,
0.0,
4.0,
0.0,
3.0,
2.0,
224.0,
254.0,
249.0,
136.0,
3.0,
0.0,
5.0,
0.0,
0.0,
0.0,
0.0,
0.0,
0.0,
0.0,
0.0,
0.0,
0.0,
0.0,
0.0,
0.0,
0.0,
0.0,
0.0,
0.0,
0.0,
0.0,
0.0,
0.0,
164.0,
255.0,
255.0,
21.0,
16.0,
0.0,
0.0,
0.0,
0.0,
0.0,
0.0,
0.0,
0.0,
0.0,
0.0,
0.0,
0.0,
0.0,
0.0,
0.0,
0.0,
0.0,
0.0,
0.0,
0.0,
0.0,
0.0,
0.0,
129.0,
223.0,
159.0,
0.0,
0.0,
7.0,
15.0,
0.0,
0.0,
0.0,
0.0,
0.0,
0.0,
0.0,
0.0,
0.0,
0.0,
0.0,
0.0,
0.0,
0.0,
0.0,
0.0,
0.0,
0.0,
0.0,
0.0,
6.0,
0.0,
7.0,
0.0,
10.0,
0.0,
6.0,
0.0,
0.0,
0.0,
0.0,
0.0,
0.0,
0.0,
0.0,
0.0,
0.0,
0.0,
0.0,
0.0,
0.0,
0.0,
0.0,
0.0,
0.0,
0.0,
0.0,
0.0,
7.0,
0.0,
0.0,
7.0,
5.0,
0.0,
0.0,
21.0,
0.0,
0.0,
0.0,
0.0,
