0.0,
0.0,
0.0,
0.0,
0.0,
0.0,
0.0,
0.0,
2.0,
0.0,
0.0,
4.0,
0.0,
3.0,
4.0,
0.0,
0.0,
3.0,
6.0,
0.0,
0.0,
0.0,
14.0,
0.0,
0.0,
0.0,
0.0,
0.0,
0.0,
0.0,
0.0,
0.0,
0.0,
0.0,
0.0,
0.0,
3.0,
4.0,
5.0,
3.0,
0.0,
0.0,
2.0,
11.0,
5.0,
0.0,
0.0,
0.0,
14.0,
11.0,
0.0,
4.0,
0.0,
0.0,
0.0,
0.0,
0.0,
0.0,
0.0,
0.0,
0.0,
0.0,
0.0,
0.0,
0.0,
0.0,
0.0,
0.0,
10.0,
6.0,
0.0,
0.0,
0.0,
0.0,
14.0,
2.0,
0.0,
2.0,
6.0,
0.0,
0.0,
0.0,
0.0,
0.0,
0.0,
0.0,
0.0,
0.0,
0.0,
0.0,
0.0,
0.0,
9.0,
11.0,
4.0,
2.0,
4.0,
0.0,
0.0,
8.0,
8.0,
2.0,
0.0,
3.0,
14.0,
0.0,
2.0,
0.0,
0.0,
0.0,
0.0,
0.0,
0.0,
0.0,
0.0,
0.0,
0.0,
0.0,
0.0,
0.0,
0.0,
0.0,
0.0,
0.0,
10.0,
7.0,
0.0,
0.0,
0.0,
7.0,
7.0,
0.0,
16.0,
0.0,
0.0,
9.0,
0.0,
0.0,
0.0,
0.0,
0.0,
0.0,
0.0,
0.0,
0.0,
0.0,
0.0,
0.0,
9.0,
7.0,
9.0,
0.0,
0.0,
0.0,
6.0,
0.0,
25.0,
0.0,
19.0,
0.0,
0.0,
3.0,
4.0,
0.0,
0.0,
0.0,
0.0,
0.0,
0.0,
0.0,
0.0,
0.0,
0.0,
0.0,
0.0,
0.0,
3.0,
0.0,
4.0,
64.0,
140.0,
231.0,
255.0,
216.0,
149.0,
38.0,
0.0,
19.0,
11.0,
6.0,
0.0,
0.0,
0.0,
0.0,
0.0,
0.0,
0.0,
0.0,
0.0,
0.0,
0.0,
0.0,
0.0,
0.0,
0.0,
91.0,
225.0,
252.0,
177.0,
143.0,
139.0,
98.0,
139.0,
255.0,
33.0,
0.0,
0.0,
0.0,
2.0,
7.0,
0.0,
0.0,
0.0,
0.0,
0.0,
1.0,
0.0,
10.0,
0.0,
0.0,
0.0,
0.0,
101.0,
225.0,
191.0,
26.0,
0.0,
0.0,
0.0,
7.0,
0.0,
167.0,
204.0,
0.0,
11.0,
0.0,
0.0,
3.0,
0.0,
0.0,
0.0,
0.0,
0.0,
1.0,
0.0,
6.0,
0.0,
0.0,
5.0,
66.0,
247.0,
82.0,
1.0,
0.0,
8.0,
0.0,
0.0,
3.0,
0.0,
37.0,
216.0,
28.0,
0.0,
13.0,
3.0,
3.0,
0.0,
0.0,
0.0,
0.0,
0.0,
0.0,
2.0,
0.0,
0.0,
1.0,
15.0,
164.0,
212.0,
32.0,
0.0,
0.0,
10.0,
0.0,
0.0,
1.0,
11.0,
107.0,
243.0,
42.0,
0.0,
0.0,
4.0,
0.0,
0.0,
0.0,
0.0,
0.0,
1.0,
0.0,
6.0,
0.0,
4.0,
2.0,
22.0,
242.0,
133.0,
0.0,
8.0,
1.0,
0.0,
9.0,
13.0,
0.0,
133.0,
255.0,
241.0,
30.0,
12.0,
0.0,
6.0,
7.0,
0.0,
0.0,
0.0,
0.0,
1.0,
0.0,
7.0,
0.0,
4.0,
2.0,
22.0,
255.0,
115.0,
0.0,
0.0,
5.0,
18.0,
0.0,
0.0,
105.0,
246.0,
249.0,
121.0,
1.0,
0.0,
5.0,
0.0,
4.0,
0.0,
0.0,
0.0,
0.0,
2.0,
0.0,
5.0,
0.0,
2.0,
2.0,
14.0,
223.0,
115.0,
9.0,
5.0,
0.0,
0.0,
0.0,
98.0,
254.0,
255.0,
237.0,
30.0,
16.0,
0.0,
3.0,
5.0,
7.0,
0.0,
0.0,
0.0,
0.0,
3.0,
0.0,
2.0,
0.0,
0.0,
0.0,
4.0,
154.0,
184.0,
0.0,
0.0,
0.0,
0.0,
121.0,
251.0,
203.0,
205.0,
226.0,
0.0,
5.0,
0.0,
0.0,
4.0,
0.0,
0.0,
0.0,
0.0,
0.0,
4.0,
0.0,
0.0,
2.0,
0.0,
0.0,
0.0,
104.0,
248.0,
103.0,
19.0,
64.0,
202.0,
244.0,
161.0,
32.0,
200.0,
158.0,
2.0,
0.0,
0.0,
13.0,
0.0,
3.0,
0.0,
0.0,
0.0,
0.0,
0.0,
0.0,
0.0,
0.0,
0.0,
1.0,
1.0,
1.0,
187.0,
250.0,
251.0,
255.0,
234.0,
91.0,
4.0,
21.0,
255.0,
105.0,
14.0,
0.0,
0.0,
5.0,
1.0,
0.0,
0.0,
0.0,
0.0,
0.0,
0.0,
0.0,
0.0,
0.0,
0.0,
1.0,
1.0,
1.0,
27.0,
81.0,
112.0,
107.0,
45.0,
0.0,
3.0,
28.0,
253.0,
63.0,
0.0,
3.0,
6.0,
0.0,
0.0,
4.0,
0.0,
0.0,
0.0,
0.0,
0.0,
0.0,
0.0,
0.0,
0.0,
0.0,
1.0,
1.0,
0.0,
0.0,
0.0,
4.0,
0.0,
0.0,
16.0,
12.0,
253.0,
40.0,
0.0,
6.0,
8.0,
0.0,
0.0,
2.0,
0.0,
0.0,
0.0,
0.0,
0.0,
0.0,
0.0,
0.0,
0.0,
0.0,
0.0,
0.0,
3.0,
8.0,
0.0,
0.0,
14.0,
0.0,
0.0,
32.0,
255.0,
55.0,
6.0,
0.0,
0.0,
0.0,
10.0,
0.0,
0.0,
0.0,
0.0,
0.0,
0.0,
0.0,
0.0,
0.0,
0.0,
0.0,
0.0,
0.0,
0.0,
3.0,
0.0,
0.0,
6.0,
0.0,
0.0,
39.0,
255.0,
77.0,
5.0,
0.0,
0.0,
0.0,
10.0,
0.0,
0.0,
0.0,
0.0,
0.0,
1.0,
1.0,
0.0,
0.0,
0.0,
0.0,
0.0,
0.0,
11.0,
0.0,
0.0,
0.0,
0.0,
15.0,
12.0,
6.0,
250.0,
103.0,
0.0,
5.0,
10.0,
0.0,
0.0,
2.0,
0.0,
0.0,
0.0,
0.0,
1.0,
1.0,
1.0,
0.0,
0.0,
0.0,
0.0,
0.0,
0.0,
0.0,
16.0,
8.0,
0.0,
0.0,
1.0,
34.0,
249.0,
157.0,
0.0,
1.0,
9.0,
0.0,
0.0,
4.0,
0.0,
0.0,
0.0,
0.0,
1.0,
1.0,
1.0,
0.0,
0.0,
0.0,
0.0,
0.0,
0.0,
7.0,
0.0,
0.0,
14.0,
0.0,
0.0,
105.0,
255.0,
215.0,
8.0,
0.0,
0.0,
1.0,
5.0,
0.0,
0.0,
0.0,
0.0,
0.0,
0.0,
0.0,
0.0,
0.0,
0.0,
0.0,
0.0,
0.0,
1.0,
8.0,
0.0,
0.0,
11.0,
0.0,
8.0,
103.0,
254.0,
229.0,
29.0,
9.0,
0.0,
4.0,
0.0,
2.0,
0.0,
0.0,
0.0,
0.0,
0.0,
0.0,
0.0,
0.0,
0.0,
0.0,
0.0,
0.0,
0.0,
7.0,
0.0,
0.0,
10.0,
0.0,
0.0,
50.0,
223.0,
186.0,
21.0,
0.0,
0.0,
6.0,
0.0,
0.0,
0.0,
0.0,
0.0,
0.0,
0.0,
0.0,
0.0,
0.0,
0.0,
0.0,
0.0,
0.0,
0.0,
4.0,
2.0,
0.0,
3.0,
0.0,
0.0,
2.0,
3.0,
13.0,
0.0,
0.0,
0.0,
7.0,
0.0,
0.0,
0.0,
0.0,
0.0,
0.0,
0.0,
0.0,
0.0,
0.0,
0.0,
0.0,
0.0,
0.0,
2.0,
0.0,
0.0,
0.0,
0.0,
2.0,
3.0,
0.0,
0.0,
0.0,
15.0,
14.0,
0.0,
0.0,
0.0,
1.0,
0.0,
0.0,
0.0,
0.0,
