0.0,
0.0,
0.0,
0.0,
0.0,
0.0,
0.0,
0.0,
0.0,
0.0,
0.0,
1.0,
0.0,
0.0,
0.0,
0.0,
1.0,
0.0,
0.0,
4.0,
1.0,
1.0,
1.0,
0.0,
0.0,
0.0,
0.0,
0.0,
0.0,
0.0,
0.0,
0.0,
0.0,
0.0,
0.0,
0.0,
9.0,
0.0,
0.0,
0.0,
1.0,
5.0,
4.0,
2.0,
4.0,
11.0,
7.0,
0.0,
0.0,
1.0,
10.0,
8.0,
0.0,
0.0,
0.0,
0.0,
0.0,
0.0,
0.0,
0.0,
0.0,
0.0,
0.0,
0.0,
0.0,
0.0,
3.0,
6.0,
3.0,
0.0,
0.0,
0.0,
6.0,
0.0,
0.0,
1.0,
15.0,
0.0,
0.0,
0.0,
0.0,
0.0,
0.0,
0.0,
0.0,
0.0,
0.0,
0.0,
0.0,
0.0,
0.0,
0.0,
1.0,
4.0,
3.0,
0.0,
0.0,
0.0,
2.0,
6.0,
0.0,
12.0,
10.0,
0.0,
0.0,
1.0,
4.0,
12.0,
0.0,
0.0,
0.0,
0.0,
0.0,
0.0,
0.0,
0.0,
0.0,
0.0,
0.0,
0.0,
6.0,
4.0,
0.0,
0.0,
1.0,
5.0,
0.0,
0.0,
2.0,
0.0,
0.0,
0.0,
11.0,
8.0,
0.0,
0.0,
0.0,
0.0,
0.0,
0.0,
0.0,
0.0,
0.0,
0.0,
0.0,
0.0,
0.0,
0.0,
0.0,
1.0,
3.0,
0.0,
0.0,
0.0,
6.0,
9.0,
13.0,
2.0,
1.0,
0.0,
0.0,
0.0,
3.0,
0.0,
0.0,
0.0,
0.0,
0.0,
0.0,
0.0,
0.0,
0.0,
0.0,
0.0,
0.0,
0.0,
5.0,
4.0,
0.0,
0.0,
25.0,
76.0,
121.0,
144.0,
213.0,
255.0,
252.0,
126.0,
0.0,
0.0,
22.0,
0.0,
0.0,
0.0,
0.0,
0.0,
0.0,
0.0,
0.0,
0.0,
0.0,
0.0,
0.0,
0.0,
0.0,
0.0,
4.0,
66.0,
168.0,
250.0,
255.0,
251.0,
255.0,
242.0,
255.0,
237.0,
102.0,
4.0,
0.0,
3.0,
0.0,
0.0,
0.0,
0.0,
0.0,
0.0,
0.0,
5.0,
0.0,
0.0,
17.0,
0.0,
13.0,
67.0,
186.0,
249.0,
255.0,
254.0,
198.0,
211.0,
115.0,
99.0,
226.0,
250.0,
183.0,
9.0,
0.0,
6.0,
0.0,
0.0,
0.0,
0.0,
3.0,
2.0,
0.0,
0.0,
3.0,
2.0,
0.0,
0.0,
116.0,
255.0,
255.0,
243.0,
169.0,
115.0,
0.0,
1.0,
5.0,
13.0,
68.0,
253.0,
190.0,
2.0,
3.0,
0.0,
0.0,
0.0,
0.0,
0.0,
0.0,
9.0,
0.0,
0.0,
0.0,
6.0,
0.0,
79.0,
255.0,
247.0,
229.0,
75.0,
15.0,
0.0,
12.0,
0.0,
0.0,
2.0,
95.0,
251.0,
189.0,
0.0,
0.0,
0.0,
0.0,
0.0,
0.0,
0.0,
0.0,
9.0,
3.0,
0.0,
0.0,
5.0,
3.0,
179.0,
247.0,
208.0,
28.0,
0.0,
0.0,
0.0,
9.0,
0.0,
9.0,
110.0,
239.0,
255.0,
138.0,
0.0,
0.0,
4.0,
0.0,
0.0,
0.0,
0.0,
3.0,
3.0,
0.0,
3.0,
2.0,
1.0,
0.0,
191.0,
255.0,
165.0,
27.0,
0.0,
6.0,
10.0,
0.0,
2.0,
12.0,
219.0,
255.0,
236.0,
52.0,
0.0,
11.0,
0.0,
0.0,
0.0,
0.0,
0.0,
3.0,
0.0,
0.0,
4.0,
1.0,
0.0,
4.0,
187.0,
237.0,
221.0,
0.0,
2.0,
0.0,
3.0,
0.0,
27.0,
130.0,
255.0,
227.0,
115.0,
3.0,
0.0,
2.0,
0.0,
0.0,
0.0,
0.0,
0.0,
0.0,
0.0,
7.0,
0.0,
0.0,
0.0,
11.0,
133.0,
255.0,
242.0,
213.0,
86.0,
6.0,
7.0,
135.0,
202.0,
254.0,
252.0,
153.0,
5.0,
3.0,
0.0,
0.0,
3.0,
0.0,
0.0,
0.0,
0.0,
5.0,
0.0,
0.0,
0.0,
9.0,
5.0,
0.0,
15.0,
150.0,
250.0,
246.0,
253.0,
255.0,
254.0,
240.0,
255.0,
243.0,
247.0,
32.0,
0.0,
10.0,
0.0,
6.0,
0.0,
0.0,
0.0,
0.0,
0.0,
0.0,
0.0,
0.0,
0.0,
0.0,
0.0,
0.0,
0.0,
5.0,
81.0,
201.0,
255.0,
253.0,
254.0,
238.0,
255.0,
249.0,
101.0,
2.0,
0.0,
2.0,
3.0,
0.0,
0.0,
0.0,
0.0,
0.0,
0.0,
0.0,
0.0,
0.0,
0.0,
0.0,
0.0,
0.0,
0.0,
0.0,
1.0,
8.0,
0.0,
0.0,
23.0,
215.0,
254.0,
252.0,
32.0,
0.0,
15.0,
0.0,
3.0,
7.0,
0.0,
0.0,
0.0,
0.0,
0.0,
0.0,
0.0,
0.0,
0.0,
0.0,
0.0,
0.0,
0.0,
5.0,
0.0,
0.0,
9.0,
0.0,
70.0,
255.0,
249.0,
181.0,
0.0,
0.0,
22.0,
0.0,
6.0,
7.0,
0.0,
0.0,
0.0,
0.0,
0.0,
0.0,
0.0,
0.0,
0.0,
0.0,
0.0,
0.0,
0.0,
0.0,
0.0,
0.0,
18.0,
0.0,
184.0,
251.0,
234.0,
53.0,
0.0,
5.0,
4.0,
0.0,
7.0,
0.0,
2.0,
0.0,
0.0,
0.0,
0.0,
0.0,
0.0,
0.0,
0.0,
0.0,
0.0,
0.0,
0.0,
1.0,
5.0,
3.0,
0.0,
48.0,
242.0,
250.0,
185.0,
0.0,
12.0,
5.0,
0.0,
3.0,
0.0,
0.0,
2.0,
0.0,
0.0,
0.0,
0.0,
0.0,
0.0,
0.0,
0.0,
0.0,
0.0,
0.0,
0.0,
0.0,
0.0,
7.0,
0.0,
196.0,
255.0,
247.0,
53.0,
0.0,
7.0,
0.0,
4.0,
2.0,
0.0,
10.0,
0.0,
0.0,
0.0,
0.0,
0.0,
0.0,
0.0,
0.0,
0.0,
0.0,
0.0,
0.0,
0.0,
16.0,
4.0,
0.0,
42.0,
254.0,
248.0,
226.0,
0.0,
12.0,
0.0,
0.0,
5.0,
0.0,
0.0,
8.0,
0.0,
0.0,
0.0,
0.0,
0.0,
0.0,
0.0,
0.0,
0.0,
0.0,
0.0,
0.0,
0.0,
0.0,
1.0,
0.0,
148.0,
255.0,
245.0,
173.0,
0.0,
0.0,
0.0,
5.0,
0.0,
0.0,
8.0,
0.0,
1.0,
0.0,
0.0,
0.0,
0.0,
0.0,
0.0,
0.0,
0.0,
0.0,
0.0,
0.0,
0.0,
0.0,
17.0,
0.0,
185.0,
254.0,
240.0,
84.0,
0.0,
0.0,
0.0,
0.0,
0.0,
0.0,
0.0,
0.0,
0.0,
0.0,
0.0,
0.0,
0.0,
0.0,
0.0,
0.0,
0.0,
0.0,
0.0,
0.0,
0.0,
4.0,
0.0,
14.0,
223.0,
255.0,
122.0,
0.0,
0.0,
0.0,
0.0,
0.0,
0.0,
0.0,
0.0,
0.0,
0.0,
0.0,
0.0,
0.0,
0.0,
0.0,
0.0,
0.0,
0.0,
0.0,
0.0,
0.0,
0.0,
0.0,
20.0,
0.0,
0.0,
3.0,
0.0,
3.0,
0.0,
0.0,
0.0,
0.0,
0.0,
0.0,
0.0,
0.0,
0.0,
0.0,
0.0,
0.0,
0.0,
0.0,
0.0,
0.0,
0.0,
0.0,
0.0,
0.0,
0.0,
0.0,
2.0,
0.0,
5.0,
18.0,
0.0,
0.0,
6.0,
0.0,
0.0,
0.0,
0.0,
0.0,
0.0,
0.0,
0.0,
0.0,
0.0,
0.0,
0.0,
