0.0,
0.0,
0.0,
0.0,
0.0,
0.0,
0.0,
0.0,
0.0,
6.0,
6.0,
0.0,
0.0,
4.0,
0.0,
0.0,
0.0,
13.0,
0.0,
2.0,
1.0,
0.0,
2.0,
0.0,
0.0,
0.0,
0.0,
0.0,
0.0,
0.0,
0.0,
0.0,
0.0,
0.0,
0.0,
0.0,
7.0,
3.0,
0.0,
0.0,
2.0,
6.0,
5.0,
1.0,
11.0,
0.0,
0.0,
0.0,
0.0,
0.0,
4.0,
0.0,
0.0,
0.0,
0.0,
0.0,
0.0,
0.0,
0.0,
0.0,
0.0,
0.0,
0.0,
0.0,
5.0,
0.0,
0.0,
5.0,
2.0,
0.0,
0.0,
0.0,
0.0,
0.0,
18.0,
9.0,
11.0,
0.0,
4.0,
3.0,
0.0,
0.0,
0.0,
0.0,
0.0,
0.0,
0.0,
0.0,
0.0,
0.0,
0.0,
0.0,
0.0,
0.0,
2.0,
7.0,
0.0,
0.0,
4.0,
0.0,
2.0,
0.0,
3.0,
0.0,
0.0,
1.0,
1.0,
0.0,
0.0,
0.0,
0.0,
0.0,
0.0,
0.0,
0.0,
0.0,
0.0,
0.0,
0.0,
0.0,
4.0,
3.0,
2.0,
0.0,
0.0,
3.0,
7.0,
3.0,
2.0,
6.0,
7.0,
4.0,
0.0,
4.0,
0.0,
0.0,
0.0,
0.0,
0.0,
0.0,
0.0,
0.0,
0.0,
0.0,
0.0,
0.0,
0.0,
0.0,
0.0,
3.0,
0.0,
0.0,
6.0,
0.0,
0.0,
0.0,
0.0,
3.0,
0.0,
0.0,
8.0,
1.0,
2.0,
3.0,
0.0,
0.0,
0.0,
0.0,
0.0,
0.0,
0.0,
0.0,
0.0,
0.0,
0.0,
0.0,
0.0,
4.0,
0.0,
0.0,
9.0,
0.0,
15.0,
85.0,
131.0,
214.0,
255.0,
251.0,
186.0,
0.0,
0.0,
2.0,
0.0,
0.0,
0.0,
0.0,
0.0,
0.0,
0.0,
0.0,
0.0,
0.0,
0.0,
0.0,
1.0,
14.0,
0.0,
0.0,
1.0,
4.0,
94.0,
249.0,
254.0,
250.0,
230.0,
222.0,
241.0,
32.0,
11.0,
0.0,
0.0,
0.0,
0.0,
0.0,
0.0,
4.0,
7.0,
0.0,
10.0,
2.0,
2.0,
0.0,
1.0,
0.0,
4.0,
4.0,
37.0,
193.0,
254.0,
251.0,
222.0,
127.0,
0.0,
0.0,
46.0,
0.0,
0.0,
6.0,
0.0,
0.0,
0.0,
0.0,
0.0,
2.0,
0.0,
3.0,
1.0,
0.0,
5.0,
2.0,
5.0,
13.0,
4.0,
107.0,
228.0,
248.0,
236.0,
71.0,
0.0,
0.0,
22.0,
128.0,
185.0,
114.0,
1.0,
0.0,
0.0,
0.0,
0.0,
0.0,
0.0,
1.0,
0.0,
11.0,
0.0,
0.0,
8.0,
0.0,
10.0,
33.0,
180.0,
247.0,
255.0,
156.0,
21.0,
0.0,
5.0,
16.0,
168.0,
255.0,
221.0,
48.0,
11.0,
0.0,
0.0,
0.0,
0.0,
0.0,
0.0,
5.0,
0.0,
0.0,
0.0,
14.0,
0.0,
0.0,
29.0,
229.0,
255.0,
255.0,
132.0,
0.0,
6.0,
15.0,
73.0,
189.0,
248.0,
237.0,
188.0,
0.0,
9.0,
2.0,
0.0,
0.0,
0.0,
0.0,
0.0,
4.0,
3.0,
0.0,
0.0,
9.0,
0.0,
55.0,
239.0,
255.0,
234.0,
140.0,
6.0,
0.0,
48.0,
138.0,
219.0,
255.0,
253.0,
254.0,
124.0,
2.0,
0.0,
0.0,
0.0,
0.0,
0.0,
0.0,
3.0,
0.0,
4.0,
0.0,
2.0,
0.0,
27.0,
180.0,
252.0,
217.0,
123.0,
0.0,
43.0,
159.0,
243.0,
255.0,
180.0,
171.0,
238.0,
196.0,
13.0,
0.0,
12.0,
2.0,
0.0,
0.0,
0.0,
0.0,
1.0,
0.0,
0.0,
7.0,
0.0,
3.0,
120.0,
255.0,
244.0,
103.0,
157.0,
229.0,
231.0,
255.0,
238.0,
69.0,
105.0,
226.0,
255.0,
66.0,
0.0,
1.0,
4.0,
0.0,
0.0,
0.0,
0.0,
0.0,
2.0,
2.0,
0.0,
2.0,
0.0,
6.0,
179.0,
247.0,
254.0,
249.0,
250.0,
250.0,
255.0,
191.0,
13.0,
18.0,
196.0,
255.0,
182.0,
7.0,
0.0,
3.0,
0.0,
7.0,
0.0,
0.0,
0.0,
0.0,
0.0,
0.0,
3.0,
2.0,
0.0,
0.0,
106.0,
237.0,
249.0,
255.0,
197.0,
124.0,
8.0,
0.0,
29.0,
74.0,
255.0,
226.0,
33.0,
6.0,
0.0,
0.0,
11.0,
0.0,
0.0,
0.0,
0.0,
0.0,
2.0,
0.0,
0.0,
7.0,
9.0,
0.0,
0.0,
28.0,
111.0,
77.0,
7.0,
17.0,
0.0,
9.0,
0.0,
255.0,
255.0,
133.0,
4.0,
0.0,
7.0,
0.0,
4.0,
1.0,
0.0,
0.0,
0.0,
0.0,
7.0,
4.0,
0.0,
0.0,
4.0,
6.0,
0.0,
0.0,
0.0,
9.0,
0.0,
0.0,
7.0,
8.0,
106.0,
247.0,
209.0,
33.0,
0.0,
0.0,
11.0,
0.0,
0.0,
2.0,
0.0,
0.0,
0.0,
0.0,
0.0,
4.0,
3.0,
0.0,
2.0,
3.0,
0.0,
3.0,
11.0,
5.0,
4.0,
0.0,
0.0,
18.0,
255.0,
253.0,
101.0,
0.0,
11.0,
0.0,
2.0,
0.0,
2.0,
0.0,
0.0,
0.0,
0.0,
0.0,
0.0,
1.0,
0.0,
0.0,
9.0,
1.0,
0.0,
0.0,
0.0,
0.0,
0.0,
5.0,
1.0,
154.0,
251.0,
236.0,
15.0,
1.0,
12.0,
0.0,
0.0,
2.0,
2.0,
0.0,
0.0,
0.0,
0.0,
0.0,
10.0,
4.0,
0.0,
0.0,
5.0,
1.0,
2.0,
18.0,
7.0,
9.0,
7.0,
0.0,
39.0,
249.0,
235.0,
118.0,
0.0,
10.0,
0.0,
0.0,
0.0,
5.0,
0.0,
1.0,
0.0,
0.0,
0.0,
0.0,
0.0,
3.0,
6.0,
6.0,
4.0,
0.0,
0.0,
0.0,
0.0,
0.0,
10.0,
25.0,
196.0,
253.0,
242.0,
0.0,
4.0,
2.0,
0.0,
1.0,
0.0,
5.0,
0.0,
3.0,
0.0,
0.0,
0.0,
0.0,
0.0,
5.0,
0.0,
0.0,
4.0,
9.0,
3.0,
2.0,
4.0,
0.0,
1.0,
0.0,
235.0,
246.0,
251.0,
0.0,
5.0,
0.0,
13.0,
4.0,
0.0,
4.0,
0.0,
0.0,
0.0,
0.0,
0.0,
0.0,
0.0,
0.0,
0.0,
0.0,
0.0,
0.0,
0.0,
0.0,
0.0,
0.0,
23.0,
86.0,
238.0,
255.0,
180.0,
7.0,
0.0,
0.0,
0.0,
0.0,
0.0,
0.0,
0.0,
0.0,
0.0,
0.0,
0.0,
0.0,
0.0,
0.0,
0.0,
0.0,
0.0,
0.0,
0.0,
0.0,
0.0,
31.0,
0.0,
44.0,
255.0,
186.0,
11.0,
0.0,
0.0,
0.0,
0.0,
0.0,
0.0,
0.0,
0.0,
0.0,
0.0,
0.0,
0.0,
0.0,
0.0,
0.0,
0.0,
0.0,
0.0,
0.0,
0.0,
0.0,
16.0,
0.0,
0.0,
9.0,
2.0,
0.0,
2.0,
2.0,
0.0,
0.0,
0.0,
0.0,
0.0,
0.0,
0.0,
0.0,
0.0,
0.0,
0.0,
0.0,
0.0,
0.0,
0.0,
0.0,
0.0,
0.0,
0.0,
0.0,
0.0,
9.0,
14.0,
13.0,
0.0,
3.0,
1.0,
2.0,
0.0,
0.0,
0.0,
0.0,
0.0,
0.0,
0.0,
0.0,
0.0,
0.0,
0.0,
0.0,
