0.0,
0.0,
0.0,
0.0,
0.0,
0.0,
0.0,
0.0,
0.0,
5.0,
6.0,
0.0,
0.0,
0.0,
0.0,
0.0,
0.0,
0.0,
0.0,
0.0,
6.0,
4.0,
0.0,
1.0,
0.0,
0.0,
0.0,
0.0,
0.0,
0.0,
0.0,
0.0,
0.0,
0.0,
0.0,
0.0,
10.0,
0.0,
0.0,
0.0,
9.0,
8.0,
5.0,
5.0,
0.0,
3.0,
2.0,
4.0,
3.0,
0.0,
0.0,
6.0,
0.0,
0.0,
0.0,
0.0,
0.0,
0.0,
0.0,
0.0,
0.0,
0.0,
0.0,
0.0,
0.0,
4.0,
11.0,
3.0,
0.0,
0.0,
0.0,
0.0,
2.0,
0.0,
0.0,
0.0,
0.0,
0.0,
0.0,
8.0,
0.0,
0.0,
0.0,
0.0,
0.0,
0.0,
0.0,
0.0,
0.0,
0.0,
0.0,
0.0,
4.0,
4.0,
0.0,
0.0,
0.0,
11.0,
12.0,
5.0,
5.0,
0.0,
0.0,
0.0,
0.0,
5.0,
5.0,
0.0,
0.0,
0.0,
0.0,
0.0,
0.0,
0.0,
0.0,
0.0,
0.0,
0.0,
0.0,
0.0,
0.0,
0.0,
3.0,
14.0,
7.0,
0.0,
0.0,
0.0,
0.0,
0.0,
3.0,
3.0,
0.0,
6.0,
7.0,
0.0,
0.0,
0.0,
0.0,
0.0,
0.0,
0.0,
0.0,
0.0,
0.0,
0.0,
0.0,
0.0,
0.0,
8.0,
2.0,
0.0,
0.0,
7.0,
11.0,
0.0,
10.0,
0.0,
0.0,
5.0,
0.0,
0.0,
6.0,
0.0,
0.0,
0.0,
0.0,
0.0,
0.0,
0.0,
0.0,
0.0,
0.0,
0.0,
0.0,
0.0,
7.0,
0.0,
0.0,
38.0,
142.0,
243.0,
255.0,
246.0,
117.0,
33.0,
0.0,
2.0,
0.0,
0.0,
4.0,
2.0,
0.0,
0.0,
0.0,
0.0,
0.0,
0.0,
0.0,
0.0,
0.0,
0.0,
0.0,
0.0,
0.0,
3.0,
79.0,
198.0,
255.0,
251.0,
242.0,
255.0,
255.0,
100.0,
0.0,
4.0,
8.0,
0.0,
0.0,
0.0,
0.0,
0.0,
0.0,
0.0,
0.0,
0.0,
0.0,
0.0,
0.0,
0.0,
0.0,
0.0,
3.0,
0.0,
197.0,
248.0,
255.0,
195.0,
168.0,
165.0,
249.0,
240.0,
113.0,
7.0,
0.0,
4.0,
0.0,
17.0,
0.0,
0.0,
0.0,
0.0,
0.0,
0.0,
0.0,
0.0,
0.0,
0.0,
0.0,
0.0,
0.0,
161.0,
230.0,
255.0,
21.0,
0.0,
21.0,
12.0,
34.0,
169.0,
255.0,
123.0,
15.0,
0.0,
19.0,
0.0,
0.0,
0.0,
0.0,
0.0,
0.0,
0.0,
0.0,
0.0,
0.0,
0.0,
0.0,
0.0,
33.0,
203.0,
255.0,
132.0,
0.0,
14.0,
0.0,
0.0,
0.0,
186.0,
243.0,
131.0,
1.0,
3.0,
0.0,
3.0,
0.0,
0.0,
0.0,
0.0,
0.0,
0.0,
0.0,
0.0,
0.0,
0.0,
0.0,
0.0,
219.0,
253.0,
188.0,
10.0,
5.0,
5.0,
0.0,
20.0,
4.0,
155.0,
250.0,
122.0,
31.0,
0.0,
0.0,
6.0,
0.0,
0.0,
0.0,
0.0,
0.0,
0.0,
0.0,
0.0,
0.0,
0.0,
0.0,
0.0,
255.0,
238.0,
179.0,
0.0,
0.0,
1.0,
15.0,
0.0,
54.0,
242.0,
255.0,
19.0,
0.0,
1.0,
0.0,
4.0,
0.0,
0.0,
0.0,
0.0,
0.0,
0.0,
0.0,
0.0,
0.0,
0.0,
0.0,
0.0,
195.0,
255.0,
251.0,
69.0,
6.0,
0.0,
0.0,
8.0,
253.0,
248.0,
247.0,
131.0,
12.0,
9.0,
0.0,
2.0,
0.0,
0.0,
0.0,
0.0,
0.0,
0.0,
0.0,
0.0,
0.0,
0.0,
0.0,
0.0,
13.0,
211.0,
224.0,
255.0,
148.0,
73.0,
58.0,
145.0,
243.0,
255.0,
248.0,
28.0,
0.0,
0.0,
7.0,
0.0,
0.0,
0.0,
0.0,
0.0,
0.0,
0.0,
0.0,
0.0,
0.0,
0.0,
0.0,
0.0,
0.0,
86.0,
249.0,
245.0,
241.0,
255.0,
225.0,
226.0,
255.0,
243.0,
172.0,
0.0,
0.0,
15.0,
0.0,
5.0,
0.0,
0.0,
0.0,
0.0,
0.0,
0.0,
0.0,
0.0,
0.0,
0.0,
0.0,
0.0,
1.0,
8.0,
75.0,
171.0,
206.0,
173.0,
53.0,
118.0,
249.0,
255.0,
154.0,
0.0,
10.0,
0.0,
5.0,
0.0,
0.0,
0.0,
0.0,
0.0,
0.0,
0.0,
0.0,
0.0,
0.0,
0.0,
0.0,
0.0,
0.0,
0.0,
0.0,
4.0,
0.0,
17.0,
5.0,
158.0,
250.0,
255.0,
176.0,
5.0,
1.0,
0.0,
0.0,
3.0,
0.0,
0.0,
0.0,
0.0,
0.0,
0.0,
0.0,
0.0,
0.0,
0.0,
0.0,
0.0,
3.0,
5.0,
8.0,
3.0,
0.0,
9.0,
1.0,
158.0,
254.0,
250.0,
141.0,
0.0,
0.0,
5.0,
0.0,
0.0,
0.0,
0.0,
0.0,
0.0,
0.0,
0.0,
0.0,
0.0,
0.0,
0.0,
0.0,
0.0,
0.0,
0.0,
0.0,
1.0,
2.0,
7.0,
0.0,
147.0,
255.0,
244.0,
79.0,
0.0,
0.0,
11.0,
0.0,
0.0,
0.0,
0.0,
0.0,
0.0,
0.0,
0.0,
0.0,
0.0,
0.0,
0.0,
0.0,
0.0,
13.0,
6.0,
0.0,
0.0,
0.0,
0.0,
6.0,
218.0,
255.0,
255.0,
48.0,
15.0,
0.0,
0.0,
0.0,
5.0,
0.0,
0.0,
0.0,
0.0,
0.0,
0.0,
0.0,
0.0,
0.0,
0.0,
0.0,
0.0,
0.0,
0.0,
0.0,
11.0,
2.0,
0.0,
3.0,
229.0,
255.0,
253.0,
41.0,
10.0,
0.0,
0.0,
1.0,
1.0,
0.0,
0.0,
0.0,
0.0,
0.0,
0.0,
0.0,
0.0,
0.0,
0.0,
0.0,
0.0,
0.0,
0.0,
0.0,
2.0,
5.0,
1.0,
3.0,
220.0,
253.0,
246.0,
84.0,
0.0,
4.0,
4.0,
5.0,
0.0,
0.0,
0.0,
0.0,
0.0,
0.0,
0.0,
0.0,
0.0,
0.0,
0.0,
0.0,
0.0,
0.0,
9.0,
2.0,
0.0,
0.0,
0.0,
6.0,
222.0,
251.0,
255.0,
161.0,
0.0,
3.0,
0.0,
0.0,
0.0,
0.0,
0.0,
0.0,
0.0,
0.0,
0.0,
0.0,
0.0,
0.0,
0.0,
0.0,
0.0,
2.0,
0.0,
7.0,
0.0,
10.0,
0.0,
12.0,
217.0,
251.0,
251.0,
135.0,
3.0,
0.0,
9.0,
0.0,
0.0,
0.0,
0.0,
0.0,
0.0,
0.0,
0.0,
0.0,
0.0,
0.0,
0.0,
0.0,
0.0,
4.0,
0.0,
11.0,
0.0,
0.0,
0.0,
0.0,
85.0,
255.0,
169.0,
39.0,
0.0,
9.0,
5.0,
0.0,
4.0,
0.0,
0.0,
0.0,
0.0,
0.0,
0.0,
0.0,
0.0,
0.0,
0.0,
0.0,
0.0,
2.0,
0.0,
9.0,
3.0,
0.0,
7.0,
2.0,
0.0,
0.0,
0.0,
0.0,
6.0,
16.0,
0.0,
0.0,
3.0,
0.0,
0.0,
0.0,
0.0,
0.0,
0.0,
0.0,
0.0,
0.0,
0.0,
0.0,
0.0,
0.0,
0.0,
1.0,
14.0,
0.0,
0.0,
9.0,
0.0,
0.0,
11.0,
13.0,
0.0,
0.0,
0.0,
10.0,
3.0,
0.0,
0.0,
0.0,
0.0,
