0.0,
0.0,
0.0,
0.0,
0.0,
0.0,
0.0,
0.0,
0.0,
0.0,
4.0,
3.0,
0.0,
4.0,
6.0,
0.0,
0.0,
14.0,
0.0,
7.0,
0.0,
0.0,
0.0,
3.0,
0.0,
0.0,
0.0,
0.0,
0.0,
0.0,
0.0,
0.0,
0.0,
0.0,
0.0,
0.0,
16.0,
0.0,
0.0,
0.0,
0.0,
0.0,
0.0,
0.0,
0.0,
0.0,
0.0,
0.0,
0.0,
0.0,
6.0,
8.0,
0.0,
0.0,
0.0,
0.0,
0.0,
0.0,
0.0,
0.0,
0.0,
0.0,
0.0,
0.0,
0.0,
0.0,
4.0,
2.0,
5.0,
12.0,
8.0,
0.0,
10.0,
0.0,
13.0,
11.0,
6.0,
5.0,
0.0,
0.0,
0.0,
0.0,
0.0,
0.0,
0.0,
0.0,
0.0,
0.0,
0.0,
0.0,
0.0,
0.0,
0.0,
9.0,
5.0,
0.0,
0.0,
0.0,
0.0,
0.0,
4.0,
0.0,
3.0,
0.0,
0.0,
0.0,
2.0,
7.0,
0.0,
0.0,
0.0,
0.0,
0.0,
0.0,
0.0,
0.0,
0.0,
0.0,
0.0,
0.0,
0.0,
0.0,
0.0,
7.0,
12.0,
0.0,
0.0,
15.0,
0.0,
0.0,
8.0,
13.0,
5.0,
0.0,
0.0,
0.0,
0.0,
0.0,
0.0,
0.0,
0.0,
0.0,
0.0,
0.0,
0.0,
0.0,
0.0,
0.0,
0.0,
13.0,
0.0,
0.0,
0.0,
11.0,
0.0,
0.0,
2.0,
7.0,
0.0,
0.0,
0.0,
3.0,
0.0,
5.0,
0.0,
0.0,
0.0,
0.0,
0.0,
0.0,
0.0,
0.0,
0.0,
0.0,
0.0,
0.0,
0.0,
10.0,
0.0,
15.0,
102.0,
167.0,
168.0,
155.0,
207.0,
172.0,
15.0,
1.0,
0.0,
0.0,
0.0,
8.0,
0.0,
0.0,
0.0,
0.0,
0.0,
0.0,
0.0,
0.0,
0.0,
0.0,
0.0,
0.0,
8.0,
0.0,
6.0,
128.0,
254.0,
255.0,
218.0,
220.0,
241.0,
202.0,
1.0,
1.0,
1.0,
11.0,
0.0,
0.0,
0.0,
0.0,
0.0,
0.0,
0.0,
0.0,
0.0,
0.0,
0.0,
0.0,
0.0,
0.0,
0.0,
7.0,
171.0,
249.0,
213.0,
67.0,
26.0,
12.0,
90.0,
113.0,
33.0,
0.0,
3.0,
17.0,
0.0,
6.0,
0.0,
0.0,
0.0,
0.0,
0.0,
0.0,
0.0,
0.0,
0.0,
0.0,
0.0,
0.0,
4.0,
69.0,
255.0,
198.0,
43.0,
0.0,
6.0,
0.0,
0.0,
118.0,
255.0,
38.0,
5.0,
0.0,
10.0,
0.0,
0.0,
0.0,
0.0,
0.0,
0.0,
0.0,
0.0,
0.0,
0.0,
0.0,
0.0,
0.0,
0.0,
255.0,
200.0,
0.0,
0.0,
20.0,
0.0,
18.0,
0.0,
199.0,
245.0,
59.0,
1.0,
2.0,
0.0,
12.0,
0.0,
0.0,
0.0,
0.0,
0.0,
0.0,
0.0,
0.0,
0.0,
0.0,
0.0,
0.0,
2.0,
242.0,
66.0,
9.0,
4.0,
0.0,
0.0,
6.0,
41.0,
255.0,
249.0,
4.0,
8.0,
0.0,
1.0,
0.0,
0.0,
0.0,
0.0,
0.0,
0.0,
0.0,
0.0,
0.0,
0.0,
0.0,
0.0,
0.0,
13.0,
255.0,
14.0,
0.0,
0.0,
2.0,
15.0,
0.0,
126.0,
234.0,
255.0,
0.0,
0.0,
0.0,
11.0,
0.0,
0.0,
0.0,
0.0,
0.0,
0.0,
0.0,
0.0,
0.0,
0.0,
0.0,
0.0,
0.0,
99.0,
250.0,
25.0,
0.0,
6.0,
7.0,
0.0,
13.0,
144.0,
246.0,
167.0,
9.0,
0.0,
3.0,
0.0,
12.0,
0.0,
0.0,
0.0,
0.0,
0.0,
0.0,
0.0,
0.0,
0.0,
0.0,
0.0,
0.0,
21.0,
252.0,
164.0,
0.0,
0.0,
5.0,
0.0,
0.0,
112.0,
255.0,
119.0,
0.0,
16.0,
0.0,
7.0,
0.0,
0.0,
0.0,
0.0,
0.0,
0.0,
0.0,
0.0,
0.0,
0.0,
0.0,
0.0,
0.0,
1.0,
250.0,
242.0,
30.0,
7.0,
0.0,
16.0,
14.0,
244.0,
231.0,
59.0,
0.0,
0.0,
0.0,
0.0,
2.0,
0.0,
0.0,
0.0,
0.0,
0.0,
0.0,
0.0,
0.0,
0.0,
0.0,
0.0,
0.0,
5.0,
209.0,
255.0,
199.0,
67.0,
0.0,
72.0,
215.0,
255.0,
253.0,
65.0,
7.0,
0.0,
0.0,
9.0,
0.0,
0.0,
0.0,
0.0,
0.0,
0.0,
0.0,
0.0,
0.0,
0.0,
0.0,
0.0,
0.0,
0.0,
63.0,
156.0,
255.0,
248.0,
242.0,
243.0,
218.0,
240.0,
238.0,
35.0,
3.0,
0.0,
0.0,
2.0,
0.0,
0.0,
0.0,
0.0,
0.0,
0.0,
0.0,
0.0,
0.0,
0.0,
0.0,
0.0,
0.0,
11.0,
0.0,
13.0,
116.0,
159.0,
209.0,
162.0,
28.0,
224.0,
228.0,
5.0,
1.0,
0.0,
0.0,
0.0,
0.0,
0.0,
0.0,
0.0,
0.0,
0.0,
0.0,
0.0,
0.0,
0.0,
0.0,
0.0,
0.0,
0.0,
14.0,
7.0,
0.0,
0.0,
8.0,
5.0,
0.0,
222.0,
232.0,
0.0,
2.0,
0.0,
2.0,
0.0,
0.0,
0.0,
0.0,
0.0,
0.0,
0.0,
0.0,
0.0,
0.0,
0.0,
0.0,
0.0,
0.0,
2.0,
12.0,
0.0,
0.0,
13.0,
8.0,
0.0,
30.0,
230.0,
233.0,
6.0,
2.0,
0.0,
5.0,
2.0,
0.0,
0.0,
0.0,
0.0,
0.0,
0.0,
0.0,
0.0,
0.0,
0.0,
0.0,
0.0,
0.0,
0.0,
0.0,
1.0,
12.0,
2.0,
0.0,
0.0,
38.0,
239.0,
212.0,
9.0,
0.0,
0.0,
4.0,
0.0,
0.0,
0.0,
0.0,
0.0,
0.0,
0.0,
0.0,
0.0,
0.0,
0.0,
0.0,
0.0,
0.0,
10.0,
2.0,
0.0,
0.0,
0.0,
11.0,
11.0,
57.0,
247.0,
171.0,
0.0,
0.0,
0.0,
3.0,
0.0,
0.0,
0.0,
0.0,
0.0,
0.0,
0.0,
0.0,
0.0,
0.0,
0.0,
0.0,
0.0,
0.0,
0.0,
3.0,
3.0,
9.0,
2.0,
0.0,
0.0,
132.0,
251.0,
138.0,
0.0,
1.0,
6.0,
3.0,
0.0,
4.0,
0.0,
0.0,
0.0,
0.0,
0.0,
0.0,
0.0,
0.0,
0.0,
0.0,
0.0,
0.0,
10.0,
0.0,
7.0,
0.0,
8.0,
0.0,
0.0,
151.0,
255.0,
116.0,
15.0,
3.0,
0.0,
0.0,
5.0,
0.0,
0.0,
0.0,
0.0,
0.0,
0.0,
0.0,
0.0,
0.0,
0.0,
0.0,
0.0,
0.0,
7.0,
0.0,
4.0,
0.0,
7.0,
11.0,
20.0,
128.0,
242.0,
83.0,
0.0,
0.0,
5.0,
0.0,
0.0,
0.0,
0.0,
0.0,
0.0,
0.0,
0.0,
0.0,
0.0,
0.0,
0.0,
0.0,
0.0,
0.0,
4.0,
3.0,
8.0,
0.0,
0.0,
0.0,
0.0,
17.0,
11.0,
0.0,
0.0,
9.0,
0.0,
0.0,
10.0,
14.0,
0.0,
0.0,
0.0,
0.0,
0.0,
0.0,
0.0,
0.0,
0.0,
0.0,
0.0,
0.0,
0.0,
3.0,
5.0,
6.0,
2.0,
1.0,
0.0,
0.0,
0.0,
2.0,
14.0,
4.0,
0.0,
0.0,
1.0,
0.0,
0.0,
0.0,
0.0,
0.0,
