0.0,
0.0,
0.0,
0.0,
0.0,
0.0,
0.0,
0.0,
3.0,
0.0,
0.0,
0.0,
0.0,
2.0,
1.0,
0.0,
4.0,
0.0,
0.0,
3.0,
2.0,
0.0,
0.0,
3.0,
0.0,
0.0,
0.0,
0.0,
0.0,
0.0,
0.0,
0.0,
0.0,
0.0,
0.0,
0.0,
0.0,
3.0,
10.0,
9.0,
2.0,
0.0,
0.0,
0.0,
0.0,
0.0,
0.0,
1.0,
8.0,
5.0,
0.0,
0.0,
0.0,
0.0,
0.0,
0.0,
0.0,
0.0,
0.0,
0.0,
0.0,
0.0,
0.0,
0.0,
7.0,
2.0,
0.0,
0.0,
0.0,
4.0,
9.0,
12.0,
7.0,
8.0,
3.0,
0.0,
0.0,
0.0,
3.0,
8.0,
0.0,
0.0,
0.0,
0.0,
0.0,
0.0,
0.0,
0.0,
0.0,
0.0,
0.0,
0.0,
0.0,
0.0,
0.0,
2.0,
2.0,
0.0,
0.0,
0.0,
0.0,
0.0,
2.0,
0.0,
0.0,
1.0,
2.0,
0.0,
0.0,
0.0,
0.0,
0.0,
0.0,
0.0,
0.0,
0.0,
0.0,
0.0,
0.0,
0.0,
0.0,
0.0,
6.0,
6.0,
0.0,
0.0,
2.0,
14.0,
10.0,
7.0,
2.0,
0.0,
2.0,
4.0,
0.0,
0.0,
0.0,
0.0,
0.0,
0.0,
0.0,
0.0,
0.0,
0.0,
0.0,
0.0,
0.0,
0.0,
12.0,
0.0,
0.0,
0.0,
1.0,
0.0,
0.0,
0.0,
0.0,
0.0,
0.0,
0.0,
0.0,
0.0,
0.0,
7.0,
0.0,
0.0,
0.0,
0.0,
0.0,
0.0,
0.0,
0.0,
0.0,
0.0,
0.0,
0.0,
3.0,
0.0,
0.0,
4.0,
5.0,
0.0,
0.0,
1.0,
10.0,
0.0,
0.0,
6.0,
5.0,
0.0,
0.0,
6.0,
0.0,
0.0,
0.0,
0.0,
0.0,
0.0,
0.0,
0.0,
0.0,
0.0,
0.0,
0.0,
0.0,
4.0,
7.0,
0.0,
0.0,
22.0,
110.0,
192.0,
234.0,
136.0,
36.0,
0.0,
3.0,
5.0,
0.0,
0.0,
0.0,
0.0,
0.0,
0.0,
0.0,
6.0,
0.0,
0.0,
4.0,
1.0,
1.0,
0.0,
7.0,
0.0,
7.0,
87.0,
188.0,
244.0,
243.0,
252.0,
250.0,
254.0,
255.0,
53.0,
1.0,
2.0,
1.0,
0.0,
0.0,
0.0,
0.0,
0.0,
0.0,
3.0,
0.0,
0.0,
0.0,
0.0,
4.0,
0.0,
3.0,
0.0,
166.0,
255.0,
246.0,
192.0,
127.0,
41.0,
191.0,
250.0,
254.0,
82.0,
0.0,
6.0,
0.0,
4.0,
0.0,
0.0,
0.0,
0.0,
0.0,
0.0,
5.0,
1.0,
0.0,
1.0,
5.0,
0.0,
0.0,
106.0,
255.0,
251.0,
86.0,
0.0,
32.0,
80.0,
233.0,
255.0,
234.0,
17.0,
0.0,
0.0,
5.0,
13.0,
0.0,
0.0,
0.0,
0.0,
1.0,
0.0,
6.0,
2.0,
0.0,
4.0,
3.0,
0.0,
75.0,
255.0,
249.0,
55.0,
18.0,
6.0,
221.0,
226.0,
234.0,
251.0,
199.0,
0.0,
18.0,
1.0,
8.0,
0.0,
0.0,
0.0,
0.0,
0.0,
4.0,
0.0,
5.0,
0.0,
0.0,
6.0,
0.0,
6.0,
198.0,
247.0,
70.0,
27.0,
0.0,
0.0,
13.0,
0.0,
195.0,
246.0,
162.0,
1.0,
0.0,
9.0,
0.0,
0.0,
0.0,
0.0,
0.0,
0.0,
5.0,
0.0,
4.0,
0.0,
2.0,
5.0,
0.0,
37.0,
249.0,
193.0,
21.0,
0.0,
0.0,
9.0,
0.0,
105.0,
236.0,
255.0,
159.0,
0.0,
0.0,
0.0,
5.0,
9.0,
0.0,
0.0,
0.0,
0.0,
4.0,
0.0,
5.0,
0.0,
4.0,
1.0,
0.0,
82.0,
253.0,
108.0,
0.0,
16.0,
2.0,
4.0,
0.0,
193.0,
251.0,
255.0,
152.0,
3.0,
17.0,
0.0,
8.0,
0.0,
0.0,
0.0,
0.0,
0.0,
2.0,
0.0,
7.0,
0.0,
3.0,
0.0,
3.0,
116.0,
251.0,
48.0,
5.0,
0.0,
13.0,
44.0,
184.0,
228.0,
208.0,
234.0,
98.0,
7.0,
0.0,
6.0,
5.0,
3.0,
0.0,
0.0,
0.0,
0.0,
5.0,
0.0,
0.0,
5.0,
0.0,
0.0,
21.0,
61.0,
255.0,
214.0,
111.0,
170.0,
236.0,
253.0,
240.0,
66.0,
121.0,
255.0,
71.0,
0.0,
0.0,
1.0,
1.0,
0.0,
0.0,
0.0,
0.0,
0.0,
0.0,
0.0,
0.0,
4.0,
0.0,
0.0,
0.0,
20.0,
132.0,
255.0,
255.0,
242.0,
223.0,
115.0,
31.0,
2.0,
133.0,
255.0,
95.0,
0.0,
3.0,
0.0,
0.0,
0.0,
0.0,
0.0,
0.0,
0.0,
1.0,
0.0,
0.0,
3.0,
0.0,
0.0,
0.0,
0.0,
0.0,
30.0,
116.0,
106.0,
19.0,
0.0,
9.0,
4.0,
134.0,
255.0,
138.0,
0.0,
5.0,
0.0,
0.0,
4.0,
0.0,
0.0,
0.0,
0.0,
4.0,
4.0,
2.0,
0.0,
0.0,
1.0,
1.0,
0.0,
18.0,
0.0,
6.0,
0.0,
0.0,
2.0,
0.0,
0.0,
106.0,
255.0,
189.0,
0.0,
3.0,
2.0,
0.0,
2.0,
0.0,
0.0,
0.0,
0.0,
0.0,
2.0,
1.0,
0.0,
0.0,
0.0,
3.0,
1.0,
0.0,
6.0,
0.0,
0.0,
23.0,
10.0,
0.0,
6.0,
62.0,
254.0,
230.0,
0.0,
0.0,
5.0,
0.0,
0.0,
0.0,
0.0,
0.0,
0.0,
0.0,
0.0,
4.0,
2.0,
0.0,
0.0,
0.0,
0.0,
9.0,
1.0,
2.0,
16.0,
0.0,
0.0,
17.0,
0.0,
32.0,
253.0,
249.0,
2.0,
0.0,
5.0,
3.0,
0.0,
0.0,
0.0,
0.0,
0.0,
0.0,
0.0,
3.0,
6.0,
5.0,
1.0,
0.0,
0.0,
3.0,
5.0,
0.0,
0.0,
1.0,
0.0,
1.0,
0.0,
31.0,
255.0,
247.0,
8.0,
0.0,
1.0,
2.0,
0.0,
0.0,
0.0,
0.0,
0.0,
5.0,
0.0,
0.0,
0.0,
1.0,
0.0,
0.0,
2.0,
0.0,
0.0,
7.0,
0.0,
1.0,
5.0,
0.0,
0.0,
41.0,
255.0,
239.0,
12.0,
0.0,
0.0,
0.0,
0.0,
0.0,
0.0,
0.0,
0.0,
0.0,
0.0,
0.0,
0.0,
0.0,
0.0,
0.0,
0.0,
0.0,
0.0,
0.0,
0.0,
0.0,
0.0,
0.0,
0.0,
23.0,
218.0,
236.0,
127.0,
0.0,
1.0,
4.0,
2.0,
0.0,
0.0,
0.0,
0.0,
0.0,
0.0,
0.0,
0.0,
0.0,
0.0,
0.0,
0.0,
0.0,
0.0,
0.0,
0.0,
0.0,
0.0,
0.0,
0.0,
0.0,
38.0,
250.0,
253.0,
18.0,
0.0,
0.0,
0.0,
0.0,
0.0,
0.0,
0.0,
0.0,
0.0,
0.0,
0.0,
0.0,
0.0,
0.0,
0.0,
0.0,
0.0,
0.0,
0.0,
0.0,
0.0,
0.0,
0.0,
15.0,
0.0,
181.0,
202.0,
21.0,
16.0,
0.0,
1.0,
0.0,
0.0,
0.0,
0.0,
0.0,
0.0,
0.0,
0.0,
0.0,
0.0,
0.0,
0.0,
0.0,
0.0,
0.0,
0.0,
0.0,
0.0,
0.0,
0.0,
0.0,
0.0,
5.0,
12.0,
0.0,
0.0,
0.0,
0.0,
0.0,
0.0,
0.0,
0.0,
