0.0,
0.0,
0.0,
0.0,
0.0,
0.0,
0.0,
0.0,
3.0,
0.0,
1.0,
0.0,
0.0,
5.0,
0.0,
9.0,
2.0,
1.0,
0.0,
0.0,
0.0,
2.0,
4.0,
4.0,
0.0,
0.0,
0.0,
0.0,
0.0,
0.0,
0.0,
0.0,
0.0,
0.0,
0.0,
0.0,
0.0,
0.0,
6.0,
10.0,
3.0,
9.0,
0.0,
0.0,
0.0,
0.0,
5.0,
6.0,
2.0,
0.0,
0.0,
0.0,
0.0,
0.0,
0.0,
0.0,
0.0,
0.0,
0.0,
0.0,
0.0,
0.0,
0.0,
0.0,
9.0,
2.0,
0.0,
0.0,
0.0,
3.0,
0.0,
6.0,
12.0,
8.0,
2.0,
0.0,
0.0,
0.0,
1.0,
3.0,
0.0,
0.0,
0.0,
0.0,
0.0,
0.0,
0.0,
0.0,
0.0,
0.0,
0.0,
0.0,
0.0,
0.0,
0.0,
12.0,
0.0,
13.0,
0.0,
6.0,
0.0,
0.0,
0.0,
0.0,
8.0,
8.0,
1.0,
0.0,
0.0,
0.0,
0.0,
0.0,
0.0,
0.0,
0.0,
0.0,
0.0,
0.0,
0.0,
0.0,
4.0,
9.0,
0.0,
4.0,
0.0,
0.0,
0.0,
0.0,
9.0,
3.0,
2.0,
4.0,
4.0,
0.0,
0.0,
0.0,
0.0,
0.0,
0.0,
0.0,
0.0,
0.0,
0.0,
0.0,
0.0,
0.0,
0.0,
0.0,
0.0,
1.0,
0.0,
0.0,
2.0,
1.0,
15.0,
8.0,
0.0,
0.0,
0.0,
2.0,
0.0,
0.0,
0.0,
11.0,
0.0,
0.0,
0.0,
0.0,
0.0,
0.0,
0.0,
0.0,
0.0,
0.0,
0.0,
0.0,
0.0,
4.0,
4.0,
0.0,
6.0,
0.0,
5.0,
0.0,
12.0,
0.0,
0.0,
3.0,
9.0,
4.0,
0.0,
0.0,
0.0,
0.0,
0.0,
0.0,
0.0,
0.0,
0.0,
0.0,
0.0,
0.0,
0.0,
0.0,
3.0,
0.0,
0.0,
0.0,
78.0,
128.0,
240.0,
255.0,
210.0,
129.0,
40.0,
0.0,
0.0,
2.0,
0.0,
0.0,
0.0,
0.0,
0.0,
0.0,
5.0,
0.0,
0.0,
6.0,
0.0,
5.0,
0.0,
0.0,
16.0,
0.0,
28.0,
127.0,
238.0,
255.0,
253.0,
252.0,
252.0,
247.0,
119.0,
0.0,
0.0,
7.0,
0.0,
7.0,
0.0,
0.0,
0.0,
0.0,
0.0,
0.0,
0.0,
7.0,
0.0,
13.0,
1.0,
8.0,
0.0,
47.0,
204.0,
247.0,
255.0,
206.0,
202.0,
247.0,
252.0,
246.0,
108.0,
0.0,
0.0,
9.0,
0.0,
0.0,
0.0,
0.0,
0.0,
0.0,
1.0,
7.0,
0.0,
0.0,
0.0,
0.0,
0.0,
31.0,
97.0,
255.0,
246.0,
243.0,
217.0,
46.0,
8.0,
231.0,
255.0,
253.0,
109.0,
9.0,
0.0,
7.0,
0.0,
0.0,
0.0,
0.0,
0.0,
0.0,
0.0,
3.0,
0.0,
2.0,
5.0,
2.0,
19.0,
148.0,
252.0,
229.0,
252.0,
233.0,
37.0,
0.0,
130.0,
253.0,
250.0,
248.0,
109.0,
13.0,
0.0,
0.0,
1.0,
1.0,
0.0,
0.0,
0.0,
0.0,
0.0,
0.0,
0.0,
2.0,
7.0,
3.0,
52.0,
252.0,
255.0,
255.0,
119.0,
0.0,
4.0,
0.0,
255.0,
229.0,
253.0,
246.0,
112.0,
0.0,
0.0,
0.0,
0.0,
3.0,
0.0,
0.0,
0.0,
0.0,
5.0,
0.0,
0.0,
0.0,
0.0,
0.0,
45.0,
255.0,
255.0,
102.0,
8.0,
0.0,
60.0,
79.0,
255.0,
255.0,
255.0,
255.0,
162.0,
0.0,
3.0,
3.0,
0.0,
0.0,
0.0,
0.0,
0.0,
0.0,
0.0,
0.0,
1.0,
2.0,
8.0,
9.0,
41.0,
236.0,
236.0,
255.0,
203.0,
214.0,
230.0,
243.0,
251.0,
204.0,
185.0,
255.0,
232.0,
0.0,
8.0,
5.0,
0.0,
2.0,
0.0,
0.0,
0.0,
0.0,
0.0,
1.0,
7.0,
0.0,
0.0,
0.0,
0.0,
152.0,
239.0,
255.0,
249.0,
243.0,
255.0,
241.0,
85.0,
11.0,
65.0,
235.0,
255.0,
0.0,
0.0,
0.0,
0.0,
11.0,
0.0,
0.0,
0.0,
0.0,
0.0,
0.0,
0.0,
0.0,
0.0,
0.0,
0.0,
0.0,
64.0,
113.0,
118.0,
110.0,
113.0,
59.0,
0.0,
3.0,
63.0,
240.0,
254.0,
0.0,
3.0,
0.0,
5.0,
0.0,
0.0,
0.0,
0.0,
0.0,
0.0,
0.0,
0.0,
0.0,
0.0,
0.0,
0.0,
0.0,
0.0,
8.0,
0.0,
0.0,
5.0,
0.0,
0.0,
3.0,
39.0,
255.0,
243.0,
13.0,
7.0,
8.0,
0.0,
17.0,
0.0,
0.0,
0.0,
0.0,
0.0,
0.0,
0.0,
0.0,
0.0,
0.0,
0.0,
0.0,
8.0,
14.0,
4.0,
0.0,
1.0,
0.0,
0.0,
11.0,
45.0,
224.0,
255.0,
113.0,
0.0,
0.0,
14.0,
0.0,
0.0,
0.0,
0.0,
0.0,
0.0,
0.0,
0.0,
0.0,
0.0,
0.0,
0.0,
0.0,
0.0,
0.0,
0.0,
4.0,
2.0,
0.0,
0.0,
0.0,
0.0,
172.0,
247.0,
170.0,
23.0,
0.0,
3.0,
2.0,
0.0,
0.0,
0.0,
0.0,
0.0,
0.0,
0.0,
0.0,
0.0,
0.0,
0.0,
0.0,
5.0,
0.0,
0.0,
4.0,
0.0,
4.0,
9.0,
0.0,
2.0,
160.0,
255.0,
239.0,
24.0,
0.0,
6.0,
1.0,
0.0,
0.0,
0.0,
0.0,
0.0,
0.0,
0.0,
0.0,
0.0,
0.0,
0.0,
0.0,
12.0,
2.0,
1.0,
0.0,
0.0,
0.0,
1.0,
0.0,
10.0,
161.0,
255.0,
247.0,
20.0,
8.0,
0.0,
0.0,
0.0,
0.0,
0.0,
0.0,
0.0,
0.0,
0.0,
0.0,
0.0,
0.0,
0.0,
0.0,
0.0,
0.0,
0.0,
1.0,
4.0,
5.0,
5.0,
6.0,
0.0,
32.0,
241.0,
255.0,
30.0,
0.0,
18.0,
0.0,
0.0,
0.0,
0.0,
0.0,
0.0,
0.0,
0.0,
0.0,
0.0,
0.0,
0.0,
0.0,
0.0,
6.0,
3.0,
0.0,
1.0,
0.0,
0.0,
0.0,
7.0,
17.0,
255.0,
253.0,
147.0,
0.0,
0.0,
7.0,
0.0,
0.0,
0.0,
0.0,
0.0,
0.0,
0.0,
0.0,
0.0,
0.0,
0.0,
0.0,
0.0,
0.0,
0.0,
0.0,
0.0,
0.0,
0.0,
0.0,
0.0,
32.0,
238.0,
255.0,
164.0,
0.0,
15.0,
0.0,
0.0,
0.0,
0.0,
0.0,
0.0,
0.0,
0.0,
0.0,
0.0,
0.0,
0.0,
0.0,
0.0,
0.0,
0.0,
0.0,
0.0,
0.0,
0.0,
0.0,
6.0,
105.0,
252.0,
255.0,
168.0,
0.0,
0.0,
23.0,
0.0,
0.0,
0.0,
0.0,
0.0,
0.0,
0.0,
0.0,
0.0,
0.0,
0.0,
0.0,
0.0,
0.0,
0.0,
0.0,
0.0,
0.0,
0.0,
0.0,
0.0,
26.0,
191.0,
249.0,
91.0,
3.0,
17.0,
0.0,
0.0,
0.0,
0.0,
0.0,
0.0,
0.0,
0.0,
0.0,
0.0,
0.0,
0.0,
0.0,
0.0,
0.0,
0.0,
0.0,
0.0,
0.0,
0.0,
0.0,
4.0,
4.0,
0.0,
0.0,
9.0,
5.0,
0.0,
4.0,
0.0,
0.0,
0.0,
0.0,
