0.0,
0.0,
0.0,
0.0,
0.0,
0.0,
0.0,
0.0,
0.0,
3.0,
5.0,
0.0,
2.0,
9.0,
0.0,
0.0,
2.0,
4.0,
0.0,
8.0,
0.0,
1.0,
0.0,
4.0,
0.0,
0.0,
0.0,
0.0,
0.0,
0.0,
0.0,
0.0,
0.0,
0.0,
0.0,
0.0,
2.0,
0.0,
0.0,
3.0,
9.0,
3.0,
0.0,
2.0,
0.0,
1.0,
0.0,
11.0,
0.0,
14.0,
0.0,
0.0,
0.0,
0.0,
0.0,
0.0,
0.0,
0.0,
0.0,
0.0,
0.0,
0.0,
0.0,
0.0,
2.0,
5.0,
0.0,
0.0,
0.0,
2.0,
7.0,
3.0,
0.0,
6.0,
5.0,
1.0,
0.0,
0.0,
1.0,
11.0,
0.0,
0.0,
0.0,
0.0,
0.0,
0.0,
0.0,
0.0,
0.0,
0.0,
0.0,
0.0,
0.0,
1.0,
6.0,
12.0,
6.0,
0.0,
2.0,
0.0,
0.0,
0.0,
0.0,
0.0,
8.0,
8.0,
0.0,
0.0,
0.0,
0.0,
0.0,
0.0,
0.0,
0.0,
0.0,
0.0,
0.0,
0.0,
0.0,
0.0,
10.0,
0.0,
0.0,
14.0,
1.0,
0.0,
4.0,
8.0,
6.0,
5.0,
0.0,
0.0,
9.0,
0.0,
0.0,
3.0,
0.0,
0.0,
0.0,
0.0,
0.0,
0.0,
0.0,
0.0,
0.0,
0.0,
0.0,
0.0,
0.0,
2.0,
0.0,
0.0,
0.0,
0.0,
24.0,
0.0,
0.0,
2.0,
0.0,
0.0,
9.0,
0.0,
0.0,
1.0,
0.0,
0.0,
0.0,
0.0,
0.0,
0.0,
0.0,
0.0,
0.0,
0.0,
0.0,
0.0,
1.0,
5.0,
1.0,
44.0,
92.0,
167.0,
255.0,
247.0,
255.0,
225.0,
115.0,
0.0,
0.0,
5.0,
9.0,
0.0,
0.0,
0.0,
0.0,
0.0,
0.0,
0.0,
0.0,
0.0,
0.0,
0.0,
0.0,
0.0,
3.0,
0.0,
55.0,
210.0,
255.0,
245.0,
255.0,
250.0,
240.0,
255.0,
222.0,
69.0,
8.0,
0.0,
1.0,
0.0,
0.0,
0.0,
0.0,
0.0,
2.0,
0.0,
0.0,
2.0,
1.0,
0.0,
0.0,
0.0,
8.0,
41.0,
223.0,
255.0,
246.0,
249.0,
255.0,
252.0,
255.0,
250.0,
250.0,
77.0,
0.0,
0.0,
4.0,
6.0,
0.0,
0.0,
0.0,
0.0,
1.0,
0.0,
0.0,
2.0,
0.0,
0.0,
0.0,
2.0,
3.0,
220.0,
255.0,
242.0,
246.0,
255.0,
239.0,
252.0,
251.0,
255.0,
251.0,
87.0,
5.0,
6.0,
0.0,
0.0,
0.0,
0.0,
0.0,
0.0,
0.0,
0.0,
1.0,
2.0,
0.0,
0.0,
2.0,
10.0,
166.0,
255.0,
251.0,
158.0,
38.0,
13.0,
87.0,
134.0,
235.0,
255.0,
255.0,
93.0,
5.0,
14.0,
0.0,
0.0,
0.0,
0.0,
0.0,
0.0,
0.0,
0.0,
2.0,
2.0,
0.0,
0.0,
5.0,
17.0,
243.0,
255.0,
241.0,
30.0,
17.0,
6.0,
1.0,
10.0,
226.0,
255.0,
245.0,
75.0,
0.0,
1.0,
0.0,
7.0,
0.0,
0.0,
0.0,
0.0,
0.0,
0.0,
1.0,
1.0,
0.0,
0.0,
6.0,
19.0,
255.0,
253.0,
252.0,
11.0,
9.0,
0.0,
16.0,
154.0,
238.0,
255.0,
194.0,
34.0,
0.0,
0.0,
1.0,
7.0,
0.0,
0.0,
0.0,
0.0,
0.0,
0.0,
0.0,
1.0,
0.0,
0.0,
5.0,
15.0,
255.0,
251.0,
255.0,
147.0,
119.0,
153.0,
224.0,
251.0,
255.0,
251.0,
112.0,
0.0,
0.0,
0.0,
6.0,
0.0,
0.0,
0.0,
0.0,
0.0,
3.0,
0.0,
0.0,
0.0,
0.0,
0.0,
3.0,
9.0,
219.0,
255.0,
243.0,
255.0,
255.0,
242.0,
235.0,
255.0,
255.0,
249.0,
44.0,
0.0,
0.0,
4.0,
2.0,
0.0,
0.0,
0.0,
0.0,
0.0,
4.0,
0.0,
0.0,
0.0,
0.0,
0.0,
1.0,
5.0,
5.0,
187.0,
255.0,
254.0,
248.0,
253.0,
230.0,
247.0,
246.0,
252.0,
12.0,
12.0,
0.0,
2.0,
0.0,
4.0,
0.0,
0.0,
0.0,
0.0,
0.0,
0.0,
0.0,
0.0,
0.0,
0.0,
0.0,
0.0,
7.0,
8.0,
44.0,
48.0,
83.0,
40.0,
111.0,
250.0,
249.0,
146.0,
5.0,
6.0,
0.0,
0.0,
2.0,
0.0,
0.0,
0.0,
0.0,
0.0,
0.0,
0.0,
0.0,
0.0,
0.0,
0.0,
0.0,
0.0,
2.0,
0.0,
13.0,
3.0,
0.0,
41.0,
225.0,
255.0,
252.0,
86.0,
0.0,
0.0,
0.0,
2.0,
4.0,
0.0,
0.0,
0.0,
0.0,
0.0,
0.0,
0.0,
0.0,
0.0,
0.0,
0.0,
0.0,
0.0,
0.0,
2.0,
1.0,
3.0,
0.0,
55.0,
244.0,
241.0,
253.0,
37.0,
0.0,
3.0,
0.0,
8.0,
0.0,
0.0,
0.0,
0.0,
0.0,
0.0,
0.0,
0.0,
0.0,
0.0,
0.0,
0.0,
0.0,
0.0,
0.0,
4.0,
0.0,
0.0,
0.0,
115.0,
250.0,
255.0,
203.0,
14.0,
3.0,
4.0,
1.0,
6.0,
0.0,
0.0,
0.0,
0.0,
0.0,
0.0,
0.0,
0.0,
0.0,
0.0,
0.0,
0.0,
0.0,
0.0,
0.0,
0.0,
12.0,
0.0,
1.0,
200.0,
255.0,
252.0,
97.0,
0.0,
0.0,
0.0,
8.0,
0.0,
0.0,
3.0,
0.0,
0.0,
0.0,
0.0,
0.0,
0.0,
0.0,
0.0,
0.0,
0.0,
0.0,
0.0,
5.0,
0.0,
5.0,
6.0,
91.0,
255.0,
245.0,
233.0,
19.0,
3.0,
0.0,
0.0,
6.0,
0.0,
0.0,
2.0,
0.0,
0.0,
0.0,
0.0,
0.0,
0.0,
0.0,
0.0,
0.0,
0.0,
0.0,
0.0,
4.0,
7.0,
0.0,
11.0,
196.0,
255.0,
245.0,
186.0,
1.0,
6.0,
0.0,
2.0,
0.0,
2.0,
0.0,
0.0,
0.0,
0.0,
0.0,
0.0,
0.0,
0.0,
0.0,
0.0,
0.0,
0.0,
0.0,
0.0,
0.0,
13.0,
7.0,
68.0,
254.0,
255.0,
249.0,
20.0,
1.0,
0.0,
1.0,
7.0,
0.0,
11.0,
0.0,
0.0,
0.0,
0.0,
0.0,
0.0,
0.0,
0.0,
0.0,
0.0,
0.0,
0.0,
0.0,
0.0,
2.0,
7.0,
0.0,
126.0,
255.0,
248.0,
251.0,
1.0,
0.0,
0.0,
0.0,
0.0,
0.0,
0.0,
0.0,
0.0,
0.0,
0.0,
0.0,
0.0,
0.0,
0.0,
0.0,
0.0,
0.0,
0.0,
0.0,
0.0,
2.0,
0.0,
0.0,
109.0,
251.0,
247.0,
209.0,
1.0,
0.0,
0.0,
0.0,
0.0,
0.0,
0.0,
0.0,
0.0,
0.0,
0.0,
0.0,
0.0,
0.0,
0.0,
0.0,
0.0,
0.0,
0.0,
0.0,
0.0,
0.0,
4.0,
12.0,
0.0,
0.0,
0.0,
19.0,
0.0,
0.0,
0.0,
0.0,
0.0,
0.0,
0.0,
0.0,
0.0,
0.0,
0.0,
0.0,
0.0,
0.0,
0.0,
0.0,
0.0,
0.0,
0.0,
0.0,
0.0,
0.0,
0.0,
0.0,
0.0,
5.0,
7.0,
0.0,
0.0,
0.0,
0.0,
0.0,
0.0,
0.0,
0.0,
0.0,
0.0,
0.0,
0.0,
0.0,
0.0,
