0.0,
0.0,
0.0,
0.0,
0.0,
0.0,
0.0,
0.0,
0.0,
1.0,
6.0,
6.0,
3.0,
2.0,
3.0,
3.0,
0.0,
9.0,
0.0,
12.0,
0.0,
0.0,
9.0,
0.0,
0.0,
0.0,
0.0,
0.0,
0.0,
0.0,
0.0,
0.0,
0.0,
0.0,
0.0,
0.0,
7.0,
1.0,
0.0,
0.0,
0.0,
1.0,
0.0,
0.0,
0.0,
0.0,
0.0,
16.0,
0.0,
0.0,
0.0,
7.0,
0.0,
0.0,
0.0,
0.0,
0.0,
0.0,
0.0,
0.0,
0.0,
0.0,
0.0,
0.0,
1.0,
0.0,
0.0,
1.0,
8.0,
11.0,
7.0,
2.0,
7.0,
1.0,
0.0,
0.0,
0.0,
0.0,
0.0,
4.0,
0.0,
0.0,
0.0,
0.0,
0.0,
0.0,
0.0,
0.0,
0.0,
0.0,
0.0,
0.0,
3.0,
3.0,
2.0,
1.0,
0.0,
0.0,
0.0,
0.0,
0.0,
1.0,
0.0,
0.0,
5.0,
18.0,
0.0,
8.0,
0.0,
0.0,
0.0,
0.0,
0.0,
0.0,
0.0,
0.0,
0.0,
0.0,
0.0,
0.0,
5.0,
0.0,
0.0,
0.0,
0.0,
0.0,
2.0,
11.0,
0.0,
5.0,
8.0,
1.0,
11.0,
2.0,
0.0,
2.0,
0.0,
0.0,
0.0,
0.0,
0.0,
0.0,
0.0,
0.0,
0.0,
0.0,
0.0,
0.0,
0.0,
0.0,
0.0,
7.0,
11.0,
3.0,
0.0,
0.0,
0.0,
3.0,
0.0,
0.0,
5.0,
0.0,
0.0,
9.0,
0.0,
0.0,
0.0,
0.0,
0.0,
0.0,
0.0,
0.0,
0.0,
0.0,
0.0,
0.0,
2.0,
0.0,
1.0,
3.0,
0.0,
0.0,
0.0,
15.0,
38.0,
97.0,
144.0,
201.0,
225.0,
162.0,
108.0,
0.0,
0.0,
0.0,
0.0,
0.0,
0.0,
0.0,
0.0,
0.0,
0.0,
0.0,
0.0,
0.0,
0.0,
0.0,
1.0,
0.0,
0.0,
28.0,
101.0,
168.0,
235.0,
255.0,
244.0,
243.0,
255.0,
244.0,
193.0,
9.0,
0.0,
0.0,
0.0,
0.0,
5.0,
0.0,
0.0,
0.0,
9.0,
0.0,
5.0,
0.0,
0.0,
11.0,
0.0,
1.0,
32.0,
188.0,
252.0,
253.0,
254.0,
250.0,
246.0,
251.0,
249.0,
255.0,
255.0,
37.0,
0.0,
0.0,
0.0,
0.0,
5.0,
0.0,
1.0,
0.0,
2.0,
0.0,
4.0,
0.0,
11.0,
0.0,
6.0,
83.0,
220.0,
253.0,
245.0,
255.0,
243.0,
255.0,
242.0,
255.0,
255.0,
227.0,
204.0,
12.0,
0.0,
0.0,
0.0,
0.0,
4.0,
0.0,
5.0,
0.0,
0.0,
0.0,
5.0,
0.0,
0.0,
13.0,
171.0,
253.0,
249.0,
235.0,
255.0,
235.0,
150.0,
45.0,
18.0,
7.0,
255.0,
255.0,
182.0,
0.0,
0.0,
0.0,
0.0,
0.0,
1.0,
0.0,
6.0,
0.0,
0.0,
4.0,
1.0,
0.0,
24.0,
177.0,
255.0,
238.0,
249.0,
255.0,
174.0,
49.0,
0.0,
0.0,
18.0,
85.0,
244.0,
246.0,
198.0,
12.0,
0.0,
0.0,
0.0,
0.0,
1.0,
0.0,
4.0,
1.0,
1.0,
3.0,
0.0,
18.0,
161.0,
246.0,
255.0,
255.0,
246.0,
116.0,
0.0,
16.0,
6.0,
4.0,
174.0,
255.0,
255.0,
250.0,
152.0,
6.0,
0.0,
0.0,
0.0,
0.0,
1.0,
0.0,
0.0,
0.0,
0.0,
0.0,
0.0,
76.0,
250.0,
246.0,
255.0,
169.0,
61.0,
0.0,
9.0,
0.0,
68.0,
198.0,
255.0,
239.0,
255.0,
244.0,
184.0,
0.0,
0.0,
0.0,
0.0,
0.0,
0.0,
3.0,
0.0,
0.0,
1.0,
0.0,
12.0,
168.0,
255.0,
253.0,
177.0,
37.0,
0.0,
0.0,
65.0,
97.0,
238.0,
255.0,
229.0,
255.0,
252.0,
164.0,
11.0,
0.0,
0.0,
0.0,
0.0,
0.0,
0.0,
5.0,
0.0,
0.0,
4.0,
0.0,
36.0,
243.0,
254.0,
241.0,
75.0,
0.0,
53.0,
204.0,
231.0,
255.0,
248.0,
252.0,
255.0,
251.0,
177.0,
18.0,
4.0,
1.0,
0.0,
0.0,
0.0,
0.0,
1.0,
2.0,
0.0,
1.0,
8.0,
0.0,
40.0,
255.0,
255.0,
249.0,
183.0,
227.0,
248.0,
255.0,
244.0,
255.0,
255.0,
255.0,
243.0,
182.0,
0.0,
0.0,
1.0,
4.0,
0.0,
0.0,
0.0,
0.0,
2.0,
4.0,
0.0,
0.0,
0.0,
0.0,
46.0,
236.0,
245.0,
255.0,
253.0,
249.0,
255.0,
253.0,
238.0,
255.0,
239.0,
255.0,
200.0,
4.0,
19.0,
1.0,
1.0,
0.0,
0.0,
0.0,
0.0,
0.0,
0.0,
0.0,
5.0,
4.0,
0.0,
0.0,
13.0,
125.0,
242.0,
246.0,
255.0,
178.0,
171.0,
246.0,
255.0,
238.0,
254.0,
196.0,
62.0,
0.0,
0.0,
23.0,
0.0,
2.0,
0.0,
0.0,
0.0,
0.0,
2.0,
0.0,
1.0,
4.0,
5.0,
2.0,
0.0,
10.0,
35.0,
63.0,
10.0,
9.0,
32.0,
222.0,
250.0,
255.0,
235.0,
52.0,
0.0,
16.0,
0.0,
0.0,
6.0,
3.0,
0.0,
0.0,
0.0,
0.0,
10.0,
0.0,
0.0,
0.0,
1.0,
8.0,
0.0,
0.0,
0.0,
0.0,
16.0,
50.0,
232.0,
234.0,
255.0,
241.0,
112.0,
0.0,
3.0,
0.0,
23.0,
0.0,
9.0,
0.0,
0.0,
0.0,
0.0,
0.0,
2.0,
0.0,
6.0,
0.0,
0.0,
0.0,
12.0,
4.0,
8.0,
0.0,
12.0,
158.0,
249.0,
255.0,
249.0,
160.0,
9.0,
0.0,
0.0,
5.0,
0.0,
10.0,
0.0,
0.0,
0.0,
0.0,
0.0,
0.0,
0.0,
0.0,
10.0,
2.0,
4.0,
0.0,
3.0,
0.0,
0.0,
16.0,
145.0,
255.0,
255.0,
248.0,
164.0,
0.0,
0.0,
0.0,
7.0,
6.0,
0.0,
4.0,
2.0,
1.0,
0.0,
0.0,
0.0,
0.0,
5.0,
0.0,
0.0,
0.0,
4.0,
0.0,
3.0,
0.0,
4.0,
114.0,
253.0,
254.0,
248.0,
149.0,
46.0,
1.0,
0.0,
13.0,
0.0,
0.0,
0.0,
12.0,
0.0,
7.0,
0.0,
0.0,
0.0,
0.0,
0.0,
0.0,
0.0,
0.0,
0.0,
0.0,
0.0,
0.0,
0.0,
255.0,
255.0,
230.0,
124.0,
12.0,
0.0,
0.0,
0.0,
0.0,
0.0,
0.0,
0.0,
0.0,
0.0,
0.0,
0.0,
0.0,
0.0,
0.0,
0.0,
0.0,
0.0,
0.0,
0.0,
0.0,
0.0,
0.0,
18.0,
106.0,
235.0,
220.0,
8.0,
0.0,
23.0,
0.0,
0.0,
0.0,
0.0,
0.0,
0.0,
0.0,
0.0,
0.0,
0.0,
0.0,
0.0,
0.0,
0.0,
0.0,
0.0,
0.0,
0.0,
0.0,
0.0,
0.0,
12.0,
0.0,
8.0,
0.0,
0.0,
21.0,
0.0,
0.0,
0.0,
0.0,
0.0,
0.0,
0.0,
0.0,
0.0,
0.0,
0.0,
0.0,
0.0,
0.0,
0.0,
0.0,
0.0,
0.0,
0.0,
0.0,
0.0,
0.0,
0.0,
7.0,
0.0,
4.0,
2.0,
7.0,
0.0,
20.0,
0.0,
0.0,
0.0,
0.0,
0.0,
0.0,
0.0,
0.0,
0.0,
0.0,
0.0,
0.0,
