0.0,
9.0,
8.0,
0.0,
0.0,
0.0,
0.0,
0.0,
1.0,
0.0,
0.0,
0.0,
0.0,
0.0,
1.0,
5.0,
0.0,
0.0,
0.0,
0.0,
0.0,
0.0,
0.0,
0.0,
0.0,
0.0,
0.0,
0.0,
8.0,
1.0,
0.0,
0.0,
0.0,
3.0,
4.0,
4.0,
0.0,
6.0,
12.0,
6.0,
0.0,
0.0,
0.0,
0.0,
0.0,
0.0,
0.0,
0.0,
0.0,
0.0,
0.0,
0.0,
0.0,
0.0,
0.0,
0.0,
6.0,
0.0,
0.0,
4.0,
2.0,
0.0,
0.0,
0.0,
0.0,
0.0,
0.0,
0.0,
0.0,
14.0,
10.0,
0.0,
0.0,
0.0,
0.0,
0.0,
0.0,
0.0,
0.0,
0.0,
0.0,
0.0,
0.0,
0.0,
0.0,
0.0,
7.0,
10.0,
0.0,
0.0,
3.0,
0.0,
0.0,
4.0,
6.0,
2.0,
0.0,
0.0,
1.0,
8.0,
0.0,
0.0,
0.0,
0.0,
0.0,
0.0,
0.0,
0.0,
0.0,
0.0,
0.0,
0.0,
0.0,
3.0,
5.0,
0.0,
0.0,
2.0,
10.0,
7.0,
0.0,
0.0,
0.0,
8.0,
6.0,
0.0,
0.0,
0.0,
0.0,
0.0,
0.0,
0.0,
0.0,
0.0,
0.0,
0.0,
0.0,
0.0,
0.0,
0.0,
0.0,
5.0,
0.0,
0.0,
2.0,
2.0,
0.0,
0.0,
7.0,
2.0,
3.0,
6.0,
3.0,
0.0,
3.0,
15.0,
0.0,
0.0,
0.0,
0.0,
0.0,
0.0,
0.0,
0.0,
0.0,
0.0,
0.0,
0.0,
0.0,
6.0,
0.0,
0.0,
13.0,
0.0,
0.0,
27.0,
137.0,
202.0,
255.0,
251.0,
182.0,
94.0,
18.0,
0.0,
0.0,
0.0,
0.0,
0.0,
0.0,
0.0,
0.0,
0.0,
0.0,
0.0,
0.0,
0.0,
0.0,
10.0,
0.0,
0.0,
8.0,
0.0,
19.0,
119.0,
248.0,
255.0,
255.0,
249.0,
255.0,
255.0,
203.0,
135.0,
0.0,
0.0,
0.0,
0.0,
0.0,
0.0,
0.0,
0.0,
0.0,
0.0,
0.0,
0.0,
7.0,
0.0,
0.0,
0.0,
7.0,
0.0,
3.0,
229.0,
251.0,
255.0,
183.0,
178.0,
215.0,
255.0,
255.0,
252.0,
198.0,
49.0,
0.0,
15.0,
0.0,
0.0,
5.0,
0.0,
0.0,
0.0,
0.0,
0.0,
0.0,
0.0,
4.0,
1.0,
0.0,
0.0,
78.0,
252.0,
255.0,
117.0,
0.0,
5.0,
0.0,
62.0,
216.0,
249.0,
255.0,
209.0,
102.0,
0.0,
1.0,
3.0,
2.0,
0.0,
0.0,
0.0,
0.0,
0.0,
0.0,
2.0,
5.0,
1.0,
0.0,
5.0,
178.0,
255.0,
240.0,
23.0,
0.0,
4.0,
0.0,
1.0,
16.0,
120.0,
221.0,
255.0,
186.0,
1.0,
5.0,
0.0,
4.0,
3.0,
0.0,
0.0,
0.0,
0.0,
0.0,
0.0,
0.0,
0.0,
5.0,
24.0,
247.0,
248.0,
198.0,
12.0,
0.0,
4.0,
8.0,
10.0,
2.0,
0.0,
195.0,
255.0,
239.0,
107.0,
11.0,
0.0,
7.0,
0.0,
0.0,
0.0,
0.0,
0.0,
0.0,
1.0,
0.0,
0.0,
3.0,
27.0,
252.0,
252.0,
133.0,
14.0,
0.0,
0.0,
9.0,
0.0,
8.0,
115.0,
167.0,
255.0,
251.0,
180.0,
0.0,
0.0,
11.0,
0.0,
0.0,
0.0,
0.0,
0.0,
0.0,
4.0,
3.0,
0.0,
0.0,
12.0,
186.0,
255.0,
239.0,
1.0,
0.0,
5.0,
0.0,
7.0,
0.0,
18.0,
85.0,
247.0,
251.0,
198.0,
0.0,
5.0,
2.0,
0.0,
0.0,
0.0,
0.0,
0.0,
0.0,
2.0,
4.0,
0.0,
0.0,
0.0,
79.0,
240.0,
247.0,
192.0,
50.0,
7.0,
0.0,
0.0,
13.0,
0.0,
133.0,
255.0,
255.0,
234.0,
48.0,
0.0,
0.0,
0.0,
0.0,
0.0,
0.0,
0.0,
1.0,
0.0,
0.0,
0.0,
7.0,
0.0,
0.0,
202.0,
249.0,
255.0,
211.0,
182.0,
148.0,
106.0,
116.0,
201.0,
255.0,
250.0,
247.0,
255.0,
111.0,
2.0,
4.0,
0.0,
0.0,
0.0,
0.0,
0.0,
0.0,
0.0,
0.0,
0.0,
0.0,
1.0,
4.0,
5.0,
185.0,
251.0,
255.0,
247.0,
254.0,
255.0,
252.0,
255.0,
254.0,
255.0,
255.0,
255.0,
123.0,
2.0,
0.0,
2.0,
0.0,
0.0,
0.0,
0.0,
0.0,
0.0,
0.0,
0.0,
0.0,
0.0,
2.0,
4.0,
27.0,
144.0,
233.0,
253.0,
254.0,
244.0,
242.0,
255.0,
223.0,
216.0,
232.0,
244.0,
158.0,
0.0,
0.0,
5.0,
0.0,
0.0,
0.0,
0.0,
2.0,
1.0,
0.0,
0.0,
0.0,
0.0,
1.0,
2.0,
0.0,
12.0,
13.0,
32.0,
82.0,
101.0,
79.0,
62.0,
12.0,
124.0,
255.0,
252.0,
195.0,
17.0,
0.0,
4.0,
0.0,
0.0,
0.0,
0.0,
2.0,
2.0,
0.0,
0.0,
0.0,
0.0,
0.0,
0.0,
0.0,
5.0,
1.0,
0.0,
0.0,
0.0,
0.0,
12.0,
0.0,
54.0,
246.0,
255.0,
228.0,
1.0,
0.0,
8.0,
0.0,
0.0,
0.0,
0.0,
2.0,
2.0,
1.0,
0.0,
0.0,
0.0,
0.0,
0.0,
0.0,
0.0,
0.0,
4.0,
12.0,
6.0,
0.0,
0.0,
24.0,
34.0,
244.0,
255.0,
230.0,
4.0,
0.0,
6.0,
0.0,
0.0,
0.0,
0.0,
1.0,
1.0,
1.0,
0.0,
0.0,
0.0,
0.0,
0.0,
4.0,
1.0,
0.0,
0.0,
0.0,
0.0,
0.0,
3.0,
0.0,
4.0,
237.0,
254.0,
234.0,
51.0,
16.0,
0.0,
0.0,
0.0,
0.0,
0.0,
0.0,
0.0,
1.0,
1.0,
0.0,
0.0,
0.0,
0.0,
0.0,
0.0,
0.0,
0.0,
0.0,
5.0,
5.0,
0.0,
20.0,
0.0,
192.0,
244.0,
255.0,
81.0,
0.0,
0.0,
0.0,
0.0,
0.0,
0.0,
0.0,
0.0,
0.0,
1.0,
1.0,
0.0,
0.0,
0.0,
0.0,
0.0,
7.0,
5.0,
0.0,
0.0,
2.0,
0.0,
0.0,
49.0,
249.0,
255.0,
255.0,
104.0,
4.0,
3.0,
0.0,
0.0,
0.0,
0.0,
0.0,
0.0,
0.0,
0.0,
0.0,
0.0,
0.0,
0.0,
0.0,
0.0,
0.0,
0.0,
0.0,
0.0,
0.0,
0.0,
6.0,
0.0,
161.0,
248.0,
248.0,
161.0,
0.0,
6.0,
0.0,
0.0,
0.0,
0.0,
0.0,
0.0,
0.0,
0.0,
0.0,
0.0,
0.0,
0.0,
0.0,
0.0,
0.0,
0.0,
0.0,
0.0,
0.0,
0.0,
0.0,
1.0,
10.0,
220.0,
220.0,
10.0,
1.0,
0.0,
0.0,
0.0,
0.0,
0.0,
0.0,
0.0,
0.0,
0.0,
0.0,
0.0,
0.0,
0.0,
0.0,
0.0,
0.0,
0.0,
0.0,
0.0,
0.0,
0.0,
2.0,
11.0,
2.0,
0.0,
0.0,
2.0,
11.0,
2.0,
0.0,
0.0,
0.0,
0.0,
0.0,
0.0,
0.0,
0.0,
0.0,
0.0,
0.0,
0.0,
0.0,
0.0,
0.0,
0.0,
0.0,
0.0,
0.0,
0.0,
1.0,
0.0,
6.0,
1.0,
1.0,
6.0,
0.0,
1.0,
0.0,
0.0,
0.0,
0.0,
