0.0,
0.0,
0.0,
0.0,
0.0,
0.0,
0.0,
0.0,
5.0,
1.0,
0.0,
1.0,
3.0,
3.0,
1.0,
0.0,
0.0,
14.0,
3.0,
0.0,
2.0,
0.0,
0.0,
6.0,
0.0,
0.0,
0.0,
0.0,
0.0,
0.0,
0.0,
0.0,
0.0,
0.0,
0.0,
0.0,
1.0,
0.0,
0.0,
0.0,
0.0,
0.0,
0.0,
0.0,
0.0,
0.0,
0.0,
8.0,
11.0,
2.0,
0.0,
0.0,
0.0,
0.0,
0.0,
0.0,
0.0,
0.0,
0.0,
0.0,
0.0,
0.0,
0.0,
0.0,
0.0,
0.0,
4.0,
6.0,
4.0,
2.0,
1.0,
1.0,
10.0,
5.0,
10.0,
0.0,
0.0,
1.0,
15.0,
0.0,
0.0,
0.0,
0.0,
0.0,
0.0,
0.0,
0.0,
0.0,
0.0,
0.0,
0.0,
0.0,
7.0,
6.0,
0.0,
0.0,
0.0,
0.0,
0.0,
0.0,
0.0,
0.0,
6.0,
0.0,
0.0,
5.0,
2.0,
0.0,
0.0,
0.0,
0.0,
0.0,
0.0,
0.0,
0.0,
0.0,
0.0,
0.0,
0.0,
0.0,
0.0,
0.0,
3.0,
4.0,
7.0,
10.0,
6.0,
0.0,
10.0,
0.0,
0.0,
0.0,
9.0,
2.0,
0.0,
9.0,
0.0,
0.0,
0.0,
0.0,
0.0,
0.0,
0.0,
0.0,
0.0,
0.0,
0.0,
0.0,
0.0,
5.0,
3.0,
0.0,
0.0,
0.0,
0.0,
0.0,
0.0,
5.0,
16.0,
0.0,
0.0,
5.0,
0.0,
12.0,
0.0,
0.0,
0.0,
0.0,
0.0,
0.0,
0.0,
0.0,
0.0,
0.0,
0.0,
0.0,
0.0,
4.0,
9.0,
0.0,
0.0,
0.0,
8.0,
11.0,
12.0,
0.0,
7.0,
2.0,
0.0,
16.0,
2.0,
0.0,
0.0,
0.0,
0.0,
0.0,
0.0,
0.0,
0.0,
0.0,
0.0,
0.0,
0.0,
0.0,
2.0,
82.0,
180.0,
245.0,
255.0,
255.0,
235.0,
212.0,
228.0,
27.0,
0.0,
11.0,
0.0,
0.0,
0.0,
1.0,
0.0,
0.0,
0.0,
0.0,
2.0,
0.0,
0.0,
4.0,
3.0,
0.0,
0.0,
6.0,
145.0,
244.0,
241.0,
255.0,
250.0,
247.0,
251.0,
255.0,
243.0,
85.0,
0.0,
0.0,
1.0,
1.0,
3.0,
3.0,
0.0,
0.0,
0.0,
0.0,
1.0,
0.0,
0.0,
3.0,
0.0,
0.0,
3.0,
16.0,
243.0,
255.0,
251.0,
255.0,
207.0,
153.0,
192.0,
252.0,
255.0,
106.0,
7.0,
1.0,
6.0,
1.0,
0.0,
0.0,
0.0,
0.0,
0.0,
0.0,
1.0,
0.0,
0.0,
2.0,
0.0,
0.0,
7.0,
25.0,
244.0,
255.0,
252.0,
242.0,
129.0,
74.0,
167.0,
255.0,
250.0,
107.0,
1.0,
0.0,
3.0,
2.0,
0.0,
0.0,
0.0,
0.0,
0.0,
0.0,
2.0,
0.0,
0.0,
0.0,
0.0,
0.0,
7.0,
20.0,
252.0,
255.0,
253.0,
255.0,
253.0,
255.0,
255.0,
235.0,
242.0,
112.0,
0.0,
0.0,
0.0,
1.0,
2.0,
2.0,
0.0,
0.0,
0.0,
0.0,
4.0,
0.0,
0.0,
0.0,
1.0,
1.0,
3.0,
6.0,
90.0,
203.0,
255.0,
251.0,
250.0,
248.0,
255.0,
255.0,
255.0,
144.0,
6.0,
0.0,
0.0,
0.0,
0.0,
0.0,
0.0,
0.0,
0.0,
0.0,
4.0,
0.0,
0.0,
0.0,
2.0,
3.0,
0.0,
0.0,
0.0,
31.0,
82.0,
148.0,
240.0,
246.0,
238.0,
255.0,
255.0,
165.0,
13.0,
6.0,
0.0,
1.0,
0.0,
0.0,
0.0,
0.0,
0.0,
0.0,
2.0,
1.0,
0.0,
0.0,
0.0,
0.0,
0.0,
0.0,
10.0,
0.0,
1.0,
0.0,
0.0,
4.0,
114.0,
251.0,
255.0,
159.0,
3.0,
3.0,
0.0,
4.0,
0.0,
0.0,
0.0,
0.0,
0.0,
0.0,
0.0,
2.0,
2.0,
0.0,
0.0,
0.0,
0.0,
2.0,
3.0,
0.0,
20.0,
9.0,
0.0,
1.0,
131.0,
255.0,
240.0,
152.0,
0.0,
1.0,
0.0,
5.0,
0.0,
0.0,
0.0,
0.0,
0.0,
0.0,
0.0,
0.0,
0.0,
0.0,
0.0,
0.0,
0.0,
0.0,
0.0,
2.0,
0.0,
2.0,
0.0,
3.0,
144.0,
254.0,
251.0,
77.0,
0.0,
16.0,
0.0,
6.0,
3.0,
0.0,
0.0,
0.0,
0.0,
0.0,
0.0,
0.0,
0.0,
0.0,
0.0,
0.0,
0.0,
0.0,
0.0,
2.0,
0.0,
2.0,
0.0,
3.0,
144.0,
254.0,
255.0,
142.0,
0.0,
0.0,
3.0,
1.0,
0.0,
9.0,
0.0,
0.0,
0.0,
0.0,
0.0,
0.0,
0.0,
0.0,
0.0,
0.0,
0.0,
0.0,
0.0,
2.0,
0.0,
2.0,
0.0,
3.0,
144.0,
254.0,
255.0,
150.0,
9.0,
3.0,
7.0,
0.0,
1.0,
0.0,
0.0,
0.0,
0.0,
0.0,
0.0,
0.0,
0.0,
0.0,
0.0,
0.0,
0.0,
0.0,
0.0,
2.0,
0.0,
2.0,
0.0,
3.0,
144.0,
254.0,
239.0,
86.0,
0.0,
2.0,
0.0,
0.0,
13.0,
0.0,
0.0,
0.0,
0.0,
0.0,
0.0,
0.0,
0.0,
0.0,
0.0,
0.0,
0.0,
0.0,
0.0,
2.0,
0.0,
2.0,
0.0,
3.0,
144.0,
254.0,
255.0,
77.0,
0.0,
0.0,
0.0,
0.0,
0.0,
13.0,
0.0,
0.0,
0.0,
0.0,
0.0,
0.0,
0.0,
0.0,
0.0,
0.0,
0.0,
0.0,
0.0,
2.0,
0.0,
2.0,
0.0,
3.0,
144.0,
254.0,
255.0,
49.0,
12.0,
12.0,
0.0,
2.0,
0.0,
2.0,
0.0,
0.0,
0.0,
0.0,
0.0,
0.0,
0.0,
0.0,
0.0,
0.0,
0.0,
0.0,
0.0,
2.0,
0.0,
2.0,
0.0,
3.0,
144.0,
254.0,
224.0,
11.0,
0.0,
8.0,
0.0,
0.0,
14.0,
0.0,
0.0,
0.0,
0.0,
0.0,
0.0,
0.0,
0.0,
0.0,
0.0,
0.0,
0.0,
0.0,
0.0,
2.0,
0.0,
2.0,
0.0,
3.0,
144.0,
254.0,
247.0,
90.0,
2.0,
0.0,
15.0,
0.0,
0.0,
3.0,
0.0,
0.0,
0.0,
0.0,
0.0,
0.0,
0.0,
0.0,
0.0,
0.0,
0.0,
0.0,
0.0,
3.0,
8.0,
2.0,
0.0,
19.0,
129.0,
254.0,
244.0,
76.0,
7.0,
0.0,
0.0,
11.0,
0.0,
0.0,
0.0,
0.0,
0.0,
0.0,
0.0,
0.0,
0.0,
0.0,
0.0,
0.0,
0.0,
0.0,
11.0,
0.0,
0.0,
6.0,
0.0,
7.0,
130.0,
255.0,
255.0,
92.0,
4.0,
0.0,
0.0,
0.0,
0.0,
11.0,
0.0,
0.0,
0.0,
0.0,
0.0,
0.0,
0.0,
0.0,
0.0,
0.0,
0.0,
0.0,
5.0,
0.0,
0.0,
10.0,
0.0,
0.0,
69.0,
185.0,
189.0,
40.0,
0.0,
4.0,
7.0,
0.0,
0.0,
10.0,
0.0,
0.0,
0.0,
0.0,
0.0,
0.0,
0.0,
0.0,
0.0,
0.0,
0.0,
0.0,
0.0,
0.0,
0.0,
0.0,
0.0,
0.0,
3.0,
27.0,
32.0,
0.0,
0.0,
3.0,
0.0,
5.0,
0.0,
0.0,
0.0,
0.0,
0.0,
0.0,
