0.0,
0.0,
0.0,
0.0,
0.0,
0.0,
0.0,
0.0,
0.0,
1.0,
3.0,
0.0,
0.0,
4.0,
4.0,
0.0,
1.0,
7.0,
0.0,
6.0,
6.0,
0.0,
8.0,
3.0,
0.0,
0.0,
0.0,
0.0,
0.0,
0.0,
0.0,
0.0,
0.0,
0.0,
0.0,
0.0,
0.0,
0.0,
3.0,
4.0,
0.0,
0.0,
0.0,
1.0,
0.0,
4.0,
0.0,
0.0,
4.0,
0.0,
2.0,
0.0,
0.0,
0.0,
0.0,
0.0,
0.0,
0.0,
0.0,
0.0,
0.0,
0.0,
0.0,
0.0,
13.0,
0.0,
0.0,
0.0,
2.0,
10.0,
10.0,
7.0,
0.0,
16.0,
10.0,
0.0,
0.0,
0.0,
10.0,
14.0,
0.0,
0.0,
0.0,
0.0,
0.0,
0.0,
0.0,
0.0,
0.0,
0.0,
0.0,
0.0,
0.0,
6.0,
15.0,
4.0,
0.0,
0.0,
0.0,
0.0,
0.0,
0.0,
0.0,
0.0,
4.0,
5.0,
0.0,
0.0,
0.0,
0.0,
0.0,
0.0,
0.0,
0.0,
0.0,
0.0,
0.0,
0.0,
0.0,
0.0,
0.0,
2.0,
0.0,
0.0,
0.0,
4.0,
11.0,
11.0,
7.0,
0.0,
1.0,
2.0,
3.0,
1.0,
0.0,
0.0,
0.0,
0.0,
0.0,
0.0,
0.0,
0.0,
0.0,
0.0,
0.0,
0.0,
0.0,
0.0,
0.0,
0.0,
0.0,
7.0,
3.0,
0.0,
0.0,
3.0,
0.0,
0.0,
1.0,
0.0,
0.0,
4.0,
0.0,
6.0,
0.0,
0.0,
0.0,
0.0,
0.0,
0.0,
0.0,
0.0,
0.0,
0.0,
0.0,
0.0,
0.0,
10.0,
7.0,
0.0,
4.0,
75.0,
175.0,
247.0,
255.0,
202.0,
118.0,
18.0,
0.0,
0.0,
0.0,
0.0,
0.0,
0.0,
0.0,
0.0,
0.0,
0.0,
0.0,
0.0,
0.0,
0.0,
0.0,
0.0,
0.0,
8.0,
0.0,
0.0,
72.0,
200.0,
255.0,
253.0,
238.0,
255.0,
253.0,
128.0,
21.0,
0.0,
0.0,
8.0,
0.0,
0.0,
0.0,
0.0,
0.0,
0.0,
4.0,
0.0,
7.0,
0.0,
4.0,
0.0,
1.0,
0.0,
9.0,
99.0,
241.0,
251.0,
255.0,
228.0,
251.0,
215.0,
243.0,
255.0,
70.0,
6.0,
0.0,
0.0,
0.0,
0.0,
0.0,
0.0,
0.0,
0.0,
4.0,
0.0,
3.0,
0.0,
7.0,
0.0,
8.0,
0.0,
159.0,
255.0,
242.0,
182.0,
80.0,
21.0,
0.0,
3.0,
53.0,
249.0,
166.0,
3.0,
0.0,
3.0,
0.0,
0.0,
0.0,
0.0,
1.0,
0.0,
6.0,
0.0,
0.0,
1.0,
8.0,
0.0,
0.0,
31.0,
255.0,
223.0,
88.0,
4.0,
3.0,
0.0,
85.0,
67.0,
0.0,
198.0,
193.0,
0.0,
2.0,
5.0,
0.0,
0.0,
0.0,
0.0,
0.0,
0.0,
7.0,
0.0,
0.0,
5.0,
3.0,
0.0,
40.0,
234.0,
224.0,
21.0,
0.0,
0.0,
11.0,
50.0,
250.0,
222.0,
13.0,
191.0,
173.0,
0.0,
7.0,
0.0,
0.0,
0.0,
0.0,
0.0,
0.0,
0.0,
6.0,
0.0,
0.0,
4.0,
0.0,
24.0,
207.0,
255.0,
57.0,
16.0,
3.0,
2.0,
0.0,
165.0,
253.0,
246.0,
49.0,
181.0,
112.0,
0.0,
0.0,
0.0,
0.0,
0.0,
0.0,
0.0,
0.0,
0.0,
3.0,
0.0,
1.0,
0.0,
0.0,
76.0,
238.0,
183.0,
2.0,
0.0,
5.0,
0.0,
10.0,
255.0,
254.0,
255.0,
62.0,
84.0,
10.0,
0.0,
8.0,
1.0,
0.0,
0.0,
0.0,
0.0,
0.0,
2.0,
0.0,
0.0,
5.0,
0.0,
0.0,
138.0,
255.0,
31.0,
5.0,
7.0,
22.0,
0.0,
115.0,
247.0,
250.0,
255.0,
63.0,
1.0,
0.0,
9.0,
10.0,
0.0,
0.0,
0.0,
0.0,
0.0,
0.0,
4.0,
0.0,
0.0,
7.0,
0.0,
2.0,
181.0,
205.0,
0.0,
6.0,
0.0,
0.0,
18.0,
210.0,
255.0,
255.0,
248.0,
71.0,
0.0,
11.0,
0.0,
0.0,
7.0,
0.0,
0.0,
0.0,
0.0,
0.0,
14.0,
5.0,
0.0,
0.0,
0.0,
0.0,
246.0,
136.0,
0.0,
0.0,
2.0,
8.0,
148.0,
255.0,
241.0,
244.0,
255.0,
63.0,
11.0,
0.0,
3.0,
0.0,
2.0,
0.0,
0.0,
0.0,
0.0,
0.0,
0.0,
0.0,
0.0,
11.0,
10.0,
0.0,
208.0,
212.0,
32.0,
6.0,
0.0,
119.0,
247.0,
253.0,
129.0,
214.0,
247.0,
51.0,
0.0,
0.0,
6.0,
2.0,
5.0,
0.0,
0.0,
0.0,
0.0,
2.0,
0.0,
0.0,
2.0,
0.0,
1.0,
5.0,
190.0,
255.0,
211.0,
137.0,
154.0,
233.0,
255.0,
191.0,
35.0,
237.0,
255.0,
67.0,
12.0,
0.0,
6.0,
0.0,
0.0,
0.0,
0.0,
0.0,
0.0,
4.0,
0.0,
4.0,
4.0,
0.0,
0.0,
5.0,
124.0,
255.0,
249.0,
242.0,
255.0,
255.0,
169.0,
26.0,
37.0,
226.0,
233.0,
34.0,
1.0,
0.0,
4.0,
0.0,
0.0,
0.0,
0.0,
0.0,
0.0,
5.0,
0.0,
0.0,
2.0,
0.0,
8.0,
0.0,
12.0,
106.0,
248.0,
249.0,
171.0,
113.0,
0.0,
8.0,
31.0,
232.0,
204.0,
0.0,
0.0,
0.0,
1.0,
0.0,
8.0,
0.0,
0.0,
0.0,
0.0,
0.0,
0.0,
0.0,
0.0,
0.0,
5.0,
0.0,
0.0,
0.0,
12.0,
17.0,
0.0,
12.0,
7.0,
0.0,
69.0,
255.0,
213.0,
2.0,
6.0,
8.0,
0.0,
0.0,
2.0,
0.0,
0.0,
0.0,
0.0,
0.0,
3.0,
2.0,
1.0,
0.0,
0.0,
9.0,
10.0,
0.0,
21.0,
0.0,
6.0,
0.0,
14.0,
1.0,
55.0,
251.0,
195.0,
0.0,
0.0,
3.0,
0.0,
0.0,
2.0,
0.0,
0.0,
0.0,
0.0,
4.0,
1.0,
0.0,
6.0,
11.0,
0.0,
2.0,
0.0,
8.0,
0.0,
10.0,
1.0,
0.0,
2.0,
0.0,
56.0,
244.0,
195.0,
0.0,
0.0,
0.0,
3.0,
2.0,
0.0,
0.0,
0.0,
0.0,
0.0,
0.0,
0.0,
0.0,
0.0,
0.0,
0.0,
0.0,
0.0,
3.0,
0.0,
0.0,
2.0,
2.0,
0.0,
15.0,
55.0,
255.0,
111.0,
16.0,
3.0,
0.0,
0.0,
10.0,
0.0,
0.0,
0.0,
0.0,
0.0,
0.0,
0.0,
0.0,
0.0,
0.0,
0.0,
0.0,
0.0,
0.0,
1.0,
0.0,
2.0,
2.0,
0.0,
7.0,
37.0,
181.0,
37.0,
0.0,
0.0,
16.0,
7.0,
0.0,
0.0,
0.0,
0.0,
0.0,
0.0,
0.0,
0.0,
0.0,
0.0,
0.0,
0.0,
0.0,
0.0,
0.0,
3.0,
2.0,
0.0,
2.0,
0.0,
0.0,
13.0,
23.0,
2.0,
1.0,
7.0,
0.0,
0.0,
0.0,
8.0,
0.0,
0.0,
0.0,
0.0,
0.0,
0.0,
0.0,
0.0,
0.0,
0.0,
0.0,
0.0,
0.0,
6.0,
3.0,
0.0,
1.0,
0.0,
0.0,
0.0,
0.0,
1.0,
7.0,
0.0,
0.0,
2.0,
4.0,
0.0,
0.0,
0.0,
0.0,
0.0,
