3.0,
0.0,
0.0,
0.0,
0.0,
1.0,
0.0,
0.0,
0.0,
0.0,
0.0,
10.0,
0.0,
10.0,
0.0,
1.0,
0.0,
0.0,
0.0,
0.0,
0.0,
0.0,
0.0,
11.0,
0.0,
0.0,
0.0,
0.0,
1.0,
0.0,
0.0,
0.0,
1.0,
2.0,
1.0,
0.0,
0.0,
16.0,
9.0,
0.0,
0.0,
2.0,
0.0,
0.0,
3.0,
2.0,
4.0,
6.0,
4.0,
0.0,
0.0,
0.0,
0.0,
0.0,
0.0,
0.0,
0.0,
0.0,
0.0,
0.0,
2.0,
3.0,
2.0,
0.0,
0.0,
0.0,
0.0,
4.0,
3.0,
5.0,
0.0,
8.0,
0.0,
0.0,
1.0,
0.0,
1.0,
3.0,
0.0,
0.0,
0.0,
0.0,
0.0,
0.0,
0.0,
0.0,
0.0,
0.0,
1.0,
1.0,
0.0,
0.0,
1.0,
12.0,
3.0,
2.0,
0.0,
5.0,
5.0,
0.0,
0.0,
1.0,
0.0,
0.0,
0.0,
1.0,
3.0,
0.0,
0.0,
0.0,
0.0,
0.0,
0.0,
0.0,
0.0,
0.0,
0.0,
0.0,
0.0,
0.0,
0.0,
0.0,
0.0,
0.0,
0.0,
0.0,
0.0,
13.0,
1.0,
5.0,
6.0,
1.0,
0.0,
0.0,
0.0,
0.0,
0.0,
0.0,
0.0,
0.0,
0.0,
0.0,
0.0,
0.0,
0.0,
0.0,
0.0,
0.0,
1.0,
6.0,
0.0,
7.0,
18.0,
0.0,
11.0,
0.0,
0.0,
0.0,
0.0,
3.0,
3.0,
0.0,
0.0,
0.0,
0.0,
0.0,
0.0,
0.0,
0.0,
1.0,
1.0,
0.0,
0.0,
0.0,
4.0,
8.0,
26.0,
152.0,
225.0,
238.0,
255.0,
255.0,
232.0,
117.0,
12.0,
0.0,
0.0,
0.0,
6.0,
0.0,
0.0,
2.0,
0.0,
0.0,
0.0,
0.0,
0.0,
0.0,
1.0,
0.0,
0.0,
2.0,
9.0,
15.0,
212.0,
251.0,
254.0,
229.0,
193.0,
149.0,
219.0,
247.0,
58.0,
21.0,
0.0,
0.0,
7.0,
0.0,
0.0,
2.0,
0.0,
0.0,
0.0,
0.0,
0.0,
0.0,
5.0,
0.0,
0.0,
6.0,
0.0,
156.0,
255.0,
255.0,
125.0,
38.0,
0.0,
0.0,
69.0,
241.0,
122.0,
0.0,
0.0,
16.0,
0.0,
17.0,
0.0,
12.0,
0.0,
0.0,
0.0,
0.0,
0.0,
13.0,
0.0,
9.0,
0.0,
1.0,
115.0,
239.0,
235.0,
143.0,
7.0,
3.0,
8.0,
12.0,
0.0,
223.0,
94.0,
43.0,
208.0,
115.0,
5.0,
0.0,
12.0,
0.0,
0.0,
0.0,
0.0,
0.0,
0.0,
15.0,
0.0,
9.0,
0.0,
12.0,
208.0,
255.0,
252.0,
55.0,
0.0,
0.0,
0.0,
2.0,
64.0,
250.0,
126.0,
154.0,
255.0,
255.0,
46.0,
10.0,
0.0,
10.0,
0.0,
0.0,
0.0,
0.0,
5.0,
0.0,
0.0,
2.0,
0.0,
51.0,
243.0,
246.0,
187.0,
4.0,
0.0,
0.0,
0.0,
1.0,
83.0,
106.0,
0.0,
186.0,
248.0,
254.0,
117.0,
0.0,
4.0,
0.0,
0.0,
0.0,
0.0,
0.0,
0.0,
0.0,
0.0,
0.0,
7.0,
73.0,
255.0,
239.0,
113.0,
7.0,
0.0,
7.0,
0.0,
9.0,
2.0,
0.0,
31.0,
255.0,
254.0,
253.0,
117.0,
0.0,
0.0,
6.0,
0.0,
0.0,
0.0,
0.0,
0.0,
17.0,
0.0,
0.0,
5.0,
42.0,
255.0,
254.0,
158.0,
0.0,
10.0,
5.0,
0.0,
1.0,
0.0,
13.0,
0.0,
175.0,
250.0,
241.0,
111.0,
9.0,
0.0,
0.0,
0.0,
0.0,
0.0,
0.0,
0.0,
17.0,
0.0,
0.0,
0.0,
8.0,
189.0,
255.0,
227.0,
18.0,
0.0,
0.0,
9.0,
1.0,
7.0,
0.0,
25.0,
222.0,
255.0,
252.0,
0.0,
8.0,
0.0,
3.0,
0.0,
0.0,
0.0,
0.0,
4.0,
0.0,
7.0,
0.0,
1.0,
8.0,
114.0,
255.0,
255.0,
160.0,
21.0,
6.0,
0.0,
0.0,
5.0,
22.0,
127.0,
241.0,
254.0,
255.0,
78.0,
0.0,
4.0,
3.0,
0.0,
0.0,
0.0,
0.0,
0.0,
7.0,
0.0,
0.0,
4.0,
0.0,
43.0,
181.0,
246.0,
255.0,
212.0,
136.0,
91.0,
83.0,
134.0,
216.0,
255.0,
241.0,
255.0,
252.0,
111.0,
2.0,
0.0,
0.0,
0.0,
0.0,
0.0,
0.0,
0.0,
13.0,
0.0,
0.0,
10.0,
0.0,
0.0,
23.0,
206.0,
242.0,
254.0,
253.0,
255.0,
247.0,
240.0,
255.0,
241.0,
174.0,
248.0,
240.0,
167.0,
0.0,
0.0,
9.0,
0.0,
0.0,
0.0,
0.0,
0.0,
4.0,
0.0,
0.0,
4.0,
8.0,
0.0,
0.0,
4.0,
73.0,
150.0,
214.0,
242.0,
193.0,
111.0,
67.0,
13.0,
31.0,
250.0,
255.0,
226.0,
10.0,
0.0,
0.0,
0.0,
0.0,
0.0,
0.0,
8.0,
5.0,
7.0,
7.0,
0.0,
0.0,
2.0,
14.0,
0.0,
4.0,
0.0,
0.0,
7.0,
4.0,
0.0,
6.0,
0.0,
6.0,
201.0,
236.0,
205.0,
12.0,
4.0,
6.0,
0.0,
0.0,
0.0,
0.0,
10.0,
0.0,
0.0,
10.0,
4.0,
0.0,
0.0,
0.0,
2.0,
5.0,
0.0,
0.0,
0.0,
0.0,
0.0,
6.0,
0.0,
11.0,
191.0,
255.0,
231.0,
1.0,
0.0,
0.0,
0.0,
0.0,
0.0,
0.0,
0.0,
0.0,
0.0,
3.0,
3.0,
6.0,
6.0,
0.0,
0.0,
0.0,
4.0,
10.0,
13.0,
9.0,
1.0,
0.0,
0.0,
9.0,
197.0,
250.0,
233.0,
34.0,
2.0,
9.0,
0.0,
0.0,
0.0,
0.0,
4.0,
13.0,
13.0,
2.0,
0.0,
0.0,
0.0,
0.0,
13.0,
0.0,
0.0,
0.0,
0.0,
0.0,
3.0,
0.0,
5.0,
9.0,
183.0,
248.0,
255.0,
156.0,
15.0,
0.0,
0.0,
0.0,
0.0,
0.0,
2.0,
0.0,
0.0,
0.0,
5.0,
1.0,
0.0,
6.0,
1.0,
0.0,
1.0,
4.0,
0.0,
1.0,
6.0,
2.0,
3.0,
0.0,
156.0,
255.0,
237.0,
200.0,
0.0,
10.0,
0.0,
0.0,
0.0,
0.0,
0.0,
0.0,
0.0,
0.0,
0.0,
0.0,
0.0,
0.0,
0.0,
0.0,
0.0,
0.0,
0.0,
0.0,
0.0,
0.0,
0.0,
0.0,
186.0,
239.0,
248.0,
204.0,
0.0,
0.0,
0.0,
0.0,
0.0,
0.0,
0.0,
0.0,
0.0,
0.0,
0.0,
0.0,
0.0,
0.0,
0.0,
0.0,
0.0,
0.0,
0.0,
0.0,
0.0,
0.0,
3.0,
7.0,
40.0,
239.0,
246.0,
53.0,
14.0,
1.0,
0.0,
0.0,
0.0,
0.0,
0.0,
0.0,
0.0,
0.0,
0.0,
0.0,
0.0,
0.0,
0.0,
0.0,
0.0,
0.0,
0.0,
0.0,
0.0,
0.0,
0.0,
0.0,
0.0,
0.0,
0.0,
1.0,
0.0,
0.0,
0.0,
0.0,
0.0,
0.0,
0.0,
0.0,
0.0,
0.0,
0.0,
0.0,
0.0,
0.0,
0.0,
0.0,
0.0,
0.0,
0.0,
0.0,
0.0,
0.0,
8.0,
0.0,
2.0,
12.0,
11.0,
0.0,
0.0,
9.0,
0.0,
0.0,
0.0,
0.0,
