0.0,
0.0,
0.0,
0.0,
0.0,
0.0,
0.0,
0.0,
0.0,
0.0,
5.0,
11.0,
0.0,
0.0,
1.0,
0.0,
0.0,
0.0,
0.0,
0.0,
12.0,
4.0,
0.0,
5.0,
0.0,
0.0,
0.0,
0.0,
0.0,
0.0,
0.0,
0.0,
0.0,
0.0,
0.0,
0.0,
7.0,
4.0,
0.0,
0.0,
0.0,
8.0,
0.0,
2.0,
8.0,
8.0,
0.0,
0.0,
0.0,
0.0,
0.0,
0.0,
0.0,
0.0,
0.0,
0.0,
0.0,
0.0,
0.0,
0.0,
0.0,
0.0,
0.0,
0.0,
0.0,
8.0,
0.0,
5.0,
5.0,
9.0,
0.0,
0.0,
0.0,
0.0,
2.0,
1.0,
0.0,
0.0,
5.0,
3.0,
0.0,
0.0,
0.0,
0.0,
0.0,
0.0,
0.0,
0.0,
0.0,
0.0,
0.0,
0.0,
1.0,
10.0,
0.0,
3.0,
0.0,
6.0,
0.0,
10.0,
6.0,
0.0,
0.0,
4.0,
0.0,
6.0,
5.0,
0.0,
0.0,
0.0,
0.0,
0.0,
0.0,
0.0,
0.0,
0.0,
0.0,
0.0,
0.0,
0.0,
3.0,
0.0,
0.0,
9.0,
0.0,
7.0,
3.0,
0.0,
0.0,
0.0,
11.0,
12.0,
0.0,
0.0,
10.0,
13.0,
0.0,
0.0,
0.0,
0.0,
0.0,
0.0,
0.0,
0.0,
0.0,
0.0,
0.0,
0.0,
0.0,
0.0,
7.0,
3.0,
0.0,
0.0,
15.0,
6.0,
14.0,
0.0,
0.0,
0.0,
0.0,
0.0,
0.0,
0.0,
0.0,
0.0,
0.0,
0.0,
0.0,
0.0,
0.0,
0.0,
0.0,
0.0,
0.0,
0.0,
9.0,
11.0,
0.0,
0.0,
53.0,
85.0,
124.0,
147.0,
241.0,
255.0,
255.0,
229.0,
133.0,
29.0,
0.0,
11.0,
0.0,
0.0,
0.0,
0.0,
0.0,
0.0,
0.0,
0.0,
0.0,
0.0,
0.0,
0.0,
0.0,
5.0,
0.0,
21.0,
209.0,
255.0,
255.0,
255.0,
253.0,
249.0,
252.0,
255.0,
240.0,
134.0,
27.0,
0.0,
0.0,
0.0,
0.0,
0.0,
0.0,
0.0,
0.0,
0.0,
0.0,
0.0,
0.0,
0.0,
7.0,
5.0,
0.0,
107.0,
242.0,
255.0,
255.0,
243.0,
248.0,
248.0,
255.0,
254.0,
253.0,
255.0,
0.0,
15.0,
0.0,
0.0,
0.0,
0.0,
0.0,
0.0,
0.0,
0.0,
0.0,
0.0,
0.0,
0.0,
0.0,
2.0,
14.0,
250.0,
255.0,
255.0,
243.0,
255.0,
255.0,
254.0,
239.0,
255.0,
210.0,
210.0,
0.0,
0.0,
0.0,
0.0,
0.0,
0.0,
0.0,
0.0,
0.0,
0.0,
0.0,
0.0,
0.0,
0.0,
9.0,
0.0,
18.0,
219.0,
255.0,
250.0,
250.0,
241.0,
240.0,
255.0,
255.0,
196.0,
7.0,
0.0,
0.0,
21.0,
0.0,
0.0,
0.0,
0.0,
0.0,
0.0,
0.0,
0.0,
0.0,
0.0,
0.0,
0.0,
0.0,
14.0,
0.0,
36.0,
214.0,
255.0,
255.0,
255.0,
253.0,
254.0,
255.0,
231.0,
10.0,
7.0,
10.0,
0.0,
0.0,
0.0,
0.0,
0.0,
0.0,
0.0,
0.0,
0.0,
0.0,
0.0,
0.0,
0.0,
6.0,
0.0,
0.0,
8.0,
34.0,
148.0,
199.0,
241.0,
253.0,
244.0,
237.0,
237.0,
0.0,
0.0,
0.0,
11.0,
0.0,
0.0,
0.0,
0.0,
0.0,
0.0,
0.0,
0.0,
0.0,
0.0,
0.0,
0.0,
0.0,
11.0,
0.0,
0.0,
0.0,
3.0,
31.0,
220.0,
254.0,
255.0,
252.0,
149.0,
3.0,
6.0,
10.0,
0.0,
0.0,
0.0,
0.0,
0.0,
0.0,
0.0,
0.0,
0.0,
0.0,
0.0,
0.0,
0.0,
0.0,
0.0,
1.0,
6.0,
12.0,
1.0,
99.0,
240.0,
248.0,
255.0,
200.0,
18.0,
0.0,
0.0,
12.0,
0.0,
0.0,
0.0,
0.0,
0.0,
0.0,
0.0,
0.0,
0.0,
0.0,
0.0,
0.0,
0.0,
3.0,
3.0,
0.0,
2.0,
0.0,
69.0,
228.0,
255.0,
252.0,
247.0,
78.0,
0.0,
3.0,
17.0,
0.0,
13.0,
0.0,
0.0,
0.0,
0.0,
0.0,
0.0,
0.0,
0.0,
3.0,
4.0,
2.0,
0.0,
5.0,
0.0,
0.0,
0.0,
29.0,
221.0,
249.0,
253.0,
240.0,
78.0,
0.0,
5.0,
0.0,
0.0,
5.0,
0.0,
0.0,
0.0,
0.0,
0.0,
0.0,
0.0,
1.0,
0.0,
0.0,
0.0,
0.0,
0.0,
0.0,
0.0,
28.0,
9.0,
191.0,
255.0,
249.0,
255.0,
83.0,
8.0,
0.0,
11.0,
3.0,
0.0,
2.0,
0.0,
0.0,
0.0,
0.0,
0.0,
0.0,
1.0,
1.0,
0.0,
0.0,
0.0,
0.0,
3.0,
0.0,
20.0,
0.0,
144.0,
255.0,
255.0,
241.0,
189.0,
0.0,
0.0,
0.0,
4.0,
0.0,
0.0,
7.0,
2.0,
0.0,
0.0,
0.0,
0.0,
1.0,
0.0,
0.0,
1.0,
2.0,
1.0,
2.0,
5.0,
1.0,
6.0,
116.0,
247.0,
254.0,
240.0,
206.0,
38.0,
5.0,
10.0,
2.0,
0.0,
0.0,
4.0,
5.0,
3.0,
0.0,
0.0,
0.0,
0.0,
4.0,
0.0,
0.0,
2.0,
5.0,
2.0,
0.0,
0.0,
0.0,
42.0,
224.0,
255.0,
255.0,
246.0,
242.0,
66.0,
0.0,
5.0,
0.0,
0.0,
4.0,
3.0,
0.0,
0.0,
0.0,
0.0,
0.0,
0.0,
6.0,
0.0,
0.0,
1.0,
3.0,
0.0,
0.0,
0.0,
62.0,
251.0,
255.0,
236.0,
234.0,
255.0,
181.0,
16.0,
0.0,
0.0,
0.0,
3.0,
6.0,
0.0,
0.0,
3.0,
0.0,
0.0,
0.0,
0.0,
3.0,
0.0,
0.0,
2.0,
0.0,
0.0,
3.0,
17.0,
200.0,
227.0,
249.0,
255.0,
255.0,
149.0,
9.0,
15.0,
5.0,
1.0,
2.0,
4.0,
0.0,
0.0,
1.0,
10.0,
0.0,
0.0,
0.0,
0.0,
0.0,
0.0,
2.0,
5.0,
0.0,
0.0,
14.0,
39.0,
250.0,
255.0,
249.0,
253.0,
129.0,
14.0,
9.0,
0.0,
3.0,
0.0,
0.0,
0.0,
0.0,
1.0,
2.0,
0.0,
0.0,
0.0,
0.0,
0.0,
0.0,
0.0,
0.0,
0.0,
0.0,
0.0,
0.0,
0.0,
241.0,
255.0,
244.0,
97.0,
13.0,
0.0,
0.0,
9.0,
0.0,
0.0,
0.0,
0.0,
0.0,
0.0,
0.0,
0.0,
0.0,
0.0,
0.0,
0.0,
0.0,
0.0,
0.0,
0.0,
0.0,
0.0,
0.0,
0.0,
181.0,
252.0,
195.0,
16.0,
0.0,
10.0,
0.0,
0.0,
0.0,
0.0,
0.0,
0.0,
0.0,
0.0,
0.0,
0.0,
0.0,
0.0,
0.0,
0.0,
0.0,
0.0,
0.0,
0.0,
0.0,
0.0,
0.0,
0.0,
0.0,
0.0,
5.0,
0.0,
5.0,
0.0,
0.0,
10.0,
0.0,
0.0,
0.0,
0.0,
0.0,
0.0,
0.0,
0.0,
0.0,
0.0,
0.0,
0.0,
0.0,
0.0,
0.0,
0.0,
0.0,
0.0,
0.0,
0.0,
8.0,
0.0,
0.0,
5.0,
3.0,
5.0,
4.0,
0.0,
0.0,
0.0,
0.0,
0.0,
0.0,
0.0,
0.0,
0.0,
0.0,
0.0,
0.0,
0.0,
