0.0,
0.0,
0.0,
0.0,
0.0,
0.0,
0.0,
0.0,
0.0,
0.0,
3.0,
5.0,
1.0,
0.0,
0.0,
0.0,
0.0,
1.0,
7.0,
1.0,
0.0,
0.0,
3.0,
0.0,
0.0,
0.0,
0.0,
0.0,
0.0,
0.0,
0.0,
0.0,
0.0,
0.0,
0.0,
0.0,
7.0,
9.0,
2.0,
0.0,
0.0,
5.0,
7.0,
0.0,
0.0,
0.0,
0.0,
0.0,
8.0,
13.0,
3.0,
0.0,
0.0,
0.0,
0.0,
0.0,
0.0,
0.0,
0.0,
0.0,
0.0,
0.0,
0.0,
0.0,
1.0,
0.0,
0.0,
9.0,
5.0,
0.0,
0.0,
9.0,
7.0,
12.0,
7.0,
0.0,
0.0,
0.0,
0.0,
12.0,
0.0,
0.0,
0.0,
0.0,
0.0,
0.0,
0.0,
0.0,
0.0,
0.0,
0.0,
0.0,
0.0,
1.0,
7.0,
0.0,
0.0,
2.0,
1.0,
0.0,
0.0,
0.0,
0.0,
0.0,
9.0,
1.0,
0.0,
1.0,
0.0,
0.0,
0.0,
0.0,
0.0,
0.0,
0.0,
0.0,
0.0,
0.0,
0.0,
0.0,
16.0,
1.0,
0.0,
0.0,
3.0,
4.0,
3.0,
3.0,
5.0,
7.0,
6.0,
4.0,
2.0,
0.0,
0.0,
5.0,
0.0,
0.0,
0.0,
0.0,
0.0,
0.0,
0.0,
0.0,
0.0,
0.0,
0.0,
0.0,
0.0,
0.0,
3.0,
3.0,
3.0,
3.0,
0.0,
0.0,
5.0,
0.0,
0.0,
0.0,
0.0,
3.0,
5.0,
0.0,
0.0,
0.0,
0.0,
0.0,
0.0,
0.0,
0.0,
0.0,
0.0,
0.0,
0.0,
0.0,
0.0,
21.0,
7.0,
0.0,
38.0,
173.0,
255.0,
255.0,
254.0,
177.0,
99.0,
29.0,
0.0,
2.0,
22.0,
0.0,
0.0,
0.0,
0.0,
0.0,
0.0,
0.0,
0.0,
0.0,
0.0,
0.0,
0.0,
0.0,
14.0,
0.0,
2.0,
109.0,
216.0,
255.0,
254.0,
249.0,
251.0,
255.0,
255.0,
167.0,
23.0,
0.0,
4.0,
0.0,
0.0,
0.0,
0.0,
0.0,
0.0,
0.0,
0.0,
0.0,
0.0,
0.0,
0.0,
0.0,
0.0,
3.0,
138.0,
255.0,
252.0,
253.0,
210.0,
160.0,
187.0,
228.0,
255.0,
224.0,
0.0,
0.0,
20.0,
0.0,
0.0,
0.0,
0.0,
0.0,
0.0,
0.0,
0.0,
0.0,
0.0,
0.0,
0.0,
0.0,
0.0,
151.0,
243.0,
235.0,
209.0,
109.0,
11.0,
0.0,
6.0,
144.0,
255.0,
191.0,
5.0,
0.0,
0.0,
1.0,
0.0,
0.0,
0.0,
0.0,
0.0,
0.0,
0.0,
0.0,
0.0,
0.0,
0.0,
0.0,
101.0,
226.0,
255.0,
201.0,
21.0,
0.0,
0.0,
14.0,
0.0,
74.0,
231.0,
221.0,
15.0,
0.0,
0.0,
0.0,
0.0,
0.0,
0.0,
0.0,
0.0,
0.0,
0.0,
0.0,
0.0,
0.0,
0.0,
0.0,
108.0,
255.0,
252.0,
9.0,
7.0,
0.0,
0.0,
0.0,
23.0,
205.0,
255.0,
194.0,
6.0,
0.0,
0.0,
12.0,
0.0,
0.0,
0.0,
0.0,
0.0,
0.0,
0.0,
0.0,
0.0,
0.0,
0.0,
0.0,
204.0,
255.0,
247.0,
30.0,
0.0,
2.0,
15.0,
0.0,
125.0,
255.0,
255.0,
132.0,
5.0,
0.0,
3.0,
0.0,
0.0,
0.0,
0.0,
0.0,
0.0,
0.0,
0.0,
0.0,
0.0,
0.0,
0.0,
0.0,
171.0,
247.0,
254.0,
182.0,
34.0,
21.0,
62.0,
223.0,
254.0,
238.0,
230.0,
55.0,
5.0,
0.0,
6.0,
0.0,
0.0,
0.0,
0.0,
0.0,
0.0,
0.0,
0.0,
0.0,
0.0,
0.0,
0.0,
0.0,
104.0,
240.0,
255.0,
237.0,
255.0,
255.0,
244.0,
255.0,
243.0,
255.0,
199.0,
0.0,
0.0,
7.0,
0.0,
16.0,
0.0,
0.0,
0.0,
0.0,
0.0,
0.0,
0.0,
0.0,
0.0,
0.0,
0.0,
0.0,
9.0,
232.0,
249.0,
248.0,
255.0,
242.0,
255.0,
245.0,
252.0,
237.0,
100.0,
10.0,
1.0,
9.0,
0.0,
0.0,
0.0,
0.0,
0.0,
0.0,
0.0,
0.0,
0.0,
0.0,
0.0,
0.0,
0.0,
0.0,
0.0,
17.0,
136.0,
248.0,
255.0,
245.0,
243.0,
255.0,
248.0,
219.0,
12.0,
1.0,
5.0,
0.0,
7.0,
0.0,
0.0,
0.0,
0.0,
0.0,
0.0,
0.0,
0.0,
0.0,
0.0,
0.0,
0.0,
0.0,
3.0,
0.0,
18.0,
55.0,
54.0,
64.0,
117.0,
236.0,
254.0,
198.0,
13.0,
4.0,
4.0,
0.0,
4.0,
0.0,
0.0,
0.0,
0.0,
0.0,
0.0,
0.0,
0.0,
0.0,
0.0,
0.0,
0.0,
0.0,
5.0,
0.0,
1.0,
6.0,
0.0,
1.0,
52.0,
246.0,
254.0,
156.0,
7.0,
3.0,
0.0,
3.0,
0.0,
0.0,
0.0,
0.0,
0.0,
0.0,
0.0,
0.0,
0.0,
0.0,
0.0,
0.0,
0.0,
0.0,
0.0,
5.0,
0.0,
0.0,
0.0,
0.0,
29.0,
255.0,
247.0,
110.0,
0.0,
0.0,
0.0,
6.0,
0.0,
2.0,
0.0,
0.0,
0.0,
0.0,
0.0,
0.0,
0.0,
0.0,
0.0,
0.0,
0.0,
0.0,
2.0,
13.0,
2.0,
1.0,
11.0,
0.0,
41.0,
255.0,
247.0,
84.0,
0.0,
0.0,
0.0,
7.0,
0.0,
2.0,
0.0,
0.0,
0.0,
0.0,
0.0,
0.0,
0.0,
0.0,
0.0,
0.0,
0.0,
0.0,
0.0,
0.0,
0.0,
0.0,
9.0,
0.0,
71.0,
239.0,
253.0,
82.0,
0.0,
1.0,
0.0,
5.0,
0.0,
1.0,
0.0,
0.0,
0.0,
0.0,
0.0,
0.0,
0.0,
0.0,
0.0,
0.0,
0.0,
0.0,
15.0,
2.0,
1.0,
0.0,
0.0,
1.0,
140.0,
255.0,
253.0,
87.0,
1.0,
1.0,
2.0,
1.0,
0.0,
1.0,
0.0,
0.0,
0.0,
0.0,
0.0,
0.0,
0.0,
0.0,
0.0,
0.0,
0.0,
0.0,
0.0,
0.0,
9.0,
5.0,
0.0,
0.0,
160.0,
246.0,
247.0,
89.0,
0.0,
0.0,
4.0,
0.0,
1.0,
3.0,
0.0,
0.0,
0.0,
0.0,
0.0,
0.0,
0.0,
0.0,
0.0,
0.0,
0.0,
0.0,
0.0,
8.0,
0.0,
8.0,
0.0,
0.0,
255.0,
249.0,
255.0,
86.0,
0.0,
13.0,
4.0,
0.0,
4.0,
4.0,
0.0,
0.0,
0.0,
0.0,
0.0,
0.0,
0.0,
0.0,
0.0,
0.0,
0.0,
0.0,
0.0,
0.0,
0.0,
0.0,
0.0,
26.0,
236.0,
255.0,
228.0,
79.0,
0.0,
0.0,
0.0,
5.0,
6.0,
0.0,
0.0,
0.0,
0.0,
0.0,
0.0,
0.0,
0.0,
0.0,
0.0,
0.0,
0.0,
0.0,
0.0,
0.0,
11.0,
11.0,
0.0,
0.0,
16.0,
0.0,
7.0,
0.0,
0.0,
6.0,
0.0,
0.0,
7.0,
10.0,
0.0,
0.0,
0.0,
0.0,
0.0,
0.0,
0.0,
0.0,
0.0,
0.0,
0.0,
0.0,
15.0,
0.0,
0.0,
0.0,
0.0,
8.0,
8.0,
0.0,
0.0,
6.0,
9.0,
5.0,
1.0,
0.0,
0.0,
0.0,
0.0,
0.0,
0.0,
0.0,
