0.0,
0.0,
0.0,
0.0,
0.0,
0.0,
0.0,
0.0,
7.0,
0.0,
0.0,
0.0,
1.0,
0.0,
0.0,
6.0,
0.0,
1.0,
0.0,
4.0,
0.0,
9.0,
0.0,
0.0,
0.0,
0.0,
0.0,
0.0,
0.0,
0.0,
0.0,
0.0,
0.0,
0.0,
0.0,
0.0,
0.0,
2.0,
5.0,
0.0,
1.0,
17.0,
12.0,
0.0,
14.0,
0.0,
0.0,
6.0,
0.0,
8.0,
11.0,
0.0,
0.0,
0.0,
0.0,
0.0,
0.0,
0.0,
0.0,
0.0,
0.0,
0.0,
0.0,
0.0,
5.0,
9.0,
10.0,
2.0,
0.0,
0.0,
0.0,
9.0,
0.0,
3.0,
11.0,
3.0,
4.0,
0.0,
0.0,
9.0,
0.0,
0.0,
0.0,
0.0,
0.0,
0.0,
0.0,
0.0,
0.0,
0.0,
0.0,
0.0,
0.0,
0.0,
0.0,
11.0,
16.0,
2.0,
0.0,
4.0,
4.0,
0.0,
0.0,
0.0,
13.0,
0.0,
0.0,
0.0,
0.0,
0.0,
0.0,
0.0,
0.0,
0.0,
0.0,
0.0,
0.0,
0.0,
0.0,
0.0,
0.0,
4.0,
3.0,
0.0,
0.0,
1.0,
2.0,
0.0,
18.0,
0.0,
9.0,
0.0,
0.0,
0.0,
14.0,
0.0,
0.0,
0.0,
0.0,
0.0,
0.0,
0.0,
0.0,
0.0,
0.0,
0.0,
0.0,
0.0,
3.0,
0.0,
0.0,
0.0,
3.0,
4.0,
5.0,
7.0,
0.0,
19.0,
5.0,
0.0,
19.0,
5.0,
0.0,
1.0,
0.0,
0.0,
0.0,
0.0,
0.0,
0.0,
0.0,
0.0,
0.0,
0.0,
0.0,
0.0,
0.0,
1.0,
13.0,
6.0,
0.0,
7.0,
123.0,
247.0,
255.0,
250.0,
119.0,
9.0,
0.0,
2.0,
0.0,
18.0,
0.0,
0.0,
0.0,
0.0,
0.0,
0.0,
0.0,
0.0,
0.0,
0.0,
0.0,
0.0,
4.0,
0.0,
4.0,
54.0,
133.0,
206.0,
247.0,
255.0,
255.0,
249.0,
255.0,
184.0,
4.0,
0.0,
20.0,
0.0,
0.0,
0.0,
0.0,
0.0,
0.0,
0.0,
0.0,
2.0,
0.0,
0.0,
14.0,
0.0,
0.0,
11.0,
129.0,
248.0,
255.0,
255.0,
195.0,
61.0,
0.0,
8.0,
189.0,
255.0,
131.0,
0.0,
14.0,
0.0,
0.0,
0.0,
0.0,
0.0,
15.0,
0.0,
0.0,
7.0,
2.0,
12.0,
0.0,
8.0,
64.0,
244.0,
255.0,
248.0,
250.0,
255.0,
0.0,
2.0,
0.0,
2.0,
5.0,
246.0,
132.0,
8.0,
0.0,
1.0,
0.0,
0.0,
0.0,
0.0,
2.0,
0.0,
0.0,
0.0,
0.0,
0.0,
30.0,
122.0,
255.0,
248.0,
249.0,
202.0,
77.0,
5.0,
0.0,
3.0,
0.0,
14.0,
2.0,
243.0,
121.0,
7.0,
0.0,
15.0,
0.0,
0.0,
0.0,
0.0,
0.0,
12.0,
7.0,
1.0,
0.0,
15.0,
175.0,
253.0,
255.0,
255.0,
64.0,
0.0,
0.0,
0.0,
11.0,
0.0,
4.0,
0.0,
55.0,
255.0,
201.0,
67.0,
0.0,
0.0,
0.0,
0.0,
0.0,
0.0,
0.0,
9.0,
0.0,
4.0,
4.0,
113.0,
251.0,
255.0,
243.0,
72.0,
7.0,
1.0,
3.0,
0.0,
3.0,
4.0,
6.0,
0.0,
193.0,
255.0,
255.0,
237.0,
4.0,
0.0,
0.0,
0.0,
0.0,
0.0,
2.0,
0.0,
0.0,
0.0,
0.0,
212.0,
246.0,
247.0,
140.0,
0.0,
0.0,
0.0,
4.0,
1.0,
7.0,
0.0,
0.0,
179.0,
255.0,
255.0,
227.0,
31.0,
9.0,
2.0,
0.0,
0.0,
0.0,
0.0,
8.0,
4.0,
6.0,
6.0,
53.0,
255.0,
253.0,
255.0,
0.0,
23.0,
0.0,
7.0,
0.0,
0.0,
55.0,
133.0,
246.0,
255.0,
250.0,
250.0,
214.0,
0.0,
0.0,
0.0,
0.0,
0.0,
0.0,
0.0,
0.0,
4.0,
1.0,
0.0,
127.0,
255.0,
255.0,
250.0,
65.0,
0.0,
10.0,
0.0,
16.0,
52.0,
255.0,
251.0,
255.0,
243.0,
255.0,
244.0,
60.0,
9.0,
1.0,
3.0,
0.0,
0.0,
0.0,
0.0,
2.0,
10.0,
0.0,
0.0,
6.0,
181.0,
255.0,
249.0,
245.0,
255.0,
255.0,
255.0,
255.0,
255.0,
248.0,
254.0,
121.0,
255.0,
255.0,
189.0,
7.0,
15.0,
0.0,
12.0,
0.0,
0.0,
0.0,
0.0,
0.0,
0.0,
2.0,
3.0,
0.0,
83.0,
197.0,
255.0,
255.0,
253.0,
246.0,
251.0,
255.0,
232.0,
76.0,
9.0,
81.0,
232.0,
255.0,
56.0,
0.0,
0.0,
34.0,
0.0,
0.0,
0.0,
0.0,
0.0,
7.0,
0.0,
4.0,
18.0,
2.0,
0.0,
0.0,
0.0,
65.0,
141.0,
0.0,
79.0,
249.0,
141.0,
0.0,
0.0,
244.0,
255.0,
255.0,
10.0,
0.0,
21.0,
0.0,
0.0,
0.0,
0.0,
0.0,
0.0,
6.0,
0.0,
0.0,
0.0,
4.0,
0.0,
7.0,
9.0,
0.0,
2.0,
0.0,
0.0,
0.0,
14.0,
0.0,
3.0,
254.0,
247.0,
123.0,
0.0,
0.0,
14.0,
0.0,
13.0,
0.0,
0.0,
0.0,
0.0,
0.0,
0.0,
14.0,
0.0,
11.0,
0.0,
0.0,
0.0,
14.0,
0.0,
6.0,
15.0,
7.0,
0.0,
0.0,
135.0,
255.0,
255.0,
129.0,
8.0,
9.0,
1.0,
0.0,
0.0,
0.0,
0.0,
0.0,
0.0,
16.0,
0.0,
0.0,
0.0,
16.0,
0.0,
3.0,
4.0,
0.0,
4.0,
0.0,
0.0,
5.0,
0.0,
10.0,
121.0,
255.0,
240.0,
132.0,
0.0,
0.0,
16.0,
0.0,
12.0,
0.0,
0.0,
0.0,
0.0,
0.0,
0.0,
1.0,
2.0,
2.0,
0.0,
0.0,
0.0,
13.0,
0.0,
18.0,
11.0,
0.0,
0.0,
0.0,
131.0,
255.0,
255.0,
129.0,
0.0,
0.0,
0.0,
3.0,
0.0,
0.0,
0.0,
0.0,
0.0,
4.0,
1.0,
3.0,
0.0,
0.0,
7.0,
8.0,
0.0,
0.0,
13.0,
0.0,
0.0,
0.0,
10.0,
0.0,
3.0,
248.0,
255.0,
239.0,
2.0,
6.0,
10.0,
4.0,
0.0,
0.0,
0.0,
0.0,
0.0,
0.0,
0.0,
0.0,
0.0,
0.0,
0.0,
0.0,
0.0,
0.0,
0.0,
0.0,
0.0,
0.0,
0.0,
0.0,
0.0,
62.0,
255.0,
254.0,
255.0,
248.0,
192.0,
126.0,
0.0,
0.0,
0.0,
0.0,
0.0,
0.0,
0.0,
0.0,
0.0,
0.0,
0.0,
0.0,
0.0,
0.0,
0.0,
0.0,
0.0,
0.0,
0.0,
0.0,
0.0,
0.0,
88.0,
114.0,
247.0,
207.0,
121.0,
6.0,
0.0,
0.0,
0.0,
0.0,
0.0,
0.0,
0.0,
0.0,
0.0,
0.0,
0.0,
0.0,
0.0,
0.0,
0.0,
0.0,
0.0,
0.0,
0.0,
0.0,
0.0,
0.0,
4.0,
0.0,
3.0,
0.0,
2.0,
0.0,
12.0,
0.0,
0.0,
0.0,
0.0,
0.0,
0.0,
0.0,
0.0,
0.0,
0.0,
0.0,
0.0,
0.0,
0.0,
0.0,
0.0,
0.0,
0.0,
0.0,
0.0,
4.0,
0.0,
11.0,
4.0,
5.0,
3.0,
0.0,
0.0,
0.0,
0.0,
0.0,
0.0,
