0.0,
0.0,
0.0,
0.0,
0.0,
0.0,
0.0,
0.0,
0.0,
0.0,
0.0,
2.0,
4.0,
2.0,
0.0,
0.0,
0.0,
0.0,
2.0,
0.0,
0.0,
4.0,
7.0,
0.0,
0.0,
0.0,
0.0,
0.0,
0.0,
0.0,
0.0,
0.0,
0.0,
0.0,
0.0,
0.0,
6.0,
3.0,
0.0,
0.0,
0.0,
0.0,
3.0,
5.0,
6.0,
5.0,
2.0,
0.0,
0.0,
0.0,
1.0,
7.0,
0.0,
0.0,
0.0,
0.0,
0.0,
0.0,
0.0,
0.0,
0.0,
0.0,
0.0,
0.0,
0.0,
0.0,
0.0,
0.0,
0.0,
0.0,
0.0,
0.0,
0.0,
0.0,
0.0,
0.0,
6.0,
0.0,
0.0,
3.0,
0.0,
0.0,
0.0,
0.0,
0.0,
0.0,
0.0,
0.0,
0.0,
0.0,
0.0,
0.0,
0.0,
0.0,
2.0,
4.0,
3.0,
2.0,
2.0,
3.0,
0.0,
1.0,
0.0,
0.0,
11.0,
10.0,
0.0,
0.0,
0.0,
0.0,
0.0,
0.0,
0.0,
0.0,
0.0,
0.0,
0.0,
0.0,
0.0,
0.0,
7.0,
5.0,
1.0,
0.0,
0.0,
0.0,
0.0,
0.0,
4.0,
10.0,
3.0,
0.0,
0.0,
3.0,
3.0,
1.0,
0.0,
0.0,
0.0,
0.0,
0.0,
0.0,
0.0,
0.0,
0.0,
0.0,
0.0,
0.0,
0.0,
0.0,
0.0,
3.0,
8.0,
9.0,
7.0,
5.0,
0.0,
0.0,
5.0,
4.0,
0.0,
0.0,
5.0,
0.0,
0.0,
0.0,
0.0,
0.0,
0.0,
0.0,
0.0,
0.0,
0.0,
0.0,
0.0,
0.0,
11.0,
4.0,
0.0,
0.0,
0.0,
0.0,
0.0,
0.0,
27.0,
0.0,
0.0,
14.0,
0.0,
0.0,
6.0,
0.0,
0.0,
0.0,
0.0,
0.0,
0.0,
0.0,
0.0,
0.0,
0.0,
0.0,
0.0,
0.0,
0.0,
0.0,
0.0,
30.0,
88.0,
157.0,
214.0,
245.0,
123.0,
20.0,
0.0,
6.0,
0.0,
0.0,
10.0,
0.0,
0.0,
0.0,
0.0,
0.0,
1.0,
0.0,
0.0,
0.0,
0.0,
0.0,
0.0,
0.0,
0.0,
30.0,
168.0,
226.0,
206.0,
109.0,
112.0,
106.0,
233.0,
193.0,
0.0,
7.0,
6.0,
0.0,
4.0,
2.0,
0.0,
0.0,
0.0,
0.0,
0.0,
0.0,
1.0,
1.0,
1.0,
1.0,
1.0,
2.0,
95.0,
252.0,
191.0,
55.0,
0.0,
0.0,
21.0,
172.0,
255.0,
245.0,
24.0,
0.0,
0.0,
0.0,
8.0,
0.0,
0.0,
0.0,
0.0,
0.0,
0.0,
1.0,
2.0,
2.0,
1.0,
2.0,
6.0,
10.0,
238.0,
163.0,
25.0,
7.0,
58.0,
193.0,
191.0,
158.0,
214.0,
227.0,
21.0,
0.0,
0.0,
3.0,
4.0,
0.0,
0.0,
0.0,
0.0,
0.0,
0.0,
1.0,
4.0,
2.0,
0.0,
0.0,
6.0,
13.0,
243.0,
153.0,
159.0,
223.0,
200.0,
91.0,
25.0,
4.0,
158.0,
185.0,
0.0,
1.0,
13.0,
0.0,
0.0,
4.0,
0.0,
0.0,
0.0,
0.0,
0.0,
2.0,
4.0,
1.0,
0.0,
0.0,
3.0,
9.0,
140.0,
163.0,
139.0,
36.0,
19.0,
0.0,
0.0,
0.0,
174.0,
198.0,
4.0,
0.0,
5.0,
0.0,
0.0,
7.0,
0.0,
0.0,
0.0,
0.0,
0.0,
2.0,
2.0,
0.0,
0.0,
0.0,
0.0,
3.0,
0.0,
0.0,
0.0,
0.0,
0.0,
9.0,
12.0,
0.0,
177.0,
207.0,
14.0,
0.0,
0.0,
2.0,
6.0,
0.0,
0.0,
0.0,
0.0,
0.0,
0.0,
0.0,
1.0,
0.0,
0.0,
0.0,
0.0,
1.0,
0.0,
16.0,
1.0,
0.0,
0.0,
0.0,
0.0,
12.0,
168.0,
186.0,
4.0,
0.0,
0.0,
4.0,
10.0,
0.0,
0.0,
0.0,
0.0,
0.0,
0.0,
0.0,
0.0,
1.0,
3.0,
3.0,
2.0,
0.0,
9.0,
0.0,
0.0,
13.0,
1.0,
3.0,
10.0,
0.0,
194.0,
180.0,
0.0,
7.0,
0.0,
0.0,
3.0,
0.0,
0.0,
0.0,
0.0,
0.0,
0.0,
0.0,
0.0,
0.0,
0.0,
0.0,
0.0,
0.0,
0.0,
1.0,
1.0,
1.0,
0.0,
0.0,
2.0,
4.0,
255.0,
178.0,
1.0,
8.0,
0.0,
2.0,
0.0,
6.0,
0.0,
0.0,
0.0,
0.0,
0.0,
0.0,
0.0,
0.0,
0.0,
0.0,
0.0,
0.0,
0.0,
1.0,
1.0,
1.0,
0.0,
0.0,
2.0,
4.0,
255.0,
186.0,
1.0,
7.0,
0.0,
1.0,
0.0,
2.0,
0.0,
0.0,
0.0,
0.0,
0.0,
0.0,
0.0,
0.0,
0.0,
0.0,
0.0,
0.0,
0.0,
1.0,
1.0,
1.0,
0.0,
0.0,
2.0,
4.0,
247.0,
193.0,
0.0,
1.0,
3.0,
0.0,
0.0,
0.0,
0.0,
0.0,
0.0,
0.0,
0.0,
0.0,
0.0,
0.0,
0.0,
0.0,
0.0,
0.0,
0.0,
1.0,
1.0,
1.0,
0.0,
0.0,
2.0,
4.0,
245.0,
194.0,
0.0,
0.0,
4.0,
0.0,
1.0,
0.0,
0.0,
0.0,
0.0,
0.0,
0.0,
0.0,
0.0,
0.0,
0.0,
0.0,
0.0,
0.0,
0.0,
1.0,
1.0,
1.0,
0.0,
0.0,
2.0,
4.0,
255.0,
190.0,
2.0,
0.0,
4.0,
0.0,
2.0,
0.0,
0.0,
0.0,
0.0,
0.0,
0.0,
0.0,
0.0,
0.0,
0.0,
0.0,
0.0,
0.0,
0.0,
1.0,
1.0,
1.0,
0.0,
0.0,
2.0,
4.0,
255.0,
174.0,
10.0,
0.0,
2.0,
0.0,
0.0,
0.0,
0.0,
0.0,
0.0,
0.0,
0.0,
0.0,
0.0,
0.0,
0.0,
0.0,
0.0,
0.0,
0.0,
1.0,
1.0,
1.0,
0.0,
0.0,
2.0,
4.0,
255.0,
140.0,
9.0,
0.0,
0.0,
2.0,
0.0,
0.0,
0.0,
0.0,
0.0,
0.0,
0.0,
0.0,
0.0,
0.0,
0.0,
0.0,
0.0,
0.0,
0.0,
1.0,
1.0,
1.0,
0.0,
0.0,
2.0,
4.0,
247.0,
108.0,
2.0,
0.0,
0.0,
5.0,
0.0,
3.0,
0.0,
0.0,
0.0,
0.0,
0.0,
0.0,
0.0,
0.0,
0.0,
0.0,
0.0,
0.0,
1.0,
0.0,
10.0,
0.0,
2.0,
0.0,
0.0,
81.0,
253.0,
23.0,
11.0,
0.0,
0.0,
0.0,
3.0,
0.0,
0.0,
0.0,
0.0,
0.0,
0.0,
0.0,
0.0,
0.0,
0.0,
0.0,
0.0,
0.0,
7.0,
0.0,
3.0,
4.0,
8.0,
0.0,
15.0,
143.0,
254.0,
26.0,
0.0,
0.0,
11.0,
1.0,
3.0,
0.0,
0.0,
0.0,
0.0,
0.0,
0.0,
0.0,
0.0,
0.0,
0.0,
0.0,
0.0,
0.0,
9.0,
0.0,
1.0,
3.0,
5.0,
0.0,
10.0,
123.0,
136.0,
6.0,
0.0,
1.0,
13.0,
0.0,
3.0,
0.0,
0.0,
0.0,
0.0,
0.0,
0.0,
0.0,
0.0,
0.0,
0.0,
0.0,
0.0,
0.0,
0.0,
2.0,
5.0,
0.0,
1.0,
0.0,
0.0,
29.0,
5.0,
0.0,
8.0,
4.0,
2.0,
0.0,
10.0,
0.0,
0.0,
0.0,
0.0,
0.0,
