0.0,
0.0,
0.0,
0.0,
0.0,
0.0,
0.0,
0.0,
0.0,
1.0,
1.0,
2.0,
3.0,
2.0,
0.0,
0.0,
0.0,
5.0,
1.0,
0.0,
0.0,
0.0,
11.0,
0.0,
0.0,
0.0,
0.0,
0.0,
0.0,
0.0,
0.0,
0.0,
0.0,
0.0,
0.0,
0.0,
0.0,
0.0,
0.0,
0.0,
0.0,
0.0,
0.0,
0.0,
12.0,
0.0,
0.0,
3.0,
14.0,
2.0,
9.0,
0.0,
0.0,
0.0,
0.0,
0.0,
0.0,
0.0,
0.0,
0.0,
0.0,
0.0,
0.0,
0.0,
0.0,
0.0,
2.0,
4.0,
3.0,
2.0,
2.0,
3.0,
0.0,
0.0,
3.0,
11.0,
0.0,
7.0,
0.0,
0.0,
0.0,
0.0,
0.0,
0.0,
0.0,
0.0,
0.0,
0.0,
0.0,
0.0,
0.0,
0.0,
4.0,
4.0,
2.0,
1.0,
0.0,
0.0,
0.0,
0.0,
5.0,
0.0,
3.0,
1.0,
0.0,
13.0,
3.0,
0.0,
0.0,
0.0,
0.0,
0.0,
0.0,
0.0,
0.0,
0.0,
0.0,
0.0,
0.0,
0.0,
2.0,
0.0,
0.0,
0.0,
1.0,
4.0,
6.0,
6.0,
19.0,
0.0,
8.0,
0.0,
14.0,
0.0,
1.0,
0.0,
0.0,
0.0,
0.0,
0.0,
0.0,
0.0,
0.0,
0.0,
0.0,
0.0,
0.0,
0.0,
0.0,
0.0,
1.0,
2.0,
0.0,
0.0,
0.0,
0.0,
0.0,
5.0,
0.0,
8.0,
0.0,
8.0,
11.0,
0.0,
0.0,
0.0,
0.0,
0.0,
0.0,
0.0,
0.0,
0.0,
0.0,
0.0,
0.0,
0.0,
1.0,
5.0,
5.0,
0.0,
0.0,
0.0,
27.0,
52.0,
142.0,
250.0,
245.0,
223.0,
49.0,
0.0,
0.0,
17.0,
0.0,
0.0,
0.0,
0.0,
0.0,
0.0,
0.0,
0.0,
0.0,
0.0,
0.0,
0.0,
2.0,
2.0,
0.0,
0.0,
12.0,
83.0,
183.0,
255.0,
254.0,
254.0,
255.0,
255.0,
182.0,
0.0,
9.0,
0.0,
0.0,
0.0,
0.0,
0.0,
1.0,
0.0,
11.0,
0.0,
1.0,
2.0,
3.0,
0.0,
0.0,
8.0,
0.0,
6.0,
203.0,
240.0,
248.0,
255.0,
255.0,
255.0,
246.0,
255.0,
255.0,
0.0,
7.0,
0.0,
0.0,
0.0,
0.0,
0.0,
0.0,
0.0,
9.0,
0.0,
4.0,
0.0,
2.0,
0.0,
0.0,
0.0,
60.0,
215.0,
255.0,
254.0,
240.0,
240.0,
115.0,
230.0,
244.0,
252.0,
255.0,
7.0,
2.0,
2.0,
0.0,
0.0,
0.0,
0.0,
0.0,
0.0,
2.0,
5.0,
4.0,
0.0,
7.0,
0.0,
0.0,
49.0,
225.0,
255.0,
239.0,
231.0,
141.0,
16.0,
103.0,
246.0,
247.0,
255.0,
176.0,
5.0,
0.0,
2.0,
0.0,
0.0,
0.0,
0.0,
3.0,
2.0,
0.0,
0.0,
2.0,
0.0,
9.0,
0.0,
44.0,
231.0,
235.0,
249.0,
255.0,
49.0,
18.0,
84.0,
218.0,
255.0,
249.0,
252.0,
50.0,
0.0,
0.0,
0.0,
0.0,
0.0,
0.0,
0.0,
0.0,
7.0,
0.0,
0.0,
2.0,
3.0,
0.0,
0.0,
179.0,
255.0,
255.0,
252.0,
58.0,
0.0,
158.0,
254.0,
255.0,
247.0,
255.0,
197.0,
0.0,
6.0,
9.0,
0.0,
0.0,
0.0,
0.0,
0.0,
0.0,
6.0,
0.0,
0.0,
4.0,
4.0,
0.0,
44.0,
236.0,
253.0,
237.0,
62.0,
1.0,
159.0,
255.0,
254.0,
254.0,
249.0,
255.0,
94.0,
0.0,
4.0,
10.0,
0.0,
0.0,
0.0,
0.0,
0.0,
0.0,
1.0,
4.0,
0.0,
3.0,
0.0,
0.0,
148.0,
252.0,
250.0,
152.0,
66.0,
212.0,
236.0,
255.0,
247.0,
253.0,
255.0,
207.0,
19.0,
0.0,
0.0,
3.0,
0.0,
0.0,
0.0,
0.0,
0.0,
2.0,
0.0,
5.0,
0.0,
0.0,
0.0,
21.0,
244.0,
251.0,
255.0,
255.0,
240.0,
255.0,
254.0,
255.0,
255.0,
252.0,
244.0,
130.0,
3.0,
0.0,
0.0,
1.0,
0.0,
0.0,
0.0,
0.0,
0.0,
4.0,
0.0,
4.0,
0.0,
4.0,
0.0,
15.0,
163.0,
252.0,
252.0,
243.0,
255.0,
255.0,
86.0,
125.0,
254.0,
253.0,
253.0,
23.0,
1.0,
4.0,
6.0,
0.0,
2.0,
0.0,
0.0,
0.0,
0.0,
0.0,
0.0,
10.0,
0.0,
5.0,
5.0,
0.0,
46.0,
130.0,
233.0,
208.0,
130.0,
31.0,
0.0,
121.0,
234.0,
242.0,
207.0,
16.0,
0.0,
0.0,
0.0,
0.0,
4.0,
0.0,
0.0,
0.0,
0.0,
0.0,
0.0,
6.0,
0.0,
0.0,
14.0,
0.0,
0.0,
0.0,
0.0,
6.0,
0.0,
3.0,
29.0,
217.0,
255.0,
255.0,
154.0,
6.0,
0.0,
0.0,
0.0,
0.0,
0.0,
0.0,
0.0,
0.0,
0.0,
9.0,
0.0,
2.0,
0.0,
0.0,
3.0,
0.0,
10.0,
0.0,
2.0,
4.0,
1.0,
7.0,
150.0,
255.0,
245.0,
255.0,
107.0,
0.0,
0.0,
2.0,
5.0,
4.0,
0.0,
0.0,
0.0,
0.0,
0.0,
3.0,
0.0,
5.0,
14.0,
1.0,
0.0,
0.0,
5.0,
7.0,
0.0,
19.0,
0.0,
8.0,
152.0,
255.0,
255.0,
197.0,
49.0,
0.0,
0.0,
0.0,
4.0,
5.0,
0.0,
0.0,
0.0,
0.0,
0.0,
1.0,
0.0,
2.0,
0.0,
0.0,
2.0,
4.0,
0.0,
0.0,
19.0,
0.0,
2.0,
4.0,
255.0,
255.0,
228.0,
79.0,
0.0,
0.0,
6.0,
0.0,
0.0,
2.0,
7.0,
0.0,
0.0,
0.0,
0.0,
0.0,
7.0,
0.0,
0.0,
0.0,
5.0,
12.0,
2.0,
7.0,
0.0,
0.0,
16.0,
152.0,
247.0,
254.0,
177.0,
7.0,
0.0,
0.0,
7.0,
0.0,
2.0,
0.0,
5.0,
0.0,
0.0,
0.0,
0.0,
0.0,
5.0,
0.0,
1.0,
2.0,
0.0,
0.0,
0.0,
0.0,
1.0,
6.0,
3.0,
234.0,
254.0,
247.0,
68.0,
0.0,
2.0,
0.0,
4.0,
0.0,
12.0,
0.0,
0.0,
0.0,
0.0,
0.0,
0.0,
0.0,
0.0,
0.0,
0.0,
0.0,
0.0,
0.0,
0.0,
0.0,
0.0,
15.0,
79.0,
255.0,
255.0,
180.0,
11.0,
0.0,
0.0,
0.0,
0.0,
0.0,
0.0,
0.0,
0.0,
0.0,
0.0,
0.0,
0.0,
0.0,
0.0,
0.0,
0.0,
0.0,
0.0,
0.0,
0.0,
8.0,
0.0,
6.0,
95.0,
255.0,
177.0,
66.0,
0.0,
0.0,
0.0,
0.0,
0.0,
0.0,
0.0,
0.0,
0.0,
0.0,
0.0,
0.0,
0.0,
0.0,
0.0,
0.0,
0.0,
0.0,
0.0,
0.0,
0.0,
0.0,
0.0,
0.0,
0.0,
15.0,
0.0,
0.0,
9.0,
0.0,
0.0,
0.0,
0.0,
0.0,
0.0,
0.0,
0.0,
0.0,
0.0,
0.0,
0.0,
0.0,
0.0,
0.0,
0.0,
0.0,
0.0,
0.0,
0.0,
0.0,
7.0,
14.0,
1.0,
0.0,
1.0,
13.0,
0.0,
0.0,
0.0,
0.0,
0.0,
0.0,
0.0,
0.0,
0.0,
0.0,
0.0,
0.0,
0.0,
