0.0,
0.0,
0.0,
0.0,
0.0,
0.0,
0.0,
0.0,
0.0,
0.0,
1.0,
0.0,
3.0,
0.0,
0.0,
5.0,
0.0,
0.0,
0.0,
0.0,
0.0,
0.0,
0.0,
0.0,
0.0,
0.0,
0.0,
0.0,
0.0,
0.0,
0.0,
0.0,
0.0,
0.0,
0.0,
0.0,
0.0,
0.0,
0.0,
0.0,
4.0,
4.0,
13.0,
5.0,
0.0,
0.0,
0.0,
0.0,
0.0,
0.0,
0.0,
0.0,
0.0,
0.0,
0.0,
0.0,
0.0,
0.0,
0.0,
0.0,
0.0,
0.0,
0.0,
0.0,
3.0,
7.0,
7.0,
15.0,
0.0,
0.0,
6.0,
0.0,
0.0,
0.0,
0.0,
0.0,
0.0,
0.0,
0.0,
0.0,
0.0,
0.0,
0.0,
0.0,
0.0,
0.0,
0.0,
0.0,
0.0,
0.0,
0.0,
0.0,
0.0,
0.0,
0.0,
0.0,
0.0,
0.0,
10.0,
12.0,
0.0,
0.0,
0.0,
0.0,
0.0,
0.0,
0.0,
0.0,
0.0,
0.0,
0.0,
0.0,
0.0,
0.0,
0.0,
0.0,
0.0,
0.0,
0.0,
0.0,
1.0,
3.0,
7.0,
0.0,
11.0,
17.0,
0.0,
0.0,
0.0,
0.0,
0.0,
0.0,
0.0,
0.0,
0.0,
0.0,
0.0,
0.0,
0.0,
0.0,
0.0,
0.0,
0.0,
0.0,
0.0,
0.0,
0.0,
0.0,
0.0,
0.0,
4.0,
0.0,
1.0,
0.0,
0.0,
9.0,
0.0,
0.0,
0.0,
0.0,
0.0,
0.0,
0.0,
0.0,
0.0,
0.0,
0.0,
0.0,
0.0,
0.0,
0.0,
0.0,
0.0,
0.0,
0.0,
0.0,
10.0,
0.0,
0.0,
17.0,
1.0,
0.0,
15.0,
0.0,
0.0,
0.0,
0.0,
0.0,
0.0,
0.0,
0.0,
0.0,
0.0,
0.0,
0.0,
0.0,
0.0,
0.0,
0.0,
0.0,
0.0,
0.0,
0.0,
0.0,
0.0,
0.0,
46.0,
220.0,
255.0,
244.0,
255.0,
135.0,
0.0,
0.0,
0.0,
0.0,
0.0,
0.0,
0.0,
0.0,
0.0,
0.0,
0.0,
0.0,
0.0,
11.0,
4.0,
0.0,
0.0,
0.0,
6.0,
0.0,
8.0,
144.0,
217.0,
255.0,
255.0,
255.0,
244.0,
247.0,
79.0,
0.0,
13.0,
0.0,
8.0,
6.0,
0.0,
0.0,
0.0,
0.0,
0.0,
0.0,
0.0,
0.0,
0.0,
0.0,
7.0,
3.0,
0.0,
0.0,
126.0,
248.0,
255.0,
255.0,
239.0,
250.0,
238.0,
255.0,
161.0,
0.0,
0.0,
15.0,
3.0,
0.0,
11.0,
0.0,
0.0,
0.0,
0.0,
0.0,
0.0,
0.0,
7.0,
0.0,
1.0,
0.0,
1.0,
70.0,
229.0,
255.0,
253.0,
239.0,
144.0,
0.0,
0.0,
193.0,
204.0,
34.0,
0.0,
7.0,
0.0,
0.0,
16.0,
0.0,
0.0,
0.0,
0.0,
0.0,
0.0,
0.0,
14.0,
0.0,
0.0,
0.0,
8.0,
119.0,
255.0,
249.0,
211.0,
24.0,
0.0,
10.0,
19.0,
204.0,
251.0,
180.0,
46.0,
0.0,
8.0,
1.0,
0.0,
0.0,
0.0,
0.0,
0.0,
0.0,
1.0,
0.0,
2.0,
0.0,
8.0,
1.0,
0.0,
88.0,
255.0,
254.0,
42.0,
1.0,
17.0,
0.0,
135.0,
250.0,
255.0,
255.0,
113.0,
0.0,
12.0,
8.0,
0.0,
0.0,
0.0,
0.0,
0.0,
0.0,
1.0,
0.0,
3.0,
0.0,
4.0,
0.0,
3.0,
77.0,
244.0,
244.0,
34.0,
0.0,
48.0,
207.0,
255.0,
255.0,
240.0,
254.0,
130.0,
5.0,
0.0,
0.0,
6.0,
4.0,
0.0,
0.0,
0.0,
0.0,
1.0,
5.0,
7.0,
2.0,
0.0,
0.0,
16.0,
64.0,
243.0,
255.0,
176.0,
241.0,
250.0,
253.0,
255.0,
247.0,
255.0,
251.0,
150.0,
12.0,
0.0,
0.0,
5.0,
0.0,
0.0,
0.0,
0.0,
0.0,
2.0,
1.0,
0.0,
2.0,
5.0,
0.0,
4.0,
3.0,
155.0,
255.0,
251.0,
249.0,
255.0,
240.0,
245.0,
89.0,
254.0,
243.0,
142.0,
0.0,
2.0,
1.0,
6.0,
0.0,
0.0,
0.0,
0.0,
0.0,
0.0,
0.0,
0.0,
0.0,
0.0,
0.0,
0.0,
0.0,
39.0,
182.0,
255.0,
255.0,
238.0,
154.0,
31.0,
8.0,
255.0,
253.0,
137.0,
5.0,
0.0,
4.0,
0.0,
7.0,
0.0,
0.0,
0.0,
0.0,
0.0,
0.0,
0.0,
0.0,
0.0,
0.0,
0.0,
0.0,
2.0,
19.0,
37.0,
45.0,
4.0,
0.0,
0.0,
40.0,
249.0,
254.0,
144.0,
0.0,
0.0,
0.0,
0.0,
0.0,
0.0,
0.0,
0.0,
0.0,
0.0,
0.0,
0.0,
0.0,
0.0,
0.0,
0.0,
0.0,
0.0,
2.0,
0.0,
13.0,
16.0,
1.0,
1.0,
102.0,
248.0,
255.0,
145.0,
0.0,
5.0,
0.0,
7.0,
0.0,
0.0,
0.0,
0.0,
0.0,
0.0,
0.0,
0.0,
0.0,
0.0,
0.0,
0.0,
0.0,
3.0,
20.0,
0.0,
0.0,
0.0,
0.0,
0.0,
102.0,
251.0,
255.0,
116.0,
2.0,
3.0,
1.0,
7.0,
0.0,
0.0,
0.0,
0.0,
0.0,
0.0,
0.0,
0.0,
0.0,
0.0,
0.0,
0.0,
0.0,
0.0,
0.0,
12.0,
15.0,
0.0,
5.0,
0.0,
53.0,
252.0,
250.0,
67.0,
5.0,
0.0,
1.0,
0.0,
0.0,
0.0,
0.0,
0.0,
0.0,
0.0,
0.0,
0.0,
0.0,
0.0,
0.0,
0.0,
0.0,
10.0,
0.0,
0.0,
0.0,
0.0,
5.0,
3.0,
108.0,
255.0,
249.0,
38.0,
10.0,
0.0,
4.0,
0.0,
3.0,
0.0,
0.0,
0.0,
0.0,
0.0,
0.0,
0.0,
0.0,
0.0,
0.0,
0.0,
0.0,
0.0,
3.0,
0.0,
0.0,
9.0,
8.0,
0.0,
134.0,
254.0,
255.0,
39.0,
10.0,
0.0,
5.0,
5.0,
1.0,
0.0,
0.0,
0.0,
0.0,
0.0,
0.0,
0.0,
0.0,
0.0,
0.0,
0.0,
0.0,
4.0,
0.0,
14.0,
7.0,
0.0,
2.0,
1.0,
104.0,
247.0,
255.0,
46.0,
3.0,
0.0,
0.0,
11.0,
0.0,
0.0,
0.0,
0.0,
0.0,
0.0,
0.0,
0.0,
0.0,
0.0,
0.0,
0.0,
0.0,
0.0,
0.0,
0.0,
0.0,
0.0,
0.0,
0.0,
0.0,
234.0,
231.0,
28.0,
4.0,
7.0,
0.0,
2.0,
3.0,
0.0,
0.0,
0.0,
0.0,
0.0,
0.0,
0.0,
0.0,
0.0,
0.0,
0.0,
0.0,
0.0,
0.0,
0.0,
0.0,
0.0,
0.0,
0.0,
0.0,
130.0,
255.0,
49.0,
0.0,
10.0,
0.0,
5.0,
0.0,
0.0,
0.0,
0.0,
0.0,
0.0,
0.0,
0.0,
0.0,
0.0,
0.0,
0.0,
0.0,
0.0,
0.0,
0.0,
0.0,
0.0,
0.0,
0.0,
0.0,
33.0,
166.0,
24.0,
0.0,
15.0,
0.0,
0.0,
8.0,
0.0,
0.0,
0.0,
0.0,
0.0,
0.0,
0.0,
0.0,
0.0,
0.0,
0.0,
0.0,
0.0,
0.0,
0.0,
0.0,
0.0,
0.0,
0.0,
0.0,
4.0,
17.0,
0.0,
0.0,
0.0,
9.0,
0.0,
10.0,
0.0,
0.0,
0.0,
0.0,
