0.0,
0.0,
0.0,
0.0,
0.0,
0.0,
0.0,
0.0,
0.0,
8.0,
7.0,
0.0,
0.0,
4.0,
1.0,
0.0,
4.0,
0.0,
0.0,
0.0,
0.0,
0.0,
0.0,
5.0,
0.0,
0.0,
0.0,
0.0,
0.0,
0.0,
0.0,
0.0,
0.0,
0.0,
0.0,
0.0,
5.0,
0.0,
0.0,
0.0,
0.0,
0.0,
6.0,
14.0,
0.0,
0.0,
0.0,
2.0,
4.0,
2.0,
0.0,
0.0,
0.0,
0.0,
0.0,
0.0,
0.0,
0.0,
0.0,
0.0,
0.0,
0.0,
0.0,
0.0,
0.0,
0.0,
8.0,
14.0,
3.0,
0.0,
0.0,
0.0,
0.0,
0.0,
0.0,
0.0,
1.0,
4.0,
1.0,
0.0,
0.0,
0.0,
0.0,
0.0,
0.0,
0.0,
0.0,
0.0,
0.0,
0.0,
0.0,
0.0,
4.0,
0.0,
0.0,
0.0,
0.0,
14.0,
18.0,
0.0,
4.0,
5.0,
3.0,
0.0,
0.0,
0.0,
3.0,
5.0,
0.0,
0.0,
0.0,
0.0,
0.0,
0.0,
0.0,
0.0,
0.0,
0.0,
0.0,
0.0,
0.0,
6.0,
14.0,
6.0,
0.0,
0.0,
0.0,
4.0,
0.0,
0.0,
4.0,
5.0,
0.0,
0.0,
0.0,
3.0,
0.0,
0.0,
0.0,
0.0,
0.0,
0.0,
0.0,
0.0,
0.0,
0.0,
0.0,
0.0,
2.0,
0.0,
0.0,
0.0,
13.0,
7.0,
0.0,
7.0,
7.0,
0.0,
0.0,
2.0,
7.0,
0.0,
0.0,
0.0,
0.0,
0.0,
0.0,
0.0,
0.0,
0.0,
0.0,
0.0,
0.0,
0.0,
0.0,
0.0,
3.0,
123.0,
196.0,
184.0,
136.0,
59.0,
0.0,
0.0,
114.0,
50.0,
0.0,
0.0,
5.0,
2.0,
0.0,
1.0,
0.0,
0.0,
0.0,
0.0,
0.0,
0.0,
0.0,
0.0,
0.0,
0.0,
0.0,
0.0,
136.0,
245.0,
255.0,
237.0,
255.0,
255.0,
180.0,
112.0,
255.0,
143.0,
27.0,
0.0,
0.0,
0.0,
0.0,
2.0,
0.0,
0.0,
0.0,
0.0,
7.0,
0.0,
1.0,
0.0,
0.0,
2.0,
0.0,
8.0,
129.0,
249.0,
237.0,
221.0,
255.0,
250.0,
252.0,
255.0,
249.0,
255.0,
81.0,
0.0,
2.0,
0.0,
0.0,
10.0,
0.0,
0.0,
0.0,
0.0,
4.0,
0.0,
0.0,
2.0,
4.0,
6.0,
0.0,
0.0,
208.0,
246.0,
196.0,
216.0,
242.0,
255.0,
254.0,
251.0,
255.0,
251.0,
176.0,
15.0,
0.0,
0.0,
5.0,
0.0,
0.0,
0.0,
0.0,
0.0,
0.0,
3.0,
1.0,
4.0,
0.0,
0.0,
9.0,
3.0,
197.0,
255.0,
245.0,
255.0,
240.0,
255.0,
255.0,
255.0,
255.0,
248.0,
250.0,
3.0,
0.0,
8.0,
4.0,
0.0,
0.0,
0.0,
0.0,
0.0,
0.0,
7.0,
0.0,
4.0,
0.0,
0.0,
4.0,
0.0,
171.0,
243.0,
255.0,
250.0,
157.0,
130.0,
144.0,
169.0,
246.0,
254.0,
252.0,
0.0,
0.0,
14.0,
0.0,
4.0,
0.0,
0.0,
0.0,
0.0,
3.0,
4.0,
0.0,
6.0,
3.0,
5.0,
0.0,
0.0,
112.0,
234.0,
253.0,
128.0,
4.0,
0.0,
21.0,
1.0,
241.0,
255.0,
242.0,
46.0,
0.0,
10.0,
0.0,
4.0,
0.0,
0.0,
0.0,
0.0,
0.0,
7.0,
0.0,
7.0,
0.0,
0.0,
4.0,
99.0,
4.0,
255.0,
220.0,
2.0,
0.0,
0.0,
3.0,
135.0,
247.0,
254.0,
255.0,
171.0,
0.0,
1.0,
6.0,
0.0,
0.0,
0.0,
0.0,
0.0,
0.0,
6.0,
4.0,
5.0,
0.0,
0.0,
9.0,
186.0,
194.0,
253.0,
239.0,
141.0,
32.0,
26.0,
113.0,
237.0,
253.0,
255.0,
255.0,
239.0,
0.0,
0.0,
3.0,
0.0,
0.0,
0.0,
0.0,
0.0,
4.0,
0.0,
0.0,
3.0,
8.0,
9.0,
0.0,
170.0,
244.0,
255.0,
255.0,
255.0,
211.0,
255.0,
255.0,
255.0,
253.0,
255.0,
240.0,
231.0,
1.0,
2.0,
0.0,
6.0,
0.0,
0.0,
0.0,
0.0,
3.0,
0.0,
0.0,
4.0,
0.0,
0.0,
20.0,
55.0,
253.0,
247.0,
255.0,
255.0,
254.0,
254.0,
255.0,
245.0,
255.0,
255.0,
251.0,
253.0,
27.0,
0.0,
10.0,
0.0,
0.0,
0.0,
0.0,
0.0,
4.0,
0.0,
0.0,
5.0,
1.0,
0.0,
0.0,
10.0,
28.0,
211.0,
255.0,
237.0,
246.0,
255.0,
253.0,
255.0,
251.0,
236.0,
255.0,
246.0,
67.0,
13.0,
6.0,
0.0,
0.0,
0.0,
0.0,
0.0,
1.0,
0.0,
0.0,
4.0,
5.0,
0.0,
0.0,
0.0,
14.0,
9.0,
122.0,
247.0,
255.0,
247.0,
255.0,
241.0,
255.0,
251.0,
242.0,
255.0,
200.0,
0.0,
0.0,
6.0,
0.0,
0.0,
0.0,
0.0,
0.0,
0.0,
0.0,
0.0,
2.0,
7.0,
6.0,
1.0,
0.0,
17.0,
0.0,
0.0,
79.0,
110.0,
86.0,
95.0,
81.0,
9.0,
158.0,
245.0,
232.0,
3.0,
0.0,
4.0,
0.0,
0.0,
0.0,
0.0,
0.0,
3.0,
1.0,
0.0,
0.0,
0.0,
0.0,
0.0,
5.0,
0.0,
4.0,
11.0,
2.0,
0.0,
0.0,
0.0,
0.0,
24.0,
99.0,
250.0,
255.0,
41.0,
5.0,
0.0,
0.0,
0.0,
0.0,
0.0,
0.0,
0.0,
3.0,
1.0,
0.0,
0.0,
0.0,
0.0,
12.0,
2.0,
0.0,
0.0,
0.0,
0.0,
4.0,
11.0,
10.0,
0.0,
79.0,
255.0,
219.0,
146.0,
13.0,
5.0,
0.0,
0.0,
0.0,
0.0,
0.0,
0.0,
1.0,
5.0,
4.0,
2.0,
2.0,
4.0,
0.0,
2.0,
0.0,
4.0,
18.0,
0.0,
0.0,
8.0,
0.0,
6.0,
20.0,
235.0,
255.0,
203.0,
7.0,
0.0,
0.0,
0.0,
0.0,
0.0,
10.0,
1.0,
0.0,
0.0,
0.0,
0.0,
0.0,
1.0,
4.0,
6.0,
2.0,
0.0,
0.0,
4.0,
3.0,
0.0,
7.0,
0.0,
7.0,
123.0,
244.0,
252.0,
62.0,
10.0,
0.0,
0.0,
0.0,
0.0,
0.0,
0.0,
0.0,
0.0,
0.0,
0.0,
0.0,
0.0,
0.0,
0.0,
0.0,
0.0,
0.0,
0.0,
0.0,
0.0,
10.0,
0.0,
18.0,
12.0,
188.0,
255.0,
165.0,
0.0,
0.0,
0.0,
0.0,
0.0,
0.0,
0.0,
0.0,
0.0,
0.0,
0.0,
0.0,
0.0,
0.0,
0.0,
0.0,
0.0,
0.0,
0.0,
0.0,
0.0,
0.0,
19.0,
0.0,
0.0,
35.0,
197.0,
115.0,
18.0,
0.0,
0.0,
0.0,
0.0,
0.0,
0.0,
0.0,
0.0,
0.0,
0.0,
0.0,
0.0,
0.0,
0.0,
0.0,
0.0,
0.0,
0.0,
0.0,
0.0,
13.0,
0.0,
0.0,
4.0,
0.0,
25.0,
0.0,
7.0,
0.0,
0.0,
0.0,
0.0,
0.0,
0.0,
0.0,
0.0,
0.0,
0.0,
0.0,
0.0,
0.0,
0.0,
0.0,
0.0,
0.0,
0.0,
0.0,
0.0,
5.0,
0.0,
16.0,
0.0,
16.0,
0.0,
0.0,
0.0,
0.0,
0.0,
0.0,
0.0,
