0.0,
0.0,
0.0,
0.0,
0.0,
0.0,
0.0,
0.0,
0.0,
1.0,
0.0,
0.0,
0.0,
0.0,
12.0,
0.0,
1.0,
0.0,
0.0,
0.0,
0.0,
0.0,
0.0,
0.0,
0.0,
0.0,
0.0,
0.0,
0.0,
0.0,
0.0,
0.0,
0.0,
0.0,
0.0,
0.0,
0.0,
20.0,
4.0,
1.0,
18.0,
0.0,
0.0,
14.0,
0.0,
0.0,
0.0,
0.0,
0.0,
0.0,
0.0,
0.0,
0.0,
0.0,
0.0,
0.0,
0.0,
0.0,
0.0,
0.0,
0.0,
0.0,
0.0,
0.0,
0.0,
0.0,
0.0,
0.0,
0.0,
1.0,
0.0,
6.0,
0.0,
0.0,
0.0,
0.0,
0.0,
0.0,
0.0,
0.0,
0.0,
0.0,
0.0,
0.0,
0.0,
0.0,
0.0,
0.0,
0.0,
0.0,
0.0,
0.0,
12.0,
0.0,
23.0,
12.0,
0.0,
0.0,
9.0,
0.0,
0.0,
0.0,
0.0,
1.0,
1.0,
1.0,
0.0,
0.0,
0.0,
0.0,
0.0,
0.0,
0.0,
0.0,
0.0,
0.0,
0.0,
0.0,
0.0,
0.0,
0.0,
0.0,
0.0,
0.0,
7.0,
10.0,
0.0,
0.0,
0.0,
0.0,
0.0,
1.0,
1.0,
1.0,
0.0,
0.0,
0.0,
0.0,
0.0,
0.0,
0.0,
0.0,
0.0,
0.0,
0.0,
0.0,
0.0,
0.0,
5.0,
0.0,
0.0,
6.0,
0.0,
0.0,
9.0,
0.0,
3.0,
2.0,
1.0,
0.0,
0.0,
0.0,
0.0,
0.0,
0.0,
0.0,
0.0,
0.0,
0.0,
0.0,
0.0,
0.0,
0.0,
0.0,
0.0,
0.0,
0.0,
22.0,
90.0,
210.0,
253.0,
255.0,
205.0,
35.0,
7.0,
5.0,
1.0,
0.0,
0.0,
0.0,
0.0,
1.0,
0.0,
0.0,
0.0,
0.0,
0.0,
0.0,
0.0,
0.0,
0.0,
0.0,
0.0,
0.0,
5.0,
170.0,
244.0,
255.0,
249.0,
244.0,
255.0,
177.0,
9.0,
6.0,
2.0,
0.0,
0.0,
0.0,
0.0,
1.0,
0.0,
0.0,
0.0,
0.0,
2.0,
0.0,
4.0,
8.0,
0.0,
15.0,
0.0,
5.0,
23.0,
255.0,
248.0,
240.0,
255.0,
250.0,
255.0,
253.0,
190.0,
26.0,
3.0,
0.0,
14.0,
0.0,
7.0,
0.0,
0.0,
0.0,
0.0,
0.0,
3.0,
0.0,
3.0,
5.0,
0.0,
0.0,
0.0,
33.0,
204.0,
255.0,
252.0,
255.0,
194.0,
215.0,
252.0,
253.0,
253.0,
181.0,
119.0,
9.0,
0.0,
0.0,
0.0,
9.0,
0.0,
0.0,
0.0,
0.0,
0.0,
0.0,
0.0,
1.0,
0.0,
0.0,
13.0,
127.0,
251.0,
241.0,
253.0,
236.0,
49.0,
45.0,
255.0,
241.0,
255.0,
251.0,
246.0,
124.0,
0.0,
5.0,
8.0,
0.0,
0.0,
0.0,
0.0,
0.0,
2.0,
0.0,
0.0,
0.0,
2.0,
5.0,
43.0,
226.0,
254.0,
253.0,
255.0,
6.0,
0.0,
10.0,
64.0,
255.0,
252.0,
249.0,
255.0,
179.0,
0.0,
0.0,
9.0,
0.0,
0.0,
0.0,
0.0,
0.0,
6.0,
1.0,
0.0,
0.0,
1.0,
0.0,
38.0,
255.0,
241.0,
255.0,
252.0,
50.0,
0.0,
1.0,
179.0,
240.0,
249.0,
255.0,
244.0,
167.0,
10.0,
0.0,
0.0,
18.0,
0.0,
0.0,
0.0,
0.0,
2.0,
0.0,
5.0,
1.0,
4.0,
0.0,
26.0,
255.0,
253.0,
245.0,
237.0,
45.0,
0.0,
153.0,
255.0,
237.0,
249.0,
248.0,
248.0,
182.0,
12.0,
12.0,
0.0,
0.0,
0.0,
0.0,
0.0,
0.0,
0.0,
0.0,
6.0,
0.0,
4.0,
2.0,
31.0,
255.0,
253.0,
255.0,
255.0,
38.0,
0.0,
194.0,
230.0,
255.0,
255.0,
240.0,
255.0,
184.0,
0.0,
6.0,
19.0,
0.0,
0.0,
0.0,
0.0,
0.0,
7.0,
0.0,
4.0,
0.0,
0.0,
4.0,
34.0,
253.0,
255.0,
245.0,
249.0,
182.0,
183.0,
226.0,
253.0,
245.0,
243.0,
255.0,
255.0,
176.0,
3.0,
0.0,
0.0,
4.0,
0.0,
0.0,
0.0,
0.0,
11.0,
0.0,
9.0,
0.0,
0.0,
0.0,
44.0,
255.0,
248.0,
255.0,
254.0,
255.0,
251.0,
247.0,
251.0,
218.0,
240.0,
248.0,
249.0,
189.0,
6.0,
0.0,
3.0,
0.0,
0.0,
0.0,
0.0,
0.0,
1.0,
0.0,
9.0,
0.0,
4.0,
0.0,
16.0,
151.0,
255.0,
233.0,
244.0,
255.0,
242.0,
255.0,
219.0,
29.0,
216.0,
255.0,
255.0,
217.0,
43.0,
7.0,
0.0,
0.0,
0.0,
0.0,
0.0,
0.0,
0.0,
0.0,
5.0,
0.0,
6.0,
0.0,
0.0,
39.0,
175.0,
230.0,
248.0,
255.0,
216.0,
84.0,
2.0,
15.0,
211.0,
255.0,
243.0,
209.0,
44.0,
0.0,
0.0,
7.0,
0.0,
0.0,
0.0,
0.0,
0.0,
4.0,
0.0,
0.0,
3.0,
1.0,
0.0,
0.0,
0.0,
46.0,
135.0,
112.0,
3.0,
0.0,
21.0,
0.0,
215.0,
252.0,
246.0,
247.0,
84.0,
6.0,
0.0,
2.0,
0.0,
0.0,
0.0,
0.0,
2.0,
5.0,
0.0,
1.0,
2.0,
0.0,
8.0,
0.0,
8.0,
1.0,
1.0,
9.0,
12.0,
0.0,
0.0,
7.0,
229.0,
252.0,
244.0,
255.0,
116.0,
2.0,
3.0,
0.0,
0.0,
0.0,
0.0,
0.0,
0.0,
2.0,
0.0,
4.0,
3.0,
0.0,
4.0,
5.0,
0.0,
0.0,
0.0,
0.0,
1.0,
5.0,
0.0,
9.0,
207.0,
254.0,
242.0,
254.0,
149.0,
0.0,
2.0,
0.0,
0.0,
0.0,
0.0,
0.0,
0.0,
2.0,
4.0,
0.0,
3.0,
1.0,
0.0,
3.0,
6.0,
0.0,
16.0,
3.0,
0.0,
8.0,
0.0,
0.0,
114.0,
253.0,
255.0,
255.0,
233.0,
37.0,
0.0,
0.0,
0.0,
0.0,
0.0,
0.0,
0.0,
5.0,
6.0,
0.0,
1.0,
8.0,
0.0,
1.0,
0.0,
0.0,
1.0,
0.0,
1.0,
10.0,
0.0,
9.0,
39.0,
245.0,
254.0,
236.0,
255.0,
47.0,
0.0,
4.0,
0.0,
0.0,
0.0,
0.0,
0.0,
0.0,
0.0,
0.0,
0.0,
0.0,
0.0,
0.0,
0.0,
0.0,
0.0,
0.0,
0.0,
0.0,
0.0,
0.0,
45.0,
241.0,
252.0,
248.0,
255.0,
28.0,
2.0,
0.0,
0.0,
0.0,
0.0,
0.0,
0.0,
0.0,
0.0,
0.0,
0.0,
0.0,
0.0,
0.0,
0.0,
0.0,
0.0,
0.0,
0.0,
0.0,
0.0,
0.0,
0.0,
163.0,
250.0,
255.0,
234.0,
45.0,
4.0,
0.0,
0.0,
0.0,
0.0,
0.0,
0.0,
0.0,
0.0,
0.0,
0.0,
0.0,
0.0,
0.0,
0.0,
0.0,
0.0,
0.0,
0.0,
0.0,
0.0,
0.0,
0.0,
0.0,
7.0,
0.0,
7.0,
0.0,
0.0,
0.0,
0.0,
0.0,
0.0,
0.0,
0.0,
0.0,
0.0,
0.0,
0.0,
0.0,
0.0,
0.0,
0.0,
0.0,
0.0,
0.0,
0.0,
0.0,
0.0,
0.0,
10.0,
0.0,
2.0,
8.0,
0.0,
11.0,
10.0,
3.0,
0.0,
0.0,
0.0,
0.0,
