0.0,
0.0,
0.0,
0.0,
0.0,
0.0,
0.0,
0.0,
0.0,
0.0,
10.0,
1.0,
0.0,
2.0,
0.0,
5.0,
4.0,
0.0,
0.0,
2.0,
0.0,
0.0,
0.0,
3.0,
0.0,
0.0,
0.0,
0.0,
0.0,
0.0,
0.0,
0.0,
0.0,
0.0,
0.0,
0.0,
8.0,
20.0,
0.0,
0.0,
5.0,
0.0,
18.0,
0.0,
0.0,
0.0,
0.0,
1.0,
8.0,
7.0,
0.0,
0.0,
0.0,
0.0,
0.0,
0.0,
0.0,
0.0,
0.0,
0.0,
0.0,
0.0,
0.0,
0.0,
0.0,
0.0,
5.0,
0.0,
0.0,
4.0,
2.0,
6.0,
10.0,
10.0,
5.0,
0.0,
0.0,
0.0,
1.0,
5.0,
0.0,
0.0,
0.0,
0.0,
0.0,
0.0,
0.0,
0.0,
0.0,
0.0,
0.0,
0.0,
22.0,
0.0,
15.0,
0.0,
0.0,
10.0,
0.0,
6.0,
0.0,
0.0,
2.0,
0.0,
0.0,
1.0,
0.0,
0.0,
0.0,
0.0,
0.0,
0.0,
0.0,
0.0,
0.0,
0.0,
0.0,
0.0,
0.0,
0.0,
0.0,
0.0,
0.0,
16.0,
14.0,
0.0,
2.0,
0.0,
6.0,
2.0,
0.0,
0.0,
5.0,
10.0,
3.0,
0.0,
0.0,
0.0,
0.0,
0.0,
0.0,
0.0,
0.0,
0.0,
0.0,
0.0,
0.0,
0.0,
7.0,
0.0,
0.0,
0.0,
0.0,
10.0,
0.0,
0.0,
0.0,
0.0,
0.0,
0.0,
0.0,
0.0,
0.0,
7.0,
0.0,
0.0,
0.0,
0.0,
0.0,
0.0,
0.0,
0.0,
0.0,
0.0,
0.0,
0.0,
0.0,
15.0,
121.0,
139.0,
189.0,
244.0,
154.0,
118.0,
23.0,
7.0,
0.0,
4.0,
4.0,
0.0,
0.0,
0.0,
0.0,
0.0,
0.0,
0.0,
0.0,
0.0,
0.0,
0.0,
0.0,
0.0,
0.0,
0.0,
28.0,
157.0,
255.0,
255.0,
235.0,
255.0,
255.0,
247.0,
233.0,
130.0,
24.0,
0.0,
0.0,
6.0,
3.0,
0.0,
0.0,
0.0,
0.0,
0.0,
0.0,
19.0,
0.0,
0.0,
3.0,
1.0,
0.0,
45.0,
208.0,
255.0,
238.0,
121.0,
92.0,
3.0,
107.0,
134.0,
255.0,
252.0,
170.0,
0.0,
11.0,
10.0,
0.0,
3.0,
0.0,
0.0,
0.0,
0.0,
4.0,
4.0,
0.0,
11.0,
7.0,
0.0,
33.0,
214.0,
255.0,
233.0,
87.0,
1.0,
0.0,
5.0,
0.0,
18.0,
129.0,
248.0,
234.0,
101.0,
0.0,
0.0,
0.0,
7.0,
0.0,
0.0,
0.0,
0.0,
2.0,
2.0,
0.0,
0.0,
0.0,
0.0,
50.0,
255.0,
255.0,
30.0,
4.0,
4.0,
12.0,
0.0,
7.0,
0.0,
7.0,
222.0,
255.0,
223.0,
1.0,
13.0,
4.0,
0.0,
0.0,
0.0,
0.0,
0.0,
0.0,
3.0,
6.0,
0.0,
0.0,
15.0,
47.0,
237.0,
226.0,
43.0,
10.0,
0.0,
0.0,
0.0,
2.0,
11.0,
45.0,
253.0,
248.0,
239.0,
0.0,
8.0,
0.0,
0.0,
0.0,
0.0,
0.0,
0.0,
0.0,
0.0,
6.0,
3.0,
1.0,
4.0,
51.0,
255.0,
253.0,
68.0,
0.0,
0.0,
25.0,
0.0,
0.0,
1.0,
55.0,
255.0,
253.0,
200.0,
0.0,
0.0,
0.0,
11.0,
0.0,
0.0,
0.0,
0.0,
3.0,
0.0,
1.0,
6.0,
0.0,
0.0,
34.0,
207.0,
255.0,
228.0,
98.0,
0.0,
0.0,
0.0,
6.0,
0.0,
48.0,
239.0,
255.0,
138.0,
12.0,
6.0,
0.0,
6.0,
0.0,
0.0,
0.0,
0.0,
0.0,
3.0,
0.0,
0.0,
0.0,
2.0,
0.0,
61.0,
177.0,
248.0,
255.0,
223.0,
32.0,
1.0,
5.0,
11.0,
172.0,
253.0,
254.0,
63.0,
0.0,
2.0,
0.0,
0.0,
0.0,
0.0,
0.0,
0.0,
0.0,
4.0,
0.0,
5.0,
0.0,
2.0,
0.0,
0.0,
8.0,
133.0,
249.0,
248.0,
254.0,
203.0,
196.0,
202.0,
255.0,
252.0,
253.0,
48.0,
0.0,
4.0,
0.0,
6.0,
0.0,
0.0,
0.0,
0.0,
0.0,
0.0,
0.0,
0.0,
0.0,
0.0,
0.0,
0.0,
0.0,
0.0,
68.0,
182.0,
237.0,
254.0,
255.0,
252.0,
255.0,
233.0,
241.0,
22.0,
0.0,
9.0,
0.0,
0.0,
0.0,
0.0,
0.0,
0.0,
0.0,
0.0,
0.0,
0.0,
0.0,
0.0,
0.0,
0.0,
0.0,
0.0,
5.0,
1.0,
21.0,
94.0,
138.0,
115.0,
96.0,
255.0,
212.0,
11.0,
11.0,
0.0,
0.0,
20.0,
0.0,
0.0,
0.0,
0.0,
0.0,
0.0,
0.0,
0.0,
0.0,
0.0,
0.0,
0.0,
0.0,
0.0,
3.0,
0.0,
0.0,
6.0,
20.0,
0.0,
138.0,
255.0,
255.0,
48.0,
1.0,
21.0,
0.0,
0.0,
0.0,
0.0,
0.0,
0.0,
0.0,
0.0,
0.0,
0.0,
0.0,
0.0,
0.0,
0.0,
8.0,
0.0,
1.0,
22.0,
10.0,
0.0,
0.0,
0.0,
72.0,
241.0,
251.0,
48.0,
0.0,
0.0,
0.0,
23.0,
0.0,
0.0,
0.0,
0.0,
0.0,
0.0,
0.0,
0.0,
0.0,
0.0,
0.0,
0.0,
0.0,
0.0,
0.0,
0.0,
0.0,
0.0,
5.0,
6.0,
53.0,
251.0,
255.0,
153.0,
11.0,
0.0,
13.0,
0.0,
0.0,
0.0,
0.0,
0.0,
0.0,
0.0,
0.0,
0.0,
0.0,
0.0,
0.0,
0.0,
0.0,
0.0,
0.0,
1.0,
5.0,
6.0,
1.0,
0.0,
0.0,
193.0,
240.0,
190.0,
5.0,
10.0,
0.0,
0.0,
0.0,
0.0,
0.0,
0.0,
0.0,
0.0,
0.0,
0.0,
0.0,
0.0,
0.0,
0.0,
8.0,
2.0,
0.0,
0.0,
3.0,
0.0,
0.0,
2.0,
0.0,
102.0,
255.0,
255.0,
0.0,
0.0,
7.0,
0.0,
0.0,
0.0,
0.0,
0.0,
0.0,
0.0,
0.0,
0.0,
0.0,
0.0,
0.0,
0.0,
0.0,
6.0,
5.0,
0.0,
1.0,
4.0,
1.0,
1.0,
2.0,
102.0,
246.0,
247.0,
119.0,
2.0,
3.0,
0.0,
0.0,
0.0,
0.0,
0.0,
0.0,
0.0,
0.0,
0.0,
0.0,
0.0,
0.0,
0.0,
0.0,
0.0,
0.0,
0.0,
0.0,
0.0,
0.0,
0.0,
8.0,
76.0,
255.0,
255.0,
219.0,
14.0,
3.0,
0.0,
0.0,
0.0,
0.0,
0.0,
0.0,
0.0,
0.0,
0.0,
0.0,
0.0,
0.0,
0.0,
0.0,
0.0,
0.0,
0.0,
0.0,
0.0,
0.0,
0.0,
0.0,
17.0,
202.0,
253.0,
167.0,
2.0,
7.0,
2.0,
0.0,
0.0,
0.0,
0.0,
0.0,
0.0,
0.0,
0.0,
0.0,
0.0,
0.0,
0.0,
0.0,
0.0,
0.0,
0.0,
0.0,
0.0,
0.0,
0.0,
7.0,
0.0,
4.0,
11.0,
4.0,
0.0,
0.0,
0.0,
0.0,
0.0,
0.0,
0.0,
0.0,
0.0,
0.0,
0.0,
0.0,
0.0,
0.0,
0.0,
0.0,
0.0,
0.0,
0.0,
0.0,
0.0,
0.0,
0.0,
0.0,
12.0,
0.0,
0.0,
0.0,
16.0,
5.0,
1.0,
0.0,
0.0,
0.0,
0.0,
