0.0,
0.0,
0.0,
0.0,
0.0,
0.0,
0.0,
0.0,
1.0,
0.0,
2.0,
5.0,
4.0,
0.0,
0.0,
0.0,
1.0,
0.0,
0.0,
5.0,
3.0,
0.0,
0.0,
3.0,
0.0,
0.0,
0.0,
0.0,
0.0,
0.0,
0.0,
0.0,
0.0,
0.0,
0.0,
0.0,
1.0,
2.0,
0.0,
0.0,
0.0,
0.0,
2.0,
1.0,
1.0,
0.0,
0.0,
0.0,
0.0,
0.0,
0.0,
3.0,
0.0,
0.0,
0.0,
0.0,
0.0,
0.0,
0.0,
0.0,
0.0,
0.0,
0.0,
0.0,
0.0,
1.0,
3.0,
0.0,
0.0,
7.0,
8.0,
1.0,
5.0,
0.0,
0.0,
4.0,
6.0,
2.0,
0.0,
0.0,
0.0,
0.0,
0.0,
0.0,
0.0,
0.0,
0.0,
0.0,
0.0,
0.0,
0.0,
0.0,
0.0,
2.0,
3.0,
2.0,
0.0,
0.0,
0.0,
0.0,
0.0,
0.0,
0.0,
0.0,
0.0,
0.0,
1.0,
2.0,
0.0,
0.0,
0.0,
0.0,
0.0,
0.0,
0.0,
0.0,
0.0,
0.0,
0.0,
0.0,
3.0,
0.0,
0.0,
2.0,
4.0,
0.0,
2.0,
12.0,
9.0,
9.0,
7.0,
0.0,
0.0,
0.0,
0.0,
0.0,
0.0,
0.0,
0.0,
0.0,
0.0,
0.0,
0.0,
0.0,
0.0,
0.0,
0.0,
0.0,
0.0,
0.0,
0.0,
2.0,
1.0,
0.0,
0.0,
0.0,
0.0,
0.0,
0.0,
2.0,
2.0,
1.0,
0.0,
0.0,
0.0,
0.0,
0.0,
0.0,
0.0,
0.0,
0.0,
0.0,
0.0,
0.0,
0.0,
0.0,
2.0,
7.0,
3.0,
0.0,
0.0,
5.0,
10.0,
5.0,
8.0,
5.0,
0.0,
0.0,
0.0,
6.0,
7.0,
2.0,
0.0,
0.0,
0.0,
0.0,
0.0,
0.0,
0.0,
0.0,
0.0,
0.0,
0.0,
0.0,
0.0,
7.0,
0.0,
0.0,
21.0,
94.0,
147.0,
159.0,
187.0,
142.0,
73.0,
15.0,
0.0,
0.0,
2.0,
2.0,
0.0,
0.0,
0.0,
0.0,
0.0,
5.0,
8.0,
0.0,
0.0,
6.0,
6.0,
0.0,
0.0,
6.0,
0.0,
82.0,
203.0,
245.0,
255.0,
251.0,
240.0,
255.0,
239.0,
148.0,
6.0,
0.0,
12.0,
0.0,
0.0,
0.0,
0.0,
0.0,
1.0,
0.0,
4.0,
12.0,
3.0,
0.0,
0.0,
5.0,
13.0,
20.0,
182.0,
246.0,
249.0,
253.0,
255.0,
245.0,
255.0,
234.0,
255.0,
250.0,
86.0,
1.0,
0.0,
0.0,
0.0,
0.0,
0.0,
0.0,
14.0,
0.0,
0.0,
6.0,
0.0,
3.0,
3.0,
25.0,
177.0,
255.0,
238.0,
235.0,
249.0,
255.0,
255.0,
245.0,
242.0,
255.0,
239.0,
255.0,
183.0,
9.0,
0.0,
8.0,
0.0,
0.0,
0.0,
0.0,
0.0,
4.0,
8.0,
0.0,
0.0,
97.0,
171.0,
231.0,
254.0,
235.0,
255.0,
255.0,
207.0,
122.0,
34.0,
45.0,
184.0,
255.0,
246.0,
252.0,
255.0,
67.0,
0.0,
2.0,
0.0,
0.0,
0.0,
0.0,
0.0,
1.0,
1.0,
18.0,
107.0,
248.0,
254.0,
250.0,
255.0,
245.0,
195.0,
40.0,
0.0,
9.0,
9.0,
9.0,
210.0,
250.0,
255.0,
253.0,
255.0,
75.0,
0.0,
0.0,
0.0,
0.0,
0.0,
0.0,
0.0,
0.0,
0.0,
0.0,
14.0,
90.0,
80.0,
143.0,
243.0,
224.0,
24.0,
0.0,
20.0,
2.0,
0.0,
143.0,
255.0,
240.0,
173.0,
240.0,
244.0,
24.0,
4.0,
0.0,
0.0,
0.0,
0.0,
0.0,
4.0,
9.0,
0.0,
4.0,
7.0,
18.0,
0.0,
107.0,
255.0,
74.0,
0.0,
16.0,
0.0,
0.0,
2.0,
241.0,
255.0,
188.0,
158.0,
255.0,
213.0,
8.0,
8.0,
0.0,
0.0,
0.0,
0.0,
0.0,
0.0,
4.0,
0.0,
2.0,
0.0,
1.0,
0.0,
180.0,
207.0,
0.0,
7.0,
0.0,
3.0,
10.0,
183.0,
242.0,
251.0,
75.0,
228.0,
237.0,
65.0,
0.0,
0.0,
8.0,
0.0,
0.0,
0.0,
0.0,
2.0,
0.0,
1.0,
0.0,
2.0,
0.0,
3.0,
213.0,
223.0,
47.0,
9.0,
0.0,
1.0,
83.0,
245.0,
255.0,
153.0,
85.0,
255.0,
255.0,
0.0,
1.0,
1.0,
2.0,
0.0,
0.0,
0.0,
0.0,
2.0,
3.0,
1.0,
0.0,
3.0,
0.0,
0.0,
136.0,
255.0,
231.0,
134.0,
172.0,
195.0,
251.0,
255.0,
226.0,
83.0,
180.0,
251.0,
239.0,
30.0,
13.0,
10.0,
0.0,
0.0,
0.0,
0.0,
0.0,
0.0,
7.0,
0.0,
0.0,
4.0,
5.0,
0.0,
44.0,
132.0,
255.0,
255.0,
238.0,
238.0,
255.0,
184.0,
43.0,
143.0,
255.0,
228.0,
75.0,
0.0,
0.0,
0.0,
0.0,
0.0,
0.0,
0.0,
0.0,
0.0,
4.0,
0.0,
0.0,
4.0,
3.0,
0.0,
0.0,
12.0,
20.0,
108.0,
123.0,
116.0,
37.0,
0.0,
85.0,
235.0,
255.0,
148.0,
0.0,
6.0,
6.0,
4.0,
14.0,
0.0,
0.0,
0.0,
0.0,
0.0,
0.0,
0.0,
2.0,
1.0,
0.0,
7.0,
0.0,
0.0,
3.0,
8.0,
1.0,
11.0,
0.0,
5.0,
227.0,
255.0,
218.0,
2.0,
7.0,
0.0,
0.0,
9.0,
0.0,
0.0,
0.0,
0.0,
0.0,
5.0,
0.0,
3.0,
1.0,
0.0,
0.0,
8.0,
3.0,
2.0,
6.0,
0.0,
0.0,
1.0,
0.0,
116.0,
255.0,
243.0,
122.0,
0.0,
17.0,
0.0,
0.0,
11.0,
5.0,
0.0,
0.0,
0.0,
0.0,
6.0,
0.0,
9.0,
0.0,
1.0,
0.0,
4.0,
1.0,
7.0,
0.0,
11.0,
0.0,
1.0,
70.0,
253.0,
251.0,
95.0,
0.0,
4.0,
0.0,
8.0,
2.0,
0.0,
2.0,
0.0,
0.0,
0.0,
0.0,
1.0,
0.0,
11.0,
0.0,
4.0,
4.0,
2.0,
0.0,
0.0,
2.0,
0.0,
2.0,
2.0,
177.0,
250.0,
206.0,
15.0,
5.0,
2.0,
0.0,
0.0,
2.0,
2.0,
0.0,
0.0,
0.0,
0.0,
0.0,
0.0,
0.0,
0.0,
0.0,
0.0,
0.0,
0.0,
0.0,
8.0,
0.0,
5.0,
0.0,
103.0,
255.0,
245.0,
80.0,
0.0,
0.0,
0.0,
0.0,
0.0,
0.0,
0.0,
0.0,
0.0,
0.0,
0.0,
0.0,
0.0,
0.0,
0.0,
0.0,
0.0,
0.0,
0.0,
0.0,
0.0,
13.0,
3.0,
0.0,
129.0,
236.0,
240.0,
0.0,
0.0,
0.0,
0.0,
0.0,
0.0,
0.0,
0.0,
0.0,
0.0,
0.0,
0.0,
0.0,
0.0,
0.0,
0.0,
0.0,
0.0,
0.0,
0.0,
0.0,
7.0,
0.0,
6.0,
9.0,
9.0,
201.0,
47.0,
6.0,
0.0,
0.0,
0.0,
0.0,
0.0,
0.0,
0.0,
0.0,
0.0,
0.0,
0.0,
0.0,
0.0,
0.0,
0.0,
0.0,
0.0,
0.0,
0.0,
0.0,
0.0,
4.0,
0.0,
0.0,
11.0,
0.0,
10.0,
0.0,
0.0,
0.0,
0.0,
0.0,
0.0,
0.0,
0.0,
0.0,
0.0,
0.0,
0.0,
0.0,
