0.0,
0.0,
0.0,
0.0,
0.0,
0.0,
0.0,
0.0,
0.0,
2.0,
1.0,
0.0,
0.0,
1.0,
1.0,
0.0,
0.0,
8.0,
7.0,
0.0,
0.0,
0.0,
1.0,
0.0,
0.0,
0.0,
0.0,
0.0,
0.0,
0.0,
0.0,
0.0,
0.0,
0.0,
0.0,
0.0,
0.0,
0.0,
0.0,
1.0,
6.0,
8.0,
0.0,
0.0,
0.0,
0.0,
0.0,
0.0,
7.0,
7.0,
0.0,
0.0,
0.0,
0.0,
0.0,
0.0,
0.0,
0.0,
0.0,
0.0,
0.0,
0.0,
0.0,
0.0,
6.0,
3.0,
0.0,
0.0,
0.0,
2.0,
8.0,
9.0,
12.0,
6.0,
0.0,
0.0,
0.0,
0.0,
0.0,
9.0,
0.0,
0.0,
0.0,
0.0,
0.0,
0.0,
0.0,
0.0,
0.0,
0.0,
0.0,
0.0,
0.0,
2.0,
7.0,
3.0,
0.0,
0.0,
0.0,
0.0,
0.0,
0.0,
0.0,
1.0,
0.0,
0.0,
0.0,
0.0,
0.0,
0.0,
0.0,
0.0,
0.0,
0.0,
0.0,
0.0,
0.0,
0.0,
0.0,
0.0,
0.0,
0.0,
1.0,
4.0,
6.0,
7.0,
7.0,
7.0,
6.0,
6.0,
1.0,
0.0,
3.0,
12.0,
5.0,
0.0,
0.0,
0.0,
0.0,
0.0,
0.0,
0.0,
0.0,
0.0,
0.0,
0.0,
0.0,
0.0,
12.0,
0.0,
0.0,
0.0,
1.0,
1.0,
0.0,
0.0,
0.0,
0.0,
1.0,
0.0,
0.0,
0.0,
2.0,
2.0,
0.0,
0.0,
0.0,
0.0,
0.0,
0.0,
0.0,
0.0,
0.0,
0.0,
0.0,
0.0,
0.0,
0.0,
2.0,
5.0,
1.0,
0.0,
3.0,
13.0,
14.0,
0.0,
0.0,
4.0,
5.0,
0.0,
0.0,
0.0,
0.0,
0.0,
0.0,
0.0,
0.0,
0.0,
0.0,
0.0,
0.0,
0.0,
0.0,
0.0,
0.0,
2.0,
2.0,
0.0,
3.0,
55.0,
150.0,
230.0,
223.0,
111.0,
11.0,
0.0,
5.0,
1.0,
0.0,
3.0,
0.0,
0.0,
0.0,
0.0,
0.0,
0.0,
0.0,
0.0,
0.0,
0.0,
0.0,
0.0,
0.0,
0.0,
0.0,
51.0,
162.0,
255.0,
255.0,
249.0,
255.0,
240.0,
97.0,
0.0,
0.0,
0.0,
0.0,
0.0,
0.0,
0.0,
0.0,
0.0,
0.0,
0.0,
0.0,
0.0,
0.0,
0.0,
0.0,
0.0,
4.0,
0.0,
19.0,
160.0,
245.0,
255.0,
165.0,
63.0,
55.0,
202.0,
194.0,
0.0,
0.0,
12.0,
3.0,
4.0,
0.0,
0.0,
0.0,
0.0,
0.0,
0.0,
0.0,
0.0,
0.0,
0.0,
0.0,
0.0,
4.0,
0.0,
169.0,
255.0,
238.0,
82.0,
6.0,
0.0,
0.0,
143.0,
214.0,
4.0,
0.0,
0.0,
0.0,
8.0,
0.0,
0.0,
0.0,
0.0,
0.0,
0.0,
0.0,
0.0,
0.0,
0.0,
0.0,
0.0,
0.0,
86.0,
243.0,
180.0,
0.0,
0.0,
0.0,
18.0,
71.0,
254.0,
207.0,
0.0,
16.0,
18.0,
0.0,
6.0,
0.0,
0.0,
0.0,
0.0,
0.0,
0.0,
0.0,
0.0,
0.0,
0.0,
0.0,
0.0,
0.0,
218.0,
195.0,
0.0,
14.0,
22.0,
0.0,
0.0,
189.0,
251.0,
113.0,
13.0,
0.0,
0.0,
1.0,
0.0,
0.0,
0.0,
0.0,
0.0,
0.0,
0.0,
0.0,
0.0,
0.0,
0.0,
0.0,
0.0,
52.0,
240.0,
85.0,
12.0,
0.0,
0.0,
0.0,
55.0,
245.0,
252.0,
47.0,
0.0,
0.0,
12.0,
10.0,
1.0,
0.0,
0.0,
0.0,
0.0,
0.0,
0.0,
0.0,
0.0,
0.0,
0.0,
0.0,
0.0,
54.0,
251.0,
103.0,
0.0,
2.0,
15.0,
124.0,
234.0,
252.0,
76.0,
0.0,
10.0,
0.0,
0.0,
0.0,
6.0,
0.0,
0.0,
0.0,
0.0,
0.0,
0.0,
0.0,
0.0,
0.0,
0.0,
0.0,
0.0,
33.0,
255.0,
195.0,
148.0,
175.0,
245.0,
207.0,
246.0,
152.0,
0.0,
11.0,
0.0,
0.0,
12.0,
0.0,
0.0,
0.0,
0.0,
0.0,
0.0,
0.0,
0.0,
0.0,
0.0,
0.0,
0.0,
0.0,
0.0,
5.0,
159.0,
252.0,
254.0,
249.0,
213.0,
0.0,
211.0,
101.0,
0.0,
0.0,
6.0,
0.0,
6.0,
0.0,
4.0,
0.0,
0.0,
0.0,
0.0,
0.0,
0.0,
0.0,
0.0,
0.0,
0.0,
0.0,
0.0,
0.0,
43.0,
79.0,
33.0,
86.0,
1.0,
51.0,
220.0,
111.0,
8.0,
0.0,
0.0,
0.0,
9.0,
0.0,
0.0,
0.0,
0.0,
0.0,
0.0,
0.0,
0.0,
0.0,
0.0,
0.0,
0.0,
0.0,
0.0,
2.0,
0.0,
0.0,
22.0,
0.0,
0.0,
41.0,
255.0,
82.0,
7.0,
0.0,
0.0,
0.0,
7.0,
0.0,
0.0,
0.0,
0.0,
0.0,
0.0,
0.0,
0.0,
0.0,
0.0,
0.0,
0.0,
0.0,
0.0,
0.0,
21.0,
4.0,
0.0,
17.0,
20.0,
40.0,
233.0,
22.0,
0.0,
9.0,
8.0,
0.0,
1.0,
1.0,
3.0,
0.0,
0.0,
0.0,
0.0,
0.0,
0.0,
0.0,
0.0,
0.0,
0.0,
0.0,
0.0,
1.0,
0.0,
4.0,
0.0,
0.0,
0.0,
218.0,
71.0,
0.0,
0.0,
8.0,
9.0,
0.0,
1.0,
2.0,
0.0,
0.0,
0.0,
0.0,
0.0,
0.0,
0.0,
0.0,
0.0,
0.0,
0.0,
0.0,
0.0,
0.0,
7.0,
0.0,
20.0,
7.0,
0.0,
255.0,
41.0,
5.0,
0.0,
0.0,
0.0,
0.0,
4.0,
3.0,
0.0,
0.0,
0.0,
0.0,
0.0,
0.0,
0.0,
0.0,
0.0,
0.0,
0.0,
0.0,
0.0,
15.0,
0.0,
4.0,
0.0,
0.0,
0.0,
255.0,
56.0,
10.0,
3.0,
0.0,
0.0,
1.0,
2.0,
3.0,
0.0,
0.0,
0.0,
0.0,
0.0,
0.0,
0.0,
0.0,
0.0,
0.0,
0.0,
0.0,
0.0,
0.0,
12.0,
0.0,
0.0,
4.0,
96.0,
255.0,
38.0,
0.0,
0.0,
0.0,
4.0,
1.0,
0.0,
3.0,
4.0,
0.0,
0.0,
0.0,
0.0,
0.0,
0.0,
0.0,
0.0,
0.0,
0.0,
0.0,
0.0,
0.0,
9.0,
0.0,
0.0,
23.0,
210.0,
227.0,
37.0,
0.0,
0.0,
0.0,
0.0,
0.0,
0.0,
0.0,
0.0,
0.0,
0.0,
0.0,
0.0,
0.0,
0.0,
0.0,
0.0,
0.0,
0.0,
0.0,
0.0,
0.0,
5.0,
0.0,
6.0,
62.0,
251.0,
202.0,
0.0,
0.0,
0.0,
0.0,
0.0,
0.0,
0.0,
0.0,
0.0,
0.0,
0.0,
0.0,
0.0,
0.0,
0.0,
0.0,
0.0,
0.0,
0.0,
0.0,
0.0,
1.0,
0.0,
0.0,
0.0,
68.0,
233.0,
169.0,
13.0,
0.0,
0.0,
0.0,
0.0,
0.0,
0.0,
0.0,
0.0,
0.0,
0.0,
0.0,
0.0,
0.0,
0.0,
0.0,
0.0,
0.0,
0.0,
0.0,
0.0,
0.0,
8.0,
15.0,
0.0,
0.0,
17.0,
7.0,
0.0,
0.0,
0.0,
0.0,
0.0,
0.0,
0.0,
0.0,
0.0,
0.0,
0.0,
0.0,
0.0,
