0.0,
0.0,
0.0,
0.0,
0.0,
0.0,
0.0,
0.0,
0.0,
1.0,
5.0,
1.0,
0.0,
1.0,
6.0,
0.0,
0.0,
0.0,
0.0,
0.0,
0.0,
0.0,
0.0,
0.0,
0.0,
0.0,
0.0,
0.0,
0.0,
0.0,
0.0,
0.0,
0.0,
0.0,
0.0,
0.0,
0.0,
0.0,
0.0,
0.0,
0.0,
0.0,
0.0,
0.0,
0.0,
0.0,
0.0,
0.0,
0.0,
0.0,
0.0,
0.0,
0.0,
0.0,
0.0,
0.0,
0.0,
0.0,
0.0,
0.0,
0.0,
0.0,
0.0,
0.0,
0.0,
0.0,
0.0,
7.0,
17.0,
11.0,
1.0,
2.0,
0.0,
0.0,
0.0,
0.0,
0.0,
0.0,
0.0,
0.0,
0.0,
0.0,
0.0,
0.0,
0.0,
0.0,
0.0,
0.0,
0.0,
0.0,
0.0,
0.0,
6.0,
5.0,
0.0,
0.0,
0.0,
0.0,
0.0,
4.0,
0.0,
0.0,
0.0,
0.0,
0.0,
0.0,
0.0,
0.0,
0.0,
0.0,
0.0,
0.0,
0.0,
0.0,
0.0,
0.0,
0.0,
0.0,
0.0,
0.0,
0.0,
0.0,
1.0,
5.0,
7.0,
2.0,
0.0,
7.0,
0.0,
0.0,
0.0,
0.0,
0.0,
0.0,
0.0,
0.0,
0.0,
0.0,
0.0,
0.0,
0.0,
0.0,
0.0,
0.0,
0.0,
0.0,
0.0,
0.0,
7.0,
3.0,
7.0,
4.0,
0.0,
0.0,
3.0,
0.0,
0.0,
0.0,
0.0,
0.0,
0.0,
0.0,
0.0,
0.0,
0.0,
0.0,
0.0,
0.0,
0.0,
0.0,
0.0,
0.0,
0.0,
0.0,
0.0,
0.0,
3.0,
0.0,
2.0,
2.0,
0.0,
7.0,
19.0,
0.0,
0.0,
0.0,
0.0,
0.0,
0.0,
0.0,
0.0,
0.0,
0.0,
0.0,
0.0,
0.0,
0.0,
0.0,
0.0,
0.0,
0.0,
0.0,
0.0,
0.0,
5.0,
44.0,
149.0,
231.0,
249.0,
255.0,
235.0,
150.0,
0.0,
0.0,
0.0,
0.0,
0.0,
0.0,
0.0,
0.0,
0.0,
0.0,
0.0,
0.0,
0.0,
1.0,
0.0,
0.0,
0.0,
6.0,
0.0,
0.0,
94.0,
253.0,
255.0,
234.0,
255.0,
249.0,
253.0,
254.0,
173.0,
124.0,
0.0,
0.0,
21.0,
0.0,
0.0,
1.0,
0.0,
0.0,
0.0,
0.0,
0.0,
1.0,
0.0,
8.0,
2.0,
0.0,
0.0,
0.0,
179.0,
255.0,
239.0,
208.0,
126.0,
137.0,
191.0,
249.0,
252.0,
223.0,
104.0,
0.0,
0.0,
1.0,
8.0,
1.0,
0.0,
0.0,
0.0,
0.0,
0.0,
3.0,
0.0,
18.0,
0.0,
0.0,
0.0,
49.0,
254.0,
234.0,
221.0,
36.0,
6.0,
0.0,
36.0,
193.0,
255.0,
255.0,
203.0,
0.0,
0.0,
6.0,
7.0,
0.0,
0.0,
0.0,
0.0,
0.0,
2.0,
4.0,
0.0,
8.0,
0.0,
0.0,
4.0,
161.0,
245.0,
255.0,
223.0,
68.0,
119.0,
0.0,
0.0,
77.0,
248.0,
241.0,
238.0,
0.0,
2.0,
3.0,
0.0,
0.0,
0.0,
0.0,
0.0,
0.0,
0.0,
3.0,
1.0,
0.0,
0.0,
1.0,
0.0,
241.0,
255.0,
206.0,
83.0,
0.0,
2.0,
9.0,
0.0,
145.0,
255.0,
242.0,
244.0,
0.0,
2.0,
1.0,
0.0,
10.0,
0.0,
0.0,
0.0,
0.0,
0.0,
0.0,
10.0,
0.0,
0.0,
2.0,
0.0,
209.0,
237.0,
225.0,
6.0,
7.0,
0.0,
0.0,
19.0,
170.0,
255.0,
253.0,
230.0,
0.0,
0.0,
4.0,
3.0,
0.0,
0.0,
0.0,
0.0,
0.0,
0.0,
0.0,
8.0,
0.0,
2.0,
1.0,
0.0,
93.0,
255.0,
238.0,
93.0,
6.0,
9.0,
21.0,
52.0,
200.0,
247.0,
248.0,
192.0,
5.0,
0.0,
0.0,
2.0,
0.0,
0.0,
0.0,
0.0,
0.0,
2.0,
0.0,
0.0,
0.0,
0.0,
1.0,
1.0,
0.0,
212.0,
245.0,
255.0,
225.0,
193.0,
214.0,
255.0,
255.0,
255.0,
248.0,
158.0,
11.0,
0.0,
0.0,
3.0,
8.0,
0.0,
0.0,
0.0,
0.0,
0.0,
0.0,
0.0,
0.0,
0.0,
0.0,
0.0,
0.0,
86.0,
199.0,
255.0,
246.0,
251.0,
255.0,
255.0,
253.0,
254.0,
250.0,
131.0,
0.0,
2.0,
16.0,
0.0,
0.0,
0.0,
0.0,
0.0,
0.0,
0.0,
0.0,
0.0,
0.0,
0.0,
0.0,
0.0,
0.0,
0.0,
42.0,
98.0,
135.0,
147.0,
120.0,
114.0,
151.0,
250.0,
254.0,
36.0,
7.0,
0.0,
2.0,
0.0,
6.0,
0.0,
0.0,
0.0,
0.0,
0.0,
0.0,
0.0,
0.0,
0.0,
0.0,
0.0,
0.0,
6.0,
0.0,
0.0,
14.0,
17.0,
0.0,
6.0,
80.0,
252.0,
255.0,
21.0,
13.0,
0.0,
0.0,
0.0,
3.0,
0.0,
0.0,
0.0,
0.0,
0.0,
0.0,
0.0,
0.0,
0.0,
0.0,
0.0,
0.0,
13.0,
3.0,
0.0,
0.0,
0.0,
0.0,
1.0,
44.0,
237.0,
253.0,
102.0,
0.0,
0.0,
5.0,
0.0,
0.0,
0.0,
0.0,
0.0,
0.0,
0.0,
0.0,
0.0,
0.0,
0.0,
0.0,
0.0,
0.0,
0.0,
0.0,
4.0,
4.0,
8.0,
8.0,
5.0,
5.0,
209.0,
237.0,
141.0,
0.0,
0.0,
6.0,
0.0,
0.0,
0.0,
0.0,
0.0,
0.0,
0.0,
0.0,
0.0,
0.0,
0.0,
0.0,
0.0,
0.0,
6.0,
3.0,
0.0,
0.0,
0.0,
0.0,
0.0,
0.0,
207.0,
248.0,
113.0,
3.0,
0.0,
0.0,
2.0,
0.0,
0.0,
0.0,
0.0,
0.0,
0.0,
0.0,
0.0,
0.0,
0.0,
0.0,
0.0,
0.0,
0.0,
0.0,
0.0,
9.0,
7.0,
5.0,
5.0,
1.0,
214.0,
255.0,
101.0,
11.0,
0.0,
0.0,
4.0,
0.0,
0.0,
0.0,
0.0,
0.0,
0.0,
0.0,
0.0,
0.0,
0.0,
0.0,
0.0,
0.0,
5.0,
2.0,
4.0,
0.0,
0.0,
0.0,
6.0,
0.0,
202.0,
250.0,
121.0,
0.0,
0.0,
0.0,
7.0,
0.0,
0.0,
0.0,
0.0,
0.0,
0.0,
0.0,
0.0,
0.0,
0.0,
0.0,
0.0,
0.0,
16.0,
12.0,
7.0,
2.0,
0.0,
0.0,
0.0,
1.0,
212.0,
241.0,
104.0,
0.0,
8.0,
8.0,
0.0,
6.0,
0.0,
0.0,
0.0,
0.0,
0.0,
0.0,
0.0,
0.0,
0.0,
0.0,
0.0,
0.0,
9.0,
6.0,
3.0,
0.0,
0.0,
0.0,
0.0,
1.0,
194.0,
255.0,
32.0,
0.0,
6.0,
6.0,
0.0,
9.0,
0.0,
0.0,
0.0,
0.0,
0.0,
0.0,
0.0,
0.0,
0.0,
0.0,
0.0,
0.0,
1.0,
0.0,
0.0,
0.0,
0.0,
0.0,
0.0,
1.0,
172.0,
239.0,
13.0,
7.0,
0.0,
0.0,
0.0,
0.0,
0.0,
0.0,
0.0,
0.0,
0.0,
0.0,
0.0,
0.0,
0.0,
0.0,
0.0,
0.0,
0.0,
0.0,
0.0,
0.0,
0.0,
0.0,
0.0,
0.0,
0.0,
9.0,
0.0,
3.0,
1.0,
2.0,
4.0,
0.0,
0.0,
0.0,
0.0,
0.0,
