0.0,
0.0,
0.0,
0.0,
0.0,
0.0,
0.0,
0.0,
0.0,
0.0,
0.0,
0.0,
0.0,
0.0,
0.0,
0.0,
1.0,
5.0,
5.0,
0.0,
0.0,
0.0,
1.0,
2.0,
0.0,
0.0,
0.0,
0.0,
0.0,
0.0,
0.0,
0.0,
0.0,
0.0,
0.0,
0.0,
3.0,
2.0,
0.0,
0.0,
0.0,
0.0,
2.0,
3.0,
0.0,
0.0,
0.0,
3.0,
8.0,
3.0,
0.0,
0.0,
0.0,
0.0,
0.0,
0.0,
0.0,
0.0,
0.0,
0.0,
0.0,
0.0,
0.0,
0.0,
0.0,
0.0,
1.0,
3.0,
3.0,
0.0,
0.0,
0.0,
11.0,
4.0,
1.0,
1.0,
0.0,
0.0,
0.0,
14.0,
0.0,
0.0,
0.0,
0.0,
0.0,
0.0,
0.0,
0.0,
0.0,
0.0,
0.0,
0.0,
0.0,
0.0,
1.0,
2.0,
3.0,
4.0,
5.0,
5.0,
0.0,
0.0,
0.0,
4.0,
2.0,
0.0,
0.0,
2.0,
0.0,
0.0,
0.0,
0.0,
0.0,
0.0,
0.0,
0.0,
0.0,
0.0,
0.0,
0.0,
11.0,
7.0,
0.0,
0.0,
0.0,
0.0,
0.0,
0.0,
5.0,
8.0,
4.0,
0.0,
2.0,
9.0,
1.0,
0.0,
0.0,
0.0,
0.0,
0.0,
0.0,
0.0,
0.0,
0.0,
0.0,
0.0,
0.0,
0.0,
0.0,
0.0,
0.0,
6.0,
9.0,
8.0,
6.0,
4.0,
0.0,
0.0,
3.0,
0.0,
0.0,
0.0,
5.0,
4.0,
0.0,
0.0,
0.0,
0.0,
0.0,
0.0,
0.0,
0.0,
0.0,
0.0,
0.0,
0.0,
6.0,
3.0,
0.0,
0.0,
0.0,
0.0,
0.0,
0.0,
9.0,
0.0,
0.0,
3.0,
5.0,
0.0,
0.0,
6.0,
0.0,
0.0,
0.0,
0.0,
0.0,
0.0,
0.0,
0.0,
0.0,
0.0,
0.0,
0.0,
0.0,
0.0,
0.0,
24.0,
75.0,
145.0,
213.0,
255.0,
234.0,
126.0,
23.0,
0.0,
3.0,
0.0,
0.0,
0.0,
0.0,
0.0,
0.0,
0.0,
0.0,
5.0,
0.0,
0.0,
9.0,
0.0,
0.0,
3.0,
0.0,
7.0,
151.0,
222.0,
250.0,
255.0,
252.0,
255.0,
245.0,
255.0,
211.0,
2.0,
4.0,
0.0,
2.0,
0.0,
0.0,
0.0,
0.0,
0.0,
5.0,
0.0,
8.0,
1.0,
0.0,
7.0,
1.0,
2.0,
49.0,
244.0,
255.0,
239.0,
248.0,
167.0,
54.0,
1.0,
74.0,
207.0,
255.0,
202.0,
20.0,
6.0,
6.0,
0.0,
0.0,
0.0,
0.0,
0.0,
13.0,
0.0,
14.0,
0.0,
0.0,
0.0,
0.0,
60.0,
237.0,
234.0,
236.0,
156.0,
23.0,
5.0,
0.0,
12.0,
57.0,
224.0,
251.0,
255.0,
26.0,
5.0,
0.0,
11.0,
0.0,
0.0,
0.0,
0.0,
0.0,
2.0,
3.0,
0.0,
19.0,
11.0,
63.0,
227.0,
253.0,
255.0,
101.0,
0.0,
0.0,
0.0,
0.0,
12.0,
228.0,
255.0,
249.0,
245.0,
34.0,
0.0,
0.0,
3.0,
0.0,
0.0,
0.0,
0.0,
0.0,
19.0,
0.0,
0.0,
0.0,
0.0,
105.0,
250.0,
236.0,
107.0,
0.0,
0.0,
2.0,
0.0,
136.0,
239.0,
215.0,
143.0,
243.0,
255.0,
40.0,
0.0,
12.0,
0.0,
0.0,
0.0,
0.0,
0.0,
0.0,
4.0,
0.0,
10.0,
5.0,
82.0,
239.0,
255.0,
153.0,
0.0,
7.0,
16.0,
21.0,
128.0,
248.0,
242.0,
56.0,
11.0,
209.0,
255.0,
43.0,
0.0,
0.0,
8.0,
0.0,
0.0,
0.0,
0.0,
7.0,
0.0,
6.0,
5.0,
0.0,
124.0,
255.0,
230.0,
73.0,
0.0,
0.0,
90.0,
176.0,
255.0,
239.0,
38.0,
9.0,
8.0,
217.0,
248.0,
43.0,
2.0,
0.0,
6.0,
0.0,
0.0,
0.0,
0.0,
4.0,
0.0,
5.0,
0.0,
6.0,
144.0,
252.0,
234.0,
1.0,
51.0,
149.0,
239.0,
255.0,
203.0,
33.0,
6.0,
0.0,
0.0,
233.0,
255.0,
26.0,
0.0,
18.0,
0.0,
0.0,
0.0,
0.0,
0.0,
0.0,
25.0,
0.0,
0.0,
8.0,
34.0,
234.0,
255.0,
247.0,
251.0,
255.0,
216.0,
76.0,
3.0,
4.0,
0.0,
6.0,
51.0,
233.0,
255.0,
34.0,
0.0,
17.0,
0.0,
0.0,
0.0,
0.0,
0.0,
0.0,
0.0,
0.0,
10.0,
9.0,
0.0,
96.0,
166.0,
228.0,
174.0,
128.0,
68.0,
0.0,
0.0,
12.0,
8.0,
0.0,
74.0,
255.0,
231.0,
32.0,
0.0,
0.0,
5.0,
0.0,
0.0,
0.0,
0.0,
1.0,
0.0,
0.0,
0.0,
0.0,
0.0,
0.0,
29.0,
0.0,
0.0,
0.0,
4.0,
0.0,
1.0,
1.0,
0.0,
10.0,
84.0,
255.0,
178.0,
0.0,
0.0,
3.0,
0.0,
0.0,
0.0,
0.0,
0.0,
0.0,
9.0,
3.0,
0.0,
0.0,
24.0,
0.0,
0.0,
4.0,
9.0,
8.0,
2.0,
0.0,
0.0,
0.0,
6.0,
0.0,
150.0,
245.0,
107.0,
9.0,
3.0,
0.0,
10.0,
0.0,
0.0,
0.0,
0.0,
0.0,
11.0,
0.0,
9.0,
1.0,
3.0,
0.0,
13.0,
0.0,
0.0,
0.0,
0.0,
11.0,
9.0,
0.0,
0.0,
1.0,
178.0,
255.0,
115.0,
3.0,
0.0,
13.0,
0.0,
0.0,
0.0,
0.0,
0.0,
0.0,
7.0,
0.0,
12.0,
2.0,
0.0,
0.0,
8.0,
13.0,
10.0,
0.0,
0.0,
1.0,
2.0,
0.0,
0.0,
31.0,
241.0,
244.0,
52.0,
23.0,
0.0,
0.0,
3.0,
0.0,
0.0,
0.0,
0.0,
2.0,
4.0,
0.0,
0.0,
0.0,
5.0,
5.0,
0.0,
0.0,
0.0,
3.0,
6.0,
2.0,
0.0,
0.0,
0.0,
112.0,
246.0,
224.0,
10.0,
0.0,
0.0,
13.0,
0.0,
0.0,
0.0,
0.0,
0.0,
0.0,
0.0,
10.0,
6.0,
0.0,
0.0,
5.0,
5.0,
12.0,
3.0,
1.0,
1.0,
0.0,
0.0,
6.0,
2.0,
136.0,
255.0,
237.0,
0.0,
0.0,
4.0,
0.0,
4.0,
0.0,
0.0,
0.0,
0.0,
0.0,
0.0,
0.0,
0.0,
0.0,
0.0,
0.0,
0.0,
0.0,
0.0,
0.0,
0.0,
0.0,
0.0,
0.0,
0.0,
139.0,
242.0,
147.0,
0.0,
3.0,
0.0,
7.0,
0.0,
0.0,
0.0,
0.0,
0.0,
0.0,
0.0,
0.0,
0.0,
0.0,
0.0,
0.0,
0.0,
0.0,
0.0,
0.0,
0.0,
0.0,
0.0,
0.0,
0.0,
237.0,
255.0,
129.0,
3.0,
0.0,
0.0,
0.0,
0.0,
0.0,
0.0,
0.0,
0.0,
0.0,
0.0,
0.0,
0.0,
0.0,
0.0,
0.0,
0.0,
0.0,
0.0,
0.0,
0.0,
0.0,
0.0,
0.0,
0.0,
166.0,
170.0,
53.0,
0.0,
0.0,
4.0,
0.0,
0.0,
0.0,
0.0,
0.0,
0.0,
0.0,
0.0,
0.0,
0.0,
0.0,
0.0,
0.0,
0.0,
0.0,
0.0,
0.0,
0.0,
0.0,
0.0,
0.0,
0.0,
8.0,
24.0,
0.0,
0.0,
3.0,
2.0,
0.0,
0.0,
0.0,
0.0,
0.0,
0.0,
