0.0,
0.0,
0.0,
0.0,
0.0,
0.0,
0.0,
0.0,
0.0,
0.0,
2.0,
5.0,
2.0,
0.0,
0.0,
0.0,
0.0,
0.0,
0.0,
12.0,
4.0,
0.0,
2.0,
0.0,
0.0,
0.0,
0.0,
0.0,
0.0,
0.0,
0.0,
0.0,
0.0,
0.0,
0.0,
0.0,
2.0,
4.0,
2.0,
0.0,
0.0,
2.0,
4.0,
3.0,
7.0,
0.0,
0.0,
5.0,
0.0,
0.0,
5.0,
16.0,
0.0,
0.0,
0.0,
0.0,
0.0,
0.0,
0.0,
0.0,
0.0,
0.0,
0.0,
0.0,
0.0,
2.0,
3.0,
0.0,
0.0,
6.0,
4.0,
0.0,
0.0,
0.0,
1.0,
0.0,
0.0,
13.0,
0.0,
0.0,
0.0,
0.0,
0.0,
0.0,
0.0,
0.0,
0.0,
0.0,
0.0,
0.0,
0.0,
0.0,
9.0,
7.0,
4.0,
3.0,
2.0,
1.0,
0.0,
0.0,
0.0,
0.0,
11.0,
0.0,
0.0,
1.0,
1.0,
24.0,
0.0,
0.0,
0.0,
0.0,
0.0,
0.0,
0.0,
0.0,
0.0,
0.0,
0.0,
0.0,
0.0,
0.0,
0.0,
0.0,
1.0,
0.0,
0.0,
9.0,
0.0,
3.0,
0.0,
0.0,
3.0,
2.0,
0.0,
0.0,
0.0,
0.0,
0.0,
0.0,
0.0,
0.0,
0.0,
0.0,
0.0,
0.0,
0.0,
0.0,
9.0,
6.0,
11.0,
17.0,
13.0,
0.0,
0.0,
0.0,
0.0,
8.0,
0.0,
0.0,
13.0,
0.0,
0.0,
7.0,
0.0,
0.0,
0.0,
0.0,
0.0,
0.0,
0.0,
0.0,
0.0,
0.0,
0.0,
0.0,
0.0,
1.0,
0.0,
0.0,
0.0,
1.0,
19.0,
24.0,
97.0,
236.0,
200.0,
71.0,
0.0,
0.0,
25.0,
0.0,
0.0,
0.0,
0.0,
0.0,
0.0,
0.0,
0.0,
0.0,
0.0,
0.0,
0.0,
0.0,
0.0,
8.0,
1.0,
0.0,
34.0,
134.0,
223.0,
255.0,
244.0,
255.0,
238.0,
255.0,
185.0,
10.0,
0.0,
13.0,
0.0,
0.0,
0.0,
0.0,
0.0,
2.0,
1.0,
0.0,
3.0,
0.0,
0.0,
4.0,
13.0,
0.0,
0.0,
30.0,
186.0,
252.0,
255.0,
249.0,
224.0,
144.0,
79.0,
225.0,
248.0,
192.0,
1.0,
0.0,
0.0,
0.0,
0.0,
0.0,
2.0,
7.0,
1.0,
0.0,
6.0,
7.0,
1.0,
2.0,
0.0,
4.0,
87.0,
191.0,
252.0,
255.0,
229.0,
39.0,
0.0,
14.0,
0.0,
234.0,
255.0,
157.0,
6.0,
0.0,
0.0,
0.0,
0.0,
0.0,
0.0,
3.0,
0.0,
0.0,
6.0,
7.0,
0.0,
0.0,
0.0,
85.0,
245.0,
255.0,
251.0,
193.0,
40.0,
2.0,
0.0,
0.0,
0.0,
30.0,
169.0,
0.0,
3.0,
0.0,
0.0,
0.0,
0.0,
0.0,
0.0,
0.0,
0.0,
1.0,
7.0,
0.0,
0.0,
9.0,
39.0,
245.0,
247.0,
251.0,
183.0,
17.0,
0.0,
0.0,
0.0,
35.0,
245.0,
225.0,
90.0,
9.0,
0.0,
11.0,
0.0,
0.0,
0.0,
0.0,
3.0,
0.0,
0.0,
9.0,
7.0,
0.0,
8.0,
52.0,
223.0,
254.0,
246.0,
134.0,
21.0,
11.0,
14.0,
0.0,
4.0,
212.0,
243.0,
228.0,
255.0,
8.0,
0.0,
0.0,
0.0,
0.0,
0.0,
0.0,
6.0,
0.0,
0.0,
4.0,
0.0,
0.0,
17.0,
72.0,
255.0,
249.0,
198.0,
22.0,
0.0,
1.0,
0.0,
24.0,
158.0,
255.0,
255.0,
255.0,
242.0,
18.0,
0.0,
5.0,
0.0,
0.0,
0.0,
0.0,
0.0,
0.0,
0.0,
0.0,
0.0,
0.0,
7.0,
39.0,
210.0,
255.0,
161.0,
0.0,
16.0,
13.0,
53.0,
193.0,
255.0,
240.0,
255.0,
224.0,
76.0,
0.0,
27.0,
0.0,
0.0,
0.0,
0.0,
0.0,
0.0,
6.0,
4.0,
0.0,
4.0,
2.0,
0.0,
0.0,
102.0,
228.0,
255.0,
199.0,
204.0,
192.0,
255.0,
249.0,
248.0,
255.0,
246.0,
70.0,
3.0,
2.0,
0.0,
0.0,
0.0,
0.0,
0.0,
0.0,
0.0,
0.0,
0.0,
0.0,
0.0,
0.0,
0.0,
0.0,
0.0,
24.0,
184.0,
251.0,
255.0,
255.0,
253.0,
255.0,
251.0,
255.0,
121.0,
11.0,
1.0,
0.0,
13.0,
0.0,
0.0,
0.0,
0.0,
0.0,
0.0,
0.0,
0.0,
0.0,
0.0,
0.0,
0.0,
0.0,
0.0,
0.0,
34.0,
98.0,
125.0,
219.0,
253.0,
255.0,
255.0,
150.0,
38.0,
0.0,
0.0,
0.0,
0.0,
0.0,
0.0,
0.0,
0.0,
0.0,
0.0,
0.0,
0.0,
0.0,
0.0,
0.0,
0.0,
0.0,
8.0,
5.0,
0.0,
6.0,
28.0,
204.0,
239.0,
255.0,
221.0,
31.0,
0.0,
2.0,
0.0,
3.0,
0.0,
7.0,
0.0,
0.0,
0.0,
0.0,
0.0,
0.0,
0.0,
0.0,
0.0,
0.0,
0.0,
0.0,
0.0,
0.0,
11.0,
0.0,
59.0,
253.0,
255.0,
255.0,
126.0,
0.0,
0.0,
13.0,
0.0,
7.0,
0.0,
0.0,
0.0,
0.0,
0.0,
0.0,
0.0,
0.0,
0.0,
0.0,
0.0,
0.0,
0.0,
0.0,
0.0,
0.0,
0.0,
0.0,
150.0,
255.0,
255.0,
165.0,
31.0,
0.0,
5.0,
8.0,
0.0,
0.0,
3.0,
0.0,
0.0,
0.0,
0.0,
0.0,
0.0,
0.0,
0.0,
0.0,
0.0,
0.0,
0.0,
0.0,
0.0,
12.0,
0.0,
48.0,
232.0,
240.0,
201.0,
31.0,
0.0,
9.0,
0.0,
0.0,
0.0,
0.0,
4.0,
0.0,
0.0,
0.0,
0.0,
0.0,
0.0,
0.0,
0.0,
0.0,
0.0,
0.0,
0.0,
0.0,
0.0,
1.0,
5.0,
105.0,
255.0,
238.0,
138.0,
0.0,
0.0,
8.0,
0.0,
0.0,
6.0,
0.0,
3.0,
3.0,
0.0,
0.0,
0.0,
0.0,
0.0,
0.0,
0.0,
0.0,
0.0,
0.0,
0.0,
0.0,
14.0,
0.0,
7.0,
112.0,
242.0,
255.0,
78.0,
4.0,
0.0,
1.0,
1.0,
0.0,
2.0,
2.0,
0.0,
0.0,
0.0,
0.0,
0.0,
0.0,
0.0,
0.0,
0.0,
0.0,
0.0,
0.0,
0.0,
0.0,
0.0,
0.0,
6.0,
93.0,
249.0,
221.0,
0.0,
0.0,
0.0,
0.0,
0.0,
0.0,
0.0,
0.0,
0.0,
0.0,
0.0,
0.0,
0.0,
0.0,
0.0,
0.0,
0.0,
0.0,
0.0,
0.0,
0.0,
0.0,
7.0,
18.0,
0.0,
0.0,
125.0,
213.0,
73.0,
0.0,
0.0,
0.0,
0.0,
0.0,
0.0,
0.0,
0.0,
0.0,
0.0,
0.0,
0.0,
0.0,
0.0,
0.0,
0.0,
0.0,
0.0,
0.0,
0.0,
0.0,
0.0,
0.0,
2.0,
3.0,
0.0,
6.0,
0.0,
8.0,
0.0,
0.0,
0.0,
0.0,
0.0,
0.0,
0.0,
0.0,
0.0,
0.0,
0.0,
0.0,
0.0,
0.0,
0.0,
0.0,
0.0,
0.0,
0.0,
0.0,
18.0,
0.0,
0.0,
13.0,
0.0,
1.0,
8.0,
0.0,
0.0,
0.0,
0.0,
0.0,
0.0,
0.0,
0.0,
0.0,
0.0,
0.0,
0.0,
0.0,
