0.0,
0.0,
0.0,
0.0,
0.0,
0.0,
0.0,
0.0,
0.0,
0.0,
2.0,
0.0,
0.0,
2.0,
2.0,
0.0,
8.0,
0.0,
6.0,
1.0,
5.0,
0.0,
4.0,
0.0,
0.0,
0.0,
0.0,
0.0,
0.0,
0.0,
0.0,
0.0,
0.0,
0.0,
0.0,
0.0,
8.0,
0.0,
0.0,
1.0,
1.0,
0.0,
0.0,
4.0,
0.0,
13.0,
7.0,
0.0,
0.0,
7.0,
0.0,
0.0,
0.0,
0.0,
0.0,
0.0,
0.0,
0.0,
0.0,
0.0,
0.0,
0.0,
0.0,
0.0,
0.0,
0.0,
0.0,
5.0,
7.0,
2.0,
0.0,
3.0,
11.0,
0.0,
0.0,
0.0,
14.0,
0.0,
4.0,
2.0,
0.0,
0.0,
0.0,
0.0,
0.0,
0.0,
0.0,
0.0,
0.0,
0.0,
0.0,
0.0,
0.0,
3.0,
2.0,
0.0,
0.0,
0.0,
0.0,
0.0,
0.0,
0.0,
20.0,
2.0,
0.0,
0.0,
21.0,
0.0,
0.0,
0.0,
0.0,
0.0,
0.0,
0.0,
0.0,
0.0,
0.0,
0.0,
0.0,
0.0,
1.0,
0.0,
0.0,
1.0,
2.0,
3.0,
7.0,
13.0,
6.0,
0.0,
0.0,
19.0,
8.0,
11.0,
0.0,
0.0,
0.0,
0.0,
0.0,
0.0,
0.0,
0.0,
0.0,
0.0,
0.0,
0.0,
0.0,
0.0,
2.0,
0.0,
0.0,
14.0,
8.0,
0.0,
0.0,
8.0,
0.0,
5.0,
0.0,
0.0,
18.0,
0.0,
0.0,
14.0,
0.0,
0.0,
0.0,
0.0,
0.0,
0.0,
0.0,
0.0,
0.0,
0.0,
0.0,
0.0,
3.0,
1.0,
0.0,
0.0,
0.0,
8.0,
35.0,
60.0,
151.0,
234.0,
246.0,
86.0,
0.0,
0.0,
16.0,
0.0,
0.0,
0.0,
0.0,
0.0,
0.0,
0.0,
0.0,
0.0,
0.0,
0.0,
0.0,
0.0,
0.0,
11.0,
2.0,
0.0,
17.0,
123.0,
221.0,
255.0,
252.0,
253.0,
245.0,
244.0,
3.0,
13.0,
5.0,
0.0,
0.0,
0.0,
0.0,
0.0,
0.0,
5.0,
0.0,
1.0,
7.0,
0.0,
0.0,
3.0,
0.0,
9.0,
4.0,
44.0,
195.0,
255.0,
253.0,
246.0,
219.0,
164.0,
245.0,
254.0,
21.0,
0.0,
4.0,
0.0,
0.0,
0.0,
0.0,
0.0,
0.0,
2.0,
0.0,
0.0,
0.0,
0.0,
0.0,
0.0,
0.0,
2.0,
84.0,
235.0,
255.0,
235.0,
140.0,
91.0,
28.0,
35.0,
219.0,
255.0,
11.0,
5.0,
3.0,
4.0,
0.0,
0.0,
0.0,
0.0,
0.0,
0.0,
1.0,
1.0,
0.0,
1.0,
4.0,
0.0,
4.0,
92.0,
225.0,
255.0,
161.0,
55.0,
17.0,
0.0,
0.0,
103.0,
254.0,
255.0,
16.0,
0.0,
0.0,
2.0,
0.0,
0.0,
0.0,
0.0,
4.0,
0.0,
3.0,
3.0,
0.0,
5.0,
3.0,
0.0,
37.0,
240.0,
242.0,
157.0,
7.0,
15.0,
0.0,
2.0,
57.0,
238.0,
255.0,
255.0,
19.0,
0.0,
7.0,
0.0,
0.0,
0.0,
0.0,
0.0,
10.0,
0.0,
2.0,
0.0,
0.0,
0.0,
0.0,
0.0,
182.0,
247.0,
133.0,
0.0,
0.0,
4.0,
0.0,
3.0,
127.0,
255.0,
242.0,
255.0,
20.0,
0.0,
3.0,
0.0,
0.0,
0.0,
0.0,
0.0,
4.0,
0.0,
1.0,
0.0,
2.0,
3.0,
0.0,
45.0,
255.0,
179.0,
17.0,
23.0,
0.0,
0.0,
14.0,
96.0,
231.0,
243.0,
255.0,
235.0,
13.0,
6.0,
0.0,
0.0,
0.0,
0.0,
0.0,
0.0,
0.0,
0.0,
4.0,
0.0,
6.0,
3.0,
10.0,
103.0,
255.0,
127.0,
6.0,
0.0,
1.0,
3.0,
144.0,
255.0,
255.0,
233.0,
246.0,
114.0,
0.0,
3.0,
0.0,
11.0,
0.0,
0.0,
0.0,
0.0,
0.0,
1.0,
11.0,
0.0,
0.0,
0.0,
3.0,
127.0,
246.0,
213.0,
135.0,
150.0,
196.0,
233.0,
255.0,
252.0,
247.0,
255.0,
211.0,
0.0,
4.0,
0.0,
0.0,
0.0,
0.0,
0.0,
0.0,
0.0,
0.0,
0.0,
2.0,
3.0,
0.0,
0.0,
12.0,
29.0,
254.0,
255.0,
252.0,
255.0,
250.0,
246.0,
255.0,
245.0,
253.0,
238.0,
27.0,
8.0,
0.0,
5.0,
0.0,
0.0,
0.0,
0.0,
0.0,
0.0,
0.0,
0.0,
2.0,
3.0,
0.0,
0.0,
1.0,
11.0,
90.0,
220.0,
246.0,
255.0,
242.0,
203.0,
142.0,
255.0,
255.0,
139.0,
0.0,
1.0,
4.0,
0.0,
0.0,
4.0,
0.0,
0.0,
0.0,
0.0,
0.0,
0.0,
1.0,
3.0,
0.0,
0.0,
0.0,
0.0,
16.0,
19.0,
51.0,
36.0,
11.0,
0.0,
170.0,
244.0,
208.0,
31.0,
0.0,
0.0,
5.0,
0.0,
3.0,
3.0,
0.0,
0.0,
0.0,
0.0,
0.0,
0.0,
0.0,
2.0,
4.0,
2.0,
0.0,
0.0,
0.0,
0.0,
0.0,
1.0,
27.0,
58.0,
241.0,
252.0,
103.0,
0.0,
10.0,
3.0,
0.0,
0.0,
9.0,
0.0,
0.0,
0.0,
0.0,
0.0,
1.0,
0.0,
0.0,
0.0,
2.0,
5.0,
4.0,
2.0,
4.0,
17.0,
0.0,
0.0,
0.0,
235.0,
234.0,
233.0,
21.0,
0.0,
15.0,
4.0,
0.0,
0.0,
8.0,
0.0,
0.0,
0.0,
0.0,
0.0,
2.0,
3.0,
0.0,
0.0,
0.0,
1.0,
1.0,
0.0,
3.0,
0.0,
13.0,
0.0,
47.0,
255.0,
252.0,
85.0,
0.0,
7.0,
0.0,
0.0,
0.0,
0.0,
0.0,
0.0,
0.0,
0.0,
0.0,
0.0,
0.0,
4.0,
3.0,
0.0,
0.0,
0.0,
0.0,
0.0,
0.0,
0.0,
16.0,
20.0,
225.0,
251.0,
192.0,
2.0,
4.0,
2.0,
0.0,
0.0,
6.0,
0.0,
0.0,
3.0,
0.0,
0.0,
0.0,
0.0,
0.0,
3.0,
6.0,
1.0,
0.0,
2.0,
2.0,
0.0,
2.0,
5.0,
0.0,
114.0,
255.0,
254.0,
51.0,
0.0,
1.0,
0.0,
16.0,
0.0,
4.0,
1.0,
0.0,
2.0,
0.0,
0.0,
0.0,
0.0,
0.0,
0.0,
0.0,
0.0,
0.0,
0.0,
0.0,
0.0,
2.0,
6.0,
37.0,
255.0,
241.0,
132.0,
7.0,
0.0,
0.0,
0.0,
0.0,
0.0,
0.0,
0.0,
0.0,
0.0,
0.0,
0.0,
0.0,
0.0,
0.0,
0.0,
0.0,
0.0,
0.0,
0.0,
0.0,
0.0,
2.0,
0.0,
131.0,
239.0,
255.0,
12.0,
0.0,
0.0,
0.0,
0.0,
0.0,
0.0,
0.0,
0.0,
0.0,
0.0,
0.0,
0.0,
0.0,
0.0,
0.0,
0.0,
0.0,
0.0,
0.0,
0.0,
0.0,
0.0,
0.0,
9.0,
0.0,
6.0,
4.0,
0.0,
9.0,
6.0,
0.0,
0.0,
0.0,
0.0,
0.0,
0.0,
0.0,
0.0,
0.0,
0.0,
0.0,
0.0,
0.0,
0.0,
0.0,
0.0,
0.0,
0.0,
0.0,
0.0,
0.0,
12.0,
0.0,
6.0,
0.0,
3.0,
4.0,
0.0,
0.0,
0.0,
0.0,
0.0,
0.0,
0.0,
0.0,
0.0,
0.0,
0.0,
0.0,
0.0,
