0.0,
0.0,
0.0,
0.0,
0.0,
0.0,
0.0,
0.0,
4.0,
2.0,
0.0,
0.0,
2.0,
5.0,
2.0,
0.0,
0.0,
0.0,
1.0,
0.0,
0.0,
0.0,
0.0,
0.0,
0.0,
0.0,
0.0,
0.0,
0.0,
0.0,
0.0,
0.0,
0.0,
0.0,
0.0,
0.0,
0.0,
5.0,
7.0,
3.0,
0.0,
0.0,
0.0,
2.0,
10.0,
0.0,
0.0,
0.0,
5.0,
4.0,
2.0,
3.0,
0.0,
0.0,
0.0,
0.0,
0.0,
0.0,
0.0,
0.0,
0.0,
0.0,
0.0,
0.0,
0.0,
0.0,
0.0,
0.0,
4.0,
8.0,
4.0,
0.0,
0.0,
0.0,
6.0,
9.0,
1.0,
0.0,
0.0,
0.0,
0.0,
0.0,
0.0,
0.0,
0.0,
0.0,
0.0,
0.0,
0.0,
0.0,
0.0,
0.0,
2.0,
6.0,
11.0,
10.0,
1.0,
0.0,
0.0,
0.0,
10.0,
10.0,
0.0,
0.0,
0.0,
8.0,
8.0,
0.0,
0.0,
0.0,
0.0,
0.0,
0.0,
0.0,
0.0,
0.0,
0.0,
0.0,
0.0,
0.0,
1.0,
0.0,
0.0,
0.0,
3.0,
0.0,
0.0,
3.0,
0.0,
1.0,
4.0,
1.0,
2.0,
6.0,
4.0,
0.0,
0.0,
0.0,
0.0,
0.0,
0.0,
0.0,
0.0,
0.0,
0.0,
0.0,
0.0,
0.0,
1.0,
0.0,
0.0,
3.0,
0.0,
0.0,
0.0,
2.0,
2.0,
0.0,
0.0,
5.0,
3.0,
0.0,
0.0,
2.0,
0.0,
0.0,
0.0,
0.0,
0.0,
0.0,
0.0,
0.0,
0.0,
0.0,
0.0,
0.0,
2.0,
4.0,
1.0,
0.0,
0.0,
54.0,
160.0,
252.0,
154.0,
110.0,
45.0,
0.0,
0.0,
5.0,
7.0,
0.0,
0.0,
0.0,
0.0,
0.0,
0.0,
0.0,
0.0,
0.0,
0.0,
0.0,
0.0,
0.0,
0.0,
17.0,
74.0,
153.0,
217.0,
246.0,
253.0,
254.0,
249.0,
255.0,
232.0,
106.0,
9.0,
0.0,
5.0,
0.0,
0.0,
0.0,
0.0,
0.0,
0.0,
0.0,
0.0,
6.0,
0.0,
13.0,
0.0,
4.0,
88.0,
216.0,
255.0,
245.0,
252.0,
250.0,
202.0,
206.0,
237.0,
233.0,
229.0,
255.0,
151.0,
29.0,
8.0,
1.0,
0.0,
0.0,
0.0,
0.0,
6.0,
10.0,
0.0,
6.0,
0.0,
0.0,
24.0,
111.0,
255.0,
255.0,
247.0,
208.0,
106.0,
81.0,
5.0,
0.0,
8.0,
0.0,
15.0,
218.0,
235.0,
255.0,
24.0,
0.0,
0.0,
0.0,
0.0,
0.0,
0.0,
1.0,
0.0,
4.0,
9.0,
3.0,
133.0,
255.0,
255.0,
243.0,
172.0,
21.0,
0.0,
0.0,
8.0,
0.0,
0.0,
20.0,
0.0,
220.0,
255.0,
255.0,
117.0,
17.0,
0.0,
0.0,
0.0,
0.0,
0.0,
0.0,
6.0,
0.0,
11.0,
6.0,
199.0,
255.0,
244.0,
150.0,
0.0,
0.0,
1.0,
16.0,
0.0,
0.0,
0.0,
0.0,
85.0,
249.0,
255.0,
239.0,
47.0,
4.0,
0.0,
0.0,
0.0,
0.0,
2.0,
0.0,
7.0,
0.0,
0.0,
55.0,
250.0,
233.0,
235.0,
43.0,
0.0,
0.0,
16.0,
0.0,
2.0,
0.0,
26.0,
87.0,
234.0,
251.0,
235.0,
250.0,
21.0,
0.0,
0.0,
0.0,
0.0,
0.0,
0.0,
0.0,
0.0,
12.0,
0.0,
113.0,
255.0,
255.0,
216.0,
23.0,
3.0,
6.0,
0.0,
6.0,
11.0,
167.0,
193.0,
255.0,
244.0,
255.0,
255.0,
53.0,
0.0,
20.0,
0.0,
0.0,
0.0,
0.0,
4.0,
0.0,
0.0,
6.0,
0.0,
69.0,
227.0,
250.0,
255.0,
191.0,
190.0,
94.0,
142.0,
184.0,
184.0,
251.0,
247.0,
255.0,
255.0,
245.0,
240.0,
15.0,
0.0,
0.0,
0.0,
0.0,
0.0,
0.0,
4.0,
0.0,
10.0,
0.0,
5.0,
5.0,
176.0,
255.0,
255.0,
242.0,
255.0,
252.0,
247.0,
246.0,
255.0,
252.0,
254.0,
252.0,
252.0,
253.0,
115.0,
0.0,
2.0,
2.0,
0.0,
0.0,
0.0,
0.0,
3.0,
1.0,
1.0,
0.0,
0.0,
8.0,
37.0,
66.0,
184.0,
205.0,
247.0,
249.0,
210.0,
185.0,
87.0,
92.0,
236.0,
252.0,
243.0,
155.0,
2.0,
0.0,
0.0,
3.0,
0.0,
0.0,
0.0,
0.0,
3.0,
1.0,
1.0,
1.0,
0.0,
0.0,
1.0,
11.0,
4.0,
41.0,
13.0,
65.0,
11.0,
0.0,
48.0,
164.0,
251.0,
255.0,
230.0,
9.0,
7.0,
9.0,
3.0,
0.0,
0.0,
0.0,
0.0,
0.0,
0.0,
0.0,
0.0,
3.0,
4.0,
0.0,
0.0,
0.0,
0.0,
0.0,
0.0,
3.0,
0.0,
19.0,
205.0,
255.0,
252.0,
245.0,
57.0,
5.0,
0.0,
1.0,
2.0,
0.0,
0.0,
0.0,
0.0,
0.0,
0.0,
0.0,
0.0,
0.0,
5.0,
7.0,
6.0,
5.0,
0.0,
0.0,
0.0,
1.0,
20.0,
180.0,
250.0,
251.0,
231.0,
80.0,
0.0,
12.0,
0.0,
0.0,
0.0,
12.0,
0.0,
0.0,
0.0,
0.0,
3.0,
2.0,
0.0,
0.0,
0.0,
0.0,
2.0,
3.0,
0.0,
21.0,
0.0,
2.0,
157.0,
255.0,
245.0,
255.0,
125.0,
0.0,
11.0,
0.0,
6.0,
0.0,
7.0,
0.0,
0.0,
0.0,
0.0,
0.0,
0.0,
3.0,
4.0,
0.0,
0.0,
0.0,
0.0,
0.0,
0.0,
0.0,
0.0,
19.0,
237.0,
232.0,
246.0,
140.0,
13.0,
7.0,
0.0,
8.0,
0.0,
14.0,
1.0,
0.0,
0.0,
0.0,
0.0,
0.0,
0.0,
1.0,
4.0,
2.0,
1.0,
4.0,
3.0,
0.0,
11.0,
7.0,
23.0,
182.0,
245.0,
255.0,
255.0,
55.0,
0.0,
0.0,
18.0,
0.0,
0.0,
19.0,
0.0,
14.0,
0.0,
0.0,
0.0,
0.0,
0.0,
3.0,
2.0,
0.0,
0.0,
5.0,
4.0,
0.0,
0.0,
0.0,
51.0,
255.0,
255.0,
247.0,
248.0,
54.0,
0.0,
16.0,
0.0,
0.0,
7.0,
0.0,
4.0,
0.0,
0.0,
0.0,
0.0,
0.0,
0.0,
0.0,
0.0,
0.0,
0.0,
0.0,
0.0,
0.0,
0.0,
3.0,
37.0,
255.0,
253.0,
253.0,
211.0,
34.0,
0.0,
0.0,
0.0,
0.0,
0.0,
0.0,
0.0,
0.0,
0.0,
0.0,
0.0,
0.0,
0.0,
0.0,
0.0,
0.0,
0.0,
0.0,
0.0,
0.0,
7.0,
1.0,
45.0,
252.0,
253.0,
125.0,
14.0,
0.0,
0.0,
0.0,
0.0,
0.0,
0.0,
0.0,
0.0,
0.0,
0.0,
0.0,
0.0,
0.0,
0.0,
0.0,
0.0,
0.0,
0.0,
0.0,
0.0,
0.0,
0.0,
15.0,
0.0,
0.0,
0.0,
14.0,
0.0,
8.0,
0.0,
0.0,
0.0,
0.0,
0.0,
0.0,
0.0,
0.0,
0.0,
0.0,
0.0,
0.0,
0.0,
0.0,
0.0,
0.0,
0.0,
0.0,
0.0,
0.0,
13.0,
0.0,
2.0,
8.0,
2.0,
0.0,
0.0,
14.0,
0.0,
0.0,
0.0,
0.0,
0.0,
0.0,
0.0,
0.0,
0.0,
0.0,
0.0,
0.0,
