0.0,
0.0,
0.0,
0.0,
0.0,
0.0,
0.0,
0.0,
3.0,
0.0,
0.0,
4.0,
3.0,
4.0,
4.0,
0.0,
0.0,
2.0,
0.0,
1.0,
0.0,
0.0,
11.0,
0.0,
0.0,
0.0,
0.0,
0.0,
0.0,
0.0,
0.0,
0.0,
0.0,
0.0,
0.0,
0.0,
0.0,
5.0,
13.0,
1.0,
0.0,
0.0,
3.0,
3.0,
0.0,
5.0,
0.0,
6.0,
2.0,
0.0,
2.0,
0.0,
0.0,
0.0,
0.0,
0.0,
0.0,
0.0,
0.0,
0.0,
0.0,
0.0,
0.0,
0.0,
6.0,
0.0,
0.0,
5.0,
14.0,
0.0,
0.0,
13.0,
0.0,
4.0,
0.0,
0.0,
3.0,
0.0,
0.0,
3.0,
0.0,
0.0,
0.0,
0.0,
0.0,
0.0,
0.0,
0.0,
0.0,
0.0,
0.0,
0.0,
0.0,
5.0,
0.0,
0.0,
3.0,
10.0,
0.0,
0.0,
0.0,
7.0,
0.0,
0.0,
4.0,
4.0,
0.0,
0.0,
0.0,
0.0,
0.0,
0.0,
0.0,
0.0,
0.0,
0.0,
0.0,
0.0,
0.0,
0.0,
4.0,
6.0,
5.0,
5.0,
2.0,
0.0,
0.0,
9.0,
0.0,
4.0,
5.0,
0.0,
1.0,
6.0,
0.0,
0.0,
0.0,
0.0,
0.0,
0.0,
0.0,
0.0,
0.0,
0.0,
0.0,
0.0,
0.0,
0.0,
0.0,
0.0,
1.0,
5.0,
0.0,
1.0,
1.0,
0.0,
8.0,
0.0,
1.0,
2.0,
0.0,
0.0,
0.0,
2.0,
0.0,
0.0,
0.0,
0.0,
0.0,
0.0,
0.0,
0.0,
0.0,
0.0,
0.0,
0.0,
1.0,
10.0,
13.0,
0.0,
38.0,
173.0,
252.0,
220.0,
106.0,
12.0,
0.0,
3.0,
0.0,
0.0,
0.0,
7.0,
0.0,
0.0,
0.0,
0.0,
0.0,
0.0,
0.0,
0.0,
0.0,
0.0,
0.0,
0.0,
0.0,
3.0,
109.0,
226.0,
248.0,
249.0,
255.0,
242.0,
239.0,
65.0,
0.0,
9.0,
2.0,
0.0,
0.0,
0.0,
0.0,
0.0,
0.0,
0.0,
0.0,
0.0,
6.0,
1.0,
1.0,
4.0,
0.0,
5.0,
86.0,
207.0,
250.0,
252.0,
188.0,
103.0,
15.0,
86.0,
237.0,
248.0,
46.0,
0.0,
9.0,
0.0,
4.0,
0.0,
0.0,
0.0,
0.0,
0.0,
9.0,
0.0,
0.0,
0.0,
0.0,
0.0,
15.0,
100.0,
254.0,
252.0,
160.0,
52.0,
0.0,
10.0,
0.0,
3.0,
100.0,
255.0,
181.0,
9.0,
0.0,
17.0,
0.0,
0.0,
0.0,
0.0,
0.0,
0.0,
0.0,
3.0,
0.0,
23.0,
0.0,
12.0,
191.0,
255.0,
247.0,
100.0,
0.0,
0.0,
8.0,
21.0,
1.0,
0.0,
62.0,
246.0,
226.0,
89.0,
65.0,
0.0,
4.0,
9.0,
0.0,
0.0,
0.0,
0.0,
0.0,
3.0,
0.0,
0.0,
4.0,
129.0,
240.0,
234.0,
48.0,
0.0,
0.0,
1.0,
0.0,
0.0,
0.0,
1.0,
63.0,
230.0,
255.0,
255.0,
121.0,
2.0,
0.0,
0.0,
0.0,
0.0,
0.0,
0.0,
0.0,
1.0,
0.0,
18.0,
0.0,
119.0,
255.0,
69.0,
0.0,
3.0,
13.0,
0.0,
0.0,
16.0,
4.0,
0.0,
0.0,
29.0,
228.0,
255.0,
130.0,
3.0,
0.0,
9.0,
0.0,
0.0,
0.0,
0.0,
0.0,
1.0,
11.0,
0.0,
1.0,
135.0,
243.0,
177.0,
17.0,
3.0,
0.0,
0.0,
4.0,
0.0,
0.0,
12.0,
9.0,
37.0,
252.0,
255.0,
114.0,
0.0,
11.0,
0.0,
0.0,
0.0,
0.0,
0.0,
17.0,
2.0,
0.0,
0.0,
9.0,
96.0,
255.0,
255.0,
149.0,
96.0,
27.0,
6.0,
0.0,
18.0,
0.0,
2.0,
10.0,
187.0,
255.0,
241.0,
10.0,
3.0,
7.0,
0.0,
0.0,
0.0,
0.0,
0.0,
0.0,
16.0,
4.0,
0.0,
0.0,
5.0,
108.0,
227.0,
255.0,
248.0,
227.0,
201.0,
100.0,
96.0,
121.0,
194.0,
225.0,
249.0,
241.0,
73.0,
0.0,
8.0,
0.0,
7.0,
0.0,
0.0,
0.0,
0.0,
0.0,
0.0,
0.0,
0.0,
0.0,
0.0,
0.0,
0.0,
130.0,
197.0,
225.0,
246.0,
255.0,
255.0,
255.0,
245.0,
244.0,
250.0,
255.0,
10.0,
4.0,
5.0,
4.0,
0.0,
0.0,
0.0,
0.0,
0.0,
0.0,
0.0,
0.0,
0.0,
0.0,
0.0,
0.0,
0.0,
0.0,
8.0,
4.0,
50.0,
121.0,
158.0,
158.0,
122.0,
196.0,
248.0,
165.0,
0.0,
2.0,
0.0,
0.0,
0.0,
0.0,
0.0,
0.0,
0.0,
0.0,
0.0,
0.0,
0.0,
0.0,
0.0,
0.0,
0.0,
0.0,
11.0,
0.0,
0.0,
3.0,
0.0,
2.0,
1.0,
164.0,
252.0,
58.0,
0.0,
3.0,
0.0,
0.0,
6.0,
0.0,
0.0,
0.0,
0.0,
0.0,
0.0,
0.0,
0.0,
0.0,
0.0,
0.0,
0.0,
0.0,
3.0,
0.0,
3.0,
5.0,
0.0,
1.0,
16.0,
188.0,
255.0,
3.0,
0.0,
6.0,
0.0,
0.0,
6.0,
0.0,
0.0,
0.0,
0.0,
0.0,
0.0,
0.0,
0.0,
0.0,
0.0,
0.0,
0.0,
7.0,
0.0,
0.0,
0.0,
10.0,
3.0,
0.0,
9.0,
237.0,
253.0,
0.0,
3.0,
3.0,
0.0,
3.0,
1.0,
0.0,
0.0,
0.0,
0.0,
0.0,
0.0,
0.0,
0.0,
0.0,
0.0,
0.0,
0.0,
0.0,
0.0,
5.0,
1.0,
0.0,
0.0,
0.0,
33.0,
255.0,
243.0,
2.0,
2.0,
0.0,
0.0,
6.0,
0.0,
0.0,
0.0,
0.0,
0.0,
0.0,
0.0,
0.0,
0.0,
0.0,
0.0,
0.0,
0.0,
6.0,
0.0,
0.0,
0.0,
1.0,
10.0,
1.0,
23.0,
255.0,
247.0,
0.0,
0.0,
0.0,
0.0,
3.0,
0.0,
0.0,
0.0,
0.0,
0.0,
0.0,
0.0,
0.0,
0.0,
0.0,
0.0,
0.0,
0.0,
0.0,
0.0,
10.0,
0.0,
0.0,
5.0,
0.0,
25.0,
246.0,
255.0,
0.0,
0.0,
2.0,
2.0,
0.0,
0.0,
0.0,
0.0,
0.0,
0.0,
0.0,
0.0,
0.0,
0.0,
0.0,
0.0,
0.0,
0.0,
0.0,
0.0,
0.0,
0.0,
0.0,
0.0,
0.0,
0.0,
194.0,
252.0,
155.0,
12.0,
0.0,
10.0,
0.0,
5.0,
0.0,
0.0,
0.0,
0.0,
0.0,
0.0,
0.0,
0.0,
0.0,
0.0,
0.0,
0.0,
0.0,
0.0,
0.0,
0.0,
0.0,
0.0,
0.0,
0.0,
82.0,
255.0,
239.0,
50.0,
0.0,
3.0,
5.0,
0.0,
0.0,
0.0,
0.0,
0.0,
0.0,
0.0,
0.0,
0.0,
0.0,
0.0,
0.0,
0.0,
0.0,
0.0,
0.0,
0.0,
0.0,
0.0,
0.0,
0.0,
0.0,
4.0,
0.0,
0.0,
21.0,
8.0,
0.0,
13.0,
0.0,
0.0,
0.0,
0.0,
0.0,
0.0,
0.0,
0.0,
0.0,
0.0,
0.0,
0.0,
0.0,
0.0,
0.0,
0.0,
0.0,
0.0,
0.0,
0.0,
0.0,
9.0,
3.0,
0.0,
0.0,
0.0,
0.0,
0.0,
0.0,
0.0,
0.0,
0.0,
