0.0,
0.0,
0.0,
0.0,
0.0,
0.0,
0.0,
0.0,
0.0,
0.0,
2.0,
6.0,
0.0,
0.0,
0.0,
7.0,
3.0,
0.0,
0.0,
16.0,
0.0,
0.0,
18.0,
0.0,
0.0,
0.0,
0.0,
0.0,
0.0,
0.0,
0.0,
0.0,
0.0,
0.0,
0.0,
0.0,
2.0,
0.0,
0.0,
0.0,
0.0,
12.0,
4.0,
0.0,
8.0,
1.0,
0.0,
0.0,
2.0,
0.0,
0.0,
1.0,
0.0,
0.0,
0.0,
0.0,
0.0,
0.0,
0.0,
0.0,
0.0,
0.0,
0.0,
0.0,
4.0,
4.0,
7.0,
8.0,
4.0,
0.0,
0.0,
1.0,
0.0,
6.0,
20.0,
0.0,
2.0,
5.0,
0.0,
0.0,
0.0,
0.0,
0.0,
0.0,
0.0,
0.0,
0.0,
0.0,
0.0,
0.0,
0.0,
0.0,
0.0,
0.0,
0.0,
0.0,
0.0,
2.0,
1.0,
0.0,
11.0,
0.0,
1.0,
0.0,
2.0,
9.0,
2.0,
0.0,
0.0,
0.0,
0.0,
0.0,
0.0,
0.0,
0.0,
0.0,
0.0,
0.0,
0.0,
0.0,
0.0,
15.0,
14.0,
0.0,
0.0,
0.0,
6.0,
0.0,
8.0,
0.0,
5.0,
17.0,
13.0,
0.0,
0.0,
2.0,
0.0,
0.0,
0.0,
0.0,
0.0,
0.0,
0.0,
0.0,
0.0,
0.0,
0.0,
0.0,
6.0,
0.0,
0.0,
8.0,
14.0,
1.0,
0.0,
8.0,
0.0,
16.0,
0.0,
0.0,
16.0,
0.0,
4.0,
7.0,
0.0,
0.0,
0.0,
0.0,
0.0,
0.0,
0.0,
0.0,
0.0,
0.0,
0.0,
0.0,
3.0,
0.0,
47.0,
152.0,
232.0,
250.0,
246.0,
251.0,
217.0,
54.0,
12.0,
7.0,
0.0,
59.0,
174.0,
3.0,
0.0,
0.0,
0.0,
0.0,
0.0,
0.0,
0.0,
0.0,
0.0,
0.0,
0.0,
0.0,
0.0,
106.0,
216.0,
251.0,
249.0,
255.0,
255.0,
249.0,
248.0,
110.0,
0.0,
0.0,
12.0,
0.0,
77.0,
0.0,
0.0,
0.0,
0.0,
0.0,
3.0,
0.0,
4.0,
2.0,
0.0,
0.0,
1.0,
2.0,
15.0,
218.0,
250.0,
255.0,
253.0,
252.0,
244.0,
254.0,
248.0,
129.0,
0.0,
0.0,
3.0,
2.0,
0.0,
16.0,
0.0,
0.0,
0.0,
0.0,
3.0,
0.0,
0.0,
0.0,
2.0,
8.0,
0.0,
1.0,
195.0,
255.0,
251.0,
239.0,
192.0,
38.0,
184.0,
255.0,
251.0,
93.0,
18.0,
0.0,
0.0,
0.0,
12.0,
0.0,
0.0,
0.0,
0.0,
0.0,
0.0,
2.0,
0.0,
0.0,
2.0,
15.0,
0.0,
59.0,
236.0,
255.0,
241.0,
193.0,
32.0,
0.0,
46.0,
254.0,
250.0,
38.0,
0.0,
13.0,
18.0,
0.0,
0.0,
13.0,
0.0,
0.0,
0.0,
0.0,
0.0,
6.0,
4.0,
0.0,
0.0,
9.0,
0.0,
158.0,
249.0,
233.0,
202.0,
14.0,
0.0,
21.0,
13.0,
220.0,
255.0,
239.0,
209.0,
100.0,
0.0,
14.0,
0.0,
0.0,
0.0,
0.0,
0.0,
0.0,
0.0,
3.0,
4.0,
5.0,
0.0,
0.0,
7.0,
198.0,
255.0,
255.0,
199.0,
0.0,
9.0,
0.0,
89.0,
239.0,
250.0,
249.0,
251.0,
171.0,
14.0,
0.0,
0.0,
15.0,
0.0,
0.0,
0.0,
0.0,
4.0,
0.0,
0.0,
5.0,
0.0,
0.0,
1.0,
138.0,
246.0,
255.0,
224.0,
230.0,
236.0,
223.0,
252.0,
253.0,
255.0,
248.0,
252.0,
109.0,
8.0,
33.0,
120.0,
0.0,
0.0,
0.0,
0.0,
0.0,
5.0,
0.0,
0.0,
2.0,
0.0,
0.0,
0.0,
47.0,
232.0,
250.0,
255.0,
255.0,
236.0,
251.0,
255.0,
250.0,
239.0,
250.0,
236.0,
24.0,
0.0,
29.0,
216.0,
5.0,
0.0,
0.0,
0.0,
0.0,
0.0,
0.0,
5.0,
0.0,
0.0,
3.0,
3.0,
0.0,
36.0,
146.0,
206.0,
252.0,
248.0,
255.0,
238.0,
255.0,
255.0,
255.0,
188.0,
0.0,
16.0,
18.0,
198.0,
0.0,
0.0,
0.0,
0.0,
0.0,
0.0,
0.0,
0.0,
0.0,
0.0,
0.0,
0.0,
0.0,
0.0,
7.0,
17.0,
44.0,
59.0,
56.0,
93.0,
255.0,
255.0,
246.0,
193.0,
2.0,
11.0,
13.0,
208.0,
0.0,
0.0,
0.0,
0.0,
0.0,
0.0,
0.0,
0.0,
0.0,
0.0,
0.0,
0.0,
0.0,
0.0,
0.0,
0.0,
4.0,
7.0,
5.0,
55.0,
240.0,
248.0,
255.0,
203.0,
0.0,
0.0,
34.0,
203.0,
3.0,
0.0,
0.0,
0.0,
0.0,
0.0,
0.0,
0.0,
0.0,
0.0,
0.0,
0.0,
0.0,
5.0,
7.0,
0.0,
0.0,
0.0,
0.0,
59.0,
255.0,
246.0,
255.0,
205.0,
0.0,
0.0,
35.0,
149.0,
7.0,
0.0,
0.0,
0.0,
0.0,
0.0,
0.0,
0.0,
0.0,
0.0,
0.0,
0.0,
0.0,
0.0,
2.0,
0.0,
1.0,
0.0,
0.0,
63.0,
255.0,
255.0,
249.0,
195.0,
7.0,
2.0,
8.0,
57.0,
0.0,
0.0,
0.0,
0.0,
0.0,
0.0,
0.0,
0.0,
0.0,
0.0,
0.0,
0.0,
0.0,
0.0,
0.0,
0.0,
0.0,
0.0,
0.0,
55.0,
247.0,
255.0,
245.0,
188.0,
10.0,
3.0,
0.0,
0.0,
0.0,
0.0,
0.0,
0.0,
0.0,
0.0,
0.0,
0.0,
0.0,
0.0,
0.0,
0.0,
0.0,
4.0,
5.0,
0.0,
2.0,
3.0,
5.0,
62.0,
252.0,
255.0,
255.0,
194.0,
0.0,
0.0,
0.0,
0.0,
0.0,
0.0,
0.0,
0.0,
0.0,
0.0,
0.0,
0.0,
0.0,
0.0,
0.0,
0.0,
0.0,
0.0,
0.0,
0.0,
0.0,
0.0,
0.0,
58.0,
250.0,
248.0,
255.0,
202.0,
0.0,
1.0,
6.0,
3.0,
1.0,
0.0,
0.0,
0.0,
0.0,
0.0,
0.0,
0.0,
0.0,
0.0,
0.0,
0.0,
0.0,
0.0,
5.0,
3.0,
7.0,
1.0,
0.0,
51.0,
242.0,
246.0,
255.0,
204.0,
2.0,
12.0,
2.0,
0.0,
0.0,
0.0,
0.0,
0.0,
0.0,
0.0,
0.0,
0.0,
0.0,
0.0,
0.0,
0.0,
0.0,
3.0,
0.0,
0.0,
4.0,
0.0,
0.0,
23.0,
62.0,
242.0,
252.0,
255.0,
174.0,
27.0,
0.0,
3.0,
0.0,
0.0,
0.0,
0.0,
0.0,
0.0,
0.0,
0.0,
0.0,
0.0,
0.0,
0.0,
0.0,
3.0,
0.0,
0.0,
4.0,
0.0,
0.0,
0.0,
15.0,
122.0,
208.0,
244.0,
131.0,
0.0,
0.0,
24.0,
1.0,
0.0,
0.0,
0.0,
0.0,
0.0,
0.0,
0.0,
0.0,
0.0,
0.0,
0.0,
0.0,
1.0,
0.0,
0.0,
2.0,
1.0,
0.0,
0.0,
0.0,
8.0,
0.0,
0.0,
8.0,
9.0,
7.0,
2.0,
0.0,
0.0,
0.0,
0.0,
0.0,
0.0,
0.0,
0.0,
0.0,
0.0,
0.0,
0.0,
0.0,
2.0,
1.0,
0.0,
0.0,
0.0,
4.0,
4.0,
0.0,
0.0,
6.0,
8.0,
1.0,
0.0,
0.0,
0.0,
4.0,
0.0,
0.0,
0.0,
0.0,
