0.0,
0.0,
0.0,
0.0,
0.0,
0.0,
0.0,
0.0,
6.0,
0.0,
9.0,
3.0,
3.0,
6.0,
0.0,
2.0,
0.0,
0.0,
0.0,
14.0,
6.0,
0.0,
8.0,
0.0,
0.0,
0.0,
0.0,
0.0,
0.0,
0.0,
0.0,
0.0,
0.0,
0.0,
0.0,
0.0,
0.0,
8.0,
0.0,
0.0,
0.0,
0.0,
11.0,
9.0,
6.0,
12.0,
0.0,
0.0,
0.0,
0.0,
11.0,
0.0,
0.0,
0.0,
0.0,
0.0,
0.0,
0.0,
0.0,
0.0,
0.0,
0.0,
0.0,
0.0,
0.0,
6.0,
10.0,
5.0,
7.0,
2.0,
0.0,
0.0,
0.0,
8.0,
0.0,
0.0,
1.0,
0.0,
0.0,
2.0,
0.0,
0.0,
0.0,
0.0,
0.0,
0.0,
0.0,
0.0,
0.0,
0.0,
0.0,
0.0,
0.0,
10.0,
0.0,
0.0,
5.0,
0.0,
10.0,
0.0,
0.0,
0.0,
0.0,
6.0,
10.0,
0.0,
0.0,
8.0,
0.0,
0.0,
0.0,
0.0,
0.0,
0.0,
0.0,
0.0,
0.0,
0.0,
0.0,
0.0,
7.0,
0.0,
11.0,
0.0,
0.0,
19.0,
0.0,
1.0,
14.0,
2.0,
0.0,
0.0,
3.0,
3.0,
0.0,
3.0,
0.0,
0.0,
0.0,
0.0,
0.0,
0.0,
0.0,
0.0,
0.0,
0.0,
0.0,
0.0,
10.0,
0.0,
11.0,
15.0,
0.0,
0.0,
0.0,
5.0,
0.0,
0.0,
11.0,
0.0,
0.0,
5.0,
6.0,
0.0,
0.0,
0.0,
0.0,
0.0,
0.0,
0.0,
0.0,
0.0,
0.0,
0.0,
0.0,
0.0,
0.0,
5.0,
13.0,
198.0,
255.0,
239.0,
255.0,
130.0,
30.0,
0.0,
10.0,
11.0,
0.0,
0.0,
4.0,
0.0,
0.0,
0.0,
0.0,
0.0,
0.0,
0.0,
0.0,
0.0,
0.0,
0.0,
0.0,
0.0,
1.0,
26.0,
219.0,
243.0,
133.0,
127.0,
170.0,
251.0,
153.0,
15.0,
0.0,
2.0,
0.0,
6.0,
1.0,
0.0,
0.0,
0.0,
0.0,
0.0,
1.0,
5.0,
0.0,
1.0,
6.0,
0.0,
0.0,
2.0,
17.0,
202.0,
255.0,
33.0,
11.0,
6.0,
0.0,
187.0,
243.0,
0.0,
21.0,
122.0,
46.0,
2.0,
0.0,
0.0,
0.0,
0.0,
0.0,
0.0,
0.0,
0.0,
0.0,
0.0,
0.0,
0.0,
0.0,
0.0,
13.0,
241.0,
238.0,
58.0,
0.0,
0.0,
28.0,
23.0,
217.0,
82.0,
81.0,
255.0,
200.0,
0.0,
12.0,
17.0,
0.0,
0.0,
0.0,
0.0,
0.0,
0.0,
0.0,
0.0,
0.0,
4.0,
2.0,
1.0,
106.0,
255.0,
105.0,
0.0,
27.0,
11.0,
0.0,
0.0,
207.0,
89.0,
134.0,
249.0,
236.0,
17.0,
0.0,
0.0,
0.0,
0.0,
0.0,
0.0,
2.0,
4.0,
4.0,
4.0,
0.0,
6.0,
0.0,
10.0,
240.0,
250.0,
54.0,
0.0,
1.0,
0.0,
0.0,
13.0,
225.0,
217.0,
255.0,
255.0,
204.0,
0.0,
17.0,
2.0,
0.0,
0.0,
0.0,
0.0,
0.0,
2.0,
0.0,
4.0,
0.0,
1.0,
0.0,
43.0,
253.0,
246.0,
30.0,
0.0,
0.0,
1.0,
14.0,
0.0,
220.0,
255.0,
255.0,
240.0,
203.0,
7.0,
10.0,
0.0,
0.0,
0.0,
0.0,
0.0,
0.0,
2.0,
0.0,
6.0,
0.0,
1.0,
0.0,
112.0,
255.0,
106.0,
0.0,
6.0,
0.0,
2.0,
5.0,
12.0,
218.0,
234.0,
237.0,
253.0,
228.0,
8.0,
0.0,
22.0,
0.0,
0.0,
0.0,
0.0,
0.0,
8.0,
0.0,
7.0,
4.0,
0.0,
10.0,
187.0,
255.0,
49.0,
11.0,
0.0,
12.0,
0.0,
0.0,
173.0,
255.0,
180.0,
122.0,
255.0,
219.0,
0.0,
8.0,
0.0,
0.0,
0.0,
0.0,
0.0,
0.0,
10.0,
0.0,
2.0,
2.0,
0.0,
11.0,
229.0,
254.0,
25.0,
4.0,
0.0,
1.0,
58.0,
185.0,
255.0,
202.0,
31.0,
118.0,
254.0,
119.0,
0.0,
8.0,
0.0,
0.0,
0.0,
0.0,
0.0,
3.0,
0.0,
0.0,
0.0,
18.0,
4.0,
56.0,
255.0,
253.0,
19.0,
7.0,
0.0,
40.0,
232.0,
255.0,
179.0,
20.0,
9.0,
121.0,
255.0,
118.0,
10.0,
0.0,
6.0,
0.0,
0.0,
0.0,
0.0,
5.0,
4.0,
3.0,
0.0,
0.0,
0.0,
54.0,
237.0,
255.0,
107.0,
59.0,
115.0,
220.0,
255.0,
135.0,
18.0,
0.0,
0.0,
156.0,
255.0,
113.0,
7.0,
0.0,
0.0,
0.0,
0.0,
0.0,
0.0,
0.0,
0.0,
10.0,
0.0,
0.0,
0.0,
17.0,
125.0,
246.0,
255.0,
245.0,
255.0,
249.0,
134.0,
23.0,
0.0,
3.0,
0.0,
207.0,
255.0,
102.0,
7.0,
0.0,
8.0,
0.0,
0.0,
0.0,
0.0,
0.0,
0.0,
6.0,
3.0,
4.0,
1.0,
0.0,
14.0,
184.0,
220.0,
195.0,
136.0,
50.0,
0.0,
0.0,
6.0,
0.0,
19.0,
236.0,
255.0,
66.0,
0.0,
0.0,
8.0,
0.0,
0.0,
0.0,
0.0,
6.0,
0.0,
0.0,
0.0,
0.0,
9.0,
2.0,
0.0,
0.0,
6.0,
13.0,
2.0,
0.0,
15.0,
15.0,
0.0,
0.0,
76.0,
255.0,
229.0,
23.0,
2.0,
0.0,
0.0,
0.0,
0.0,
0.0,
0.0,
0.0,
0.0,
5.0,
0.0,
0.0,
0.0,
8.0,
0.0,
8.0,
9.0,
3.0,
0.0,
0.0,
6.0,
0.0,
7.0,
2.0,
144.0,
253.0,
183.0,
0.0,
1.0,
7.0,
1.0,
0.0,
0.0,
0.0,
0.0,
0.0,
1.0,
6.0,
6.0,
0.0,
0.0,
0.0,
0.0,
0.0,
2.0,
1.0,
0.0,
13.0,
6.0,
0.0,
4.0,
0.0,
168.0,
237.0,
180.0,
37.0,
0.0,
2.0,
0.0,
0.0,
0.0,
0.0,
0.0,
3.0,
1.0,
0.0,
0.0,
1.0,
0.0,
6.0,
1.0,
1.0,
3.0,
0.0,
0.0,
0.0,
0.0,
8.0,
0.0,
0.0,
176.0,
254.0,
252.0,
148.0,
10.0,
2.0,
0.0,
0.0,
0.0,
0.0,
0.0,
0.0,
0.0,
0.0,
0.0,
0.0,
0.0,
0.0,
0.0,
0.0,
0.0,
0.0,
0.0,
0.0,
0.0,
0.0,
0.0,
5.0,
163.0,
254.0,
226.0,
65.0,
4.0,
0.0,
9.0,
0.0,
0.0,
0.0,
0.0,
0.0,
0.0,
0.0,
0.0,
0.0,
0.0,
0.0,
0.0,
0.0,
0.0,
0.0,
0.0,
0.0,
0.0,
0.0,
0.0,
0.0,
183.0,
250.0,
143.0,
0.0,
0.0,
6.0,
0.0,
0.0,
0.0,
0.0,
0.0,
0.0,
0.0,
0.0,
0.0,
0.0,
0.0,
0.0,
0.0,
0.0,
0.0,
0.0,
0.0,
0.0,
0.0,
0.0,
0.0,
0.0,
0.0,
0.0,
0.0,
0.0,
8.0,
3.0,
0.0,
0.0,
0.0,
0.0,
0.0,
0.0,
0.0,
0.0,
0.0,
0.0,
0.0,
0.0,
0.0,
0.0,
0.0,
0.0,
0.0,
0.0,
0.0,
0.0,
0.0,
10.0,
0.0,
4.0,
0.0,
4.0,
0.0,
0.0,
13.0,
0.0,
0.0,
0.0,
0.0,
