0.0,
0.0,
0.0,
0.0,
0.0,
0.0,
0.0,
0.0,
0.0,
7.0,
7.0,
0.0,
0.0,
5.0,
5.0,
0.0,
2.0,
1.0,
2.0,
9.0,
0.0,
11.0,
0.0,
3.0,
0.0,
0.0,
0.0,
0.0,
0.0,
0.0,
0.0,
0.0,
0.0,
0.0,
0.0,
0.0,
0.0,
0.0,
0.0,
7.0,
4.0,
0.0,
0.0,
8.0,
0.0,
0.0,
0.0,
0.0,
0.0,
12.0,
0.0,
0.0,
0.0,
0.0,
0.0,
0.0,
0.0,
0.0,
0.0,
0.0,
0.0,
0.0,
0.0,
0.0,
5.0,
1.0,
0.0,
0.0,
0.0,
9.0,
3.0,
0.0,
4.0,
10.0,
0.0,
0.0,
0.0,
3.0,
6.0,
0.0,
0.0,
0.0,
0.0,
0.0,
0.0,
0.0,
0.0,
0.0,
0.0,
0.0,
0.0,
0.0,
1.0,
0.0,
4.0,
13.0,
2.0,
0.0,
0.0,
15.0,
0.0,
5.0,
3.0,
14.0,
7.0,
0.0,
1.0,
0.0,
0.0,
0.0,
0.0,
0.0,
0.0,
0.0,
0.0,
0.0,
0.0,
0.0,
0.0,
0.0,
0.0,
4.0,
4.0,
0.0,
0.0,
8.0,
1.0,
0.0,
3.0,
0.0,
0.0,
0.0,
0.0,
0.0,
2.0,
5.0,
0.0,
0.0,
0.0,
0.0,
0.0,
0.0,
0.0,
0.0,
0.0,
0.0,
0.0,
0.0,
4.0,
2.0,
0.0,
0.0,
0.0,
7.0,
7.0,
0.0,
3.0,
0.0,
16.0,
0.0,
6.0,
12.0,
1.0,
0.0,
0.0,
0.0,
0.0,
0.0,
0.0,
0.0,
0.0,
0.0,
0.0,
0.0,
0.0,
0.0,
7.0,
0.0,
0.0,
24.0,
2.0,
0.0,
55.0,
170.0,
255.0,
230.0,
191.0,
43.0,
0.0,
1.0,
0.0,
7.0,
0.0,
0.0,
0.0,
0.0,
0.0,
0.0,
0.0,
0.0,
0.0,
0.0,
0.0,
0.0,
0.0,
10.0,
1.0,
0.0,
0.0,
92.0,
202.0,
255.0,
246.0,
255.0,
255.0,
86.0,
0.0,
9.0,
0.0,
1.0,
0.0,
0.0,
0.0,
0.0,
0.0,
0.0,
4.0,
7.0,
0.0,
1.0,
2.0,
0.0,
0.0,
0.0,
0.0,
19.0,
156.0,
249.0,
245.0,
252.0,
216.0,
228.0,
206.0,
50.0,
11.0,
0.0,
1.0,
4.0,
0.0,
0.0,
0.0,
0.0,
0.0,
0.0,
0.0,
0.0,
0.0,
0.0,
5.0,
1.0,
7.0,
22.0,
15.0,
185.0,
255.0,
255.0,
238.0,
77.0,
25.0,
50.0,
65.0,
0.0,
0.0,
0.0,
0.0,
0.0,
0.0,
0.0,
0.0,
0.0,
3.0,
0.0,
0.0,
0.0,
0.0,
2.0,
4.0,
4.0,
0.0,
0.0,
143.0,
255.0,
244.0,
193.0,
60.0,
0.0,
143.0,
244.0,
254.0,
103.0,
0.0,
11.0,
18.0,
0.0,
0.0,
0.0,
0.0,
0.0,
1.0,
2.0,
1.0,
3.0,
7.0,
1.0,
0.0,
0.0,
24.0,
122.0,
246.0,
253.0,
246.0,
34.0,
31.0,
185.0,
252.0,
255.0,
255.0,
170.0,
7.0,
0.0,
1.0,
0.0,
0.0,
0.0,
0.0,
0.0,
0.0,
1.0,
0.0,
0.0,
4.0,
0.0,
0.0,
4.0,
111.0,
251.0,
248.0,
240.0,
81.0,
117.0,
230.0,
255.0,
241.0,
219.0,
243.0,
255.0,
69.0,
3.0,
3.0,
11.0,
0.0,
0.0,
0.0,
0.0,
0.0,
7.0,
0.0,
0.0,
3.0,
0.0,
4.0,
32.0,
241.0,
248.0,
255.0,
212.0,
231.0,
255.0,
246.0,
199.0,
61.0,
182.0,
255.0,
237.0,
29.0,
0.0,
6.0,
0.0,
0.0,
0.0,
0.0,
0.0,
0.0,
11.0,
0.0,
0.0,
5.0,
1.0,
10.0,
49.0,
247.0,
251.0,
251.0,
249.0,
255.0,
224.0,
143.0,
22.0,
26.0,
211.0,
252.0,
175.0,
15.0,
0.0,
0.0,
0.0,
0.0,
0.0,
0.0,
0.0,
0.0,
7.0,
0.0,
0.0,
5.0,
0.0,
1.0,
42.0,
235.0,
255.0,
250.0,
251.0,
177.0,
67.0,
5.0,
0.0,
20.0,
254.0,
247.0,
110.0,
0.0,
3.0,
0.0,
7.0,
0.0,
0.0,
0.0,
0.0,
0.0,
0.0,
0.0,
0.0,
0.0,
0.0,
0.0,
0.0,
82.0,
228.0,
123.0,
58.0,
0.0,
0.0,
5.0,
3.0,
148.0,
255.0,
252.0,
96.0,
0.0,
0.0,
0.0,
5.0,
0.0,
0.0,
0.0,
0.0,
0.0,
0.0,
0.0,
0.0,
0.0,
0.0,
0.0,
0.0,
0.0,
0.0,
0.0,
0.0,
7.0,
3.0,
0.0,
65.0,
239.0,
254.0,
203.0,
6.0,
0.0,
18.0,
0.0,
0.0,
0.0,
0.0,
0.0,
0.0,
0.0,
0.0,
0.0,
0.0,
0.0,
0.0,
0.0,
0.0,
21.0,
0.0,
6.0,
5.0,
0.0,
4.0,
0.0,
135.0,
255.0,
238.0,
75.0,
0.0,
0.0,
13.0,
2.0,
0.0,
0.0,
0.0,
0.0,
0.0,
0.0,
0.0,
0.0,
0.0,
0.0,
0.0,
0.0,
0.0,
0.0,
4.0,
8.0,
0.0,
0.0,
0.0,
74.0,
231.0,
250.0,
149.0,
0.0,
8.0,
0.0,
0.0,
0.0,
5.0,
0.0,
0.0,
0.0,
0.0,
0.0,
0.0,
0.0,
0.0,
0.0,
0.0,
0.0,
0.0,
3.0,
0.0,
7.0,
0.0,
9.0,
20.0,
165.0,
250.0,
244.0,
28.0,
2.0,
0.0,
16.0,
4.0,
0.0,
8.0,
0.0,
0.0,
0.0,
0.0,
0.0,
0.0,
0.0,
0.0,
0.0,
0.0,
0.0,
0.0,
7.0,
0.0,
1.0,
9.0,
0.0,
152.0,
255.0,
255.0,
137.0,
0.0,
9.0,
0.0,
0.0,
0.0,
0.0,
0.0,
0.0,
0.0,
0.0,
0.0,
0.0,
0.0,
0.0,
0.0,
0.0,
0.0,
0.0,
0.0,
0.0,
3.0,
0.0,
14.0,
51.0,
233.0,
255.0,
180.0,
13.0,
7.0,
0.0,
26.0,
0.0,
0.0,
8.0,
0.0,
0.0,
0.0,
0.0,
0.0,
0.0,
0.0,
0.0,
0.0,
0.0,
0.0,
0.0,
0.0,
0.0,
1.0,
1.0,
21.0,
239.0,
255.0,
248.0,
124.0,
0.0,
0.0,
3.0,
0.0,
0.0,
9.0,
0.0,
0.0,
0.0,
0.0,
0.0,
0.0,
0.0,
0.0,
0.0,
0.0,
0.0,
0.0,
0.0,
0.0,
2.0,
0.0,
14.0,
30.0,
238.0,
255.0,
247.0,
69.0,
0.0,
0.0,
0.0,
0.0,
0.0,
0.0,
0.0,
0.0,
0.0,
0.0,
0.0,
0.0,
0.0,
0.0,
0.0,
0.0,
0.0,
0.0,
0.0,
0.0,
8.0,
17.0,
0.0,
0.0,
142.0,
248.0,
204.0,
32.0,
0.0,
0.0,
0.0,
0.0,
0.0,
0.0,
0.0,
0.0,
0.0,
0.0,
0.0,
0.0,
0.0,
0.0,
0.0,
0.0,
0.0,
0.0,
0.0,
0.0,
0.0,
6.0,
0.0,
17.0,
0.0,
0.0,
0.0,
0.0,
0.0,
0.0,
0.0,
0.0,
0.0,
0.0,
0.0,
0.0,
0.0,
0.0,
0.0,
0.0,
0.0,
0.0,
0.0,
0.0,
0.0,
0.0,
0.0,
0.0,
0.0,
0.0,
0.0,
0.0,
8.0,
0.0,
7.0,
6.0,
0.0,
0.0,
0.0,
0.0,
0.0,
0.0,
0.0,
0.0,
0.0,
0.0,
0.0,
0.0,
