0.0,
0.0,
0.0,
0.0,
0.0,
0.0,
0.0,
0.0,
0.0,
5.0,
12.0,
4.0,
0.0,
0.0,
1.0,
4.0,
9.0,
0.0,
0.0,
10.0,
0.0,
10.0,
0.0,
5.0,
0.0,
0.0,
0.0,
0.0,
0.0,
0.0,
0.0,
0.0,
0.0,
0.0,
0.0,
0.0,
15.0,
0.0,
0.0,
0.0,
7.0,
5.0,
2.0,
3.0,
0.0,
7.0,
18.0,
0.0,
4.0,
0.0,
0.0,
1.0,
0.0,
0.0,
0.0,
0.0,
0.0,
0.0,
0.0,
0.0,
0.0,
0.0,
0.0,
0.0,
0.0,
4.0,
10.0,
1.0,
0.0,
6.0,
2.0,
0.0,
8.0,
0.0,
0.0,
0.0,
0.0,
19.0,
11.0,
2.0,
0.0,
0.0,
0.0,
0.0,
0.0,
0.0,
0.0,
0.0,
0.0,
0.0,
0.0,
0.0,
10.0,
0.0,
0.0,
0.0,
0.0,
0.0,
0.0,
11.0,
8.0,
0.0,
3.0,
7.0,
0.0,
0.0,
3.0,
0.0,
0.0,
0.0,
0.0,
0.0,
0.0,
0.0,
0.0,
0.0,
0.0,
0.0,
0.0,
0.0,
0.0,
3.0,
11.0,
5.0,
0.0,
0.0,
0.0,
0.0,
0.0,
1.0,
2.0,
0.0,
29.0,
1.0,
0.0,
0.0,
0.0,
0.0,
0.0,
0.0,
0.0,
0.0,
0.0,
0.0,
0.0,
0.0,
0.0,
0.0,
1.0,
0.0,
0.0,
0.0,
2.0,
13.0,
10.0,
0.0,
0.0,
22.0,
0.0,
4.0,
0.0,
4.0,
0.0,
2.0,
0.0,
0.0,
0.0,
0.0,
0.0,
0.0,
0.0,
0.0,
0.0,
0.0,
0.0,
0.0,
4.0,
0.0,
8.0,
15.0,
0.0,
0.0,
90.0,
206.0,
247.0,
255.0,
241.0,
235.0,
65.0,
7.0,
0.0,
4.0,
0.0,
0.0,
0.0,
0.0,
0.0,
0.0,
0.0,
0.0,
0.0,
0.0,
0.0,
0.0,
0.0,
9.0,
0.0,
0.0,
64.0,
201.0,
255.0,
250.0,
255.0,
241.0,
255.0,
250.0,
228.0,
40.0,
0.0,
0.0,
0.0,
0.0,
0.0,
0.0,
4.0,
0.0,
0.0,
3.0,
5.0,
0.0,
0.0,
0.0,
0.0,
9.0,
14.0,
155.0,
201.0,
255.0,
171.0,
69.0,
76.0,
64.0,
63.0,
185.0,
255.0,
155.0,
0.0,
3.0,
0.0,
0.0,
0.0,
0.0,
0.0,
0.0,
0.0,
5.0,
3.0,
1.0,
10.0,
7.0,
18.0,
47.0,
170.0,
255.0,
255.0,
95.0,
36.0,
9.0,
0.0,
8.0,
20.0,
35.0,
247.0,
238.0,
47.0,
3.0,
0.0,
0.0,
0.0,
0.0,
1.0,
0.0,
3.0,
2.0,
0.0,
0.0,
0.0,
0.0,
0.0,
179.0,
254.0,
232.0,
71.0,
7.0,
0.0,
2.0,
1.0,
10.0,
0.0,
39.0,
245.0,
255.0,
39.0,
0.0,
0.0,
0.0,
0.0,
0.0,
0.0,
0.0,
1.0,
5.0,
0.0,
14.0,
11.0,
15.0,
158.0,
255.0,
214.0,
79.0,
0.0,
0.0,
7.0,
0.0,
0.0,
9.0,
20.0,
172.0,
255.0,
212.0,
18.0,
11.0,
0.0,
0.0,
0.0,
0.0,
2.0,
0.0,
0.0,
2.0,
0.0,
7.0,
0.0,
25.0,
248.0,
246.0,
159.0,
12.0,
8.0,
0.0,
6.0,
3.0,
0.0,
38.0,
186.0,
255.0,
245.0,
132.0,
0.0,
3.0,
0.0,
0.0,
0.0,
0.0,
6.0,
4.0,
0.0,
0.0,
0.0,
0.0,
0.0,
64.0,
252.0,
185.0,
21.0,
0.0,
0.0,
20.0,
0.0,
0.0,
88.0,
255.0,
241.0,
255.0,
165.0,
5.0,
0.0,
0.0,
0.0,
0.0,
0.0,
0.0,
0.0,
2.0,
0.0,
8.0,
8.0,
12.0,
12.0,
163.0,
255.0,
145.0,
0.0,
3.0,
8.0,
0.0,
33.0,
134.0,
255.0,
225.0,
255.0,
219.0,
0.0,
13.0,
7.0,
1.0,
0.0,
0.0,
0.0,
0.0,
2.0,
10.0,
0.0,
4.0,
0.0,
0.0,
0.0,
187.0,
251.0,
138.0,
0.0,
12.0,
33.0,
72.0,
136.0,
243.0,
248.0,
255.0,
181.0,
75.0,
0.0,
0.0,
0.0,
0.0,
0.0,
0.0,
0.0,
0.0,
0.0,
0.0,
10.0,
0.0,
3.0,
0.0,
15.0,
152.0,
250.0,
216.0,
179.0,
184.0,
220.0,
255.0,
250.0,
249.0,
254.0,
244.0,
29.0,
1.0,
0.0,
7.0,
3.0,
0.0,
0.0,
0.0,
0.0,
0.0,
4.0,
0.0,
3.0,
0.0,
4.0,
0.0,
0.0,
57.0,
255.0,
255.0,
255.0,
255.0,
251.0,
236.0,
255.0,
255.0,
245.0,
133.0,
0.0,
1.0,
5.0,
2.0,
0.0,
0.0,
0.0,
0.0,
0.0,
0.0,
1.0,
0.0,
3.0,
0.0,
7.0,
13.0,
0.0,
0.0,
9.0,
126.0,
132.0,
144.0,
64.0,
13.0,
216.0,
235.0,
196.0,
20.0,
0.0,
2.0,
10.0,
0.0,
0.0,
0.0,
0.0,
0.0,
0.0,
0.0,
0.0,
0.0,
9.0,
2.0,
0.0,
11.0,
0.0,
2.0,
0.0,
8.0,
19.0,
0.0,
0.0,
135.0,
255.0,
255.0,
108.0,
0.0,
6.0,
4.0,
0.0,
0.0,
5.0,
0.0,
0.0,
0.0,
0.0,
0.0,
4.0,
0.0,
7.0,
4.0,
0.0,
0.0,
0.0,
3.0,
2.0,
13.0,
0.0,
10.0,
16.0,
252.0,
249.0,
203.0,
31.0,
0.0,
11.0,
4.0,
0.0,
0.0,
7.0,
0.0,
0.0,
0.0,
0.0,
0.0,
6.0,
0.0,
0.0,
3.0,
0.0,
0.0,
0.0,
0.0,
0.0,
0.0,
0.0,
40.0,
210.0,
242.0,
233.0,
27.0,
0.0,
3.0,
0.0,
0.0,
1.0,
0.0,
1.0,
1.0,
0.0,
0.0,
0.0,
0.0,
0.0,
0.0,
0.0,
0.0,
4.0,
4.0,
4.0,
0.0,
0.0,
7.0,
6.0,
179.0,
255.0,
255.0,
97.0,
8.0,
0.0,
0.0,
0.0,
0.0,
5.0,
3.0,
0.0,
2.0,
0.0,
0.0,
0.0,
0.0,
0.0,
10.0,
3.0,
0.0,
0.0,
0.0,
3.0,
0.0,
0.0,
10.0,
15.0,
200.0,
248.0,
124.0,
4.0,
0.0,
1.0,
0.0,
19.0,
0.0,
0.0,
3.0,
0.0,
1.0,
0.0,
0.0,
0.0,
0.0,
0.0,
0.0,
0.0,
0.0,
0.0,
0.0,
0.0,
0.0,
7.0,
0.0,
165.0,
255.0,
255.0,
109.0,
0.0,
11.0,
0.0,
0.0,
0.0,
0.0,
0.0,
0.0,
0.0,
0.0,
0.0,
0.0,
0.0,
0.0,
0.0,
0.0,
0.0,
0.0,
0.0,
0.0,
0.0,
0.0,
0.0,
23.0,
220.0,
249.0,
240.0,
63.0,
0.0,
0.0,
0.0,
0.0,
0.0,
0.0,
0.0,
0.0,
0.0,
0.0,
0.0,
0.0,
0.0,
0.0,
0.0,
0.0,
0.0,
0.0,
0.0,
0.0,
0.0,
0.0,
6.0,
0.0,
8.0,
6.0,
10.0,
0.0,
0.0,
9.0,
0.0,
0.0,
0.0,
0.0,
0.0,
0.0,
0.0,
0.0,
0.0,
0.0,
0.0,
0.0,
0.0,
0.0,
0.0,
0.0,
0.0,
0.0,
0.0,
0.0,
0.0,
4.0,
0.0,
2.0,
0.0,
11.0,
0.0,
0.0,
0.0,
0.0,
0.0,
0.0,
0.0,
0.0,
0.0,
0.0,
0.0,
0.0,
0.0,
0.0,
