0.0,
0.0,
3.0,
3.0,
2.0,
1.0,
1.0,
3.0,
0.0,
6.0,
6.0,
0.0,
0.0,
0.0,
0.0,
11.0,
0.0,
0.0,
3.0,
0.0,
0.0,
3.0,
7.0,
0.0,
0.0,
0.0,
0.0,
0.0,
1.0,
1.0,
0.0,
0.0,
0.0,
0.0,
0.0,
0.0,
1.0,
5.0,
0.0,
0.0,
3.0,
11.0,
1.0,
0.0,
3.0,
0.0,
0.0,
4.0,
0.0,
0.0,
0.0,
2.0,
0.0,
0.0,
0.0,
0.0,
3.0,
1.0,
0.0,
0.0,
0.0,
0.0,
1.0,
1.0,
4.0,
0.0,
0.0,
5.0,
13.0,
0.0,
0.0,
11.0,
1.0,
7.0,
7.0,
0.0,
0.0,
4.0,
4.0,
0.0,
0.0,
0.0,
0.0,
0.0,
1.0,
0.0,
0.0,
0.0,
3.0,
5.0,
4.0,
2.0,
1.0,
4.0,
2.0,
3.0,
3.0,
0.0,
0.0,
4.0,
0.0,
2.0,
0.0,
0.0,
0.0,
1.0,
0.0,
0.0,
0.0,
0.0,
0.0,
0.0,
0.0,
0.0,
0.0,
2.0,
3.0,
2.0,
0.0,
0.0,
0.0,
13.0,
3.0,
0.0,
0.0,
16.0,
7.0,
0.0,
5.0,
2.0,
0.0,
1.0,
9.0,
0.0,
0.0,
12.0,
0.0,
0.0,
0.0,
0.0,
0.0,
1.0,
3.0,
2.0,
0.0,
0.0,
0.0,
0.0,
0.0,
0.0,
0.0,
5.0,
8.0,
0.0,
0.0,
10.0,
0.0,
11.0,
5.0,
0.0,
0.0,
5.0,
0.0,
0.0,
0.0,
0.0,
0.0,
0.0,
0.0,
2.0,
4.0,
1.0,
0.0,
0.0,
2.0,
8.0,
25.0,
40.0,
83.0,
138.0,
154.0,
138.0,
165.0,
228.0,
252.0,
236.0,
146.0,
45.0,
10.0,
4.0,
0.0,
4.0,
0.0,
0.0,
0.0,
0.0,
0.0,
3.0,
5.0,
1.0,
0.0,
1.0,
13.0,
25.0,
199.0,
237.0,
255.0,
255.0,
255.0,
253.0,
250.0,
253.0,
255.0,
251.0,
245.0,
255.0,
219.0,
96.0,
1.0,
1.0,
0.0,
0.0,
0.0,
0.0,
0.0,
0.0,
8.0,
4.0,
1.0,
0.0,
13.0,
167.0,
250.0,
255.0,
243.0,
175.0,
143.0,
148.0,
127.0,
140.0,
134.0,
134.0,
185.0,
244.0,
251.0,
250.0,
101.0,
1.0,
0.0,
0.0,
1.0,
0.0,
4.0,
5.0,
0.0,
0.0,
0.0,
8.0,
122.0,
246.0,
255.0,
191.0,
39.0,
0.0,
1.0,
0.0,
3.0,
8.0,
9.0,
13.0,
6.0,
15.0,
130.0,
246.0,
231.0,
162.0,
11.0,
4.0,
0.0,
0.0,
0.0,
11.0,
0.0,
0.0,
5.0,
21.0,
210.0,
255.0,
222.0,
20.0,
6.0,
10.0,
0.0,
12.0,
6.0,
0.0,
0.0,
0.0,
0.0,
1.0,
14.0,
219.0,
255.0,
249.0,
29.0,
8.0,
0.0,
0.0,
0.0,
6.0,
0.0,
1.0,
5.0,
27.0,
244.0,
245.0,
114.0,
0.0,
0.0,
12.0,
15.0,
0.0,
3.0,
3.0,
6.0,
6.0,
5.0,
11.0,
160.0,
244.0,
255.0,
244.0,
31.0,
8.0,
0.0,
0.0,
5.0,
0.0,
5.0,
0.0,
0.0,
40.0,
255.0,
253.0,
106.0,
14.0,
0.0,
0.0,
10.0,
0.0,
0.0,
7.0,
0.0,
0.0,
1.0,
115.0,
244.0,
255.0,
236.0,
176.0,
19.0,
3.0,
0.0,
2.0,
4.0,
0.0,
6.0,
0.0,
4.0,
40.0,
248.0,
255.0,
95.0,
0.0,
25.0,
0.0,
0.0,
12.0,
0.0,
0.0,
0.0,
14.0,
0.0,
255.0,
254.0,
251.0,
194.0,
0.0,
4.0,
0.0,
0.0,
3.0,
0.0,
1.0,
0.0,
6.0,
5.0,
14.0,
216.0,
246.0,
106.0,
31.0,
0.0,
0.0,
17.0,
0.0,
0.0,
9.0,
0.0,
34.0,
183.0,
235.0,
253.0,
196.0,
12.0,
4.0,
0.0,
0.0,
0.0,
1.0,
0.0,
13.0,
0.0,
3.0,
0.0,
0.0,
202.0,
253.0,
168.0,
0.0,
8.0,
0.0,
4.0,
8.0,
0.0,
0.0,
113.0,
213.0,
249.0,
255.0,
241.0,
82.0,
0.0,
2.0,
0.0,
0.0,
0.0,
0.0,
0.0,
14.0,
0.0,
0.0,
0.0,
24.0,
161.0,
255.0,
245.0,
121.0,
0.0,
4.0,
4.0,
1.0,
96.0,
175.0,
251.0,
249.0,
248.0,
255.0,
99.0,
0.0,
2.0,
8.0,
0.0,
0.0,
0.0,
0.0,
5.0,
0.0,
1.0,
17.0,
0.0,
0.0,
62.0,
198.0,
255.0,
239.0,
255.0,
243.0,
231.0,
235.0,
255.0,
239.0,
250.0,
255.0,
255.0,
205.0,
30.0,
33.0,
0.0,
0.0,
0.0,
0.0,
0.0,
0.0,
8.0,
0.0,
6.0,
1.0,
0.0,
0.0,
0.0,
63.0,
238.0,
248.0,
253.0,
253.0,
253.0,
250.0,
246.0,
255.0,
255.0,
249.0,
235.0,
19.0,
0.0,
0.0,
5.0,
0.0,
0.0,
0.0,
0.0,
0.0,
0.0,
4.0,
8.0,
0.0,
0.0,
19.0,
0.0,
0.0,
18.0,
40.0,
147.0,
157.0,
166.0,
162.0,
39.0,
222.0,
241.0,
255.0,
113.0,
0.0,
0.0,
3.0,
0.0,
3.0,
0.0,
0.0,
0.0,
0.0,
0.0,
7.0,
0.0,
6.0,
9.0,
0.0,
1.0,
4.0,
8.0,
20.0,
0.0,
0.0,
0.0,
0.0,
36.0,
219.0,
244.0,
196.0,
0.0,
10.0,
0.0,
13.0,
0.0,
5.0,
0.0,
0.0,
0.0,
0.0,
1.0,
8.0,
0.0,
4.0,
11.0,
0.0,
4.0,
8.0,
2.0,
0.0,
4.0,
0.0,
14.0,
11.0,
159.0,
254.0,
255.0,
50.0,
0.0,
0.0,
2.0,
0.0,
9.0,
0.0,
0.0,
0.0,
0.0,
0.0,
2.0,
7.0,
0.0,
0.0,
3.0,
7.0,
3.0,
0.0,
0.0,
10.0,
0.0,
20.0,
0.0,
8.0,
235.0,
255.0,
189.0,
0.0,
16.0,
18.0,
9.0,
8.0,
5.0,
0.0,
0.0,
0.0,
0.0,
0.0,
0.0,
0.0,
12.0,
0.0,
0.0,
3.0,
0.0,
10.0,
0.0,
5.0,
0.0,
0.0,
13.0,
180.0,
255.0,
244.0,
123.0,
0.0,
6.0,
0.0,
0.0,
4.0,
0.0,
10.0,
0.0,
0.0,
0.0,
0.0,
0.0,
0.0,
0.0,
0.0,
0.0,
0.0,
0.0,
0.0,
0.0,
0.0,
0.0,
6.0,
85.0,
227.0,
255.0,
219.0,
29.0,
12.0,
0.0,
0.0,
3.0,
2.0,
0.0,
0.0,
0.0,
0.0,
0.0,
0.0,
0.0,
0.0,
0.0,
0.0,
0.0,
0.0,
0.0,
0.0,
0.0,
6.0,
0.0,
0.0,
103.0,
255.0,
224.0,
50.0,
11.0,
1.0,
0.0,
0.0,
3.0,
2.0,
0.0,
0.0,
0.0,
0.0,
0.0,
0.0,
0.0,
0.0,
0.0,
0.0,
0.0,
0.0,
0.0,
0.0,
4.0,
0.0,
5.0,
4.0,
0.0,
0.0,
4.0,
0.0,
0.0,
0.0,
0.0,
0.0,
3.0,
1.0,
0.0,
0.0,
0.0,
0.0,
0.0,
0.0,
0.0,
0.0,
0.0,
0.0,
0.0,
0.0,
0.0,
0.0,
12.0,
0.0,
0.0,
10.0,
4.0,
0.0,
2.0,
10.0,
0.0,
0.0,
2.0,
4.0,
2.0,
0.0,
0.0,
0.0,
0.0,
0.0,
0.0,
0.0,
