0.0,
0.0,
0.0,
0.0,
0.0,
0.0,
0.0,
0.0,
1.0,
3.0,
3.0,
0.0,
0.0,
0.0,
0.0,
0.0,
0.0,
0.0,
0.0,
0.0,
1.0,
5.0,
3.0,
0.0,
0.0,
0.0,
0.0,
0.0,
0.0,
0.0,
0.0,
0.0,
0.0,
0.0,
0.0,
0.0,
0.0,
0.0,
0.0,
0.0,
2.0,
3.0,
0.0,
0.0,
0.0,
0.0,
0.0,
0.0,
0.0,
0.0,
0.0,
8.0,
0.0,
0.0,
0.0,
0.0,
0.0,
0.0,
0.0,
0.0,
0.0,
0.0,
0.0,
0.0,
2.0,
4.0,
5.0,
3.0,
0.0,
0.0,
0.0,
5.0,
8.0,
5.0,
8.0,
13.0,
6.0,
0.0,
0.0,
2.0,
0.0,
0.0,
0.0,
0.0,
0.0,
0.0,
0.0,
0.0,
0.0,
0.0,
0.0,
0.0,
0.0,
0.0,
0.0,
0.0,
1.0,
3.0,
0.0,
0.0,
0.0,
0.0,
0.0,
0.0,
4.0,
3.0,
1.0,
1.0,
0.0,
0.0,
0.0,
0.0,
0.0,
0.0,
0.0,
0.0,
0.0,
0.0,
0.0,
0.0,
0.0,
6.0,
18.0,
17.0,
1.0,
0.0,
0.0,
5.0,
1.0,
4.0,
2.0,
0.0,
0.0,
0.0,
3.0,
1.0,
0.0,
0.0,
0.0,
0.0,
0.0,
0.0,
0.0,
0.0,
0.0,
0.0,
0.0,
0.0,
2.0,
0.0,
0.0,
0.0,
3.0,
1.0,
0.0,
0.0,
0.0,
3.0,
6.0,
5.0,
3.0,
0.0,
0.0,
0.0,
0.0,
0.0,
0.0,
0.0,
0.0,
0.0,
0.0,
0.0,
0.0,
0.0,
0.0,
0.0,
8.0,
0.0,
27.0,
114.0,
211.0,
255.0,
255.0,
237.0,
62.0,
16.0,
0.0,
0.0,
5.0,
3.0,
0.0,
4.0,
0.0,
0.0,
0.0,
0.0,
0.0,
0.0,
0.0,
0.0,
0.0,
0.0,
0.0,
0.0,
0.0,
79.0,
190.0,
255.0,
255.0,
245.0,
244.0,
255.0,
250.0,
124.0,
12.0,
0.0,
5.0,
1.0,
0.0,
4.0,
0.0,
0.0,
0.0,
0.0,
0.0,
9.0,
7.0,
0.0,
6.0,
0.0,
8.0,
1.0,
71.0,
228.0,
255.0,
205.0,
92.0,
44.0,
39.0,
166.0,
255.0,
196.0,
9.0,
0.0,
1.0,
9.0,
0.0,
3.0,
0.0,
0.0,
0.0,
0.0,
1.0,
0.0,
0.0,
1.0,
15.0,
7.0,
1.0,
0.0,
177.0,
255.0,
243.0,
14.0,
0.0,
0.0,
13.0,
0.0,
181.0,
250.0,
99.0,
0.0,
3.0,
0.0,
0.0,
0.0,
0.0,
0.0,
0.0,
0.0,
7.0,
0.0,
0.0,
0.0,
0.0,
0.0,
0.0,
41.0,
241.0,
226.0,
50.0,
8.0,
9.0,
12.0,
0.0,
36.0,
223.0,
255.0,
122.0,
0.0,
2.0,
0.0,
8.0,
0.0,
0.0,
0.0,
0.0,
0.0,
0.0,
0.0,
1.0,
3.0,
0.0,
3.0,
7.0,
170.0,
255.0,
201.0,
7.0,
0.0,
0.0,
9.0,
0.0,
104.0,
255.0,
159.0,
0.0,
0.0,
0.0,
19.0,
0.0,
17.0,
0.0,
0.0,
0.0,
0.0,
0.0,
4.0,
0.0,
2.0,
10.0,
9.0,
0.0,
220.0,
254.0,
86.0,
0.0,
26.0,
2.0,
1.0,
6.0,
255.0,
217.0,
43.0,
2.0,
31.0,
230.0,
180.0,
41.0,
0.0,
0.0,
0.0,
0.0,
0.0,
0.0,
11.0,
0.0,
0.0,
0.0,
0.0,
0.0,
210.0,
255.0,
90.0,
5.0,
0.0,
0.0,
11.0,
172.0,
255.0,
78.0,
29.0,
151.0,
255.0,
237.0,
243.0,
101.0,
5.0,
0.0,
0.0,
0.0,
0.0,
0.0,
0.0,
2.0,
6.0,
0.0,
0.0,
20.0,
172.0,
245.0,
178.0,
22.0,
13.0,
0.0,
117.0,
255.0,
249.0,
205.0,
252.0,
247.0,
255.0,
249.0,
168.0,
0.0,
3.0,
0.0,
0.0,
0.0,
0.0,
9.0,
0.0,
0.0,
10.0,
0.0,
7.0,
1.0,
47.0,
255.0,
246.0,
228.0,
121.0,
137.0,
240.0,
252.0,
251.0,
255.0,
195.0,
144.0,
225.0,
242.0,
133.0,
0.0,
0.0,
0.0,
0.0,
0.0,
0.0,
0.0,
0.0,
0.0,
0.0,
0.0,
0.0,
0.0,
0.0,
80.0,
217.0,
255.0,
249.0,
247.0,
248.0,
250.0,
197.0,
42.0,
0.0,
84.0,
255.0,
185.0,
4.0,
14.0,
0.0,
0.0,
0.0,
0.0,
0.0,
0.0,
0.0,
0.0,
0.0,
0.0,
0.0,
0.0,
0.0,
0.0,
16.0,
80.0,
173.0,
147.0,
68.0,
49.0,
8.0,
0.0,
13.0,
155.0,
255.0,
44.0,
25.0,
0.0,
13.0,
0.0,
0.0,
0.0,
0.0,
0.0,
0.0,
0.0,
0.0,
0.0,
0.0,
0.0,
0.0,
0.0,
14.0,
0.0,
0.0,
0.0,
0.0,
6.0,
0.0,
0.0,
9.0,
250.0,
246.0,
52.0,
0.0,
0.0,
3.0,
0.0,
0.0,
0.0,
0.0,
0.0,
0.0,
0.0,
0.0,
0.0,
0.0,
0.0,
0.0,
0.0,
21.0,
0.0,
0.0,
10.0,
1.0,
3.0,
9.0,
12.0,
86.0,
253.0,
249.0,
59.0,
0.0,
0.0,
0.0,
0.0,
0.0,
0.0,
0.0,
0.0,
0.0,
0.0,
0.0,
0.0,
0.0,
0.0,
0.0,
9.0,
0.0,
0.0,
15.0,
0.0,
0.0,
7.0,
2.0,
0.0,
183.0,
240.0,
167.0,
0.0,
1.0,
0.0,
6.0,
0.0,
0.0,
0.0,
0.0,
0.0,
0.0,
0.0,
0.0,
0.0,
0.0,
0.0,
0.0,
0.0,
1.0,
6.0,
3.0,
2.0,
10.0,
5.0,
0.0,
0.0,
201.0,
247.0,
35.0,
0.0,
0.0,
0.0,
8.0,
0.0,
0.0,
0.0,
0.0,
0.0,
0.0,
0.0,
0.0,
0.0,
0.0,
0.0,
0.0,
8.0,
6.0,
0.0,
0.0,
14.0,
3.0,
0.0,
21.0,
34.0,
225.0,
223.0,
0.0,
7.0,
10.0,
0.0,
4.0,
0.0,
0.0,
0.0,
0.0,
0.0,
0.0,
0.0,
0.0,
0.0,
0.0,
0.0,
0.0,
0.0,
0.0,
10.0,
10.0,
0.0,
0.0,
4.0,
0.0,
59.0,
255.0,
230.0,
0.0,
7.0,
0.0,
2.0,
0.0,
0.0,
0.0,
0.0,
0.0,
0.0,
0.0,
0.0,
0.0,
0.0,
0.0,
0.0,
0.0,
0.0,
0.0,
0.0,
0.0,
0.0,
0.0,
0.0,
0.0,
52.0,
255.0,
178.0,
4.0,
3.0,
0.0,
0.0,
0.0,
0.0,
0.0,
0.0,
0.0,
0.0,
0.0,
0.0,
0.0,
0.0,
0.0,
0.0,
0.0,
0.0,
0.0,
0.0,
0.0,
0.0,
0.0,
0.0,
0.0,
37.0,
169.0,
96.0,
0.0,
5.0,
3.0,
2.0,
0.0,
0.0,
0.0,
0.0,
0.0,
0.0,
0.0,
0.0,
0.0,
0.0,
0.0,
0.0,
0.0,
0.0,
0.0,
0.0,
0.0,
0.0,
0.0,
0.0,
0.0,
0.0,
18.0,
0.0,
0.0,
0.0,
1.0,
9.0,
3.0,
0.0,
0.0,
0.0,
0.0,
0.0,
0.0,
0.0,
0.0,
0.0,
0.0,
0.0,
0.0,
0.0,
0.0,
0.0,
0.0,
0.0,
0.0,
0.0,
0.0,
4.0,
0.0,
0.0,
8.0,
0.0,
0.0,
0.0,
3.0,
0.0,
0.0,
0.0,
0.0,
