0.0,
0.0,
0.0,
0.0,
0.0,
0.0,
0.0,
0.0,
3.0,
2.0,
0.0,
0.0,
0.0,
0.0,
1.0,
3.0,
0.0,
4.0,
4.0,
0.0,
0.0,
0.0,
0.0,
0.0,
0.0,
0.0,
0.0,
0.0,
0.0,
0.0,
0.0,
0.0,
0.0,
0.0,
0.0,
0.0,
0.0,
0.0,
2.0,
5.0,
4.0,
1.0,
0.0,
0.0,
0.0,
0.0,
0.0,
9.0,
9.0,
0.0,
0.0,
0.0,
0.0,
0.0,
0.0,
0.0,
0.0,
0.0,
0.0,
0.0,
0.0,
0.0,
0.0,
0.0,
2.0,
1.0,
0.0,
0.0,
0.0,
1.0,
9.0,
14.0,
6.0,
0.0,
0.0,
0.0,
0.0,
0.0,
1.0,
6.0,
0.0,
0.0,
0.0,
0.0,
0.0,
0.0,
0.0,
0.0,
0.0,
0.0,
0.0,
0.0,
1.0,
0.0,
1.0,
1.0,
1.0,
0.0,
0.0,
0.0,
0.0,
9.0,
9.0,
0.0,
0.0,
7.0,
2.0,
0.0,
0.0,
0.0,
0.0,
0.0,
0.0,
0.0,
0.0,
0.0,
0.0,
0.0,
0.0,
0.0,
1.0,
0.0,
0.0,
0.0,
5.0,
8.0,
6.0,
3.0,
0.0,
0.0,
0.0,
0.0,
0.0,
5.0,
6.0,
1.0,
0.0,
0.0,
0.0,
0.0,
0.0,
0.0,
0.0,
0.0,
0.0,
0.0,
0.0,
0.0,
3.0,
1.0,
0.0,
0.0,
0.0,
0.0,
0.0,
0.0,
12.0,
3.0,
2.0,
7.0,
3.0,
0.0,
0.0,
3.0,
0.0,
0.0,
0.0,
0.0,
0.0,
0.0,
0.0,
0.0,
0.0,
0.0,
0.0,
0.0,
0.0,
2.0,
12.0,
10.0,
1.0,
0.0,
0.0,
6.0,
0.0,
1.0,
4.0,
0.0,
0.0,
0.0,
3.0,
3.0,
0.0,
0.0,
0.0,
0.0,
0.0,
0.0,
0.0,
0.0,
0.0,
0.0,
0.0,
0.0,
1.0,
1.0,
0.0,
0.0,
5.0,
57.0,
133.0,
190.0,
255.0,
253.0,
172.0,
46.0,
0.0,
0.0,
13.0,
0.0,
0.0,
0.0,
0.0,
0.0,
1.0,
0.0,
0.0,
8.0,
0.0,
3.0,
0.0,
4.0,
2.0,
3.0,
13.0,
66.0,
190.0,
255.0,
250.0,
254.0,
252.0,
238.0,
255.0,
210.0,
22.0,
3.0,
0.0,
0.0,
0.0,
0.0,
0.0,
0.0,
0.0,
6.0,
4.0,
0.0,
0.0,
17.0,
0.0,
0.0,
2.0,
27.0,
173.0,
255.0,
247.0,
251.0,
248.0,
204.0,
128.0,
151.0,
234.0,
255.0,
144.0,
0.0,
1.0,
12.0,
0.0,
0.0,
0.0,
0.0,
0.0,
8.0,
4.0,
0.0,
0.0,
8.0,
0.0,
8.0,
156.0,
255.0,
255.0,
240.0,
209.0,
84.0,
25.0,
0.0,
0.0,
0.0,
52.0,
213.0,
238.0,
8.0,
2.0,
0.0,
0.0,
0.0,
0.0,
0.0,
6.0,
0.0,
0.0,
4.0,
0.0,
0.0,
0.0,
95.0,
255.0,
246.0,
214.0,
97.0,
4.0,
0.0,
0.0,
3.0,
4.0,
7.0,
12.0,
202.0,
239.0,
5.0,
0.0,
8.0,
0.0,
0.0,
0.0,
0.0,
6.0,
0.0,
0.0,
8.0,
6.0,
0.0,
38.0,
214.0,
238.0,
152.0,
27.0,
0.0,
10.0,
0.0,
1.0,
0.0,
0.0,
18.0,
53.0,
219.0,
255.0,
60.0,
2.0,
1.0,
0.0,
0.0,
0.0,
0.0,
0.0,
1.0,
2.0,
0.0,
0.0,
5.0,
62.0,
255.0,
214.0,
7.0,
0.0,
9.0,
0.0,
0.0,
4.0,
59.0,
137.0,
189.0,
255.0,
255.0,
203.0,
26.0,
0.0,
0.0,
0.0,
0.0,
0.0,
0.0,
0.0,
7.0,
7.0,
0.0,
0.0,
4.0,
50.0,
255.0,
192.0,
32.0,
0.0,
69.0,
93.0,
132.0,
219.0,
230.0,
249.0,
255.0,
255.0,
231.0,
80.0,
0.0,
2.0,
0.0,
0.0,
0.0,
0.0,
0.0,
1.0,
1.0,
1.0,
0.0,
8.0,
6.0,
38.0,
251.0,
247.0,
255.0,
228.0,
231.0,
255.0,
250.0,
218.0,
195.0,
104.0,
184.0,
228.0,
240.0,
14.0,
0.0,
0.0,
0.0,
0.0,
0.0,
0.0,
0.0,
1.0,
0.0,
4.0,
4.0,
6.0,
0.0,
12.0,
171.0,
240.0,
255.0,
253.0,
217.0,
157.0,
60.0,
0.0,
0.0,
1.0,
209.0,
255.0,
64.0,
17.0,
0.0,
0.0,
6.0,
0.0,
0.0,
0.0,
0.0,
3.0,
0.0,
2.0,
0.0,
12.0,
10.0,
0.0,
39.0,
52.0,
45.0,
32.0,
9.0,
8.0,
1.0,
19.0,
0.0,
95.0,
255.0,
193.0,
23.0,
0.0,
5.0,
0.0,
3.0,
0.0,
0.0,
0.0,
0.0,
0.0,
1.0,
11.0,
0.0,
0.0,
13.0,
0.0,
0.0,
0.0,
0.0,
7.0,
0.0,
0.0,
0.0,
0.0,
11.0,
203.0,
255.0,
109.0,
0.0,
0.0,
7.0,
2.0,
0.0,
0.0,
0.0,
0.0,
0.0,
0.0,
0.0,
11.0,
0.0,
0.0,
1.0,
0.0,
13.0,
0.0,
0.0,
6.0,
3.0,
5.0,
18.0,
0.0,
158.0,
252.0,
210.0,
40.0,
2.0,
0.0,
2.0,
1.0,
0.0,
0.0,
0.0,
0.0,
0.0,
3.0,
0.0,
1.0,
7.0,
2.0,
5.0,
0.0,
0.0,
20.0,
1.0,
0.0,
0.0,
0.0,
0.0,
41.0,
229.0,
255.0,
98.0,
0.0,
4.0,
3.0,
0.0,
0.0,
1.0,
0.0,
0.0,
0.0,
0.0,
2.0,
0.0,
3.0,
0.0,
0.0,
4.0,
4.0,
0.0,
0.0,
0.0,
1.0,
8.0,
6.0,
0.0,
191.0,
255.0,
232.0,
33.0,
0.0,
1.0,
5.0,
0.0,
0.0,
0.0,
0.0,
0.0,
0.0,
0.0,
0.0,
8.0,
5.0,
0.0,
0.0,
0.0,
7.0,
7.0,
0.0,
5.0,
4.0,
0.0,
0.0,
55.0,
253.0,
244.0,
135.0,
10.0,
1.0,
2.0,
0.0,
1.0,
0.0,
0.0,
0.0,
0.0,
0.0,
0.0,
0.0,
0.0,
0.0,
2.0,
9.0,
0.0,
0.0,
0.0,
0.0,
2.0,
0.0,
1.0,
11.0,
182.0,
252.0,
230.0,
10.0,
0.0,
6.0,
1.0,
0.0,
4.0,
0.0,
7.0,
0.0,
0.0,
0.0,
0.0,
0.0,
0.0,
0.0,
0.0,
0.0,
0.0,
0.0,
0.0,
13.0,
0.0,
0.0,
6.0,
23.0,
232.0,
245.0,
74.0,
0.0,
0.0,
0.0,
0.0,
0.0,
0.0,
0.0,
0.0,
0.0,
0.0,
0.0,
0.0,
0.0,
0.0,
0.0,
0.0,
0.0,
0.0,
0.0,
0.0,
0.0,
0.0,
8.0,
0.0,
53.0,
255.0,
217.0,
25.0,
0.0,
0.0,
0.0,
0.0,
0.0,
0.0,
0.0,
0.0,
0.0,
0.0,
0.0,
0.0,
0.0,
0.0,
0.0,
0.0,
0.0,
0.0,
0.0,
0.0,
1.0,
4.0,
0.0,
12.0,
141.0,
253.0,
87.0,
0.0,
0.0,
0.0,
0.0,
0.0,
0.0,
0.0,
0.0,
0.0,
0.0,
0.0,
0.0,
0.0,
0.0,
0.0,
0.0,
0.0,
0.0,
0.0,
0.0,
0.0,
3.0,
0.0,
0.0,
0.0,
0.0,
6.0,
0.0,
28.0,
0.0,
0.0,
0.0,
0.0,
0.0,
0.0,
0.0,
0.0,
0.0,
0.0,
0.0,
0.0,
