0.0,
0.0,
0.0,
0.0,
0.0,
0.0,
0.0,
0.0,
0.0,
2.0,
7.0,
0.0,
5.0,
0.0,
0.0,
3.0,
8.0,
0.0,
0.0,
6.0,
0.0,
9.0,
0.0,
0.0,
0.0,
0.0,
0.0,
0.0,
0.0,
0.0,
0.0,
0.0,
0.0,
0.0,
0.0,
0.0,
0.0,
6.0,
0.0,
0.0,
1.0,
5.0,
0.0,
0.0,
0.0,
0.0,
18.0,
0.0,
2.0,
9.0,
9.0,
0.0,
0.0,
0.0,
0.0,
0.0,
0.0,
0.0,
0.0,
0.0,
0.0,
0.0,
0.0,
0.0,
0.0,
0.0,
0.0,
0.0,
2.0,
0.0,
0.0,
7.0,
6.0,
0.0,
0.0,
6.0,
0.0,
0.0,
0.0,
12.0,
0.0,
0.0,
0.0,
0.0,
0.0,
0.0,
0.0,
0.0,
0.0,
0.0,
0.0,
0.0,
7.0,
3.0,
9.0,
0.0,
15.0,
0.0,
3.0,
4.0,
7.0,
0.0,
3.0,
0.0,
0.0,
13.0,
11.0,
0.0,
0.0,
0.0,
0.0,
0.0,
0.0,
0.0,
0.0,
0.0,
0.0,
0.0,
0.0,
0.0,
0.0,
0.0,
0.0,
0.0,
13.0,
5.0,
0.0,
0.0,
0.0,
0.0,
14.0,
2.0,
13.0,
0.0,
4.0,
0.0,
0.0,
0.0,
0.0,
0.0,
0.0,
0.0,
0.0,
0.0,
0.0,
0.0,
0.0,
0.0,
3.0,
15.0,
5.0,
17.0,
0.0,
0.0,
0.0,
8.0,
11.0,
9.0,
0.0,
13.0,
0.0,
2.0,
0.0,
2.0,
0.0,
0.0,
0.0,
0.0,
0.0,
0.0,
0.0,
0.0,
0.0,
0.0,
0.0,
0.0,
0.0,
0.0,
1.0,
0.0,
0.0,
0.0,
24.0,
59.0,
176.0,
255.0,
247.0,
186.0,
18.0,
2.0,
0.0,
9.0,
0.0,
0.0,
0.0,
0.0,
0.0,
0.0,
0.0,
0.0,
0.0,
0.0,
0.0,
0.0,
20.0,
0.0,
15.0,
0.0,
130.0,
139.0,
240.0,
255.0,
255.0,
239.0,
255.0,
245.0,
185.0,
6.0,
0.0,
0.0,
0.0,
0.0,
0.0,
0.0,
0.0,
0.0,
6.0,
2.0,
7.0,
0.0,
0.0,
6.0,
6.0,
3.0,
0.0,
255.0,
244.0,
255.0,
253.0,
251.0,
255.0,
192.0,
192.0,
255.0,
252.0,
138.0,
0.0,
0.0,
0.0,
0.0,
0.0,
0.0,
13.0,
0.0,
7.0,
0.0,
0.0,
9.0,
16.0,
0.0,
0.0,
127.0,
255.0,
255.0,
253.0,
253.0,
133.0,
69.0,
0.0,
0.0,
0.0,
132.0,
255.0,
66.0,
2.0,
6.0,
0.0,
0.0,
0.0,
0.0,
0.0,
0.0,
8.0,
3.0,
0.0,
1.0,
0.0,
0.0,
132.0,
250.0,
255.0,
255.0,
187.0,
67.0,
0.0,
0.0,
0.0,
25.0,
1.0,
6.0,
126.0,
0.0,
9.0,
0.0,
0.0,
0.0,
0.0,
0.0,
0.0,
10.0,
0.0,
0.0,
14.0,
0.0,
5.0,
137.0,
254.0,
249.0,
182.0,
139.0,
0.0,
0.0,
5.0,
11.0,
18.0,
0.0,
122.0,
185.0,
255.0,
0.0,
0.0,
6.0,
0.0,
0.0,
0.0,
0.0,
0.0,
9.0,
0.0,
0.0,
0.0,
0.0,
66.0,
253.0,
255.0,
255.0,
138.0,
0.0,
0.0,
5.0,
6.0,
0.0,
0.0,
10.0,
128.0,
255.0,
247.0,
138.0,
15.0,
0.0,
0.0,
0.0,
0.0,
0.0,
0.0,
0.0,
4.0,
12.0,
0.0,
71.0,
170.0,
255.0,
253.0,
62.0,
5.0,
9.0,
21.0,
0.0,
14.0,
0.0,
53.0,
139.0,
251.0,
250.0,
185.0,
0.0,
0.0,
6.0,
0.0,
0.0,
0.0,
0.0,
2.0,
0.0,
0.0,
0.0,
11.0,
192.0,
255.0,
249.0,
198.0,
0.0,
0.0,
2.0,
0.0,
11.0,
0.0,
70.0,
202.0,
247.0,
255.0,
254.0,
134.0,
3.0,
10.0,
0.0,
0.0,
0.0,
0.0,
0.0,
0.0,
12.0,
0.0,
0.0,
65.0,
254.0,
244.0,
135.0,
0.0,
16.0,
6.0,
0.0,
1.0,
62.0,
191.0,
255.0,
252.0,
255.0,
252.0,
255.0,
45.0,
3.0,
6.0,
0.0,
0.0,
0.0,
0.0,
0.0,
3.0,
0.0,
6.0,
3.0,
53.0,
255.0,
248.0,
126.0,
0.0,
0.0,
7.0,
0.0,
54.0,
191.0,
249.0,
255.0,
255.0,
183.0,
255.0,
231.0,
14.0,
0.0,
0.0,
9.0,
0.0,
0.0,
0.0,
0.0,
8.0,
0.0,
0.0,
12.0,
134.0,
242.0,
255.0,
198.0,
142.0,
177.0,
250.0,
255.0,
255.0,
255.0,
189.0,
132.0,
0.0,
137.0,
255.0,
209.0,
0.0,
14.0,
21.0,
0.0,
0.0,
0.0,
0.0,
0.0,
0.0,
0.0,
22.0,
0.0,
0.0,
255.0,
240.0,
250.0,
242.0,
255.0,
255.0,
242.0,
110.0,
70.0,
0.0,
0.0,
7.0,
189.0,
253.0,
241.0,
8.0,
0.0,
0.0,
4.0,
0.0,
0.0,
0.0,
0.0,
0.0,
1.0,
0.0,
0.0,
9.0,
0.0,
251.0,
255.0,
255.0,
144.0,
106.0,
0.0,
24.0,
0.0,
18.0,
0.0,
64.0,
255.0,
255.0,
195.0,
11.0,
0.0,
0.0,
2.0,
0.0,
0.0,
0.0,
0.0,
0.0,
15.0,
0.0,
0.0,
17.0,
4.0,
22.0,
0.0,
0.0,
0.0,
10.0,
3.0,
0.0,
0.0,
0.0,
11.0,
68.0,
253.0,
251.0,
120.0,
1.0,
9.0,
0.0,
0.0,
0.0,
0.0,
0.0,
0.0,
0.0,
0.0,
9.0,
7.0,
0.0,
2.0,
0.0,
2.0,
3.0,
0.0,
12.0,
0.0,
12.0,
0.0,
4.0,
61.0,
186.0,
255.0,
209.0,
64.0,
6.0,
0.0,
0.0,
7.0,
0.0,
0.0,
0.0,
0.0,
11.0,
0.0,
0.0,
11.0,
0.0,
0.0,
13.0,
1.0,
0.0,
7.0,
0.0,
5.0,
0.0,
9.0,
0.0,
127.0,
255.0,
246.0,
132.0,
0.0,
0.0,
4.0,
9.0,
2.0,
0.0,
0.0,
0.0,
0.0,
0.0,
10.0,
0.0,
0.0,
14.0,
0.0,
3.0,
0.0,
0.0,
4.0,
8.0,
0.0,
9.0,
0.0,
65.0,
255.0,
251.0,
194.0,
66.0,
0.0,
8.0,
0.0,
0.0,
0.0,
0.0,
0.0,
0.0,
0.0,
0.0,
0.0,
0.0,
0.0,
0.0,
0.0,
0.0,
0.0,
6.0,
0.0,
0.0,
21.0,
0.0,
0.0,
142.0,
251.0,
255.0,
183.0,
5.0,
0.0,
12.0,
0.0,
22.0,
0.0,
0.0,
0.0,
0.0,
0.0,
0.0,
0.0,
0.0,
0.0,
0.0,
0.0,
0.0,
0.0,
0.0,
8.0,
0.0,
0.0,
4.0,
88.0,
229.0,
255.0,
174.0,
2.0,
0.0,
8.0,
0.0,
7.0,
0.0,
21.0,
0.0,
0.0,
0.0,
0.0,
0.0,
0.0,
0.0,
0.0,
0.0,
0.0,
0.0,
0.0,
0.0,
10.0,
5.0,
9.0,
0.0,
0.0,
17.0,
0.0,
19.0,
0.0,
11.0,
0.0,
0.0,
23.0,
0.0,
0.0,
0.0,
0.0,
0.0,
0.0,
0.0,
0.0,
0.0,
0.0,
0.0,
0.0,
0.0,
0.0,
12.0,
0.0,
0.0,
8.0,
0.0,
0.0,
5.0,
8.0,
0.0,
23.0,
0.0,
7.0,
14.0,
0.0,
4.0,
0.0,
0.0,
0.0,
0.0,
0.0,
