0.0,
0.0,
0.0,
0.0,
0.0,
0.0,
0.0,
0.0,
0.0,
0.0,
0.0,
0.0,
0.0,
0.0,
0.0,
0.0,
0.0,
0.0,
0.0,
0.0,
0.0,
0.0,
0.0,
0.0,
0.0,
0.0,
0.0,
0.0,
0.0,
0.0,
0.0,
0.0,
0.0,
0.0,
0.0,
0.0,
0.0,
0.0,
0.0,
0.0,
0.0,
0.0,
0.0,
0.0,
0.0,
0.0,
0.0,
0.0,
0.0,
0.0,
0.0,
0.0,
0.0,
0.0,
0.0,
0.0,
0.0,
0.0,
0.0,
0.0,
0.0,
0.0,
0.0,
0.0,
0.0,
0.0,
0.0,
0.0,
0.0,
0.0,
0.0,
0.0,
0.0,
0.0,
0.0,
0.0,
0.0,
0.0,
0.0,
0.0,
0.0,
0.0,
0.0,
0.0,
0.0,
0.0,
0.0,
0.0,
0.0,
0.0,
0.0,
0.0,
0.0,
0.0,
0.0,
0.0,
0.0,
0.0,
0.0,
0.0,
0.0,
0.0,
0.0,
0.0,
0.0,
0.0,
0.0,
0.0,
0.0,
0.0,
0.0,
0.0,
0.0,
0.0,
0.0,
0.0,
0.0,
0.0,
0.0,
0.0,
0.0,
0.0,
0.0,
0.0,
0.0,
0.0,
0.0,
0.0,
0.0,
0.0,
0.0,
0.0,
0.0,
0.0,
0.0,
0.0,
0.0,
0.0,
0.0,
0.0,
0.0,
0.0,
0.0,
0.0,
0.0,
0.0,
0.0,
0.0,
0.0,
0.0,
0.0,
0.0,
0.0,
0.0,
0.0,
0.0,
0.0,
0.0,
0.0,
0.0,
0.0,
0.0,
0.0,
0.0,
0.0,
0.0,
0.0,
0.0,
0.0,
0.0,
0.0,
0.0,
0.0,
0.0,
0.0,
0.0,
0.0,
0.0,
0.0,
0.0,
0.0,
0.0,
0.0,
0.0,
0.0,
0.0,
0.0,
0.0,
0.0,
0.0,
0.0,
0.0,
0.0,
0.0,
0.0,
0.0,
0.0,
0.0,
0.0,
0.0,
0.0,
0.0,
0.0,
0.0,
0.0,
0.0,
0.0,
0.0,
0.0,
0.0,
0.0,
0.0,
0.0,
0.0,
0.0,
0.0,
0.0,
0.0,
0.0,
0.0,
0.0,
0.0,
0.0,
0.0,
4.0,
0.0,
0.0,
0.0,
2.0,
1.0,
0.0,
3.0,
0.0,
3.0,
30.0,
113.0,
232.0,
250.0,
255.0,
252.0,
249.0,
191.0,
150.0,
118.0,
18.0,
0.0,
0.0,
10.0,
0.0,
0.0,
0.0,
0.0,
1.0,
1.0,
0.0,
3.0,
0.0,
0.0,
0.0,
0.0,
0.0,
162.0,
248.0,
255.0,
232.0,
185.0,
156.0,
164.0,
247.0,
247.0,
255.0,
255.0,
179.0,
6.0,
0.0,
0.0,
0.0,
0.0,
0.0,
0.0,
0.0,
6.0,
0.0,
7.0,
0.0,
5.0,
6.0,
26.0,
193.0,
243.0,
215.0,
141.0,
24.0,
0.0,
0.0,
0.0,
0.0,
164.0,
255.0,
255.0,
252.0,
54.0,
24.0,
0.0,
0.0,
0.0,
0.0,
0.0,
0.0,
5.0,
0.0,
6.0,
0.0,
11.0,
12.0,
138.0,
247.0,
197.0,
61.0,
1.0,
0.0,
10.0,
58.0,
149.0,
210.0,
254.0,
241.0,
249.0,
255.0,
62.0,
0.0,
0.0,
0.0,
0.0,
0.0,
0.0,
0.0,
0.0,
4.0,
0.0,
0.0,
9.0,
7.0,
239.0,
251.0,
128.0,
56.0,
84.0,
143.0,
184.0,
247.0,
255.0,
255.0,
250.0,
255.0,
245.0,
109.0,
11.0,
0.0,
9.0,
0.0,
0.0,
0.0,
0.0,
3.0,
0.0,
9.0,
0.0,
0.0,
1.0,
0.0,
228.0,
245.0,
255.0,
255.0,
248.0,
255.0,
241.0,
238.0,
232.0,
128.0,
91.0,
225.0,
247.0,
40.0,
0.0,
0.0,
0.0,
0.0,
0.0,
0.0,
0.0,
4.0,
0.0,
7.0,
0.0,
0.0,
0.0,
0.0,
109.0,
234.0,
245.0,
253.0,
235.0,
182.0,
128.0,
80.0,
0.0,
0.0,
112.0,
255.0,
146.0,
0.0,
0.0,
20.0,
0.0,
0.0,
0.0,
0.0,
0.0,
1.0,
0.0,
2.0,
5.0,
1.0,
2.0,
6.0,
0.0,
8.0,
18.0,
9.0,
30.0,
3.0,
0.0,
0.0,
2.0,
13.0,
176.0,
247.0,
49.0,
19.0,
0.0,
0.0,
2.0,
0.0,
0.0,
0.0,
0.0,
0.0,
0.0,
0.0,
0.0,
0.0,
0.0,
0.0,
0.0,
5.0,
0.0,
0.0,
0.0,
0.0,
0.0,
0.0,
4.0,
92.0,
241.0,
241.0,
0.0,
6.0,
8.0,
0.0,
13.0,
0.0,
0.0,
0.0,
0.0,
0.0,
0.0,
0.0,
0.0,
0.0,
0.0,
0.0,
0.0,
0.0,
0.0,
0.0,
10.0,
4.0,
5.0,
0.0,
0.0,
122.0,
255.0,
200.0,
13.0,
0.0,
8.0,
5.0,
0.0,
0.0,
0.0,
0.0,
0.0,
0.0,
0.0,
0.0,
0.0,
0.0,
0.0,
0.0,
0.0,
0.0,
9.0,
0.0,
0.0,
0.0,
0.0,
0.0,
13.0,
184.0,
253.0,
72.0,
2.0,
7.0,
6.0,
0.0,
6.0,
0.0,
0.0,
0.0,
0.0,
0.0,
0.0,
0.0,
0.0,
0.0,
0.0,
0.0,
0.0,
0.0,
3.0,
0.0,
0.0,
4.0,
16.0,
2.0,
113.0,
255.0,
188.0,
0.0,
14.0,
0.0,
0.0,
10.0,
0.0,
0.0,
0.0,
0.0,
0.0,
0.0,
0.0,
0.0,
0.0,
0.0,
0.0,
0.0,
0.0,
0.0,
0.0,
6.0,
0.0,
13.0,
3.0,
0.0,
171.0,
250.0,
168.0,
7.0,
0.0,
2.0,
1.0,
0.0,
12.0,
0.0,
0.0,
0.0,
0.0,
0.0,
0.0,
0.0,
0.0,
0.0,
0.0,
0.0,
0.0,
8.0,
0.0,
5.0,
0.0,
0.0,
0.0,
38.0,
209.0,
221.0,
51.0,
2.0,
8.0,
0.0,
0.0,
6.0,
0.0,
0.0,
0.0,
0.0,
0.0,
0.0,
0.0,
0.0,
0.0,
0.0,
0.0,
0.0,
0.0,
5.0,
0.0,
0.0,
0.0,
0.0,
24.0,
188.0,
255.0,
167.0,
0.0,
0.0,
0.0,
17.0,
3.0,
0.0,
1.0,
0.0,
0.0,
0.0,
0.0,
0.0,
0.0,
0.0,
0.0,
0.0,
0.0,
0.0,
0.0,
0.0,
2.0,
0.0,
11.0,
0.0,
36.0,
255.0,
243.0,
140.0,
0.0,
15.0,
12.0,
0.0,
2.0,
14.0,
0.0,
0.0,
0.0,
0.0,
0.0,
0.0,
0.0,
0.0,
0.0,
0.0,
0.0,
0.0,
0.0,
0.0,
1.0,
5.0,
0.0,
0.0,
176.0,
247.0,
245.0,
29.0,
12.0,
0.0,
0.0,
3.0,
2.0,
0.0,
0.0,
0.0,
0.0,
0.0,
0.0,
0.0,
0.0,
0.0,
0.0,
0.0,
0.0,
0.0,
0.0,
1.0,
2.0,
2.0,
1.0,
20.0,
230.0,
253.0,
172.0,
11.0,
1.0,
0.0,
0.0,
3.0,
2.0,
0.0,
0.0,
0.0,
0.0,
0.0,
0.0,
0.0,
0.0,
0.0,
0.0,
0.0,
0.0,
0.0,
0.0,
2.0,
0.0,
0.0,
1.0,
28.0,
255.0,
242.0,
79.0,
0.0,
0.0,
0.0,
0.0,
3.0,
1.0,
0.0,
0.0,
0.0,
0.0,
0.0,
0.0,
0.0,
0.0,
0.0,
0.0,
0.0,
0.0,
0.0,
0.0,
0.0,
0.0,
1.0,
0.0,
6.0,
250.0,
221.0,
26.0,
0.0,
0.0,
2.0,
4.0,
2.0,
0.0,
0.0,
0.0,
0.0,
0.0,
0.0,
0.0,
