0.0,
0.0,
0.0,
0.0,
0.0,
0.0,
0.0,
0.0,
0.0,
0.0,
5.0,
4.0,
0.0,
0.0,
0.0,
4.0,
2.0,
0.0,
9.0,
0.0,
0.0,
12.0,
1.0,
0.0,
0.0,
0.0,
0.0,
0.0,
0.0,
0.0,
0.0,
0.0,
0.0,
0.0,
0.0,
0.0,
1.0,
5.0,
1.0,
0.0,
4.0,
17.0,
10.0,
0.0,
6.0,
0.0,
3.0,
0.0,
9.0,
6.0,
0.0,
5.0,
0.0,
0.0,
0.0,
0.0,
0.0,
0.0,
0.0,
0.0,
0.0,
0.0,
0.0,
0.0,
9.0,
0.0,
0.0,
0.0,
0.0,
0.0,
0.0,
8.0,
0.0,
0.0,
19.0,
0.0,
0.0,
0.0,
2.0,
0.0,
0.0,
0.0,
0.0,
0.0,
0.0,
0.0,
0.0,
0.0,
0.0,
0.0,
0.0,
1.0,
0.0,
1.0,
4.0,
0.0,
5.0,
18.0,
9.0,
0.0,
14.0,
0.0,
0.0,
0.0,
8.0,
2.0,
0.0,
0.0,
0.0,
0.0,
0.0,
0.0,
0.0,
0.0,
0.0,
0.0,
0.0,
1.0,
1.0,
2.0,
7.0,
7.0,
6.0,
1.0,
0.0,
0.0,
0.0,
7.0,
0.0,
12.0,
0.0,
0.0,
12.0,
4.0,
0.0,
7.0,
0.0,
0.0,
0.0,
0.0,
0.0,
0.0,
0.0,
0.0,
1.0,
2.0,
2.0,
2.0,
2.0,
0.0,
0.0,
0.0,
4.0,
3.0,
2.0,
1.0,
8.0,
0.0,
0.0,
8.0,
0.0,
0.0,
17.0,
0.0,
0.0,
0.0,
0.0,
0.0,
0.0,
0.0,
0.0,
0.0,
1.0,
2.0,
3.0,
3.0,
5.0,
1.0,
0.0,
11.0,
119.0,
237.0,
255.0,
207.0,
154.0,
43.0,
0.0,
13.0,
13.0,
0.0,
3.0,
0.0,
0.0,
0.0,
0.0,
0.0,
0.0,
0.0,
0.0,
1.0,
2.0,
2.0,
3.0,
4.0,
1.0,
0.0,
61.0,
189.0,
251.0,
212.0,
164.0,
159.0,
206.0,
254.0,
97.0,
0.0,
10.0,
11.0,
0.0,
8.0,
0.0,
0.0,
0.0,
0.0,
0.0,
4.0,
4.0,
0.0,
0.0,
0.0,
11.0,
0.0,
0.0,
121.0,
231.0,
231.0,
121.0,
11.0,
0.0,
4.0,
19.0,
202.0,
151.0,
0.0,
1.0,
3.0,
0.0,
1.0,
0.0,
0.0,
0.0,
0.0,
1.0,
0.0,
0.0,
0.0,
4.0,
3.0,
0.0,
0.0,
124.0,
249.0,
180.0,
60.0,
0.0,
0.0,
0.0,
0.0,
0.0,
150.0,
172.0,
2.0,
3.0,
10.0,
0.0,
0.0,
0.0,
0.0,
0.0,
0.0,
5.0,
0.0,
0.0,
0.0,
8.0,
5.0,
0.0,
19.0,
218.0,
167.0,
0.0,
0.0,
0.0,
10.0,
0.0,
21.0,
9.0,
145.0,
206.0,
3.0,
0.0,
4.0,
1.0,
5.0,
0.0,
0.0,
0.0,
0.0,
1.0,
0.0,
7.0,
0.0,
0.0,
0.0,
0.0,
82.0,
250.0,
108.0,
0.0,
16.0,
0.0,
4.0,
0.0,
0.0,
105.0,
233.0,
255.0,
19.0,
0.0,
0.0,
3.0,
0.0,
0.0,
0.0,
0.0,
0.0,
2.0,
0.0,
8.0,
0.0,
0.0,
0.0,
7.0,
104.0,
255.0,
54.0,
0.0,
14.0,
0.0,
0.0,
6.0,
18.0,
124.0,
255.0,
217.0,
13.0,
8.0,
0.0,
8.0,
0.0,
0.0,
0.0,
0.0,
0.0,
8.0,
0.0,
2.0,
0.0,
1.0,
1.0,
4.0,
63.0,
238.0,
86.0,
0.0,
0.0,
2.0,
4.0,
0.0,
8.0,
148.0,
254.0,
124.0,
0.0,
5.0,
0.0,
11.0,
0.0,
0.0,
0.0,
0.0,
0.0,
6.0,
0.0,
0.0,
2.0,
3.0,
0.0,
1.0,
15.0,
242.0,
161.0,
23.0,
0.0,
4.0,
4.0,
86.0,
227.0,
248.0,
255.0,
66.0,
4.0,
0.0,
0.0,
1.0,
0.0,
0.0,
0.0,
0.0,
0.0,
0.0,
0.0,
0.0,
6.0,
0.0,
0.0,
5.0,
0.0,
122.0,
247.0,
169.0,
133.0,
129.0,
198.0,
255.0,
249.0,
255.0,
209.0,
5.0,
7.0,
0.0,
8.0,
0.0,
3.0,
0.0,
0.0,
0.0,
0.0,
0.0,
0.0,
0.0,
0.0,
0.0,
0.0,
0.0,
0.0,
4.0,
99.0,
197.0,
203.0,
252.0,
200.0,
157.0,
167.0,
255.0,
118.0,
0.0,
1.0,
0.0,
3.0,
7.0,
0.0,
0.0,
0.0,
0.0,
0.0,
0.0,
0.0,
0.0,
0.0,
0.0,
0.0,
0.0,
0.0,
0.0,
0.0,
17.0,
0.0,
13.0,
1.0,
9.0,
163.0,
255.0,
100.0,
0.0,
8.0,
0.0,
0.0,
0.0,
0.0,
0.0,
0.0,
0.0,
0.0,
0.0,
0.0,
0.0,
0.0,
0.0,
0.0,
0.0,
0.0,
13.0,
0.0,
1.0,
5.0,
0.0,
0.0,
0.0,
219.0,
231.0,
48.0,
0.0,
3.0,
6.0,
0.0,
0.0,
4.0,
0.0,
0.0,
0.0,
0.0,
0.0,
0.0,
0.0,
0.0,
0.0,
0.0,
0.0,
0.0,
0.0,
0.0,
0.0,
6.0,
7.0,
7.0,
34.0,
238.0,
168.0,
2.0,
0.0,
0.0,
5.0,
0.0,
0.0,
7.0,
0.0,
0.0,
0.0,
0.0,
0.0,
0.0,
0.0,
0.0,
0.0,
0.0,
0.0,
0.0,
2.0,
8.0,
1.0,
0.0,
0.0,
0.0,
114.0,
255.0,
112.0,
0.0,
3.0,
2.0,
2.0,
0.0,
0.0,
0.0,
0.0,
0.0,
0.0,
0.0,
0.0,
0.0,
0.0,
0.0,
0.0,
0.0,
0.0,
0.0,
0.0,
7.0,
5.0,
0.0,
4.0,
10.0,
192.0,
253.0,
53.0,
0.0,
10.0,
4.0,
0.0,
2.0,
0.0,
0.0,
0.0,
0.0,
0.0,
0.0,
0.0,
0.0,
0.0,
0.0,
0.0,
0.0,
0.0,
0.0,
0.0,
0.0,
0.0,
0.0,
4.0,
58.0,
247.0,
203.0,
8.0,
1.0,
0.0,
2.0,
0.0,
4.0,
0.0,
1.0,
0.0,
0.0,
0.0,
0.0,
0.0,
0.0,
0.0,
0.0,
0.0,
0.0,
0.0,
0.0,
0.0,
0.0,
5.0,
0.0,
15.0,
117.0,
255.0,
118.0,
0.0,
11.0,
0.0,
4.0,
0.0,
4.0,
0.0,
2.0,
0.0,
0.0,
0.0,
0.0,
0.0,
0.0,
0.0,
0.0,
0.0,
0.0,
0.0,
0.0,
10.0,
0.0,
0.0,
17.0,
0.0,
127.0,
255.0,
109.0,
0.0,
0.0,
0.0,
0.0,
0.0,
0.0,
0.0,
0.0,
0.0,
0.0,
0.0,
0.0,
0.0,
0.0,
0.0,
0.0,
0.0,
0.0,
0.0,
0.0,
0.0,
13.0,
2.0,
0.0,
7.0,
141.0,
207.0,
36.0,
0.0,
0.0,
0.0,
0.0,
0.0,
0.0,
0.0,
0.0,
0.0,
0.0,
0.0,
0.0,
0.0,
0.0,
0.0,
0.0,
0.0,
0.0,
0.0,
0.0,
0.0,
0.0,
0.0,
9.0,
0.0,
0.0,
8.0,
0.0,
0.0,
0.0,
0.0,
0.0,
0.0,
0.0,
0.0,
0.0,
0.0,
0.0,
0.0,
0.0,
0.0,
0.0,
0.0,
0.0,
0.0,
0.0,
0.0,
0.0,
5.0,
7.0,
7.0,
4.0,
6.0,
0.0,
0.0,
5.0,
0.0,
0.0,
0.0,
0.0,
0.0,
0.0,
0.0,
0.0,
0.0,
0.0,
0.0,
0.0,
