0.0,
0.0,
0.0,
0.0,
0.0,
0.0,
0.0,
0.0,
5.0,
1.0,
0.0,
0.0,
0.0,
2.0,
4.0,
2.0,
0.0,
1.0,
2.0,
1.0,
0.0,
2.0,
0.0,
0.0,
0.0,
0.0,
0.0,
0.0,
0.0,
0.0,
0.0,
0.0,
0.0,
0.0,
0.0,
0.0,
0.0,
1.0,
10.0,
11.0,
6.0,
0.0,
0.0,
0.0,
11.0,
0.0,
0.0,
0.0,
6.0,
0.0,
0.0,
10.0,
0.0,
0.0,
0.0,
0.0,
0.0,
0.0,
0.0,
0.0,
0.0,
0.0,
0.0,
0.0,
8.0,
2.0,
0.0,
0.0,
1.0,
4.0,
5.0,
3.0,
0.0,
0.0,
8.0,
0.0,
13.0,
0.0,
1.0,
0.0,
0.0,
0.0,
0.0,
0.0,
0.0,
0.0,
0.0,
0.0,
0.0,
0.0,
0.0,
0.0,
2.0,
0.0,
0.0,
0.0,
0.0,
0.0,
0.0,
0.0,
2.0,
4.0,
2.0,
0.0,
0.0,
0.0,
2.0,
0.0,
0.0,
0.0,
0.0,
0.0,
0.0,
0.0,
0.0,
0.0,
0.0,
0.0,
0.0,
0.0,
0.0,
0.0,
1.0,
4.0,
1.0,
0.0,
6.0,
18.0,
0.0,
0.0,
0.0,
5.0,
1.0,
8.0,
5.0,
12.0,
0.0,
0.0,
0.0,
0.0,
0.0,
0.0,
0.0,
0.0,
0.0,
0.0,
0.0,
0.0,
7.0,
0.0,
0.0,
0.0,
1.0,
0.0,
0.0,
0.0,
0.0,
13.0,
12.0,
0.0,
0.0,
1.0,
0.0,
0.0,
0.0,
0.0,
0.0,
0.0,
0.0,
0.0,
0.0,
0.0,
0.0,
0.0,
0.0,
0.0,
1.0,
0.0,
0.0,
5.0,
5.0,
0.0,
2.0,
12.0,
0.0,
0.0,
9.0,
0.0,
14.0,
0.0,
9.0,
11.0,
0.0,
0.0,
0.0,
0.0,
0.0,
0.0,
0.0,
0.0,
0.0,
0.0,
0.0,
0.0,
0.0,
4.0,
8.0,
0.0,
0.0,
44.0,
155.0,
254.0,
255.0,
179.0,
229.0,
244.0,
236.0,
29.0,
0.0,
1.0,
0.0,
0.0,
0.0,
0.0,
0.0,
1.0,
8.0,
0.0,
3.0,
0.0,
11.0,
0.0,
6.0,
5.0,
0.0,
17.0,
97.0,
255.0,
255.0,
195.0,
188.0,
255.0,
254.0,
255.0,
252.0,
33.0,
0.0,
8.0,
0.0,
0.0,
0.0,
0.0,
0.0,
0.0,
1.0,
0.0,
5.0,
0.0,
14.0,
2.0,
0.0,
0.0,
10.0,
149.0,
255.0,
239.0,
95.0,
8.0,
182.0,
249.0,
249.0,
255.0,
188.0,
6.0,
1.0,
0.0,
0.0,
0.0,
0.0,
0.0,
4.0,
0.0,
0.0,
3.0,
7.0,
0.0,
14.0,
0.0,
4.0,
0.0,
193.0,
255.0,
228.0,
22.0,
0.0,
26.0,
234.0,
255.0,
252.0,
242.0,
59.0,
9.0,
1.0,
7.0,
0.0,
0.0,
0.0,
0.0,
3.0,
1.0,
0.0,
3.0,
5.0,
0.0,
7.0,
0.0,
6.0,
167.0,
255.0,
146.0,
38.0,
6.0,
0.0,
147.0,
255.0,
248.0,
253.0,
70.0,
0.0,
0.0,
4.0,
0.0,
0.0,
0.0,
0.0,
0.0,
0.0,
4.0,
0.0,
0.0,
1.0,
0.0,
0.0,
7.0,
128.0,
255.0,
222.0,
17.0,
0.0,
0.0,
12.0,
166.0,
255.0,
246.0,
168.0,
0.0,
11.0,
4.0,
15.0,
2.0,
0.0,
0.0,
0.0,
0.0,
0.0,
1.0,
3.0,
0.0,
0.0,
2.0,
0.0,
73.0,
255.0,
255.0,
27.0,
0.0,
1.0,
6.0,
3.0,
212.0,
239.0,
225.0,
4.0,
8.0,
0.0,
12.0,
0.0,
1.0,
0.0,
0.0,
0.0,
0.0,
2.0,
0.0,
7.0,
0.0,
0.0,
1.0,
1.0,
172.0,
251.0,
95.0,
20.0,
0.0,
1.0,
60.0,
186.0,
255.0,
255.0,
156.0,
0.0,
3.0,
7.0,
0.0,
7.0,
4.0,
0.0,
0.0,
0.0,
0.0,
6.0,
0.0,
8.0,
0.0,
0.0,
0.0,
8.0,
249.0,
255.0,
5.0,
0.0,
0.0,
119.0,
251.0,
252.0,
249.0,
255.0,
75.0,
9.0,
6.0,
0.0,
0.0,
3.0,
0.0,
0.0,
0.0,
0.0,
0.0,
1.0,
0.0,
4.0,
0.0,
14.0,
6.0,
39.0,
254.0,
248.0,
146.0,
148.0,
220.0,
253.0,
182.0,
189.0,
255.0,
251.0,
41.0,
20.0,
0.0,
2.0,
1.0,
0.0,
1.0,
0.0,
0.0,
0.0,
0.0,
0.0,
6.0,
20.0,
0.0,
0.0,
0.0,
36.0,
218.0,
248.0,
255.0,
255.0,
129.0,
55.0,
4.0,
163.0,
246.0,
255.0,
5.0,
0.0,
3.0,
0.0,
0.0,
7.0,
3.0,
0.0,
0.0,
0.0,
0.0,
0.0,
3.0,
0.0,
0.0,
14.0,
3.0,
0.0,
16.0,
16.0,
0.0,
0.0,
12.0,
1.0,
0.0,
181.0,
255.0,
238.0,
0.0,
0.0,
9.0,
1.0,
0.0,
0.0,
1.0,
0.0,
0.0,
0.0,
0.0,
0.0,
5.0,
0.0,
2.0,
9.0,
1.0,
0.0,
0.0,
0.0,
3.0,
0.0,
26.0,
0.0,
0.0,
197.0,
247.0,
135.0,
6.0,
2.0,
0.0,
12.0,
2.0,
0.0,
1.0,
0.0,
0.0,
0.0,
0.0,
0.0,
5.0,
3.0,
5.0,
0.0,
0.0,
15.0,
18.0,
0.0,
0.0,
2.0,
0.0,
5.0,
16.0,
255.0,
255.0,
71.0,
0.0,
4.0,
0.0,
3.0,
7.0,
0.0,
5.0,
0.0,
0.0,
0.0,
0.0,
4.0,
0.0,
0.0,
4.0,
3.0,
0.0,
0.0,
0.0,
2.0,
1.0,
4.0,
3.0,
8.0,
50.0,
243.0,
254.0,
92.0,
0.0,
1.0,
5.0,
0.0,
2.0,
8.0,
2.0,
0.0,
0.0,
0.0,
0.0,
1.0,
0.0,
3.0,
0.0,
0.0,
0.0,
5.0,
11.0,
0.0,
19.0,
0.0,
8.0,
0.0,
166.0,
255.0,
255.0,
87.0,
3.0,
0.0,
8.0,
0.0,
2.0,
2.0,
0.0,
0.0,
0.0,
0.0,
0.0,
0.0,
0.0,
6.0,
0.0,
0.0,
7.0,
0.0,
0.0,
0.0,
11.0,
0.0,
10.0,
0.0,
176.0,
245.0,
253.0,
24.0,
5.0,
0.0,
0.0,
6.0,
9.0,
0.0,
5.0,
0.0,
0.0,
0.0,
0.0,
0.0,
0.0,
0.0,
0.0,
0.0,
0.0,
0.0,
0.0,
2.0,
0.0,
0.0,
9.0,
0.0,
175.0,
255.0,
195.0,
0.0,
0.0,
0.0,
0.0,
0.0,
0.0,
0.0,
0.0,
0.0,
0.0,
0.0,
0.0,
0.0,
0.0,
0.0,
0.0,
0.0,
0.0,
0.0,
0.0,
0.0,
7.0,
12.0,
0.0,
13.0,
194.0,
249.0,
116.0,
0.0,
0.0,
0.0,
0.0,
0.0,
0.0,
0.0,
0.0,
0.0,
0.0,
0.0,
0.0,
0.0,
0.0,
0.0,
0.0,
0.0,
0.0,
0.0,
0.0,
18.0,
0.0,
0.0,
11.0,
139.0,
255.0,
248.0,
82.0,
0.0,
0.0,
0.0,
0.0,
0.0,
0.0,
0.0,
0.0,
0.0,
0.0,
0.0,
0.0,
0.0,
0.0,
0.0,
0.0,
0.0,
0.0,
0.0,
0.0,
0.0,
0.0,
15.0,
0.0,
5.0,
0.0,
17.0,
0.0,
0.0,
0.0,
0.0,
0.0,
0.0,
0.0,
0.0,
0.0,
0.0,
0.0,
0.0,
0.0,
