0.0,
0.0,
0.0,
3.0,
8.0,
0.0,
0.0,
0.0,
2.0,
1.0,
0.0,
0.0,
0.0,
0.0,
0.0,
2.0,
10.0,
0.0,
0.0,
0.0,
0.0,
0.0,
2.0,
0.0,
0.0,
0.0,
0.0,
0.0,
0.0,
3.0,
5.0,
0.0,
0.0,
0.0,
6.0,
10.0,
1.0,
0.0,
0.0,
2.0,
6.0,
7.0,
3.0,
0.0,
0.0,
2.0,
10.0,
9.0,
5.0,
6.0,
7.0,
5.0,
0.0,
0.0,
0.0,
0.0,
0.0,
0.0,
0.0,
0.0,
0.0,
1.0,
3.0,
0.0,
0.0,
0.0,
2.0,
0.0,
0.0,
0.0,
0.0,
4.0,
8.0,
10.0,
0.0,
0.0,
0.0,
0.0,
0.0,
0.0,
0.0,
0.0,
0.0,
0.0,
7.0,
0.0,
0.0,
9.0,
5.0,
0.0,
0.0,
0.0,
0.0,
1.0,
2.0,
2.0,
3.0,
5.0,
7.0,
9.0,
0.0,
3.0,
8.0,
7.0,
10.0,
4.0,
0.0,
8.0,
0.0,
0.0,
0.0,
0.0,
1.0,
0.0,
1.0,
3.0,
0.0,
0.0,
1.0,
10.0,
6.0,
0.0,
0.0,
1.0,
11.0,
10.0,
0.0,
0.0,
9.0,
0.0,
0.0,
0.0,
3.0,
0.0,
0.0,
0.0,
0.0,
0.0,
0.0,
0.0,
0.0,
8.0,
0.0,
0.0,
3.0,
8.0,
0.0,
0.0,
0.0,
1.0,
2.0,
0.0,
0.0,
0.0,
4.0,
16.0,
4.0,
0.0,
1.0,
8.0,
0.0,
0.0,
4.0,
9.0,
0.0,
0.0,
0.0,
0.0,
0.0,
8.0,
0.0,
0.0,
15.0,
5.0,
0.0,
22.0,
10.0,
84.0,
181.0,
247.0,
255.0,
255.0,
252.0,
253.0,
255.0,
159.0,
63.0,
3.0,
0.0,
11.0,
19.0,
0.0,
0.0,
0.0,
0.0,
0.0,
0.0,
7.0,
0.0,
4.0,
7.0,
0.0,
19.0,
144.0,
249.0,
251.0,
253.0,
254.0,
253.0,
253.0,
254.0,
255.0,
246.0,
254.0,
253.0,
155.0,
14.0,
0.0,
13.0,
1.0,
0.0,
0.0,
0.0,
0.0,
2.0,
0.0,
6.0,
11.0,
0.0,
0.0,
156.0,
255.0,
249.0,
247.0,
255.0,
224.0,
134.0,
140.0,
143.0,
140.0,
156.0,
255.0,
241.0,
234.0,
3.0,
0.0,
0.0,
4.0,
0.0,
0.0,
0.0,
0.0,
0.0,
16.0,
0.0,
0.0,
6.0,
9.0,
230.0,
239.0,
255.0,
165.0,
47.0,
8.0,
7.0,
16.0,
0.0,
2.0,
9.0,
38.0,
211.0,
255.0,
95.0,
5.0,
16.0,
0.0,
0.0,
0.0,
0.0,
0.0,
0.0,
0.0,
1.0,
13.0,
0.0,
120.0,
232.0,
255.0,
106.0,
17.0,
0.0,
0.0,
0.0,
0.0,
0.0,
6.0,
0.0,
0.0,
170.0,
241.0,
214.0,
0.0,
0.0,
14.0,
0.0,
0.0,
0.0,
0.0,
7.0,
0.0,
0.0,
11.0,
6.0,
155.0,
250.0,
209.0,
36.0,
0.0,
5.0,
22.0,
0.0,
4.0,
5.0,
0.0,
7.0,
0.0,
104.0,
255.0,
226.0,
0.0,
5.0,
0.0,
0.0,
0.0,
0.0,
0.0,
5.0,
3.0,
0.0,
0.0,
1.0,
231.0,
255.0,
187.0,
15.0,
0.0,
0.0,
0.0,
1.0,
7.0,
0.0,
2.0,
4.0,
0.0,
29.0,
250.0,
89.0,
5.0,
0.0,
6.0,
0.0,
0.0,
0.0,
0.0,
0.0,
0.0,
10.0,
16.0,
0.0,
213.0,
251.0,
252.0,
66.0,
10.0,
6.0,
4.0,
6.0,
0.0,
0.0,
3.0,
6.0,
0.0,
155.0,
238.0,
112.0,
2.0,
3.0,
0.0,
0.0,
0.0,
0.0,
0.0,
3.0,
0.0,
3.0,
5.0,
4.0,
16.0,
240.0,
247.0,
171.0,
29.0,
0.0,
0.0,
0.0,
0.0,
17.0,
0.0,
1.0,
0.0,
159.0,
255.0,
16.0,
2.0,
0.0,
0.0,
0.0,
0.0,
0.0,
0.0,
4.0,
0.0,
0.0,
0.0,
2.0,
1.0,
233.0,
255.0,
255.0,
143.0,
54.0,
0.0,
12.0,
0.0,
0.0,
0.0,
0.0,
74.0,
220.0,
237.0,
132.0,
0.0,
0.0,
6.0,
0.0,
0.0,
0.0,
0.0,
0.0,
1.0,
0.0,
0.0,
0.0,
4.0,
103.0,
252.0,
243.0,
255.0,
226.0,
86.0,
65.0,
36.0,
64.0,
87.0,
192.0,
224.0,
255.0,
255.0,
189.0,
1.0,
13.0,
0.0,
0.0,
0.0,
0.0,
0.0,
2.0,
4.0,
0.0,
0.0,
4.0,
0.0,
28.0,
103.0,
221.0,
252.0,
255.0,
243.0,
247.0,
255.0,
255.0,
251.0,
248.0,
255.0,
227.0,
245.0,
82.0,
0.0,
0.0,
10.0,
0.0,
0.0,
0.0,
0.0,
0.0,
4.0,
0.0,
0.0,
10.0,
0.0,
0.0,
0.0,
28.0,
113.0,
214.0,
255.0,
219.0,
240.0,
247.0,
239.0,
198.0,
214.0,
255.0,
255.0,
91.0,
7.0,
0.0,
5.0,
0.0,
0.0,
0.0,
0.0,
0.0,
2.0,
0.0,
0.0,
4.0,
0.0,
0.0,
2.0,
0.0,
0.0,
24.0,
76.0,
58.0,
98.0,
90.0,
62.0,
0.0,
42.0,
242.0,
238.0,
117.0,
0.0,
7.0,
0.0,
0.0,
0.0,
0.0,
0.0,
2.0,
1.0,
0.0,
0.0,
0.0,
0.0,
0.0,
11.0,
0.0,
5.0,
3.0,
0.0,
0.0,
0.0,
2.0,
17.0,
0.0,
43.0,
255.0,
255.0,
104.0,
2.0,
0.0,
0.0,
0.0,
0.0,
0.0,
0.0,
7.0,
0.0,
0.0,
4.0,
4.0,
0.0,
0.0,
0.0,
0.0,
3.0,
3.0,
0.0,
21.0,
1.0,
0.0,
0.0,
0.0,
29.0,
242.0,
252.0,
103.0,
11.0,
6.0,
3.0,
0.0,
0.0,
0.0,
0.0,
1.0,
0.0,
0.0,
6.0,
5.0,
4.0,
1.0,
0.0,
2.0,
0.0,
0.0,
0.0,
7.0,
0.0,
0.0,
0.0,
5.0,
35.0,
255.0,
255.0,
123.0,
0.0,
0.0,
0.0,
0.0,
0.0,
0.0,
0.0,
0.0,
0.0,
6.0,
1.0,
0.0,
0.0,
6.0,
0.0,
0.0,
0.0,
6.0,
4.0,
0.0,
0.0,
1.0,
0.0,
0.0,
41.0,
242.0,
255.0,
104.0,
0.0,
1.0,
13.0,
0.0,
0.0,
0.0,
0.0,
0.0,
0.0,
0.0,
0.0,
0.0,
0.0,
0.0,
0.0,
0.0,
0.0,
0.0,
0.0,
0.0,
0.0,
0.0,
0.0,
4.0,
33.0,
249.0,
255.0,
106.0,
0.0,
8.0,
1.0,
0.0,
0.0,
0.0,
0.0,
0.0,
0.0,
0.0,
0.0,
0.0,
0.0,
0.0,
0.0,
0.0,
0.0,
0.0,
0.0,
0.0,
0.0,
0.0,
0.0,
0.0,
4.0,
96.0,
149.0,
11.0,
8.0,
0.0,
1.0,
0.0,
0.0,
0.0,
0.0,
0.0,
0.0,
0.0,
0.0,
0.0,
0.0,
0.0,
0.0,
0.0,
0.0,
0.0,
0.0,
0.0,
0.0,
0.0,
0.0,
10.0,
0.0,
7.0,
20.0,
0.0,
4.0,
0.0,
4.0,
0.0,
0.0,
0.0,
0.0,
0.0,
0.0,
0.0,
0.0,
0.0,
0.0,
0.0,
0.0,
0.0,
0.0,
0.0,
0.0,
0.0,
0.0,
0.0,
0.0,
11.0,
0.0,
11.0,
0.0,
13.0,
0.0,
7.0,
2.0,
0.0,
0.0,
0.0,
0.0,
