0.0,
0.0,
0.0,
0.0,
0.0,
0.0,
0.0,
0.0,
0.0,
3.0,
7.0,
0.0,
0.0,
0.0,
4.0,
2.0,
5.0,
3.0,
0.0,
0.0,
0.0,
0.0,
2.0,
6.0,
0.0,
0.0,
0.0,
0.0,
0.0,
0.0,
0.0,
0.0,
0.0,
0.0,
0.0,
0.0,
0.0,
0.0,
0.0,
3.0,
9.0,
11.0,
5.0,
0.0,
0.0,
0.0,
0.0,
2.0,
10.0,
9.0,
0.0,
0.0,
0.0,
0.0,
0.0,
0.0,
0.0,
0.0,
0.0,
0.0,
0.0,
0.0,
0.0,
0.0,
15.0,
10.0,
0.0,
0.0,
0.0,
0.0,
0.0,
0.0,
8.0,
6.0,
3.0,
0.0,
0.0,
0.0,
1.0,
7.0,
0.0,
0.0,
0.0,
0.0,
0.0,
0.0,
0.0,
0.0,
0.0,
0.0,
0.0,
0.0,
0.0,
0.0,
0.0,
2.0,
9.0,
2.0,
0.0,
15.0,
0.0,
0.0,
0.0,
0.0,
0.0,
0.0,
0.0,
3.0,
0.0,
0.0,
0.0,
0.0,
0.0,
0.0,
0.0,
0.0,
0.0,
0.0,
0.0,
0.0,
0.0,
0.0,
0.0,
0.0,
1.0,
0.0,
0.0,
0.0,
14.0,
8.0,
3.0,
4.0,
7.0,
6.0,
1.0,
0.0,
0.0,
0.0,
0.0,
0.0,
0.0,
0.0,
0.0,
0.0,
0.0,
0.0,
0.0,
0.0,
4.0,
0.0,
2.0,
8.0,
7.0,
14.0,
12.0,
0.0,
0.0,
0.0,
0.0,
2.0,
0.0,
0.0,
0.0,
5.0,
0.0,
0.0,
0.0,
0.0,
0.0,
0.0,
0.0,
0.0,
0.0,
0.0,
0.0,
0.0,
0.0,
0.0,
7.0,
3.0,
0.0,
0.0,
13.0,
0.0,
11.0,
10.0,
6.0,
3.0,
0.0,
0.0,
0.0,
0.0,
0.0,
0.0,
0.0,
0.0,
0.0,
0.0,
0.0,
0.0,
0.0,
0.0,
0.0,
0.0,
6.0,
0.0,
8.0,
0.0,
0.0,
96.0,
224.0,
255.0,
255.0,
169.0,
55.0,
0.0,
0.0,
7.0,
7.0,
0.0,
0.0,
0.0,
0.0,
0.0,
0.0,
0.0,
3.0,
1.0,
0.0,
0.0,
0.0,
0.0,
3.0,
0.0,
9.0,
42.0,
195.0,
255.0,
255.0,
252.0,
255.0,
242.0,
230.0,
24.0,
0.0,
4.0,
4.0,
0.0,
0.0,
0.0,
0.0,
0.0,
0.0,
0.0,
0.0,
0.0,
0.0,
0.0,
1.0,
1.0,
0.0,
7.0,
20.0,
234.0,
255.0,
250.0,
194.0,
155.0,
236.0,
255.0,
247.0,
78.0,
6.0,
12.0,
0.0,
3.0,
0.0,
0.0,
0.0,
0.0,
1.0,
0.0,
0.0,
0.0,
0.0,
2.0,
3.0,
3.0,
10.0,
0.0,
209.0,
248.0,
251.0,
142.0,
0.0,
15.0,
126.0,
250.0,
255.0,
104.0,
14.0,
0.0,
0.0,
7.0,
0.0,
0.0,
0.0,
0.0,
2.0,
0.0,
0.0,
0.0,
2.0,
1.0,
1.0,
1.0,
9.0,
199.0,
255.0,
244.0,
152.0,
10.0,
10.0,
0.0,
177.0,
255.0,
221.0,
21.0,
7.0,
0.0,
13.0,
0.0,
0.0,
0.0,
0.0,
0.0,
2.0,
0.0,
0.0,
2.0,
3.0,
0.0,
0.0,
0.0,
29.0,
254.0,
254.0,
183.0,
13.0,
0.0,
21.0,
6.0,
187.0,
255.0,
193.0,
11.0,
13.0,
0.0,
6.0,
0.0,
0.0,
0.0,
0.0,
0.0,
1.0,
0.0,
0.0,
4.0,
2.0,
0.0,
0.0,
6.0,
135.0,
255.0,
254.0,
12.0,
3.0,
10.0,
0.0,
178.0,
255.0,
242.0,
101.0,
0.0,
0.0,
11.0,
4.0,
8.0,
0.0,
0.0,
0.0,
0.0,
2.0,
0.0,
0.0,
4.0,
0.0,
0.0,
5.0,
20.0,
238.0,
255.0,
106.0,
18.0,
0.0,
45.0,
219.0,
255.0,
255.0,
255.0,
157.0,
18.0,
5.0,
0.0,
0.0,
0.0,
0.0,
0.0,
0.0,
0.0,
4.0,
0.0,
0.0,
2.0,
0.0,
0.0,
11.0,
31.0,
250.0,
248.0,
100.0,
47.0,
149.0,
229.0,
251.0,
254.0,
248.0,
255.0,
186.0,
0.0,
0.0,
0.0,
9.0,
0.0,
0.0,
0.0,
0.0,
0.0,
0.0,
0.0,
0.0,
0.0,
0.0,
2.0,
5.0,
6.0,
197.0,
255.0,
246.0,
252.0,
255.0,
252.0,
255.0,
185.0,
138.0,
248.0,
189.0,
2.0,
5.0,
3.0,
4.0,
0.0,
0.0,
0.0,
0.0,
0.0,
1.0,
0.0,
0.0,
0.0,
0.0,
1.0,
3.0,
5.0,
12.0,
161.0,
255.0,
255.0,
239.0,
210.0,
119.0,
2.0,
133.0,
251.0,
189.0,
0.0,
0.0,
0.0,
0.0,
4.0,
0.0,
0.0,
0.0,
0.0,
2.0,
1.0,
0.0,
0.0,
0.0,
0.0,
1.0,
2.0,
0.0,
31.0,
95.0,
52.0,
16.0,
24.0,
0.0,
0.0,
162.0,
255.0,
178.0,
3.0,
13.0,
9.0,
3.0,
0.0,
0.0,
0.0,
0.0,
0.0,
3.0,
2.0,
0.0,
0.0,
0.0,
0.0,
0.0,
0.0,
7.0,
0.0,
18.0,
12.0,
0.0,
0.0,
0.0,
23.0,
116.0,
252.0,
176.0,
7.0,
0.0,
0.0,
0.0,
7.0,
0.0,
0.0,
0.0,
0.0,
2.0,
2.0,
1.0,
0.0,
0.0,
0.0,
0.0,
0.0,
7.0,
0.0,
0.0,
0.0,
0.0,
4.0,
0.0,
0.0,
106.0,
232.0,
129.0,
0.0,
8.0,
15.0,
3.0,
0.0,
0.0,
0.0,
0.0,
0.0,
1.0,
1.0,
0.0,
0.0,
0.0,
0.0,
0.0,
0.0,
0.0,
9.0,
0.0,
1.0,
5.0,
1.0,
8.0,
0.0,
90.0,
255.0,
166.0,
3.0,
0.0,
0.0,
3.0,
15.0,
0.0,
0.0,
0.0,
0.0,
0.0,
0.0,
0.0,
0.0,
0.0,
0.0,
0.0,
0.0,
3.0,
2.0,
0.0,
4.0,
4.0,
0.0,
5.0,
9.0,
84.0,
255.0,
167.0,
5.0,
0.0,
2.0,
0.0,
0.0,
0.0,
0.0,
0.0,
0.0,
0.0,
0.0,
0.0,
0.0,
0.0,
0.0,
0.0,
0.0,
0.0,
1.0,
2.0,
1.0,
1.0,
2.0,
0.0,
0.0,
45.0,
255.0,
190.0,
30.0,
8.0,
2.0,
1.0,
5.0,
0.0,
0.0,
0.0,
0.0,
0.0,
0.0,
0.0,
0.0,
0.0,
0.0,
0.0,
0.0,
0.0,
0.0,
0.0,
0.0,
0.0,
0.0,
0.0,
0.0,
14.0,
234.0,
255.0,
111.0,
3.0,
6.0,
0.0,
5.0,
0.0,
0.0,
0.0,
0.0,
0.0,
0.0,
0.0,
0.0,
0.0,
0.0,
0.0,
0.0,
0.0,
0.0,
0.0,
0.0,
0.0,
0.0,
0.0,
0.0,
0.0,
130.0,
255.0,
247.0,
19.0,
0.0,
9.0,
0.0,
0.0,
0.0,
0.0,
0.0,
0.0,
0.0,
0.0,
0.0,
0.0,
0.0,
0.0,
0.0,
0.0,
0.0,
0.0,
0.0,
0.0,
0.0,
0.0,
0.0,
0.0,
36.0,
126.0,
175.0,
19.0,
0.0,
1.0,
3.0,
0.0,
0.0,
0.0,
0.0,
0.0,
0.0,
0.0,
0.0,
0.0,
0.0,
0.0,
0.0,
0.0,
0.0,
0.0,
0.0,
0.0,
0.0,
0.0,
0.0,
0.0,
0.0,
0.0,
2.0,
5.0,
0.0,
0.0,
11.0,
0.0,
0.0,
0.0,
0.0,
