0.0,
0.0,
0.0,
0.0,
0.0,
0.0,
0.0,
0.0,
3.0,
2.0,
0.0,
0.0,
0.0,
1.0,
0.0,
0.0,
0.0,
1.0,
0.0,
0.0,
1.0,
0.0,
0.0,
4.0,
0.0,
0.0,
0.0,
0.0,
0.0,
0.0,
0.0,
0.0,
0.0,
0.0,
0.0,
0.0,
0.0,
0.0,
3.0,
5.0,
0.0,
0.0,
0.0,
5.0,
0.0,
12.0,
11.0,
0.0,
0.0,
3.0,
1.0,
0.0,
0.0,
0.0,
0.0,
0.0,
0.0,
0.0,
0.0,
0.0,
0.0,
0.0,
0.0,
0.0,
12.0,
0.0,
0.0,
0.0,
10.0,
7.0,
0.0,
0.0,
2.0,
0.0,
0.0,
0.0,
13.0,
6.0,
0.0,
0.0,
0.0,
0.0,
0.0,
0.0,
0.0,
0.0,
0.0,
0.0,
0.0,
0.0,
0.0,
0.0,
0.0,
0.0,
1.0,
0.0,
0.0,
0.0,
0.0,
3.0,
4.0,
16.0,
17.0,
0.0,
0.0,
0.0,
8.0,
5.0,
0.0,
0.0,
0.0,
0.0,
0.0,
0.0,
0.0,
0.0,
0.0,
0.0,
0.0,
0.0,
3.0,
7.0,
4.0,
0.0,
0.0,
9.0,
10.0,
3.0,
0.0,
0.0,
0.0,
6.0,
1.0,
0.0,
0.0,
0.0,
0.0,
0.0,
0.0,
0.0,
0.0,
0.0,
0.0,
0.0,
0.0,
0.0,
0.0,
0.0,
0.0,
3.0,
3.0,
0.0,
0.0,
2.0,
0.0,
0.0,
8.0,
0.0,
0.0,
6.0,
0.0,
0.0,
9.0,
1.0,
0.0,
0.0,
0.0,
0.0,
0.0,
0.0,
0.0,
0.0,
0.0,
0.0,
0.0,
0.0,
5.0,
0.0,
0.0,
0.0,
31.0,
99.0,
197.0,
255.0,
242.0,
255.0,
255.0,
138.0,
9.0,
0.0,
10.0,
0.0,
0.0,
0.0,
0.0,
0.0,
0.0,
0.0,
0.0,
0.0,
0.0,
0.0,
0.0,
0.0,
1.0,
0.0,
18.0,
123.0,
219.0,
252.0,
248.0,
244.0,
255.0,
234.0,
255.0,
255.0,
141.0,
17.0,
0.0,
3.0,
0.0,
0.0,
0.0,
0.0,
5.0,
0.0,
3.0,
0.0,
10.0,
0.0,
0.0,
5.0,
0.0,
26.0,
216.0,
254.0,
255.0,
238.0,
173.0,
115.0,
72.0,
13.0,
81.0,
255.0,
224.0,
11.0,
13.0,
0.0,
0.0,
0.0,
0.0,
0.0,
0.0,
4.0,
0.0,
6.0,
2.0,
0.0,
11.0,
0.0,
53.0,
237.0,
244.0,
255.0,
134.0,
12.0,
0.0,
6.0,
12.0,
0.0,
81.0,
244.0,
220.0,
30.0,
0.0,
5.0,
0.0,
0.0,
0.0,
0.0,
0.0,
12.0,
0.0,
0.0,
0.0,
6.0,
0.0,
48.0,
247.0,
243.0,
242.0,
68.0,
0.0,
20.0,
0.0,
0.0,
0.0,
0.0,
144.0,
252.0,
180.0,
13.0,
0.0,
0.0,
0.0,
0.0,
0.0,
0.0,
0.0,
10.0,
2.0,
0.0,
5.0,
2.0,
5.0,
173.0,
244.0,
238.0,
46.0,
1.0,
0.0,
0.0,
14.0,
0.0,
0.0,
58.0,
227.0,
255.0,
155.0,
0.0,
6.0,
0.0,
0.0,
0.0,
0.0,
0.0,
1.0,
2.0,
3.0,
0.0,
5.0,
0.0,
82.0,
251.0,
245.0,
141.0,
6.0,
0.0,
4.0,
0.0,
4.0,
1.0,
18.0,
181.0,
255.0,
243.0,
134.0,
1.0,
0.0,
12.0,
0.0,
0.0,
0.0,
0.0,
1.0,
0.0,
0.0,
13.0,
0.0,
0.0,
165.0,
247.0,
229.0,
0.0,
0.0,
0.0,
26.0,
0.0,
0.0,
4.0,
147.0,
255.0,
248.0,
240.0,
47.0,
7.0,
0.0,
5.0,
0.0,
0.0,
0.0,
0.0,
2.0,
0.0,
0.0,
15.0,
0.0,
0.0,
142.0,
237.0,
231.0,
33.0,
0.0,
0.0,
0.0,
8.0,
0.0,
165.0,
243.0,
255.0,
246.0,
241.0,
0.0,
0.0,
9.0,
0.0,
0.0,
0.0,
0.0,
0.0,
4.0,
0.0,
6.0,
0.0,
0.0,
12.0,
57.0,
255.0,
255.0,
236.0,
178.0,
94.0,
51.0,
145.0,
250.0,
255.0,
211.0,
199.0,
244.0,
225.0,
5.0,
0.0,
6.0,
0.0,
0.0,
0.0,
0.0,
0.0,
4.0,
0.0,
0.0,
5.0,
1.0,
0.0,
21.0,
56.0,
204.0,
255.0,
255.0,
248.0,
249.0,
255.0,
245.0,
147.0,
13.0,
135.0,
235.0,
192.0,
4.0,
0.0,
0.0,
3.0,
0.0,
0.0,
0.0,
0.0,
4.0,
0.0,
0.0,
5.0,
0.0,
0.0,
0.0,
10.0,
0.0,
76.0,
108.0,
178.0,
208.0,
117.0,
32.0,
0.0,
17.0,
193.0,
255.0,
133.0,
0.0,
0.0,
5.0,
0.0,
0.0,
0.0,
0.0,
0.0,
0.0,
0.0,
0.0,
2.0,
4.0,
0.0,
0.0,
0.0,
0.0,
4.0,
0.0,
6.0,
7.0,
0.0,
0.0,
1.0,
51.0,
237.0,
255.0,
48.0,
0.0,
1.0,
6.0,
0.0,
0.0,
0.0,
0.0,
0.0,
0.0,
0.0,
0.0,
0.0,
1.0,
6.0,
5.0,
0.0,
0.0,
7.0,
3.0,
0.0,
0.0,
0.0,
24.0,
0.0,
128.0,
249.0,
211.0,
0.0,
1.0,
2.0,
0.0,
2.0,
0.0,
0.0,
0.0,
0.0,
0.0,
3.0,
1.0,
0.0,
0.0,
0.0,
1.0,
0.0,
0.0,
17.0,
0.0,
0.0,
19.0,
1.0,
0.0,
11.0,
191.0,
251.0,
180.0,
4.0,
1.0,
6.0,
0.0,
0.0,
0.0,
0.0,
0.0,
0.0,
0.0,
1.0,
4.0,
2.0,
0.0,
0.0,
0.0,
0.0,
0.0,
0.0,
0.0,
0.0,
10.0,
0.0,
0.0,
0.0,
194.0,
243.0,
174.0,
13.0,
0.0,
11.0,
0.0,
0.0,
0.0,
0.0,
0.0,
0.0,
0.0,
0.0,
1.0,
5.0,
5.0,
2.0,
2.0,
4.0,
6.0,
0.0,
8.0,
5.0,
0.0,
5.0,
16.0,
1.0,
200.0,
247.0,
175.0,
4.0,
0.0,
8.0,
2.0,
3.0,
0.0,
0.0,
0.0,
0.0,
9.0,
0.0,
0.0,
0.0,
0.0,
0.0,
0.0,
0.0,
1.0,
7.0,
0.0,
0.0,
6.0,
1.0,
0.0,
31.0,
237.0,
255.0,
179.0,
0.0,
1.0,
0.0,
0.0,
4.0,
0.0,
0.0,
0.0,
0.0,
0.0,
0.0,
0.0,
0.0,
0.0,
0.0,
0.0,
0.0,
0.0,
1.0,
4.0,
0.0,
0.0,
0.0,
12.0,
24.0,
223.0,
255.0,
168.0,
0.0,
0.0,
4.0,
0.0,
0.0,
0.0,
0.0,
0.0,
0.0,
0.0,
0.0,
0.0,
0.0,
0.0,
0.0,
0.0,
0.0,
0.0,
4.0,
5.0,
2.0,
0.0,
0.0,
3.0,
9.0,
212.0,
231.0,
139.0,
3.0,
0.0,
0.0,
0.0,
6.0,
0.0,
0.0,
0.0,
0.0,
0.0,
0.0,
0.0,
0.0,
0.0,
0.0,
0.0,
0.0,
0.0,
2.0,
4.0,
3.0,
0.0,
0.0,
0.0,
0.0,
0.0,
14.0,
6.0,
0.0,
7.0,
3.0,
0.0,
4.0,
0.0,
0.0,
0.0,
0.0,
0.0,
0.0,
0.0,
0.0,
0.0,
0.0,
0.0,
0.0,
0.0,
0.0,
0.0,
1.0,
2.0,
1.0,
0.0,
0.0,
0.0,
2.0,
3.0,
3.0,
10.0,
0.0,
0.0,
0.0,
0.0,
0.0,
0.0,
0.0,
