0.0,
0.0,
0.0,
0.0,
0.0,
0.0,
0.0,
0.0,
1.0,
1.0,
1.0,
1.0,
1.0,
0.0,
0.0,
0.0,
3.0,
0.0,
0.0,
2.0,
5.0,
0.0,
0.0,
0.0,
0.0,
0.0,
0.0,
0.0,
0.0,
0.0,
0.0,
0.0,
0.0,
0.0,
0.0,
0.0,
1.0,
0.0,
0.0,
0.0,
0.0,
0.0,
0.0,
0.0,
5.0,
6.0,
4.0,
0.0,
0.0,
0.0,
2.0,
9.0,
0.0,
0.0,
0.0,
0.0,
0.0,
0.0,
0.0,
0.0,
0.0,
0.0,
0.0,
0.0,
3.0,
3.0,
2.0,
2.0,
1.0,
1.0,
0.0,
0.0,
0.0,
0.0,
0.0,
0.0,
2.0,
8.0,
4.0,
0.0,
0.0,
0.0,
0.0,
0.0,
0.0,
0.0,
0.0,
0.0,
0.0,
0.0,
0.0,
0.0,
0.0,
0.0,
0.0,
0.0,
2.0,
4.0,
5.0,
6.0,
1.0,
0.0,
0.0,
4.0,
8.0,
6.0,
0.0,
0.0,
0.0,
0.0,
0.0,
0.0,
0.0,
0.0,
0.0,
0.0,
0.0,
0.0,
0.0,
0.0,
6.0,
5.0,
3.0,
1.0,
0.0,
0.0,
0.0,
0.0,
0.0,
0.0,
0.0,
1.0,
0.0,
0.0,
0.0,
14.0,
0.0,
0.0,
0.0,
0.0,
0.0,
0.0,
0.0,
0.0,
0.0,
0.0,
0.0,
0.0,
0.0,
0.0,
0.0,
1.0,
3.0,
5.0,
7.0,
7.0,
7.0,
0.0,
0.0,
2.0,
5.0,
0.0,
0.0,
0.0,
0.0,
0.0,
0.0,
0.0,
0.0,
0.0,
0.0,
0.0,
0.0,
0.0,
0.0,
0.0,
3.0,
3.0,
2.0,
0.0,
0.0,
0.0,
0.0,
0.0,
0.0,
6.0,
8.0,
0.0,
0.0,
8.0,
11.0,
2.0,
0.0,
0.0,
0.0,
0.0,
0.0,
0.0,
0.0,
0.0,
0.0,
0.0,
0.0,
0.0,
0.0,
9.0,
48.0,
98.0,
153.0,
203.0,
242.0,
255.0,
248.0,
255.0,
238.0,
122.0,
19.0,
0.0,
0.0,
2.0,
0.0,
0.0,
0.0,
0.0,
4.0,
0.0,
0.0,
2.0,
3.0,
0.0,
0.0,
1.0,
63.0,
175.0,
248.0,
247.0,
240.0,
223.0,
137.0,
135.0,
137.0,
135.0,
217.0,
245.0,
24.0,
18.0,
0.0,
5.0,
0.0,
0.0,
0.0,
0.0,
0.0,
0.0,
0.0,
3.0,
0.0,
0.0,
3.0,
18.0,
197.0,
255.0,
213.0,
93.0,
0.0,
0.0,
16.0,
0.0,
6.0,
0.0,
179.0,
255.0,
35.0,
0.0,
0.0,
0.0,
0.0,
0.0,
0.0,
0.0,
0.0,
0.0,
2.0,
4.0,
0.0,
0.0,
11.0,
32.0,
251.0,
235.0,
36.0,
0.0,
22.0,
3.0,
0.0,
0.0,
0.0,
38.0,
213.0,
221.0,
39.0,
3.0,
5.0,
5.0,
0.0,
0.0,
0.0,
0.0,
0.0,
0.0,
2.0,
2.0,
0.0,
0.0,
11.0,
28.0,
255.0,
254.0,
84.0,
0.0,
0.0,
1.0,
13.0,
2.0,
0.0,
180.0,
255.0,
144.0,
8.0,
0.0,
0.0,
6.0,
0.0,
0.0,
0.0,
0.0,
0.0,
0.0,
0.0,
0.0,
0.0,
0.0,
3.0,
10.0,
151.0,
246.0,
199.0,
79.0,
2.0,
0.0,
0.0,
24.0,
164.0,
255.0,
131.0,
0.0,
0.0,
12.0,
5.0,
3.0,
0.0,
0.0,
0.0,
0.0,
1.0,
0.0,
0.0,
0.0,
0.0,
0.0,
0.0,
0.0,
10.0,
160.0,
254.0,
250.0,
197.0,
89.0,
6.0,
123.0,
251.0,
208.0,
49.0,
1.0,
8.0,
4.0,
0.0,
0.0,
0.0,
0.0,
0.0,
0.0,
1.0,
1.0,
0.0,
0.0,
0.0,
0.0,
0.0,
0.0,
0.0,
20.0,
117.0,
209.0,
250.0,
255.0,
203.0,
205.0,
255.0,
163.0,
62.0,
0.0,
0.0,
0.0,
5.0,
0.0,
0.0,
0.0,
0.0,
0.0,
0.0,
2.0,
1.0,
0.0,
0.0,
1.0,
3.0,
3.0,
0.0,
6.0,
0.0,
43.0,
137.0,
211.0,
210.0,
255.0,
247.0,
254.0,
255.0,
88.0,
11.0,
0.0,
3.0,
3.0,
0.0,
0.0,
0.0,
0.0,
0.0,
0.0,
0.0,
0.0,
0.0,
0.0,
0.0,
0.0,
0.0,
0.0,
6.0,
0.0,
0.0,
14.0,
8.0,
69.0,
219.0,
255.0,
202.0,
11.0,
1.0,
14.0,
0.0,
13.0,
0.0,
0.0,
0.0,
0.0,
0.0,
0.0,
0.0,
0.0,
0.0,
0.0,
0.0,
0.0,
3.0,
0.0,
0.0,
11.0,
13.0,
0.0,
3.0,
134.0,
255.0,
216.0,
86.0,
16.0,
0.0,
5.0,
0.0,
1.0,
0.0,
0.0,
0.0,
0.0,
0.0,
0.0,
0.0,
0.0,
0.0,
0.0,
0.0,
0.0,
9.0,
0.0,
7.0,
1.0,
0.0,
21.0,
41.0,
231.0,
252.0,
112.0,
0.0,
9.0,
0.0,
0.0,
3.0,
0.0,
0.0,
0.0,
0.0,
0.0,
0.0,
0.0,
0.0,
0.0,
0.0,
0.0,
0.0,
0.0,
0.0,
7.0,
2.0,
0.0,
9.0,
0.0,
197.0,
255.0,
171.0,
12.0,
0.0,
0.0,
0.0,
0.0,
0.0,
4.0,
0.0,
0.0,
0.0,
0.0,
0.0,
0.0,
0.0,
0.0,
0.0,
0.0,
0.0,
0.0,
0.0,
8.0,
0.0,
10.0,
0.0,
77.0,
255.0,
239.0,
60.0,
0.0,
11.0,
0.0,
1.0,
3.0,
0.0,
3.0,
0.0,
0.0,
0.0,
0.0,
0.0,
0.0,
0.0,
0.0,
0.0,
0.0,
0.0,
0.0,
9.0,
0.0,
9.0,
8.0,
46.0,
252.0,
243.0,
131.0,
0.0,
15.0,
0.0,
5.0,
0.0,
7.0,
3.0,
0.0,
0.0,
0.0,
0.0,
0.0,
0.0,
0.0,
0.0,
0.0,
0.0,
0.0,
0.0,
0.0,
0.0,
4.0,
5.0,
21.0,
209.0,
250.0,
191.0,
12.0,
0.0,
12.0,
0.0,
4.0,
0.0,
4.0,
1.0,
0.0,
0.0,
0.0,
0.0,
0.0,
0.0,
0.0,
0.0,
0.0,
0.0,
0.0,
0.0,
0.0,
0.0,
23.0,
0.0,
128.0,
255.0,
210.0,
16.0,
2.0,
10.0,
0.0,
14.0,
0.0,
1.0,
0.0,
0.0,
10.0,
0.0,
0.0,
0.0,
0.0,
0.0,
0.0,
0.0,
0.0,
0.0,
0.0,
0.0,
0.0,
0.0,
5.0,
78.0,
246.0,
251.0,
76.0,
0.0,
7.0,
0.0,
0.0,
0.0,
0.0,
0.0,
0.0,
0.0,
0.0,
0.0,
0.0,
0.0,
0.0,
0.0,
0.0,
0.0,
0.0,
0.0,
0.0,
0.0,
0.0,
6.0,
0.0,
124.0,
255.0,
174.0,
3.0,
0.0,
6.0,
0.0,
0.0,
0.0,
0.0,
0.0,
0.0,
0.0,
0.0,
0.0,
0.0,
0.0,
0.0,
0.0,
0.0,
0.0,
0.0,
0.0,
0.0,
0.0,
0.0,
0.0,
0.0,
118.0,
235.0,
131.0,
6.0,
9.0,
0.0,
0.0,
0.0,
0.0,
0.0,
0.0,
0.0,
0.0,
0.0,
0.0,
0.0,
0.0,
0.0,
0.0,
0.0,
0.0,
0.0,
0.0,
0.0,
0.0,
0.0,
8.0,
0.0,
0.0,
12.0,
0.0,
0.0,
6.0,
8.0,
0.0,
0.0,
0.0,
0.0,
0.0,
0.0,
0.0,
0.0,
0.0,
0.0,
0.0,
0.0,
