0.0,
0.0,
0.0,
0.0,
0.0,
0.0,
0.0,
0.0,
0.0,
0.0,
0.0,
0.0,
3.0,
7.0,
3.0,
0.0,
0.0,
0.0,
0.0,
0.0,
0.0,
0.0,
0.0,
1.0,
0.0,
0.0,
0.0,
0.0,
0.0,
0.0,
0.0,
0.0,
0.0,
0.0,
0.0,
0.0,
11.0,
10.0,
2.0,
0.0,
0.0,
0.0,
0.0,
0.0,
1.0,
1.0,
0.0,
0.0,
0.0,
0.0,
0.0,
0.0,
0.0,
0.0,
0.0,
0.0,
0.0,
0.0,
0.0,
0.0,
0.0,
0.0,
0.0,
0.0,
0.0,
0.0,
4.0,
4.0,
3.0,
4.0,
5.0,
3.0,
1.0,
1.0,
1.0,
1.0,
1.0,
0.0,
0.0,
0.0,
0.0,
0.0,
0.0,
0.0,
0.0,
0.0,
0.0,
0.0,
0.0,
0.0,
0.0,
0.0,
2.0,
2.0,
1.0,
0.0,
0.0,
0.0,
0.0,
0.0,
0.0,
0.0,
0.0,
1.0,
0.0,
0.0,
0.0,
0.0,
0.0,
0.0,
0.0,
0.0,
0.0,
0.0,
0.0,
0.0,
0.0,
0.0,
0.0,
0.0,
1.0,
0.0,
0.0,
0.0,
3.0,
2.0,
0.0,
0.0,
0.0,
0.0,
0.0,
0.0,
0.0,
0.0,
0.0,
0.0,
0.0,
0.0,
0.0,
0.0,
0.0,
0.0,
0.0,
0.0,
0.0,
0.0,
0.0,
0.0,
6.0,
1.0,
0.0,
2.0,
5.0,
4.0,
3.0,
4.0,
0.0,
0.0,
0.0,
0.0,
0.0,
0.0,
0.0,
1.0,
0.0,
0.0,
0.0,
0.0,
0.0,
0.0,
0.0,
0.0,
0.0,
0.0,
0.0,
0.0,
0.0,
0.0,
1.0,
3.0,
0.0,
0.0,
0.0,
1.0,
6.0,
4.0,
1.0,
0.0,
0.0,
0.0,
0.0,
2.0,
0.0,
0.0,
0.0,
0.0,
0.0,
0.0,
0.0,
0.0,
0.0,
0.0,
0.0,
0.0,
6.0,
56.0,
130.0,
184.0,
190.0,
160.0,
126.0,
109.0,
13.0,
10.0,
5.0,
0.0,
0.0,
0.0,
0.0,
1.0,
0.0,
0.0,
0.0,
0.0,
0.0,
6.0,
0.0,
0.0,
0.0,
3.0,
5.0,
111.0,
216.0,
255.0,
247.0,
254.0,
247.0,
255.0,
250.0,
255.0,
255.0,
161.0,
31.0,
0.0,
0.0,
4.0,
0.0,
1.0,
0.0,
0.0,
0.0,
0.0,
3.0,
0.0,
5.0,
10.0,
0.0,
27.0,
194.0,
233.0,
254.0,
244.0,
254.0,
164.0,
129.0,
197.0,
173.0,
237.0,
237.0,
255.0,
192.0,
0.0,
8.0,
0.0,
1.0,
0.0,
0.0,
0.0,
0.0,
0.0,
7.0,
0.0,
0.0,
5.0,
0.0,
145.0,
252.0,
255.0,
213.0,
62.0,
33.0,
25.0,
0.0,
5.0,
6.0,
34.0,
99.0,
207.0,
255.0,
110.0,
14.0,
0.0,
2.0,
0.0,
0.0,
0.0,
0.0,
0.0,
1.0,
4.0,
0.0,
0.0,
2.0,
203.0,
241.0,
241.0,
2.0,
9.0,
0.0,
0.0,
0.0,
0.0,
0.0,
9.0,
0.0,
121.0,
241.0,
231.0,
39.0,
0.0,
1.0,
6.0,
0.0,
0.0,
0.0,
0.0,
0.0,
5.0,
0.0,
9.0,
5.0,
112.0,
255.0,
255.0,
123.0,
27.0,
0.0,
0.0,
8.0,
14.0,
0.0,
0.0,
70.0,
193.0,
255.0,
244.0,
62.0,
0.0,
2.0,
1.0,
0.0,
0.0,
0.0,
0.0,
0.0,
6.0,
0.0,
6.0,
0.0,
33.0,
132.0,
244.0,
255.0,
240.0,
126.0,
37.0,
25.0,
0.0,
10.0,
74.0,
218.0,
255.0,
255.0,
220.0,
26.0,
1.0,
6.0,
0.0,
0.0,
0.0,
0.0,
0.0,
0.0,
7.0,
0.0,
0.0,
0.0,
15.0,
0.0,
124.0,
246.0,
247.0,
247.0,
255.0,
222.0,
125.0,
204.0,
255.0,
255.0,
245.0,
234.0,
136.0,
0.0,
6.0,
2.0,
0.0,
0.0,
0.0,
0.0,
0.0,
3.0,
1.0,
0.0,
1.0,
16.0,
0.0,
7.0,
1.0,
56.0,
110.0,
239.0,
245.0,
247.0,
255.0,
251.0,
247.0,
253.0,
247.0,
254.0,
0.0,
10.0,
1.0,
0.0,
3.0,
0.0,
0.0,
0.0,
0.0,
0.0,
0.0,
0.0,
0.0,
0.0,
0.0,
0.0,
0.0,
0.0,
10.0,
9.0,
15.0,
76.0,
142.0,
126.0,
62.0,
95.0,
255.0,
218.0,
6.0,
0.0,
8.0,
0.0,
0.0,
0.0,
0.0,
0.0,
0.0,
0.0,
0.0,
0.0,
0.0,
0.0,
0.0,
0.0,
0.0,
0.0,
3.0,
8.0,
6.0,
4.0,
3.0,
0.0,
0.0,
126.0,
255.0,
223.0,
5.0,
0.0,
0.0,
0.0,
6.0,
0.0,
0.0,
0.0,
0.0,
0.0,
0.0,
0.0,
0.0,
0.0,
0.0,
0.0,
0.0,
1.0,
0.0,
0.0,
7.0,
1.0,
0.0,
0.0,
6.0,
185.0,
255.0,
233.0,
5.0,
0.0,
0.0,
0.0,
4.0,
0.0,
0.0,
0.0,
0.0,
0.0,
0.0,
0.0,
0.0,
0.0,
0.0,
0.0,
0.0,
8.0,
2.0,
0.0,
0.0,
7.0,
13.0,
9.0,
0.0,
218.0,
253.0,
234.0,
0.0,
0.0,
6.0,
1.0,
0.0,
0.0,
0.0,
0.0,
0.0,
0.0,
0.0,
0.0,
0.0,
0.0,
0.0,
0.0,
0.0,
0.0,
4.0,
4.0,
0.0,
0.0,
0.0,
0.0,
0.0,
205.0,
243.0,
232.0,
0.0,
0.0,
6.0,
8.0,
0.0,
0.0,
0.0,
0.0,
0.0,
0.0,
0.0,
0.0,
0.0,
0.0,
0.0,
0.0,
0.0,
0.0,
0.0,
0.0,
5.0,
5.0,
1.0,
2.0,
8.0,
199.0,
253.0,
233.0,
11.0,
0.0,
0.0,
3.0,
2.0,
0.0,
0.0,
0.0,
0.0,
0.0,
0.0,
0.0,
0.0,
0.0,
0.0,
0.0,
0.0,
11.0,
0.0,
0.0,
2.0,
6.0,
0.0,
0.0,
0.0,
209.0,
255.0,
202.0,
11.0,
0.0,
0.0,
0.0,
0.0,
0.0,
0.0,
0.0,
0.0,
0.0,
0.0,
0.0,
0.0,
0.0,
0.0,
0.0,
0.0,
0.0,
1.0,
2.0,
0.0,
0.0,
0.0,
0.0,
4.0,
209.0,
238.0,
150.0,
0.0,
3.0,
3.0,
0.0,
0.0,
0.0,
0.0,
0.0,
0.0,
0.0,
0.0,
0.0,
0.0,
0.0,
0.0,
0.0,
0.0,
0.0,
3.0,
0.0,
0.0,
10.0,
0.0,
4.0,
60.0,
245.0,
251.0,
145.0,
7.0,
0.0,
2.0,
7.0,
0.0,
0.0,
0.0,
0.0,
0.0,
0.0,
0.0,
0.0,
0.0,
0.0,
0.0,
0.0,
0.0,
0.0,
2.0,
0.0,
0.0,
11.0,
0.0,
8.0,
52.0,
237.0,
255.0,
110.0,
0.0,
0.0,
0.0,
2.0,
8.0,
0.0,
0.0,
0.0,
0.0,
0.0,
0.0,
0.0,
0.0,
0.0,
0.0,
0.0,
0.0,
0.0,
6.0,
0.0,
0.0,
3.0,
0.0,
0.0,
20.0,
174.0,
226.0,
78.0,
14.0,
11.0,
0.0,
0.0,
0.0,
0.0,
0.0,
0.0,
0.0,
0.0,
0.0,
0.0,
0.0,
0.0,
0.0,
0.0,
0.0,
0.0,
8.0,
1.0,
0.0,
0.0,
0.0,
0.0,
0.0,
0.0,
37.0,
0.0,
0.0,
8.0,
3.0,
0.0,
6.0,
0.0,
0.0,
0.0,
0.0,
