0.0,
0.0,
0.0,
0.0,
0.0,
0.0,
0.0,
0.0,
3.0,
2.0,
0.0,
0.0,
0.0,
0.0,
0.0,
0.0,
7.0,
1.0,
0.0,
0.0,
0.0,
3.0,
2.0,
0.0,
0.0,
0.0,
0.0,
0.0,
0.0,
0.0,
0.0,
0.0,
0.0,
0.0,
0.0,
0.0,
0.0,
0.0,
1.0,
2.0,
2.0,
1.0,
0.0,
0.0,
0.0,
0.0,
0.0,
1.0,
3.0,
3.0,
0.0,
0.0,
0.0,
0.0,
0.0,
0.0,
0.0,
0.0,
0.0,
0.0,
0.0,
0.0,
0.0,
0.0,
0.0,
0.0,
0.0,
2.0,
3.0,
4.0,
5.0,
6.0,
0.0,
0.0,
3.0,
4.0,
4.0,
3.0,
2.0,
2.0,
0.0,
0.0,
0.0,
0.0,
0.0,
0.0,
0.0,
0.0,
0.0,
0.0,
0.0,
0.0,
5.0,
2.0,
0.0,
0.0,
0.0,
0.0,
0.0,
0.0,
6.0,
4.0,
1.0,
0.0,
0.0,
0.0,
0.0,
0.0,
0.0,
0.0,
0.0,
0.0,
0.0,
0.0,
0.0,
0.0,
0.0,
0.0,
0.0,
0.0,
0.0,
0.0,
0.0,
3.0,
5.0,
6.0,
6.0,
6.0,
0.0,
0.0,
0.0,
0.0,
1.0,
5.0,
5.0,
4.0,
0.0,
0.0,
0.0,
0.0,
0.0,
0.0,
0.0,
0.0,
0.0,
0.0,
0.0,
0.0,
0.0,
0.0,
0.0,
2.0,
1.0,
0.0,
0.0,
0.0,
6.0,
7.0,
7.0,
7.0,
5.0,
1.0,
0.0,
0.0,
0.0,
0.0,
0.0,
0.0,
0.0,
0.0,
0.0,
0.0,
0.0,
0.0,
0.0,
0.0,
5.0,
3.0,
0.0,
0.0,
0.0,
1.0,
5.0,
8.0,
0.0,
0.0,
2.0,
0.0,
0.0,
0.0,
0.0,
6.0,
0.0,
0.0,
0.0,
0.0,
0.0,
0.0,
0.0,
0.0,
0.0,
0.0,
0.0,
0.0,
0.0,
0.0,
2.0,
20.0,
53.0,
95.0,
135.0,
159.0,
255.0,
247.0,
206.0,
141.0,
71.0,
22.0,
2.0,
1.0,
0.0,
0.0,
0.0,
0.0,
0.0,
12.0,
5.0,
1.0,
0.0,
11.0,
0.0,
8.0,
6.0,
85.0,
173.0,
243.0,
245.0,
255.0,
245.0,
253.0,
249.0,
255.0,
255.0,
255.0,
249.0,
255.0,
242.0,
79.0,
0.0,
0.0,
0.0,
0.0,
5.0,
0.0,
0.0,
6.0,
1.0,
1.0,
6.0,
97.0,
255.0,
239.0,
246.0,
255.0,
243.0,
244.0,
231.0,
245.0,
151.0,
85.0,
115.0,
116.0,
154.0,
242.0,
255.0,
139.0,
0.0,
0.0,
0.0,
0.0,
2.0,
0.0,
0.0,
8.0,
0.0,
0.0,
98.0,
235.0,
233.0,
226.0,
150.0,
105.0,
82.0,
12.0,
5.0,
0.0,
0.0,
27.0,
0.0,
14.0,
9.0,
8.0,
228.0,
122.0,
0.0,
0.0,
0.0,
0.0,
0.0,
8.0,
9.0,
0.0,
0.0,
4.0,
199.0,
255.0,
222.0,
12.0,
7.0,
3.0,
0.0,
0.0,
0.0,
7.0,
0.0,
0.0,
10.0,
0.0,
72.0,
184.0,
255.0,
142.0,
0.0,
0.0,
0.0,
0.0,
0.0,
4.0,
4.0,
0.0,
0.0,
9.0,
251.0,
240.0,
109.0,
0.0,
0.0,
0.0,
13.0,
0.0,
9.0,
0.0,
16.0,
0.0,
7.0,
139.0,
255.0,
247.0,
254.0,
123.0,
0.0,
0.0,
0.0,
0.0,
0.0,
0.0,
2.0,
0.0,
3.0,
7.0,
253.0,
255.0,
247.0,
6.0,
17.0,
0.0,
0.0,
1.0,
0.0,
0.0,
14.0,
40.0,
177.0,
255.0,
247.0,
239.0,
217.0,
54.0,
0.0,
0.0,
0.0,
0.0,
1.0,
0.0,
2.0,
7.0,
0.0,
4.0,
151.0,
238.0,
244.0,
209.0,
142.0,
57.0,
33.0,
3.0,
37.0,
49.0,
176.0,
248.0,
251.0,
244.0,
253.0,
158.0,
9.0,
0.0,
0.0,
0.0,
0.0,
0.0,
6.0,
0.0,
0.0,
3.0,
0.0,
1.0,
0.0,
91.0,
195.0,
255.0,
255.0,
223.0,
215.0,
185.0,
228.0,
255.0,
248.0,
255.0,
255.0,
245.0,
102.0,
7.0,
0.0,
0.0,
0.0,
0.0,
0.0,
0.0,
0.0,
0.0,
0.0,
0.0,
0.0,
0.0,
0.0,
0.0,
1.0,
71.0,
148.0,
223.0,
239.0,
189.0,
233.0,
255.0,
255.0,
224.0,
155.0,
70.0,
9.0,
0.0,
2.0,
0.0,
0.0,
0.0,
0.0,
0.0,
0.0,
0.0,
0.0,
0.0,
0.0,
0.0,
0.0,
0.0,
8.0,
11.0,
0.0,
46.0,
56.0,
0.0,
192.0,
245.0,
229.0,
117.0,
16.0,
0.0,
0.0,
7.0,
7.0,
0.0,
0.0,
0.0,
0.0,
0.0,
0.0,
0.0,
0.0,
0.0,
0.0,
0.0,
0.0,
0.0,
0.0,
0.0,
2.0,
2.0,
6.0,
143.0,
249.0,
246.0,
82.0,
18.0,
0.0,
6.0,
7.0,
0.0,
0.0,
7.0,
0.0,
0.0,
0.0,
0.0,
0.0,
0.0,
0.0,
0.0,
0.0,
0.0,
0.0,
0.0,
12.0,
0.0,
18.0,
0.0,
15.0,
255.0,
251.0,
236.0,
26.0,
0.0,
0.0,
4.0,
4.0,
0.0,
1.0,
0.0,
0.0,
0.0,
0.0,
0.0,
0.0,
0.0,
0.0,
0.0,
0.0,
0.0,
0.0,
0.0,
0.0,
0.0,
0.0,
29.0,
173.0,
255.0,
212.0,
60.0,
19.0,
3.0,
0.0,
0.0,
0.0,
7.0,
7.0,
0.0,
0.0,
0.0,
0.0,
0.0,
0.0,
0.0,
0.0,
0.0,
0.0,
0.0,
0.0,
0.0,
8.0,
10.0,
7.0,
126.0,
255.0,
224.0,
143.0,
0.0,
0.0,
0.0,
9.0,
18.0,
3.0,
0.0,
0.0,
2.0,
0.0,
0.0,
0.0,
0.0,
0.0,
0.0,
0.0,
0.0,
0.0,
0.0,
0.0,
0.0,
0.0,
1.0,
129.0,
252.0,
224.0,
59.0,
0.0,
7.0,
12.0,
0.0,
0.0,
0.0,
0.0,
2.0,
7.0,
4.0,
0.0,
0.0,
0.0,
0.0,
0.0,
0.0,
0.0,
0.0,
0.0,
0.0,
0.0,
0.0,
0.0,
36.0,
246.0,
255.0,
203.0,
7.0,
6.0,
0.0,
0.0,
0.0,
3.0,
0.0,
0.0,
1.0,
5.0,
0.0,
0.0,
0.0,
0.0,
0.0,
0.0,
0.0,
0.0,
0.0,
0.0,
0.0,
0.0,
0.0,
0.0,
99.0,
236.0,
240.0,
64.0,
1.0,
9.0,
0.0,
0.0,
0.0,
0.0,
0.0,
0.0,
0.0,
0.0,
0.0,
0.0,
0.0,
0.0,
0.0,
0.0,
0.0,
0.0,
0.0,
0.0,
0.0,
0.0,
0.0,
29.0,
226.0,
255.0,
136.0,
0.0,
0.0,
0.0,
2.0,
0.0,
0.0,
0.0,
0.0,
0.0,
0.0,
0.0,
0.0,
0.0,
0.0,
0.0,
0.0,
0.0,
0.0,
0.0,
0.0,
0.0,
0.0,
0.0,
0.0,
90.0,
255.0,
248.0,
98.0,
5.0,
0.0,
0.0,
17.0,
0.0,
0.0,
0.0,
0.0,
0.0,
0.0,
0.0,
0.0,
0.0,
0.0,
0.0,
0.0,
0.0,
0.0,
0.0,
0.0,
0.0,
0.0,
0.0,
0.0,
0.0,
4.0,
0.0,
0.0,
0.0,
9.0,
0.0,
0.0,
0.0,
0.0,
0.0,
0.0,
0.0,
0.0,
0.0,
0.0,
0.0,
0.0,
0.0,
0.0,
