0.0,
0.0,
0.0,
0.0,
0.0,
0.0,
0.0,
0.0,
0.0,
0.0,
1.0,
5.0,
0.0,
0.0,
4.0,
0.0,
0.0,
0.0,
0.0,
1.0,
0.0,
0.0,
0.0,
9.0,
0.0,
0.0,
0.0,
0.0,
0.0,
0.0,
0.0,
0.0,
0.0,
0.0,
0.0,
0.0,
5.0,
0.0,
0.0,
0.0,
3.0,
4.0,
5.0,
0.0,
3.0,
3.0,
5.0,
7.0,
4.0,
0.0,
0.0,
0.0,
0.0,
0.0,
0.0,
0.0,
0.0,
0.0,
0.0,
0.0,
0.0,
0.0,
0.0,
0.0,
0.0,
1.0,
4.0,
3.0,
5.0,
0.0,
0.0,
0.0,
0.0,
0.0,
0.0,
0.0,
2.0,
3.0,
1.0,
0.0,
0.0,
0.0,
0.0,
0.0,
0.0,
0.0,
0.0,
0.0,
0.0,
0.0,
0.0,
0.0,
8.0,
7.0,
3.0,
0.0,
0.0,
4.0,
0.0,
11.0,
0.0,
0.0,
0.0,
0.0,
0.0,
2.0,
5.0,
3.0,
0.0,
0.0,
0.0,
0.0,
0.0,
0.0,
0.0,
0.0,
0.0,
0.0,
0.0,
0.0,
6.0,
0.0,
0.0,
0.0,
6.0,
13.0,
0.0,
0.0,
0.0,
4.0,
4.0,
0.0,
0.0,
0.0,
1.0,
2.0,
0.0,
0.0,
0.0,
0.0,
0.0,
0.0,
0.0,
0.0,
0.0,
0.0,
0.0,
0.0,
5.0,
0.0,
14.0,
1.0,
0.0,
2.0,
1.0,
15.0,
0.0,
0.0,
0.0,
1.0,
2.0,
0.0,
0.0,
1.0,
0.0,
0.0,
0.0,
0.0,
0.0,
0.0,
0.0,
0.0,
0.0,
0.0,
0.0,
0.0,
20.0,
0.0,
26.0,
108.0,
181.0,
207.0,
104.0,
0.0,
15.0,
0.0,
0.0,
0.0,
4.0,
0.0,
0.0,
3.0,
0.0,
0.0,
0.0,
0.0,
0.0,
0.0,
0.0,
0.0,
0.0,
0.0,
0.0,
0.0,
0.0,
31.0,
185.0,
255.0,
250.0,
255.0,
255.0,
244.0,
62.0,
23.0,
0.0,
0.0,
4.0,
0.0,
0.0,
3.0,
0.0,
0.0,
0.0,
0.0,
2.0,
0.0,
0.0,
0.0,
7.0,
4.0,
0.0,
0.0,
33.0,
91.0,
252.0,
255.0,
227.0,
79.0,
136.0,
254.0,
244.0,
72.0,
0.0,
6.0,
1.0,
14.0,
0.0,
4.0,
0.0,
0.0,
0.0,
0.0,
0.0,
2.0,
5.0,
0.0,
0.0,
0.0,
0.0,
1.0,
133.0,
244.0,
245.0,
208.0,
0.0,
18.0,
0.0,
47.0,
222.0,
206.0,
20.0,
0.0,
0.0,
0.0,
4.0,
2.0,
0.0,
0.0,
0.0,
0.0,
0.0,
5.0,
7.0,
0.0,
0.0,
4.0,
0.0,
20.0,
253.0,
245.0,
225.0,
60.0,
2.0,
0.0,
0.0,
13.0,
164.0,
209.0,
2.0,
0.0,
7.0,
0.0,
5.0,
0.0,
0.0,
0.0,
0.0,
0.0,
0.0,
2.0,
0.0,
0.0,
3.0,
8.0,
0.0,
59.0,
243.0,
201.0,
6.0,
12.0,
0.0,
0.0,
0.0,
52.0,
233.0,
238.0,
82.0,
10.0,
0.0,
0.0,
0.0,
0.0,
0.0,
0.0,
0.0,
0.0,
2.0,
1.0,
0.0,
1.0,
0.0,
0.0,
2.0,
132.0,
255.0,
97.0,
16.0,
0.0,
0.0,
17.0,
0.0,
64.0,
185.0,
255.0,
183.0,
5.0,
0.0,
0.0,
8.0,
0.0,
0.0,
0.0,
0.0,
0.0,
0.0,
1.0,
1.0,
7.0,
0.0,
0.0,
23.0,
216.0,
230.0,
6.0,
3.0,
5.0,
0.0,
0.0,
0.0,
0.0,
116.0,
251.0,
186.0,
0.0,
11.0,
0.0,
8.0,
0.0,
0.0,
0.0,
0.0,
0.0,
0.0,
3.0,
0.0,
6.0,
0.0,
3.0,
21.0,
224.0,
240.0,
0.0,
9.0,
0.0,
0.0,
6.0,
21.0,
67.0,
244.0,
255.0,
174.0,
5.0,
14.0,
0.0,
3.0,
0.0,
0.0,
0.0,
0.0,
0.0,
3.0,
8.0,
0.0,
0.0,
0.0,
4.0,
0.0,
166.0,
244.0,
85.0,
0.0,
0.0,
9.0,
21.0,
143.0,
255.0,
255.0,
226.0,
148.0,
7.0,
0.0,
5.0,
12.0,
0.0,
0.0,
0.0,
0.0,
0.0,
0.0,
2.0,
4.0,
0.0,
0.0,
0.0,
9.0,
21.0,
224.0,
219.0,
134.0,
30.0,
54.0,
185.0,
255.0,
238.0,
248.0,
252.0,
117.0,
0.0,
0.0,
6.0,
0.0,
0.0,
0.0,
0.0,
0.0,
0.0,
0.0,
1.0,
3.0,
1.0,
0.0,
0.0,
3.0,
10.0,
16.0,
160.0,
248.0,
228.0,
230.0,
254.0,
172.0,
32.0,
163.0,
250.0,
96.0,
7.0,
0.0,
4.0,
0.0,
9.0,
0.0,
0.0,
0.0,
0.0,
0.0,
0.0,
2.0,
1.0,
0.0,
0.0,
0.0,
0.0,
0.0,
9.0,
35.0,
47.0,
39.0,
19.0,
4.0,
0.0,
182.0,
255.0,
53.0,
3.0,
6.0,
5.0,
0.0,
4.0,
0.0,
0.0,
0.0,
0.0,
0.0,
0.0,
0.0,
0.0,
1.0,
0.0,
0.0,
0.0,
13.0,
1.0,
0.0,
0.0,
0.0,
0.0,
0.0,
7.0,
217.0,
250.0,
18.0,
0.0,
6.0,
1.0,
0.0,
9.0,
0.0,
0.0,
0.0,
0.0,
1.0,
0.0,
0.0,
0.0,
0.0,
1.0,
0.0,
0.0,
0.0,
3.0,
1.0,
0.0,
0.0,
13.0,
8.0,
0.0,
224.0,
243.0,
88.0,
10.0,
4.0,
0.0,
0.0,
8.0,
0.0,
0.0,
0.0,
0.0,
1.0,
0.0,
0.0,
0.0,
0.0,
2.0,
3.0,
3.0,
9.0,
0.0,
0.0,
7.0,
4.0,
0.0,
0.0,
13.0,
210.0,
255.0,
162.0,
13.0,
0.0,
1.0,
1.0,
0.0,
0.0,
0.0,
0.0,
0.0,
0.0,
0.0,
0.0,
0.0,
0.0,
0.0,
1.0,
2.0,
0.0,
2.0,
4.0,
0.0,
0.0,
0.0,
0.0,
0.0,
145.0,
241.0,
156.0,
0.0,
0.0,
9.0,
6.0,
0.0,
0.0,
0.0,
0.0,
0.0,
0.0,
0.0,
2.0,
1.0,
0.0,
0.0,
0.0,
0.0,
3.0,
0.0,
0.0,
0.0,
3.0,
4.0,
1.0,
0.0,
118.0,
255.0,
171.0,
11.0,
6.0,
5.0,
0.0,
3.0,
0.0,
0.0,
0.0,
0.0,
0.0,
0.0,
0.0,
0.0,
0.0,
0.0,
0.0,
0.0,
0.0,
0.0,
0.0,
0.0,
0.0,
0.0,
0.0,
0.0,
58.0,
255.0,
172.0,
0.0,
7.0,
8.0,
0.0,
9.0,
0.0,
0.0,
0.0,
0.0,
0.0,
0.0,
0.0,
0.0,
0.0,
0.0,
0.0,
0.0,
0.0,
0.0,
0.0,
0.0,
0.0,
0.0,
0.0,
0.0,
60.0,
249.0,
193.0,
26.0,
0.0,
0.0,
6.0,
0.0,
0.0,
0.0,
0.0,
0.0,
0.0,
0.0,
0.0,
0.0,
0.0,
0.0,
0.0,
0.0,
0.0,
0.0,
0.0,
0.0,
0.0,
0.0,
0.0,
0.0,
0.0,
9.0,
0.0,
0.0,
7.0,
0.0,
8.0,
9.0,
0.0,
0.0,
0.0,
0.0,
0.0,
0.0,
0.0,
0.0,
0.0,
0.0,
0.0,
0.0,
0.0,
0.0,
0.0,
0.0,
0.0,
0.0,
0.0,
0.0,
15.0,
1.0,
0.0,
10.0,
6.0,
0.0,
3.0,
0.0,
0.0,
0.0,
0.0,
0.0,
