0.0,
0.0,
0.0,
0.0,
0.0,
0.0,
0.0,
0.0,
0.0,
0.0,
4.0,
7.0,
0.0,
0.0,
0.0,
9.0,
0.0,
0.0,
0.0,
1.0,
4.0,
0.0,
0.0,
11.0,
0.0,
0.0,
0.0,
0.0,
0.0,
0.0,
0.0,
0.0,
0.0,
0.0,
0.0,
0.0,
0.0,
0.0,
0.0,
0.0,
1.0,
12.0,
6.0,
0.0,
1.0,
4.0,
1.0,
0.0,
1.0,
5.0,
0.0,
0.0,
0.0,
0.0,
0.0,
0.0,
0.0,
0.0,
0.0,
0.0,
0.0,
0.0,
0.0,
0.0,
7.0,
4.0,
2.0,
4.0,
4.0,
2.0,
1.0,
2.0,
0.0,
1.0,
9.0,
7.0,
0.0,
0.0,
9.0,
10.0,
0.0,
0.0,
0.0,
0.0,
0.0,
0.0,
0.0,
0.0,
0.0,
0.0,
0.0,
0.0,
0.0,
0.0,
2.0,
0.0,
0.0,
0.0,
0.0,
3.0,
15.0,
0.0,
0.0,
2.0,
2.0,
0.0,
0.0,
0.0,
0.0,
0.0,
0.0,
0.0,
0.0,
0.0,
0.0,
0.0,
0.0,
0.0,
0.0,
0.0,
0.0,
4.0,
2.0,
0.0,
0.0,
18.0,
12.0,
0.0,
2.0,
0.0,
0.0,
9.0,
8.0,
3.0,
2.0,
1.0,
0.0,
0.0,
0.0,
0.0,
0.0,
0.0,
0.0,
0.0,
0.0,
0.0,
0.0,
0.0,
14.0,
1.0,
0.0,
9.0,
1.0,
0.0,
0.0,
11.0,
0.0,
8.0,
0.0,
0.0,
0.0,
5.0,
0.0,
0.0,
0.0,
0.0,
0.0,
0.0,
0.0,
0.0,
0.0,
0.0,
0.0,
0.0,
0.0,
0.0,
6.0,
0.0,
0.0,
4.0,
0.0,
0.0,
46.0,
115.0,
209.0,
255.0,
255.0,
195.0,
107.0,
10.0,
0.0,
20.0,
0.0,
0.0,
0.0,
0.0,
0.0,
0.0,
0.0,
0.0,
0.0,
0.0,
0.0,
0.0,
0.0,
12.0,
7.0,
0.0,
21.0,
119.0,
212.0,
254.0,
247.0,
228.0,
208.0,
243.0,
255.0,
139.0,
10.0,
0.0,
0.0,
0.0,
0.0,
0.0,
0.0,
0.0,
0.0,
0.0,
1.0,
1.0,
0.0,
0.0,
3.0,
1.0,
0.0,
68.0,
216.0,
255.0,
223.0,
79.0,
47.0,
0.0,
10.0,
75.0,
253.0,
242.0,
3.0,
6.0,
0.0,
0.0,
0.0,
0.0,
0.0,
0.0,
0.0,
0.0,
1.0,
1.0,
0.0,
0.0,
0.0,
0.0,
93.0,
223.0,
241.0,
124.0,
46.0,
0.0,
0.0,
16.0,
0.0,
8.0,
221.0,
110.0,
0.0,
9.0,
0.0,
0.0,
0.0,
0.0,
0.0,
0.0,
0.0,
0.0,
1.0,
1.0,
1.0,
1.0,
0.0,
142.0,
251.0,
214.0,
102.0,
0.0,
0.0,
9.0,
0.0,
0.0,
0.0,
29.0,
255.0,
192.0,
12.0,
7.0,
0.0,
0.0,
0.0,
0.0,
0.0,
1.0,
1.0,
1.0,
0.0,
0.0,
1.0,
3.0,
32.0,
255.0,
218.0,
54.0,
4.0,
7.0,
0.0,
0.0,
0.0,
10.0,
22.0,
171.0,
255.0,
133.0,
15.0,
0.0,
0.0,
0.0,
0.0,
0.0,
0.0,
1.0,
2.0,
1.0,
0.0,
0.0,
2.0,
5.0,
112.0,
249.0,
92.0,
4.0,
6.0,
0.0,
0.0,
12.0,
10.0,
0.0,
143.0,
255.0,
166.0,
0.0,
0.0,
4.0,
0.0,
0.0,
0.0,
0.0,
0.0,
1.0,
3.0,
1.0,
0.0,
0.0,
3.0,
7.0,
238.0,
222.0,
0.0,
0.0,
17.0,
0.0,
14.0,
0.0,
0.0,
53.0,
255.0,
246.0,
47.0,
2.0,
0.0,
10.0,
0.0,
0.0,
0.0,
0.0,
0.0,
2.0,
3.0,
1.0,
0.0,
0.0,
4.0,
9.0,
221.0,
218.0,
12.0,
10.0,
0.0,
0.0,
8.0,
0.0,
42.0,
215.0,
243.0,
155.0,
0.0,
0.0,
10.0,
0.0,
0.0,
0.0,
0.0,
0.0,
0.0,
2.0,
3.0,
1.0,
0.0,
0.0,
4.0,
10.0,
237.0,
218.0,
0.0,
0.0,
10.0,
8.0,
1.0,
31.0,
196.0,
255.0,
169.0,
0.0,
11.0,
7.0,
0.0,
12.0,
0.0,
0.0,
0.0,
0.0,
0.0,
0.0,
0.0,
0.0,
0.0,
0.0,
2.0,
2.0,
150.0,
230.0,
133.0,
7.0,
0.0,
20.0,
119.0,
253.0,
255.0,
163.0,
20.0,
0.0,
6.0,
0.0,
0.0,
6.0,
0.0,
0.0,
0.0,
0.0,
0.0,
0.0,
0.0,
0.0,
0.0,
0.0,
1.0,
2.0,
0.0,
147.0,
255.0,
236.0,
186.0,
235.0,
255.0,
250.0,
225.0,
48.0,
0.0,
13.0,
8.0,
0.0,
4.0,
0.0,
0.0,
0.0,
0.0,
0.0,
0.0,
0.0,
0.0,
0.0,
0.0,
0.0,
1.0,
2.0,
0.0,
11.0,
34.0,
126.0,
154.0,
167.0,
248.0,
249.0,
104.0,
0.0,
0.0,
16.0,
0.0,
3.0,
11.0,
0.0,
0.0,
0.0,
0.0,
0.0,
1.0,
0.0,
0.0,
0.0,
0.0,
0.0,
1.0,
1.0,
7.0,
0.0,
0.0,
27.0,
0.0,
102.0,
255.0,
170.0,
0.0,
4.0,
18.0,
0.0,
0.0,
2.0,
0.0,
1.0,
0.0,
0.0,
0.0,
0.0,
1.0,
1.0,
0.0,
0.0,
0.0,
0.0,
0.0,
1.0,
0.0,
0.0,
19.0,
0.0,
73.0,
255.0,
176.0,
0.0,
0.0,
13.0,
0.0,
0.0,
17.0,
0.0,
0.0,
4.0,
0.0,
0.0,
0.0,
0.0,
2.0,
1.0,
0.0,
0.0,
0.0,
0.0,
0.0,
0.0,
1.0,
0.0,
0.0,
66.0,
255.0,
233.0,
28.0,
16.0,
7.0,
3.0,
0.0,
1.0,
12.0,
0.0,
3.0,
0.0,
0.0,
0.0,
0.0,
0.0,
2.0,
1.0,
0.0,
0.0,
0.0,
0.0,
0.0,
0.0,
5.0,
0.0,
73.0,
234.0,
235.0,
88.0,
4.0,
0.0,
0.0,
0.0,
3.0,
1.0,
0.0,
0.0,
9.0,
0.0,
0.0,
0.0,
0.0,
0.0,
2.0,
2.0,
0.0,
0.0,
0.0,
0.0,
0.0,
0.0,
0.0,
42.0,
210.0,
233.0,
68.0,
0.0,
3.0,
3.0,
0.0,
0.0,
8.0,
0.0,
1.0,
8.0,
0.0,
4.0,
0.0,
0.0,
0.0,
0.0,
0.0,
0.0,
0.0,
0.0,
0.0,
0.0,
0.0,
0.0,
16.0,
204.0,
246.0,
135.0,
11.0,
0.0,
19.0,
0.0,
0.0,
0.0,
0.0,
0.0,
0.0,
0.0,
0.0,
0.0,
0.0,
0.0,
0.0,
0.0,
0.0,
0.0,
0.0,
0.0,
0.0,
0.0,
0.0,
0.0,
20.0,
249.0,
152.0,
0.0,
12.0,
12.0,
0.0,
13.0,
0.0,
0.0,
0.0,
0.0,
0.0,
0.0,
0.0,
0.0,
0.0,
0.0,
0.0,
0.0,
0.0,
0.0,
0.0,
0.0,
0.0,
0.0,
0.0,
0.0,
0.0,
0.0,
0.0,
3.0,
0.0,
0.0,
13.0,
0.0,
0.0,
0.0,
0.0,
0.0,
0.0,
0.0,
0.0,
0.0,
0.0,
0.0,
0.0,
0.0,
0.0,
0.0,
0.0,
0.0,
0.0,
0.0,
0.0,
0.0,
13.0,
9.0,
0.0,
9.0,
12.0,
0.0,
0.0,
0.0,
0.0,
0.0,
0.0,
0.0,
0.0,
0.0,
0.0,
0.0,
0.0,
0.0,
0.0,
0.0,
