0.0,
0.0,
0.0,
0.0,
0.0,
0.0,
0.0,
0.0,
2.0,
0.0,
0.0,
0.0,
2.0,
4.0,
2.0,
0.0,
0.0,
0.0,
0.0,
1.0,
6.0,
4.0,
1.0,
0.0,
0.0,
0.0,
0.0,
0.0,
0.0,
0.0,
0.0,
0.0,
0.0,
0.0,
0.0,
0.0,
2.0,
12.0,
12.0,
0.0,
0.0,
1.0,
2.0,
0.0,
4.0,
5.0,
4.0,
2.0,
0.0,
0.0,
0.0,
4.0,
0.0,
0.0,
0.0,
0.0,
0.0,
0.0,
0.0,
0.0,
0.0,
0.0,
0.0,
0.0,
0.0,
0.0,
0.0,
7.0,
6.0,
0.0,
0.0,
4.0,
0.0,
0.0,
1.0,
1.0,
0.0,
0.0,
0.0,
0.0,
0.0,
0.0,
0.0,
0.0,
0.0,
0.0,
0.0,
0.0,
0.0,
0.0,
0.0,
0.0,
12.0,
13.0,
4.0,
0.0,
0.0,
6.0,
9.0,
3.0,
0.0,
0.0,
0.0,
0.0,
3.0,
6.0,
2.0,
0.0,
0.0,
0.0,
0.0,
0.0,
0.0,
0.0,
0.0,
0.0,
0.0,
0.0,
0.0,
0.0,
0.0,
0.0,
0.0,
8.0,
9.0,
2.0,
0.0,
0.0,
10.0,
5.0,
1.0,
0.0,
0.0,
0.0,
0.0,
1.0,
0.0,
0.0,
0.0,
0.0,
0.0,
0.0,
0.0,
0.0,
0.0,
0.0,
0.0,
0.0,
4.0,
7.0,
4.0,
0.0,
0.0,
0.0,
0.0,
2.0,
0.0,
0.0,
0.0,
1.0,
2.0,
0.0,
0.0,
5.0,
0.0,
0.0,
0.0,
0.0,
0.0,
0.0,
0.0,
0.0,
0.0,
0.0,
0.0,
0.0,
0.0,
14.0,
3.0,
0.0,
38.0,
150.0,
195.0,
166.0,
92.0,
39.0,
0.0,
0.0,
8.0,
2.0,
0.0,
2.0,
0.0,
0.0,
0.0,
0.0,
0.0,
0.0,
0.0,
0.0,
0.0,
0.0,
0.0,
0.0,
12.0,
0.0,
1.0,
108.0,
215.0,
255.0,
254.0,
249.0,
255.0,
152.0,
29.0,
0.0,
2.0,
4.0,
0.0,
0.0,
0.0,
0.0,
0.0,
0.0,
0.0,
3.0,
0.0,
0.0,
8.0,
8.0,
0.0,
0.0,
3.0,
10.0,
141.0,
255.0,
251.0,
142.0,
80.0,
100.0,
223.0,
239.0,
159.0,
0.0,
0.0,
8.0,
0.0,
5.0,
0.0,
0.0,
0.0,
0.0,
0.0,
6.0,
2.0,
0.0,
0.0,
0.0,
0.0,
3.0,
0.0,
109.0,
255.0,
244.0,
79.0,
5.0,
0.0,
6.0,
11.0,
208.0,
255.0,
80.0,
0.0,
4.0,
14.0,
0.0,
0.0,
0.0,
0.0,
0.0,
0.0,
4.0,
0.0,
0.0,
3.0,
0.0,
0.0,
7.0,
34.0,
231.0,
255.0,
72.0,
0.0,
12.0,
5.0,
0.0,
0.0,
7.0,
212.0,
160.0,
13.0,
11.0,
0.0,
8.0,
0.0,
0.0,
0.0,
0.0,
3.0,
2.0,
0.0,
0.0,
11.0,
7.0,
0.0,
0.0,
55.0,
255.0,
224.0,
40.0,
11.0,
0.0,
0.0,
15.0,
0.0,
2.0,
176.0,
128.0,
0.0,
8.0,
0.0,
0.0,
0.0,
0.0,
0.0,
0.0,
3.0,
4.0,
0.0,
0.0,
2.0,
0.0,
0.0,
6.0,
181.0,
241.0,
70.0,
0.0,
0.0,
0.0,
7.0,
0.0,
193.0,
168.0,
1.0,
0.0,
0.0,
0.0,
11.0,
7.0,
0.0,
0.0,
0.0,
0.0,
0.0,
2.0,
4.0,
0.0,
0.0,
0.0,
12.0,
46.0,
243.0,
255.0,
11.0,
3.0,
1.0,
0.0,
16.0,
84.0,
241.0,
254.0,
0.0,
0.0,
19.0,
0.0,
7.0,
0.0,
0.0,
0.0,
0.0,
0.0,
0.0,
1.0,
2.0,
1.0,
0.0,
0.0,
16.0,
50.0,
255.0,
244.0,
2.0,
0.0,
13.0,
8.0,
54.0,
222.0,
255.0,
231.0,
16.0,
0.0,
0.0,
2.0,
0.0,
4.0,
0.0,
0.0,
0.0,
0.0,
8.0,
4.0,
0.0,
0.0,
4.0,
0.0,
0.0,
7.0,
195.0,
255.0,
162.0,
62.0,
113.0,
200.0,
251.0,
253.0,
249.0,
245.0,
0.0,
0.0,
11.0,
0.0,
0.0,
1.0,
0.0,
0.0,
0.0,
0.0,
0.0,
0.0,
0.0,
0.0,
0.0,
0.0,
0.0,
0.0,
45.0,
222.0,
255.0,
238.0,
255.0,
245.0,
124.0,
34.0,
231.0,
241.0,
6.0,
0.0,
7.0,
0.0,
0.0,
1.0,
0.0,
0.0,
0.0,
0.0,
0.0,
0.0,
0.0,
0.0,
0.0,
0.0,
0.0,
0.0,
0.0,
22.0,
47.0,
82.0,
91.0,
35.0,
0.0,
5.0,
240.0,
248.0,
0.0,
0.0,
4.0,
2.0,
5.0,
0.0,
0.0,
0.0,
0.0,
0.0,
0.0,
0.0,
0.0,
0.0,
0.0,
0.0,
0.0,
0.0,
1.0,
0.0,
7.0,
11.0,
0.0,
2.0,
7.0,
0.0,
238.0,
250.0,
0.0,
3.0,
0.0,
0.0,
11.0,
0.0,
0.0,
0.0,
0.0,
0.0,
0.0,
0.0,
0.0,
0.0,
0.0,
0.0,
0.0,
0.0,
6.0,
0.0,
0.0,
6.0,
0.0,
0.0,
4.0,
0.0,
232.0,
246.0,
0.0,
11.0,
0.0,
0.0,
8.0,
0.0,
0.0,
0.0,
0.0,
0.0,
0.0,
0.0,
0.0,
0.0,
0.0,
0.0,
0.0,
0.0,
7.0,
0.0,
0.0,
3.0,
9.0,
0.0,
0.0,
11.0,
240.0,
248.0,
0.0,
2.0,
2.0,
0.0,
3.0,
0.0,
0.0,
0.0,
0.0,
0.0,
0.0,
0.0,
0.0,
0.0,
0.0,
0.0,
0.0,
0.0,
0.0,
12.0,
3.0,
0.0,
0.0,
10.0,
0.0,
0.0,
229.0,
255.0,
23.0,
0.0,
5.0,
2.0,
1.0,
0.0,
0.0,
0.0,
0.0,
0.0,
0.0,
0.0,
0.0,
0.0,
0.0,
0.0,
0.0,
0.0,
4.0,
2.0,
2.0,
9.0,
11.0,
0.0,
0.0,
0.0,
161.0,
255.0,
84.0,
0.0,
6.0,
6.0,
0.0,
1.0,
0.0,
0.0,
0.0,
0.0,
0.0,
0.0,
0.0,
0.0,
0.0,
0.0,
0.0,
0.0,
5.0,
0.0,
0.0,
0.0,
0.0,
0.0,
5.0,
3.0,
82.0,
252.0,
141.0,
5.0,
4.0,
1.0,
0.0,
7.0,
0.0,
0.0,
0.0,
0.0,
0.0,
0.0,
0.0,
0.0,
0.0,
0.0,
0.0,
0.0,
0.0,
0.0,
0.0,
0.0,
0.0,
0.0,
0.0,
0.0,
38.0,
245.0,
238.0,
4.0,
7.0,
0.0,
0.0,
1.0,
0.0,
0.0,
0.0,
0.0,
0.0,
0.0,
0.0,
0.0,
0.0,
0.0,
0.0,
0.0,
0.0,
0.0,
0.0,
0.0,
0.0,
0.0,
0.0,
0.0,
0.0,
109.0,
123.0,
5.0,
12.0,
0.0,
1.0,
6.0,
0.0,
0.0,
0.0,
0.0,
0.0,
0.0,
0.0,
0.0,
0.0,
0.0,
0.0,
0.0,
0.0,
0.0,
0.0,
0.0,
0.0,
0.0,
0.0,
0.0,
0.0,
0.0,
21.0,
5.0,
5.0,
0.0,
1.0,
0.0,
0.0,
0.0,
0.0,
0.0,
0.0,
0.0,
0.0,
0.0,
0.0,
0.0,
0.0,
0.0,
0.0,
0.0,
0.0,
0.0,
0.0,
0.0,
0.0,
0.0,
6.0,
0.0,
0.0,
1.0,
0.0,
0.0,
8.0,
0.0,
0.0,
0.0,
0.0,
0.0,
