0.0,
0.0,
0.0,
0.0,
0.0,
0.0,
0.0,
0.0,
0.0,
2.0,
3.0,
0.0,
0.0,
1.0,
2.0,
0.0,
0.0,
4.0,
6.0,
0.0,
0.0,
0.0,
1.0,
0.0,
0.0,
0.0,
0.0,
0.0,
0.0,
0.0,
0.0,
0.0,
0.0,
0.0,
0.0,
0.0,
4.0,
3.0,
0.0,
0.0,
0.0,
1.0,
2.0,
0.0,
0.0,
0.0,
0.0,
2.0,
7.0,
10.0,
2.0,
0.0,
0.0,
0.0,
0.0,
0.0,
0.0,
0.0,
0.0,
0.0,
0.0,
0.0,
0.0,
0.0,
0.0,
0.0,
0.0,
2.0,
4.0,
1.0,
0.0,
0.0,
10.0,
9.0,
3.0,
0.0,
0.0,
0.0,
3.0,
6.0,
0.0,
0.0,
0.0,
0.0,
0.0,
0.0,
0.0,
0.0,
0.0,
0.0,
0.0,
0.0,
0.0,
0.0,
0.0,
3.0,
5.0,
2.0,
3.0,
8.0,
0.0,
0.0,
0.0,
0.0,
1.0,
1.0,
1.0,
0.0,
0.0,
0.0,
0.0,
0.0,
0.0,
0.0,
0.0,
0.0,
0.0,
0.0,
0.0,
0.0,
9.0,
5.0,
1.0,
0.0,
0.0,
0.0,
0.0,
0.0,
14.0,
5.0,
0.0,
2.0,
9.0,
9.0,
2.0,
0.0,
0.0,
0.0,
0.0,
0.0,
0.0,
0.0,
0.0,
0.0,
0.0,
0.0,
0.0,
0.0,
0.0,
0.0,
5.0,
6.0,
6.0,
6.0,
5.0,
1.0,
0.0,
0.0,
0.0,
0.0,
0.0,
0.0,
1.0,
10.0,
0.0,
0.0,
0.0,
0.0,
0.0,
0.0,
0.0,
0.0,
0.0,
0.0,
0.0,
0.0,
5.0,
8.0,
2.0,
0.0,
0.0,
3.0,
0.0,
0.0,
5.0,
2.0,
2.0,
3.0,
0.0,
0.0,
0.0,
2.0,
0.0,
0.0,
0.0,
0.0,
0.0,
0.0,
0.0,
0.0,
0.0,
0.0,
0.0,
0.0,
0.0,
0.0,
0.0,
12.0,
77.0,
168.0,
231.0,
251.0,
232.0,
146.0,
47.0,
0.0,
0.0,
7.0,
3.0,
0.0,
0.0,
0.0,
0.0,
0.0,
0.0,
0.0,
0.0,
0.0,
0.0,
0.0,
0.0,
0.0,
0.0,
7.0,
28.0,
141.0,
253.0,
251.0,
244.0,
255.0,
253.0,
255.0,
221.0,
54.0,
5.0,
0.0,
3.0,
0.0,
0.0,
0.0,
0.0,
0.0,
0.0,
0.0,
0.0,
0.0,
0.0,
0.0,
0.0,
0.0,
10.0,
40.0,
201.0,
255.0,
250.0,
240.0,
107.0,
93.0,
36.0,
79.0,
119.0,
232.0,
7.0,
0.0,
4.0,
5.0,
0.0,
0.0,
0.0,
0.0,
0.0,
0.0,
0.0,
0.0,
0.0,
0.0,
0.0,
0.0,
0.0,
198.0,
255.0,
255.0,
96.0,
14.0,
25.0,
0.0,
0.0,
56.0,
94.0,
85.0,
0.0,
5.0,
0.0,
3.0,
0.0,
0.0,
0.0,
0.0,
0.0,
0.0,
0.0,
0.0,
0.0,
0.0,
0.0,
0.0,
137.0,
255.0,
151.0,
63.0,
0.0,
0.0,
8.0,
6.0,
3.0,
100.0,
255.0,
255.0,
0.0,
0.0,
6.0,
0.0,
0.0,
0.0,
0.0,
0.0,
0.0,
0.0,
0.0,
0.0,
0.0,
0.0,
0.0,
0.0,
252.0,
255.0,
113.0,
0.0,
10.0,
13.0,
0.0,
7.0,
18.0,
210.0,
239.0,
204.0,
9.0,
0.0,
0.0,
4.0,
0.0,
0.0,
0.0,
0.0,
0.0,
0.0,
0.0,
0.0,
0.0,
0.0,
0.0,
0.0,
151.0,
242.0,
101.0,
2.0,
6.0,
0.0,
19.0,
0.0,
94.0,
254.0,
255.0,
52.0,
0.0,
0.0,
26.0,
0.0,
0.0,
0.0,
0.0,
0.0,
0.0,
0.0,
0.0,
0.0,
0.0,
0.0,
0.0,
0.0,
145.0,
255.0,
118.0,
0.0,
0.0,
10.0,
0.0,
4.0,
216.0,
240.0,
201.0,
7.0,
0.0,
10.0,
0.0,
0.0,
0.0,
0.0,
0.0,
0.0,
0.0,
0.0,
0.0,
0.0,
0.0,
0.0,
0.0,
0.0,
46.0,
237.0,
132.0,
14.0,
6.0,
0.0,
7.0,
200.0,
244.0,
255.0,
144.0,
0.0,
16.0,
0.0,
6.0,
2.0,
0.0,
0.0,
0.0,
0.0,
0.0,
0.0,
0.0,
0.0,
0.0,
0.0,
0.0,
0.0,
7.0,
149.0,
241.0,
172.0,
99.0,
74.0,
164.0,
242.0,
255.0,
238.0,
18.0,
7.0,
4.0,
0.0,
3.0,
0.0,
0.0,
0.0,
0.0,
0.0,
0.0,
0.0,
0.0,
0.0,
0.0,
0.0,
0.0,
0.0,
10.0,
0.0,
133.0,
255.0,
233.0,
251.0,
255.0,
247.0,
226.0,
172.0,
0.0,
0.0,
0.0,
0.0,
6.0,
1.0,
0.0,
0.0,
0.0,
0.0,
0.0,
0.0,
0.0,
0.0,
0.0,
0.0,
0.0,
0.0,
0.0,
4.0,
0.0,
72.0,
154.0,
146.0,
73.0,
237.0,
255.0,
151.0,
11.0,
9.0,
1.0,
0.0,
0.0,
0.0,
0.0,
0.0,
0.0,
0.0,
0.0,
0.0,
0.0,
0.0,
0.0,
0.0,
0.0,
0.0,
16.0,
2.0,
1.0,
18.0,
0.0,
3.0,
0.0,
200.0,
255.0,
104.0,
6.0,
2.0,
0.0,
1.0,
0.0,
3.0,
0.0,
0.0,
0.0,
0.0,
0.0,
0.0,
0.0,
0.0,
0.0,
0.0,
0.0,
0.0,
0.0,
0.0,
6.0,
0.0,
0.0,
3.0,
0.0,
204.0,
252.0,
55.0,
0.0,
0.0,
0.0,
2.0,
3.0,
7.0,
0.0,
0.0,
0.0,
0.0,
0.0,
0.0,
0.0,
0.0,
0.0,
0.0,
0.0,
0.0,
6.0,
1.0,
8.0,
0.0,
12.0,
11.0,
38.0,
255.0,
247.0,
38.0,
6.0,
3.0,
3.0,
1.0,
0.0,
0.0,
0.0,
0.0,
0.0,
0.0,
0.0,
0.0,
0.0,
0.0,
0.0,
0.0,
0.0,
0.0,
0.0,
0.0,
7.0,
0.0,
5.0,
0.0,
40.0,
255.0,
226.0,
17.0,
0.0,
0.0,
4.0,
0.0,
3.0,
0.0,
0.0,
0.0,
0.0,
0.0,
0.0,
0.0,
0.0,
0.0,
0.0,
0.0,
0.0,
0.0,
7.0,
0.0,
1.0,
8.0,
0.0,
0.0,
38.0,
212.0,
246.0,
35.0,
7.0,
0.0,
6.0,
0.0,
4.0,
0.0,
0.0,
0.0,
0.0,
0.0,
0.0,
0.0,
0.0,
0.0,
0.0,
0.0,
0.0,
0.0,
1.0,
0.0,
4.0,
0.0,
0.0,
17.0,
0.0,
212.0,
204.0,
0.0,
3.0,
12.0,
0.0,
0.0,
0.0,
2.0,
0.0,
0.0,
0.0,
0.0,
0.0,
0.0,
0.0,
0.0,
0.0,
0.0,
0.0,
0.0,
14.0,
0.0,
5.0,
4.0,
0.0,
0.0,
0.0,
213.0,
255.0,
36.0,
0.0,
0.0,
3.0,
4.0,
1.0,
0.0,
0.0,
0.0,
0.0,
0.0,
0.0,
0.0,
0.0,
0.0,
0.0,
0.0,
0.0,
0.0,
0.0,
0.0,
0.0,
8.0,
0.0,
13.0,
28.0,
182.0,
243.0,
82.0,
14.0,
3.0,
0.0,
0.0,
3.0,
2.0,
0.0,
0.0,
0.0,
0.0,
0.0,
0.0,
0.0,
0.0,
0.0,
0.0,
0.0,
0.0,
8.0,
19.0,
7.0,
1.0,
0.0,
0.0,
0.0,
18.0,
0.0,
0.0,
0.0,
0.0,
3.0,
4.0,
10.0,
0.0,
0.0,
0.0,
0.0,
0.0,
