0.0,
0.0,
0.0,
0.0,
0.0,
0.0,
0.0,
0.0,
4.0,
0.0,
0.0,
0.0,
0.0,
0.0,
0.0,
0.0,
4.0,
0.0,
0.0,
2.0,
4.0,
0.0,
0.0,
2.0,
0.0,
0.0,
0.0,
0.0,
0.0,
0.0,
0.0,
0.0,
0.0,
0.0,
0.0,
0.0,
0.0,
0.0,
5.0,
8.0,
6.0,
1.0,
0.0,
0.0,
3.0,
3.0,
2.0,
1.0,
0.0,
0.0,
2.0,
5.0,
0.0,
0.0,
0.0,
0.0,
0.0,
0.0,
0.0,
0.0,
0.0,
0.0,
0.0,
0.0,
3.0,
3.0,
1.0,
0.0,
0.0,
0.0,
6.0,
12.0,
0.0,
0.0,
5.0,
2.0,
0.0,
0.0,
0.0,
0.0,
0.0,
0.0,
0.0,
0.0,
0.0,
0.0,
0.0,
0.0,
0.0,
0.0,
0.0,
0.0,
0.0,
1.0,
2.0,
0.0,
0.0,
0.0,
0.0,
0.0,
3.0,
3.0,
3.0,
2.0,
0.0,
0.0,
0.0,
0.0,
0.0,
0.0,
0.0,
0.0,
0.0,
0.0,
0.0,
0.0,
0.0,
0.0,
0.0,
0.0,
0.0,
1.0,
0.0,
0.0,
2.0,
9.0,
9.0,
3.0,
3.0,
0.0,
0.0,
0.0,
0.0,
0.0,
4.0,
12.0,
0.0,
0.0,
0.0,
0.0,
0.0,
0.0,
0.0,
0.0,
0.0,
0.0,
0.0,
0.0,
3.0,
4.0,
0.0,
0.0,
0.0,
0.0,
0.0,
0.0,
10.0,
6.0,
7.0,
12.0,
11.0,
2.0,
0.0,
0.0,
0.0,
0.0,
0.0,
0.0,
0.0,
0.0,
0.0,
0.0,
0.0,
0.0,
0.0,
0.0,
0.0,
2.0,
8.0,
1.0,
0.0,
4.0,
8.0,
5.0,
0.0,
1.0,
4.0,
0.0,
0.0,
3.0,
10.0,
4.0,
0.0,
0.0,
0.0,
0.0,
0.0,
0.0,
0.0,
0.0,
0.0,
0.0,
0.0,
0.0,
2.0,
4.0,
0.0,
0.0,
15.0,
82.0,
159.0,
206.0,
232.0,
226.0,
165.0,
65.0,
3.0,
1.0,
5.0,
0.0,
0.0,
0.0,
0.0,
0.0,
0.0,
0.0,
0.0,
0.0,
0.0,
0.0,
0.0,
0.0,
0.0,
0.0,
1.0,
109.0,
227.0,
255.0,
243.0,
228.0,
198.0,
255.0,
255.0,
254.0,
138.0,
0.0,
4.0,
2.0,
0.0,
0.0,
0.0,
0.0,
0.0,
0.0,
0.0,
0.0,
0.0,
0.0,
0.0,
0.0,
5.0,
2.0,
161.0,
255.0,
255.0,
158.0,
61.0,
0.0,
0.0,
0.0,
88.0,
218.0,
245.0,
98.0,
0.0,
0.0,
0.0,
0.0,
0.0,
0.0,
0.0,
0.0,
0.0,
0.0,
0.0,
0.0,
0.0,
0.0,
2.0,
84.0,
247.0,
232.0,
38.0,
4.0,
0.0,
3.0,
187.0,
200.0,
4.0,
0.0,
190.0,
167.0,
0.0,
5.0,
0.0,
0.0,
0.0,
0.0,
0.0,
0.0,
0.0,
0.0,
0.0,
0.0,
0.0,
0.0,
0.0,
251.0,
255.0,
39.0,
12.0,
3.0,
7.0,
28.0,
237.0,
252.0,
13.0,
0.0,
19.0,
33.0,
6.0,
4.0,
0.0,
0.0,
0.0,
0.0,
0.0,
0.0,
0.0,
0.0,
0.0,
0.0,
0.0,
0.0,
134.0,
255.0,
89.0,
0.0,
0.0,
5.0,
85.0,
222.0,
255.0,
232.0,
0.0,
1.0,
9.0,
0.0,
0.0,
1.0,
0.0,
0.0,
0.0,
0.0,
0.0,
0.0,
0.0,
0.0,
0.0,
0.0,
0.0,
0.0,
177.0,
255.0,
141.0,
92.0,
175.0,
181.0,
255.0,
248.0,
246.0,
103.0,
10.0,
0.0,
0.0,
1.0,
24.0,
0.0,
0.0,
0.0,
0.0,
0.0,
0.0,
0.0,
0.0,
0.0,
0.0,
0.0,
0.0,
0.0,
89.0,
253.0,
253.0,
255.0,
255.0,
217.0,
194.0,
255.0,
255.0,
0.0,
6.0,
0.0,
4.0,
0.0,
9.0,
0.0,
0.0,
0.0,
0.0,
0.0,
0.0,
0.0,
0.0,
0.0,
0.0,
0.0,
0.0,
0.0,
0.0,
0.0,
97.0,
87.0,
10.0,
12.0,
115.0,
249.0,
228.0,
0.0,
0.0,
0.0,
9.0,
3.0,
0.0,
8.0,
0.0,
0.0,
0.0,
0.0,
0.0,
0.0,
0.0,
0.0,
0.0,
0.0,
0.0,
0.0,
3.0,
6.0,
0.0,
3.0,
0.0,
0.0,
238.0,
245.0,
109.0,
15.0,
0.0,
10.0,
0.0,
0.0,
9.0,
0.0,
0.0,
0.0,
0.0,
0.0,
0.0,
0.0,
0.0,
0.0,
0.0,
0.0,
0.0,
0.0,
4.0,
0.0,
7.0,
12.0,
0.0,
35.0,
255.0,
255.0,
20.0,
0.0,
0.0,
15.0,
0.0,
0.0,
6.0,
0.0,
0.0,
0.0,
0.0,
0.0,
0.0,
0.0,
0.0,
0.0,
0.0,
0.0,
0.0,
0.0,
10.0,
0.0,
5.0,
1.0,
0.0,
111.0,
255.0,
224.0,
0.0,
0.0,
4.0,
4.0,
0.0,
0.0,
7.0,
1.0,
0.0,
0.0,
0.0,
0.0,
0.0,
0.0,
0.0,
0.0,
0.0,
0.0,
0.0,
0.0,
0.0,
13.0,
0.0,
0.0,
2.0,
202.0,
247.0,
111.0,
5.0,
11.0,
3.0,
0.0,
0.0,
4.0,
4.0,
1.0,
0.0,
0.0,
0.0,
0.0,
0.0,
0.0,
0.0,
0.0,
0.0,
0.0,
0.0,
0.0,
0.0,
13.0,
0.0,
9.0,
0.0,
255.0,
255.0,
6.0,
0.0,
2.0,
0.0,
0.0,
8.0,
6.0,
0.0,
0.0,
0.0,
0.0,
0.0,
0.0,
0.0,
0.0,
0.0,
0.0,
0.0,
0.0,
0.0,
0.0,
3.0,
0.0,
0.0,
9.0,
10.0,
255.0,
255.0,
0.0,
0.0,
0.0,
0.0,
1.0,
4.0,
0.0,
0.0,
5.0,
0.0,
0.0,
0.0,
0.0,
0.0,
0.0,
0.0,
0.0,
0.0,
0.0,
0.0,
0.0,
14.0,
0.0,
0.0,
0.0,
115.0,
250.0,
167.0,
12.0,
4.0,
5.0,
3.0,
0.0,
0.0,
0.0,
1.0,
6.0,
0.0,
0.0,
0.0,
0.0,
0.0,
0.0,
0.0,
0.0,
0.0,
0.0,
0.0,
0.0,
0.0,
0.0,
11.0,
0.0,
255.0,
253.0,
47.0,
4.0,
0.0,
0.0,
0.0,
0.0,
1.0,
12.0,
10.0,
0.0,
0.0,
0.0,
0.0,
0.0,
0.0,
0.0,
0.0,
0.0,
0.0,
0.0,
0.0,
0.0,
6.0,
0.0,
5.0,
51.0,
255.0,
253.0,
0.0,
6.0,
0.0,
0.0,
0.0,
0.0,
0.0,
0.0,
0.0,
0.0,
0.0,
0.0,
0.0,
0.0,
0.0,
0.0,
0.0,
0.0,
0.0,
0.0,
0.0,
0.0,
0.0,
17.0,
0.0,
151.0,
248.0,
200.0,
9.0,
0.0,
0.0,
0.0,
0.0,
0.0,
0.0,
0.0,
0.0,
0.0,
0.0,
0.0,
0.0,
0.0,
0.0,
0.0,
0.0,
0.0,
0.0,
0.0,
0.0,
0.0,
17.0,
0.0,
0.0,
251.0,
251.0,
105.0,
0.0,
12.0,
0.0,
0.0,
0.0,
0.0,
0.0,
0.0,
0.0,
0.0,
0.0,
0.0,
0.0,
0.0,
0.0,
0.0,
0.0,
0.0,
0.0,
0.0,
0.0,
0.0,
0.0,
0.0,
0.0,
14.0,
4.0,
11.0,
8.0,
0.0,
0.0,
0.0,
0.0,
0.0,
0.0,
0.0,
0.0,
0.0,
0.0,
0.0,
0.0,
0.0,
