0.0,
0.0,
0.0,
0.0,
0.0,
0.0,
0.0,
0.0,
8.0,
3.0,
0.0,
0.0,
0.0,
2.0,
2.0,
0.0,
0.0,
7.0,
0.0,
0.0,
5.0,
8.0,
0.0,
1.0,
0.0,
0.0,
0.0,
0.0,
0.0,
0.0,
0.0,
0.0,
0.0,
0.0,
0.0,
0.0,
0.0,
0.0,
6.0,
7.0,
2.0,
0.0,
0.0,
0.0,
0.0,
1.0,
12.0,
1.0,
0.0,
0.0,
3.0,
0.0,
0.0,
0.0,
0.0,
0.0,
0.0,
0.0,
0.0,
0.0,
0.0,
0.0,
0.0,
0.0,
5.0,
0.0,
0.0,
0.0,
0.0,
4.0,
8.0,
11.0,
2.0,
0.0,
7.0,
0.0,
2.0,
0.0,
13.0,
0.0,
0.0,
0.0,
0.0,
0.0,
0.0,
0.0,
0.0,
0.0,
0.0,
0.0,
0.0,
0.0,
0.0,
0.0,
1.0,
4.0,
3.0,
0.0,
0.0,
0.0,
7.0,
0.0,
5.0,
0.0,
7.0,
0.0,
3.0,
0.0,
0.0,
0.0,
0.0,
0.0,
0.0,
0.0,
0.0,
0.0,
0.0,
0.0,
0.0,
0.0,
0.0,
0.0,
5.0,
7.0,
1.0,
0.0,
2.0,
14.0,
0.0,
3.0,
3.0,
0.0,
11.0,
0.0,
0.0,
13.0,
0.0,
0.0,
0.0,
0.0,
0.0,
0.0,
0.0,
0.0,
0.0,
0.0,
0.0,
0.0,
9.0,
0.0,
0.0,
0.0,
1.0,
0.0,
0.0,
0.0,
9.0,
9.0,
0.0,
0.0,
8.0,
5.0,
0.0,
0.0,
0.0,
0.0,
0.0,
0.0,
0.0,
0.0,
0.0,
0.0,
0.0,
0.0,
0.0,
0.0,
5.0,
0.0,
0.0,
5.0,
7.0,
1.0,
0.0,
5.0,
0.0,
0.0,
0.0,
23.0,
0.0,
0.0,
3.0,
2.0,
0.0,
0.0,
0.0,
0.0,
0.0,
0.0,
0.0,
0.0,
0.0,
0.0,
0.0,
0.0,
0.0,
1.0,
7.0,
0.0,
0.0,
36.0,
129.0,
213.0,
255.0,
254.0,
255.0,
236.0,
50.0,
4.0,
5.0,
0.0,
0.0,
0.0,
0.0,
0.0,
0.0,
7.0,
1.0,
0.0,
6.0,
3.0,
2.0,
0.0,
5.0,
2.0,
0.0,
23.0,
138.0,
237.0,
255.0,
252.0,
218.0,
168.0,
221.0,
255.0,
88.0,
0.0,
9.0,
0.0,
0.0,
0.0,
0.0,
0.0,
7.0,
2.0,
0.0,
1.0,
1.0,
0.0,
0.0,
10.0,
2.0,
0.0,
90.0,
224.0,
243.0,
208.0,
132.0,
5.0,
13.0,
0.0,
128.0,
234.0,
136.0,
15.0,
0.0,
19.0,
0.0,
0.0,
0.0,
0.0,
6.0,
0.0,
0.0,
3.0,
2.0,
1.0,
0.0,
6.0,
5.0,
158.0,
254.0,
219.0,
91.0,
0.0,
4.0,
6.0,
0.0,
18.0,
115.0,
255.0,
147.0,
0.0,
0.0,
0.0,
0.0,
0.0,
0.0,
0.0,
0.0,
0.0,
0.0,
0.0,
0.0,
16.0,
0.0,
0.0,
170.0,
255.0,
152.0,
16.0,
8.0,
6.0,
0.0,
0.0,
10.0,
0.0,
202.0,
244.0,
134.0,
0.0,
27.0,
7.0,
0.0,
0.0,
0.0,
0.0,
0.0,
5.0,
1.0,
0.0,
0.0,
5.0,
0.0,
42.0,
231.0,
169.0,
48.0,
0.0,
0.0,
0.0,
0.0,
0.0,
7.0,
50.0,
253.0,
255.0,
85.0,
0.0,
0.0,
0.0,
0.0,
0.0,
0.0,
0.0,
2.0,
3.0,
0.0,
9.0,
0.0,
0.0,
24.0,
181.0,
238.0,
57.0,
0.0,
0.0,
12.0,
0.0,
3.0,
12.0,
41.0,
205.0,
255.0,
180.0,
39.0,
10.0,
0.0,
12.0,
0.0,
0.0,
0.0,
0.0,
0.0,
3.0,
0.0,
12.0,
1.0,
0.0,
42.0,
255.0,
114.0,
3.0,
0.0,
14.0,
0.0,
0.0,
29.0,
111.0,
188.0,
253.0,
233.0,
15.0,
9.0,
0.0,
0.0,
3.0,
0.0,
0.0,
0.0,
0.0,
0.0,
11.0,
0.0,
4.0,
2.0,
0.0,
27.0,
252.0,
181.0,
43.0,
56.0,
99.0,
120.0,
180.0,
217.0,
255.0,
254.0,
248.0,
48.0,
13.0,
0.0,
1.0,
2.0,
1.0,
0.0,
0.0,
0.0,
0.0,
0.0,
6.0,
0.0,
0.0,
6.0,
0.0,
15.0,
136.0,
247.0,
249.0,
255.0,
253.0,
245.0,
255.0,
210.0,
227.0,
244.0,
206.0,
0.0,
2.0,
0.0,
4.0,
5.0,
3.0,
0.0,
0.0,
0.0,
0.0,
0.0,
7.0,
0.0,
0.0,
14.0,
5.0,
0.0,
19.0,
47.0,
144.0,
149.0,
130.0,
61.0,
41.0,
14.0,
228.0,
246.0,
57.0,
0.0,
6.0,
9.0,
0.0,
0.0,
2.0,
0.0,
0.0,
0.0,
0.0,
0.0,
7.0,
0.0,
0.0,
2.0,
7.0,
0.0,
0.0,
14.0,
0.0,
0.0,
1.0,
0.0,
10.0,
145.0,
255.0,
163.0,
0.0,
10.0,
0.0,
2.0,
0.0,
6.0,
0.0,
0.0,
0.0,
0.0,
0.0,
0.0,
0.0,
5.0,
6.0,
0.0,
0.0,
2.0,
14.0,
1.0,
0.0,
24.0,
0.0,
0.0,
26.0,
234.0,
219.0,
44.0,
1.0,
3.0,
0.0,
0.0,
4.0,
8.0,
0.0,
0.0,
0.0,
0.0,
0.0,
8.0,
0.0,
0.0,
12.0,
4.0,
0.0,
0.0,
0.0,
0.0,
0.0,
0.0,
7.0,
1.0,
184.0,
254.0,
110.0,
0.0,
13.0,
0.0,
9.0,
8.0,
0.0,
0.0,
12.0,
0.0,
0.0,
0.0,
0.0,
4.0,
0.0,
0.0,
1.0,
0.0,
0.0,
1.0,
0.0,
7.0,
0.0,
0.0,
0.0,
37.0,
252.0,
156.0,
0.0,
5.0,
0.0,
0.0,
3.0,
5.0,
0.0,
0.0,
1.0,
0.0,
0.0,
0.0,
0.0,
0.0,
5.0,
5.0,
0.0,
0.0,
0.0,
6.0,
8.0,
0.0,
9.0,
5.0,
25.0,
236.0,
249.0,
51.0,
0.0,
3.0,
0.0,
7.0,
0.0,
0.0,
8.0,
4.0,
0.0,
0.0,
0.0,
0.0,
0.0,
0.0,
0.0,
0.0,
1.0,
10.0,
2.0,
0.0,
0.0,
2.0,
0.0,
2.0,
88.0,
254.0,
105.0,
0.0,
0.0,
0.0,
22.0,
0.0,
3.0,
7.0,
0.0,
0.0,
8.0,
0.0,
0.0,
0.0,
0.0,
0.0,
0.0,
0.0,
0.0,
0.0,
0.0,
0.0,
0.0,
10.0,
0.0,
11.0,
203.0,
234.0,
11.0,
0.0,
0.0,
0.0,
0.0,
0.0,
0.0,
0.0,
0.0,
0.0,
0.0,
0.0,
0.0,
0.0,
0.0,
0.0,
0.0,
0.0,
0.0,
0.0,
0.0,
0.0,
0.0,
0.0,
0.0,
17.0,
255.0,
58.0,
6.0,
0.0,
6.0,
0.0,
0.0,
0.0,
0.0,
0.0,
0.0,
0.0,
0.0,
0.0,
0.0,
0.0,
0.0,
0.0,
0.0,
0.0,
0.0,
0.0,
0.0,
0.0,
0.0,
0.0,
10.0,
12.0,
174.0,
0.0,
0.0,
0.0,
3.0,
0.0,
0.0,
0.0,
0.0,
0.0,
0.0,
0.0,
0.0,
0.0,
0.0,
0.0,
0.0,
0.0,
0.0,
0.0,
0.0,
0.0,
0.0,
0.0,
0.0,
2.0,
9.0,
0.0,
8.0,
17.0,
0.0,
0.0,
0.0,
0.0,
0.0,
0.0,
0.0,
0.0,
0.0,
0.0,
0.0,
0.0,
0.0,
0.0,
0.0,
