0.0,
0.0,
0.0,
0.0,
0.0,
0.0,
0.0,
0.0,
3.0,
1.0,
0.0,
0.0,
6.0,
5.0,
0.0,
0.0,
0.0,
6.0,
3.0,
0.0,
0.0,
0.0,
10.0,
0.0,
0.0,
0.0,
0.0,
0.0,
0.0,
0.0,
0.0,
0.0,
0.0,
0.0,
0.0,
0.0,
0.0,
1.0,
0.0,
0.0,
2.0,
0.0,
0.0,
6.0,
0.0,
0.0,
0.0,
0.0,
1.0,
1.0,
2.0,
0.0,
0.0,
0.0,
0.0,
0.0,
0.0,
0.0,
0.0,
0.0,
0.0,
0.0,
0.0,
0.0,
17.0,
0.0,
0.0,
14.0,
0.0,
0.0,
4.0,
9.0,
3.0,
0.0,
0.0,
0.0,
8.0,
3.0,
0.0,
0.0,
0.0,
0.0,
0.0,
0.0,
0.0,
0.0,
0.0,
0.0,
0.0,
0.0,
0.0,
0.0,
0.0,
5.0,
9.0,
0.0,
0.0,
13.0,
7.0,
0.0,
1.0,
2.0,
1.0,
0.0,
2.0,
2.0,
0.0,
7.0,
0.0,
0.0,
0.0,
0.0,
0.0,
0.0,
0.0,
0.0,
0.0,
0.0,
0.0,
0.0,
0.0,
23.0,
0.0,
0.0,
9.0,
2.0,
0.0,
22.0,
0.0,
0.0,
9.0,
0.0,
0.0,
3.0,
0.0,
7.0,
0.0,
0.0,
0.0,
0.0,
0.0,
0.0,
0.0,
0.0,
0.0,
0.0,
0.0,
0.0,
0.0,
0.0,
4.0,
12.0,
0.0,
0.0,
0.0,
0.0,
7.0,
0.0,
8.0,
2.0,
0.0,
6.0,
0.0,
0.0,
0.0,
0.0,
0.0,
0.0,
0.0,
0.0,
0.0,
0.0,
0.0,
0.0,
0.0,
0.0,
0.0,
0.0,
8.0,
0.0,
20.0,
174.0,
255.0,
202.0,
72.0,
0.0,
0.0,
5.0,
0.0,
7.0,
0.0,
0.0,
0.0,
0.0,
0.0,
0.0,
0.0,
0.0,
0.0,
0.0,
0.0,
0.0,
0.0,
0.0,
0.0,
9.0,
0.0,
15.0,
151.0,
246.0,
254.0,
255.0,
140.0,
10.0,
0.0,
4.0,
0.0,
6.0,
0.0,
1.0,
0.0,
0.0,
0.0,
0.0,
0.0,
0.0,
0.0,
0.0,
0.0,
0.0,
0.0,
0.0,
3.0,
0.0,
7.0,
145.0,
240.0,
254.0,
244.0,
255.0,
141.0,
10.0,
0.0,
9.0,
0.0,
0.0,
4.0,
5.0,
0.0,
0.0,
0.0,
0.0,
0.0,
0.0,
0.0,
0.0,
0.0,
0.0,
0.0,
0.0,
9.0,
0.0,
201.0,
255.0,
255.0,
249.0,
255.0,
159.0,
22.0,
8.0,
0.0,
0.0,
0.0,
4.0,
4.0,
0.0,
0.0,
0.0,
0.0,
0.0,
0.0,
0.0,
0.0,
0.0,
0.0,
0.0,
0.0,
0.0,
0.0,
79.0,
255.0,
244.0,
242.0,
148.0,
91.0,
12.0,
114.0,
117.0,
22.0,
0.0,
8.0,
3.0,
0.0,
3.0,
0.0,
0.0,
0.0,
0.0,
0.0,
0.0,
0.0,
0.0,
0.0,
0.0,
0.0,
0.0,
2.0,
190.0,
243.0,
250.0,
170.0,
4.0,
0.0,
149.0,
255.0,
245.0,
120.0,
1.0,
4.0,
0.0,
0.0,
11.0,
0.0,
0.0,
0.0,
0.0,
0.0,
0.0,
0.0,
0.0,
0.0,
0.0,
0.0,
0.0,
19.0,
225.0,
255.0,
208.0,
5.0,
12.0,
136.0,
255.0,
253.0,
255.0,
211.0,
1.0,
0.0,
3.0,
7.0,
0.0,
0.0,
0.0,
0.0,
0.0,
0.0,
0.0,
0.0,
0.0,
0.0,
0.0,
0.0,
0.0,
28.0,
234.0,
255.0,
109.0,
2.0,
160.0,
245.0,
238.0,
247.0,
242.0,
226.0,
0.0,
0.0,
2.0,
9.0,
0.0,
0.0,
0.0,
0.0,
0.0,
0.0,
0.0,
0.0,
0.0,
0.0,
0.0,
0.0,
0.0,
33.0,
226.0,
255.0,
176.0,
200.0,
251.0,
255.0,
255.0,
255.0,
249.0,
206.0,
0.0,
8.0,
0.0,
1.0,
7.0,
0.0,
0.0,
0.0,
0.0,
0.0,
0.0,
0.0,
0.0,
0.0,
0.0,
0.0,
0.0,
11.0,
189.0,
249.0,
251.0,
255.0,
250.0,
255.0,
151.0,
176.0,
251.0,
203.0,
1.0,
4.0,
0.0,
0.0,
0.0,
0.0,
0.0,
0.0,
0.0,
0.0,
0.0,
0.0,
0.0,
0.0,
0.0,
0.0,
0.0,
1.0,
44.0,
255.0,
244.0,
255.0,
246.0,
129.0,
19.0,
103.0,
250.0,
217.0,
1.0,
0.0,
2.0,
8.0,
1.0,
0.0,
0.0,
0.0,
0.0,
0.0,
0.0,
0.0,
0.0,
0.0,
0.0,
0.0,
0.0,
5.0,
15.0,
188.0,
230.0,
190.0,
61.0,
0.0,
0.0,
163.0,
243.0,
193.0,
6.0,
11.0,
0.0,
0.0,
0.0,
0.0,
0.0,
0.0,
0.0,
0.0,
0.0,
0.0,
0.0,
0.0,
0.0,
0.0,
0.0,
0.0,
0.0,
12.0,
13.0,
13.0,
0.0,
9.0,
1.0,
193.0,
255.0,
205.0,
2.0,
5.0,
1.0,
0.0,
3.0,
0.0,
0.0,
0.0,
0.0,
0.0,
0.0,
0.0,
0.0,
0.0,
0.0,
0.0,
0.0,
5.0,
4.0,
0.0,
0.0,
0.0,
0.0,
0.0,
13.0,
211.0,
255.0,
195.0,
0.0,
0.0,
3.0,
3.0,
6.0,
0.0,
0.0,
0.0,
0.0,
0.0,
0.0,
0.0,
0.0,
0.0,
0.0,
0.0,
0.0,
4.0,
0.0,
0.0,
8.0,
0.0,
6.0,
10.0,
126.0,
251.0,
247.0,
138.0,
0.0,
6.0,
1.0,
0.0,
0.0,
0.0,
0.0,
0.0,
0.0,
0.0,
0.0,
0.0,
0.0,
0.0,
0.0,
0.0,
0.0,
0.0,
1.0,
8.0,
0.0,
0.0,
17.0,
0.0,
123.0,
255.0,
253.0,
106.0,
0.0,
2.0,
1.0,
0.0,
0.0,
0.0,
0.0,
0.0,
0.0,
0.0,
0.0,
0.0,
0.0,
0.0,
0.0,
0.0,
0.0,
0.0,
0.0,
5.0,
5.0,
0.0,
0.0,
0.0,
206.0,
246.0,
242.0,
61.0,
2.0,
0.0,
0.0,
9.0,
0.0,
0.0,
0.0,
0.0,
0.0,
0.0,
0.0,
0.0,
0.0,
0.0,
0.0,
0.0,
0.0,
0.0,
5.0,
0.0,
0.0,
3.0,
2.0,
28.0,
228.0,
250.0,
194.0,
0.0,
0.0,
16.0,
0.0,
0.0,
1.0,
0.0,
0.0,
0.0,
0.0,
0.0,
0.0,
0.0,
0.0,
0.0,
0.0,
0.0,
0.0,
6.0,
0.0,
3.0,
0.0,
0.0,
0.0,
11.0,
228.0,
255.0,
115.0,
12.0,
0.0,
0.0,
1.0,
7.0,
0.0,
0.0,
0.0,
0.0,
0.0,
0.0,
0.0,
0.0,
0.0,
0.0,
0.0,
0.0,
0.0,
0.0,
1.0,
2.0,
0.0,
4.0,
0.0,
0.0,
134.0,
188.0,
53.0,
0.0,
0.0,
5.0,
0.0,
0.0,
1.0,
0.0,
0.0,
0.0,
0.0,
0.0,
0.0,
0.0,
0.0,
0.0,
0.0,
0.0,
0.0,
0.0,
4.0,
0.0,
0.0,
5.0,
4.0,
0.0,
34.0,
19.0,
0.0,
0.0,
12.0,
9.0,
5.0,
7.0,
0.0,
0.0,
0.0,
0.0,
0.0,
0.0,
0.0,
0.0,
0.0,
0.0,
0.0,
0.0,
0.0,
0.0,
5.0,
0.0,
0.0,
3.0,
3.0,
0.0,
0.0,
0.0,
1.0,
14.0,
0.0,
0.0,
0.0,
9.0,
0.0,
0.0,
0.0,
0.0,
0.0,
