0.0,
0.0,
0.0,
0.0,
0.0,
0.0,
0.0,
0.0,
0.0,
4.0,
6.0,
1.0,
0.0,
0.0,
0.0,
5.0,
0.0,
0.0,
0.0,
0.0,
3.0,
4.0,
0.0,
0.0,
0.0,
0.0,
0.0,
0.0,
0.0,
0.0,
0.0,
0.0,
0.0,
0.0,
0.0,
0.0,
0.0,
0.0,
0.0,
3.0,
7.0,
5.0,
0.0,
0.0,
9.0,
2.0,
1.0,
4.0,
0.0,
0.0,
0.0,
13.0,
0.0,
0.0,
0.0,
0.0,
0.0,
0.0,
0.0,
0.0,
0.0,
0.0,
0.0,
0.0,
7.0,
0.0,
0.0,
0.0,
0.0,
6.0,
9.0,
9.0,
0.0,
0.0,
0.0,
0.0,
3.0,
0.0,
0.0,
1.0,
0.0,
0.0,
0.0,
0.0,
0.0,
0.0,
0.0,
0.0,
0.0,
0.0,
0.0,
0.0,
0.0,
2.0,
6.0,
4.0,
0.0,
0.0,
0.0,
0.0,
0.0,
8.0,
10.0,
2.0,
2.0,
7.0,
3.0,
0.0,
0.0,
0.0,
0.0,
0.0,
0.0,
0.0,
0.0,
0.0,
0.0,
0.0,
0.0,
0.0,
0.0,
0.0,
0.0,
1.0,
2.0,
3.0,
6.0,
8.0,
0.0,
1.0,
6.0,
0.0,
0.0,
0.0,
3.0,
11.0,
0.0,
0.0,
0.0,
0.0,
0.0,
0.0,
0.0,
0.0,
0.0,
0.0,
0.0,
0.0,
6.0,
0.0,
0.0,
0.0,
0.0,
2.0,
0.0,
0.0,
11.0,
0.0,
0.0,
6.0,
9.0,
0.0,
0.0,
0.0,
0.0,
0.0,
0.0,
0.0,
0.0,
0.0,
0.0,
0.0,
0.0,
0.0,
0.0,
0.0,
0.0,
0.0,
6.0,
7.0,
4.0,
1.0,
1.0,
3.0,
0.0,
0.0,
0.0,
0.0,
0.0,
3.0,
7.0,
7.0,
0.0,
0.0,
0.0,
0.0,
0.0,
0.0,
0.0,
0.0,
0.0,
0.0,
0.0,
0.0,
0.0,
1.0,
1.0,
0.0,
3.0,
52.0,
133.0,
196.0,
248.0,
255.0,
225.0,
100.0,
3.0,
0.0,
2.0,
0.0,
0.0,
0.0,
0.0,
0.0,
2.0,
0.0,
2.0,
0.0,
0.0,
0.0,
0.0,
5.0,
5.0,
0.0,
0.0,
97.0,
212.0,
249.0,
250.0,
255.0,
255.0,
255.0,
234.0,
236.0,
0.0,
2.0,
1.0,
8.0,
0.0,
0.0,
0.0,
0.0,
0.0,
0.0,
3.0,
0.0,
6.0,
13.0,
0.0,
5.0,
0.0,
33.0,
213.0,
255.0,
255.0,
253.0,
246.0,
227.0,
175.0,
243.0,
255.0,
244.0,
100.0,
0.0,
1.0,
0.0,
0.0,
0.0,
0.0,
0.0,
0.0,
1.0,
5.0,
0.0,
2.0,
7.0,
0.0,
0.0,
62.0,
226.0,
255.0,
230.0,
206.0,
88.0,
41.0,
0.0,
12.0,
202.0,
248.0,
255.0,
121.0,
0.0,
0.0,
15.0,
0.0,
0.0,
0.0,
0.0,
4.0,
0.0,
4.0,
0.0,
0.0,
0.0,
0.0,
17.0,
140.0,
249.0,
250.0,
103.0,
2.0,
0.0,
0.0,
10.0,
24.0,
245.0,
255.0,
226.0,
28.0,
3.0,
8.0,
0.0,
0.0,
0.0,
0.0,
0.0,
1.0,
0.0,
2.0,
3.0,
0.0,
0.0,
11.0,
70.0,
225.0,
255.0,
207.0,
16.0,
1.0,
58.0,
132.0,
172.0,
255.0,
255.0,
250.0,
247.0,
47.0,
2.0,
2.0,
7.0,
0.0,
0.0,
0.0,
0.0,
1.0,
0.0,
2.0,
4.0,
0.0,
0.0,
16.0,
81.0,
252.0,
255.0,
111.0,
115.0,
84.0,
242.0,
255.0,
246.0,
255.0,
245.0,
255.0,
222.0,
0.0,
14.0,
0.0,
0.0,
0.0,
0.0,
0.0,
0.0,
2.0,
0.0,
4.0,
0.0,
0.0,
0.0,
1.0,
38.0,
248.0,
253.0,
236.0,
154.0,
239.0,
255.0,
237.0,
255.0,
240.0,
255.0,
255.0,
192.0,
0.0,
6.0,
0.0,
14.0,
0.0,
0.0,
0.0,
0.0,
0.0,
1.0,
5.0,
0.0,
2.0,
9.0,
0.0,
1.0,
220.0,
242.0,
249.0,
255.0,
239.0,
253.0,
255.0,
239.0,
254.0,
255.0,
235.0,
47.0,
1.0,
0.0,
10.0,
0.0,
0.0,
0.0,
0.0,
0.0,
0.0,
0.0,
0.0,
0.0,
0.0,
0.0,
0.0,
0.0,
32.0,
217.0,
244.0,
252.0,
208.0,
145.0,
88.0,
130.0,
255.0,
255.0,
180.0,
5.0,
0.0,
0.0,
12.0,
0.0,
0.0,
0.0,
0.0,
0.0,
0.0,
0.0,
0.0,
0.0,
0.0,
0.0,
0.0,
0.0,
19.0,
2.0,
11.0,
3.0,
0.0,
12.0,
1.0,
194.0,
244.0,
243.0,
62.0,
4.0,
0.0,
0.0,
2.0,
5.0,
0.0,
0.0,
0.0,
0.0,
0.0,
0.0,
0.0,
0.0,
0.0,
0.0,
0.0,
0.0,
0.0,
0.0,
4.0,
15.0,
0.0,
0.0,
100.0,
253.0,
255.0,
172.0,
0.0,
9.0,
6.0,
0.0,
0.0,
4.0,
0.0,
0.0,
0.0,
0.0,
0.0,
0.0,
0.0,
0.0,
0.0,
0.0,
0.0,
0.0,
7.0,
18.0,
0.0,
0.0,
2.0,
14.0,
225.0,
249.0,
233.0,
49.0,
0.0,
5.0,
0.0,
0.0,
0.0,
0.0,
0.0,
0.0,
0.0,
0.0,
0.0,
0.0,
0.0,
0.0,
0.0,
0.0,
0.0,
0.0,
2.0,
0.0,
9.0,
0.0,
17.0,
101.0,
249.0,
254.0,
126.0,
0.0,
14.0,
0.0,
0.0,
6.0,
0.0,
0.0,
0.0,
0.0,
0.0,
0.0,
0.0,
0.0,
0.0,
0.0,
0.0,
0.0,
0.0,
0.0,
1.0,
0.0,
11.0,
0.0,
12.0,
187.0,
255.0,
240.0,
19.0,
0.0,
2.0,
0.0,
0.0,
6.0,
0.0,
4.0,
0.0,
0.0,
0.0,
0.0,
0.0,
0.0,
0.0,
0.0,
0.0,
0.0,
0.0,
0.0,
3.0,
8.0,
0.0,
0.0,
89.0,
255.0,
253.0,
88.0,
0.0,
19.0,
0.0,
1.0,
3.0,
2.0,
0.0,
2.0,
0.0,
0.0,
0.0,
0.0,
0.0,
0.0,
0.0,
0.0,
0.0,
0.0,
0.0,
0.0,
6.0,
0.0,
11.0,
0.0,
141.0,
255.0,
205.0,
4.0,
0.0,
0.0,
0.0,
0.0,
0.0,
1.0,
6.0,
0.0,
0.0,
0.0,
0.0,
0.0,
0.0,
0.0,
0.0,
0.0,
0.0,
0.0,
0.0,
0.0,
0.0,
4.0,
15.0,
0.0,
193.0,
247.0,
177.0,
0.0,
0.0,
0.0,
0.0,
0.0,
0.0,
0.0,
0.0,
0.0,
0.0,
0.0,
0.0,
0.0,
0.0,
0.0,
0.0,
0.0,
0.0,
0.0,
0.0,
0.0,
12.0,
0.0,
0.0,
8.0,
164.0,
255.0,
249.0,
128.0,
0.0,
0.0,
0.0,
0.0,
0.0,
0.0,
0.0,
0.0,
0.0,
0.0,
0.0,
0.0,
0.0,
0.0,
0.0,
0.0,
0.0,
0.0,
0.0,
0.0,
0.0,
20.0,
17.0,
0.0,
21.0,
168.0,
173.0,
25.0,
0.0,
0.0,
0.0,
0.0,
0.0,
0.0,
0.0,
0.0,
0.0,
0.0,
0.0,
0.0,
0.0,
0.0,
0.0,
0.0,
0.0,
0.0,
0.0,
0.0,
16.0,
0.0,
0.0,
27.0,
0.0,
3.0,
7.0,
0.0,
0.0,
0.0,
0.0,
0.0,
0.0,
0.0,
0.0,
0.0,
0.0,
0.0,
0.0,
0.0,
