0.0,
0.0,
0.0,
0.0,
0.0,
0.0,
0.0,
0.0,
1.0,
0.0,
0.0,
0.0,
0.0,
0.0,
1.0,
4.0,
9.0,
0.0,
0.0,
0.0,
0.0,
0.0,
4.0,
0.0,
0.0,
0.0,
0.0,
0.0,
0.0,
0.0,
0.0,
0.0,
0.0,
0.0,
0.0,
0.0,
0.0,
3.0,
8.0,
7.0,
1.0,
0.0,
0.0,
0.0,
0.0,
0.0,
5.0,
14.0,
0.0,
0.0,
0.0,
1.0,
0.0,
0.0,
0.0,
0.0,
0.0,
0.0,
0.0,
0.0,
0.0,
0.0,
0.0,
0.0,
15.0,
2.0,
0.0,
0.0,
0.0,
8.0,
6.0,
0.0,
5.0,
11.0,
0.0,
0.0,
0.0,
6.0,
0.0,
6.0,
0.0,
0.0,
0.0,
0.0,
0.0,
0.0,
0.0,
0.0,
0.0,
0.0,
0.0,
0.0,
0.0,
0.0,
4.0,
9.0,
2.0,
0.0,
0.0,
3.0,
0.0,
3.0,
0.0,
0.0,
9.0,
11.0,
0.0,
0.0,
0.0,
0.0,
0.0,
0.0,
0.0,
0.0,
0.0,
0.0,
0.0,
0.0,
0.0,
0.0,
7.0,
0.0,
0.0,
5.0,
4.0,
0.0,
0.0,
7.0,
0.0,
1.0,
4.0,
0.0,
0.0,
0.0,
3.0,
4.0,
0.0,
0.0,
0.0,
0.0,
0.0,
0.0,
0.0,
0.0,
0.0,
0.0,
0.0,
0.0,
2.0,
0.0,
0.0,
0.0,
3.0,
3.0,
0.0,
0.0,
7.0,
1.0,
6.0,
2.0,
0.0,
4.0,
5.0,
0.0,
0.0,
0.0,
0.0,
0.0,
0.0,
0.0,
0.0,
0.0,
0.0,
0.0,
0.0,
0.0,
0.0,
5.0,
0.0,
0.0,
38.0,
137.0,
221.0,
255.0,
255.0,
226.0,
157.0,
100.0,
0.0,
0.0,
2.0,
4.0,
0.0,
0.0,
0.0,
0.0,
0.0,
0.0,
0.0,
0.0,
0.0,
0.0,
0.0,
0.0,
1.0,
2.0,
0.0,
20.0,
135.0,
253.0,
255.0,
189.0,
208.0,
250.0,
248.0,
228.0,
31.0,
12.0,
0.0,
6.0,
0.0,
0.0,
0.0,
0.0,
0.0,
3.0,
7.0,
0.0,
13.0,
0.0,
0.0,
7.0,
0.0,
15.0,
98.0,
198.0,
235.0,
239.0,
31.0,
11.0,
19.0,
21.0,
83.0,
34.0,
194.0,
213.0,
203.0,
0.0,
0.0,
0.0,
0.0,
0.0,
0.0,
4.0,
2.0,
0.0,
6.0,
0.0,
5.0,
3.0,
51.0,
140.0,
255.0,
252.0,
160.0,
51.0,
0.0,
0.0,
2.0,
0.0,
3.0,
213.0,
255.0,
239.0,
232.0,
0.0,
0.0,
0.0,
0.0,
0.0,
0.0,
4.0,
0.0,
5.0,
0.0,
2.0,
11.0,
33.0,
228.0,
254.0,
246.0,
105.0,
34.0,
0.0,
0.0,
18.0,
2.0,
6.0,
20.0,
247.0,
254.0,
253.0,
190.0,
6.0,
0.0,
0.0,
0.0,
0.0,
0.0,
1.0,
0.0,
7.0,
0.0,
1.0,
3.0,
122.0,
247.0,
255.0,
46.0,
0.0,
15.0,
4.0,
0.0,
0.0,
2.0,
66.0,
244.0,
243.0,
255.0,
206.0,
1.0,
0.0,
0.0,
0.0,
0.0,
0.0,
6.0,
0.0,
0.0,
3.0,
0.0,
3.0,
0.0,
219.0,
255.0,
238.0,
50.0,
0.0,
0.0,
5.0,
0.0,
96.0,
209.0,
254.0,
248.0,
251.0,
245.0,
73.0,
9.0,
5.0,
0.0,
0.0,
0.0,
0.0,
5.0,
0.0,
1.0,
1.0,
1.0,
7.0,
0.0,
236.0,
255.0,
213.0,
19.0,
0.0,
65.0,
136.0,
211.0,
223.0,
249.0,
255.0,
251.0,
255.0,
110.0,
0.0,
0.0,
0.0,
0.0,
0.0,
0.0,
0.0,
0.0,
1.0,
0.0,
2.0,
0.0,
5.0,
4.0,
149.0,
246.0,
255.0,
229.0,
176.0,
209.0,
255.0,
251.0,
255.0,
253.0,
255.0,
242.0,
170.0,
41.0,
0.0,
22.0,
0.0,
0.0,
0.0,
0.0,
0.0,
0.0,
8.0,
0.0,
3.0,
0.0,
0.0,
6.0,
48.0,
203.0,
255.0,
250.0,
248.0,
255.0,
245.0,
173.0,
223.0,
250.0,
254.0,
255.0,
3.0,
0.0,
7.0,
0.0,
8.0,
0.0,
0.0,
0.0,
0.0,
0.0,
0.0,
0.0,
0.0,
0.0,
0.0,
0.0,
0.0,
20.0,
44.0,
58.0,
103.0,
41.0,
48.0,
7.0,
204.0,
255.0,
255.0,
209.0,
10.0,
1.0,
10.0,
0.0,
7.0,
0.0,
0.0,
0.0,
0.0,
0.0,
0.0,
0.0,
0.0,
0.0,
0.0,
0.0,
0.0,
0.0,
4.0,
0.0,
0.0,
8.0,
20.0,
165.0,
220.0,
247.0,
210.0,
56.0,
2.0,
0.0,
3.0,
2.0,
0.0,
0.0,
0.0,
0.0,
0.0,
0.0,
0.0,
0.0,
0.0,
0.0,
0.0,
0.0,
0.0,
8.0,
0.0,
0.0,
4.0,
0.0,
8.0,
245.0,
255.0,
255.0,
146.0,
0.0,
4.0,
0.0,
0.0,
6.0,
0.0,
0.0,
0.0,
0.0,
0.0,
0.0,
0.0,
0.0,
0.0,
0.0,
0.0,
0.0,
0.0,
7.0,
1.0,
4.0,
5.0,
0.0,
153.0,
247.0,
243.0,
231.0,
68.0,
0.0,
3.0,
11.0,
0.0,
0.0,
5.0,
0.0,
0.0,
0.0,
0.0,
0.0,
0.0,
0.0,
0.0,
0.0,
0.0,
0.0,
0.0,
0.0,
0.0,
3.0,
0.0,
64.0,
255.0,
247.0,
254.0,
120.0,
0.0,
11.0,
0.0,
5.0,
0.0,
0.0,
4.0,
0.0,
0.0,
0.0,
0.0,
0.0,
0.0,
0.0,
0.0,
0.0,
0.0,
0.0,
0.0,
0.0,
0.0,
0.0,
6.0,
163.0,
250.0,
254.0,
236.0,
20.0,
0.0,
0.0,
5.0,
0.0,
0.0,
5.0,
0.0,
0.0,
0.0,
0.0,
0.0,
0.0,
0.0,
0.0,
0.0,
0.0,
0.0,
0.0,
0.0,
2.0,
10.0,
0.0,
30.0,
214.0,
255.0,
246.0,
72.0,
0.0,
6.0,
0.0,
9.0,
2.0,
3.0,
6.0,
0.0,
0.0,
0.0,
0.0,
0.0,
0.0,
0.0,
0.0,
0.0,
0.0,
0.0,
0.0,
0.0,
0.0,
0.0,
0.0,
154.0,
255.0,
252.0,
201.0,
3.0,
0.0,
7.0,
0.0,
0.0,
4.0,
1.0,
0.0,
6.0,
0.0,
0.0,
0.0,
0.0,
0.0,
0.0,
0.0,
0.0,
0.0,
0.0,
0.0,
0.0,
6.0,
5.0,
0.0,
148.0,
255.0,
255.0,
83.0,
10.0,
0.0,
0.0,
0.0,
0.0,
0.0,
0.0,
0.0,
0.0,
0.0,
0.0,
0.0,
0.0,
0.0,
0.0,
0.0,
0.0,
0.0,
0.0,
0.0,
0.0,
0.0,
6.0,
6.0,
109.0,
157.0,
141.0,
20.0,
0.0,
0.0,
0.0,
0.0,
0.0,
0.0,
0.0,
0.0,
0.0,
0.0,
0.0,
0.0,
0.0,
0.0,
0.0,
0.0,
0.0,
0.0,
0.0,
0.0,
0.0,
0.0,
2.0,
0.0,
6.0,
5.0,
7.0,
0.0,
5.0,
0.0,
0.0,
0.0,
0.0,
0.0,
0.0,
0.0,
0.0,
0.0,
0.0,
0.0,
0.0,
0.0,
0.0,
0.0,
0.0,
0.0,
0.0,
0.0,
0.0,
1.0,
0.0,
0.0,
0.0,
0.0,
0.0,
1.0,
9.0,
0.0,
0.0,
0.0,
0.0,
0.0,
0.0,
0.0,
0.0,
0.0,
0.0,
0.0,
0.0,
