0.0,
0.0,
0.0,
0.0,
1.0,
0.0,
0.0,
0.0,
4.0,
0.0,
5.0,
0.0,
0.0,
0.0,
6.0,
0.0,
7.0,
0.0,
0.0,
3.0,
8.0,
4.0,
0.0,
0.0,
0.0,
0.0,
0.0,
0.0,
0.0,
0.0,
0.0,
0.0,
0.0,
1.0,
1.0,
1.0,
0.0,
0.0,
0.0,
0.0,
4.0,
8.0,
2.0,
0.0,
0.0,
0.0,
0.0,
0.0,
0.0,
0.0,
1.0,
6.0,
0.0,
0.0,
0.0,
0.0,
0.0,
0.0,
0.0,
0.0,
0.0,
0.0,
2.0,
4.0,
3.0,
4.0,
2.0,
1.0,
0.0,
0.0,
4.0,
17.0,
1.0,
5.0,
8.0,
5.0,
2.0,
0.0,
0.0,
0.0,
0.0,
0.0,
0.0,
0.0,
0.0,
0.0,
0.0,
0.0,
0.0,
0.0,
0.0,
1.0,
3.0,
3.0,
0.0,
4.0,
4.0,
7.0,
0.0,
0.0,
0.0,
0.0,
0.0,
0.0,
1.0,
5.0,
3.0,
0.0,
0.0,
0.0,
0.0,
0.0,
0.0,
0.0,
2.0,
2.0,
0.0,
0.0,
0.0,
0.0,
0.0,
7.0,
0.0,
1.0,
0.0,
4.0,
0.0,
12.0,
5.0,
3.0,
0.0,
0.0,
0.0,
0.0,
0.0,
2.0,
0.0,
0.0,
0.0,
0.0,
0.0,
0.0,
3.0,
2.0,
0.0,
0.0,
0.0,
0.0,
0.0,
16.0,
0.0,
5.0,
0.0,
14.0,
0.0,
0.0,
0.0,
0.0,
0.0,
9.0,
5.0,
0.0,
0.0,
1.0,
0.0,
0.0,
0.0,
0.0,
0.0,
1.0,
2.0,
0.0,
0.0,
0.0,
4.0,
9.0,
20.0,
67.0,
73.0,
131.0,
181.0,
227.0,
169.0,
138.0,
61.0,
16.0,
0.0,
0.0,
4.0,
0.0,
0.0,
5.0,
0.0,
0.0,
0.0,
0.0,
0.0,
2.0,
1.0,
0.0,
0.0,
0.0,
10.0,
19.0,
178.0,
253.0,
254.0,
255.0,
241.0,
255.0,
241.0,
253.0,
252.0,
136.0,
24.0,
0.0,
1.0,
1.0,
0.0,
0.0,
0.0,
0.0,
0.0,
0.0,
0.0,
3.0,
0.0,
10.0,
8.0,
0.0,
15.0,
213.0,
249.0,
253.0,
255.0,
241.0,
255.0,
255.0,
234.0,
255.0,
252.0,
247.0,
148.0,
0.0,
4.0,
7.0,
0.0,
1.0,
0.0,
0.0,
0.0,
0.0,
2.0,
6.0,
0.0,
0.0,
0.0,
15.0,
188.0,
255.0,
255.0,
255.0,
241.0,
245.0,
238.0,
218.0,
255.0,
255.0,
255.0,
255.0,
218.0,
85.0,
6.0,
0.0,
0.0,
0.0,
0.0,
0.0,
0.0,
0.0,
0.0,
7.0,
3.0,
1.0,
5.0,
45.0,
255.0,
241.0,
235.0,
255.0,
244.0,
156.0,
44.0,
59.0,
231.0,
246.0,
249.0,
254.0,
255.0,
167.0,
1.0,
0.0,
7.0,
0.0,
0.0,
0.0,
0.0,
0.0,
0.0,
9.0,
0.0,
3.0,
1.0,
70.0,
251.0,
255.0,
250.0,
255.0,
183.0,
102.0,
177.0,
236.0,
255.0,
251.0,
251.0,
245.0,
253.0,
191.0,
0.0,
0.0,
9.0,
0.0,
0.0,
0.0,
0.0,
0.0,
1.0,
3.0,
0.0,
2.0,
0.0,
57.0,
244.0,
255.0,
255.0,
246.0,
255.0,
250.0,
255.0,
255.0,
255.0,
240.0,
255.0,
255.0,
244.0,
191.0,
0.0,
1.0,
0.0,
0.0,
0.0,
0.0,
0.0,
0.0,
1.0,
0.0,
0.0,
8.0,
1.0,
42.0,
255.0,
250.0,
235.0,
255.0,
241.0,
253.0,
254.0,
236.0,
253.0,
255.0,
250.0,
255.0,
245.0,
190.0,
4.0,
3.0,
0.0,
4.0,
0.0,
0.0,
0.0,
0.0,
8.0,
0.0,
0.0,
0.0,
0.0,
43.0,
218.0,
248.0,
255.0,
255.0,
250.0,
255.0,
244.0,
255.0,
252.0,
239.0,
240.0,
255.0,
246.0,
188.0,
2.0,
2.0,
0.0,
6.0,
0.0,
0.0,
0.0,
0.0,
0.0,
0.0,
5.0,
4.0,
0.0,
11.0,
16.0,
124.0,
192.0,
229.0,
243.0,
217.0,
197.0,
190.0,
96.0,
218.0,
255.0,
255.0,
249.0,
187.0,
0.0,
2.0,
1.0,
0.0,
0.0,
0.0,
0.0,
0.0,
0.0,
0.0,
0.0,
0.0,
0.0,
0.0,
0.0,
0.0,
0.0,
36.0,
58.0,
31.0,
0.0,
1.0,
0.0,
151.0,
255.0,
250.0,
251.0,
189.0,
0.0,
0.0,
0.0,
6.0,
0.0,
0.0,
0.0,
0.0,
0.0,
0.0,
0.0,
0.0,
0.0,
0.0,
0.0,
0.0,
1.0,
0.0,
0.0,
0.0,
4.0,
4.0,
7.0,
222.0,
249.0,
252.0,
255.0,
194.0,
5.0,
3.0,
0.0,
0.0,
0.0,
0.0,
0.0,
0.0,
0.0,
0.0,
0.0,
0.0,
0.0,
0.0,
0.0,
0.0,
11.0,
9.0,
0.0,
0.0,
10.0,
0.0,
0.0,
247.0,
251.0,
255.0,
250.0,
184.0,
0.0,
0.0,
3.0,
0.0,
0.0,
0.0,
0.0,
0.0,
0.0,
0.0,
0.0,
0.0,
0.0,
0.0,
0.0,
0.0,
0.0,
3.0,
3.0,
3.0,
8.0,
4.0,
0.0,
213.0,
255.0,
255.0,
248.0,
198.0,
9.0,
0.0,
2.0,
2.0,
0.0,
0.0,
0.0,
0.0,
0.0,
0.0,
0.0,
0.0,
0.0,
0.0,
0.0,
0.0,
7.0,
12.0,
9.0,
0.0,
0.0,
3.0,
0.0,
126.0,
252.0,
251.0,
255.0,
242.0,
53.0,
4.0,
0.0,
0.0,
0.0,
0.0,
0.0,
0.0,
0.0,
0.0,
0.0,
0.0,
0.0,
0.0,
0.0,
0.0,
0.0,
0.0,
0.0,
1.0,
0.0,
10.0,
15.0,
182.0,
255.0,
250.0,
255.0,
255.0,
67.0,
1.0,
0.0,
2.0,
0.0,
0.0,
0.0,
0.0,
0.0,
0.0,
0.0,
0.0,
0.0,
0.0,
0.0,
0.0,
8.0,
7.0,
8.0,
12.0,
0.0,
0.0,
7.0,
225.0,
255.0,
253.0,
248.0,
245.0,
56.0,
0.0,
0.0,
5.0,
0.0,
0.0,
0.0,
0.0,
0.0,
0.0,
0.0,
0.0,
0.0,
0.0,
0.0,
0.0,
0.0,
5.0,
0.0,
0.0,
8.0,
0.0,
0.0,
231.0,
248.0,
255.0,
254.0,
250.0,
61.0,
1.0,
3.0,
0.0,
0.0,
0.0,
0.0,
0.0,
0.0,
0.0,
0.0,
0.0,
0.0,
0.0,
0.0,
0.0,
0.0,
0.0,
14.0,
0.0,
7.0,
0.0,
19.0,
225.0,
255.0,
249.0,
240.0,
255.0,
56.0,
0.0,
7.0,
0.0,
0.0,
0.0,
0.0,
0.0,
0.0,
0.0,
0.0,
0.0,
0.0,
0.0,
0.0,
0.0,
8.0,
0.0,
7.0,
0.0,
0.0,
0.0,
0.0,
33.0,
86.0,
238.0,
97.0,
33.0,
13.0,
0.0,
0.0,
0.0,
0.0,
0.0,
0.0,
0.0,
0.0,
0.0,
0.0,
0.0,
0.0,
0.0,
0.0,
0.0,
0.0,
0.0,
6.0,
3.0,
0.0,
16.0,
6.0,
0.0,
0.0,
13.0,
0.0,
8.0,
0.0,
8.0,
0.0,
3.0,
0.0,
0.0,
0.0,
0.0,
0.0,
0.0,
0.0,
0.0,
0.0,
0.0,
0.0,
0.0,
5.0,
0.0,
0.0,
6.0,
0.0,
0.0,
11.0,
5.0,
3.0,
0.0,
11.0,
5.0,
0.0,
9.0,
0.0,
4.0,
0.0,
0.0,
0.0,
0.0,
