1.0,
0.0,
0.0,
0.0,
0.0,
2.0,
4.0,
4.0,
0.0,
0.0,
0.0,
0.0,
2.0,
7.0,
1.0,
0.0,
6.0,
2.0,
0.0,
0.0,
1.0,
7.0,
5.0,
0.0,
0.0,
0.0,
0.0,
0.0,
0.0,
0.0,
2.0,
1.0,
0.0,
0.0,
0.0,
0.0,
5.0,
4.0,
2.0,
0.0,
2.0,
5.0,
4.0,
0.0,
0.0,
1.0,
4.0,
7.0,
2.0,
0.0,
0.0,
3.0,
0.0,
0.0,
0.0,
0.0,
0.0,
0.0,
3.0,
3.0,
0.0,
0.0,
0.0,
0.0,
0.0,
0.0,
3.0,
2.0,
0.0,
0.0,
0.0,
12.0,
0.0,
0.0,
0.0,
4.0,
1.0,
0.0,
0.0,
7.0,
0.0,
0.0,
0.0,
0.0,
3.0,
0.0,
0.0,
0.0,
0.0,
0.0,
2.0,
6.0,
18.0,
3.0,
0.0,
1.0,
11.0,
9.0,
0.0,
0.0,
5.0,
0.0,
0.0,
0.0,
0.0,
2.0,
1.0,
0.0,
0.0,
0.0,
0.0,
0.0,
5.0,
0.0,
0.0,
0.0,
4.0,
2.0,
0.0,
1.0,
0.0,
0.0,
0.0,
0.0,
0.0,
0.0,
0.0,
4.0,
2.0,
9.0,
8.0,
0.0,
0.0,
5.0,
1.0,
0.0,
0.0,
0.0,
0.0,
0.0,
2.0,
0.0,
0.0,
5.0,
7.0,
0.0,
0.0,
0.0,
0.0,
2.0,
9.0,
5.0,
0.0,
0.0,
0.0,
0.0,
0.0,
0.0,
7.0,
2.0,
0.0,
0.0,
0.0,
0.0,
0.0,
0.0,
0.0,
0.0,
1.0,
0.0,
0.0,
5.0,
2.0,
0.0,
2.0,
14.0,
191.0,
244.0,
255.0,
202.0,
96.0,
21.0,
0.0,
4.0,
14.0,
0.0,
0.0,
0.0,
2.0,
0.0,
0.0,
6.0,
0.0,
0.0,
0.0,
0.0,
4.0,
0.0,
0.0,
0.0,
0.0,
0.0,
16.0,
44.0,
248.0,
232.0,
214.0,
218.0,
234.0,
207.0,
106.0,
3.0,
86.0,
27.0,
0.0,
0.0,
12.0,
3.0,
0.0,
3.0,
0.0,
0.0,
0.0,
0.0,
7.0,
0.0,
0.0,
11.0,
0.0,
4.0,
0.0,
134.0,
255.0,
146.0,
0.0,
5.0,
59.0,
168.0,
238.0,
204.0,
247.0,
136.0,
0.0,
0.0,
0.0,
1.0,
0.0,
6.0,
0.0,
0.0,
0.0,
0.0,
0.0,
4.0,
0.0,
4.0,
0.0,
0.0,
2.0,
187.0,
238.0,
115.0,
3.0,
1.0,
4.0,
7.0,
168.0,
250.0,
255.0,
156.0,
0.0,
6.0,
2.0,
0.0,
0.0,
2.0,
0.0,
0.0,
0.0,
0.0,
0.0,
13.0,
0.0,
0.0,
7.0,
0.0,
8.0,
222.0,
255.0,
110.0,
4.0,
5.0,
0.0,
42.0,
244.0,
241.0,
244.0,
166.0,
0.0,
1.0,
1.0,
0.0,
0.0,
5.0,
0.0,
0.0,
0.0,
0.0,
0.0,
12.0,
0.0,
0.0,
7.0,
0.0,
7.0,
181.0,
248.0,
135.0,
0.0,
11.0,
40.0,
170.0,
255.0,
117.0,
211.0,
185.0,
3.0,
0.0,
0.0,
1.0,
0.0,
4.0,
0.0,
0.0,
0.0,
0.0,
3.0,
3.0,
0.0,
0.0,
0.0,
2.0,
1.0,
83.0,
232.0,
255.0,
153.0,
187.0,
255.0,
234.0,
126.0,
0.0,
196.0,
227.0,
30.0,
1.0,
0.0,
4.0,
1.0,
0.0,
0.0,
0.0,
0.0,
0.0,
8.0,
0.0,
3.0,
1.0,
0.0,
4.0,
0.0,
5.0,
71.0,
214.0,
255.0,
238.0,
199.0,
50.0,
0.0,
2.0,
183.0,
253.0,
38.0,
2.0,
0.0,
6.0,
1.0,
0.0,
0.0,
0.0,
0.0,
0.0,
3.0,
0.0,
5.0,
0.0,
0.0,
2.0,
0.0,
0.0,
0.0,
26.0,
54.0,
37.0,
15.0,
0.0,
11.0,
4.0,
177.0,
255.0,
24.0,
0.0,
1.0,
3.0,
0.0,
3.0,
0.0,
0.0,
0.0,
0.0,
0.0,
1.0,
5.0,
0.0,
0.0,
0.0,
0.0,
6.0,
4.0,
0.0,
0.0,
8.0,
0.0,
14.0,
1.0,
0.0,
188.0,
255.0,
14.0,
0.0,
7.0,
0.0,
0.0,
6.0,
0.0,
0.0,
0.0,
0.0,
0.0,
0.0,
0.0,
0.0,
0.0,
0.0,
0.0,
0.0,
0.0,
0.0,
0.0,
0.0,
0.0,
0.0,
0.0,
0.0,
191.0,
250.0,
34.0,
1.0,
0.0,
2.0,
0.0,
0.0,
0.0,
0.0,
0.0,
0.0,
0.0,
0.0,
0.0,
0.0,
0.0,
0.0,
0.0,
0.0,
0.0,
0.0,
0.0,
0.0,
0.0,
0.0,
0.0,
0.0,
180.0,
251.0,
131.0,
1.0,
0.0,
5.0,
0.0,
7.0,
0.0,
0.0,
0.0,
0.0,
0.0,
0.0,
0.0,
0.0,
0.0,
0.0,
0.0,
0.0,
0.0,
0.0,
0.0,
0.0,
0.0,
0.0,
0.0,
0.0,
182.0,
253.0,
157.0,
0.0,
0.0,
5.0,
0.0,
3.0,
0.0,
0.0,
0.0,
0.0,
0.0,
0.0,
0.0,
0.0,
0.0,
0.0,
0.0,
0.0,
0.0,
0.0,
0.0,
0.0,
0.0,
0.0,
0.0,
0.0,
178.0,
255.0,
126.0,
8.0,
4.0,
0.0,
0.0,
0.0,
0.0,
0.0,
0.0,
0.0,
0.0,
0.0,
0.0,
0.0,
0.0,
0.0,
0.0,
0.0,
0.0,
0.0,
0.0,
0.0,
0.0,
0.0,
0.0,
0.0,
175.0,
255.0,
133.0,
11.0,
7.0,
0.0,
0.0,
5.0,
0.0,
0.0,
0.0,
0.0,
0.0,
0.0,
0.0,
0.0,
0.0,
0.0,
0.0,
0.0,
0.0,
0.0,
0.0,
0.0,
0.0,
0.0,
0.0,
0.0,
196.0,
243.0,
146.0,
0.0,
1.0,
0.0,
0.0,
3.0,
0.0,
0.0,
0.0,
0.0,
0.0,
0.0,
0.0,
0.0,
0.0,
0.0,
0.0,
0.0,
0.0,
0.0,
0.0,
0.0,
0.0,
0.0,
0.0,
0.0,
188.0,
245.0,
146.0,
10.0,
32.0,
3.0,
0.0,
0.0,
0.0,
0.0,
0.0,
0.0,
0.0,
0.0,
0.0,
0.0,
0.0,
0.0,
0.0,
0.0,
0.0,
0.0,
0.0,
0.0,
0.0,
0.0,
0.0,
0.0,
141.0,
255.0,
160.0,
128.0,
92.0,
2.0,
0.0,
1.0,
0.0,
0.0,
0.0,
0.0,
0.0,
0.0,
0.0,
0.0,
0.0,
0.0,
0.0,
0.0,
0.0,
0.0,
0.0,
0.0,
0.0,
0.0,
0.0,
0.0,
75.0,
242.0,
254.0,
255.0,
89.0,
3.0,
2.0,
0.0,
0.0,
0.0,
0.0,
0.0,
0.0,
0.0,
0.0,
0.0,
0.0,
0.0,
0.0,
0.0,
0.0,
0.0,
0.0,
0.0,
0.0,
0.0,
0.0,
0.0,
1.0,
183.0,
231.0,
136.0,
0.0,
0.0,
15.0,
0.0,
0.0,
0.0,
0.0,
0.0,
0.0,
0.0,
0.0,
0.0,
0.0,
0.0,
0.0,
0.0,
0.0,
0.0,
0.0,
0.0,
0.0,
0.0,
0.0,
0.0,
0.0,
0.0,
17.0,
0.0,
3.0,
5.0,
0.0,
0.0,
0.0,
0.0,
0.0,
0.0,
0.0,
0.0,
0.0,
0.0,
0.0,
0.0,
0.0,
0.0,
0.0,
0.0,
0.0,
0.0,
0.0,
0.0,
0.0,
0.0,
4.0,
0.0,
18.0,
0.0,
8.0,
0.0,
0.0,
25.0,
0.0,
0.0,
0.0,
0.0,
