0.0,
0.0,
0.0,
0.0,
0.0,
0.0,
0.0,
0.0,
3.0,
0.0,
0.0,
9.0,
0.0,
5.0,
0.0,
11.0,
13.0,
0.0,
16.0,
0.0,
0.0,
1.0,
5.0,
0.0,
0.0,
0.0,
0.0,
0.0,
0.0,
0.0,
0.0,
0.0,
0.0,
0.0,
0.0,
0.0,
0.0,
12.0,
6.0,
0.0,
0.0,
17.0,
0.0,
0.0,
0.0,
0.0,
2.0,
6.0,
12.0,
4.0,
0.0,
0.0,
0.0,
0.0,
0.0,
0.0,
0.0,
0.0,
0.0,
0.0,
0.0,
0.0,
0.0,
0.0,
6.0,
0.0,
0.0,
6.0,
0.0,
0.0,
1.0,
20.0,
8.0,
9.0,
0.0,
0.0,
0.0,
0.0,
0.0,
10.0,
0.0,
0.0,
0.0,
0.0,
0.0,
0.0,
0.0,
0.0,
0.0,
0.0,
0.0,
0.0,
0.0,
8.0,
7.0,
6.0,
0.0,
0.0,
0.0,
0.0,
0.0,
0.0,
2.0,
7.0,
0.0,
8.0,
5.0,
2.0,
0.0,
0.0,
0.0,
0.0,
0.0,
0.0,
0.0,
0.0,
0.0,
0.0,
0.0,
0.0,
6.0,
2.0,
0.0,
0.0,
10.0,
6.0,
14.0,
0.0,
2.0,
0.0,
16.0,
4.0,
0.0,
0.0,
4.0,
0.0,
0.0,
0.0,
0.0,
0.0,
0.0,
0.0,
0.0,
0.0,
0.0,
0.0,
0.0,
0.0,
0.0,
4.0,
5.0,
3.0,
0.0,
0.0,
141.0,
255.0,
255.0,
242.0,
248.0,
188.0,
91.0,
3.0,
5.0,
7.0,
0.0,
0.0,
0.0,
0.0,
0.0,
0.0,
0.0,
0.0,
0.0,
0.0,
0.0,
0.0,
2.0,
14.0,
0.0,
0.0,
85.0,
172.0,
255.0,
254.0,
192.0,
199.0,
212.0,
248.0,
214.0,
13.0,
0.0,
0.0,
0.0,
0.0,
0.0,
0.0,
0.0,
0.0,
0.0,
0.0,
0.0,
0.0,
0.0,
0.0,
0.0,
0.0,
17.0,
119.0,
254.0,
255.0,
191.0,
44.0,
9.0,
4.0,
0.0,
156.0,
255.0,
35.0,
5.0,
0.0,
0.0,
0.0,
0.0,
0.0,
3.0,
3.0,
0.0,
0.0,
4.0,
0.0,
0.0,
1.0,
0.0,
7.0,
137.0,
238.0,
255.0,
158.0,
19.0,
5.0,
1.0,
2.0,
8.0,
129.0,
255.0,
40.0,
0.0,
0.0,
0.0,
0.0,
0.0,
0.0,
2.0,
0.0,
0.0,
0.0,
1.0,
0.0,
14.0,
0.0,
0.0,
142.0,
235.0,
255.0,
196.0,
0.0,
16.0,
0.0,
3.0,
0.0,
2.0,
131.0,
248.0,
157.0,
2.0,
0.0,
0.0,
0.0,
0.0,
0.0,
0.0,
0.0,
0.0,
0.0,
2.0,
0.0,
15.0,
0.0,
55.0,
255.0,
255.0,
224.0,
18.0,
1.0,
1.0,
9.0,
7.0,
0.0,
0.0,
166.0,
246.0,
217.0,
9.0,
0.0,
0.0,
0.0,
0.0,
0.0,
0.0,
1.0,
0.0,
4.0,
5.0,
0.0,
0.0,
18.0,
196.0,
253.0,
232.0,
30.0,
0.0,
0.0,
13.0,
0.0,
3.0,
4.0,
0.0,
222.0,
255.0,
162.0,
8.0,
0.0,
0.0,
0.0,
0.0,
0.0,
0.0,
6.0,
0.0,
2.0,
1.0,
6.0,
0.0,
96.0,
251.0,
235.0,
68.0,
3.0,
4.0,
0.0,
0.0,
0.0,
0.0,
0.0,
0.0,
255.0,
255.0,
119.0,
0.0,
0.0,
0.0,
0.0,
0.0,
0.0,
0.0,
6.0,
0.0,
0.0,
0.0,
5.0,
16.0,
187.0,
254.0,
179.0,
0.0,
0.0,
12.0,
0.0,
0.0,
13.0,
2.0,
0.0,
28.0,
255.0,
247.0,
131.0,
1.0,
0.0,
0.0,
0.0,
0.0,
0.0,
0.0,
3.0,
0.0,
0.0,
2.0,
0.0,
95.0,
243.0,
251.0,
98.0,
10.0,
0.0,
0.0,
7.0,
0.0,
0.0,
2.0,
0.0,
109.0,
255.0,
235.0,
94.0,
7.0,
0.0,
0.0,
0.0,
0.0,
0.0,
0.0,
0.0,
0.0,
6.0,
13.0,
0.0,
157.0,
255.0,
196.0,
4.0,
0.0,
3.0,
7.0,
0.0,
5.0,
5.0,
0.0,
15.0,
176.0,
255.0,
230.0,
8.0,
6.0,
0.0,
0.0,
0.0,
0.0,
0.0,
0.0,
6.0,
0.0,
5.0,
4.0,
10.0,
217.0,
252.0,
97.0,
19.0,
0.0,
0.0,
10.0,
0.0,
0.0,
1.0,
4.0,
17.0,
221.0,
255.0,
107.0,
0.0,
9.0,
0.0,
0.0,
0.0,
0.0,
0.0,
0.0,
3.0,
1.0,
6.0,
0.0,
29.0,
244.0,
253.0,
52.0,
0.0,
0.0,
5.0,
0.0,
0.0,
10.0,
0.0,
0.0,
79.0,
255.0,
250.0,
58.0,
4.0,
1.0,
5.0,
0.0,
0.0,
0.0,
0.0,
0.0,
0.0,
0.0,
4.0,
0.0,
65.0,
255.0,
231.0,
0.0,
14.0,
12.0,
0.0,
8.0,
0.0,
5.0,
0.0,
71.0,
233.0,
246.0,
190.0,
20.0,
3.0,
0.0,
6.0,
0.0,
0.0,
0.0,
0.0,
4.0,
0.0,
0.0,
0.0,
3.0,
66.0,
236.0,
251.0,
96.0,
0.0,
1.0,
0.0,
0.0,
7.0,
0.0,
123.0,
229.0,
255.0,
251.0,
107.0,
0.0,
0.0,
30.0,
0.0,
0.0,
0.0,
0.0,
0.0,
0.0,
10.0,
0.0,
0.0,
0.0,
18.0,
174.0,
255.0,
227.0,
94.0,
21.0,
37.0,
8.0,
30.0,
156.0,
251.0,
245.0,
255.0,
232.0,
0.0,
22.0,
0.0,
0.0,
12.0,
0.0,
0.0,
0.0,
0.0,
0.0,
8.0,
0.0,
1.0,
0.0,
0.0,
72.0,
176.0,
255.0,
245.0,
226.0,
242.0,
233.0,
221.0,
176.0,
116.0,
241.0,
255.0,
112.0,
0.0,
0.0,
3.0,
1.0,
1.0,
0.0,
0.0,
0.0,
0.0,
0.0,
0.0,
0.0,
4.0,
6.0,
0.0,
5.0,
35.0,
125.0,
227.0,
209.0,
221.0,
175.0,
48.0,
6.0,
70.0,
245.0,
238.0,
0.0,
6.0,
0.0,
9.0,
0.0,
0.0,
0.0,
0.0,
0.0,
0.0,
2.0,
0.0,
0.0,
1.0,
0.0,
4.0,
3.0,
0.0,
0.0,
0.0,
15.0,
0.0,
1.0,
12.0,
0.0,
144.0,
255.0,
60.0,
8.0,
3.0,
0.0,
0.0,
4.0,
0.0,
0.0,
0.0,
0.0,
0.0,
0.0,
0.0,
0.0,
0.0,
0.0,
0.0,
0.0,
0.0,
0.0,
1.0,
4.0,
0.0,
0.0,
0.0,
12.0,
24.0,
231.0,
69.0,
0.0,
5.0,
2.0,
0.0,
8.0,
0.0,
0.0,
0.0,
0.0,
0.0,
0.0,
0.0,
0.0,
0.0,
0.0,
0.0,
0.0,
0.0,
0.0,
4.0,
5.0,
2.0,
0.0,
0.0,
3.0,
9.0,
17.0,
0.0,
0.0,
14.0,
0.0,
1.0,
11.0,
0.0,
0.0,
0.0,
0.0,
0.0,
0.0,
0.0,
0.0,
0.0,
0.0,
0.0,
0.0,
0.0,
0.0,
2.0,
4.0,
3.0,
0.0,
0.0,
0.0,
0.0,
0.0,
1.0,
12.0,
1.0,
0.0,
0.0,
12.0,
0.0,
0.0,
0.0,
0.0,
0.0,
0.0,
0.0,
0.0,
0.0,
0.0,
0.0,
0.0,
0.0,
0.0,
0.0,
0.0,
1.0,
2.0,
1.0,
0.0,
0.0,
4.0,
6.0,
2.0,
0.0,
3.0,
3.0,
0.0,
0.0,
0.0,
0.0,
0.0,
0.0,
