255.0,
255.0,
255.0,
255.0,
255.0,
255.0,
255.0,
255.0,
255.0,
253.0,
255.0,
255.0,
255.0,
255.0,
255.0,
254.0,
255.0,
255.0,
255.0,
255.0,
255.0,
255.0,
255.0,
255.0,
255.0,
255.0,
255.0,
255.0,
255.0,
255.0,
255.0,
255.0,
255.0,
255.0,
255.0,
255.0,
254.0,
255.0,
4.0,
228.0,
255.0,
255.0,
253.0,
255.0,
255.0,
255.0,
255.0,
255.0,
255.0,
255.0,
255.0,
255.0,
255.0,
255.0,
255.0,
255.0,
255.0,
255.0,
255.0,
255.0,
255.0,
255.0,
255.0,
255.0,
255.0,
253.0,
1.0,
4.0,
236.0,
255.0,
255.0,
254.0,
255.0,
255.0,
255.0,
255.0,
255.0,
255.0,
255.0,
255.0,
255.0,
255.0,
255.0,
255.0,
255.0,
255.0,
255.0,
255.0,
255.0,
255.0,
255.0,
255.0,
253.0,
255.0,
0.0,
0.0,
0.0,
248.0,
255.0,
255.0,
255.0,
255.0,
255.0,
255.0,
255.0,
255.0,
255.0,
255.0,
255.0,
255.0,
255.0,
255.0,
255.0,
255.0,
255.0,
255.0,
255.0,
255.0,
255.0,
255.0,
255.0,
255.0,
2.0,
0.0,
0.0,
19.0,
254.0,
252.0,
255.0,
255.0,
255.0,
255.0,
255.0,
255.0,
255.0,
255.0,
255.0,
255.0,
255.0,
255.0,
255.0,
255.0,
255.0,
255.0,
255.0,
255.0,
255.0,
255.0,
255.0,
255.0,
0.0,
0.0,
1.0,
0.0,
254.0,
255.0,
255.0,
255.0,
255.0,
255.0,
255.0,
255.0,
255.0,
255.0,
255.0,
255.0,
255.0,
255.0,
255.0,
255.0,
255.0,
255.0,
255.0,
255.0,
255.0,
255.0,
255.0,
253.0,
0.0,
0.0,
0.0,
3.0,
252.0,
255.0,
255.0,
255.0,
255.0,
255.0,
255.0,
255.0,
255.0,
255.0,
255.0,
255.0,
255.0,
255.0,
255.0,
255.0,
255.0,
255.0,
255.0,
255.0,
255.0,
255.0,
255.0,
253.0,
2.0,
1.0,
2.0,
2.0,
97.0,
251.0,
255.0,
255.0,
255.0,
255.0,
255.0,
255.0,
255.0,
255.0,
255.0,
255.0,
255.0,
255.0,
255.0,
255.0,
255.0,
255.0,
255.0,
255.0,
255.0,
255.0,
255.0,
252.0,
2.0,
4.0,
1.0,
0.0,
2.0,
253.0,
255.0,
255.0,
255.0,
255.0,
255.0,
255.0,
255.0,
255.0,
255.0,
255.0,
255.0,
255.0,
255.0,
255.0,
255.0,
255.0,
255.0,
255.0,
255.0,
255.0,
255.0,
255.0,
0.0,
0.0,
0.0,
4.0,
3.0,
253.0,
255.0,
255.0,
255.0,
255.0,
255.0,
255.0,
255.0,
255.0,
255.0,
255.0,
255.0,
255.0,
255.0,
255.0,
255.0,
255.0,
255.0,
255.0,
255.0,
255.0,
254.0,
252.0,
2.0,
0.0,
1.0,
2.0,
0.0,
255.0,
255.0,
255.0,
255.0,
255.0,
255.0,
255.0,
255.0,
255.0,
255.0,
255.0,
255.0,
255.0,
255.0,
255.0,
255.0,
255.0,
255.0,
255.0,
255.0,
255.0,
254.0,
255.0,
0.0,
1.0,
109.0,
2.0,
0.0,
255.0,
255.0,
255.0,
255.0,
255.0,
255.0,
255.0,
255.0,
255.0,
255.0,
255.0,
255.0,
255.0,
255.0,
255.0,
255.0,
255.0,
255.0,
255.0,
255.0,
255.0,
255.0,
220.0,
0.0,
0.0,
218.0,
1.0,
0.0,
255.0,
255.0,
255.0,
255.0,
255.0,
255.0,
255.0,
255.0,
255.0,
255.0,
255.0,
255.0,
255.0,
255.0,
255.0,
255.0,
255.0,
255.0,
255.0,
255.0,
255.0,
255.0,
5.0,
1.0,
1.0,
252.0,
0.0,
2.0,
164.0,
255.0,
255.0,
255.0,
255.0,
255.0,
255.0,
255.0,
255.0,
255.0,
255.0,
255.0,
255.0,
255.0,
255.0,
255.0,
255.0,
255.0,
255.0,
255.0,
255.0,
251.0,
5.0,
0.0,
1.0,
255.0,
13.0,
0.0,
35.0,
255.0,
255.0,
255.0,
255.0,
255.0,
255.0,
255.0,
255.0,
255.0,
255.0,
255.0,
255.0,
255.0,
255.0,
255.0,
255.0,
255.0,
255.0,
255.0,
255.0,
255.0,
0.0,
1.0,
2.0,
255.0,
113.0,
1.0,
1.0,
255.0,
255.0,
255.0,
255.0,
255.0,
255.0,
255.0,
255.0,
255.0,
255.0,
255.0,
255.0,
255.0,
254.0,
255.0,
253.0,
255.0,
255.0,
255.0,
254.0,
188.0,
0.0,
0.0,
1.0,
252.0,
255.0,
6.0,
0.0,
255.0,
255.0,
255.0,
253.0,
255.0,
255.0,
253.0,
255.0,
255.0,
255.0,
255.0,
255.0,
254.0,
255.0,
255.0,
255.0,
255.0,
254.0,
253.0,
255.0,
0.0,
1.0,
2.0,
130.0,
255.0,
255.0,
0.0,
1.0,
255.0,
254.0,
255.0,
255.0,
254.0,
255.0,
255.0,
252.0,
255.0,
255.0,
255.0,
255.0,
254.0,
255.0,
255.0,
255.0,
255.0,
254.0,
255.0,
198.0,
1.0,
1.0,
0.0,
254.0,
254.0,
255.0,
2.0,
2.0,
254.0,
251.0,
255.0,
254.0,
255.0,
249.0,
255.0,
255.0,
255.0,
255.0,
255.0,
255.0,
255.0,
254.0,
254.0,
255.0,
255.0,
255.0,
253.0,
2.0,
0.0,
0.0,
0.0,
255.0,
252.0,
253.0,
0.0,
0.0,
0.0,
153.0,
249.0,
254.0,
255.0,
255.0,
254.0,
253.0,
255.0,
255.0,
255.0,
255.0,
252.0,
254.0,
255.0,
255.0,
255.0,
253.0,
141.0,
0.0,
1.0,
0.0,
0.0,
0.0,
2.0,
0.0,
15.0,
0.0,
1.0,
2.0,
161.0,
255.0,
254.0,
255.0,
255.0,
255.0,
255.0,
255.0,
255.0,
255.0,
255.0,
254.0,
254.0,
252.0,
255.0,
254.0,
0.0,
0.0,
0.0,
0.0,
2.0,
2.0,
0.0,
3.0,
0.0,
0.0,
0.0,
1.0,
200.0,
254.0,
254.0,
254.0,
255.0,
253.0,
255.0,
255.0,
255.0,
255.0,
251.0,
255.0,
253.0,
255.0,
255.0,
235.0,
0.0,
1.0,
0.0,
4.0,
1.0,
1.0,
28.0,
77.0,
66.0,
2.0,
2.0,
252.0,
255.0,
255.0,
254.0,
255.0,
252.0,
255.0,
255.0,
255.0,
255.0,
255.0,
255.0,
251.0,
255.0,
255.0,
251.0,
5.0,
1.0,
0.0,
4.0,
255.0,
253.0,
254.0,
255.0,
252.0,
255.0,
2.0,
1.0,
255.0,
251.0,
255.0,
254.0,
253.0,
255.0,
253.0,
255.0,
255.0,
255.0,
255.0,
255.0,
255.0,
255.0,
253.0,
224.0,
0.0,
1.0,
0.0,
253.0,
255.0,
255.0,
255.0,
253.0,
255.0,
255.0,
0.0,
1.0,
253.0,
254.0,
255.0,
255.0,
255.0,
255.0,
253.0,
255.0,
255.0,
255.0,
255.0,
254.0,
255.0,
255.0,
252.0,
254.0,
0.0,
4.0,
2.0,
255.0,
251.0,
254.0,
255.0,
255.0,
253.0,
255.0,
1.0,
0.0,
233.0,
255.0,
254.0,
254.0,
252.0,
255.0,
252.0,
255.0,
255.0,
255.0,
255.0,
255.0,
250.0,
255.0,
255.0,
255.0,
254.0,
0.0,
250.0,
255.0,
255.0,
255.0,
254.0,
253.0,
255.0,
255.0,
249.0,
0.0,
104.0,
255.0,
253.0,
255.0,
255.0,
249.0,
255.0,
255.0,
255.0,
255.0,
255.0,
254.0,
255.0,
253.0,
255.0,
252.0,
255.0,
255.0,
255.0,
255.0,
252.0,
253.0,
255.0,
254.0,
255.0,
255.0,
255.0,
255.0,
0.0,
252.0,
254.0,
254.0,
255.0,
255.0,
254.0,
255.0,
255.0,
255.0,
255.0,
