255.0,
254.0,
254.0,
255.0,
255.0,
252.0,
255.0,
253.0,
255.0,
255.0,
255.0,
255.0,
255.0,
255.0,
255.0,
255.0,
255.0,
255.0,
255.0,
255.0,
255.0,
251.0,
255.0,
253.0,
255.0,
255.0,
255.0,
255.0,
254.0,
255.0,
254.0,
255.0,
254.0,
255.0,
255.0,
255.0,
255.0,
255.0,
255.0,
255.0,
255.0,
255.0,
254.0,
254.0,
253.0,
255.0,
252.0,
255.0,
253.0,
255.0,
253.0,
255.0,
255.0,
255.0,
255.0,
255.0,
255.0,
255.0,
255.0,
253.0,
255.0,
254.0,
252.0,
255.0,
255.0,
255.0,
255.0,
255.0,
255.0,
255.0,
255.0,
255.0,
255.0,
254.0,
255.0,
254.0,
254.0,
255.0,
255.0,
255.0,
255.0,
255.0,
255.0,
255.0,
254.0,
255.0,
251.0,
255.0,
254.0,
254.0,
255.0,
255.0,
254.0,
254.0,
254.0,
254.0,
254.0,
254.0,
254.0,
254.0,
254.0,
251.0,
253.0,
255.0,
255.0,
254.0,
253.0,
255.0,
255.0,
255.0,
255.0,
255.0,
255.0,
254.0,
255.0,
252.0,
255.0,
1.0,
0.0,
0.0,
0.0,
0.0,
0.0,
0.0,
0.0,
0.0,
0.0,
0.0,
3.0,
202.0,
255.0,
254.0,
255.0,
255.0,
255.0,
255.0,
255.0,
255.0,
255.0,
255.0,
254.0,
254.0,
254.0,
255.0,
255.0,
0.0,
1.0,
0.0,
0.0,
0.0,
0.0,
0.0,
0.0,
0.0,
0.0,
0.0,
0.0,
1.0,
3.0,
253.0,
253.0,
255.0,
254.0,
255.0,
255.0,
255.0,
255.0,
255.0,
255.0,
255.0,
255.0,
254.0,
255.0,
0.0,
0.0,
3.0,
0.0,
0.0,
0.0,
0.0,
0.0,
0.0,
0.0,
0.0,
0.0,
2.0,
0.0,
0.0,
220.0,
254.0,
255.0,
254.0,
255.0,
255.0,
255.0,
255.0,
253.0,
255.0,
255.0,
253.0,
255.0,
3.0,
0.0,
9.0,
255.0,
255.0,
255.0,
255.0,
254.0,
254.0,
254.0,
254.0,
254.0,
0.0,
3.0,
0.0,
2.0,
250.0,
254.0,
255.0,
255.0,
255.0,
255.0,
255.0,
255.0,
255.0,
255.0,
255.0,
254.0,
0.0,
1.0,
4.0,
255.0,
254.0,
253.0,
255.0,
255.0,
254.0,
255.0,
254.0,
255.0,
251.0,
74.0,
2.0,
0.0,
2.0,
255.0,
253.0,
255.0,
255.0,
255.0,
255.0,
255.0,
255.0,
255.0,
255.0,
254.0,
0.0,
0.0,
3.0,
255.0,
253.0,
255.0,
254.0,
254.0,
255.0,
255.0,
255.0,
253.0,
253.0,
255.0,
7.0,
0.0,
4.0,
80.0,
255.0,
255.0,
255.0,
255.0,
255.0,
255.0,
255.0,
255.0,
255.0,
254.0,
0.0,
0.0,
1.0,
254.0,
255.0,
255.0,
255.0,
255.0,
255.0,
255.0,
253.0,
255.0,
255.0,
251.0,
255.0,
1.0,
2.0,
0.0,
255.0,
255.0,
255.0,
255.0,
255.0,
255.0,
255.0,
255.0,
255.0,
255.0,
1.0,
0.0,
0.0,
252.0,
255.0,
251.0,
253.0,
255.0,
254.0,
255.0,
255.0,
255.0,
254.0,
255.0,
253.0,
8.0,
0.0,
2.0,
252.0,
255.0,
255.0,
255.0,
255.0,
255.0,
255.0,
255.0,
255.0,
255.0,
1.0,
0.0,
0.0,
255.0,
255.0,
253.0,
253.0,
255.0,
255.0,
252.0,
255.0,
254.0,
255.0,
255.0,
253.0,
255.0,
0.0,
5.0,
195.0,
255.0,
255.0,
255.0,
255.0,
255.0,
255.0,
255.0,
255.0,
255.0,
1.0,
0.0,
0.0,
0.0,
8.0,
140.0,
248.0,
253.0,
253.0,
255.0,
255.0,
255.0,
253.0,
252.0,
255.0,
1.0,
0.0,
1.0,
255.0,
255.0,
255.0,
255.0,
255.0,
255.0,
255.0,
255.0,
255.0,
255.0,
1.0,
0.0,
1.0,
2.0,
0.0,
0.0,
0.0,
3.0,
3.0,
0.0,
25.0,
153.0,
3.0,
0.0,
1.0,
0.0,
1.0,
0.0,
254.0,
255.0,
255.0,
255.0,
255.0,
255.0,
255.0,
255.0,
255.0,
254.0,
0.0,
0.0,
1.0,
0.0,
0.0,
0.0,
1.0,
0.0,
0.0,
2.0,
0.0,
1.0,
0.0,
1.0,
0.0,
2.0,
3.0,
253.0,
255.0,
255.0,
255.0,
255.0,
255.0,
255.0,
255.0,
253.0,
254.0,
255.0,
0.0,
0.0,
1.0,
0.0,
6.0,
0.0,
0.0,
3.0,
0.0,
0.0,
1.0,
1.0,
0.0,
0.0,
2.0,
218.0,
250.0,
255.0,
254.0,
255.0,
255.0,
255.0,
255.0,
253.0,
255.0,
255.0,
255.0,
253.0,
0.0,
0.0,
0.0,
255.0,
253.0,
254.0,
255.0,
255.0,
242.0,
236.0,
249.0,
115.0,
2.0,
4.0,
0.0,
255.0,
255.0,
255.0,
255.0,
255.0,
255.0,
255.0,
255.0,
254.0,
255.0,
255.0,
254.0,
255.0,
0.0,
3.0,
0.0,
254.0,
254.0,
255.0,
255.0,
253.0,
255.0,
255.0,
255.0,
254.0,
48.0,
0.0,
4.0,
250.0,
255.0,
251.0,
254.0,
255.0,
255.0,
255.0,
255.0,
255.0,
255.0,
249.0,
255.0,
253.0,
0.0,
1.0,
0.0,
255.0,
254.0,
255.0,
254.0,
254.0,
255.0,
255.0,
252.0,
255.0,
237.0,
0.0,
0.0,
205.0,
253.0,
255.0,
255.0,
255.0,
255.0,
255.0,
255.0,
253.0,
254.0,
255.0,
255.0,
255.0,
6.0,
0.0,
2.0,
253.0,
255.0,
250.0,
255.0,
255.0,
255.0,
255.0,
255.0,
255.0,
254.0,
0.0,
1.0,
60.0,
255.0,
255.0,
254.0,
255.0,
255.0,
255.0,
255.0,
255.0,
255.0,
253.0,
252.0,
190.0,
1.0,
0.0,
0.0,
245.0,
253.0,
255.0,
254.0,
255.0,
255.0,
254.0,
254.0,
251.0,
255.0,
0.0,
0.0,
123.0,
252.0,
252.0,
255.0,
255.0,
255.0,
255.0,
255.0,
253.0,
255.0,
255.0,
254.0,
0.0,
0.0,
0.0,
1.0,
112.0,
254.0,
252.0,
255.0,
255.0,
253.0,
255.0,
255.0,
254.0,
2.0,
0.0,
0.0,
249.0,
255.0,
255.0,
254.0,
255.0,
255.0,
255.0,
255.0,
255.0,
255.0,
255.0,
254.0,
85.0,
0.0,
1.0,
0.0,
1.0,
0.0,
135.0,
250.0,
255.0,
254.0,
235.0,
55.0,
0.0,
2.0,
0.0,
5.0,
255.0,
253.0,
255.0,
255.0,
255.0,
255.0,
255.0,
255.0,
254.0,
255.0,
255.0,
255.0,
254.0,
251.0,
4.0,
0.0,
0.0,
0.0,
1.0,
0.0,
3.0,
0.0,
0.0,
1.0,
0.0,
0.0,
3.0,
253.0,
252.0,
255.0,
253.0,
255.0,
255.0,
255.0,
255.0,
255.0,
255.0,
253.0,
251.0,
255.0,
254.0,
255.0,
252.0,
235.0,
3.0,
1.0,
1.0,
0.0,
0.0,
0.0,
1.0,
0.0,
0.0,
9.0,
255.0,
255.0,
255.0,
255.0,
255.0,
255.0,
255.0,
255.0,
255.0,
255.0,
255.0,
255.0,
254.0,
253.0,
255.0,
255.0,
255.0,
255.0,
253.0,
251.0,
233.0,
105.0,
23.0,
54.0,
192.0,
250.0,
255.0,
252.0,
255.0,
255.0,
255.0,
255.0,
255.0,
253.0,
255.0,
255.0,
255.0,
255.0,
251.0,
255.0,
254.0,
255.0,
255.0,
254.0,
254.0,
253.0,
255.0,
255.0,
251.0,
255.0,
254.0,
255.0,
253.0,
255.0,
253.0,
255.0,
253.0,
254.0,
255.0,
254.0,
255.0,
255.0,
255.0,
255.0,
255.0,
255.0,
