255.0,
255.0,
255.0,
255.0,
255.0,
255.0,
255.0,
255.0,
255.0,
255.0,
255.0,
255.0,
255.0,
255.0,
255.0,
255.0,
255.0,
255.0,
255.0,
255.0,
255.0,
255.0,
255.0,
255.0,
255.0,
255.0,
255.0,
255.0,
255.0,
255.0,
255.0,
255.0,
255.0,
255.0,
255.0,
255.0,
255.0,
255.0,
255.0,
255.0,
255.0,
255.0,
255.0,
255.0,
255.0,
255.0,
255.0,
255.0,
255.0,
255.0,
255.0,
255.0,
255.0,
255.0,
255.0,
255.0,
255.0,
255.0,
255.0,
255.0,
255.0,
255.0,
255.0,
255.0,
255.0,
255.0,
255.0,
255.0,
255.0,
255.0,
255.0,
255.0,
255.0,
255.0,
255.0,
255.0,
255.0,
255.0,
255.0,
255.0,
255.0,
255.0,
255.0,
255.0,
255.0,
255.0,
255.0,
255.0,
255.0,
255.0,
255.0,
255.0,
255.0,
255.0,
255.0,
255.0,
255.0,
255.0,
254.0,
254.0,
255.0,
255.0,
254.0,
254.0,
255.0,
255.0,
255.0,
254.0,
255.0,
255.0,
255.0,
255.0,
255.0,
255.0,
255.0,
255.0,
255.0,
255.0,
255.0,
255.0,
254.0,
254.0,
255.0,
255.0,
255.0,
255.0,
255.0,
254.0,
255.0,
255.0,
254.0,
254.0,
255.0,
255.0,
255.0,
254.0,
255.0,
255.0,
255.0,
255.0,
255.0,
255.0,
255.0,
255.0,
255.0,
255.0,
255.0,
255.0,
255.0,
255.0,
255.0,
255.0,
255.0,
255.0,
255.0,
255.0,
255.0,
255.0,
255.0,
255.0,
255.0,
255.0,
255.0,
255.0,
255.0,
255.0,
255.0,
255.0,
255.0,
255.0,
255.0,
255.0,
255.0,
255.0,
255.0,
255.0,
255.0,
255.0,
254.0,
254.0,
254.0,
254.0,
254.0,
255.0,
254.0,
255.0,
255.0,
255.0,
254.0,
254.0,
254.0,
255.0,
255.0,
255.0,
255.0,
255.0,
255.0,
255.0,
255.0,
255.0,
255.0,
255.0,
255.0,
255.0,
255.0,
254.0,
252.0,
251.0,
250.0,
250.0,
251.0,
251.0,
251.0,
252.0,
253.0,
252.0,
251.0,
251.0,
251.0,
252.0,
255.0,
255.0,
255.0,
255.0,
255.0,
253.0,
252.0,
255.0,
255.0,
254.0,
255.0,
248.0,
239.0,
230.0,
213.0,
200.0,
197.0,
198.0,
201.0,
205.0,
209.0,
211.0,
215.0,
214.0,
211.0,
201.0,
208.0,
240.0,
253.0,
255.0,
255.0,
254.0,
253.0,
255.0,
255.0,
254.0,
253.0,
251.0,
237.0,
205.0,
165.0,
131.0,
104.0,
89.0,
83.0,
82.0,
81.0,
86.0,
92.0,
99.0,
100.0,
99.0,
96.0,
89.0,
113.0,
195.0,
247.0,
253.0,
255.0,
255.0,
254.0,
255.0,
253.0,
253.0,
249.0,
223.0,
168.0,
105.0,
59.0,
30.0,
21.0,
19.0,
19.0,
22.0,
20.0,
24.0,
17.0,
22.0,
22.0,
24.0,
21.0,
25.0,
67.0,
174.0,
243.0,
252.0,
255.0,
255.0,
255.0,
253.0,
255.0,
253.0,
220.0,
149.0,
70.0,
23.0,
19.0,
33.0,
59.0,
72.0,
76.0,
78.0,
73.0,
70.0,
67.0,
61.0,
59.0,
60.0,
60.0,
80.0,
127.0,
205.0,
248.0,
254.0,
255.0,
254.0,
255.0,
250.0,
253.0,
227.0,
155.0,
68.0,
20.0,
34.0,
82.0,
131.0,
169.0,
187.0,
194.0,
195.0,
194.0,
189.0,
184.0,
178.0,
176.0,
176.0,
178.0,
192.0,
218.0,
243.0,
254.0,
255.0,
255.0,
255.0,
255.0,
252.0,
237.0,
170.0,
77.0,
19.0,
38.0,
109.0,
185.0,
224.0,
241.0,
248.0,
253.0,
249.0,
251.0,
248.0,
247.0,
250.0,
247.0,
247.0,
249.0,
249.0,
252.0,
252.0,
255.0,
255.0,
254.0,
255.0,
254.0,
246.0,
194.0,
99.0,
27.0,
29.0,
104.0,
190.0,
239.0,
254.0,
254.0,
254.0,
255.0,
253.0,
254.0,
255.0,
255.0,
255.0,
252.0,
252.0,
254.0,
255.0,
254.0,
255.0,
254.0,
255.0,
254.0,
254.0,
253.0,
223.0,
129.0,
38.0,
24.0,
87.0,
180.0,
240.0,
253.0,
254.0,
255.0,
255.0,
255.0,
255.0,
255.0,
255.0,
255.0,
253.0,
255.0,
255.0,
253.0,
255.0,
252.0,
255.0,
254.0,
255.0,
255.0,
253.0,
246.0,
195.0,
79.0,
19.0,
57.0,
158.0,
231.0,
252.0,
255.0,
255.0,
254.0,
255.0,
255.0,
255.0,
255.0,
255.0,
254.0,
255.0,
255.0,
255.0,
255.0,
254.0,
255.0,
255.0,
255.0,
255.0,
255.0,
255.0,
243.0,
168.0,
55.0,
17.0,
88.0,
200.0,
249.0,
255.0,
254.0,
255.0,
255.0,
255.0,
255.0,
255.0,
255.0,
254.0,
255.0,
255.0,
254.0,
253.0,
254.0,
255.0,
255.0,
253.0,
255.0,
255.0,
255.0,
255.0,
243.0,
164.0,
51.0,
17.0,
94.0,
205.0,
247.0,
253.0,
255.0,
255.0,
255.0,
253.0,
254.0,
254.0,
255.0,
255.0,
255.0,
253.0,
255.0,
255.0,
255.0,
255.0,
255.0,
255.0,
255.0,
255.0,
255.0,
255.0,
244.0,
188.0,
76.0,
19.0,
62.0,
160.0,
231.0,
255.0,
255.0,
255.0,
254.0,
255.0,
255.0,
254.0,
253.0,
255.0,
255.0,
254.0,
255.0,
255.0,
253.0,
254.0,
255.0,
255.0,
255.0,
255.0,
255.0,
255.0,
252.0,
220.0,
125.0,
35.0,
22.0,
88.0,
172.0,
221.0,
244.0,
250.0,
253.0,
254.0,
255.0,
255.0,
255.0,
255.0,
252.0,
253.0,
254.0,
251.0,
246.0,
246.0,
251.0,
252.0,
255.0,
255.0,
255.0,
255.0,
254.0,
241.0,
188.0,
90.0,
22.0,
29.0,
78.0,
131.0,
180.0,
207.0,
231.0,
238.0,
241.0,
246.0,
248.0,
248.0,
249.0,
245.0,
238.0,
221.0,
192.0,
179.0,
207.0,
248.0,
254.0,
255.0,
255.0,
255.0,
255.0,
252.0,
235.0,
165.0,
81.0,
31.0,
18.0,
33.0,
64.0,
98.0,
134.0,
157.0,
172.0,
183.0,
187.0,
188.0,
180.0,
167.0,
147.0,
119.0,
82.0,
75.0,
140.0,
226.0,
254.0,
254.0,
255.0,
255.0,
255.0,
253.0,
252.0,
231.0,
177.0,
110.0,
61.0,
31.0,
19.0,
24.0,
31.0,
43.0,
57.0,
65.0,
66.0,
66.0,
60.0,
55.0,
41.0,
26.0,
18.0,
43.0,
129.0,
224.0,
254.0,
254.0,
255.0,
255.0,
255.0,
253.0,
255.0,
254.0,
241.0,
214.0,
167.0,
121.0,
82.0,
57.0,
35.0,
27.0,
23.0,
21.0,
22.0,
21.0,
20.0,
23.0,
29.0,
39.0,
63.0,
114.0,
186.0,
243.0,
255.0,
255.0,
255.0,
255.0,
255.0,
254.0,
254.0,
254.0,
252.0,
251.0,
241.0,
224.0,
197.0,
171.0,
143.0,
121.0,
104.0,
93.0,
90.0,
89.0,
96.0,
106.0,
123.0,
147.0,
178.0,
213.0,
240.0,
253.0,
255.0,
255.0,
255.0,
255.0,
255.0,
255.0,
255.0,
255.0,
253.0,
254.0,
255.0,
250.0,
251.0,
242.0,
233.0,
225.0,
216.0,
210.0,
209.0,
208.0,
212.0,
220.0,
229.0,
235.0,
243.0,
252.0,
255.0,
252.0,
255.0,
255.0,
255.0,
255.0,
254.0,
253.0,
255.0,
255.0,
255.0,
255.0,
255.0,
255.0,
255.0,
255.0,
255.0,
254.0,
251.0,
250.0,
251.0,
251.0,
251.0,
251.0,
252.0,
254.0,
254.0,
255.0,
255.0,
255.0,
255.0,
255.0,
255.0,
255.0,
