254.0,
255.0,
255.0,
254.0,
255.0,
255.0,
255.0,
255.0,
255.0,
252.0,
255.0,
255.0,
254.0,
255.0,
254.0,
255.0,
255.0,
255.0,
255.0,
255.0,
255.0,
255.0,
255.0,
255.0,
255.0,
255.0,
255.0,
255.0,
255.0,
255.0,
251.0,
255.0,
255.0,
255.0,
255.0,
254.0,
254.0,
255.0,
255.0,
252.0,
255.0,
253.0,
255.0,
255.0,
255.0,
255.0,
255.0,
255.0,
255.0,
255.0,
255.0,
255.0,
255.0,
255.0,
255.0,
255.0,
255.0,
255.0,
253.0,
252.0,
255.0,
253.0,
252.0,
255.0,
254.0,
255.0,
254.0,
253.0,
255.0,
251.0,
255.0,
252.0,
255.0,
255.0,
255.0,
255.0,
255.0,
255.0,
255.0,
255.0,
255.0,
255.0,
255.0,
255.0,
255.0,
251.0,
255.0,
0.0,
0.0,
2.0,
0.0,
0.0,
4.0,
250.0,
255.0,
254.0,
253.0,
255.0,
253.0,
255.0,
255.0,
255.0,
255.0,
255.0,
255.0,
255.0,
255.0,
255.0,
255.0,
255.0,
255.0,
255.0,
252.0,
255.0,
254.0,
255.0,
3.0,
0.0,
1.0,
0.0,
4.0,
0.0,
0.0,
89.0,
196.0,
252.0,
255.0,
250.0,
255.0,
255.0,
255.0,
255.0,
255.0,
255.0,
255.0,
255.0,
255.0,
255.0,
255.0,
255.0,
255.0,
252.0,
255.0,
253.0,
0.0,
0.0,
0.0,
2.0,
29.0,
3.0,
0.0,
3.0,
0.0,
0.0,
0.0,
254.0,
255.0,
255.0,
255.0,
255.0,
255.0,
255.0,
255.0,
255.0,
255.0,
255.0,
255.0,
255.0,
255.0,
255.0,
253.0,
255.0,
0.0,
4.0,
255.0,
251.0,
255.0,
254.0,
254.0,
253.0,
54.0,
0.0,
0.0,
3.0,
254.0,
254.0,
255.0,
255.0,
255.0,
255.0,
255.0,
255.0,
255.0,
255.0,
255.0,
255.0,
254.0,
255.0,
255.0,
253.0,
1.0,
0.0,
254.0,
255.0,
254.0,
255.0,
254.0,
255.0,
253.0,
254.0,
255.0,
252.0,
254.0,
254.0,
254.0,
255.0,
255.0,
255.0,
255.0,
255.0,
255.0,
255.0,
255.0,
255.0,
252.0,
255.0,
254.0,
252.0,
3.0,
0.0,
255.0,
255.0,
255.0,
252.0,
255.0,
254.0,
254.0,
255.0,
255.0,
254.0,
255.0,
255.0,
255.0,
255.0,
255.0,
255.0,
255.0,
255.0,
255.0,
255.0,
255.0,
255.0,
253.0,
255.0,
253.0,
232.0,
0.0,
1.0,
252.0,
255.0,
252.0,
255.0,
255.0,
252.0,
255.0,
251.0,
255.0,
255.0,
255.0,
255.0,
255.0,
255.0,
255.0,
255.0,
255.0,
255.0,
255.0,
255.0,
255.0,
255.0,
255.0,
255.0,
254.0,
182.0,
1.0,
0.0,
255.0,
255.0,
255.0,
254.0,
253.0,
255.0,
253.0,
255.0,
253.0,
255.0,
255.0,
255.0,
255.0,
255.0,
255.0,
255.0,
255.0,
255.0,
255.0,
255.0,
255.0,
255.0,
253.0,
251.0,
255.0,
133.0,
0.0,
0.0,
255.0,
253.0,
255.0,
253.0,
188.0,
1.0,
0.0,
244.0,
253.0,
255.0,
255.0,
255.0,
255.0,
255.0,
255.0,
255.0,
255.0,
255.0,
255.0,
255.0,
255.0,
255.0,
255.0,
255.0,
254.0,
85.0,
1.0,
2.0,
251.0,
33.0,
0.0,
0.0,
0.0,
0.0,
1.0,
1.0,
255.0,
254.0,
255.0,
255.0,
255.0,
255.0,
255.0,
255.0,
255.0,
255.0,
255.0,
255.0,
255.0,
255.0,
253.0,
255.0,
255.0,
38.0,
0.0,
3.0,
0.0,
0.0,
0.0,
0.0,
1.0,
4.0,
0.0,
0.0,
0.0,
253.0,
255.0,
255.0,
255.0,
255.0,
255.0,
255.0,
255.0,
255.0,
255.0,
255.0,
255.0,
255.0,
255.0,
255.0,
251.0,
26.0,
2.0,
0.0,
1.0,
0.0,
0.0,
0.0,
0.0,
88.0,
250.0,
253.0,
255.0,
249.0,
255.0,
255.0,
255.0,
255.0,
255.0,
255.0,
255.0,
255.0,
255.0,
255.0,
255.0,
255.0,
255.0,
255.0,
255.0,
20.0,
0.0,
2.0,
2.0,
0.0,
250.0,
255.0,
255.0,
255.0,
254.0,
255.0,
251.0,
255.0,
255.0,
255.0,
255.0,
255.0,
255.0,
255.0,
255.0,
255.0,
255.0,
255.0,
255.0,
255.0,
255.0,
255.0,
255.0,
0.0,
0.0,
0.0,
251.0,
251.0,
255.0,
255.0,
252.0,
255.0,
254.0,
255.0,
255.0,
254.0,
255.0,
255.0,
255.0,
255.0,
255.0,
255.0,
255.0,
255.0,
255.0,
255.0,
255.0,
255.0,
255.0,
255.0,
255.0,
0.0,
1.0,
0.0,
253.0,
254.0,
255.0,
255.0,
255.0,
255.0,
255.0,
255.0,
254.0,
255.0,
255.0,
255.0,
255.0,
255.0,
255.0,
255.0,
255.0,
255.0,
255.0,
255.0,
255.0,
255.0,
255.0,
254.0,
255.0,
0.0,
1.0,
1.0,
255.0,
255.0,
254.0,
254.0,
255.0,
255.0,
251.0,
254.0,
255.0,
252.0,
255.0,
255.0,
255.0,
255.0,
255.0,
255.0,
255.0,
255.0,
255.0,
255.0,
255.0,
255.0,
255.0,
255.0,
254.0,
0.0,
0.0,
0.0,
254.0,
255.0,
255.0,
255.0,
254.0,
255.0,
255.0,
255.0,
253.0,
254.0,
255.0,
255.0,
255.0,
255.0,
255.0,
255.0,
255.0,
255.0,
255.0,
255.0,
255.0,
255.0,
255.0,
255.0,
254.0,
0.0,
0.0,
0.0,
254.0,
255.0,
253.0,
254.0,
255.0,
254.0,
250.0,
255.0,
253.0,
255.0,
255.0,
255.0,
255.0,
255.0,
255.0,
255.0,
255.0,
255.0,
255.0,
255.0,
255.0,
255.0,
255.0,
255.0,
255.0,
0.0,
0.0,
0.0,
254.0,
255.0,
255.0,
255.0,
254.0,
255.0,
254.0,
252.0,
254.0,
255.0,
255.0,
255.0,
255.0,
255.0,
255.0,
255.0,
255.0,
255.0,
255.0,
255.0,
255.0,
255.0,
255.0,
255.0,
255.0,
0.0,
1.0,
1.0,
254.0,
255.0,
255.0,
252.0,
252.0,
252.0,
255.0,
251.0,
255.0,
255.0,
255.0,
255.0,
255.0,
255.0,
255.0,
255.0,
255.0,
255.0,
255.0,
255.0,
255.0,
255.0,
255.0,
254.0,
255.0,
0.0,
0.0,
0.0,
253.0,
254.0,
250.0,
61.0,
2.0,
0.0,
0.0,
2.0,
2.0,
1.0,
255.0,
255.0,
255.0,
255.0,
255.0,
255.0,
255.0,
255.0,
255.0,
255.0,
255.0,
255.0,
255.0,
255.0,
251.0,
0.0,
1.0,
1.0,
0.0,
0.0,
0.0,
2.0,
1.0,
0.0,
0.0,
1.0,
0.0,
0.0,
1.0,
253.0,
255.0,
255.0,
254.0,
255.0,
252.0,
255.0,
255.0,
255.0,
255.0,
255.0,
255.0,
254.0,
255.0,
1.0,
0.0,
0.0,
4.0,
0.0,
4.0,
0.0,
0.0,
1.0,
0.0,
19.0,
26.0,
91.0,
171.0,
234.0,
255.0,
255.0,
255.0,
255.0,
253.0,
255.0,
255.0,
255.0,
255.0,
255.0,
255.0,
255.0,
253.0,
0.0,
3.0,
0.0,
0.0,
2.0,
0.0,
16.0,
250.0,
251.0,
254.0,
255.0,
252.0,
255.0,
253.0,
255.0,
255.0,
254.0,
255.0,
251.0,
255.0,
254.0,
255.0,
255.0,
255.0,
255.0,
255.0,
253.0,
253.0,
253.0,
4.0,
0.0,
3.0,
255.0,
255.0,
255.0,
254.0,
254.0,
255.0,
253.0,
255.0,
254.0,
255.0,
255.0,
254.0,
255.0,
255.0,
255.0,
255.0,
254.0,
255.0,
255.0,
255.0,
255.0,
