255.0,
253.0,
255.0,
255.0,
254.0,
254.0,
254.0,
255.0,
253.0,
255.0,
255.0,
255.0,
254.0,
253.0,
254.0,
254.0,
254.0,
255.0,
255.0,
253.0,
255.0,
255.0,
254.0,
255.0,
255.0,
255.0,
255.0,
255.0,
254.0,
255.0,
255.0,
248.0,
255.0,
255.0,
254.0,
251.0,
255.0,
255.0,
254.0,
250.0,
255.0,
255.0,
255.0,
255.0,
255.0,
253.0,
255.0,
255.0,
253.0,
255.0,
254.0,
252.0,
255.0,
255.0,
255.0,
255.0,
255.0,
255.0,
255.0,
255.0,
2.0,
174.0,
182.0,
181.0,
173.0,
184.0,
174.0,
180.0,
238.0,
253.0,
247.0,
255.0,
254.0,
254.0,
252.0,
253.0,
255.0,
255.0,
252.0,
255.0,
255.0,
255.0,
255.0,
255.0,
255.0,
252.0,
255.0,
253.0,
252.0,
3.0,
0.0,
0.0,
0.0,
0.0,
2.0,
0.0,
0.0,
0.0,
4.0,
0.0,
0.0,
3.0,
210.0,
254.0,
255.0,
250.0,
255.0,
252.0,
255.0,
255.0,
255.0,
255.0,
252.0,
255.0,
253.0,
255.0,
255.0,
0.0,
0.0,
4.0,
1.0,
1.0,
0.0,
0.0,
2.0,
0.0,
0.0,
0.0,
1.0,
0.0,
0.0,
218.0,
254.0,
255.0,
255.0,
253.0,
255.0,
255.0,
255.0,
255.0,
255.0,
254.0,
255.0,
255.0,
254.0,
0.0,
8.0,
248.0,
254.0,
255.0,
253.0,
255.0,
255.0,
254.0,
252.0,
255.0,
255.0,
223.0,
108.0,
6.0,
237.0,
255.0,
255.0,
255.0,
255.0,
255.0,
255.0,
255.0,
255.0,
255.0,
255.0,
255.0,
255.0,
199.0,
0.0,
255.0,
255.0,
255.0,
255.0,
255.0,
255.0,
254.0,
255.0,
255.0,
255.0,
255.0,
253.0,
252.0,
255.0,
254.0,
255.0,
253.0,
255.0,
255.0,
255.0,
255.0,
253.0,
255.0,
255.0,
253.0,
255.0,
255.0,
0.0,
7.0,
255.0,
253.0,
255.0,
254.0,
255.0,
254.0,
255.0,
254.0,
254.0,
255.0,
255.0,
255.0,
255.0,
253.0,
254.0,
255.0,
255.0,
255.0,
255.0,
255.0,
255.0,
252.0,
255.0,
255.0,
254.0,
255.0,
0.0,
1.0,
253.0,
255.0,
254.0,
255.0,
255.0,
255.0,
254.0,
255.0,
255.0,
255.0,
255.0,
255.0,
255.0,
255.0,
255.0,
255.0,
255.0,
255.0,
255.0,
255.0,
253.0,
255.0,
254.0,
254.0,
255.0,
253.0,
1.0,
1.0,
252.0,
255.0,
255.0,
254.0,
255.0,
252.0,
255.0,
255.0,
255.0,
255.0,
255.0,
255.0,
255.0,
255.0,
255.0,
255.0,
255.0,
255.0,
255.0,
255.0,
255.0,
255.0,
255.0,
255.0,
252.0,
255.0,
6.0,
0.0,
255.0,
252.0,
255.0,
255.0,
254.0,
255.0,
255.0,
255.0,
255.0,
255.0,
255.0,
255.0,
255.0,
255.0,
255.0,
255.0,
255.0,
255.0,
255.0,
255.0,
253.0,
255.0,
254.0,
255.0,
255.0,
253.0,
23.0,
3.0,
74.0,
255.0,
255.0,
251.0,
255.0,
255.0,
251.0,
255.0,
255.0,
255.0,
255.0,
255.0,
255.0,
255.0,
255.0,
255.0,
255.0,
255.0,
255.0,
255.0,
255.0,
255.0,
254.0,
255.0,
252.0,
255.0,
250.0,
0.0,
0.0,
255.0,
252.0,
255.0,
255.0,
254.0,
255.0,
255.0,
255.0,
255.0,
255.0,
255.0,
255.0,
255.0,
255.0,
255.0,
255.0,
255.0,
255.0,
255.0,
253.0,
255.0,
254.0,
255.0,
255.0,
251.0,
255.0,
2.0,
2.0,
255.0,
255.0,
255.0,
254.0,
255.0,
255.0,
253.0,
255.0,
255.0,
255.0,
255.0,
255.0,
255.0,
255.0,
255.0,
255.0,
255.0,
255.0,
255.0,
255.0,
255.0,
255.0,
255.0,
253.0,
255.0,
254.0,
0.0,
0.0,
255.0,
254.0,
255.0,
255.0,
250.0,
255.0,
255.0,
255.0,
255.0,
255.0,
255.0,
255.0,
255.0,
255.0,
255.0,
255.0,
255.0,
255.0,
255.0,
254.0,
255.0,
254.0,
253.0,
255.0,
255.0,
253.0,
2.0,
1.0,
254.0,
254.0,
255.0,
254.0,
255.0,
253.0,
255.0,
255.0,
255.0,
255.0,
255.0,
255.0,
255.0,
255.0,
255.0,
255.0,
255.0,
255.0,
255.0,
255.0,
254.0,
255.0,
255.0,
255.0,
255.0,
255.0,
2.0,
0.0,
255.0,
253.0,
254.0,
255.0,
254.0,
252.0,
255.0,
253.0,
255.0,
255.0,
253.0,
255.0,
255.0,
254.0,
255.0,
255.0,
255.0,
255.0,
255.0,
255.0,
254.0,
255.0,
254.0,
255.0,
255.0,
255.0,
1.0,
0.0,
249.0,
255.0,
254.0,
253.0,
255.0,
254.0,
255.0,
255.0,
253.0,
254.0,
254.0,
255.0,
254.0,
255.0,
255.0,
255.0,
255.0,
255.0,
255.0,
255.0,
254.0,
255.0,
254.0,
255.0,
255.0,
255.0,
1.0,
0.0,
2.0,
2.0,
0.0,
3.0,
0.0,
255.0,
255.0,
251.0,
255.0,
255.0,
255.0,
255.0,
254.0,
255.0,
255.0,
255.0,
255.0,
255.0,
255.0,
255.0,
254.0,
255.0,
254.0,
255.0,
255.0,
255.0,
1.0,
0.0,
0.0,
0.0,
1.0,
0.0,
5.0,
0.0,
254.0,
254.0,
255.0,
253.0,
255.0,
251.0,
255.0,
253.0,
254.0,
255.0,
255.0,
255.0,
255.0,
255.0,
254.0,
255.0,
255.0,
255.0,
255.0,
255.0,
0.0,
2.0,
77.0,
253.0,
255.0,
251.0,
255.0,
255.0,
254.0,
255.0,
255.0,
255.0,
254.0,
255.0,
251.0,
255.0,
255.0,
255.0,
255.0,
255.0,
255.0,
255.0,
254.0,
255.0,
255.0,
255.0,
254.0,
254.0,
0.0,
0.0,
29.0,
255.0,
253.0,
255.0,
252.0,
255.0,
255.0,
255.0,
255.0,
254.0,
255.0,
254.0,
255.0,
255.0,
253.0,
255.0,
255.0,
255.0,
255.0,
255.0,
254.0,
255.0,
254.0,
254.0,
254.0,
255.0,
2.0,
1.0,
0.0,
255.0,
255.0,
255.0,
254.0,
253.0,
255.0,
254.0,
254.0,
253.0,
255.0,
255.0,
252.0,
254.0,
254.0,
255.0,
255.0,
255.0,
255.0,
255.0,
254.0,
255.0,
254.0,
254.0,
255.0,
255.0,
6.0,
2.0,
0.0,
255.0,
252.0,
254.0,
255.0,
255.0,
163.0,
92.0,
24.0,
254.0,
252.0,
254.0,
255.0,
255.0,
255.0,
255.0,
255.0,
255.0,
255.0,
255.0,
255.0,
252.0,
255.0,
254.0,
253.0,
255.0,
39.0,
2.0,
0.0,
11.0,
0.0,
2.0,
2.0,
0.0,
0.0,
0.0,
1.0,
0.0,
254.0,
255.0,
255.0,
254.0,
255.0,
255.0,
255.0,
255.0,
255.0,
255.0,
255.0,
255.0,
254.0,
253.0,
255.0,
255.0,
2.0,
0.0,
0.0,
0.0,
0.0,
0.0,
0.0,
0.0,
3.0,
0.0,
1.0,
0.0,
4.0,
248.0,
255.0,
254.0,
254.0,
255.0,
255.0,
255.0,
255.0,
253.0,
251.0,
255.0,
255.0,
255.0,
254.0,
252.0,
255.0,
0.0,
4.0,
2.0,
0.0,
4.0,
0.0,
1.0,
176.0,
255.0,
252.0,
254.0,
253.0,
253.0,
255.0,
251.0,
255.0,
255.0,
255.0,
255.0,
255.0,
255.0,
255.0,
255.0,
254.0,
254.0,
255.0,
255.0,
255.0,
255.0,
0.0,
251.0,
253.0,
253.0,
254.0,
255.0,
255.0,
255.0,
254.0,
254.0,
255.0,
255.0,
255.0,
255.0,
254.0,
255.0,
255.0,
255.0,
255.0,
