255.0,
253.0,
255.0,
255.0,
255.0,
255.0,
252.0,
255.0,
254.0,
255.0,
252.0,
255.0,
254.0,
253.0,
255.0,
255.0,
255.0,
255.0,
255.0,
254.0,
255.0,
253.0,
255.0,
253.0,
255.0,
255.0,
253.0,
255.0,
255.0,
254.0,
255.0,
252.0,
255.0,
251.0,
255.0,
253.0,
254.0,
255.0,
255.0,
254.0,
255.0,
255.0,
254.0,
254.0,
255.0,
252.0,
255.0,
255.0,
254.0,
255.0,
254.0,
255.0,
255.0,
254.0,
254.0,
255.0,
254.0,
255.0,
254.0,
255.0,
254.0,
255.0,
255.0,
255.0,
255.0,
255.0,
253.0,
255.0,
255.0,
252.0,
255.0,
255.0,
253.0,
255.0,
255.0,
254.0,
255.0,
255.0,
251.0,
255.0,
252.0,
255.0,
255.0,
251.0,
255.0,
255.0,
253.0,
255.0,
255.0,
255.0,
251.0,
255.0,
246.0,
255.0,
254.0,
253.0,
254.0,
255.0,
255.0,
254.0,
255.0,
254.0,
255.0,
255.0,
255.0,
249.0,
255.0,
255.0,
255.0,
255.0,
255.0,
255.0,
253.0,
255.0,
254.0,
254.0,
253.0,
255.0,
255.0,
246.0,
255.0,
255.0,
255.0,
255.0,
252.0,
255.0,
251.0,
255.0,
255.0,
250.0,
206.0,
173.0,
173.0,
196.0,
255.0,
255.0,
255.0,
252.0,
255.0,
255.0,
255.0,
255.0,
253.0,
255.0,
255.0,
253.0,
252.0,
1.0,
0.0,
0.0,
0.0,
4.0,
1.0,
0.0,
0.0,
0.0,
1.0,
0.0,
1.0,
0.0,
0.0,
0.0,
0.0,
1.0,
157.0,
253.0,
255.0,
255.0,
255.0,
253.0,
255.0,
253.0,
255.0,
6.0,
0.0,
0.0,
5.0,
0.0,
0.0,
0.0,
0.0,
0.0,
4.0,
0.0,
0.0,
11.0,
242.0,
253.0,
255.0,
255.0,
252.0,
255.0,
255.0,
255.0,
252.0,
254.0,
255.0,
254.0,
255.0,
255.0,
253.0,
253.0,
1.0,
0.0,
106.0,
15.0,
17.0,
73.0,
185.0,
253.0,
253.0,
255.0,
254.0,
254.0,
255.0,
253.0,
255.0,
254.0,
254.0,
255.0,
255.0,
254.0,
255.0,
255.0,
255.0,
252.0,
254.0,
255.0,
253.0,
144.0,
0.0,
0.0,
54.0,
255.0,
255.0,
255.0,
255.0,
255.0,
254.0,
254.0,
255.0,
255.0,
255.0,
255.0,
255.0,
255.0,
255.0,
255.0,
255.0,
255.0,
255.0,
255.0,
253.0,
255.0,
255.0,
251.0,
255.0,
30.0,
0.0,
0.0,
31.0,
251.0,
253.0,
254.0,
255.0,
255.0,
255.0,
255.0,
255.0,
255.0,
255.0,
255.0,
255.0,
255.0,
255.0,
255.0,
255.0,
255.0,
255.0,
255.0,
255.0,
253.0,
255.0,
255.0,
253.0,
207.0,
1.0,
1.0,
16.0,
254.0,
255.0,
255.0,
255.0,
254.0,
255.0,
253.0,
255.0,
255.0,
255.0,
255.0,
255.0,
255.0,
255.0,
255.0,
255.0,
255.0,
255.0,
255.0,
255.0,
255.0,
254.0,
255.0,
252.0,
255.0,
0.0,
1.0,
4.0,
254.0,
255.0,
255.0,
254.0,
253.0,
255.0,
255.0,
255.0,
255.0,
255.0,
255.0,
255.0,
255.0,
255.0,
255.0,
255.0,
255.0,
255.0,
255.0,
255.0,
248.0,
255.0,
253.0,
255.0,
255.0,
2.0,
0.0,
0.0,
254.0,
253.0,
254.0,
255.0,
254.0,
255.0,
255.0,
255.0,
255.0,
255.0,
255.0,
255.0,
255.0,
255.0,
255.0,
255.0,
255.0,
255.0,
255.0,
253.0,
255.0,
252.0,
255.0,
252.0,
252.0,
1.0,
2.0,
3.0,
255.0,
255.0,
255.0,
255.0,
255.0,
254.0,
254.0,
255.0,
255.0,
255.0,
255.0,
255.0,
255.0,
255.0,
255.0,
255.0,
255.0,
255.0,
255.0,
255.0,
255.0,
255.0,
252.0,
255.0,
255.0,
0.0,
1.0,
0.0,
253.0,
254.0,
255.0,
254.0,
255.0,
254.0,
254.0,
255.0,
255.0,
255.0,
255.0,
255.0,
255.0,
255.0,
255.0,
255.0,
255.0,
255.0,
255.0,
255.0,
254.0,
255.0,
255.0,
255.0,
254.0,
2.0,
0.0,
2.0,
255.0,
255.0,
255.0,
253.0,
255.0,
254.0,
255.0,
255.0,
255.0,
255.0,
255.0,
255.0,
255.0,
255.0,
255.0,
255.0,
255.0,
255.0,
255.0,
255.0,
255.0,
255.0,
255.0,
255.0,
255.0,
0.0,
0.0,
0.0,
255.0,
254.0,
255.0,
254.0,
255.0,
255.0,
255.0,
255.0,
254.0,
255.0,
254.0,
254.0,
254.0,
255.0,
254.0,
255.0,
255.0,
255.0,
255.0,
255.0,
255.0,
255.0,
255.0,
255.0,
255.0,
0.0,
0.0,
3.0,
0.0,
7.0,
14.0,
149.0,
239.0,
255.0,
251.0,
254.0,
255.0,
255.0,
252.0,
255.0,
254.0,
251.0,
255.0,
255.0,
255.0,
255.0,
255.0,
255.0,
255.0,
255.0,
255.0,
255.0,
255.0,
0.0,
0.0,
2.0,
3.0,
0.0,
3.0,
0.0,
2.0,
2.0,
2.0,
2.0,
0.0,
0.0,
5.0,
237.0,
255.0,
255.0,
253.0,
255.0,
255.0,
255.0,
255.0,
255.0,
255.0,
255.0,
255.0,
255.0,
255.0,
0.0,
0.0,
3.0,
252.0,
251.0,
231.0,
219.0,
217.0,
234.0,
253.0,
251.0,
255.0,
255.0,
253.0,
252.0,
254.0,
255.0,
254.0,
255.0,
255.0,
255.0,
255.0,
255.0,
255.0,
255.0,
255.0,
255.0,
255.0,
0.0,
0.0,
0.0,
255.0,
255.0,
255.0,
254.0,
255.0,
255.0,
254.0,
254.0,
255.0,
255.0,
255.0,
255.0,
252.0,
254.0,
255.0,
255.0,
255.0,
255.0,
255.0,
255.0,
255.0,
255.0,
255.0,
255.0,
255.0,
0.0,
0.0,
1.0,
255.0,
248.0,
253.0,
255.0,
255.0,
255.0,
255.0,
254.0,
254.0,
255.0,
255.0,
255.0,
255.0,
253.0,
255.0,
255.0,
255.0,
255.0,
255.0,
255.0,
255.0,
255.0,
255.0,
255.0,
255.0,
0.0,
0.0,
1.0,
0.0,
6.0,
1.0,
0.0,
0.0,
0.0,
1.0,
0.0,
2.0,
0.0,
0.0,
21.0,
148.0,
212.0,
255.0,
255.0,
255.0,
255.0,
255.0,
255.0,
255.0,
255.0,
255.0,
255.0,
255.0,
0.0,
0.0,
0.0,
2.0,
0.0,
0.0,
0.0,
2.0,
0.0,
0.0,
1.0,
0.0,
1.0,
1.0,
0.0,
3.0,
17.0,
148.0,
255.0,
255.0,
255.0,
255.0,
255.0,
255.0,
255.0,
254.0,
255.0,
254.0,
0.0,
0.0,
247.0,
84.0,
33.0,
19.0,
56.0,
119.0,
151.0,
254.0,
255.0,
255.0,
255.0,
255.0,
255.0,
255.0,
255.0,
255.0,
255.0,
255.0,
255.0,
255.0,
255.0,
254.0,
255.0,
255.0,
255.0,
254.0,
5.0,
3.0,
255.0,
253.0,
255.0,
255.0,
254.0,
252.0,
255.0,
254.0,
255.0,
255.0,
255.0,
255.0,
255.0,
255.0,
255.0,
255.0,
255.0,
255.0,
255.0,
255.0,
255.0,
255.0,
252.0,
255.0,
255.0,
255.0,
252.0,
247.0,
254.0,
254.0,
253.0,
255.0,
255.0,
255.0,
255.0,
254.0,
255.0,
255.0,
255.0,
255.0,
255.0,
255.0,
255.0,
255.0,
255.0,
255.0,
255.0,
255.0,
255.0,
254.0,
255.0,
255.0,
254.0,
255.0,
255.0,
255.0,
254.0,
255.0,
255.0,
253.0,
252.0,
255.0,
254.0,
254.0,
255.0,
255.0,
255.0,
255.0,
255.0,
255.0,
255.0,
255.0,
255.0,
255.0,
255.0,
255.0,
