255.0,
255.0,
254.0,
254.0,
255.0,
255.0,
255.0,
254.0,
255.0,
255.0,
255.0,
255.0,
255.0,
254.0,
254.0,
255.0,
255.0,
254.0,
255.0,
255.0,
255.0,
254.0,
255.0,
254.0,
255.0,
255.0,
255.0,
255.0,
252.0,
255.0,
255.0,
253.0,
255.0,
252.0,
251.0,
255.0,
255.0,
254.0,
253.0,
254.0,
255.0,
255.0,
255.0,
254.0,
255.0,
255.0,
254.0,
254.0,
255.0,
255.0,
255.0,
255.0,
255.0,
255.0,
255.0,
255.0,
255.0,
255.0,
255.0,
254.0,
255.0,
253.0,
252.0,
253.0,
255.0,
255.0,
255.0,
255.0,
255.0,
255.0,
255.0,
255.0,
251.0,
252.0,
254.0,
255.0,
255.0,
255.0,
255.0,
253.0,
255.0,
255.0,
255.0,
255.0,
255.0,
254.0,
255.0,
255.0,
239.0,
204.0,
197.0,
204.0,
216.0,
227.0,
237.0,
239.0,
240.0,
241.0,
241.0,
239.0,
237.0,
235.0,
244.0,
254.0,
251.0,
254.0,
255.0,
255.0,
255.0,
255.0,
255.0,
255.0,
255.0,
255.0,
253.0,
241.0,
171.0,
82.0,
61.0,
77.0,
101.0,
115.0,
131.0,
141.0,
145.0,
147.0,
145.0,
142.0,
126.0,
129.0,
177.0,
241.0,
255.0,
255.0,
255.0,
254.0,
255.0,
255.0,
255.0,
255.0,
253.0,
255.0,
254.0,
217.0,
99.0,
16.0,
7.0,
9.0,
14.0,
17.0,
22.0,
27.0,
30.0,
31.0,
29.0,
27.0,
24.0,
33.0,
113.0,
221.0,
254.0,
255.0,
254.0,
255.0,
255.0,
255.0,
255.0,
255.0,
255.0,
255.0,
255.0,
203.0,
66.0,
10.0,
30.0,
56.0,
53.0,
44.0,
34.0,
28.0,
26.0,
24.0,
24.0,
27.0,
36.0,
59.0,
136.0,
229.0,
255.0,
255.0,
253.0,
254.0,
255.0,
255.0,
255.0,
255.0,
255.0,
253.0,
253.0,
209.0,
76.0,
14.0,
54.0,
151.0,
176.0,
164.0,
151.0,
143.0,
137.0,
133.0,
135.0,
141.0,
154.0,
180.0,
220.0,
253.0,
250.0,
255.0,
255.0,
255.0,
255.0,
255.0,
255.0,
255.0,
254.0,
255.0,
251.0,
216.0,
87.0,
12.0,
61.0,
186.0,
244.0,
243.0,
242.0,
240.0,
238.0,
240.0,
234.0,
240.0,
243.0,
247.0,
251.0,
254.0,
255.0,
255.0,
255.0,
255.0,
255.0,
255.0,
255.0,
255.0,
255.0,
255.0,
252.0,
220.0,
99.0,
16.0,
53.0,
182.0,
248.0,
255.0,
255.0,
255.0,
253.0,
255.0,
252.0,
255.0,
253.0,
254.0,
255.0,
255.0,
255.0,
255.0,
255.0,
255.0,
255.0,
255.0,
255.0,
255.0,
255.0,
255.0,
254.0,
225.0,
105.0,
16.0,
46.0,
175.0,
246.0,
255.0,
253.0,
253.0,
255.0,
255.0,
255.0,
255.0,
255.0,
255.0,
255.0,
255.0,
254.0,
255.0,
255.0,
255.0,
255.0,
255.0,
255.0,
255.0,
255.0,
252.0,
255.0,
230.0,
110.0,
19.0,
45.0,
169.0,
247.0,
255.0,
255.0,
255.0,
253.0,
253.0,
255.0,
255.0,
254.0,
254.0,
255.0,
254.0,
255.0,
255.0,
255.0,
255.0,
255.0,
255.0,
255.0,
255.0,
255.0,
253.0,
254.0,
232.0,
120.0,
19.0,
38.0,
162.0,
246.0,
253.0,
253.0,
255.0,
255.0,
255.0,
255.0,
252.0,
255.0,
255.0,
255.0,
255.0,
255.0,
255.0,
255.0,
254.0,
255.0,
255.0,
255.0,
255.0,
255.0,
255.0,
253.0,
232.0,
127.0,
19.0,
35.0,
160.0,
243.0,
250.0,
249.0,
248.0,
239.0,
236.0,
242.0,
255.0,
255.0,
255.0,
255.0,
255.0,
254.0,
255.0,
255.0,
255.0,
255.0,
255.0,
255.0,
255.0,
252.0,
255.0,
254.0,
233.0,
126.0,
21.0,
31.0,
126.0,
205.0,
211.0,
200.0,
180.0,
153.0,
137.0,
167.0,
233.0,
253.0,
254.0,
255.0,
254.0,
254.0,
255.0,
255.0,
255.0,
255.0,
255.0,
255.0,
255.0,
255.0,
254.0,
254.0,
232.0,
115.0,
12.0,
7.0,
54.0,
87.0,
83.0,
63.0,
48.0,
35.0,
29.0,
87.0,
201.0,
252.0,
254.0,
255.0,
255.0,
255.0,
255.0,
254.0,
254.0,
255.0,
255.0,
255.0,
255.0,
255.0,
255.0,
255.0,
235.0,
109.0,
8.0,
2.0,
7.0,
14.0,
12.0,
14.0,
15.0,
21.0,
38.0,
105.0,
210.0,
252.0,
254.0,
255.0,
254.0,
254.0,
255.0,
255.0,
253.0,
255.0,
255.0,
255.0,
255.0,
255.0,
255.0,
255.0,
237.0,
119.0,
15.0,
11.0,
35.0,
51.0,
63.0,
79.0,
94.0,
122.0,
158.0,
200.0,
247.0,
254.0,
255.0,
255.0,
255.0,
254.0,
252.0,
255.0,
255.0,
255.0,
255.0,
255.0,
255.0,
255.0,
251.0,
254.0,
240.0,
138.0,
25.0,
26.0,
103.0,
178.0,
190.0,
206.0,
218.0,
231.0,
243.0,
250.0,
251.0,
255.0,
254.0,
253.0,
254.0,
255.0,
255.0,
255.0,
254.0,
255.0,
255.0,
255.0,
255.0,
254.0,
255.0,
255.0,
237.0,
139.0,
26.0,
28.0,
143.0,
237.0,
246.0,
252.0,
255.0,
254.0,
251.0,
255.0,
255.0,
255.0,
254.0,
255.0,
255.0,
253.0,
254.0,
253.0,
255.0,
255.0,
255.0,
255.0,
255.0,
255.0,
255.0,
255.0,
238.0,
126.0,
22.0,
24.0,
134.0,
229.0,
247.0,
250.0,
247.0,
246.0,
244.0,
245.0,
240.0,
234.0,
227.0,
227.0,
234.0,
239.0,
252.0,
254.0,
255.0,
255.0,
255.0,
255.0,
255.0,
255.0,
254.0,
252.0,
224.0,
89.0,
9.0,
13.0,
75.0,
144.0,
167.0,
172.0,
171.0,
173.0,
168.0,
155.0,
140.0,
124.0,
116.0,
111.0,
118.0,
151.0,
219.0,
251.0,
253.0,
255.0,
255.0,
255.0,
255.0,
254.0,
255.0,
254.0,
207.0,
61.0,
1.0,
3.0,
13.0,
33.0,
42.0,
44.0,
44.0,
46.0,
41.0,
33.0,
28.0,
20.0,
21.0,
18.0,
19.0,
61.0,
172.0,
242.0,
255.0,
255.0,
255.0,
255.0,
255.0,
254.0,
255.0,
252.0,
221.0,
86.0,
15.0,
16.0,
24.0,
22.0,
19.0,
17.0,
17.0,
18.0,
18.0,
21.0,
27.0,
36.0,
37.0,
42.0,
47.0,
82.0,
184.0,
246.0,
255.0,
255.0,
255.0,
255.0,
255.0,
253.0,
255.0,
254.0,
241.0,
181.0,
112.0,
112.0,
135.0,
127.0,
118.0,
110.0,
109.0,
111.0,
116.0,
127.0,
138.0,
158.0,
168.0,
170.0,
172.0,
195.0,
232.0,
254.0,
255.0,
255.0,
255.0,
255.0,
255.0,
255.0,
255.0,
253.0,
254.0,
244.0,
229.0,
233.0,
235.0,
234.0,
229.0,
225.0,
226.0,
227.0,
228.0,
233.0,
239.0,
243.0,
246.0,
247.0,
246.0,
249.0,
255.0,
255.0,
252.0,
255.0,
255.0,
255.0,
255.0,
254.0,
255.0,
255.0,
255.0,
255.0,
254.0,
255.0,
255.0,
255.0,
254.0,
254.0,
255.0,
255.0,
254.0,
254.0,
255.0,
255.0,
254.0,
254.0,
255.0,
255.0,
254.0,
254.0,
255.0,
255.0,
255.0,
255.0,
255.0,
255.0,
252.0,
254.0,
255.0,
255.0,
254.0,
253.0,
255.0,
255.0,
255.0,
255.0,
255.0,
255.0,
255.0,
255.0,
255.0,
255.0,
255.0,
255.0,
255.0,
255.0,
255.0,
255.0,
255.0,
255.0,
255.0,
255.0,
255.0,
