255.0,
255.0,
254.0,
255.0,
255.0,
254.0,
254.0,
255.0,
255.0,
254.0,
255.0,
252.0,
255.0,
255.0,
252.0,
255.0,
255.0,
254.0,
255.0,
255.0,
254.0,
254.0,
255.0,
255.0,
255.0,
255.0,
255.0,
254.0,
253.0,
253.0,
255.0,
255.0,
255.0,
255.0,
254.0,
255.0,
255.0,
255.0,
253.0,
255.0,
255.0,
255.0,
255.0,
255.0,
255.0,
255.0,
253.0,
254.0,
255.0,
254.0,
252.0,
255.0,
253.0,
254.0,
255.0,
255.0,
255.0,
252.0,
253.0,
255.0,
255.0,
255.0,
253.0,
255.0,
204.0,
186.0,
172.0,
151.0,
137.0,
108.0,
78.0,
39.0,
16.0,
5.0,
1.0,
2.0,
0.0,
0.0,
1.0,
0.0,
251.0,
253.0,
255.0,
255.0,
253.0,
255.0,
255.0,
255.0,
254.0,
253.0,
255.0,
3.0,
0.0,
0.0,
3.0,
0.0,
0.0,
3.0,
0.0,
3.0,
5.0,
0.0,
0.0,
1.0,
0.0,
0.0,
1.0,
0.0,
251.0,
253.0,
255.0,
255.0,
254.0,
255.0,
254.0,
252.0,
255.0,
255.0,
252.0,
3.0,
0.0,
0.0,
0.0,
10.0,
27.0,
48.0,
86.0,
119.0,
162.0,
183.0,
200.0,
221.0,
249.0,
255.0,
254.0,
255.0,
253.0,
255.0,
255.0,
255.0,
255.0,
250.0,
255.0,
253.0,
255.0,
254.0,
254.0,
2.0,
0.0,
255.0,
254.0,
255.0,
255.0,
252.0,
253.0,
255.0,
252.0,
255.0,
255.0,
251.0,
255.0,
255.0,
251.0,
254.0,
254.0,
255.0,
255.0,
255.0,
255.0,
255.0,
251.0,
255.0,
254.0,
255.0,
255.0,
0.0,
0.0,
253.0,
255.0,
255.0,
255.0,
255.0,
255.0,
255.0,
255.0,
253.0,
255.0,
255.0,
253.0,
255.0,
255.0,
255.0,
255.0,
255.0,
255.0,
255.0,
254.0,
255.0,
255.0,
254.0,
254.0,
255.0,
255.0,
0.0,
1.0,
254.0,
254.0,
255.0,
253.0,
253.0,
255.0,
255.0,
255.0,
253.0,
255.0,
255.0,
254.0,
254.0,
255.0,
254.0,
255.0,
255.0,
255.0,
255.0,
254.0,
255.0,
255.0,
254.0,
254.0,
254.0,
255.0,
0.0,
0.0,
255.0,
254.0,
255.0,
255.0,
255.0,
253.0,
255.0,
251.0,
154.0,
251.0,
255.0,
255.0,
255.0,
255.0,
255.0,
255.0,
255.0,
255.0,
255.0,
255.0,
255.0,
255.0,
255.0,
255.0,
255.0,
252.0,
0.0,
3.0,
249.0,
255.0,
255.0,
253.0,
253.0,
45.0,
0.0,
0.0,
1.0,
6.0,
253.0,
255.0,
253.0,
255.0,
255.0,
255.0,
255.0,
255.0,
255.0,
255.0,
255.0,
255.0,
254.0,
255.0,
254.0,
255.0,
1.0,
0.0,
255.0,
237.0,
1.0,
0.0,
1.0,
0.0,
1.0,
0.0,
2.0,
247.0,
255.0,
255.0,
252.0,
255.0,
254.0,
255.0,
255.0,
255.0,
255.0,
254.0,
255.0,
255.0,
255.0,
254.0,
252.0,
255.0,
2.0,
2.0,
0.0,
0.0,
0.0,
4.0,
0.0,
16.0,
250.0,
254.0,
255.0,
255.0,
255.0,
255.0,
255.0,
252.0,
255.0,
255.0,
255.0,
255.0,
255.0,
255.0,
255.0,
254.0,
255.0,
254.0,
255.0,
253.0,
0.0,
0.0,
2.0,
1.0,
118.0,
252.0,
255.0,
255.0,
254.0,
253.0,
253.0,
255.0,
254.0,
255.0,
253.0,
255.0,
250.0,
255.0,
255.0,
255.0,
255.0,
255.0,
254.0,
255.0,
255.0,
255.0,
254.0,
244.0,
0.0,
4.0,
251.0,
255.0,
255.0,
255.0,
255.0,
253.0,
255.0,
255.0,
254.0,
255.0,
255.0,
253.0,
254.0,
254.0,
255.0,
255.0,
255.0,
255.0,
255.0,
255.0,
255.0,
255.0,
253.0,
255.0,
253.0,
149.0,
0.0,
31.0,
255.0,
253.0,
255.0,
254.0,
254.0,
253.0,
255.0,
253.0,
255.0,
254.0,
253.0,
255.0,
255.0,
254.0,
254.0,
255.0,
255.0,
255.0,
255.0,
253.0,
255.0,
255.0,
255.0,
255.0,
255.0,
8.0,
1.0,
93.0,
255.0,
255.0,
255.0,
253.0,
255.0,
254.0,
254.0,
255.0,
252.0,
255.0,
255.0,
254.0,
253.0,
255.0,
254.0,
255.0,
255.0,
255.0,
255.0,
254.0,
255.0,
255.0,
255.0,
255.0,
255.0,
6.0,
0.0,
210.0,
252.0,
255.0,
253.0,
255.0,
254.0,
255.0,
254.0,
255.0,
255.0,
255.0,
255.0,
255.0,
255.0,
255.0,
255.0,
255.0,
255.0,
255.0,
255.0,
255.0,
254.0,
254.0,
253.0,
255.0,
255.0,
2.0,
2.0,
250.0,
255.0,
254.0,
255.0,
255.0,
252.0,
255.0,
255.0,
255.0,
255.0,
255.0,
255.0,
255.0,
255.0,
255.0,
255.0,
255.0,
255.0,
255.0,
255.0,
252.0,
255.0,
252.0,
255.0,
255.0,
252.0,
0.0,
0.0,
255.0,
254.0,
253.0,
255.0,
254.0,
253.0,
255.0,
255.0,
255.0,
255.0,
255.0,
255.0,
255.0,
255.0,
255.0,
255.0,
255.0,
255.0,
255.0,
255.0,
255.0,
253.0,
255.0,
252.0,
253.0,
255.0,
4.0,
0.0,
251.0,
253.0,
255.0,
255.0,
252.0,
255.0,
255.0,
254.0,
255.0,
255.0,
255.0,
255.0,
255.0,
255.0,
255.0,
255.0,
255.0,
255.0,
255.0,
255.0,
255.0,
255.0,
255.0,
255.0,
252.0,
249.0,
0.0,
3.0,
255.0,
255.0,
255.0,
255.0,
255.0,
255.0,
253.0,
255.0,
255.0,
255.0,
255.0,
255.0,
255.0,
255.0,
255.0,
255.0,
255.0,
255.0,
255.0,
255.0,
254.0,
255.0,
255.0,
255.0,
250.0,
34.0,
0.0,
38.0,
255.0,
254.0,
253.0,
253.0,
255.0,
255.0,
252.0,
255.0,
255.0,
255.0,
255.0,
255.0,
255.0,
255.0,
255.0,
255.0,
255.0,
255.0,
255.0,
255.0,
254.0,
255.0,
253.0,
255.0,
254.0,
1.0,
0.0,
253.0,
254.0,
255.0,
255.0,
255.0,
255.0,
255.0,
255.0,
255.0,
255.0,
255.0,
255.0,
255.0,
255.0,
255.0,
255.0,
255.0,
255.0,
255.0,
255.0,
255.0,
255.0,
251.0,
255.0,
255.0,
185.0,
3.0,
1.0,
255.0,
255.0,
254.0,
254.0,
255.0,
254.0,
254.0,
255.0,
254.0,
255.0,
255.0,
255.0,
255.0,
255.0,
255.0,
255.0,
255.0,
255.0,
255.0,
255.0,
255.0,
254.0,
255.0,
255.0,
252.0,
3.0,
2.0,
24.0,
255.0,
255.0,
255.0,
255.0,
255.0,
255.0,
255.0,
255.0,
255.0,
255.0,
255.0,
255.0,
255.0,
255.0,
255.0,
255.0,
255.0,
255.0,
255.0,
255.0,
255.0,
255.0,
254.0,
254.0,
255.0,
0.0,
1.0,
253.0,
253.0,
255.0,
255.0,
255.0,
255.0,
255.0,
255.0,
255.0,
255.0,
255.0,
255.0,
255.0,
255.0,
255.0,
255.0,
255.0,
255.0,
255.0,
255.0,
255.0,
255.0,
254.0,
255.0,
255.0,
255.0,
253.0,
252.0,
255.0,
255.0,
255.0,
255.0,
255.0,
255.0,
255.0,
255.0,
255.0,
255.0,
255.0,
255.0,
255.0,
255.0,
255.0,
255.0,
255.0,
255.0,
255.0,
255.0,
255.0,
255.0,
253.0,
255.0,
253.0,
252.0,
255.0,
255.0,
252.0,
254.0,
255.0,
255.0,
255.0,
255.0,
255.0,
255.0,
255.0,
255.0,
255.0,
255.0,
255.0,
255.0,
255.0,
255.0,
255.0,
255.0,
255.0,
255.0,
255.0,
255.0,
