255.0,
253.0,
255.0,
255.0,
253.0,
255.0,
255.0,
253.0,
255.0,
255.0,
253.0,
255.0,
255.0,
255.0,
253.0,
255.0,
254.0,
255.0,
255.0,
254.0,
255.0,
255.0,
253.0,
255.0,
255.0,
255.0,
255.0,
255.0,
254.0,
255.0,
255.0,
252.0,
255.0,
255.0,
252.0,
255.0,
255.0,
255.0,
255.0,
255.0,
254.0,
255.0,
255.0,
252.0,
255.0,
252.0,
254.0,
254.0,
255.0,
254.0,
255.0,
253.0,
255.0,
255.0,
255.0,
255.0,
255.0,
255.0,
252.0,
255.0,
255.0,
252.0,
255.0,
253.0,
255.0,
252.0,
255.0,
254.0,
254.0,
253.0,
255.0,
255.0,
253.0,
255.0,
255.0,
255.0,
252.0,
255.0,
254.0,
255.0,
255.0,
255.0,
255.0,
255.0,
255.0,
255.0,
255.0,
255.0,
252.0,
255.0,
255.0,
255.0,
2.0,
252.0,
252.0,
255.0,
254.0,
255.0,
253.0,
255.0,
255.0,
255.0,
254.0,
255.0,
255.0,
250.0,
255.0,
253.0,
255.0,
255.0,
255.0,
255.0,
255.0,
251.0,
255.0,
255.0,
247.0,
254.0,
245.0,
251.0,
0.0,
3.0,
255.0,
230.0,
158.0,
91.0,
56.0,
26.0,
0.0,
0.0,
3.0,
0.0,
2.0,
254.0,
255.0,
255.0,
255.0,
255.0,
255.0,
255.0,
254.0,
255.0,
254.0,
253.0,
255.0,
0.0,
4.0,
2.0,
2.0,
0.0,
0.0,
0.0,
5.0,
0.0,
3.0,
0.0,
3.0,
2.0,
1.0,
0.0,
0.0,
0.0,
255.0,
255.0,
255.0,
255.0,
255.0,
255.0,
255.0,
254.0,
255.0,
255.0,
255.0,
247.0,
0.0,
0.0,
0.0,
5.0,
3.0,
0.0,
0.0,
1.0,
0.0,
2.0,
0.0,
3.0,
0.0,
2.0,
5.0,
2.0,
231.0,
255.0,
255.0,
255.0,
255.0,
255.0,
255.0,
254.0,
255.0,
253.0,
255.0,
255.0,
255.0,
255.0,
32.0,
0.0,
0.0,
252.0,
255.0,
253.0,
255.0,
252.0,
255.0,
255.0,
253.0,
254.0,
254.0,
252.0,
255.0,
254.0,
255.0,
255.0,
255.0,
255.0,
253.0,
255.0,
255.0,
252.0,
255.0,
254.0,
255.0,
254.0,
36.0,
3.0,
0.0,
255.0,
255.0,
254.0,
255.0,
255.0,
255.0,
254.0,
255.0,
255.0,
255.0,
255.0,
254.0,
255.0,
255.0,
255.0,
255.0,
255.0,
255.0,
253.0,
253.0,
255.0,
254.0,
255.0,
254.0,
255.0,
33.0,
0.0,
3.0,
255.0,
254.0,
255.0,
252.0,
255.0,
255.0,
254.0,
255.0,
253.0,
255.0,
253.0,
255.0,
254.0,
255.0,
255.0,
255.0,
255.0,
254.0,
254.0,
255.0,
250.0,
255.0,
255.0,
254.0,
254.0,
18.0,
0.0,
5.0,
254.0,
253.0,
253.0,
255.0,
255.0,
255.0,
255.0,
253.0,
255.0,
252.0,
255.0,
254.0,
255.0,
255.0,
255.0,
255.0,
255.0,
254.0,
255.0,
255.0,
255.0,
255.0,
250.0,
255.0,
255.0,
33.0,
5.0,
0.0,
254.0,
255.0,
254.0,
255.0,
255.0,
254.0,
251.0,
253.0,
255.0,
255.0,
255.0,
255.0,
253.0,
255.0,
255.0,
255.0,
255.0,
255.0,
255.0,
252.0,
251.0,
255.0,
255.0,
255.0,
255.0,
11.0,
0.0,
4.0,
253.0,
252.0,
255.0,
253.0,
157.0,
2.0,
252.0,
255.0,
252.0,
254.0,
255.0,
253.0,
255.0,
255.0,
255.0,
255.0,
255.0,
255.0,
255.0,
254.0,
255.0,
253.0,
254.0,
255.0,
255.0,
33.0,
2.0,
0.0,
106.0,
3.0,
0.0,
1.0,
0.0,
1.0,
0.0,
248.0,
255.0,
255.0,
253.0,
255.0,
255.0,
255.0,
255.0,
255.0,
255.0,
255.0,
251.0,
255.0,
255.0,
254.0,
255.0,
98.0,
1.0,
0.0,
0.0,
5.0,
3.0,
0.0,
3.0,
0.0,
1.0,
0.0,
2.0,
4.0,
253.0,
253.0,
255.0,
255.0,
253.0,
255.0,
255.0,
255.0,
255.0,
253.0,
255.0,
255.0,
229.0,
2.0,
0.0,
0.0,
0.0,
2.0,
0.0,
0.0,
0.0,
0.0,
1.0,
0.0,
12.0,
250.0,
252.0,
254.0,
251.0,
255.0,
255.0,
255.0,
255.0,
255.0,
255.0,
255.0,
255.0,
254.0,
255.0,
251.0,
252.0,
3.0,
0.0,
0.0,
0.0,
1.0,
0.0,
1.0,
220.0,
254.0,
252.0,
255.0,
253.0,
255.0,
255.0,
255.0,
255.0,
255.0,
255.0,
255.0,
255.0,
255.0,
255.0,
255.0,
255.0,
255.0,
250.0,
255.0,
250.0,
251.0,
0.0,
4.0,
220.0,
28.0,
3.0,
0.0,
255.0,
255.0,
255.0,
253.0,
255.0,
255.0,
255.0,
255.0,
255.0,
255.0,
255.0,
255.0,
255.0,
255.0,
255.0,
255.0,
255.0,
255.0,
255.0,
255.0,
255.0,
254.0,
251.0,
255.0,
250.0,
35.0,
0.0,
0.0,
255.0,
253.0,
253.0,
255.0,
255.0,
255.0,
255.0,
255.0,
255.0,
255.0,
255.0,
255.0,
255.0,
255.0,
255.0,
255.0,
255.0,
253.0,
255.0,
254.0,
253.0,
255.0,
252.0,
255.0,
255.0,
29.0,
4.0,
3.0,
253.0,
255.0,
254.0,
255.0,
255.0,
255.0,
255.0,
255.0,
255.0,
255.0,
255.0,
255.0,
255.0,
255.0,
255.0,
255.0,
255.0,
255.0,
255.0,
253.0,
255.0,
255.0,
255.0,
253.0,
255.0,
10.0,
0.0,
0.0,
255.0,
255.0,
255.0,
252.0,
254.0,
255.0,
255.0,
255.0,
255.0,
255.0,
255.0,
255.0,
255.0,
255.0,
255.0,
255.0,
255.0,
254.0,
254.0,
255.0,
252.0,
252.0,
252.0,
255.0,
255.0,
1.0,
0.0,
0.0,
255.0,
253.0,
255.0,
255.0,
255.0,
255.0,
255.0,
255.0,
255.0,
255.0,
255.0,
255.0,
255.0,
255.0,
255.0,
255.0,
255.0,
255.0,
255.0,
253.0,
253.0,
255.0,
255.0,
252.0,
254.0,
2.0,
1.0,
3.0,
254.0,
252.0,
254.0,
255.0,
253.0,
255.0,
255.0,
255.0,
255.0,
255.0,
255.0,
255.0,
255.0,
255.0,
255.0,
255.0,
255.0,
254.0,
254.0,
255.0,
255.0,
251.0,
255.0,
255.0,
255.0,
0.0,
2.0,
0.0,
255.0,
255.0,
255.0,
252.0,
255.0,
255.0,
255.0,
255.0,
255.0,
255.0,
255.0,
255.0,
255.0,
255.0,
255.0,
255.0,
255.0,
255.0,
255.0,
255.0,
255.0,
255.0,
255.0,
254.0,
254.0,
0.0,
2.0,
0.0,
255.0,
255.0,
255.0,
255.0,
255.0,
255.0,
255.0,
255.0,
255.0,
255.0,
255.0,
255.0,
255.0,
255.0,
255.0,
255.0,
255.0,
255.0,
255.0,
255.0,
255.0,
255.0,
255.0,
254.0,
254.0,
2.0,
2.0,
0.0,
255.0,
254.0,
255.0,
255.0,
255.0,
255.0,
255.0,
255.0,
255.0,
255.0,
255.0,
255.0,
255.0,
255.0,
255.0,
255.0,
255.0,
255.0,
255.0,
255.0,
255.0,
255.0,
255.0,
255.0,
254.0,
1.0,
0.0,
145.0,
255.0,
253.0,
253.0,
252.0,
255.0,
255.0,
255.0,
255.0,
255.0,
255.0,
255.0,
255.0,
255.0,
255.0,
255.0,
255.0,
255.0,
255.0,
255.0,
255.0,
255.0,
255.0,
255.0,
255.0,
255.0,
255.0,
0.0,
127.0,
255.0,
255.0,
255.0,
255.0,
255.0,
255.0,
255.0,
255.0,
255.0,
255.0,
255.0,
255.0,
255.0,
255.0,
255.0,
255.0,
255.0,
